start livelink
[-0.106, 0.019, -0.068]
[-0.108, 0.018, -0.07]
[-0.112, 0.017, -0.071]
[-0.115, 0.017, -0.07]
[-0.117, 0.016, -0.067]
[-0.12, 0.016, -0.065]
[-0.106, 0.011, -0.057]
[-0.146, 0.008, -0.044]
[-0.148, 0.008, -0.043]
[-0.15, 0.008, -0.042]
[-0.149, 0.008, -0.041]
[-0.147, 0.007, -0.04]
[-0.144, 0.007, -0.038]
[-0.14, 0.007, -0.038]
[-0.134, 0.008, -0.037]
[-0.126, 0.008, -0.037]
[-0.118, 0.009, -0.037]
[-0.112, 0.01, -0.037]
[-0.106, 0.01, -0.037]
[-0.106, 0.01, -0.037]
[-0.104, 0.011, -0.037]
[-0.102, 0.011, -0.035]
[-0.1, 0.012, -0.034]
[-0.097, 0.013, -0.033]
[-0.095, 0.014, -0.032]
[-0.092, 0.015, -0.032]
[-0.089, 0.015, -0.031]
[-0.087, 0.017, -0.029]
[-0.086, 0.018, -0.026]
[-0.082, 0.023, -0.018]
[-0.082, 0.023, -0.018]
[-0.078, 0.026, -0.013]
[-0.069, 0.034, 0.001]
[-0.069, 0.034, 0.001]
[-0.064, 0.036, 0.007]
[-0.059, 0.037, 0.014]
[-0.059, 0.038, 0.021]
[-0.056, 0.04, 0.029]
[-0.054, 0.042, 0.038]
[-0.052, 0.045, 0.048]
[-0.049, 0.047, 0.056]
[-0.049, 0.049, 0.063]
[-0.049, 0.05, 0.069]
[-0.048, 0.05, 0.074]
[-0.043, 0.051, 0.085]
[-0.043, 0.051, 0.085]
[-0.038, 0.051, 0.088]
[-0.035, 0.051, 0.09]
[-0.028, 0.051, 0.092]
[-0.028, 0.051, 0.092]
[-0.025, 0.052, 0.091]
[-0.021, 0.052, 0.09]
[-0.018, 0.052, 0.088]
[-0.017, 0.052, 0.086]
[-0.015, 0.052, 0.084]
[-0.011, 0.051, 0.081]
[-0.004, 0.049, 0.077]
[0.002, 0.047, 0.072]
[0.006, 0.046, 0.067]
[0.009, 0.044, 0.063]
[0.011, 0.043, 0.059]
[0.015, 0.041, 0.054]
[0.021, 0.039, 0.048]
[0.026, 0.035, 0.039]
[0.032, 0.033, 0.029]
[0.035, 0.031, 0.015]
[0.036, 0.03, 0.001]
[0.037, 0.03, -0.009]
[0.038, 0.03, -0.016]
[0.042, 0.03, -0.023]
[0.045, 0.029, -0.03]
[0.05, 0.028, -0.037]
[0.059, 0.025, -0.049]
[0.059, 0.025, -0.049]
[0.063, 0.023, -0.053]
[0.066, 0.022, -0.058]
[0.069, 0.02, -0.062]
[0.073, 0.018, -0.066]
[0.076, 0.016, -0.069]
[0.081, 0.014, -0.072]
[0.086, 0.012, -0.074]
[0.092, 0.008, -0.077]
[0.092, 0.008, -0.077]
[0.093, 0.005, -0.079]
[0.096, 0.002, -0.08]
[0.099, -0.0, -0.081]
[0.102, -0.002, -0.082]
[0.106, -0.004, -0.082]
[0.11, -0.006, -0.083]
[0.113, -0.007, -0.083]
[0.117, -0.008, -0.082]
[0.126, -0.011, -0.079]
[0.126, -0.011, -0.079]
[0.131, -0.012, -0.075]
[0.134, -0.013, -0.072]
[0.139, -0.014, -0.067]
[0.164, -0.014, -0.061]
[0.164, -0.014, -0.061]
[0.178, -0.012, -0.059]
[0.193, -0.011, -0.057]
[0.204, -0.01, -0.054]
[0.228, -0.008, -0.048]
[0.228, -0.008, -0.048]
[0.239, -0.006, -0.045]
[0.248, -0.005, -0.043]
[0.256, -0.004, -0.041]
[0.264, -0.002, -0.039]
[0.269, -0.001, -0.037]
[0.274, 0.001, -0.034]
[0.279, 0.002, -0.031]
[0.284, 0.003, -0.027]
[0.288, 0.004, -0.023]
[0.293, 0.005, -0.02]
[0.296, 0.006, -0.017]
[0.299, 0.008, -0.015]
[0.302, 0.009, -0.013]
[0.306, 0.01, -0.012]
[0.31, 0.012, -0.01]
[0.316, 0.013, -0.009]
[0.322, 0.015, -0.008]
[0.326, 0.016, -0.006]
[0.329, 0.016, -0.004]
[0.332, 0.017, -0.002]
[0.336, 0.018, -0.001]
[0.341, 0.019, 0.001]
[0.345, 0.02, 0.002]
[0.349, 0.021, 0.003]
[0.351, 0.021, 0.005]
[0.353, 0.022, 0.007]
[0.354, 0.024, 0.009]
[0.354, 0.025, 0.011]
[0.354, 0.027, 0.013]
[0.354, 0.028, 0.016]
[0.354, 0.029, 0.018]
[0.355, 0.031, 0.02]
[0.355, 0.032, 0.021]
[0.356, 0.034, 0.023]
[0.355, 0.035, 0.023]
[0.352, 0.036, 0.024]
[0.349, 0.037, 0.026]
[0.346, 0.038, 0.028]
[0.343, 0.038, 0.03]
[0.341, 0.038, 0.031]
[0.335, 0.039, 0.031]
[0.335, 0.039, 0.031]
[0.329, 0.041, 0.03]
[0.324, 0.042, 0.029]
[0.318, 0.043, 0.027]
[0.313, 0.043, 0.027]
[0.307, 0.044, 0.026]
[0.3, 0.044, 0.025]
[0.294, 0.045, 0.025]
[0.289, 0.045, 0.024]
[0.274, 0.046, 0.023]
[0.274, 0.046, 0.023]
[0.268, 0.046, 0.021]
[0.263, 0.046, 0.021]
[0.252, 0.046, 0.019]
[0.252, 0.046, 0.019]
[0.245, 0.046, 0.017]
[0.238, 0.046, 0.014]
[0.232, 0.046, 0.01]
[0.228, 0.047, 0.006]
[0.224, 0.047, 0.002]
[0.221, 0.048, -0.003]
[0.218, 0.048, -0.008]
[0.215, 0.047, -0.013]
[0.212, 0.047, -0.017]
[0.209, 0.046, -0.021]
[0.207, 0.045, -0.025]
[0.205, 0.044, -0.028]
[0.203, 0.042, -0.03]
[0.201, 0.04, -0.032]
[0.201, 0.038, -0.034]
[0.2, 0.037, -0.035]
[0.199, 0.035, -0.035]
[0.198, 0.03, -0.036]
[0.198, 0.03, -0.036]
[0.198, 0.028, -0.036]
[0.197, 0.026, -0.035]
[0.196, 0.022, -0.035]
[0.196, 0.022, -0.035]
[0.196, 0.02, -0.035]
[0.196, 0.018, -0.035]
[0.195, 0.016, -0.035]
[0.194, 0.014, -0.035]
[0.194, 0.013, -0.036]
[0.194, 0.012, -0.036]
[0.195, 0.011, -0.035]
[0.195, 0.008, -0.033]
[0.195, 0.008, -0.033]
[0.195, 0.007, -0.032]
[0.196, 0.006, -0.031]
[0.196, 0.005, -0.031]
[0.195, 0.005, -0.032]
[0.194, 0.004, -0.033]
[0.192, 0.004, -0.034]
[0.191, 0.004, -0.035]
[0.19, 0.003, -0.036]
[0.189, 0.002, -0.035]
[0.189, 0.001, -0.035]
[0.189, 0.001, -0.034]
[0.188, -0.0, -0.033]
[0.188, -0.001, -0.031]
[0.187, -0.002, -0.03]
[0.186, -0.003, -0.029]
[0.185, -0.003, -0.028]
[0.184, -0.003, -0.026]
[0.182, -0.003, -0.024]
[0.18, -0.003, -0.022]
[0.178, -0.002, -0.019]
[0.177, -0.001, -0.016]
[0.175, -0.001, -0.013]
[0.175, 0.001, -0.009]
[0.174, 0.002, -0.005]
[0.174, 0.003, -0.002]
[0.173, 0.005, 0.001]
[0.173, 0.006, 0.004]
[0.173, 0.007, 0.008]
[0.174, 0.009, 0.013]
[0.174, 0.01, 0.017]
[0.174, 0.012, 0.021]
[0.174, 0.013, 0.024]
[0.174, 0.015, 0.029]
[0.174, 0.016, 0.034]
[0.175, 0.017, 0.04]
[0.177, 0.019, 0.046]
[0.178, 0.02, 0.05]
[0.179, 0.021, 0.053]
[0.18, 0.022, 0.056]
[0.181, 0.023, 0.059]
[0.182, 0.024, 0.062]
[0.183, 0.024, 0.065]
[0.183, 0.025, 0.068]
[0.184, 0.026, 0.071]
[0.185, 0.028, 0.073]
[0.185, 0.03, 0.074]
[0.185, 0.032, 0.076]
[0.184, 0.035, 0.078]
[0.182, 0.037, 0.079]
[0.181, 0.039, 0.08]
[0.181, 0.041, 0.081]
[0.182, 0.043, 0.082]
[0.184, 0.044, 0.082]
[0.185, 0.048, 0.085]
[0.185, 0.048, 0.085]
[0.184, 0.049, 0.087]
[0.181, 0.049, 0.089]
[0.18, 0.049, 0.092]
[0.179, 0.048, 0.095]
[0.178, 0.047, 0.099]
[0.176, 0.047, 0.104]
[0.175, 0.046, 0.108]
[0.171, 0.046, 0.113]
[0.169, 0.046, 0.118]
[0.167, 0.045, 0.122]
[0.167, 0.044, 0.127]
[0.169, 0.043, 0.13]
[0.17, 0.042, 0.134]
[0.17, 0.042, 0.137]
[0.17, 0.041, 0.141]
[0.169, 0.041, 0.144]
[0.169, 0.041, 0.146]
[0.168, 0.041, 0.146]
[0.167, 0.041, 0.146]
[0.168, 0.041, 0.145]
[0.168, 0.041, 0.143]
[0.168, 0.041, 0.139]
[0.169, 0.041, 0.136]
[0.169, 0.041, 0.132]
[0.171, 0.04, 0.129]
[0.173, 0.04, 0.125]
[0.177, 0.039, 0.122]
[0.181, 0.039, 0.118]
[0.184, 0.038, 0.114]
[0.187, 0.037, 0.108]
[0.192, 0.034, 0.083]
[0.192, 0.034, 0.083]
[0.191, 0.033, 0.064]
[0.188, 0.032, 0.046]
[0.187, 0.026, 0.005]
[0.187, 0.026, 0.005]
[0.184, 0.024, -0.011]
[0.183, 0.021, -0.027]
[0.181, 0.018, -0.042]
[0.182, 0.016, -0.056]
[0.181, 0.014, -0.068]
[0.183, 0.012, -0.079]
[0.183, 0.01, -0.095]
[0.183, 0.01, -0.095]
[0.184, 0.009, -0.102]
[0.183, 0.009, -0.11]
[0.182, 0.009, -0.118]
[0.182, 0.009, -0.124]
[0.181, 0.008, -0.129]
[0.181, 0.008, -0.132]
[0.182, 0.007, -0.135]
[0.183, 0.006, -0.138]
[0.183, 0.005, -0.142]
[0.184, 0.005, -0.146]
[0.184, 0.005, -0.15]
[0.185, 0.005, -0.153]
[0.188, 0.004, -0.155]
[0.192, 0.004, -0.157]
[0.193, 0.003, -0.155]
[0.193, 0.003, -0.155]
[0.193, 0.003, -0.156]
[0.188, 0.001, -0.156]
[0.186, -0.001, -0.156]
[0.183, -0.002, -0.156]
[0.18, -0.004, -0.154]
[0.18, -0.005, -0.151]
[0.178, -0.007, -0.147]
[0.177, -0.009, -0.143]
[0.177, -0.011, -0.139]
[0.177, -0.013, -0.135]
[0.178, -0.016, -0.13]
[0.176, -0.019, -0.123]
[0.175, -0.022, -0.115]
[0.173, -0.024, -0.106]
[0.171, -0.027, -0.096]
[0.17, -0.029, -0.088]
[0.171, -0.032, -0.078]
[0.172, -0.034, -0.069]
[0.171, -0.036, -0.048]
[0.171, -0.036, -0.048]
[0.172, -0.035, -0.038]
[0.174, -0.034, -0.027]
[0.178, -0.033, -0.011]
[0.178, -0.033, -0.011]
[0.18, -0.032, -0.004]
[0.182, -0.032, 0.001]
[0.184, -0.03, 0.013]
[0.184, -0.03, 0.013]
[0.184, -0.03, 0.017]
[0.183, -0.028, 0.028]
[0.183, -0.028, 0.028]
[0.182, -0.026, 0.033]
[0.182, -0.025, 0.038]
[0.183, -0.024, 0.043]
[0.186, -0.022, 0.049]
[0.19, -0.021, 0.055]
[0.195, -0.019, 0.064]
[0.198, -0.016, 0.07]
[0.199, -0.01, 0.084]
[0.199, -0.01, 0.084]
[0.198, -0.007, 0.09]
[0.198, -0.003, 0.094]
[0.197, 0.0, 0.097]
[0.198, 0.004, 0.098]
[0.199, 0.007, 0.099]
[0.199, 0.01, 0.102]
[0.198, 0.016, 0.104]
[0.198, 0.016, 0.104]
[0.197, 0.02, 0.104]
[0.195, 0.022, 0.104]
[0.195, 0.027, 0.1]
[0.196, 0.029, 0.098]
[0.196, 0.029, 0.098]
[0.197, 0.033, 0.097]
[0.198, 0.037, 0.097]
[0.199, 0.042, 0.096]
[0.201, 0.047, 0.093]
[0.203, 0.053, 0.089]
[0.207, 0.064, 0.081]
[0.207, 0.064, 0.081]
[0.211, 0.068, 0.075]
[0.218, 0.072, 0.07]
[0.229, 0.076, 0.059]
[0.229, 0.076, 0.059]
[0.233, 0.076, 0.053]
[0.237, 0.076, 0.046]
[0.243, 0.072, 0.034]
[0.243, 0.072, 0.034]
[0.247, 0.069, 0.029]
[0.252, 0.067, 0.024]
[0.267, 0.061, 0.014]
[0.267, 0.061, 0.014]
[0.272, 0.057, 0.007]
[0.275, 0.054, 0.0]
[0.279, 0.045, -0.016]
[0.279, 0.045, -0.016]
[0.293, 0.033, -0.03]
[0.293, 0.033, -0.03]
[0.298, 0.026, -0.038]
[0.303, 0.02, -0.044]
[0.306, 0.013, -0.05]
[0.31, 0.007, -0.055]
[0.311, 0.001, -0.059]
[0.309, -0.004, -0.063]
[0.307, -0.01, -0.067]
[0.305, -0.015, -0.072]
[0.3, -0.021, -0.077]
[0.298, -0.026, -0.082]
[0.297, -0.032, -0.087]
[0.293, -0.036, -0.091]
[0.285, -0.045, -0.096]
[0.285, -0.045, -0.096]
[0.28, -0.049, -0.097]
[0.276, -0.053, -0.095]
[0.272, -0.057, -0.092]
[0.27, -0.061, -0.086]
[0.268, -0.064, -0.079]
[0.267, -0.067, -0.074]
[0.266, -0.069, -0.068]
[0.265, -0.07, -0.06]
[0.263, -0.07, -0.052]
[0.26, -0.07, -0.044]
[0.253, -0.068, -0.032]
[0.253, -0.068, -0.032]
[0.251, -0.068, -0.027]
[0.249, -0.067, -0.02]
[0.246, -0.065, -0.011]
[0.242, -0.063, -0.003]
[0.239, -0.061, 0.004]
[0.236, -0.059, 0.011]
[0.234, -0.056, 0.016]
[0.232, -0.054, 0.02]
[0.23, -0.051, 0.023]
[0.228, -0.047, 0.025]
[0.228, -0.04, 0.025]
[0.228, -0.04, 0.025]
[0.235, -0.037, 0.026]
[0.242, -0.034, 0.028]
[0.246, -0.03, 0.03]
[0.249, -0.026, 0.031]
[0.246, -0.02, 0.034]
[0.239, -0.014, 0.035]
[0.23, -0.007, 0.038]
[0.223, -0.001, 0.04]
[0.219, 0.004, 0.041]
[0.216, 0.008, 0.042]
[0.217, 0.015, 0.042]
[0.217, 0.015, 0.042]
[0.218, 0.019, 0.043]
[0.219, 0.023, 0.043]
[0.218, 0.029, 0.042]
[0.218, 0.029, 0.042]
[0.217, 0.032, 0.04]
[0.217, 0.033, 0.038]
[0.222, 0.034, 0.034]
[0.222, 0.034, 0.034]
[0.224, 0.034, 0.033]
[0.225, 0.034, 0.032]
[0.223, 0.032, 0.029]
[0.223, 0.032, 0.029]
[0.222, 0.031, 0.027]
[0.222, 0.028, 0.025]
[0.22, 0.023, 0.02]
[0.22, 0.023, 0.02]
[0.219, 0.02, 0.016]
[0.216, 0.018, 0.011]
[0.212, 0.015, 0.006]
[0.207, 0.012, 0.0]
[0.201, 0.008, -0.005]
[0.195, 0.005, -0.01]
[0.189, -0.001, -0.019]
[0.189, -0.001, -0.019]
[0.188, -0.003, -0.023]
[0.187, -0.005, -0.027]
[0.186, -0.012, -0.032]
[0.186, -0.012, -0.032]
[0.186, -0.015, -0.033]
[0.185, -0.019, -0.034]
[0.185, -0.027, -0.033]
[0.185, -0.027, -0.033]
[0.188, -0.031, -0.032]
[0.191, -0.035, -0.031]
[0.202, -0.044, -0.026]
[0.202, -0.044, -0.026]
[0.201, -0.048, -0.023]
[0.202, -0.052, -0.019]
[0.205, -0.06, -0.014]
[0.205, -0.06, -0.014]
[0.207, -0.063, -0.012]
[0.207, -0.066, -0.01]
[0.202, -0.07, -0.001]
[0.202, -0.07, -0.001]
[0.202, -0.071, 0.003]
[0.201, -0.073, 0.007]
[0.203, -0.076, 0.013]
[0.203, -0.077, 0.015]
[0.203, -0.077, 0.015]
[0.203, -0.078, 0.017]
[0.197, -0.079, 0.02]
[0.197, -0.079, 0.02]
[0.192, -0.079, 0.021]
[0.185, -0.078, 0.021]
[0.161, -0.076, 0.021]
[0.161, -0.076, 0.021]
[0.149, -0.074, 0.021]
[0.139, -0.072, 0.021]
[0.128, -0.07, 0.018]
[0.128, -0.07, 0.018]
[0.125, -0.069, 0.018]
[0.12, -0.069, 0.017]
[0.115, -0.069, 0.017]
[0.11, -0.068, 0.017]
[0.105, -0.067, 0.017]
[0.102, -0.066, 0.016]
[0.099, -0.065, 0.016]
[0.098, -0.064, 0.016]
[0.097, -0.061, 0.014]
[0.097, -0.061, 0.014]
[0.096, -0.059, 0.014]
[0.094, -0.057, 0.014]
[0.089, -0.054, 0.013]
[0.089, -0.054, 0.013]
[0.084, -0.052, 0.012]
[0.079, -0.051, 0.011]
[0.07, -0.049, 0.012]
[0.07, -0.049, 0.012]
[0.067, -0.048, 0.013]
[0.062, -0.046, 0.013]
[0.058, -0.044, 0.014]
[0.054, -0.042, 0.014]
[0.051, -0.04, 0.015]
[0.049, -0.038, 0.015]
[0.045, -0.036, 0.015]
[0.043, -0.034, 0.015]
[0.043, -0.032, 0.015]
[0.043, -0.03, 0.015]
[0.042, -0.027, 0.016]
[0.042, -0.024, 0.017]
[0.043, -0.021, 0.018]
[0.045, -0.018, 0.019]
[0.048, -0.015, 0.02]
[0.051, -0.012, 0.021]
[0.054, -0.01, 0.022]
[0.058, -0.008, 0.023]
[0.062, -0.005, 0.024]
[0.065, -0.002, 0.025]
[0.067, 0.0, 0.026]
[0.067, 0.004, 0.028]
[0.065, 0.007, 0.03]
[0.063, 0.011, 0.032]
[0.062, 0.014, 0.033]
[0.061, 0.018, 0.033]
[0.061, 0.022, 0.034]
[0.062, 0.025, 0.034]
[0.063, 0.029, 0.034]
[0.065, 0.032, 0.032]
[0.067, 0.035, 0.03]
[0.07, 0.038, 0.027]
[0.071, 0.04, 0.025]
[0.074, 0.042, 0.023]
[0.076, 0.044, 0.021]
[0.078, 0.046, 0.018]
[0.078, 0.048, 0.015]
[0.075, 0.052, 0.008]
[0.075, 0.052, 0.008]
[0.076, 0.054, 0.008]
[0.078, 0.055, 0.007]
[0.085, 0.055, 0.007]
[0.085, 0.055, 0.007]
[0.089, 0.055, 0.005]
[0.093, 0.055, 0.004]
[0.099, 0.054, 0.004]
[0.099, 0.054, 0.004]
[0.102, 0.053, 0.005]
[0.102, 0.052, 0.005]
[0.101, 0.051, 0.005]
[0.099, 0.051, 0.004]
[0.094, 0.05, 0.002]
[0.09, 0.05, 0.0]
[0.085, 0.05, -0.002]
[0.08, 0.051, -0.004]
[0.077, 0.051, -0.007]
[0.075, 0.051, -0.009]
[0.075, 0.05, -0.01]
[0.077, 0.049, -0.009]
[0.078, 0.047, -0.008]
[0.079, 0.046, -0.006]
[0.079, 0.044, -0.006]
[0.076, 0.043, -0.006]
[0.075, 0.042, -0.007]
[0.074, 0.041, -0.007]
[0.072, 0.04, -0.006]
[0.072, 0.039, -0.006]
[0.07, 0.039, -0.007]
[0.069, 0.038, -0.009]
[0.068, 0.039, -0.01]
[0.066, 0.039, -0.011]
[0.062, 0.04, -0.012]
[0.058, 0.041, -0.013]
[0.057, 0.042, -0.014]
[0.058, 0.042, -0.016]
[0.06, 0.042, -0.018]
[0.065, 0.042, -0.019]
[0.069, 0.042, -0.019]
[0.074, 0.042, -0.019]
[0.078, 0.041, -0.018]
[0.083, 0.04, -0.017]
[0.084, 0.038, -0.015]
[0.084, 0.038, -0.015]
[0.083, 0.037, -0.014]
[0.081, 0.036, -0.014]
[0.081, 0.036, -0.013]
[0.081, 0.036, -0.013]
[0.079, 0.037, -0.014]
[0.076, 0.039, -0.015]
[0.073, 0.04, -0.017]
[0.071, 0.041, -0.017]
[0.071, 0.042, -0.018]
[0.071, 0.042, -0.019]
[0.071, 0.041, -0.02]
[0.07, 0.041, -0.022]
[0.07, 0.041, -0.024]
[0.072, 0.04, -0.025]
[0.076, 0.039, -0.024]
[0.082, 0.038, -0.023]
[0.085, 0.037, -0.023]
[0.087, 0.037, -0.023]
[0.085, 0.037, -0.025]
[0.082, 0.037, -0.027]
[0.076, 0.037, -0.028]
[0.076, 0.037, -0.028]
[0.073, 0.037, -0.028]
[0.071, 0.037, -0.028]
[0.07, 0.038, -0.027]
[0.069, 0.038, -0.027]
[0.067, 0.038, -0.028]
[0.065, 0.039, -0.029]
[0.061, 0.04, -0.03]
[0.056, 0.041, -0.032]
