start livelink
[-0.079, 0.025, -0.04]
[-0.079, 0.025, -0.04]
[-0.08, 0.024, -0.041]
[-0.082, 0.024, -0.04]
[-0.084, 0.024, -0.041]
[-0.086, 0.025, -0.042]
[-0.087, 0.026, -0.041]
[-0.069, 0.028, -0.042]
[-0.07, 0.029, -0.039]
[-0.063, 0.033, -0.039]
[-0.057, 0.035, -0.038]
[-0.071, 0.034, -0.038]
[-0.081, 0.031, -0.041]
[-0.088, 0.028, -0.042]
[-0.093, 0.026, -0.043]
[-0.09, 0.026, -0.043]
[-0.085, 0.027, -0.042]
[-0.082, 0.028, -0.042]
[-0.079, 0.029, -0.041]
[-0.078, 0.03, -0.04]
[-0.078, 0.031, -0.039]
[-0.078, 0.031, -0.038]
[-0.076, 0.032, -0.037]
[-0.074, 0.032, -0.036]
[-0.072, 0.033, -0.035]
[-0.068, 0.034, -0.033]
[-0.066, 0.034, -0.032]
[-0.062, 0.035, -0.032]
[-0.055, 0.036, -0.032]
[-0.05, 0.038, -0.031]
[-0.045, 0.039, -0.03]
[-0.043, 0.039, -0.029]
[-0.044, 0.04, -0.028]
[-0.049, 0.039, -0.026]
[-0.049, 0.039, -0.026]
[-0.049, 0.039, -0.024]
[-0.051, 0.038, -0.022]
[-0.052, 0.039, -0.019]
[-0.051, 0.04, -0.017]
[-0.05, 0.041, -0.015]
[-0.047, 0.042, -0.012]
[-0.043, 0.043, -0.01]
[-0.038, 0.043, -0.007]
[-0.03, 0.045, -0.005]
[-0.03, 0.045, -0.005]
[-0.027, 0.046, -0.005]
[-0.026, 0.048, -0.006]
[-0.024, 0.05, -0.005]
[-0.022, 0.052, -0.005]
[-0.019, 0.053, -0.004]
[-0.014, 0.054, -0.001]
[-0.007, 0.055, -0.001]
[0.002, 0.056, 0.001]
[0.008, 0.057, 0.002]
[0.012, 0.059, 0.004]
[0.014, 0.06, 0.006]
[0.015, 0.061, 0.007]
[0.015, 0.061, 0.009]
[0.016, 0.061, 0.01]
[0.017, 0.062, 0.01]
[0.018, 0.063, 0.01]
[0.019, 0.063, 0.01]
[0.02, 0.065, 0.011]
[0.023, 0.066, 0.012]
[0.021, 0.066, 0.014]
[0.026, 0.064, 0.021]
[0.026, 0.064, 0.021]
[0.03, 0.063, 0.023]
[0.036, 0.063, 0.025]
[0.047, 0.064, 0.021]
[0.047, 0.064, 0.021]
[0.054, 0.065, 0.019]
[0.062, 0.065, 0.017]
[0.07, 0.065, 0.015]
[0.077, 0.064, 0.015]
[0.082, 0.062, 0.014]
[0.086, 0.06, 0.014]
[0.091, 0.057, 0.014]
[0.098, 0.055, 0.013]
[0.105, 0.053, 0.012]
[0.111, 0.052, 0.01]
[0.115, 0.051, 0.007]
[0.122, 0.049, 0.003]
[0.132, 0.046, -0.0]
[0.143, 0.043, -0.004]
[0.152, 0.041, -0.007]
[0.159, 0.039, -0.01]
[0.167, 0.033, -0.015]
[0.167, 0.033, -0.015]
[0.171, 0.03, -0.018]
[0.175, 0.026, -0.02]
[0.178, 0.024, -0.022]
[0.18, 0.022, -0.025]
[0.181, 0.019, -0.027]
[0.182, 0.018, -0.029]
[0.182, 0.015, -0.03]
[0.183, 0.013, -0.031]
[0.185, 0.01, -0.033]
[0.187, 0.006, -0.035]
[0.189, 0.003, -0.036]
[0.195, -0.003, -0.037]
[0.195, -0.003, -0.037]
[0.199, -0.006, -0.037]
[0.202, -0.009, -0.037]
[0.204, -0.011, -0.037]
[0.206, -0.014, -0.037]
[0.206, -0.016, -0.038]
[0.207, -0.018, -0.038]
[0.208, -0.02, -0.039]
[0.208, -0.023, -0.04]
[0.207, -0.025, -0.04]
[0.207, -0.027, -0.04]
[0.205, -0.029, -0.04]
[0.203, -0.031, -0.039]
[0.201, -0.032, -0.039]
[0.199, -0.034, -0.038]
[0.196, -0.035, -0.037]
[0.194, -0.036, -0.036]
[0.191, -0.037, -0.035]
[0.189, -0.037, -0.033]
[0.187, -0.038, -0.031]
[0.185, -0.038, -0.028]
[0.185, -0.037, -0.024]
[0.184, -0.037, -0.018]
[0.182, -0.035, -0.007]
[0.182, -0.035, -0.007]
[0.18, -0.033, -0.001]
[0.179, -0.03, 0.006]
[0.178, -0.027, 0.015]
[0.177, -0.024, 0.021]
[0.177, -0.02, 0.028]
[0.177, -0.012, 0.04]
[0.177, -0.012, 0.04]
[0.177, -0.008, 0.046]
[0.177, -0.005, 0.052]
[0.174, -0.001, 0.057]
[0.172, 0.003, 0.061]
[0.17, 0.008, 0.066]
[0.168, 0.014, 0.07]
[0.168, 0.019, 0.075]
[0.167, 0.024, 0.079]
[0.167, 0.029, 0.081]
[0.167, 0.034, 0.084]
[0.167, 0.038, 0.084]
[0.167, 0.042, 0.083]
[0.167, 0.047, 0.081]
[0.166, 0.051, 0.08]
[0.166, 0.056, 0.078]
[0.166, 0.061, 0.078]
[0.167, 0.067, 0.076]
[0.168, 0.071, 0.074]
[0.169, 0.075, 0.072]
[0.171, 0.079, 0.071]
[0.173, 0.082, 0.069]
[0.175, 0.085, 0.069]
[0.179, 0.087, 0.069]
[0.183, 0.09, 0.069]
[0.187, 0.093, 0.07]
[0.19, 0.095, 0.07]
[0.193, 0.098, 0.07]
[0.196, 0.1, 0.07]
[0.198, 0.102, 0.069]
[0.202, 0.105, 0.068]
[0.205, 0.107, 0.067]
[0.208, 0.11, 0.065]
[0.211, 0.112, 0.063]
[0.214, 0.113, 0.061]
[0.217, 0.114, 0.06]
[0.22, 0.115, 0.059]
[0.222, 0.117, 0.059]
[0.223, 0.118, 0.06]
[0.224, 0.12, 0.059]
[0.224, 0.122, 0.059]
[0.224, 0.123, 0.058]
[0.224, 0.124, 0.057]
[0.224, 0.125, 0.056]
[0.224, 0.125, 0.056]
[0.225, 0.126, 0.055]
[0.226, 0.126, 0.054]
[0.227, 0.126, 0.052]
[0.226, 0.126, 0.049]
[0.225, 0.125, 0.045]
[0.224, 0.124, 0.041]
[0.223, 0.123, 0.037]
[0.223, 0.121, 0.035]
[0.221, 0.118, 0.033]
[0.219, 0.116, 0.03]
[0.217, 0.113, 0.028]
[0.215, 0.111, 0.025]
[0.213, 0.108, 0.021]
[0.211, 0.104, 0.016]
[0.208, 0.1, 0.011]
[0.205, 0.096, 0.006]
[0.202, 0.092, 0.001]
[0.198, 0.088, -0.004]
[0.196, 0.083, -0.007]
[0.193, 0.078, -0.009]
[0.189, 0.073, -0.012]
[0.186, 0.069, -0.014]
[0.183, 0.065, -0.018]
[0.181, 0.061, -0.022]
[0.18, 0.057, -0.025]
[0.178, 0.053, -0.029]
[0.176, 0.049, -0.031]
[0.173, 0.045, -0.033]
[0.169, 0.04, -0.036]
[0.167, 0.036, -0.04]
[0.163, 0.033, -0.044]
[0.156, 0.027, -0.052]
[0.156, 0.027, -0.052]
[0.152, 0.025, -0.054]
[0.151, 0.022, -0.056]
[0.148, 0.02, -0.058]
[0.146, 0.018, -0.058]
[0.145, 0.016, -0.059]
[0.144, 0.013, -0.059]
[0.146, 0.01, -0.059]
[0.148, 0.008, -0.057]
[0.15, 0.004, -0.054]
[0.152, 0.0, -0.049]
[0.152, -0.003, -0.045]
[0.149, -0.005, -0.04]
[0.146, -0.007, -0.036]
[0.143, -0.008, -0.033]
[0.141, -0.009, -0.029]
[0.141, -0.009, -0.026]
[0.142, -0.009, -0.023]
[0.141, -0.008, -0.02]
[0.14, -0.007, -0.018]
[0.139, -0.007, -0.017]
[0.137, -0.007, -0.016]
[0.138, -0.006, -0.015]
[0.138, -0.006, -0.014]
[0.139, -0.006, -0.014]
[0.139, -0.005, -0.013]
[0.139, -0.004, -0.013]
[0.139, -0.003, -0.013]
[0.139, -0.002, -0.013]
[0.139, -0.001, -0.013]
[0.14, -0.001, -0.013]
[0.141, 0.0, -0.012]
[0.141, 0.0, -0.012]
[0.142, 0.001, -0.012]
[0.144, 0.002, -0.011]
[0.147, 0.003, -0.009]
[0.15, 0.004, -0.007]
[0.15, 0.005, -0.006]
[0.15, 0.006, -0.006]
[0.151, 0.008, -0.006]
[0.152, 0.01, -0.006]
[0.154, 0.011, -0.006]
[0.157, 0.013, -0.006]
[0.159, 0.015, -0.005]
[0.162, 0.016, -0.004]
[0.164, 0.018, -0.003]
[0.165, 0.02, -0.002]
[0.165, 0.023, 0.001]
[0.165, 0.025, 0.004]
[0.165, 0.028, 0.008]
[0.164, 0.03, 0.013]
[0.162, 0.032, 0.018]
[0.16, 0.033, 0.023]
[0.157, 0.034, 0.027]
[0.156, 0.035, 0.03]
[0.156, 0.036, 0.033]
[0.157, 0.037, 0.037]
[0.159, 0.038, 0.04]
[0.162, 0.039, 0.044]
[0.165, 0.04, 0.049]
[0.169, 0.042, 0.053]
[0.173, 0.043, 0.058]
[0.177, 0.044, 0.062]
[0.179, 0.045, 0.065]
[0.181, 0.046, 0.068]
[0.183, 0.046, 0.071]
[0.184, 0.046, 0.073]
[0.186, 0.046, 0.077]
[0.188, 0.045, 0.079]
[0.189, 0.045, 0.082]
[0.191, 0.045, 0.084]
[0.193, 0.045, 0.085]
[0.193, 0.044, 0.085]
[0.195, 0.044, 0.086]
[0.195, 0.044, 0.087]
[0.195, 0.045, 0.089]
[0.195, 0.045, 0.089]
[0.194, 0.046, 0.089]
[0.193, 0.047, 0.089]
[0.193, 0.047, 0.091]
[0.193, 0.047, 0.092]
[0.192, 0.047, 0.093]
[0.191, 0.048, 0.094]
[0.191, 0.048, 0.094]
[0.191, 0.048, 0.094]
[0.191, 0.048, 0.094]
[0.193, 0.048, 0.094]
[0.195, 0.048, 0.095]
[0.196, 0.048, 0.095]
[0.197, 0.048, 0.094]
[0.197, 0.047, 0.092]
[0.197, 0.047, 0.09]
[0.198, 0.047, 0.088]
[0.2, 0.046, 0.087]
[0.202, 0.046, 0.086]
[0.203, 0.046, 0.084]
[0.203, 0.045, 0.082]
[0.203, 0.045, 0.077]
[0.202, 0.045, 0.074]
[0.202, 0.045, 0.071]
[0.204, 0.043, 0.067]
[0.204, 0.043, 0.067]
[0.208, 0.042, 0.066]
[0.212, 0.042, 0.064]
[0.215, 0.041, 0.062]
[0.219, 0.041, 0.061]
[0.223, 0.041, 0.059]
[0.233, 0.041, 0.055]
[0.233, 0.041, 0.055]
[0.236, 0.042, 0.052]
[0.236, 0.043, 0.05]
[0.234, 0.044, 0.048]
[0.234, 0.044, 0.048]
[0.233, 0.044, 0.048]
[0.231, 0.045, 0.048]
[0.23, 0.045, 0.048]
[0.229, 0.045, 0.048]
[0.228, 0.045, 0.048]
[0.224, 0.045, 0.045]
[0.224, 0.045, 0.045]
[0.222, 0.046, 0.043]
[0.222, 0.046, 0.042]
[0.221, 0.046, 0.041]
[0.222, 0.046, 0.04]
[0.222, 0.047, 0.039]
[0.223, 0.047, 0.038]
[0.226, 0.047, 0.037]
[0.229, 0.046, 0.037]
[0.234, 0.045, 0.035]
[0.236, 0.045, 0.034]
[0.236, 0.044, 0.033]
[0.232, 0.045, 0.031]
[0.227, 0.045, 0.029]
[0.221, 0.045, 0.027]
[0.216, 0.045, 0.025]
[0.209, 0.045, 0.022]
[0.202, 0.044, 0.021]
[0.194, 0.043, 0.021]
[0.186, 0.042, 0.022]
[0.179, 0.041, 0.023]
[0.169, 0.038, 0.023]
[0.161, 0.037, 0.023]
[0.155, 0.035, 0.024]
[0.148, 0.033, 0.026]
[0.14, 0.031, 0.03]
[0.133, 0.029, 0.034]
[0.127, 0.027, 0.037]
[0.122, 0.026, 0.04]
[0.119, 0.024, 0.04]
[0.117, 0.024, 0.04]
[0.113, 0.024, 0.038]
[0.098, 0.026, 0.032]
[0.098, 0.026, 0.032]
[0.088, 0.027, 0.03]
[0.078, 0.028, 0.028]
[0.065, 0.031, 0.023]
[0.065, 0.031, 0.023]
[0.058, 0.031, 0.021]
[0.052, 0.031, 0.019]
[0.043, 0.031, 0.019]
[0.029, 0.031, 0.018]
[0.019, 0.03, 0.017]
[0.01, 0.03, 0.017]
[0.002, 0.029, 0.017]
[-0.002, 0.029, 0.016]
[-0.01, 0.028, 0.016]
[-0.018, 0.029, 0.017]
[-0.027, 0.03, 0.016]
[-0.035, 0.031, 0.015]
[-0.039, 0.032, 0.013]
[-0.043, 0.033, 0.011]
[-0.048, 0.035, 0.009]
[-0.053, 0.036, 0.006]
[-0.06, 0.037, 0.004]
[-0.069, 0.039, 0.001]
[-0.082, 0.04, -0.001]
[-0.082, 0.04, -0.001]
[-0.086, 0.041, -0.001]
[-0.087, 0.041, -0.0]
[-0.087, 0.04, 0.001]
[-0.09, 0.041, 0.002]
[-0.092, 0.041, 0.004]
[-0.096, 0.041, 0.006]
[-0.103, 0.041, 0.007]
[-0.103, 0.041, 0.007]
[-0.104, 0.041, 0.007]
[-0.102, 0.041, 0.007]
[-0.097, 0.041, 0.007]
[-0.09, 0.041, 0.008]
[-0.086, 0.041, 0.009]
[-0.083, 0.042, 0.01]
[-0.079, 0.044, 0.014]
[-0.079, 0.044, 0.014]
[-0.074, 0.046, 0.016]
[-0.065, 0.047, 0.019]
[-0.05, 0.051, 0.024]
[-0.05, 0.051, 0.024]
[-0.044, 0.053, 0.027]
[-0.039, 0.055, 0.032]
[-0.026, 0.059, 0.039]
[-0.026, 0.059, 0.039]
[-0.019, 0.061, 0.042]
[-0.006, 0.063, 0.048]
[-0.001, 0.065, 0.057]
[0.003, 0.068, 0.065]
[0.008, 0.07, 0.072]
[0.009, 0.072, 0.079]
[0.011, 0.075, 0.082]
[0.012, 0.077, 0.084]
[0.011, 0.08, 0.084]
[0.009, 0.083, 0.083]
[0.008, 0.085, 0.083]
[0.008, 0.087, 0.084]
[0.009, 0.089, 0.088]
[0.009, 0.089, 0.088]
[0.012, 0.09, 0.089]
[0.014, 0.091, 0.091]
[0.016, 0.092, 0.093]
[0.018, 0.094, 0.095]
[0.018, 0.095, 0.098]
[0.017, 0.096, 0.1]
[0.016, 0.097, 0.101]
[0.015, 0.097, 0.102]
[0.015, 0.097, 0.101]
[0.017, 0.097, 0.1]
[0.019, 0.096, 0.099]
[0.02, 0.096, 0.098]
[0.021, 0.095, 0.096]
[0.019, 0.094, 0.091]
[0.018, 0.092, 0.085]
[0.016, 0.09, 0.078]
[0.015, 0.088, 0.071]
[0.014, 0.086, 0.065]
[0.012, 0.083, 0.057]
[0.011, 0.08, 0.049]
[0.01, 0.074, 0.033]
[0.01, 0.074, 0.033]
[0.011, 0.071, 0.024]
[0.011, 0.067, 0.017]
[0.013, 0.063, 0.011]
[0.012, 0.059, 0.005]
[0.011, 0.055, -0.001]
[0.01, 0.051, -0.007]
[0.009, 0.043, -0.017]
[0.009, 0.043, -0.017]
[0.009, 0.039, -0.021]
[0.01, 0.036, -0.026]
[0.011, 0.032, -0.03]
[0.011, 0.028, -0.034]
[0.013, 0.024, -0.039]
[0.012, 0.02, -0.044]
[0.011, 0.016, -0.049]
[0.009, 0.011, -0.053]
[0.005, 0.007, -0.056]
[0.003, 0.003, -0.059]
[0.002, 0.0, -0.061]
[0.002, -0.002, -0.064]
[0.004, -0.004, -0.066]
[0.007, -0.006, -0.07]
[0.009, -0.008, -0.073]
[0.016, -0.011, -0.077]
[0.021, -0.013, -0.081]
[0.028, -0.014, -0.082]
[0.032, -0.015, -0.085]
[0.034, -0.016, -0.087]
[0.036, -0.017, -0.089]
[0.039, -0.019, -0.092]
[0.043, -0.02, -0.093]
[0.048, -0.021, -0.095]
[0.053, -0.023, -0.096]
[0.057, -0.024, -0.096]
[0.061, -0.027, -0.094]
[0.061, -0.027, -0.094]
[0.061, -0.028, -0.093]
[0.061, -0.029, -0.092]
[0.06, -0.03, -0.091]
[0.06, -0.032, -0.091]
[0.062, -0.033, -0.09]
[0.064, -0.034, -0.088]
[0.067, -0.035, -0.085]
[0.07, -0.035, -0.083]
[0.071, -0.036, -0.08]
[0.072, -0.036, -0.078]
[0.074, -0.036, -0.076]
[0.075, -0.036, -0.074]
[0.078, -0.035, -0.072]
[0.081, -0.035, -0.07]
[0.083, -0.034, -0.067]
[0.086, -0.034, -0.063]
[0.087, -0.033, -0.059]
[0.088, -0.032, -0.055]
[0.088, -0.031, -0.051]
[0.089, -0.03, -0.048]
[0.089, -0.029, -0.045]
[0.09, -0.028, -0.043]
[0.091, -0.027, -0.04]
[0.093, -0.026, -0.038]
[0.096, -0.025, -0.036]
[0.099, -0.024, -0.035]
[0.103, -0.024, -0.033]
[0.11, -0.023, -0.031]
[0.116, -0.023, -0.027]
[0.124, -0.021, -0.023]
[0.13, -0.02, -0.019]
[0.133, -0.018, -0.016]
[0.138, -0.017, -0.013]
[0.142, -0.015, -0.009]
[0.146, -0.014, -0.003]
[0.148, -0.012, 0.002]
[0.151, -0.01, 0.007]
[0.153, -0.009, 0.01]
[0.156, -0.007, 0.013]
[0.158, -0.006, 0.016]
[0.158, -0.004, 0.019]
[0.159, -0.003, 0.021]
[0.157, -0.001, 0.024]
[0.156, 0.0, 0.026]
[0.154, 0.002, 0.028]
[0.151, 0.004, 0.03]
[0.149, 0.005, 0.031]
[0.148, 0.007, 0.033]
[0.148, 0.008, 0.035]
[0.148, 0.01, 0.038]
[0.147, 0.013, 0.042]
[0.147, 0.015, 0.047]
[0.147, 0.017, 0.052]
[0.147, 0.019, 0.056]
[0.144, 0.021, 0.061]
[0.141, 0.023, 0.065]
[0.138, 0.024, 0.069]
[0.136, 0.025, 0.072]
[0.136, 0.026, 0.075]
[0.136, 0.027, 0.077]
[0.136, 0.028, 0.081]
[0.136, 0.031, 0.088]
[0.136, 0.031, 0.088]
[0.136, 0.032, 0.091]
[0.136, 0.033, 0.093]
[0.134, 0.035, 0.096]
[0.131, 0.037, 0.098]
[0.128, 0.039, 0.099]
[0.124, 0.041, 0.1]
[0.12, 0.042, 0.101]
[0.118, 0.042, 0.101]
[0.115, 0.043, 0.102]
[0.114, 0.044, 0.104]
[0.113, 0.046, 0.107]
[0.112, 0.047, 0.109]
[0.11, 0.049, 0.111]
[0.108, 0.051, 0.112]
[0.105, 0.053, 0.112]
[0.101, 0.055, 0.111]
[0.098, 0.057, 0.109]
[0.096, 0.058, 0.108]
[0.095, 0.061, 0.108]
[0.097, 0.063, 0.105]
[0.1, 0.065, 0.102]
[0.101, 0.067, 0.098]
[0.1, 0.068, 0.093]
[0.098, 0.07, 0.089]
[0.097, 0.071, 0.085]
[0.096, 0.071, 0.08]
[0.095, 0.071, 0.077]
[0.096, 0.071, 0.074]
[0.098, 0.071, 0.071]
[0.099, 0.07, 0.068]
[0.1, 0.07, 0.061]
[0.102, 0.07, 0.054]
[0.103, 0.07, 0.047]
[0.107, 0.069, 0.04]
[0.111, 0.069, 0.035]
[0.113, 0.069, 0.03]
[0.114, 0.069, 0.025]
[0.112, 0.069, 0.016]
[0.112, 0.069, 0.016]
[0.109, 0.068, 0.012]
[0.106, 0.068, 0.008]
[0.098, 0.066, 0.002]
[0.098, 0.066, 0.002]
[0.096, 0.064, -0.002]
[0.093, 0.063, -0.007]
[0.091, 0.062, -0.011]
[0.088, 0.06, -0.014]
[0.085, 0.059, -0.017]
[0.076, 0.055, -0.02]
[0.076, 0.055, -0.02]
[0.071, 0.054, -0.022]
[0.067, 0.052, -0.024]
[0.065, 0.051, -0.027]
[0.063, 0.05, -0.029]
[0.062, 0.049, -0.032]
[0.061, 0.047, -0.033]
[0.058, 0.046, -0.034]
[0.056, 0.045, -0.035]
[0.053, 0.044, -0.036]
[0.052, 0.043, -0.036]
[0.05, 0.042, -0.038]
[0.048, 0.04, -0.039]
[0.047, 0.038, -0.041]
[0.045, 0.036, -0.043]
[0.043, 0.034, -0.046]
[0.041, 0.032, -0.048]
[0.039, 0.03, -0.049]
[0.037, 0.027, -0.049]
[0.038, 0.024, -0.049]
[0.039, 0.022, -0.049]
[0.039, 0.016, -0.052]
[0.039, 0.016, -0.052]
[0.037, 0.012, -0.053]
[0.034, 0.008, -0.054]
[0.031, 0.004, -0.056]
[0.029, -0.0, -0.055]
[0.026, -0.004, -0.054]
[0.026, -0.006, -0.052]
[0.026, -0.009, -0.051]
[0.026, -0.011, -0.053]
[0.029, -0.014, -0.053]
[0.032, -0.02, -0.052]
[0.032, -0.02, -0.052]
[0.035, -0.022, -0.05]
[0.037, -0.023, -0.048]
[0.044, -0.026, -0.046]
[0.044, -0.026, -0.046]
[0.048, -0.028, -0.045]
[0.05, -0.03, -0.044]
[0.052, -0.032, -0.044]
[0.054, -0.034, -0.044]
[0.055, -0.036, -0.044]
[0.056, -0.039, -0.044]
[0.058, -0.041, -0.044]
[0.06, -0.044, -0.043]
[0.064, -0.046, -0.042]
[0.068, -0.048, -0.04]
[0.07, -0.051, -0.039]
[0.071, -0.053, -0.036]
[0.071, -0.055, -0.034]
[0.072, -0.057, -0.031]
[0.072, -0.058, -0.029]
[0.073, -0.06, -0.027]
[0.073, -0.061, -0.025]
[0.073, -0.062, -0.023]
[0.072, -0.064, -0.021]
[0.07, -0.065, -0.02]
[0.067, -0.068, -0.018]
[0.065, -0.071, -0.017]
[0.064, -0.073, -0.015]
[0.064, -0.075, -0.013]
[0.064, -0.076, -0.012]
[0.063, -0.077, -0.01]
[0.063, -0.078, -0.009]
[0.064, -0.079, -0.008]
[0.065, -0.08, -0.006]
[0.066, -0.08, -0.005]
[0.067, -0.081, -0.004]
[0.068, -0.081, -0.004]
[0.068, -0.081, -0.004]
[0.069, -0.081, -0.004]
[0.071, -0.081, -0.004]
[0.071, -0.081, -0.004]
[0.073, -0.082, -0.004]
[0.075, -0.082, -0.004]
[0.078, -0.082, -0.004]
[0.08, -0.083, -0.003]
[0.082, -0.083, -0.003]
[0.083, -0.084, -0.003]
[0.084, -0.084, -0.003]
[0.084, -0.084, -0.002]
[0.085, -0.084, -0.001]
[0.086, -0.084, -0.0]
[0.088, -0.084, 0.001]
[0.089, -0.084, 0.002]
[0.091, -0.083, 0.003]
[0.092, -0.083, 0.003]
[0.094, -0.083, 0.004]
[0.096, -0.083, 0.004]
[0.098, -0.083, 0.005]
[0.1, -0.083, 0.006]
[0.1, -0.083, 0.007]
[0.101, -0.083, 0.008]
[0.102, -0.082, 0.009]
[0.104, -0.082, 0.009]
[0.107, -0.081, 0.009]
[0.109, -0.08, 0.01]
[0.111, -0.08, 0.011]
[0.114, -0.079, 0.012]
[0.116, -0.078, 0.012]
[0.118, -0.078, 0.013]
[0.12, -0.078, 0.013]
[0.121, -0.077, 0.013]
[0.122, -0.077, 0.013]
[0.121, -0.076, 0.013]
[0.12, -0.074, 0.014]
[0.119, -0.073, 0.014]
[0.119, -0.07, 0.014]
[0.119, -0.07, 0.014]
[0.119, -0.069, 0.013]
[0.12, -0.067, 0.013]
[0.119, -0.065, 0.013]
[0.118, -0.064, 0.012]
[0.117, -0.062, 0.012]
[0.116, -0.06, 0.013]
[0.116, -0.059, 0.013]
[0.115, -0.057, 0.013]
[0.114, -0.055, 0.013]
[0.112, -0.052, 0.013]
[0.11, -0.05, 0.013]
[0.11, -0.047, 0.014]
[0.11, -0.044, 0.014]
[0.11, -0.042, 0.013]
[0.11, -0.039, 0.013]
[0.109, -0.036, 0.013]
[0.108, -0.034, 0.013]
[0.105, -0.031, 0.013]
[0.103, -0.029, 0.012]
[0.102, -0.027, 0.012]
[0.101, -0.024, 0.012]
[0.101, -0.021, 0.013]
[0.099, -0.019, 0.013]
[0.098, -0.016, 0.012]
[0.096, -0.014, 0.011]
[0.096, -0.012, 0.011]
[0.096, -0.01, 0.012]
[0.095, -0.008, 0.012]
[0.095, -0.006, 0.013]
[0.094, -0.004, 0.013]
[0.092, -0.002, 0.013]
[0.085, -0.001, 0.014]
[0.076, 0.001, 0.014]
[0.074, 0.003, 0.013]
[0.073, 0.004, 0.014]
[0.074, 0.006, 0.015]
[0.075, 0.008, 0.018]
[0.073, 0.01, 0.021]
[0.07, 0.014, 0.026]
[0.07, 0.014, 0.026]
[0.074, 0.016, 0.028]
[0.079, 0.017, 0.03]
[0.091, 0.021, 0.036]
[0.091, 0.021, 0.036]
[0.095, 0.024, 0.039]
[0.097, 0.026, 0.04]
[0.097, 0.029, 0.041]
[0.098, 0.031, 0.042]
[0.099, 0.034, 0.043]
[0.1, 0.036, 0.044]
[0.106, 0.041, 0.046]
[0.106, 0.041, 0.046]
[0.108, 0.044, 0.048]
[0.108, 0.047, 0.05]
[0.108, 0.047, 0.05]
[0.109, 0.049, 0.051]
[0.109, 0.051, 0.051]
[0.11, 0.054, 0.05]
[0.112, 0.057, 0.049]
[0.115, 0.059, 0.048]
[0.119, 0.061, 0.047]
[0.124, 0.062, 0.047]
[0.13, 0.063, 0.047]
[0.136, 0.064, 0.048]
[0.143, 0.065, 0.049]
[0.148, 0.066, 0.05]
[0.153, 0.067, 0.051]
[0.157, 0.067, 0.053]
[0.162, 0.068, 0.056]
[0.165, 0.069, 0.057]
[0.166, 0.069, 0.058]
[0.168, 0.069, 0.058]
[0.168, 0.069, 0.058]
[0.168, 0.069, 0.057]
[0.168, 0.07, 0.058]
[0.168, 0.07, 0.059]
[0.167, 0.071, 0.061]
[0.166, 0.071, 0.063]
[0.162, 0.071, 0.067]
[0.162, 0.071, 0.067]
[0.161, 0.071, 0.07]
[0.159, 0.071, 0.071]
[0.154, 0.071, 0.074]
[0.154, 0.071, 0.074]
[0.152, 0.071, 0.074]
[0.151, 0.072, 0.074]
[0.149, 0.071, 0.074]
[0.146, 0.071, 0.074]
[0.139, 0.071, 0.072]
[0.131, 0.073, 0.069]
[0.132, 0.074, 0.067]
[0.132, 0.074, 0.067]
[0.137, 0.074, 0.067]
[0.141, 0.075, 0.067]
[0.144, 0.076, 0.069]
[0.146, 0.076, 0.072]
[0.147, 0.077, 0.075]
[0.146, 0.078, 0.078]
[0.143, 0.078, 0.081]
[0.139, 0.078, 0.085]
[0.132, 0.078, 0.09]
[0.122, 0.077, 0.093]
[0.112, 0.076, 0.093]
[0.105, 0.074, 0.092]
[0.102, 0.072, 0.09]
[0.104, 0.071, 0.089]
[0.113, 0.07, 0.089]
[0.121, 0.07, 0.089]
[0.128, 0.069, 0.089]
[0.134, 0.069, 0.087]
[0.138, 0.068, 0.084]
[0.141, 0.067, 0.081]
[0.144, 0.066, 0.079]
[0.145, 0.066, 0.078]
[0.147, 0.064, 0.078]
[0.147, 0.064, 0.078]
[0.148, 0.063, 0.078]
[0.151, 0.063, 0.078]
[0.152, 0.062, 0.077]
[0.153, 0.062, 0.077]
[0.155, 0.061, 0.077]
[0.155, 0.06, 0.077]
[0.158, 0.058, 0.074]
[0.158, 0.058, 0.074]
[0.158, 0.057, 0.073]
[0.155, 0.055, 0.068]
[0.155, 0.055, 0.068]
[0.152, 0.055, 0.065]
[0.148, 0.053, 0.063]
[0.145, 0.052, 0.062]
[0.143, 0.051, 0.061]
[0.142, 0.049, 0.058]
[0.142, 0.046, 0.055]
[0.145, 0.04, 0.05]
[0.145, 0.04, 0.05]
[0.147, 0.037, 0.048]
[0.148, 0.034, 0.047]
[0.145, 0.03, 0.044]
[0.128, 0.022, 0.034]
[0.128, 0.022, 0.034]
[0.118, 0.019, 0.03]
[0.112, 0.016, 0.026]
[0.108, 0.012, 0.023]
[0.106, 0.01, 0.022]
[0.104, 0.007, 0.02]
[0.103, 0.005, 0.02]
[0.103, 0.004, 0.019]
[0.102, 0.003, 0.016]
[0.101, 0.001, 0.013]
[0.098, -0.002, 0.01]
[0.098, -0.002, 0.01]
[0.099, -0.004, 0.011]
[0.101, -0.005, 0.011]
[0.104, -0.006, 0.012]
[0.104, -0.007, 0.011]
[0.103, -0.008, 0.01]
[0.101, -0.01, 0.01]
[0.099, -0.011, 0.008]
[0.099, -0.014, 0.005]
[0.099, -0.014, 0.005]
[0.099, -0.015, 0.004]
[0.1, -0.017, 0.003]
[0.097, -0.018, 0.003]
[0.097, -0.018, 0.003]
[0.096, -0.019, 0.003]
[0.096, -0.019, 0.002]
[0.096, -0.019, 0.002]
[0.096, -0.019, 0.001]
[0.096, -0.019, -0.0]
[0.099, -0.02, -0.002]
[0.099, -0.02, -0.002]
[0.101, -0.021, -0.003]
[0.103, -0.022, -0.003]
[0.104, -0.022, -0.003]
[0.104, -0.023, -0.004]
[0.105, -0.023, -0.005]
[0.106, -0.023, -0.006]
[0.106, -0.024, -0.008]
[0.105, -0.024, -0.009]
[0.105, -0.024, -0.01]
[0.104, -0.023, -0.012]
[0.103, -0.023, -0.013]
[0.101, -0.022, -0.014]
[0.1, -0.022, -0.016]
[0.101, -0.023, -0.016]
[0.101, -0.024, -0.016]
[0.101, -0.025, -0.017]
[0.1, -0.025, -0.018]
[0.101, -0.025, -0.019]
[0.099, -0.025, -0.021]
[0.099, -0.024, -0.023]
[0.099, -0.023, -0.027]
[0.098, -0.022, -0.029]
[0.098, -0.022, -0.031]
[0.097, -0.021, -0.033]
[0.095, -0.022, -0.034]
[0.095, -0.022, -0.034]
[0.098, -0.023, -0.033]
[0.104, -0.026, -0.032]
[0.104, -0.026, -0.032]
[0.105, -0.026, -0.032]
[0.102, -0.026, -0.032]
[0.1, -0.026, -0.032]
[0.1, -0.026, -0.032]
[0.098, -0.026, -0.032]
[0.098, -0.026, -0.032]
[0.096, -0.025, -0.032]
[0.095, -0.024, -0.031]
[0.094, -0.023, -0.031]
[0.091, -0.022, -0.031]
[0.089, -0.021, -0.033]
[0.086, -0.021, -0.034]
