A0
A1
A2
A3
A4
A5
A6
A7
A8
A9
A10
A11
A12
A13
A14
A15
A16
A17
A18
A19
A20
A21
A22
A23
A24
A25
A26
A27
A28
--- [0.87, 0.67, 1.0, 1.0, 0.24, 0.24, 0.05, 0.13, 0.51, 0.54, 0.4, 0.38, 0.0, -0.0, 1.0, 0.21, 0.75, 0.6, 0.49, 0.8, 0.75, 0.46, 0.86, 0.55, 0.43, 0.55, 0.45, 0.0, 0.5, 99, 99, 99]
into servo loop...
start test new
list:  [0.45, 0.45, 0.81, 0.81, 1, 1, 0.16199999999999998, 0.16199999999999998, 0.5, 0.5, 0.34, 0.38, 0.04499999999999987, 0.02999999999999986, 1, 0.23, 0.98, 0.64, 0.28, 0.98, 0.98, 0.28, 0.28, 0.58, 0.44, 0.57, 0.44, 0.03, 0.55, 99, 99, 99]
--- num:  29
list:  [0.37, 0.37, 0.62, 0.62, 1, 1, 0.16199999999999998, 0.16199999999999998, 0.4, 0.4, 0.36, 0.37, 0.10499999999999993, 0.11999999999999994, 1, 0.27, 0.94, 0.66, 0.28, 0.95, 0.93, 0.28, 0.28, 0.62, 0.42, 0.63, 0.41, 0.04, 0.4, 99, 99, 99]
--- num:  29
list:  [0.56, 0.56, 1, 1, 0.98, 0.98, 0.16199999999999998, 0.16199999999999998, 0.55, 0.55, 0.36, 0.37, 0, 0, 1, 0.22, 0.98, 0.63, 0.26, 0.98, 0.98, 0.26, 0.26, 0.51, 0.53, 0.5, 0.54, 0.01, 0.52, 99, 99, 99]
--- num:  29
list:  [0.47, 0.47, 0.87, 0.87, 1, 1, 0.16199999999999998, 0.16199999999999998, 0.52, 0.52, 0.35, 0.37, 0, 0, 1, 0.23, 0.99, 0.64, 0.26, 0.99, 0.99, 0.26, 0.26, 0.55, 0.46, 0.55, 0.46, 0.02, 0.53, 99, 99, 99]
--- num:  29
list:  [0.46, 0.46, 0.84, 0.84, 1, 1, 0.16199999999999998, 0.16199999999999998, 0.5, 0.5, 0.34, 0.38, 0, 0, 1, 0.23, 0.99, 0.64, 0.27, 0.99, 0.99, 0.27, 0.27, 0.55, 0.45, 0.55, 0.46, 0.02, 0.54, 99, 99, 99]
--- num:  29
list:  [0.56, 0.56, 1, 1, 0.98, 0.98, 0.16199999999999998, 0.16199999999999998, 0.37, 0.37, 0.36, 0.36, 0.04499999999999987, 0.04499999999999987, 1, 0.25, 0.97, 0.65, 0.28, 0.97, 0.97, 0.28, 0.28, 0.58, 0.44, 0.58, 0.44, 0.03, 0.55, 99, 99, 99]
--- num:  29
list:  [0.53, 0.53, 1.0, 1.0, 1, 1, 0.16199999999999998, 0.16199999999999998, 0.36, 0.36, 0.36, 0.36, 0.04499999999999987, 0.04499999999999987, 1, 0.24, 0.98, 0.64, 0.27, 0.98, 0.98, 0.27, 0.27, 0.58, 0.43, 0.58, 0.44, 0.02, 0.57, 99, 99, 99]
--- num:  29
list:  [0.53, 0.53, 1.0, 1.0, 1, 1, 0.16199999999999998, 0.16199999999999998, 0.31, 0.31, 0.36, 0.36, 0.05999999999999989, 0.04499999999999987, 1, 0.23, 0.98, 0.64, 0.26, 0.98, 0.98, 0.26, 0.26, 0.59, 0.43, 0.58, 0.44, 0.02, 0.58, 99, 99, 99]
--- num:  29
list:  [0.53, 0.53, 1.0, 1.0, 1, 1, 0.16199999999999998, 0.16199999999999998, 0.28, 0.28, 0.36, 0.36, 0.0749999999999999, 0.04499999999999987, 1, 0.23, 0.98, 0.64, 0.26, 0.98, 0.98, 0.26, 0.26, 0.6, 0.43, 0.58, 0.44, 0.02, 0.58, 99, 99, 99]
--- num:  29
list:  [0.56, 0.56, 1, 1, 0.98, 0.98, 0.16199999999999998, 0.16199999999999998, 0.26, 0.26, 0.36, 0.36, 0.0749999999999999, 0.05999999999999989, 1, 0.24, 0.98, 0.64, 0.26, 0.98, 0.98, 0.26, 0.26, 0.6, 0.43, 0.59, 0.43, 0.02, 0.58, 99, 99, 99]
--- num:  29
list:  [0.57, 0.57, 1, 1, 0.97, 0.97, 0.16199999999999998, 0.16199999999999998, 0.24, 0.24, 0.36, 0.37, 0.08999999999999991, 0.0749999999999999, 1, 0.26, 0.97, 0.66, 0.28, 0.97, 0.97, 0.28, 0.28, 0.61, 0.42, 0.6, 0.43, 0.02, 0.58, 99, 99, 99]
--- num:  29
list:  [0.59, 0.59, 1, 1, 0.95, 0.95, 0.26536921739578245, 0.2649215269088745, 0.2, 0.2, 0.36, 0.37, 0.08999999999999991, 0.08999999999999991, 1, 0.31, 0.95, 0.69, 0.29, 0.95, 0.95, 0.29, 0.29, 0.61, 0.42, 0.61, 0.42, 0.04, 0.59, 99, 99, 99]
--- num:  29
list:  [0.57, 0.57, 1, 1, 0.97, 0.97, 0.16199999999999998, 0.16199999999999998, 0.26, 0.26, 0.33, 0.4, 0.08999999999999991, 0.08999999999999991, 1, 0.26, 0.97, 0.66, 0.27, 0.97, 0.97, 0.27, 0.27, 0.61, 0.42, 0.61, 0.42, 0.03, 0.59, 99, 99, 99]
--- num:  29
list:  [0.56, 0.56, 1, 1, 0.98, 0.98, 0.16199999999999998, 0.16199999999999998, 0.27, 0.27, 0.29, 0.43, 0.08999999999999991, 0.08999999999999991, 1, 0.24, 0.98, 0.64, 0.26, 0.98, 0.98, 0.26, 0.26, 0.61, 0.42, 0.61, 0.42, 0.02, 0.6, 99, 99, 99]
--- num:  29
list:  [0.56, 0.56, 1, 1, 0.98, 0.98, 0.16199999999999998, 0.16199999999999998, 0.27, 0.27, 0.27, 0.45, 0.08999999999999991, 0.08999999999999991, 1, 0.24, 0.98, 0.64, 0.26, 0.98, 0.98, 0.26, 0.26, 0.61, 0.42, 0.61, 0.43, 0.02, 0.62, 99, 99, 99]
--- num:  29
list:  [0.58, 0.58, 1, 1, 0.96, 0.96, 0.520324330329895, 0.5175464558601379, 0.17, 0.17, 0.26, 0.47, 0.0749999999999999, 0.0749999999999999, 1, 0.27, 0.975, 0.67, 0.29, 0.97, 0.98, 0.29, 0.29, 0.6, 0.43, 0.6, 0.43, 0.03, 0.64, 99, 99, 99]
--- num:  29
list:  [0.56, 0.56, 1, 1, 0.97, 0.97, 0.16199999999999998, 0.16199999999999998, 0.28, 0.28, 0.19, 0.54, 0.0749999999999999, 0.0749999999999999, 1, 0.25, 0.975, 0.65, 0.26, 0.97, 0.98, 0.26, 0.26, 0.6, 0.43, 0.6, 0.43, 0.03, 0.68, 99, 99, 99]
--- num:  29
list:  [0.51, 0.51, 0.96, 0.96, 1, 1, 0.16199999999999998, 0.16199999999999998, 0.32, 0.32, 0.17, 0.56, 0.0749999999999999, 0.0749999999999999, 1, 0.23, 0.98, 0.64, 0.26, 0.98, 0.98, 0.26, 0.26, 0.6, 0.43, 0.6, 0.43, 0.02, 0.69, 99, 99, 99]
--- num:  29
list:  [0.51, 0.51, 0.95, 0.95, 1, 1, 0.16199999999999998, 0.16199999999999998, 0.34, 0.34, 0.17, 0.55, 0.0749999999999999, 0.05999999999999989, 1, 0.23, 0.985, 0.63, 0.25, 0.98, 0.99, 0.25, 0.25, 0.6, 0.43, 0.59, 0.43, 0.02, 0.69, 99, 99, 99]
--- num:  29
list:  [0.56, 0.56, 1, 1, 0.97, 0.97, 0.8271100926399231, 0.8206335115432739, 0.24, 0.24, 0.24, 0.49, 0.0749999999999999, 0.08999999999999991, 1, 0.27, 0.97, 0.66, 0.29, 0.97, 0.97, 0.29, 0.29, 0.6, 0.43, 0.61, 0.42, 0.03, 0.69, 99, 99, 99]
--- num:  29
list:  [0.56, 0.56, 1, 1, 0.98, 0.98, 0.16199999999999998, 0.16199999999999998, 0.32, 0.32, 0.27, 0.45, 0.0749999999999999, 0.08999999999999991, 1, 0.25, 0.97, 0.65, 0.27, 0.97, 0.97, 0.27, 0.27, 0.6, 0.43, 0.61, 0.42, 0.03, 0.67, 99, 99, 99]
--- num:  29
list:  [0.5, 0.5, 0.93, 0.93, 1, 1, 0.16199999999999998, 0.16199999999999998, 0.35, 0.35, 0.32, 0.4, 0.0749999999999999, 0.08999999999999991, 1, 0.24, 0.98, 0.64, 0.27, 0.98, 0.98, 0.27, 0.27, 0.6, 0.43, 0.61, 0.42, 0.02, 0.63, 99, 99, 99]
--- num:  29
list:  [0.56, 0.56, 1, 1, 0.98, 0.98, 0.16199999999999998, 0.16199999999999998, 0.33, 0.33, 0.35, 0.38, 0.10499999999999993, 0.10499999999999993, 0.75, 0.36, 0.85, 0.73, 0.4, 0.85, 0.85, 0.4, 0.4, 0.62, 0.42, 0.62, 0.42, 0.04, 0.54, 99, 99, 99]
--- num:  29
list:  [0.57, 0.57, 1, 1, 0.97, 0.97, 0.2247697967290878, 0.22482633173465727, 0.28, 0.28, 0.37, 0.35, 0.13499999999999995, 0.14999999999999997, 0.75, 0.44, 0.655, 0.79, 0.48, 0.6599999999999999, 0.65, 0.48, 0.48, 0.64, 0.41, 0.65, 0.41, 0.06, 0.41, 99, 99, 99]
--- num:  29
list:  [0.56, 0.56, 1, 1, 0.97, 0.97, 0.16199999999999998, 0.16199999999999998, 0.32, 0.32, 0.39, 0.33, 0.11999999999999994, 0.13499999999999995, 0.25, 0.47, 0.405, 0.81, 0.56, 0.42000000000000004, 0.39, 0.56, 0.56, 0.63, 0.41, 0.64, 0.41, 0.07, 0.36, 99, 99, 99]
--- num:  29
list:  [0.56, 0.56, 1, 1, 0.98, 0.98, 0.16199999999999998, 0.16199999999999998, 0.33, 0.33, 0.4, 0.33, 0.16499999999999998, 0.18, 0, 0.5, 0.255, 0.84, 0.56, 0.26, 0.25, 0.56, 0.56, 0.66, 0.4, 0.67, 0.4, 0.07, 0.33, 99, 99, 99]
--- num:  29
list:  [0.56, 0.56, 1, 1, 0.98, 0.98, 0.16199999999999998, 0.16199999999999998, 0.33, 0.33, 0.4, 0.32, 0.20999999999999985, 0.23999999999999988, 0, 0.52, 0.25, 0.85, 0.56, 0.25, 0.25, 0.56, 0.56, 0.69, 0.39, 0.71, 0.38, 0.09, 0.29, 99, 99, 99]
--- num:  29
list:  [0.56, 0.56, 1, 1, 0.98, 0.98, 0.16199999999999998, 0.16199999999999998, 0.33, 0.33, 0.38, 0.34, 0.2549999999999999, 0.2849999999999999, 0, 0.55, 0.25, 0.87, 0.56, 0.25, 0.25, 0.56, 0.56, 0.72, 0.37, 0.74, 0.37, 0.1, 0.27, 99, 99, 99]
--- num:  29
list:  [0.55, 0.55, 1, 1, 0.98, 0.98, 0.16199999999999998, 0.16199999999999998, 0.36, 0.36, 0.38, 0.35, 0.31499999999999995, 0.31499999999999995, 0, 0.56, 0.25, 0.89, 0.56, 0.25, 0.25, 0.56, 0.56, 0.76, 0.36, 0.76, 0.35, 0.12, 0.29, 99, 99, 99]
--- num:  29
list:  [0, 0, 0, 0, 1, 1, 0.16199999999999998, 0.16199999999999998, 0.37, 0.37, 0.37, 0.35, 0.31499999999999995, 0.32999999999999996, 0, 0.54, 0.25, 0.87, 0.56, 0.25, 0.25, 0.56, 0.56, 0.76, 0.36, 0.77, 0.35, 0.13, 0.43, 99, 99, 99]
--- num:  29
list:  [0, 0, 0, 0, 1, 1, 0.16199999999999998, 0.16199999999999998, 0.37, 0.37, 0.36, 0.36, 0.2849999999999999, 0.32999999999999996, 0, 0.53, 0.25, 0.86, 0.56, 0.25, 0.25, 0.56, 0.56, 0.74, 0.36, 0.77, 0.35, 0.13, 0.47, 99, 99, 99]
--- num:  29
list:  [0, 0, 0, 0, 1, 1, 0.16199999999999998, 0.16199999999999998, 0.38, 0.38, 0.34, 0.38, 0.2849999999999999, 0.31499999999999995, 0, 0.52, 0.25, 0.86, 0.56, 0.25, 0.25, 0.56, 0.56, 0.74, 0.37, 0.76, 0.36, 0.13, 0.49, 99, 99, 99]
--- num:  29
list:  [0.01, 0.01, 0, 0, 1, 1, 0.16199999999999998, 0.16199999999999998, 0.39, 0.39, 0.32, 0.41, 0.2699999999999999, 0.31499999999999995, 0, 0.51, 0.25, 0.85, 0.56, 0.25, 0.25, 0.56, 0.56, 0.73, 0.37, 0.76, 0.36, 0.13, 0.59, 99, 99, 99]
--- num:  29
list:  [0.01, 0.01, 0, 0, 1, 1, 0.16199999999999998, 0.16199999999999998, 0.39, 0.39, 0.3, 0.42, 0.2699999999999999, 0.29999999999999993, 0, 0.5, 0.25, 0.84, 0.56, 0.25, 0.25, 0.56, 0.56, 0.73, 0.37, 0.75, 0.36, 0.13, 0.67, 99, 99, 99]
--- num:  29
list:  [0, 0, 0, 0, 1, 1, 0.16199999999999998, 0.16199999999999998, 0.4, 0.4, 0.56, 0.17, 0.345, 0.36, 0.25, 0.46, 0.25, 0.8, 0.56, 0.25, 0.25, 0.56, 0.56, 0.78, 0.35, 0.79, 0.34, 0.12, 0.68, 99, 99, 99]
--- num:  29
list:  [0, 0, 0, 0, 1, 1, 0.16199999999999998, 0.16199999999999998, 0.42, 0.42, 0.55, 0.18, 0.345, 0.375, 0.25, 0.44, 0.275, 0.79, 0.56, 0.28, 0.27, 0.56, 0.56, 0.78, 0.35, 0.8, 0.34, 0.12, 0.53, 99, 99, 99]
--- num:  29
list:  [0, 0, 0, 0, 1, 1, 0.16199999999999998, 0.16199999999999998, 0.43, 0.43, 0.48, 0.25, 0.345, 0.36, 0.25, 0.44, 0.28500000000000003, 0.79, 0.56, 0.29, 0.28, 0.56, 0.56, 0.78, 0.35, 0.79, 0.34, 0.12, 0.53, 99, 99, 99]
--- num:  29
list:  [0, 0, 0, 0, 1, 1, 0.16199999999999998, 0.16199999999999998, 0.45, 0.45, 0.42, 0.3, 0.345, 0.345, 0.25, 0.45, 0.28500000000000003, 0.8, 0.56, 0.29, 0.28, 0.56, 0.56, 0.78, 0.35, 0.78, 0.35, 0.13, 0.54, 99, 99, 99]
--- num:  29
list:  [0, 0, 0, 0, 1, 1, 0.16199999999999998, 0.16199999999999998, 0.46, 0.46, 0.33, 0.4, 0.31499999999999995, 0.2849999999999999, 0.25, 0.47, 0.27, 0.81, 0.56, 0.27, 0.27, 0.56, 0.56, 0.76, 0.36, 0.74, 0.37, 0.13, 0.53, 99, 99, 99]
--- num:  29
list:  [0, 0, 0, 0, 1, 1, 0.16199999999999998, 0.16199999999999998, 0.41, 0.41, 0.18, 0.55, 0.2699999999999999, 0.2699999999999999, 0.25, 0.48, 0.27, 0.82, 0.56, 0.27, 0.27, 0.56, 0.56, 0.73, 0.37, 0.73, 0.37, 0.13, 0.49, 99, 99, 99]
--- num:  29
list:  [0.03, 0.03, 0, 0, 1, 1, 0.16199999999999998, 0.16199999999999998, 0.37, 0.37, 0.22, 0.5, 0.2849999999999999, 0.2849999999999999, 0, 0.49, 0.25, 0.83, 0.56, 0.25, 0.25, 0.56, 0.56, 0.74, 0.36, 0.74, 0.36, 0.13, 0.37, 99, 99, 99]
--- num:  29
list:  [0.11, 0.11, 0.03, 0.03, 1, 1, 0.16199999999999998, 0.16199999999999998, 0.42, 0.42, 0.27, 0.45, 0.2849999999999999, 0.29999999999999993, 0, 0.48, 0.25, 0.82, 0.56, 0.25, 0.25, 0.56, 0.56, 0.74, 0.36, 0.75, 0.36, 0.14, 0.3, 99, 99, 99]
--- num:  29
list:  [0.09, 0.09, 0, 0, 1, 1, 0.16199999999999998, 0.16199999999999998, 0.41, 0.41, 0.3, 0.43, 0.2849999999999999, 0.29999999999999993, 0, 0.49, 0.25, 0.83, 0.56, 0.25, 0.25, 0.56, 0.56, 0.74, 0.36, 0.75, 0.36, 0.14, 0.26, 99, 99, 99]
--- num:  29
list:  [0.1, 0.1, 0, 0, 1, 1, 0.16199999999999998, 0.16199999999999998, 0.4, 0.4, 0.31, 0.41, 0.29999999999999993, 0.31499999999999995, 0, 0.49, 0.25, 0.83, 0.56, 0.25, 0.25, 0.56, 0.56, 0.75, 0.36, 0.76, 0.36, 0.14, 0.22, 99, 99, 99]
--- num:  29
list:  [0.04, 0.04, 0, 0, 1, 1, 0.16199999999999998, 0.16199999999999998, 0.4, 0.4, 0.33, 0.4, 0.29999999999999993, 0.31499999999999995, 0, 0.49, 0.25, 0.83, 0.56, 0.25, 0.25, 0.56, 0.56, 0.75, 0.36, 0.76, 0.36, 0.13, 0.2, 99, 99, 99]
--- num:  29
list:  [0.56, 0.56, 1, 1, 0.98, 0.98, 0.3742955434322357, 0.37422276616096495, 0.26, 0.26, 0.35, 0.37, 0.36, 0.375, 0.25, 0.5, 0.25, 0.84, 0.56, 0.25, 0.25, 0.56, 0.56, 0.79, 0.34, 0.8, 0.34, 0.13, 0.16, 99, 99, 99]
--- num:  29
list:  [0.56, 0.56, 1, 1, 0.98, 0.98, 0.16199999999999998, 0.16199999999999998, 0.37, 0.37, 0.38, 0.35, 0.345, 0.345, 0, 0.5, 0.25, 0.84, 0.56, 0.25, 0.25, 0.56, 0.56, 0.78, 0.35, 0.78, 0.35, 0.13, 0.12, 99, 99, 99]
--- num:  29
list:  [0.56, 0.56, 1, 1, 0.98, 0.98, 0.16199999999999998, 0.16199999999999998, 0.38, 0.38, 0.4, 0.32, 0.29999999999999993, 0.29999999999999993, 0, 0.5, 0.25, 0.84, 0.56, 0.25, 0.25, 0.56, 0.56, 0.75, 0.36, 0.75, 0.36, 0.13, 0.09, 99, 99, 99]
--- num:  29
list:  [0.06, 0.06, 0, 0, 1, 1, 0.16199999999999998, 0.16199999999999998, 0.39, 0.39, 0.42, 0.3, 0.2849999999999999, 0.29999999999999993, 0, 0.48, 0.25, 0.83, 0.56, 0.25, 0.25, 0.56, 0.56, 0.74, 0.37, 0.75, 0.36, 0.13, 0.07, 99, 99, 99]
--- num:  29
list:  [0.06, 0.06, 0, 0, 1, 1, 0.16199999999999998, 0.16199999999999998, 0.39, 0.39, 0.43, 0.29, 0.29999999999999993, 0.29999999999999993, 0, 0.48, 0.25, 0.82, 0.56, 0.25, 0.25, 0.56, 0.56, 0.75, 0.36, 0.75, 0.36, 0.13, 0.05, 99, 99, 99]
--- num:  29
list:  [0.07, 0.07, 0, 0, 1, 1, 0.16199999999999998, 0.16199999999999998, 0.39, 0.39, 0.43, 0.29, 0.29999999999999993, 0.29999999999999993, 0, 0.48, 0.25, 0.82, 0.56, 0.25, 0.25, 0.56, 0.56, 0.75, 0.36, 0.75, 0.36, 0.13, 0.03, 99, 99, 99]
--- num:  29
list:  [0.08, 0.08, 0, 0, 1, 1, 0.16199999999999998, 0.16199999999999998, 0.38, 0.38, 0.42, 0.3, 0.31499999999999995, 0.31499999999999995, 0, 0.49, 0.25, 0.83, 0.56, 0.25, 0.25, 0.56, 0.56, 0.76, 0.36, 0.76, 0.36, 0.13, 0.03, 99, 99, 99]
--- num:  29
list:  [0.08, 0.08, 0, 0, 1, 1, 0.16199999999999998, 0.16199999999999998, 0.38, 0.38, 0.41, 0.31, 0.31499999999999995, 0.31499999999999995, 0, 0.49, 0.25, 0.83, 0.56, 0.25, 0.25, 0.56, 0.56, 0.76, 0.36, 0.76, 0.36, 0.13, 0.02, 99, 99, 99]
--- num:  29
list:  [0.09, 0.09, 0, 0, 1, 1, 0.16199999999999998, 0.16199999999999998, 0.38, 0.38, 0.4, 0.32, 0.31499999999999995, 0.31499999999999995, 0, 0.49, 0.25, 0.83, 0.56, 0.25, 0.25, 0.56, 0.56, 0.76, 0.36, 0.76, 0.36, 0.13, 0.02, 99, 99, 99]
--- num:  29
list:  [0.1, 0.1, 0.01, 0.01, 1, 1, 0.16199999999999998, 0.16199999999999998, 0.39, 0.39, 0.38, 0.35, 0.32999999999999996, 0.32999999999999996, 0, 0.5, 0.25, 0.84, 0.56, 0.25, 0.25, 0.56, 0.56, 0.77, 0.35, 0.77, 0.35, 0.13, 0.03, 99, 99, 99]
--- num:  29
list:  [0.06, 0.06, 0, 0, 1, 1, 0.16199999999999998, 0.16199999999999998, 0.4, 0.4, 0.34, 0.38, 0.345, 0.36, 0.25, 0.48, 0.26, 0.82, 0.56, 0.27, 0.25, 0.56, 0.56, 0.78, 0.35, 0.79, 0.35, 0.13, 0.1, 99, 99, 99]
--- num:  29
list:  [0.09, 0.09, 0, 0, 1, 1, 0.16199999999999998, 0.16199999999999998, 0.4, 0.4, 0.32, 0.4, 0.345, 0.36, 0.25, 0.47, 0.265, 0.82, 0.56, 0.28, 0.25, 0.56, 0.56, 0.78, 0.35, 0.79, 0.35, 0.13, 0.14, 99, 99, 99]
--- num:  29
list:  [0.11, 0.11, 0.03, 0.03, 1, 1, 0.16199999999999998, 0.16199999999999998, 0.39, 0.39, 0.3, 0.42, 0.345, 0.36, 0.25, 0.46, 0.28500000000000003, 0.81, 0.56, 0.3, 0.27, 0.56, 0.56, 0.78, 0.35, 0.79, 0.34, 0.13, 0.17, 99, 99, 99]
--- num:  29
list:  [0.56, 0.56, 1, 1, 0.98, 0.98, 0.6308522629737854, 0.6145768570899963, 0.25, 0.25, 0.3, 0.42, 0.345, 0.39, 0.25, 0.44, 0.3, 0.79, 0.56, 0.31, 0.29, 0.56, 0.56, 0.78, 0.35, 0.81, 0.34, 0.13, 0.27, 99, 99, 99]
--- num:  29
list:  [0.56, 0.56, 1, 1, 0.98, 0.98, 0.16199999999999998, 0.16199999999999998, 0.4, 0.4, 0.49, 0.23, 0.32999999999999996, 0.32999999999999996, 0.25, 0.44, 0.33, 0.79, 0.56, 0.33, 0.33, 0.56, 0.56, 0.77, 0.35, 0.77, 0.35, 0.13, 0.3, 99, 99, 99]
--- num:  29
list:  [0.05, 0.05, 0, 0, 1, 1, 0.16199999999999998, 0.16199999999999998, 0.46, 0.46, 0.56, 0.17, 0.31499999999999995, 0.31499999999999995, 0.5, 0.43, 0.375, 0.79, 0.56, 0.38, 0.37, 0.56, 0.56, 0.76, 0.36, 0.76, 0.35, 0.13, 0.33, 99, 99, 99]
--- num:  29
list:  [0.07, 0.07, 0, 0, 1, 1, 0.16199999999999998, 0.16199999999999998, 0.46, 0.46, 0.56, 0.17, 0.31499999999999995, 0.31499999999999995, 0.5, 0.43, 0.375, 0.78, 0.56, 0.38, 0.37, 0.56, 0.56, 0.76, 0.36, 0.76, 0.36, 0.13, 0.34, 99, 99, 99]
--- num:  29
list:  [0.07, 0.07, 0, 0, 1, 1, 0.16199999999999998, 0.16199999999999998, 0.46, 0.46, 0.58, 0.15, 0.31499999999999995, 0.31499999999999995, 0.5, 0.43, 0.37, 0.78, 0.56, 0.37, 0.37, 0.56, 0.56, 0.76, 0.36, 0.76, 0.36, 0.13, 0.35, 99, 99, 99]
--- num:  29
list:  [0, 0, 0, 0, 1, 1, 0.16199999999999998, 0.16199999999999998, 0.48, 0.48, 0.56, 0.17, 0.32999999999999996, 0.31499999999999995, 0.5, 0.43, 0.355, 0.78, 0.56, 0.36, 0.35, 0.56, 0.56, 0.77, 0.35, 0.76, 0.35, 0.13, 0.35, 99, 99, 99]
--- num:  29
list:  [0.56, 0.56, 1, 1, 0.98, 0.98, 0.16199999999999998, 0.16199999999999998, 0.46, 0.46, 0.56, 0.17, 0.345, 0.345, 0.5, 0.43, 0.315, 0.79, 0.56, 0.32, 0.31, 0.56, 0.56, 0.78, 0.35, 0.78, 0.35, 0.12, 0.38, 99, 99, 99]
--- num:  29
list:  [0.66, 0.66, 1, 1, 0.9, 0.9, 0.16199999999999998, 0.16199999999999998, 0.46, 0.46, 0.55, 0.18, 0.36, 0.36, 0.5, 0.44, 0.31, 0.8, 0.56, 0.31, 0.31, 0.56, 0.56, 0.79, 0.34, 0.79, 0.34, 0.12, 0.4, 99, 99, 99]
--- num:  29
list:  [0.69, 0.69, 1, 1, 0.87, 0.87, 0.16199999999999998, 0.16199999999999998, 0.46, 0.46, 0.54, 0.19, 0.36, 0.36, 0.5, 0.47, 0.29, 0.82, 0.56, 0.29, 0.29, 0.56, 0.56, 0.79, 0.34, 0.79, 0.34, 0.12, 0.4, 99, 99, 99]
--- num:  29
list:  [0.66, 0.66, 1, 1, 0.89, 0.89, 0.16199999999999998, 0.16199999999999998, 0.46, 0.46, 0.56, 0.17, 0.39, 0.4199999999999999, 0.5, 0.48, 0.25, 0.82, 0.56, 0.25, 0.25, 0.56, 0.56, 0.81, 0.33, 0.83, 0.33, 0.13, 0.47, 99, 99, 99]
--- num:  29
list:  [0.63, 0.63, 1, 1, 0.92, 0.92, 0.16199999999999998, 0.16199999999999998, 0.46, 0.46, 0.55, 0.18, 0.4349999999999999, 0.4649999999999999, 0.5, 0.46, 0.25, 0.81, 0.56, 0.25, 0.25, 0.56, 0.56, 0.84, 0.32, 0.86, 0.31, 0.14, 0.54, 99, 99, 99]
--- num:  29
list:  [0.63, 0.63, 1, 1, 0.92, 0.92, 0.16199999999999998, 0.16199999999999998, 0.47, 0.47, 0.54, 0.19, 0.4649999999999999, 0.51, 0.5, 0.46, 0.25, 0.81, 0.56, 0.25, 0.25, 0.56, 0.56, 0.86, 0.31, 0.89, 0.3, 0.14, 0.57, 99, 99, 99]
--- num:  29
list:  [0.61, 0.61, 1, 1, 0.94, 0.94, 0.16199999999999998, 0.16199999999999998, 0.47, 0.47, 0.56, 0.16, 0.4799999999999999, 0.5249999999999999, 0.5, 0.46, 0.25, 0.81, 0.56, 0.25, 0.25, 0.56, 0.56, 0.87, 0.31, 0.9, 0.29, 0.13, 0.58, 99, 99, 99]
--- num:  29
list:  [0.56, 0.56, 1, 1, 0.97, 0.97, 0.16199999999999998, 0.16199999999999998, 0.46, 0.46, 0.57, 0.16, 0.51, 0.5549999999999999, 0.25, 0.46, 0.25, 0.81, 0.56, 0.25, 0.25, 0.56, 0.56, 0.89, 0.3, 0.92, 0.28, 0.13, 0.67, 99, 99, 99]
--- num:  29
list:  [0.56, 0.56, 1, 1, 0.98, 0.98, 0.16199999999999998, 0.16199999999999998, 0.45, 0.45, 0.59, 0.14, 0.5700000000000001, 0.5999999999999999, 0.25, 0.46, 0.25, 0.81, 0.56, 0.25, 0.25, 0.56, 0.56, 0.93, 0.28, 0.95, 0.27, 0.13, 0.66, 99, 99, 99]
--- num:  29
list:  [0.55, 0.55, 1, 1, 0.98, 0.98, 0.16199999999999998, 0.16199999999999998, 0.44, 0.44, 0.38, 0.34, 0.5549999999999999, 0.6149999999999999, 0, 0.48, 0.25, 0.82, 0.56, 0.25, 0.25, 0.56, 0.56, 0.92, 0.28, 0.96, 0.27, 0.15, 0.58, 99, 99, 99]
--- num:  29
list:  [0.56, 0.56, 1, 1, 0.98, 0.98, 0.16199999999999998, 0.16199999999999998, 0.41, 0.41, 0.35, 0.37, 0.51, 0.5549999999999999, 0, 0.47, 0.25, 0.81, 0.56, 0.25, 0.25, 0.56, 0.56, 0.89, 0.3, 0.92, 0.28, 0.13, 0.53, 99, 99, 99]
--- num:  29
list:  [0.56, 0.56, 1, 1, 0.98, 0.98, 0.16199999999999998, 0.16199999999999998, 0.41, 0.41, 0.36, 0.37, 0.49499999999999994, 0.5549999999999999, 0, 0.46, 0.25, 0.81, 0.56, 0.25, 0.25, 0.56, 0.56, 0.88, 0.3, 0.92, 0.29, 0.12, 0.5, 99, 99, 99]
--- num:  29
list:  [0.56, 0.56, 1, 1, 0.97, 0.97, 0.16199999999999998, 0.16199999999999998, 0.41, 0.41, 0.36, 0.36, 0.51, 0.5700000000000001, 0, 0.46, 0.25, 0.81, 0.56, 0.25, 0.25, 0.56, 0.56, 0.89, 0.3, 0.93, 0.28, 0.12, 0.48, 99, 99, 99]
--- num:  29
list:  [0.57, 0.57, 1, 1, 0.97, 0.97, 0.16199999999999998, 0.16199999999999998, 0.41, 0.41, 0.37, 0.36, 0.5249999999999999, 0.5849999999999999, 0, 0.45, 0.25, 0.8, 0.56, 0.25, 0.25, 0.56, 0.56, 0.9, 0.29, 0.94, 0.27, 0.12, 0.42, 99, 99, 99]
--- num:  29
list:  [0.57, 0.57, 1, 1, 0.97, 0.97, 0.16199999999999998, 0.16199999999999998, 0.42, 0.42, 0.37, 0.35, 0.54, 0.5999999999999999, 0, 0.45, 0.25, 0.8, 0.56, 0.25, 0.25, 0.56, 0.56, 0.91, 0.29, 0.95, 0.27, 0.12, 0.4, 99, 99, 99]
--- num:  29
list:  [0.57, 0.57, 1, 1, 0.97, 0.97, 0.16199999999999998, 0.16199999999999998, 0.42, 0.42, 0.38, 0.34, 0.54, 0.6149999999999999, 0, 0.45, 0.25, 0.8, 0.56, 0.25, 0.25, 0.56, 0.56, 0.91, 0.29, 0.96, 0.27, 0.12, 0.35, 99, 99, 99]
--- num:  29
list:  [0.56, 0.56, 1, 1, 0.97, 0.97, 0.16199999999999998, 0.16199999999999998, 0.43, 0.43, 0.43, 0.3, 0.5249999999999999, 0.6149999999999999, 0, 0.44, 0.25, 0.79, 0.56, 0.25, 0.25, 0.56, 0.56, 0.9, 0.29, 0.96, 0.27, 0.12, 0.18, 99, 99, 99]
--- num:  29
list:  [0.56, 0.56, 1, 1, 0.98, 0.98, 0.16199999999999998, 0.16199999999999998, 0.43, 0.43, 0.42, 0.3, 0.5249999999999999, 0.5999999999999999, 0, 0.44, 0.25, 0.79, 0.56, 0.25, 0.25, 0.56, 0.56, 0.9, 0.29, 0.95, 0.27, 0.12, 0.19, 99, 99, 99]
--- num:  29
list:  [0.56, 0.56, 1, 1, 0.98, 0.98, 0.16199999999999998, 0.16199999999999998, 0.42, 0.42, 0.41, 0.31, 0.5249999999999999, 0.5999999999999999, 0, 0.44, 0.25, 0.79, 0.56, 0.25, 0.25, 0.56, 0.56, 0.9, 0.29, 0.95, 0.27, 0.12, 0.36, 99, 99, 99]
--- num:  29
list:  [0.58, 0.58, 1, 1, 0.96, 0.96, 0.8929491448402405, 0.8927654433250427, 0.34, 0.34, 0.36, 0.36, 0.5549999999999999, 0.6299999999999999, 0, 0.42, 0.25, 0.77, 0.56, 0.25, 0.25, 0.56, 0.56, 0.92, 0.28, 0.97, 0.26, 0.13, 0.45, 99, 99, 99]
--- num:  29
list:  [0.56, 0.56, 1, 1, 0.98, 0.98, 0.16199999999999998, 0.16199999999999998, 0.4, 0.4, 0.32, 0.4, 0.5549999999999999, 0.6149999999999999, 0, 0.41, 0.25, 0.77, 0.56, 0.25, 0.25, 0.56, 0.56, 0.92, 0.29, 0.96, 0.27, 0.13, 0.47, 99, 99, 99]
--- num:  29
list:  [0, 0, 0, 0, 1, 1, 0.16199999999999998, 0.16199999999999998, 0.44, 0.44, 0.29, 0.43, 0.54, 0.5849999999999999, 0, 0.41, 0.25, 0.77, 0.56, 0.25, 0.25, 0.56, 0.56, 0.91, 0.29, 0.94, 0.28, 0.12, 0.48, 99, 99, 99]
--- num:  29
list:  [0, 0, 0, 0, 1, 1, 0.16199999999999998, 0.16199999999999998, 0.43, 0.43, 0.28, 0.44, 0.5249999999999999, 0.5700000000000001, 0, 0.41, 0.25, 0.77, 0.56, 0.25, 0.25, 0.56, 0.56, 0.9, 0.29, 0.93, 0.28, 0.11, 0.58, 99, 99, 99]
--- num:  29
list:  [0, 0, 0, 0, 1, 1, 0.16199999999999998, 0.16199999999999998, 0.46, 0.46, 0.24, 0.48, 0.49499999999999994, 0.5249999999999999, 0, 0.41, 0.25, 0.77, 0.56, 0.25, 0.25, 0.56, 0.56, 0.88, 0.3, 0.9, 0.29, 0.12, 0.65, 99, 99, 99]
--- num:  29
list:  [0, 0, 0, 0, 1, 1, 0.16199999999999998, 0.16199999999999998, 0.46, 0.46, 0.22, 0.51, 0.4649999999999999, 0.49499999999999994, 0, 0.41, 0.25, 0.77, 0.56, 0.25, 0.25, 0.56, 0.56, 0.86, 0.31, 0.88, 0.3, 0.13, 0.72, 99, 99, 99]
--- num:  29
list:  [0, 0, 0, 0, 1, 1, 0.16199999999999998, 0.16199999999999998, 0.47, 0.47, 0.2, 0.52, 0.4499999999999999, 0.4649999999999999, 0, 0.41, 0.25, 0.77, 0.56, 0.25, 0.25, 0.56, 0.56, 0.85, 0.32, 0.86, 0.31, 0.14, 0.82, 99, 99, 99]
--- num:  29
list:  [0, 0, 0, 0, 1, 1, 0.8683204460144043, 0.8680850672721863, 0.36, 0.36, 0.24, 0.49, 0.51, 0.54, 0, 0.39, 0.25, 0.76, 0.56, 0.25, 0.25, 0.56, 0.56, 0.89, 0.3, 0.91, 0.29, 0.14, 0.9, 99, 99, 99]
--- num:  29
list:  [0, 0, 0, 0, 1, 1, 0.16199999999999998, 0.16199999999999998, 0.4, 0.4, 0.19, 0.53, 0.49499999999999994, 0.5249999999999999, 0, 0.41, 0.25, 0.77, 0.56, 0.25, 0.25, 0.56, 0.56, 0.88, 0.3, 0.9, 0.3, 0.14, 0.76, 99, 99, 99]
--- num:  29
list:  [0, 0, 0, 0, 1, 1, 0.16199999999999998, 0.16199999999999998, 0.43, 0.43, 0.21, 0.52, 0.4799999999999999, 0.49499999999999994, 0, 0.41, 0.25, 0.77, 0.56, 0.25, 0.25, 0.56, 0.56, 0.87, 0.31, 0.88, 0.31, 0.13, 0.75, 99, 99, 99]
--- num:  29
list:  [0, 0, 0, 0, 1, 1, 0.16199999999999998, 0.16199999999999998, 0.42, 0.42, 0.25, 0.48, 0.4199999999999999, 0.4349999999999999, 0, 0.42, 0.25, 0.77, 0.56, 0.25, 0.25, 0.56, 0.56, 0.83, 0.33, 0.84, 0.32, 0.13, 0.89, 99, 99, 99]
--- num:  29
list:  [0, 0, 0, 0, 1, 1, 0.3407290685176849, 0.3389634895324707, 0.3, 0.3, 0.3, 0.43, 0.4649999999999999, 0.49499999999999994, 0, 0.41, 0.25, 0.77, 0.56, 0.25, 0.25, 0.56, 0.56, 0.86, 0.31, 0.88, 0.31, 0.13, 0.84, 99, 99, 99]
--- num:  29
list:  [0, 0, 0, 0, 1, 1, 0.16199999999999998, 0.16199999999999998, 0.41, 0.41, 0.34, 0.38, 0.40499999999999986, 0.4199999999999999, 0, 0.43, 0.25, 0.79, 0.56, 0.25, 0.25, 0.56, 0.56, 0.82, 0.33, 0.83, 0.32, 0.13, 0.58, 99, 99, 99]
--- num:  29
list:  [0, 0, 0, 0, 1, 1, 0.16199999999999998, 0.16199999999999998, 0.42, 0.42, 0.37, 0.35, 0.36, 0.375, 0, 0.44, 0.25, 0.79, 0.56, 0.25, 0.25, 0.56, 0.56, 0.79, 0.34, 0.8, 0.34, 0.12, 0.45, 99, 99, 99]
--- num:  29
list:  [0, 0, 0, 0, 1, 1, 0.16199999999999998, 0.16199999999999998, 0.42, 0.42, 0.39, 0.34, 0.36, 0.32999999999999996, 0.25, 0.43, 0.295, 0.78, 0.56, 0.3, 0.29, 0.56, 0.56, 0.79, 0.34, 0.77, 0.35, 0.11, 0.38, 99, 99, 99]
--- num:  29
list:  [0, 0, 0, 0, 1, 1, 0.2785521554946899, 0.27755592346191404, 0.33, 0.33, 0.41, 0.32, 0.36, 0.32999999999999996, 0.75, 0.37, 0.54, 0.74, 0.56, 0.54, 0.54, 0.56, 0.56, 0.79, 0.34, 0.77, 0.35, 0.09, 0.27, 99, 99, 99]
--- num:  29
list:  [0.56, 0.56, 1, 1, 0.98, 0.98, 0.3219404327869415, 0.32161671996116636, 0.3, 0.3, 0.42, 0.31, 0.36, 0.345, 0.75, 0.34, 0.64, 0.72, 0.55, 0.64, 0.64, 0.55, 0.55, 0.79, 0.35, 0.78, 0.35, 0.09, 0.26, 99, 99, 99]
--- num:  29
list:  [0.16, 0.16, 0.15, 0.15, 1, 1, 0.16199999999999998, 0.16199999999999998, 0.41, 0.41, 0.42, 0.3, 0.29999999999999993, 0.31499999999999995, 0.75, 0.33, 0.775, 0.71, 0.52, 0.78, 0.77, 0.52, 0.52, 0.75, 0.36, 0.76, 0.36, 0.08, 0.27, 99, 99, 99]
--- num:  29
list:  [0.34, 0.34, 0.55, 0.55, 1, 1, 0.16199999999999998, 0.16199999999999998, 0.41, 0.41, 0.41, 0.32, 0.23999999999999988, 0.2549999999999999, 1, 0.3, 0.91, 0.69, 0.37, 0.91, 0.91, 0.37, 0.37, 0.71, 0.38, 0.72, 0.37, 0.05, 0.34, 99, 99, 99]
--- num:  29
list:  [0.57, 0.57, 1, 1, 0.97, 0.97, 0.38204158425331114, 0.38054187178611754, 0.3, 0.3, 0.38, 0.35, 0.23999999999999988, 0.2549999999999999, 1, 0.29, 0.93, 0.68, 0.35, 0.93, 0.93, 0.35, 0.35, 0.71, 0.38, 0.72, 0.38, 0.04, 0.4, 99, 99, 99]
--- num:  29
list:  [0.59, 0.59, 1, 1, 0.95, 0.95, 0.16199999999999998, 0.16199999999999998, 0.4, 0.4, 0.36, 0.36, 0.20999999999999985, 0.20999999999999985, 1, 0.26, 0.96, 0.66, 0.32, 0.96, 0.96, 0.32, 0.32, 0.69, 0.39, 0.69, 0.39, 0.04, 0.46, 99, 99, 99]
--- num:  29
list:  [0.6, 0.6, 1, 1, 0.94, 0.94, 0.16199999999999998, 0.16199999999999998, 0.41, 0.41, 0.35, 0.37, 0.195, 0.195, 1, 0.25, 0.97, 0.65, 0.32, 0.97, 0.97, 0.32, 0.32, 0.68, 0.39, 0.68, 0.39, 0.04, 0.49, 99, 99, 99]
--- num:  29
list:  [0.58, 0.58, 1, 1, 0.96, 0.96, 0.16199999999999998, 0.16199999999999998, 0.42, 0.42, 0.34, 0.39, 0.195, 0.195, 1, 0.25, 0.97, 0.65, 0.31, 0.97, 0.97, 0.31, 0.31, 0.68, 0.39, 0.68, 0.39, 0.04, 0.5, 99, 99, 99]
--- num:  29
list:  [0.57, 0.57, 1, 1, 0.97, 0.97, 0.540727059841156, 0.5364401149749756, 0.26, 0.26, 0.32, 0.41, 0.23999999999999988, 0.2549999999999999, 1, 0.26, 0.96, 0.65, 0.33, 0.96, 0.96, 0.33, 0.33, 0.71, 0.38, 0.72, 0.37, 0.04, 0.5, 99, 99, 99]
--- num:  29
list:  [0.56, 0.56, 1, 1, 0.97, 0.97, 0.16199999999999998, 0.16199999999999998, 0.4, 0.4, 0.29, 0.43, 0.23999999999999988, 0.2549999999999999, 1, 0.26, 0.96, 0.65, 0.32, 0.96, 0.96, 0.32, 0.32, 0.71, 0.38, 0.72, 0.38, 0.04, 0.5, 99, 99, 99]
--- num:  29
list:  [0.56, 0.56, 1, 1, 0.97, 0.97, 0.16199999999999998, 0.16199999999999998, 0.45, 0.45, 0.28, 0.44, 0.22499999999999987, 0.22499999999999987, 1, 0.25, 0.96, 0.65, 0.31, 0.96, 0.96, 0.31, 0.31, 0.7, 0.38, 0.7, 0.38, 0.04, 0.5, 99, 99, 99]
--- num:  29
list:  [0.56, 0.56, 1, 1, 0.98, 0.98, 0.16199999999999998, 0.16199999999999998, 0.47, 0.47, 0.27, 0.45, 0.22499999999999987, 0.195, 1, 0.25, 0.97, 0.65, 0.31, 0.97, 0.97, 0.31, 0.31, 0.7, 0.38, 0.68, 0.39, 0.04, 0.5, 99, 99, 99]
--- num:  29
list:  [0.56, 0.56, 1, 1, 0.98, 0.98, 0.16199999999999998, 0.16199999999999998, 0.49, 0.49, 0.27, 0.45, 0.22499999999999987, 0.195, 1, 0.24, 0.97, 0.65, 0.32, 0.97, 0.97, 0.32, 0.32, 0.7, 0.38, 0.68, 0.39, 0.04, 0.5, 99, 99, 99]
--- num:  29
list:  [0.56, 0.56, 1, 1, 0.98, 0.98, 0.16199999999999998, 0.16199999999999998, 0.52, 0.52, 0.3, 0.42, 0.23999999999999988, 0.22499999999999987, 1, 0.24, 0.97, 0.65, 0.33, 0.97, 0.97, 0.33, 0.33, 0.71, 0.38, 0.7, 0.38, 0.04, 0.49, 99, 99, 99]
--- num:  29
list:  [0.56, 0.56, 1, 1, 0.98, 0.98, 0.16199999999999998, 0.16199999999999998, 0.52, 0.52, 0.37, 0.35, 0.22499999999999987, 0.22499999999999987, 1, 0.24, 0.97, 0.65, 0.34, 0.97, 0.97, 0.34, 0.34, 0.7, 0.38, 0.7, 0.38, 0.04, 0.46, 99, 99, 99]
--- num:  29
list:  [0.55, 0.55, 1, 1, 0.98, 0.98, 0.16199999999999998, 0.16199999999999998, 0.5, 0.5, 0.43, 0.29, 0.20999999999999985, 0.195, 1, 0.25, 0.97, 0.65, 0.34, 0.97, 0.97, 0.34, 0.34, 0.69, 0.39, 0.68, 0.39, 0.04, 0.44, 99, 99, 99]
--- num:  29
list:  [0.41, 0.41, 0.72, 0.72, 1, 1, 0.16199999999999998, 0.16199999999999998, 0.5, 0.5, 0.45, 0.27, 0.20999999999999985, 0.20999999999999985, 1, 0.25, 0.96, 0.65, 0.34, 0.96, 0.96, 0.34, 0.34, 0.69, 0.39, 0.69, 0.39, 0.04, 0.43, 99, 99, 99]
--- num:  29
list:  [0.41, 0.41, 0.72, 0.72, 1, 1, 0.16199999999999998, 0.16199999999999998, 0.5, 0.5, 0.46, 0.26, 0.20999999999999985, 0.22499999999999987, 1, 0.25, 0.96, 0.65, 0.34, 0.96, 0.96, 0.34, 0.34, 0.69, 0.39, 0.7, 0.38, 0.04, 0.43, 99, 99, 99]
--- num:  29
list:  [0.41, 0.41, 0.72, 0.72, 1, 1, 0.16199999999999998, 0.16199999999999998, 0.49, 0.49, 0.43, 0.29, 0.195, 0.22499999999999987, 1, 0.25, 0.96, 0.65, 0.33, 0.96, 0.96, 0.33, 0.33, 0.68, 0.39, 0.7, 0.38, 0.04, 0.43, 99, 99, 99]
--- num:  29
list:  [0.4, 0.4, 0.71, 0.71, 1, 1, 0.16199999999999998, 0.16199999999999998, 0.49, 0.49, 0.37, 0.35, 0.195, 0.20999999999999985, 1, 0.25, 0.96, 0.65, 0.33, 0.96, 0.96, 0.33, 0.33, 0.68, 0.39, 0.69, 0.39, 0.04, 0.43, 99, 99, 99]
--- num:  29
list:  [0.4, 0.4, 0.7, 0.7, 1, 1, 0.16199999999999998, 0.16199999999999998, 0.54, 0.54, 0.34, 0.38, 0.18, 0.195, 1, 0.25, 0.96, 0.65, 0.33, 0.96, 0.96, 0.33, 0.33, 0.67, 0.4, 0.68, 0.39, 0.04, 0.44, 99, 99, 99]
--- num:  29
list:  [0.4, 0.4, 0.69, 0.69, 1, 1, 0.16199999999999998, 0.16199999999999998, 0.57, 0.57, 0.34, 0.38, 0.16499999999999998, 0.18, 1, 0.25, 0.97, 0.65, 0.33, 0.97, 0.97, 0.33, 0.33, 0.66, 0.4, 0.67, 0.4, 0.04, 0.44, 99, 99, 99]
--- num:  29
list:  [0.41, 0.41, 0.72, 0.72, 1, 1, 0.16199999999999998, 0.16199999999999998, 0.58, 0.58, 0.34, 0.38, 0.14999999999999997, 0.16499999999999998, 1, 0.25, 0.97, 0.65, 0.33, 0.97, 0.97, 0.33, 0.33, 0.65, 0.4, 0.66, 0.4, 0.04, 0.44, 99, 99, 99]
--- num:  29
list:  [0.4, 0.4, 0.71, 0.71, 1, 1, 0.16199999999999998, 0.16199999999999998, 0.57, 0.57, 0.33, 0.39, 0.16499999999999998, 0.16499999999999998, 1, 0.25, 0.97, 0.65, 0.33, 0.97, 0.97, 0.33, 0.33, 0.66, 0.4, 0.66, 0.4, 0.04, 0.44, 99, 99, 99]
--- num:  29
list:  [0.42, 0.42, 0.73, 0.73, 1, 1, 0.16199999999999998, 0.16199999999999998, 0.57, 0.57, 0.31, 0.42, 0.14999999999999997, 0.14999999999999997, 1, 0.25, 0.97, 0.65, 0.31, 0.97, 0.97, 0.31, 0.31, 0.65, 0.4, 0.65, 0.4, 0.04, 0.44, 99, 99, 99]
--- num:  29
list:  [0.43, 0.43, 0.76, 0.76, 1, 1, 0.16199999999999998, 0.16199999999999998, 0.57, 0.57, 0.3, 0.43, 0.14999999999999997, 0.14999999999999997, 1, 0.25, 0.97, 0.65, 0.31, 0.97, 0.97, 0.31, 0.31, 0.65, 0.41, 0.65, 0.4, 0.04, 0.46, 99, 99, 99]
--- num:  29
list:  [0.43, 0.43, 0.78, 0.78, 1, 1, 0.16199999999999998, 0.16199999999999998, 0.56, 0.56, 0.3, 0.43, 0.14999999999999997, 0.14999999999999997, 1, 0.25, 0.97, 0.65, 0.3, 0.97, 0.97, 0.3, 0.3, 0.65, 0.41, 0.65, 0.41, 0.04, 0.47, 99, 99, 99]
--- num:  29
list:  [0.44, 0.44, 0.79, 0.79, 1, 1, 0.16199999999999998, 0.16199999999999998, 0.56, 0.56, 0.3, 0.42, 0.14999999999999997, 0.13499999999999995, 1, 0.24, 0.98, 0.65, 0.3, 0.98, 0.98, 0.3, 0.3, 0.65, 0.41, 0.64, 0.41, 0.04, 0.48, 99, 99, 99]
--- num:  29
list:  [0.43, 0.43, 0.78, 0.78, 1, 1, 0.16199999999999998, 0.16199999999999998, 0.55, 0.55, 0.31, 0.42, 0.13499999999999995, 0.13499999999999995, 1, 0.24, 0.98, 0.65, 0.31, 0.98, 0.98, 0.31, 0.31, 0.64, 0.41, 0.64, 0.41, 0.04, 0.48, 99, 99, 99]
--- num:  29
list:  [0.44, 0.44, 0.79, 0.79, 1, 1, 0.16199999999999998, 0.16199999999999998, 0.56, 0.56, 0.31, 0.42, 0.13499999999999995, 0.13499999999999995, 1, 0.24, 0.98, 0.65, 0.31, 0.98, 0.98, 0.31, 0.31, 0.64, 0.41, 0.64, 0.41, 0.04, 0.49, 99, 99, 99]
--- num:  29
list:  [0.44, 0.44, 0.78, 0.78, 1, 1, 0.16199999999999998, 0.16199999999999998, 0.56, 0.56, 0.31, 0.41, 0.13499999999999995, 0.13499999999999995, 1, 0.24, 0.98, 0.65, 0.31, 0.98, 0.98, 0.31, 0.31, 0.64, 0.41, 0.64, 0.41, 0.04, 0.49, 99, 99, 99]
--- num:  29
