start livelink
[0.125, 0.023, -0.044]
[0.124, 0.024, -0.045]
[0.125, 0.025, -0.046]
[0.125, 0.026, -0.047]
[0.128, 0.026, -0.048]
[0.128, 0.026, -0.048]
[0.139, 0.026, -0.047]
[0.139, 0.026, -0.047]
[0.141, 0.036, -0.044]
[0.108, 0.026, -0.033]
[0.108, 0.026, -0.033]
[0.109, 0.028, -0.033]
[0.111, 0.029, -0.032]
[0.114, 0.033, -0.027]
[0.114, 0.033, -0.027]
[0.115, 0.034, -0.025]
[0.117, 0.036, -0.024]
[0.119, 0.039, -0.024]
[0.121, 0.041, -0.024]
[0.123, 0.043, -0.022]
[0.124, 0.046, -0.018]
[0.125, 0.048, -0.015]
[0.126, 0.049, -0.013]
[0.129, 0.05, -0.011]
[0.134, 0.051, -0.009]
[0.136, 0.051, -0.008]
[0.133, 0.052, -0.005]
[0.13, 0.052, -0.002]
[0.13, 0.053, 0.001]
[0.134, 0.055, 0.005]
[0.138, 0.057, 0.008]
[0.14, 0.06, 0.009]
[0.139, 0.061, 0.01]
[0.138, 0.063, 0.01]
[0.139, 0.064, 0.011]
[0.14, 0.064, 0.012]
[0.141, 0.064, 0.012]
[0.14, 0.064, 0.013]
[0.138, 0.063, 0.012]
[0.137, 0.063, 0.011]
[0.137, 0.062, 0.009]
[0.139, 0.061, 0.005]
[0.139, 0.061, 0.005]
[0.139, 0.06, 0.003]
[0.14, 0.059, 0.002]
[0.14, 0.057, 0.001]
[0.141, 0.055, -0.001]
[0.142, 0.053, -0.003]
[0.143, 0.051, -0.006]
[0.143, 0.045, -0.013]
[0.143, 0.045, -0.013]
[0.144, 0.041, -0.016]
[0.146, 0.037, -0.019]
[0.148, 0.029, -0.025]
[0.148, 0.029, -0.025]
[0.148, 0.026, -0.027]
[0.146, 0.022, -0.028]
[0.145, 0.019, -0.03]
[0.144, 0.017, -0.031]
[0.144, 0.014, -0.032]
[0.145, 0.011, -0.035]
[0.149, 0.007, -0.037]
[0.149, 0.007, -0.037]
[0.152, 0.004, -0.038]
[0.155, 0.002, -0.038]
[0.158, -0.001, -0.039]
[0.161, -0.004, -0.039]
[0.162, -0.006, -0.039]
[0.164, -0.008, -0.039]
[0.166, -0.01, -0.039]
[0.169, -0.012, -0.039]
[0.174, -0.014, -0.039]
[0.18, -0.015, -0.039]
[0.184, -0.017, -0.04]
[0.187, -0.019, -0.041]
[0.19, -0.021, -0.043]
[0.192, -0.023, -0.045]
[0.195, -0.024, -0.047]
[0.198, -0.026, -0.048]
[0.199, -0.028, -0.049]
[0.199, -0.03, -0.048]
[0.199, -0.031, -0.047]
[0.199, -0.033, -0.047]
[0.199, -0.034, -0.045]
[0.201, -0.036, -0.043]
[0.203, -0.037, -0.041]
[0.205, -0.037, -0.039]
[0.207, -0.038, -0.037]
[0.209, -0.039, -0.034]
[0.208, -0.04, -0.027]
[0.208, -0.04, -0.027]
[0.209, -0.04, -0.022]
[0.21, -0.041, -0.016]
[0.215, -0.044, -0.001]
[0.215, -0.044, -0.001]
[0.218, -0.045, 0.007]
[0.222, -0.047, 0.012]
[0.225, -0.049, 0.019]
[0.23, -0.051, 0.023]
[0.233, -0.052, 0.028]
[0.235, -0.054, 0.032]
[0.237, -0.055, 0.036]
[0.238, -0.056, 0.041]
[0.24, -0.057, 0.046]
[0.244, -0.058, 0.052]
[0.246, -0.058, 0.057]
[0.25, -0.059, 0.061]
[0.254, -0.06, 0.064]
[0.258, -0.059, 0.066]
[0.263, -0.058, 0.068]
[0.266, -0.057, 0.072]
[0.267, -0.056, 0.077]
[0.266, -0.054, 0.082]
[0.265, -0.052, 0.087]
[0.263, -0.049, 0.09]
[0.262, -0.046, 0.093]
[0.261, -0.043, 0.096]
[0.258, -0.037, 0.101]
[0.258, -0.037, 0.101]
[0.256, -0.033, 0.105]
[0.253, -0.029, 0.107]
[0.25, -0.025, 0.109]
[0.246, -0.021, 0.11]
[0.242, -0.016, 0.11]
[0.238, -0.011, 0.11]
[0.233, -0.006, 0.109]
[0.228, -0.001, 0.108]
[0.223, 0.005, 0.106]
[0.217, 0.011, 0.104]
[0.202, 0.023, 0.097]
[0.202, 0.023, 0.097]
[0.194, 0.028, 0.095]
[0.186, 0.033, 0.093]
[0.17, 0.043, 0.086]
[0.17, 0.043, 0.086]
[0.163, 0.048, 0.082]
[0.157, 0.051, 0.078]
[0.152, 0.055, 0.075]
[0.146, 0.058, 0.072]
[0.141, 0.06, 0.071]
[0.136, 0.063, 0.07]
[0.132, 0.065, 0.068]
[0.126, 0.067, 0.067]
[0.121, 0.069, 0.065]
[0.119, 0.07, 0.064]
[0.117, 0.072, 0.062]
[0.116, 0.073, 0.06]
[0.113, 0.074, 0.056]
[0.11, 0.075, 0.052]
[0.107, 0.074, 0.048]
[0.102, 0.072, 0.043]
[0.099, 0.07, 0.039]
[0.095, 0.067, 0.035]
[0.091, 0.064, 0.031]
[0.088, 0.062, 0.028]
[0.084, 0.061, 0.024]
[0.081, 0.059, 0.021]
[0.08, 0.058, 0.018]
[0.078, 0.056, 0.016]
[0.076, 0.055, 0.014]
[0.075, 0.052, 0.012]
[0.072, 0.05, 0.01]
[0.072, 0.047, 0.009]
[0.073, 0.044, 0.008]
[0.076, 0.041, 0.008]
[0.081, 0.036, 0.01]
[0.086, 0.031, 0.012]
[0.089, 0.027, 0.014]
[0.091, 0.021, 0.015]
[0.097, 0.014, 0.015]
[0.097, 0.014, 0.015]
[0.099, 0.011, 0.015]
[0.1, 0.008, 0.014]
[0.099, 0.005, 0.011]
[0.099, 0.005, 0.011]
[0.097, 0.003, 0.009]
[0.096, 0.002, 0.008]
[0.096, 0.0, 0.009]
[0.097, -0.002, 0.01]
[0.099, -0.004, 0.01]
[0.101, -0.007, 0.011]
[0.102, -0.01, 0.011]
[0.103, -0.012, 0.011]
[0.105, -0.015, 0.012]
[0.107, -0.018, 0.014]
[0.109, -0.021, 0.015]
[0.11, -0.023, 0.016]
[0.11, -0.025, 0.017]
[0.109, -0.027, 0.017]
[0.109, -0.03, 0.018]
[0.108, -0.032, 0.018]
[0.108, -0.034, 0.019]
[0.108, -0.037, 0.02]
[0.107, -0.038, 0.022]
[0.106, -0.04, 0.024]
[0.104, -0.042, 0.026]
[0.102, -0.043, 0.027]
[0.101, -0.045, 0.029]
[0.101, -0.046, 0.031]
[0.102, -0.047, 0.033]
[0.103, -0.048, 0.035]
[0.105, -0.049, 0.036]
[0.107, -0.049, 0.037]
[0.109, -0.05, 0.037]
[0.111, -0.05, 0.038]
[0.113, -0.05, 0.038]
[0.115, -0.05, 0.039]
[0.116, -0.05, 0.039]
[0.117, -0.05, 0.04]
[0.117, -0.049, 0.041]
[0.117, -0.049, 0.042]
[0.117, -0.049, 0.043]
[0.119, -0.049, 0.043]
[0.119, -0.05, 0.041]
[0.119, -0.05, 0.041]
[0.117, -0.049, 0.04]
[0.115, -0.047, 0.039]
[0.114, -0.046, 0.039]
[0.114, -0.044, 0.039]
[0.115, -0.043, 0.039]
[0.115, -0.042, 0.039]
[0.116, -0.042, 0.038]
[0.118, -0.041, 0.038]
[0.12, -0.04, 0.038]
[0.121, -0.04, 0.038]
[0.123, -0.038, 0.04]
[0.123, -0.038, 0.04]
[0.125, -0.037, 0.041]
[0.128, -0.035, 0.042]
[0.13, -0.035, 0.043]
[0.132, -0.034, 0.044]
[0.133, -0.033, 0.045]
[0.134, -0.032, 0.046]
[0.135, -0.032, 0.046]
[0.135, -0.03, 0.047]
[0.134, -0.028, 0.049]
[0.135, -0.026, 0.05]
[0.136, -0.023, 0.049]
[0.136, -0.021, 0.048]
[0.138, -0.019, 0.048]
[0.139, -0.017, 0.049]
[0.14, -0.015, 0.051]
[0.141, -0.012, 0.053]
[0.141, -0.011, 0.056]
[0.139, -0.009, 0.058]
[0.136, -0.007, 0.059]
[0.131, -0.005, 0.061]
[0.126, -0.003, 0.063]
[0.121, -0.002, 0.064]
[0.11, 0.001, 0.062]
[0.11, 0.001, 0.062]
[0.106, 0.002, 0.06]
[0.103, 0.004, 0.058]
[0.101, 0.005, 0.057]
[0.099, 0.006, 0.057]
[0.098, 0.007, 0.055]
[0.099, 0.008, 0.055]
[0.103, 0.009, 0.054]
[0.112, 0.009, 0.052]
[0.121, 0.009, 0.051]
[0.128, 0.009, 0.048]
[0.132, 0.01, 0.048]
[0.133, 0.011, 0.048]
[0.133, 0.013, 0.048]
[0.131, 0.014, 0.049]
[0.131, 0.015, 0.05]
[0.131, 0.016, 0.05]
[0.132, 0.016, 0.049]
[0.138, 0.016, 0.05]
[0.143, 0.016, 0.05]
[0.15, 0.016, 0.051]
[0.156, 0.017, 0.05]
[0.164, 0.016, 0.049]
[0.172, 0.016, 0.048]
[0.18, 0.015, 0.048]
[0.187, 0.015, 0.047]
[0.196, 0.015, 0.047]
[0.202, 0.015, 0.046]
[0.21, 0.016, 0.044]
[0.218, 0.016, 0.044]
[0.225, 0.017, 0.044]
[0.233, 0.018, 0.044]
[0.24, 0.02, 0.045]
[0.247, 0.021, 0.046]
[0.254, 0.023, 0.047]
[0.261, 0.024, 0.048]
[0.267, 0.024, 0.048]
[0.272, 0.025, 0.049]
[0.278, 0.025, 0.049]
[0.283, 0.026, 0.049]
[0.29, 0.026, 0.05]
[0.295, 0.026, 0.049]
[0.299, 0.027, 0.048]
[0.301, 0.027, 0.047]
[0.304, 0.028, 0.047]
[0.307, 0.029, 0.046]
[0.311, 0.03, 0.047]
[0.315, 0.03, 0.048]
[0.318, 0.031, 0.05]
[0.32, 0.031, 0.051]
[0.322, 0.031, 0.051]
[0.323, 0.031, 0.051]
[0.324, 0.031, 0.051]
[0.326, 0.031, 0.051]
[0.329, 0.031, 0.05]
[0.332, 0.032, 0.049]
[0.334, 0.032, 0.049]
[0.336, 0.032, 0.048]
[0.339, 0.032, 0.047]
[0.342, 0.032, 0.046]
[0.348, 0.031, 0.045]
[0.361, 0.031, 0.044]
[0.364, 0.03, 0.046]
[0.368, 0.029, 0.046]
[0.375, 0.028, 0.046]
[0.377, 0.026, 0.043]
[0.379, 0.025, 0.038]
[0.378, 0.023, 0.034]
[0.37, 0.022, 0.03]
[0.363, 0.021, 0.027]
[0.355, 0.019, 0.025]
[0.348, 0.016, 0.023]
[0.342, 0.015, 0.021]
[0.336, 0.014, 0.017]
[0.325, 0.013, 0.015]
[0.314, 0.012, 0.013]
[0.303, 0.009, 0.011]
[0.29, 0.007, 0.01]
[0.277, 0.006, 0.01]
[0.261, 0.005, 0.009]
[0.248, 0.003, 0.008]
[0.234, 0.001, 0.007]
[0.219, -0.0, 0.005]
[0.204, -0.002, 0.003]
[0.19, -0.003, 0.001]
[0.179, -0.003, -0.0]
[0.17, -0.003, -0.001]
[0.163, -0.003, -0.002]
[0.157, -0.003, -0.002]
[0.15, -0.002, -0.003]
[0.144, -0.002, -0.004]
[0.137, -0.001, -0.003]
[0.131, -0.001, -0.004]
[0.126, -0.001, -0.003]
[0.122, -0.001, -0.003]
[0.118, -0.002, -0.002]
[0.115, -0.002, -0.001]
[0.11, -0.003, -0.0]
[0.107, -0.003, 0.0]
[0.104, -0.003, -0.0]
[0.103, -0.004, 0.0]
[0.102, -0.004, 0.001]
[0.101, -0.004, 0.002]
[0.102, -0.005, 0.004]
[0.102, -0.005, 0.006]
[0.102, -0.005, 0.008]
[0.103, -0.006, 0.01]
[0.104, -0.006, 0.013]
[0.107, -0.006, 0.015]
[0.109, -0.005, 0.017]
[0.113, -0.004, 0.019]
[0.116, -0.003, 0.02]
[0.12, -0.002, 0.022]
[0.124, -0.001, 0.025]
[0.127, 0.001, 0.029]
[0.13, 0.002, 0.033]
[0.133, 0.004, 0.037]
[0.134, 0.006, 0.04]
[0.135, 0.007, 0.042]
[0.133, 0.011, 0.05]
[0.133, 0.011, 0.05]
[0.133, 0.014, 0.056]
[0.133, 0.017, 0.061]
[0.134, 0.023, 0.07]
[0.134, 0.023, 0.07]
[0.135, 0.026, 0.075]
[0.135, 0.029, 0.078]
[0.133, 0.032, 0.081]
[0.131, 0.036, 0.086]
[0.128, 0.041, 0.09]
[0.126, 0.045, 0.096]
[0.121, 0.052, 0.107]
[0.121, 0.052, 0.107]
[0.118, 0.056, 0.111]
[0.117, 0.059, 0.114]
[0.115, 0.063, 0.116]
[0.115, 0.067, 0.118]
[0.114, 0.07, 0.119]
[0.115, 0.074, 0.119]
[0.117, 0.078, 0.118]
[0.119, 0.08, 0.115]
[0.123, 0.082, 0.113]
[0.127, 0.084, 0.111]
[0.132, 0.085, 0.11]
[0.135, 0.086, 0.11]
[0.138, 0.088, 0.109]
[0.139, 0.089, 0.107]
[0.141, 0.09, 0.105]
[0.143, 0.092, 0.1]
[0.144, 0.093, 0.096]
[0.146, 0.094, 0.092]
[0.147, 0.096, 0.087]
[0.147, 0.097, 0.082]
[0.147, 0.099, 0.075]
[0.146, 0.101, 0.067]
[0.144, 0.102, 0.058]
[0.143, 0.102, 0.049]
[0.143, 0.103, 0.04]
[0.143, 0.102, 0.029]
[0.144, 0.1, 0.016]
[0.143, 0.098, 0.005]
[0.139, 0.095, -0.004]
[0.137, 0.094, -0.014]
[0.131, 0.09, -0.032]
[0.131, 0.09, -0.032]
[0.129, 0.088, -0.04]
[0.127, 0.087, -0.047]
[0.125, 0.084, -0.059]
[0.125, 0.084, -0.059]
[0.125, 0.083, -0.064]
[0.125, 0.081, -0.069]
[0.124, 0.079, -0.078]
[0.124, 0.079, -0.078]
[0.123, 0.078, -0.081]
[0.124, 0.076, -0.083]
[0.125, 0.074, -0.085]
[0.128, 0.071, -0.087]
[0.131, 0.068, -0.088]
[0.135, 0.066, -0.09]
[0.139, 0.064, -0.091]
[0.143, 0.061, -0.093]
[0.146, 0.06, -0.096]
[0.147, 0.059, -0.098]
[0.148, 0.057, -0.1]
[0.148, 0.056, -0.102]
[0.148, 0.055, -0.102]
[0.149, 0.053, -0.103]
[0.149, 0.049, -0.103]
[0.149, 0.049, -0.103]
[0.15, 0.048, -0.103]
[0.15, 0.046, -0.103]
[0.15, 0.044, -0.102]
[0.15, 0.044, -0.102]
[0.15, 0.043, -0.099]
[0.151, 0.041, -0.096]
[0.152, 0.039, -0.09]
[0.152, 0.039, -0.09]
[0.151, 0.037, -0.087]
[0.148, 0.036, -0.084]
[0.139, 0.034, -0.079]
[0.139, 0.034, -0.079]
[0.136, 0.033, -0.076]
[0.135, 0.032, -0.074]
[0.135, 0.033, -0.068]
[0.135, 0.033, -0.068]
[0.137, 0.033, -0.065]
[0.138, 0.034, -0.063]
[0.14, 0.035, -0.06]
[0.143, 0.035, -0.058]
[0.145, 0.036, -0.056]
[0.147, 0.037, -0.054]
[0.15, 0.038, -0.052]
[0.152, 0.039, -0.049]
[0.154, 0.039, -0.046]
[0.156, 0.039, -0.042]
[0.157, 0.039, -0.038]
[0.157, 0.038, -0.034]
[0.156, 0.039, -0.031]
[0.157, 0.04, -0.029]
[0.158, 0.042, -0.027]
[0.16, 0.044, -0.026]
[0.162, 0.045, -0.026]
[0.164, 0.047, -0.026]
[0.166, 0.048, -0.025]
[0.168, 0.049, -0.025]
[0.17, 0.05, -0.024]
[0.171, 0.05, -0.023]
[0.173, 0.05, -0.023]
[0.174, 0.05, -0.023]
[0.175, 0.05, -0.023]
[0.176, 0.05, -0.022]
[0.177, 0.051, -0.021]
[0.178, 0.051, -0.02]
[0.178, 0.052, -0.019]
[0.179, 0.052, -0.017]
[0.181, 0.053, -0.016]
[0.182, 0.054, -0.014]
[0.183, 0.056, -0.013]
[0.185, 0.057, -0.011]
[0.187, 0.058, -0.01]
[0.189, 0.059, -0.008]
[0.19, 0.06, -0.004]
[0.191, 0.061, -0.002]
[0.192, 0.061, 0.002]
[0.194, 0.06, 0.005]
[0.194, 0.06, 0.008]
[0.195, 0.061, 0.011]
[0.195, 0.062, 0.013]
[0.193, 0.063, 0.015]
[0.192, 0.064, 0.016]
[0.191, 0.065, 0.016]
[0.189, 0.067, 0.019]
[0.189, 0.067, 0.019]
[0.189, 0.067, 0.02]
[0.191, 0.067, 0.023]
[0.199, 0.066, 0.023]
[0.206, 0.065, 0.025]
[0.21, 0.064, 0.028]
[0.211, 0.064, 0.031]
[0.213, 0.065, 0.032]
[0.21, 0.067, 0.031]
[0.205, 0.069, 0.03]
[0.199, 0.07, 0.03]
[0.193, 0.07, 0.032]
[0.19, 0.07, 0.033]
[0.19, 0.07, 0.036]
[0.19, 0.07, 0.036]
[0.192, 0.07, 0.036]
[0.193, 0.071, 0.035]
[0.194, 0.072, 0.034]
[0.194, 0.072, 0.033]
[0.196, 0.072, 0.033]
[0.197, 0.073, 0.032]
[0.198, 0.072, 0.032]
[0.199, 0.072, 0.033]
[0.201, 0.072, 0.034]
[0.202, 0.071, 0.036]
[0.202, 0.071, 0.037]
[0.202, 0.071, 0.038]
[0.202, 0.071, 0.038]
[0.201, 0.071, 0.037]
[0.2, 0.071, 0.036]
[0.2, 0.071, 0.034]
[0.201, 0.07, 0.033]
[0.202, 0.07, 0.031]
[0.203, 0.07, 0.03]
[0.204, 0.07, 0.029]
[0.203, 0.067, 0.027]
[0.203, 0.067, 0.027]
[0.201, 0.065, 0.025]
[0.199, 0.063, 0.023]
[0.196, 0.061, 0.022]
[0.195, 0.059, 0.023]
[0.193, 0.058, 0.023]
[0.192, 0.057, 0.021]
[0.191, 0.056, 0.019]
[0.19, 0.056, 0.016]
[0.19, 0.055, 0.014]
[0.19, 0.054, 0.012]
[0.192, 0.053, 0.012]
[0.198, 0.051, 0.01]
[0.206, 0.049, 0.009]
[0.207, 0.049, 0.009]
[0.207, 0.049, 0.008]
[0.207, 0.049, 0.008]
[0.203, 0.048, 0.007]
[0.2, 0.048, 0.007]
[0.197, 0.048, 0.007]
[0.193, 0.048, 0.007]
[0.189, 0.048, 0.006]
[0.187, 0.048, 0.005]
[0.186, 0.048, 0.004]
[0.185, 0.048, 0.004]
[0.186, 0.048, 0.004]
[0.186, 0.048, 0.004]
[0.186, 0.048, 0.004]
[0.187, 0.048, 0.004]
[0.187, 0.048, 0.005]
[0.186, 0.047, 0.004]
[0.185, 0.047, 0.004]
[0.183, 0.047, 0.005]
[0.182, 0.048, 0.005]
[0.181, 0.048, 0.005]
[0.179, 0.05, 0.005]
[0.179, 0.05, 0.005]
[0.178, 0.051, 0.005]
[0.177, 0.052, 0.004]
[0.187, 0.053, 0.005]
[0.187, 0.053, 0.005]
[0.192, 0.053, 0.007]
[0.198, 0.055, 0.011]
[0.198, 0.055, 0.011]
[0.198, 0.056, 0.014]
[0.198, 0.059, 0.014]
[0.196, 0.062, 0.015]
[0.19, 0.065, 0.014]
[0.182, 0.067, 0.015]
[0.178, 0.069, 0.019]
[0.175, 0.069, 0.022]
[0.176, 0.07, 0.027]
[0.178, 0.07, 0.03]
[0.179, 0.071, 0.031]
[0.178, 0.071, 0.031]
[0.177, 0.071, 0.03]
[0.176, 0.071, 0.029]
[0.177, 0.071, 0.027]
[0.177, 0.07, 0.027]
[0.179, 0.07, 0.026]
[0.179, 0.07, 0.026]
[0.18, 0.07, 0.026]
[0.18, 0.07, 0.027]
[0.181, 0.069, 0.027]
[0.182, 0.069, 0.027]
[0.183, 0.068, 0.027]
[0.183, 0.067, 0.027]
[0.183, 0.065, 0.026]
[0.179, 0.061, 0.024]
[0.179, 0.061, 0.024]
[0.177, 0.06, 0.024]
[0.175, 0.058, 0.023]
[0.173, 0.056, 0.022]
[0.171, 0.053, 0.02]
[0.169, 0.051, 0.017]
[0.169, 0.049, 0.015]
[0.17, 0.047, 0.012]
[0.172, 0.044, 0.012]
[0.176, 0.04, 0.015]
[0.182, 0.037, 0.017]
[0.19, 0.032, 0.017]
[0.193, 0.028, 0.018]
[0.195, 0.024, 0.017]
[0.194, 0.02, 0.015]
[0.19, 0.017, 0.015]
[0.186, 0.015, 0.014]
[0.184, 0.012, 0.015]
[0.182, 0.009, 0.022]
[0.183, 0.007, 0.029]
[0.186, 0.006, 0.034]
[0.187, 0.004, 0.037]
[0.19, 0.003, 0.037]
[0.193, 0.002, 0.039]
[0.195, 0.001, 0.041]
[0.197, 0.001, 0.047]
[0.197, -0.001, 0.053]
[0.197, -0.003, 0.059]
[0.197, -0.005, 0.063]
[0.199, -0.006, 0.068]
[0.201, -0.008, 0.073]
[0.203, -0.009, 0.078]
[0.205, -0.009, 0.081]
[0.207, -0.01, 0.084]
[0.208, -0.01, 0.085]
[0.208, -0.011, 0.084]
[0.207, -0.011, 0.083]
[0.206, -0.011, 0.082]
[0.206, -0.011, 0.08]
[0.206, -0.012, 0.077]
[0.206, -0.012, 0.074]
[0.205, -0.013, 0.072]
[0.203, -0.013, 0.07]
[0.201, -0.014, 0.068]
[0.198, -0.015, 0.066]
[0.196, -0.015, 0.063]
[0.193, -0.016, 0.059]
[0.19, -0.017, 0.055]
[0.188, -0.017, 0.051]
[0.184, -0.018, 0.048]
[0.18, -0.018, 0.044]
[0.174, -0.018, 0.041]
[0.168, -0.019, 0.039]
[0.162, -0.02, 0.036]
[0.156, -0.021, 0.034]
[0.152, -0.022, 0.032]
[0.148, -0.022, 0.029]
[0.146, -0.021, 0.027]
[0.145, -0.021, 0.026]
[0.145, -0.021, 0.026]
[0.146, -0.021, 0.027]
[0.147, -0.021, 0.028]
[0.147, -0.02, 0.028]
[0.147, -0.02, 0.028]
[0.148, -0.019, 0.028]
[0.148, -0.019, 0.028]
[0.149, -0.019, 0.027]
[0.151, -0.019, 0.027]
[0.154, -0.019, 0.026]
[0.159, -0.019, 0.023]
[0.167, -0.019, 0.018]
[0.171, -0.019, 0.016]
[0.177, -0.019, 0.015]
[0.18, -0.019, 0.014]
[0.179, -0.018, 0.014]
[0.179, -0.017, 0.011]
[0.175, -0.015, 0.007]
[0.171, -0.014, 0.005]
[0.168, -0.012, 0.004]
[0.165, -0.011, 0.003]
[0.163, -0.01, 0.002]
[0.162, -0.009, -0.001]
[0.162, -0.009, -0.003]
[0.16, -0.008, -0.007]
[0.159, -0.008, -0.011]
[0.157, -0.006, -0.017]
[0.154, -0.004, -0.025]
[0.151, 0.0, -0.035]
[0.149, 0.004, -0.048]
[0.15, 0.008, -0.062]
[0.154, 0.013, -0.078]
[0.16, 0.019, -0.096]
[0.167, 0.025, -0.111]
[0.168, 0.04, -0.155]
[0.168, 0.04, -0.155]
[0.165, 0.047, -0.178]
[0.166, 0.053, -0.196]
[0.174, 0.06, -0.22]
[0.174, 0.06, -0.22]
[0.178, 0.062, -0.227]
[0.184, 0.064, -0.232]
[0.188, 0.067, -0.238]
[0.191, 0.07, -0.244]
[0.194, 0.072, -0.248]
[0.198, 0.074, -0.251]
[0.206, 0.077, -0.254]
[0.215, 0.079, -0.257]
[0.219, 0.081, -0.259]
[0.221, 0.082, -0.261]
[0.216, 0.083, -0.262]
[0.21, 0.083, -0.263]
[0.205, 0.083, -0.266]
[0.206, 0.087, -0.275]
[0.206, 0.087, -0.275]
[0.212, 0.089, -0.28]
[0.216, 0.091, -0.284]
[0.219, 0.092, -0.288]
[0.22, 0.094, -0.293]
[0.218, 0.094, -0.296]
[0.215, 0.095, -0.299]
[0.213, 0.094, -0.299]
[0.211, 0.093, -0.299]
[0.21, 0.092, -0.298]
[0.209, 0.092, -0.296]
[0.209, 0.091, -0.296]
[0.208, 0.09, -0.296]
[0.207, 0.089, -0.296]
[0.208, 0.089, -0.296]
[0.209, 0.089, -0.296]
[0.209, 0.088, -0.295]
[0.21, 0.087, -0.294]
[0.21, 0.086, -0.292]
[0.21, 0.085, -0.29]
[0.21, 0.084, -0.288]
[0.208, 0.083, -0.283]
[0.206, 0.084, -0.276]
[0.207, 0.085, -0.272]
[0.204, 0.087, -0.259]
[0.204, 0.087, -0.259]
[0.203, 0.087, -0.246]
[0.198, 0.085, -0.229]
[0.195, 0.082, -0.204]
[0.195, 0.079, -0.184]
[0.191, 0.076, -0.171]
[0.187, 0.073, -0.157]
[0.184, 0.07, -0.142]
[0.182, 0.068, -0.125]
[0.182, 0.067, -0.11]
[0.182, 0.067, -0.098]
[0.183, 0.066, -0.088]
[0.184, 0.066, -0.08]
[0.185, 0.066, -0.072]
[0.189, 0.066, -0.061]
[0.189, 0.066, -0.061]
[0.192, 0.066, -0.057]
[0.195, 0.065, -0.05]
[0.195, 0.065, -0.05]
[0.195, 0.064, -0.048]
[0.194, 0.064, -0.046]
[0.193, 0.064, -0.045]
[0.192, 0.063, -0.045]
[0.191, 0.063, -0.044]
[0.19, 0.063, -0.044]
[0.19, 0.064, -0.044]
[0.19, 0.064, -0.044]
[0.19, 0.064, -0.045]
[0.19, 0.065, -0.045]
[0.19, 0.065, -0.045]
[0.192, 0.065, -0.045]
[0.194, 0.065, -0.045]
[0.197, 0.064, -0.045]
[0.2, 0.063, -0.043]
[0.202, 0.063, -0.042]
[0.205, 0.062, -0.04]
[0.206, 0.062, -0.039]
[0.207, 0.062, -0.038]
[0.207, 0.062, -0.036]
[0.206, 0.063, -0.035]
[0.205, 0.063, -0.034]
[0.203, 0.064, -0.032]
[0.2, 0.064, -0.031]
[0.192, 0.066, -0.03]
[0.192, 0.066, -0.03]
[0.189, 0.066, -0.029]
[0.187, 0.065, -0.028]
[0.188, 0.064, -0.027]
[0.187, 0.063, -0.026]
[0.185, 0.063, -0.026]
[0.182, 0.062, -0.027]
[0.177, 0.061, -0.028]
[0.172, 0.06, -0.028]
[0.166, 0.059, -0.029]
[0.158, 0.058, -0.032]
[0.153, 0.058, -0.034]
[0.147, 0.058, -0.036]
[0.143, 0.059, -0.037]
[0.14, 0.06, -0.037]
[0.138, 0.061, -0.036]
[0.137, 0.061, -0.036]
[0.136, 0.061, -0.035]
[0.134, 0.061, -0.035]
[0.132, 0.062, -0.034]
[0.13, 0.062, -0.034]
[0.129, 0.063, -0.034]
[0.127, 0.063, -0.033]
[0.128, 0.064, -0.033]
[0.127, 0.065, -0.032]
[0.127, 0.066, -0.031]
[0.127, 0.067, -0.031]
[0.128, 0.068, -0.031]
[0.128, 0.069, -0.03]
[0.129, 0.071, -0.029]
[0.131, 0.072, -0.027]
[0.134, 0.074, -0.025]
[0.138, 0.075, -0.025]
[0.141, 0.078, -0.024]
[0.144, 0.08, -0.023]
[0.147, 0.082, -0.021]
[0.149, 0.084, -0.02]
[0.153, 0.085, -0.018]
[0.157, 0.086, -0.018]
[0.163, 0.088, -0.02]
[0.163, 0.088, -0.02]
[0.165, 0.089, -0.02]
[0.166, 0.091, -0.022]
