start livelink
[-0.107, 0.027, -0.049]
[-0.101, 0.027, -0.049]
[-0.101, 0.027, -0.049]
[-0.105, 0.028, -0.05]
[-0.111, 0.03, -0.051]
[-0.095, 0.04, -0.044]
[0.052, 0.062, -0.041]
[-0.14, 0.017, -0.041]
[-0.133, 0.015, -0.038]
[-0.126, 0.014, -0.035]
[-0.121, 0.014, -0.032]
[-0.117, 0.014, -0.032]
[-0.11, 0.014, -0.034]
[-0.11, 0.016, -0.038]
[-0.111, 0.018, -0.042]
[-0.109, 0.021, -0.045]
[-0.107, 0.024, -0.045]
[-0.099, 0.026, -0.046]
[-0.094, 0.028, -0.045]
[-0.089, 0.029, -0.044]
[-0.086, 0.029, -0.043]
[-0.086, 0.03, -0.042]
[-0.083, 0.03, -0.041]
[-0.081, 0.03, -0.038]
[-0.079, 0.028, -0.033]
[-0.079, 0.028, -0.033]
[-0.08, 0.027, -0.03]
[-0.08, 0.026, -0.028]
[-0.08, 0.025, -0.027]
[-0.08, 0.025, -0.027]
[-0.08, 0.025, -0.028]
[-0.079, 0.025, -0.03]
[-0.076, 0.025, -0.032]
[-0.073, 0.024, -0.034]
[-0.067, 0.024, -0.035]
[-0.061, 0.023, -0.035]
[-0.053, 0.023, -0.036]
[-0.053, 0.023, -0.036]
[-0.051, 0.022, -0.036]
[-0.051, 0.021, -0.038]
[-0.052, 0.021, -0.041]
[-0.053, 0.021, -0.044]
[-0.058, 0.022, -0.047]
[-0.061, 0.024, -0.049]
[-0.062, 0.026, -0.05]
[-0.063, 0.028, -0.051]
[-0.061, 0.031, -0.053]
[-0.06, 0.033, -0.053]
[-0.06, 0.036, -0.054]
[-0.06, 0.04, -0.053]
[-0.06, 0.043, -0.053]
[-0.059, 0.046, -0.053]
[-0.056, 0.049, -0.053]
[-0.052, 0.052, -0.052]
[-0.048, 0.055, -0.05]
[-0.045, 0.059, -0.048]
[-0.044, 0.063, -0.046]
[-0.043, 0.067, -0.044]
[-0.042, 0.071, -0.042]
[-0.042, 0.074, -0.04]
[-0.043, 0.078, -0.039]
[-0.043, 0.081, -0.039]
[-0.043, 0.084, -0.039]
[-0.043, 0.087, -0.04]
[-0.039, 0.09, -0.041]
[-0.039, 0.09, -0.041]
[-0.034, 0.091, -0.041]
[-0.03, 0.092, -0.041]
[-0.027, 0.093, -0.039]
[-0.026, 0.093, -0.039]
[-0.028, 0.092, -0.039]
[-0.03, 0.091, -0.042]
[-0.031, 0.09, -0.044]
[-0.031, 0.089, -0.046]
[-0.031, 0.087, -0.048]
[-0.029, 0.087, -0.049]
[-0.029, 0.087, -0.049]
[-0.026, 0.086, -0.049]
[-0.025, 0.085, -0.049]
[-0.023, 0.084, -0.047]
[-0.023, 0.084, -0.047]
[-0.024, 0.083, -0.047]
[-0.024, 0.082, -0.047]
[-0.023, 0.081, -0.046]
[-0.022, 0.079, -0.046]
[-0.021, 0.077, -0.046]
[-0.019, 0.075, -0.045]
[-0.016, 0.073, -0.043]
[-0.013, 0.07, -0.04]
[-0.008, 0.068, -0.038]
[-0.003, 0.066, -0.035]
[0.002, 0.065, -0.034]
[0.005, 0.064, -0.032]
[0.008, 0.063, -0.031]
[0.011, 0.062, -0.03]
[0.017, 0.059, -0.03]
[0.017, 0.059, -0.03]
[0.019, 0.057, -0.03]
[0.02, 0.055, -0.029]
[0.018, 0.052, -0.028]
[0.016, 0.05, -0.027]
[0.015, 0.047, -0.025]
[0.014, 0.045, -0.021]
[0.017, 0.042, -0.019]
[0.024, 0.038, -0.015]
[0.024, 0.038, -0.015]
[0.03, 0.036, -0.013]
[0.036, 0.034, -0.012]
[0.047, 0.03, -0.011]
[0.047, 0.03, -0.011]
[0.051, 0.029, -0.01]
[0.053, 0.027, -0.009]
[0.055, 0.026, -0.007]
[0.056, 0.025, -0.006]
[0.056, 0.024, -0.005]
[0.057, 0.023, -0.005]
[0.057, 0.023, -0.004]
[0.057, 0.022, -0.003]
[0.057, 0.021, -0.001]
[0.058, 0.02, 0.001]
[0.061, 0.019, 0.003]
[0.064, 0.017, 0.004]
[0.068, 0.016, 0.005]
[0.071, 0.015, 0.006]
[0.073, 0.014, 0.007]
[0.075, 0.013, 0.008]
[0.076, 0.012, 0.009]
[0.078, 0.011, 0.009]
[0.08, 0.01, 0.01]
[0.084, 0.008, 0.01]
[0.088, 0.007, 0.009]
[0.09, 0.006, 0.009]
[0.093, 0.006, 0.009]
[0.095, 0.005, 0.008]
[0.096, 0.005, 0.008]
[0.094, 0.005, 0.008]
[0.09, 0.006, 0.008]
[0.083, 0.007, 0.008]
[0.074, 0.007, 0.008]
[0.069, 0.008, 0.007]
[0.066, 0.009, 0.007]
[0.064, 0.009, 0.006]
[0.065, 0.01, 0.005]
[0.065, 0.011, 0.004]
[0.066, 0.01, 0.003]
[0.066, 0.01, 0.002]
[0.067, 0.01, 0.001]
[0.068, 0.01, -0.0]
[0.068, 0.01, -0.0]
[0.07, 0.009, -0.0]
[0.072, 0.011, -0.0]
[0.072, 0.011, -0.0]
[0.073, 0.011, -0.001]
[0.073, 0.012, -0.001]
[0.07, 0.013, -0.001]
[0.07, 0.013, -0.001]
[0.067, 0.014, -0.001]
[0.065, 0.014, -0.001]
[0.063, 0.015, -0.0]
[0.063, 0.016, -0.0]
[0.062, 0.018, 0.0]
[0.062, 0.019, 0.0]
[0.061, 0.02, 0.0]
[0.06, 0.021, 0.0]
[0.06, 0.022, 0.0]
[0.06, 0.023, 0.001]
[0.06, 0.023, 0.002]
[0.061, 0.024, 0.003]
[0.064, 0.025, 0.005]
[0.065, 0.026, 0.006]
[0.066, 0.027, 0.008]
[0.066, 0.029, 0.008]
[0.066, 0.03, 0.008]
[0.066, 0.032, 0.008]
[0.065, 0.034, 0.007]
[0.063, 0.035, 0.007]
[0.061, 0.036, 0.007]
[0.057, 0.036, 0.006]
[0.053, 0.037, 0.006]
[0.049, 0.037, 0.005]
[0.044, 0.038, 0.004]
[0.04, 0.039, 0.003]
[0.036, 0.039, 0.002]
[0.032, 0.04, 0.001]
[0.026, 0.041, 0.0]
[0.019, 0.043, -0.001]
[0.011, 0.045, -0.002]
[0.004, 0.046, -0.001]
[-0.001, 0.047, -0.001]
[-0.006, 0.048, -0.002]
[-0.011, 0.05, -0.004]
[-0.017, 0.051, -0.005]
[-0.022, 0.051, -0.006]
[-0.031, 0.052, -0.008]
[-0.035, 0.053, -0.01]
[-0.042, 0.053, -0.011]
[-0.048, 0.054, -0.011]
[-0.05, 0.054, -0.01]
[-0.053, 0.055, -0.008]
[-0.056, 0.056, -0.005]
[-0.056, 0.056, -0.005]
[-0.057, 0.057, -0.003]
[-0.057, 0.059, -0.001]
[-0.057, 0.06, 0.002]
[-0.056, 0.061, 0.005]
[-0.056, 0.063, 0.008]
[-0.057, 0.064, 0.011]
[-0.058, 0.066, 0.015]
[-0.059, 0.067, 0.02]
[-0.061, 0.068, 0.026]
[-0.065, 0.07, 0.032]
[-0.066, 0.071, 0.038]
[-0.066, 0.073, 0.043]
[-0.065, 0.075, 0.049]
[-0.062, 0.077, 0.054]
[-0.06, 0.079, 0.059]
[-0.058, 0.081, 0.065]
[-0.056, 0.083, 0.072]
[-0.054, 0.085, 0.077]
[-0.054, 0.087, 0.083]
[-0.055, 0.089, 0.087]
[-0.056, 0.091, 0.091]
[-0.057, 0.093, 0.095]
[-0.059, 0.095, 0.097]
[-0.062, 0.097, 0.1]
[-0.067, 0.099, 0.102]
[-0.07, 0.1, 0.104]
[-0.076, 0.103, 0.106]
[-0.076, 0.103, 0.106]
[-0.078, 0.103, 0.103]
[-0.077, 0.103, 0.099]
[-0.077, 0.103, 0.095]
[-0.077, 0.103, 0.09]
[-0.077, 0.102, 0.085]
[-0.077, 0.102, 0.08]
[-0.076, 0.101, 0.075]
[-0.074, 0.101, 0.071]
[-0.072, 0.1, 0.067]
[-0.07, 0.099, 0.064]
[-0.067, 0.098, 0.062]
[-0.065, 0.097, 0.061]
[-0.064, 0.096, 0.059]
[-0.064, 0.095, 0.056]
[-0.066, 0.094, 0.053]
[-0.067, 0.094, 0.049]
[-0.067, 0.092, 0.041]
[-0.067, 0.092, 0.041]
[-0.067, 0.091, 0.036]
[-0.067, 0.09, 0.031]
[-0.067, 0.089, 0.026]
[-0.068, 0.088, 0.023]
[-0.069, 0.088, 0.019]
[-0.07, 0.087, 0.016]
[-0.071, 0.087, 0.012]
[-0.072, 0.086, 0.008]
[-0.071, 0.085, 0.005]
[-0.071, 0.085, 0.002]
[-0.069, 0.084, -0.0]
[-0.067, 0.084, -0.002]
[-0.065, 0.084, -0.004]
[-0.064, 0.084, -0.006]
[-0.065, 0.084, -0.007]
[-0.066, 0.083, -0.008]
[-0.066, 0.083, -0.008]
[-0.065, 0.083, -0.008]
[-0.064, 0.082, -0.008]
[-0.061, 0.082, -0.008]
[-0.06, 0.081, -0.009]
[-0.057, 0.081, -0.011]
[-0.054, 0.081, -0.014]
[-0.051, 0.081, -0.017]
[-0.048, 0.08, -0.021]
[-0.047, 0.08, -0.026]
[-0.047, 0.08, -0.032]
[-0.049, 0.08, -0.038]
[-0.052, 0.079, -0.045]
[-0.054, 0.079, -0.05]
[-0.055, 0.078, -0.055]
[-0.055, 0.077, -0.058]
[-0.054, 0.076, -0.061]
[-0.055, 0.075, -0.064]
[-0.056, 0.073, -0.066]
[-0.057, 0.072, -0.068]
[-0.058, 0.071, -0.068]
[-0.056, 0.071, -0.067]
[-0.054, 0.071, -0.066]
[-0.05, 0.071, -0.06]
[-0.05, 0.071, -0.06]
[-0.049, 0.071, -0.056]
[-0.048, 0.071, -0.051]
[-0.046, 0.071, -0.045]
[-0.041, 0.072, -0.039]
[-0.037, 0.074, -0.032]
[-0.034, 0.076, -0.024]
[-0.033, 0.08, -0.017]
[-0.033, 0.083, -0.011]
[-0.033, 0.092, 0.001]
[-0.033, 0.092, 0.001]
[-0.031, 0.097, 0.008]
[-0.028, 0.103, 0.016]
[-0.023, 0.108, 0.022]
[-0.019, 0.114, 0.028]
[-0.015, 0.12, 0.034]
[-0.009, 0.125, 0.038]
[-0.002, 0.131, 0.043]
[0.003, 0.136, 0.049]
[0.006, 0.142, 0.054]
[0.008, 0.147, 0.058]
[0.009, 0.151, 0.06]
[0.01, 0.155, 0.06]
[0.012, 0.158, 0.059]
[0.015, 0.16, 0.056]
[0.017, 0.161, 0.052]
[0.017, 0.161, 0.049]
[0.017, 0.157, 0.038]
[0.017, 0.157, 0.038]
[0.017, 0.154, 0.032]
[0.019, 0.151, 0.027]
[0.023, 0.144, 0.02]
[0.023, 0.144, 0.02]
[0.025, 0.142, 0.017]
[0.025, 0.14, 0.014]
[0.023, 0.14, 0.008]
[0.022, 0.141, 0.003]
[0.02, 0.142, -0.003]
[0.018, 0.144, -0.007]
[0.019, 0.148, -0.016]
[0.019, 0.148, -0.016]
[0.02, 0.15, -0.022]
[0.021, 0.154, -0.029]
[0.021, 0.159, -0.034]
[0.023, 0.164, -0.035]
[0.027, 0.17, -0.036]
[0.033, 0.175, -0.038]
[0.053, 0.183, -0.047]
[0.053, 0.183, -0.047]
[0.062, 0.186, -0.051]
[0.067, 0.187, -0.052]
[0.069, 0.184, -0.051]
[0.069, 0.184, -0.051]
[0.067, 0.178, -0.048]
[0.067, 0.17, -0.047]
[0.066, 0.16, -0.047]
[0.067, 0.152, -0.047]
[0.066, 0.144, -0.047]
[0.064, 0.135, -0.045]
[0.061, 0.126, -0.044]
[0.058, 0.118, -0.043]
[0.056, 0.11, -0.041]
[0.054, 0.102, -0.041]
[0.048, 0.093, -0.041]
[0.043, 0.083, -0.041]
[0.035, 0.073, -0.043]
[0.031, 0.063, -0.045]
[0.018, 0.043, -0.048]
[0.018, 0.043, -0.048]
[0.016, 0.033, -0.048]
[0.012, 0.025, -0.048]
[0.012, 0.009, -0.049]
[0.012, 0.009, -0.049]
[0.012, 0.002, -0.051]
[0.013, -0.004, -0.051]
[0.015, -0.012, -0.052]
[0.017, -0.019, -0.053]
[0.018, -0.025, -0.053]
[0.019, -0.031, -0.053]
[0.02, -0.036, -0.052]
[0.022, -0.04, -0.051]
[0.024, -0.045, -0.051]
[0.028, -0.05, -0.049]
[0.03, -0.055, -0.048]
[0.032, -0.06, -0.045]
[0.035, -0.064, -0.042]
[0.037, -0.068, -0.039]
[0.039, -0.072, -0.036]
[0.041, -0.076, -0.033]
[0.043, -0.08, -0.031]
[0.044, -0.083, -0.029]
[0.046, -0.087, -0.026]
[0.048, -0.091, -0.024]
[0.049, -0.095, -0.021]
[0.05, -0.099, -0.018]
[0.051, -0.103, -0.015]
[0.053, -0.107, -0.012]
[0.056, -0.112, -0.008]
[0.06, -0.117, -0.006]
[0.062, -0.122, -0.002]
[0.066, -0.127, 0.001]
[0.07, -0.131, 0.005]
[0.071, -0.134, 0.007]
[0.074, -0.136, 0.009]
[0.077, -0.138, 0.012]
[0.079, -0.139, 0.015]
[0.081, -0.14, 0.019]
[0.083, -0.141, 0.024]
[0.086, -0.141, 0.029]
[0.089, -0.141, 0.034]
[0.092, -0.141, 0.038]
[0.097, -0.141, 0.048]
[0.097, -0.141, 0.048]
[0.097, -0.141, 0.053]
[0.098, -0.14, 0.059]
[0.099, -0.139, 0.064]
[0.099, -0.138, 0.069]
[0.1, -0.136, 0.073]
[0.099, -0.136, 0.077]
[0.097, -0.135, 0.08]
[0.093, -0.134, 0.084]
[0.087, -0.133, 0.089]
[0.082, -0.132, 0.093]
[0.076, -0.131, 0.097]
[0.071, -0.13, 0.101]
[0.066, -0.13, 0.104]
[0.061, -0.129, 0.107]
[0.057, -0.128, 0.11]
[0.052, -0.126, 0.113]
[0.047, -0.125, 0.115]
[0.043, -0.123, 0.118]
[0.038, -0.122, 0.119]
[0.033, -0.121, 0.121]
[0.028, -0.12, 0.122]
[0.023, -0.118, 0.124]
[0.02, -0.117, 0.125]
[0.017, -0.116, 0.126]
[0.014, -0.114, 0.127]
[0.012, -0.112, 0.128]
[0.009, -0.111, 0.129]
[0.005, -0.109, 0.131]
[0.0, -0.108, 0.132]
[-0.007, -0.107, 0.134]
[-0.012, -0.106, 0.135]
[-0.016, -0.104, 0.137]
[-0.02, -0.103, 0.138]
[-0.025, -0.101, 0.14]
[-0.038, -0.096, 0.143]
[-0.038, -0.096, 0.143]
[-0.042, -0.094, 0.145]
[-0.045, -0.091, 0.145]
[-0.049, -0.087, 0.146]
[-0.053, -0.084, 0.147]
[-0.055, -0.079, 0.148]
[-0.059, -0.075, 0.15]
[-0.067, -0.071, 0.151]
[-0.073, -0.067, 0.151]
[-0.077, -0.063, 0.152]
[-0.082, -0.058, 0.153]
[-0.087, -0.054, 0.157]
[-0.093, -0.05, 0.159]
[-0.098, -0.046, 0.162]
[-0.102, -0.043, 0.163]
[-0.103, -0.04, 0.163]
[-0.104, -0.038, 0.163]
[-0.103, -0.036, 0.162]
[-0.101, -0.034, 0.162]
[-0.099, -0.032, 0.161]
[-0.096, -0.031, 0.161]
[-0.092, -0.03, 0.161]
[-0.088, -0.029, 0.161]
[-0.083, -0.029, 0.162]
[-0.079, -0.029, 0.163]
[-0.076, -0.029, 0.164]
[-0.076, -0.03, 0.165]
[-0.077, -0.03, 0.166]
[-0.076, -0.03, 0.166]
[-0.073, -0.031, 0.164]
[-0.07, -0.031, 0.162]
[-0.065, -0.031, 0.16]
[-0.062, -0.031, 0.157]
[-0.06, -0.031, 0.155]
[-0.058, -0.031, 0.153]
[-0.061, -0.03, 0.151]
[-0.062, -0.029, 0.149]
[-0.064, -0.028, 0.145]
[-0.064, -0.027, 0.142]
[-0.063, -0.027, 0.139]
[-0.063, -0.026, 0.135]
[-0.066, -0.026, 0.131]
[-0.069, -0.025, 0.127]
[-0.074, -0.024, 0.118]
[-0.074, -0.024, 0.118]
[-0.074, -0.023, 0.113]
[-0.073, -0.023, 0.109]
[-0.071, -0.022, 0.105]
[-0.07, -0.022, 0.101]
[-0.069, -0.022, 0.098]
[-0.071, -0.022, 0.095]
[-0.075, -0.023, 0.091]
[-0.08, -0.024, 0.087]
[-0.085, -0.025, 0.084]
[-0.09, -0.026, 0.082]
[-0.096, -0.027, 0.081]
[-0.1, -0.028, 0.08]
[-0.104, -0.029, 0.079]
[-0.107, -0.029, 0.077]
[-0.11, -0.028, 0.075]
[-0.114, -0.026, 0.073]
[-0.119, -0.025, 0.07]
[-0.124, -0.023, 0.067]
[-0.129, -0.021, 0.064]
[-0.133, -0.019, 0.062]
[-0.136, -0.016, 0.059]
[-0.136, -0.016, 0.059]
[-0.136, -0.015, 0.058]
[-0.135, -0.013, 0.057]
[-0.135, -0.009, 0.056]
[-0.135, -0.009, 0.056]
[-0.136, -0.007, 0.056]
[-0.136, -0.005, 0.057]
[-0.137, -0.003, 0.058]
[-0.137, -0.001, 0.059]
[-0.138, 0.001, 0.06]
[-0.142, 0.003, 0.06]
[-0.144, 0.005, 0.062]
[-0.145, 0.009, 0.064]
[-0.147, 0.012, 0.067]
[-0.147, 0.016, 0.072]
[-0.145, 0.019, 0.076]
[-0.143, 0.022, 0.079]
[-0.128, 0.03, 0.083]
[-0.128, 0.03, 0.083]
[-0.122, 0.032, 0.084]
[-0.117, 0.034, 0.085]
[-0.114, 0.036, 0.086]
[-0.114, 0.038, 0.088]
[-0.112, 0.04, 0.089]
[-0.11, 0.041, 0.092]
[-0.107, 0.043, 0.095]
[-0.105, 0.044, 0.097]
[-0.105, 0.046, 0.099]
[-0.105, 0.047, 0.1]
[-0.108, 0.048, 0.101]
[-0.109, 0.048, 0.1]
[-0.11, 0.049, 0.099]
[-0.112, 0.05, 0.098]
[-0.113, 0.05, 0.096]
[-0.114, 0.052, 0.094]
[-0.117, 0.055, 0.09]
[-0.117, 0.055, 0.09]
[-0.117, 0.057, 0.087]
[-0.116, 0.058, 0.086]
[-0.111, 0.06, 0.085]
[-0.111, 0.06, 0.085]
[-0.109, 0.06, 0.084]
[-0.108, 0.061, 0.082]
[-0.109, 0.06, 0.08]
[-0.112, 0.06, 0.078]
[-0.116, 0.059, 0.075]
[-0.119, 0.058, 0.072]
[-0.123, 0.058, 0.069]
[-0.124, 0.057, 0.066]
[-0.124, 0.057, 0.064]
[-0.124, 0.056, 0.062]
[-0.122, 0.055, 0.062]
[-0.122, 0.055, 0.061]
[-0.123, 0.055, 0.06]
[-0.123, 0.055, 0.057]
[-0.123, 0.055, 0.054]
[-0.123, 0.054, 0.05]
[-0.122, 0.053, 0.046]
[-0.121, 0.05, 0.043]
[-0.116, 0.048, 0.04]
[-0.111, 0.045, 0.037]
[-0.107, 0.043, 0.034]
[-0.104, 0.04, 0.031]
[-0.101, 0.038, 0.028]
[-0.098, 0.036, 0.026]
[-0.096, 0.033, 0.024]
[-0.092, 0.031, 0.022]
[-0.089, 0.028, 0.02]
[-0.086, 0.025, 0.019]
[-0.083, 0.022, 0.018]
[-0.081, 0.019, 0.017]
[-0.08, 0.015, 0.016]
[-0.079, 0.012, 0.015]
[-0.079, 0.007, 0.015]
[-0.08, 0.003, 0.014]
[-0.081, -0.001, 0.013]
[-0.082, -0.004, 0.013]
[-0.083, -0.008, 0.012]
[-0.084, -0.011, 0.011]
[-0.084, -0.014, 0.011]
[-0.086, -0.017, 0.012]
[-0.085, -0.02, 0.011]
[-0.081, -0.023, 0.012]
[-0.078, -0.025, 0.012]
[-0.075, -0.028, 0.012]
[-0.074, -0.03, 0.012]
[-0.071, -0.034, 0.013]
[-0.071, -0.034, 0.013]
[-0.069, -0.035, 0.014]
[-0.067, -0.037, 0.014]
[-0.065, -0.038, 0.014]
[-0.063, -0.038, 0.014]
[-0.06, -0.038, 0.013]
[-0.056, -0.038, 0.013]
[-0.054, -0.038, 0.014]
[-0.052, -0.038, 0.015]
[-0.051, -0.038, 0.016]
[-0.051, -0.037, 0.017]
[-0.049, -0.037, 0.018]
[-0.048, -0.037, 0.018]
[-0.048, -0.037, 0.018]
[-0.049, -0.038, 0.019]
[-0.048, -0.038, 0.019]
[-0.046, -0.038, 0.02]
[-0.042, -0.037, 0.021]
[-0.038, -0.036, 0.021]
[-0.034, -0.035, 0.021]
[-0.031, -0.034, 0.021]
[-0.025, -0.033, 0.021]
[-0.019, -0.032, 0.022]
[-0.014, -0.032, 0.023]
[-0.008, -0.031, 0.024]
[-0.003, -0.029, 0.025]
[-0.0, -0.028, 0.025]
[0.003, -0.026, 0.024]
[0.005, -0.024, 0.024]
[0.007, -0.022, 0.023]
[0.011, -0.02, 0.023]
[0.014, -0.018, 0.022]
[0.015, -0.017, 0.021]
[0.015, -0.014, 0.018]
[0.014, -0.012, 0.015]
[0.014, -0.01, 0.013]
[0.015, -0.009, 0.01]
[0.015, -0.008, 0.008]
[0.016, -0.008, 0.007]
[0.016, -0.009, 0.007]
[0.017, -0.009, 0.008]
[0.018, -0.009, 0.009]
[0.02, -0.008, 0.009]
[0.021, -0.008, 0.01]
[0.023, -0.007, 0.01]
[0.024, -0.005, 0.01]
[0.024, -0.004, 0.009]
[0.024, -0.003, 0.009]
[0.024, -0.002, 0.009]
[0.025, -0.001, 0.008]
[0.031, 0.0, 0.007]
[0.031, 0.0, 0.007]
[0.035, 0.0, 0.007]
[0.037, 0.0, 0.007]
[0.038, -0.001, 0.006]
[0.038, -0.001, 0.006]
[0.038, -0.001, 0.005]
[0.037, -0.002, 0.005]
[0.037, -0.001, 0.004]
[0.036, -0.001, 0.004]
[0.035, -0.001, 0.004]
[0.035, -0.001, 0.003]
[0.036, -0.0, 0.004]
[0.038, -0.0, 0.003]
[0.04, 0.0, 0.003]
[0.042, 0.0, 0.003]
[0.044, 0.001, 0.003]
[0.046, 0.001, 0.004]
[0.045, 0.002, 0.004]
[0.041, 0.004, 0.004]
[0.035, 0.005, 0.005]
[0.03, 0.006, 0.005]
[0.027, 0.008, 0.006]
[0.025, 0.009, 0.007]
[0.025, 0.01, 0.008]
[0.027, 0.011, 0.008]
[0.029, 0.012, 0.007]
[0.031, 0.013, 0.006]
[0.033, 0.014, 0.005]
[0.033, 0.015, 0.005]
[0.033, 0.016, 0.003]
[0.032, 0.017, 0.001]
[0.032, 0.017, -0.001]
[0.033, 0.016, -0.004]
[0.033, 0.016, -0.004]
[0.032, 0.015, -0.003]
[0.029, 0.013, -0.002]
[0.025, 0.011, -0.001]
[0.022, 0.01, -0.001]
[0.02, 0.009, -0.001]
[0.021, 0.009, -0.001]
[0.022, 0.009, -0.002]
[0.021, 0.009, -0.002]
[0.019, 0.01, -0.002]
[0.015, 0.011, -0.003]
[0.012, 0.012, -0.003]
[0.008, 0.014, -0.004]
[0.003, 0.015, -0.005]
[-0.002, 0.016, -0.006]
[-0.009, 0.017, -0.007]
[-0.016, 0.017, -0.009]
[-0.022, 0.017, -0.012]
[-0.029, 0.016, -0.015]
[-0.035, 0.014, -0.017]
[-0.039, 0.012, -0.018]
[-0.041, 0.01, -0.018]
[-0.041, 0.009, -0.018]
[-0.041, 0.009, -0.017]
[-0.044, 0.009, -0.017]
[-0.053, 0.009, -0.017]
[-0.063, 0.009, -0.017]
[-0.071, 0.01, -0.017]
[-0.079, 0.01, -0.015]
[-0.079, 0.01, -0.015]
[-0.081, 0.01, -0.014]
[-0.082, 0.01, -0.013]
[-0.083, 0.01, -0.013]
[-0.085, 0.01, -0.012]
[-0.087, 0.01, -0.012]
[-0.091, 0.012, -0.012]
[-0.093, 0.013, -0.014]
[-0.092, 0.015, -0.015]
[-0.086, 0.016, -0.017]
[-0.081, 0.016, -0.018]
[-0.081, 0.016, -0.018]
[-0.084, 0.016, -0.02]
[-0.088, 0.016, -0.021]
[-0.089, 0.016, -0.022]
[-0.09, 0.015, -0.022]
[-0.09, 0.014, -0.022]
[-0.088, 0.014, -0.021]
[-0.087, 0.013, -0.02]
[-0.084, 0.013, -0.02]
[-0.082, 0.014, -0.019]
[-0.082, 0.015, -0.019]
[-0.086, 0.016, -0.02]
[-0.091, 0.018, -0.021]
