start livelink
[-0.047, 0.022, -0.055]
[-0.048, 0.021, -0.055]
[-0.051, 0.021, -0.056]
[-0.053, 0.021, -0.056]
[-0.032, 0.021, -0.053]
[0.012, 0.036, -0.037]
[-0.099, 0.015, -0.045]
[-0.095, 0.015, -0.043]
[-0.093, 0.015, -0.04]
[-0.089, 0.016, -0.037]
[-0.081, 0.016, -0.034]
[-0.072, 0.017, -0.031]
[-0.061, 0.016, -0.028]
[-0.046, 0.015, -0.026]
[-0.041, 0.016, -0.026]
[-0.035, 0.017, -0.028]
[-0.029, 0.021, -0.028]
[-0.029, 0.021, -0.028]
[-0.024, 0.022, -0.027]
[-0.018, 0.024, -0.027]
[-0.002, 0.026, -0.027]
[-0.002, 0.026, -0.027]
[0.003, 0.027, -0.027]
[0.005, 0.027, -0.026]
[0.003, 0.026, -0.027]
[0.003, 0.026, -0.027]
[-0.0, 0.025, -0.027]
[-0.006, 0.024, -0.027]
[-0.02, 0.021, -0.024]
[-0.02, 0.021, -0.024]
[-0.026, 0.02, -0.022]
[-0.03, 0.019, -0.02]
[-0.033, 0.018, -0.019]
[-0.035, 0.017, -0.019]
[-0.038, 0.015, -0.02]
[-0.041, 0.013, -0.021]
[-0.046, 0.011, -0.022]
[-0.052, 0.009, -0.024]
[-0.061, 0.007, -0.024]
[-0.067, 0.005, -0.024]
[-0.075, 0.002, -0.025]
[-0.082, -0.001, -0.026]
[-0.09, -0.003, -0.027]
[-0.095, -0.006, -0.028]
[-0.102, -0.009, -0.029]
[-0.108, -0.012, -0.03]
[-0.113, -0.014, -0.03]
[-0.118, -0.015, -0.03]
[-0.12, -0.017, -0.029]
[-0.127, -0.019, -0.029]
[-0.127, -0.019, -0.029]
[-0.128, -0.02, -0.029]
[-0.13, -0.02, -0.031]
[-0.131, -0.019, -0.033]
[-0.131, -0.018, -0.035]
[-0.131, -0.017, -0.037]
[-0.13, -0.016, -0.036]
[-0.13, -0.016, -0.036]
[-0.128, -0.016, -0.034]
[-0.124, -0.016, -0.03]
[-0.118, -0.012, -0.02]
[-0.118, -0.012, -0.02]
[-0.121, -0.01, -0.013]
[-0.123, -0.006, -0.006]
[-0.116, 0.001, 0.012]
[-0.116, 0.001, 0.012]
[-0.109, 0.004, 0.021]
[-0.104, 0.007, 0.029]
[-0.099, 0.01, 0.038]
[-0.096, 0.013, 0.045]
[-0.094, 0.016, 0.051]
[-0.091, 0.018, 0.056]
[-0.089, 0.02, 0.059]
[-0.087, 0.023, 0.061]
[-0.085, 0.026, 0.062]
[-0.084, 0.028, 0.063]
[-0.083, 0.03, 0.062]
[-0.083, 0.032, 0.061]
[-0.081, 0.034, 0.06]
[-0.079, 0.036, 0.06]
[-0.077, 0.038, 0.06]
[-0.074, 0.04, 0.06]
[-0.072, 0.041, 0.061]
[-0.069, 0.043, 0.061]
[-0.067, 0.044, 0.061]
[-0.064, 0.045, 0.061]
[-0.062, 0.047, 0.061]
[-0.059, 0.048, 0.06]
[-0.057, 0.048, 0.06]
[-0.055, 0.049, 0.06]
[-0.054, 0.05, 0.06]
[-0.054, 0.051, 0.059]
[-0.055, 0.051, 0.059]
[-0.056, 0.052, 0.058]
[-0.056, 0.053, 0.057]
[-0.054, 0.053, 0.056]
[-0.051, 0.054, 0.055]
[-0.047, 0.055, 0.053]
[-0.044, 0.056, 0.05]
[-0.041, 0.057, 0.046]
[-0.037, 0.059, 0.041]
[-0.033, 0.061, 0.036]
[-0.028, 0.062, 0.03]
[-0.024, 0.064, 0.023]
[-0.019, 0.065, 0.015]
[-0.015, 0.065, 0.006]
[-0.011, 0.066, -0.003]
[-0.009, 0.065, -0.02]
[-0.009, 0.065, -0.02]
[-0.014, 0.064, -0.029]
[-0.025, 0.061, -0.037]
[-0.032, 0.06, -0.043]
[-0.038, 0.059, -0.051]
[-0.039, 0.057, -0.062]
[-0.034, 0.055, -0.077]
[-0.031, 0.052, -0.092]
[-0.029, 0.049, -0.107]
[-0.026, 0.047, -0.119]
[-0.021, 0.045, -0.129]
[-0.016, 0.043, -0.139]
[-0.009, 0.041, -0.149]
[-0.003, 0.04, -0.157]
[0.001, 0.039, -0.163]
[0.005, 0.036, -0.167]
[0.007, 0.034, -0.17]
[0.008, 0.031, -0.172]
[0.008, 0.029, -0.172]
[0.008, 0.027, -0.173]
[0.006, 0.025, -0.172]
[0.005, 0.023, -0.17]
[0.004, 0.021, -0.167]
[0.005, 0.018, -0.165]
[0.005, 0.014, -0.16]
[0.005, 0.011, -0.156]
[0.005, 0.007, -0.15]
[0.007, 0.002, -0.14]
[0.016, -0.005, -0.103]
[0.016, -0.005, -0.103]
[0.024, -0.01, -0.073]
[0.038, -0.014, -0.035]
[0.064, -0.024, 0.04]
[0.064, -0.024, 0.04]
[0.068, -0.028, 0.068]
[0.072, -0.031, 0.095]
[0.078, -0.034, 0.122]
[0.085, -0.036, 0.146]
[0.094, -0.036, 0.165]
[0.102, -0.037, 0.191]
[0.102, -0.037, 0.191]
[0.104, -0.036, 0.199]
[0.103, -0.036, 0.206]
[0.102, -0.035, 0.21]
[0.1, -0.035, 0.214]
[0.099, -0.034, 0.215]
[0.098, -0.034, 0.216]
[0.099, -0.034, 0.215]
[0.1, -0.034, 0.209]
[0.1, -0.034, 0.199]
[0.099, -0.033, 0.185]
[0.097, -0.032, 0.173]
[0.095, -0.031, 0.157]
[0.093, -0.027, 0.134]
[0.094, -0.017, 0.087]
[0.094, -0.017, 0.087]
[0.091, -0.013, 0.065]
[0.088, -0.01, 0.044]
[0.083, -0.007, 0.022]
[0.075, -0.005, -0.001]
[0.072, -0.004, -0.022]
[0.066, -0.002, -0.043]
[0.064, 0.0, -0.061]
[0.062, 0.003, -0.081]
[0.058, 0.006, -0.097]
[0.056, 0.01, -0.114]
[0.056, 0.013, -0.13]
[0.059, 0.017, -0.145]
[0.067, 0.023, -0.174]
[0.067, 0.023, -0.174]
[0.07, 0.026, -0.188]
[0.07, 0.028, -0.2]
[0.074, 0.031, -0.215]
[0.074, 0.031, -0.215]
[0.073, 0.033, -0.221]
[0.07, 0.033, -0.226]
[0.061, 0.035, -0.237]
[0.061, 0.035, -0.237]
[0.056, 0.035, -0.24]
[0.05, 0.035, -0.241]
[0.035, 0.031, -0.239]
[0.035, 0.031, -0.239]
[0.026, 0.028, -0.235]
[0.017, 0.025, -0.23]
[0.01, 0.022, -0.225]
[0.002, 0.02, -0.22]
[-0.013, 0.018, -0.214]
[-0.026, 0.016, -0.209]
[-0.039, 0.015, -0.204]
[-0.049, 0.013, -0.2]
[-0.073, 0.009, -0.196]
[-0.106, 0.005, -0.191]
[-0.131, 0.001, -0.181]
[-0.149, -0.003, -0.168]
[-0.163, -0.007, -0.153]
[-0.18, -0.012, -0.135]
[-0.193, -0.015, -0.121]
[-0.197, -0.018, -0.108]
[-0.206, -0.021, -0.095]
[-0.211, -0.024, -0.083]
[-0.216, -0.027, -0.071]
[-0.221, -0.031, -0.058]
[-0.221, -0.034, -0.045]
[-0.218, -0.037, -0.033]
[-0.209, -0.04, -0.022]
[-0.187, -0.047, 0.001]
[-0.187, -0.047, 0.001]
[-0.172, -0.049, 0.014]
[-0.161, -0.05, 0.026]
[-0.151, -0.051, 0.035]
[-0.142, -0.052, 0.044]
[-0.133, -0.053, 0.052]
[-0.127, -0.053, 0.058]
[-0.123, -0.053, 0.063]
[-0.118, -0.053, 0.065]
[-0.113, -0.053, 0.066]
[-0.108, -0.053, 0.066]
[-0.103, -0.053, 0.064]
[-0.098, -0.052, 0.062]
[-0.093, -0.051, 0.058]
[-0.086, -0.048, 0.052]
[-0.082, -0.044, 0.044]
[-0.082, -0.039, 0.031]
[-0.085, -0.033, 0.015]
[-0.085, -0.029, -0.0]
[-0.088, -0.024, -0.015]
[-0.09, -0.02, -0.028]
[-0.09, -0.017, -0.039]
[-0.088, -0.014, -0.046]
[-0.084, -0.011, -0.053]
[-0.078, -0.009, -0.061]
[-0.069, -0.006, -0.068]
[-0.06, -0.003, -0.075]
[-0.052, 0.0, -0.082]
[-0.043, 0.003, -0.088]
[-0.038, 0.005, -0.093]
[-0.036, 0.007, -0.097]
[-0.033, 0.008, -0.1]
[-0.03, 0.01, -0.1]
[-0.025, 0.011, -0.099]
[-0.018, 0.011, -0.096]
[-0.011, 0.01, -0.091]
[-0.007, 0.01, -0.086]
[-0.004, 0.01, -0.081]
[-0.002, 0.01, -0.074]
[0.001, 0.01, -0.067]
[0.007, 0.011, -0.057]
[0.016, 0.011, -0.036]
[0.016, 0.011, -0.036]
[0.018, 0.01, -0.025]
[0.022, 0.008, -0.011]
[0.028, 0.007, 0.002]
[0.03, 0.006, 0.014]
[0.033, 0.006, 0.027]
[0.037, 0.005, 0.038]
[0.043, 0.004, 0.048]
[0.049, 0.002, 0.059]
[0.057, -0.002, 0.072]
[0.063, -0.004, 0.086]
[0.067, -0.008, 0.098]
[0.072, -0.01, 0.107]
[0.075, -0.012, 0.115]
[0.079, -0.014, 0.122]
[0.083, -0.015, 0.127]
[0.087, -0.016, 0.131]
[0.09, -0.018, 0.134]
[0.092, -0.019, 0.137]
[0.094, -0.02, 0.14]
[0.096, -0.021, 0.144]
[0.097, -0.023, 0.147]
[0.097, -0.023, 0.149]
[0.096, -0.024, 0.15]
[0.093, -0.025, 0.15]
[0.089, -0.024, 0.148]
[0.084, -0.024, 0.144]
[0.084, -0.024, 0.144]
[0.081, -0.024, 0.141]
[0.079, -0.023, 0.136]
[0.078, -0.021, 0.128]
[0.077, -0.019, 0.117]
[0.079, -0.018, 0.107]
[0.079, -0.018, 0.096]
[0.075, -0.017, 0.086]
[0.069, -0.017, 0.075]
[0.066, -0.017, 0.063]
[0.069, -0.016, 0.053]
[0.07, -0.015, 0.042]
[0.072, -0.015, 0.031]
[0.069, -0.015, 0.02]
[0.062, -0.016, -0.003]
[0.062, -0.016, -0.003]
[0.057, -0.016, -0.015]
[0.055, -0.015, -0.024]
[0.053, -0.015, -0.031]
[0.05, -0.014, -0.037]
[0.048, -0.014, -0.042]
[0.045, -0.014, -0.045]
[0.045, -0.014, -0.046]
[0.045, -0.014, -0.046]
[0.051, -0.013, -0.041]
[0.051, -0.013, -0.041]
[0.052, -0.012, -0.038]
[0.052, -0.012, -0.034]
[0.046, -0.013, -0.025]
[0.046, -0.013, -0.025]
[0.043, -0.013, -0.018]
[0.04, -0.013, -0.012]
[0.037, -0.013, -0.006]
[0.033, -0.012, 0.0]
[0.029, -0.012, 0.006]
[0.026, -0.011, 0.013]
[0.022, -0.01, 0.022]
[0.022, -0.01, 0.029]
[0.03, -0.008, 0.043]
[0.03, -0.008, 0.043]
[0.036, -0.007, 0.046]
[0.04, -0.007, 0.05]
[0.044, -0.006, 0.052]
[0.047, -0.006, 0.054]
[0.048, -0.006, 0.058]
[0.051, -0.005, 0.062]
[0.052, -0.005, 0.067]
[0.052, -0.004, 0.069]
[0.051, -0.003, 0.071]
[0.048, -0.002, 0.072]
[0.045, -0.001, 0.069]
[0.04, 0.001, 0.064]
[0.038, 0.002, 0.058]
[0.034, 0.004, 0.052]
[0.031, 0.005, 0.048]
[0.028, 0.006, 0.045]
[0.025, 0.007, 0.041]
[0.023, 0.007, 0.038]
[0.023, 0.008, 0.035]
[0.024, 0.009, 0.031]
[0.026, 0.01, 0.028]
[0.027, 0.01, 0.026]
[0.028, 0.011, 0.023]
[0.028, 0.012, 0.021]
[0.025, 0.013, 0.015]
[0.025, 0.013, 0.015]
[0.024, 0.014, 0.013]
[0.024, 0.014, 0.01]
[0.025, 0.014, 0.007]
[0.027, 0.013, 0.004]
[0.03, 0.013, 0.002]
[0.032, 0.012, -0.0]
[0.034, 0.012, -0.001]
[0.036, 0.011, -0.001]
[0.037, 0.01, -0.0]
[0.037, 0.009, 0.0]
[0.038, 0.007, 0.0]
[0.038, 0.007, 0.0]
[0.04, 0.007, -0.002]
[0.041, 0.006, -0.004]
[0.039, 0.005, -0.007]
[0.038, 0.003, -0.01]
[0.037, 0.002, -0.013]
[0.038, 0.002, -0.017]
[0.04, 0.001, -0.021]
[0.042, -0.0, -0.026]
[0.046, -0.002, -0.033]
[0.046, -0.002, -0.033]
[0.046, -0.003, -0.038]
[0.046, -0.004, -0.043]
[0.048, -0.006, -0.048]
[0.051, -0.007, -0.055]
[0.053, -0.008, -0.06]
[0.056, -0.01, -0.065]
[0.06, -0.011, -0.069]
[0.061, -0.013, -0.073]
[0.062, -0.015, -0.078]
[0.064, -0.017, -0.082]
[0.064, -0.019, -0.086]
[0.064, -0.021, -0.089]
[0.063, -0.023, -0.09]
[0.06, -0.024, -0.091]
[0.057, -0.026, -0.089]
[0.055, -0.028, -0.085]
[0.056, -0.03, -0.08]
[0.058, -0.031, -0.071]
[0.063, -0.032, -0.062]
[0.068, -0.033, -0.052]
[0.071, -0.034, -0.044]
[0.071, -0.034, -0.036]
[0.073, -0.034, -0.026]
[0.075, -0.034, -0.016]
[0.075, -0.034, -0.005]
[0.072, -0.034, 0.007]
[0.071, -0.034, 0.019]
[0.07, -0.033, 0.032]
[0.072, -0.032, 0.045]
[0.074, -0.031, 0.054]
[0.077, -0.029, 0.063]
[0.079, -0.028, 0.069]
[0.079, -0.026, 0.074]
[0.08, -0.023, 0.076]
[0.082, -0.02, 0.078]
[0.084, -0.016, 0.081]
[0.086, -0.013, 0.085]
[0.087, -0.011, 0.089]
[0.088, -0.008, 0.093]
[0.089, -0.006, 0.095]
[0.092, -0.004, 0.096]
[0.095, -0.001, 0.098]
[0.099, 0.001, 0.099]
[0.101, 0.003, 0.1]
[0.101, 0.005, 0.103]
[0.102, 0.007, 0.105]
[0.101, 0.009, 0.107]
[0.101, 0.011, 0.108]
[0.102, 0.013, 0.109]
[0.103, 0.015, 0.108]
[0.103, 0.017, 0.109]
[0.104, 0.019, 0.109]
[0.104, 0.023, 0.11]
[0.104, 0.023, 0.11]
[0.104, 0.024, 0.11]
[0.104, 0.025, 0.11]
[0.103, 0.026, 0.11]
[0.103, 0.026, 0.11]
[0.102, 0.027, 0.109]
[0.102, 0.028, 0.108]
[0.103, 0.029, 0.104]
[0.103, 0.029, 0.104]
[0.102, 0.03, 0.102]
[0.101, 0.032, 0.099]
[0.101, 0.033, 0.094]
[0.102, 0.032, 0.087]
[0.104, 0.032, 0.078]
[0.104, 0.032, 0.068]
[0.102, 0.032, 0.06]
[0.099, 0.032, 0.052]
[0.091, 0.032, 0.038]
[0.091, 0.032, 0.038]
[0.091, 0.031, 0.032]
[0.092, 0.03, 0.025]
[0.094, 0.029, 0.019]
[0.094, 0.027, 0.013]
[0.092, 0.026, 0.007]
[0.089, 0.025, 0.003]
[0.086, 0.022, -0.008]
[0.086, 0.022, -0.008]
[0.087, 0.021, -0.012]
[0.087, 0.019, -0.016]
[0.084, 0.014, -0.021]
[0.084, 0.014, -0.021]
[0.081, 0.012, -0.023]
[0.079, 0.011, -0.025]
[0.077, 0.009, -0.028]
[0.075, 0.008, -0.03]
[0.073, 0.007, -0.032]
[0.07, 0.005, -0.034]
[0.067, 0.004, -0.035]
[0.064, 0.002, -0.035]
[0.063, 0.001, -0.034]
[0.062, -0.001, -0.034]
[0.061, -0.002, -0.034]
[0.06, -0.003, -0.034]
[0.058, -0.005, -0.034]
[0.058, -0.005, -0.034]
[0.057, -0.005, -0.034]
[0.057, -0.006, -0.034]
[0.062, -0.006, -0.031]
[0.062, -0.006, -0.031]
[0.064, -0.006, -0.03]
[0.066, -0.006, -0.028]
[0.067, -0.006, -0.027]
[0.067, -0.006, -0.024]
[0.066, -0.006, -0.023]
[0.065, -0.005, -0.021]
[0.064, -0.004, -0.019]
[0.064, -0.004, -0.018]
[0.063, -0.003, -0.017]
[0.063, -0.002, -0.017]
[0.063, -0.001, -0.017]
[0.062, -0.0, -0.016]
[0.061, 0.001, -0.015]
[0.058, 0.002, -0.014]
[0.055, 0.004, -0.013]
[0.051, 0.005, -0.011]
[0.045, 0.006, -0.009]
[0.037, 0.007, -0.007]
[0.024, 0.009, -0.006]
[0.014, 0.011, -0.006]
[0.003, 0.012, -0.006]
[-0.009, 0.014, -0.006]
[-0.022, 0.014, -0.007]
[-0.033, 0.015, -0.009]
[-0.04, 0.016, -0.011]
[-0.045, 0.016, -0.013]
[-0.046, 0.016, -0.014]
[-0.049, 0.015, -0.015]
[-0.051, 0.014, -0.017]
[-0.053, 0.013, -0.018]
[-0.051, 0.011, -0.02]
[-0.046, 0.01, -0.022]
[-0.041, 0.009, -0.022]
[-0.04, 0.008, -0.023]
[-0.043, 0.007, -0.023]
[-0.048, 0.005, -0.022]
[-0.061, 0.001, -0.021]
[-0.061, 0.001, -0.021]
[-0.065, -0.0, -0.02]
[-0.07, -0.002, -0.02]
[-0.07, -0.004, -0.021]
[-0.074, -0.005, -0.024]
[-0.073, -0.008, -0.028]
[-0.072, -0.01, -0.031]
[-0.073, -0.013, -0.034]
[-0.069, -0.017, -0.038]
[-0.069, -0.017, -0.038]
[-0.064, -0.02, -0.041]
[-0.062, -0.023, -0.044]
[-0.055, -0.026, -0.047]
[-0.051, -0.028, -0.05]
[-0.05, -0.029, -0.051]
[-0.049, -0.031, -0.053]
[-0.05, -0.033, -0.053]
[-0.051, -0.034, -0.054]
[-0.048, -0.036, -0.056]
[-0.042, -0.037, -0.056]
[-0.035, -0.038, -0.055]
[-0.029, -0.039, -0.055]
[-0.024, -0.04, -0.055]
[-0.02, -0.042, -0.056]
[-0.02, -0.042, -0.056]
[-0.02, -0.043, -0.056]
[-0.018, -0.044, -0.056]
[-0.017, -0.046, -0.055]
[-0.016, -0.047, -0.053]
[-0.014, -0.048, -0.052]
[-0.013, -0.049, -0.052]
[-0.013, -0.052, -0.052]
[-0.013, -0.052, -0.052]
[-0.014, -0.053, -0.051]
[-0.015, -0.055, -0.05]
[-0.014, -0.056, -0.05]
[-0.012, -0.058, -0.049]
[-0.009, -0.059, -0.049]
[-0.007, -0.061, -0.047]
[-0.009, -0.063, -0.045]
[-0.01, -0.065, -0.043]
[-0.011, -0.067, -0.041]
[-0.01, -0.068, -0.04]
[-0.009, -0.069, -0.039]
[-0.01, -0.07, -0.039]
[-0.011, -0.071, -0.038]
[-0.012, -0.071, -0.037]
[-0.012, -0.07, -0.036]
[-0.013, -0.07, -0.035]
[-0.014, -0.069, -0.036]
[-0.014, -0.069, -0.037]
[-0.014, -0.068, -0.039]
[-0.012, -0.068, -0.04]
[-0.011, -0.067, -0.04]
[-0.011, -0.065, -0.04]
[-0.013, -0.064, -0.039]
[-0.015, -0.063, -0.038]
[-0.018, -0.063, -0.038]
[-0.021, -0.063, -0.038]
[-0.023, -0.062, -0.039]
[-0.023, -0.062, -0.039]
[-0.023, -0.061, -0.039]
[-0.023, -0.06, -0.039]
[-0.023, -0.058, -0.039]
[-0.023, -0.056, -0.04]
[-0.018, -0.054, -0.042]
[-0.012, -0.052, -0.043]
[-0.001, -0.051, -0.045]
[0.007, -0.05, -0.046]
[0.014, -0.05, -0.045]
[0.019, -0.05, -0.044]
[0.021, -0.05, -0.044]
[0.022, -0.05, -0.043]
[0.023, -0.05, -0.044]
[0.024, -0.049, -0.044]
[0.024, -0.049, -0.045]
[0.024, -0.048, -0.045]
[0.022, -0.048, -0.045]
[0.021, -0.048, -0.045]
[0.018, -0.048, -0.046]
[0.015, -0.048, -0.047]
[0.014, -0.048, -0.048]
[0.013, -0.049, -0.049]
[0.013, -0.049, -0.05]
[0.014, -0.049, -0.051]
[0.014, -0.049, -0.053]
[0.015, -0.049, -0.054]
[0.018, -0.049, -0.055]
[0.021, -0.048, -0.057]
[0.024, -0.048, -0.059]
[0.027, -0.049, -0.061]
[0.029, -0.049, -0.063]
[0.031, -0.05, -0.065]
[0.033, -0.051, -0.066]
[0.036, -0.052, -0.067]
[0.038, -0.053, -0.068]
[0.039, -0.053, -0.069]
[0.038, -0.054, -0.069]
[0.034, -0.054, -0.068]
[0.022, -0.053, -0.065]
[0.022, -0.053, -0.065]
[0.019, -0.052, -0.064]
[0.017, -0.051, -0.064]
[0.016, -0.051, -0.063]
[0.015, -0.051, -0.062]
[0.014, -0.052, -0.062]
[0.014, -0.052, -0.061]
[0.014, -0.053, -0.061]
[0.015, -0.053, -0.061]
[0.014, -0.053, -0.061]
[0.014, -0.054, -0.061]
[0.013, -0.054, -0.062]
[0.013, -0.054, -0.062]
[0.014, -0.054, -0.062]
[0.014, -0.054, -0.062]
[0.013, -0.052, -0.062]
[0.013, -0.052, -0.062]
[0.011, -0.051, -0.062]
[0.011, -0.051, -0.062]
[0.011, -0.051, -0.062]
[0.011, -0.051, -0.063]
[0.012, -0.051, -0.064]
[0.014, -0.051, -0.064]
[0.016, -0.051, -0.065]
[0.017, -0.051, -0.066]
[0.019, -0.051, -0.067]
[0.021, -0.05, -0.067]
[0.023, -0.05, -0.067]
[0.025, -0.049, -0.067]
[0.027, -0.049, -0.066]
[0.029, -0.048, -0.066]
[0.03, -0.048, -0.065]
[0.032, -0.047, -0.065]
[0.036, -0.047, -0.064]
[0.04, -0.046, -0.063]
[0.046, -0.045, -0.062]
[0.046, -0.045, -0.062]
[0.047, -0.043, -0.062]
[0.047, -0.042, -0.062]
[0.048, -0.041, -0.061]
[0.049, -0.04, -0.061]
[0.048, -0.039, -0.062]
[0.049, -0.039, -0.062]
[0.048, -0.037, -0.061]
[0.048, -0.037, -0.061]
[0.048, -0.035, -0.061]
[0.047, -0.034, -0.061]
[0.047, -0.032, -0.06]
[0.047, -0.031, -0.061]
[0.048, -0.029, -0.061]
[0.049, -0.028, -0.06]
[0.052, -0.024, -0.059]
[0.052, -0.024, -0.059]
[0.055, -0.022, -0.058]
[0.058, -0.02, -0.057]
[0.059, -0.017, -0.057]
[0.058, -0.015, -0.056]
[0.056, -0.013, -0.056]
[0.054, -0.011, -0.056]
[0.051, -0.009, -0.056]
[0.048, -0.006, -0.056]
[0.045, -0.004, -0.054]
[0.044, -0.0, -0.052]
[0.047, 0.009, -0.048]
[0.047, 0.009, -0.048]
[0.049, 0.014, -0.046]
[0.051, 0.018, -0.044]
[0.051, 0.021, -0.042]
[0.051, 0.025, -0.041]
[0.053, 0.027, -0.039]
[0.053, 0.03, -0.037]
[0.055, 0.031, -0.035]
[0.055, 0.033, -0.032]
[0.053, 0.034, -0.03]
[0.051, 0.034, -0.028]
[0.049, 0.035, -0.025]
[0.047, 0.036, -0.024]
[0.044, 0.036, -0.023]
[0.042, 0.037, -0.021]
[0.041, 0.038, -0.021]
[0.038, 0.039, -0.02]
[0.036, 0.04, -0.019]
[0.033, 0.04, -0.019]
[0.029, 0.04, -0.019]
[0.026, 0.041, -0.018]
[0.023, 0.041, -0.018]
[0.021, 0.042, -0.018]
[0.018, 0.042, -0.017]
[0.016, 0.042, -0.017]
[0.014, 0.041, -0.016]
[0.01, 0.041, -0.016]
[0.008, 0.04, -0.016]
[0.003, 0.04, -0.017]
[-0.009, 0.038, -0.019]
[-0.009, 0.038, -0.019]
[-0.016, 0.037, -0.02]
[-0.02, 0.037, -0.022]
[-0.024, 0.036, -0.024]
[-0.028, 0.035, -0.026]
[-0.034, 0.034, -0.029]
[-0.039, 0.033, -0.031]
[-0.046, 0.032, -0.033]
[-0.05, 0.032, -0.035]
[-0.055, 0.029, -0.039]
[-0.055, 0.029, -0.039]
[-0.059, 0.026, -0.042]
[-0.059, 0.026, -0.042]
[-0.057, 0.023, -0.045]
[-0.057, 0.023, -0.045]
[-0.046, 0.02, -0.048]
[-0.046, 0.02, -0.048]
[-0.039, 0.019, -0.05]
[-0.035, 0.018, -0.052]
[-0.031, 0.014, -0.055]
[-0.031, 0.014, -0.055]
[-0.029, 0.012, -0.056]
[-0.026, 0.011, -0.056]
[-0.021, 0.009, -0.056]
[-0.017, 0.008, -0.057]
[-0.009, 0.005, -0.059]
[-0.009, 0.005, -0.059]
[-0.006, 0.003, -0.06]
[-0.002, 0.001, -0.06]
[0.0, -0.003, -0.06]
[0.0, -0.003, -0.06]
[0.002, -0.005, -0.06]
[0.001, -0.007, -0.061]
[0.006, -0.01, -0.068]
[0.006, -0.01, -0.068]
[0.008, -0.011, -0.072]
[0.011, -0.012, -0.075]
[0.015, -0.014, -0.08]
[0.015, -0.014, -0.08]
[0.017, -0.015, -0.081]
[0.02, -0.016, -0.081]
[0.025, -0.017, -0.079]
[0.025, -0.017, -0.079]
[0.026, -0.017, -0.077]
[0.028, -0.018, -0.076]
[0.032, -0.018, -0.073]
[0.032, -0.018, -0.073]
[0.033, -0.018, -0.072]
[0.034, -0.018, -0.072]
[0.035, -0.018, -0.071]
[0.035, -0.018, -0.071]
[0.035, -0.018, -0.071]
[0.036, -0.017, -0.071]
[0.035, -0.016, -0.07]
[0.035, -0.016, -0.07]
[0.035, -0.015, -0.069]
[0.035, -0.015, -0.067]
[0.035, -0.014, -0.066]
[0.034, -0.013, -0.065]
[0.032, -0.013, -0.063]
[0.029, -0.012, -0.062]
[0.028, -0.011, -0.06]
[0.027, -0.009, -0.059]
[0.027, -0.008, -0.058]
[0.026, -0.007, -0.058]
[0.025, -0.006, -0.058]
[0.024, -0.006, -0.058]
[0.023, -0.006, -0.057]
[0.022, -0.007, -0.056]
[0.02, -0.007, -0.053]
[0.02, -0.007, -0.053]
[0.02, -0.007, -0.051]
[0.021, -0.005, -0.048]
[0.027, -0.0, -0.043]
[0.027, -0.0, -0.043]
[0.03, 0.002, -0.042]
[0.033, 0.004, -0.042]
[0.038, 0.008, -0.036]
[0.038, 0.008, -0.036]
[0.044, 0.011, -0.033]
[0.048, 0.013, -0.029]
[0.05, 0.016, -0.021]
[0.05, 0.016, -0.021]
[0.048, 0.018, -0.017]
[0.045, 0.02, -0.012]
[0.045, 0.022, -0.007]
[0.044, 0.024, -0.001]
[0.046, 0.026, 0.004]
[0.047, 0.027, 0.01]
[0.046, 0.029, 0.017]
[0.047, 0.03, 0.024]
[0.045, 0.032, 0.03]
[0.043, 0.034, 0.035]
[0.041, 0.036, 0.041]
[0.036, 0.038, 0.05]
[0.028, 0.042, 0.068]
[0.028, 0.042, 0.068]
[0.027, 0.043, 0.075]
[0.028, 0.043, 0.081]
[0.029, 0.044, 0.085]
[0.03, 0.044, 0.089]
[0.031, 0.046, 0.092]
[0.031, 0.047, 0.095]
[0.03, 0.048, 0.097]
[0.029, 0.049, 0.099]
[0.028, 0.049, 0.099]
[0.027, 0.05, 0.099]
[0.028, 0.051, 0.099]
[0.029, 0.052, 0.099]
[0.032, 0.051, 0.099]
[0.034, 0.05, 0.097]
[0.034, 0.05, 0.097]
[0.037, 0.049, 0.094]
[0.047, 0.046, 0.089]
[0.047, 0.046, 0.089]
[0.052, 0.045, 0.088]
[0.056, 0.044, 0.087]
[0.063, 0.043, 0.085]
[0.063, 0.043, 0.085]
[0.066, 0.041, 0.083]
[0.068, 0.04, 0.08]
[0.071, 0.037, 0.075]
[0.071, 0.037, 0.075]
[0.071, 0.035, 0.071]
[0.072, 0.033, 0.067]
[0.074, 0.031, 0.062]
[0.077, 0.028, 0.057]
[0.083, 0.021, 0.045]
[0.083, 0.021, 0.045]
[0.086, 0.019, 0.039]
[0.088, 0.016, 0.03]
[0.089, 0.013, 0.019]
[0.089, 0.013, 0.019]
[0.089, 0.012, 0.014]
[0.087, 0.009, 0.009]
[0.082, 0.007, 0.005]
[0.076, 0.004, -0.001]
[0.074, 0.001, -0.008]
[0.073, -0.002, -0.016]
[0.074, -0.005, -0.023]
[0.076, -0.007, -0.03]
[0.075, -0.01, -0.039]
[0.073, -0.011, -0.046]
[0.061, -0.017, -0.063]
[0.061, -0.017, -0.063]
[0.054, -0.02, -0.07]
[0.052, -0.022, -0.076]
[0.049, -0.027, -0.089]
[0.049, -0.027, -0.089]
[0.048, -0.028, -0.095]
[0.047, -0.03, -0.099]
[0.046, -0.032, -0.102]
[0.047, -0.034, -0.106]
[0.048, -0.036, -0.109]
[0.05, -0.038, -0.111]
[0.051, -0.041, -0.115]
[0.051, -0.041, -0.115]
[0.05, -0.043, -0.115]
[0.049, -0.045, -0.117]
[0.049, -0.047, -0.117]
[0.049, -0.047, -0.117]
[0.05, -0.048, -0.117]
[0.051, -0.049, -0.117]
[0.052, -0.05, -0.116]
[0.051, -0.051, -0.116]
[0.049, -0.053, -0.116]
[0.046, -0.055, -0.116]
[0.042, -0.057, -0.115]
[0.042, -0.057, -0.115]
[0.038, -0.059, -0.114]
[0.034, -0.06, -0.113]
[0.025, -0.061, -0.107]
[0.025, -0.061, -0.107]
[0.02, -0.061, -0.101]
[0.015, -0.06, -0.094]
[0.005, -0.057, -0.081]
[0.005, -0.057, -0.081]
[0.001, -0.055, -0.076]
[-0.002, -0.054, -0.071]
[-0.003, -0.052, -0.066]
[-0.002, -0.051, -0.059]
[-0.001, -0.05, -0.053]
[0.001, -0.049, -0.047]
[0.002, -0.049, -0.042]
[-0.001, -0.047, -0.038]
[-0.001, -0.046, -0.033]
[-0.003, -0.045, -0.029]
[-0.002, -0.043, -0.025]
[0.0, -0.042, -0.021]
[0.002, -0.04, -0.016]
[0.004, -0.038, -0.013]
[0.004, -0.036, -0.009]
[0.006, -0.034, -0.006]
[0.011, -0.029, -0.0]
[0.011, -0.029, -0.0]
[0.013, -0.026, 0.002]
[0.014, -0.023, 0.004]
[0.013, -0.02, 0.005]
[0.012, -0.017, 0.006]
[0.01, -0.014, 0.009]
[0.009, -0.011, 0.012]
[0.01, -0.008, 0.016]
[0.011, -0.005, 0.021]
[0.011, -0.002, 0.025]
[0.011, 0.001, 0.029]
[0.009, 0.003, 0.034]
[0.008, 0.006, 0.038]
[0.007, 0.008, 0.043]
[0.007, 0.011, 0.048]
[0.004, 0.014, 0.057]
[0.004, 0.014, 0.057]
[0.002, 0.016, 0.06]
[0.003, 0.018, 0.065]
[0.003, 0.019, 0.071]
[0.003, 0.022, 0.075]
[0.0, 0.024, 0.081]
[-0.007, 0.026, 0.084]
[-0.013, 0.027, 0.087]
[-0.015, 0.028, 0.09]
[-0.014, 0.029, 0.093]
[-0.005, 0.033, 0.1]
[-0.005, 0.033, 0.1]
[-0.001, 0.035, 0.103]
[-0.001, 0.036, 0.105]
[-0.001, 0.038, 0.107]
[0.0, 0.039, 0.109]
[-0.001, 0.04, 0.11]
[-0.002, 0.041, 0.111]
[-0.002, 0.043, 0.112]
[-0.002, 0.043, 0.112]
[-0.001, 0.044, 0.113]
[-0.001, 0.045, 0.113]
[0.0, 0.045, 0.115]
[0.0, 0.045, 0.115]
[0.001, 0.044, 0.114]
[0.002, 0.044, 0.113]
[0.002, 0.043, 0.111]
[0.002, 0.043, 0.106]
[0.002, 0.042, 0.099]
[0.005, 0.042, 0.091]
[0.006, 0.042, 0.082]
[0.006, 0.041, 0.074]
[0.008, 0.041, 0.066]
[0.008, 0.04, 0.06]
[0.007, 0.039, 0.052]
[0.005, 0.038, 0.044]
[0.002, 0.037, 0.037]
[-0.005, 0.035, 0.03]
[-0.008, 0.033, 0.024]
[-0.007, 0.032, 0.016]
[-0.006, 0.031, 0.007]
[-0.007, 0.031, -0.002]
[-0.014, 0.031, -0.011]
[-0.022, 0.031, -0.02]
[-0.03, 0.031, -0.029]
[-0.043, 0.03, -0.039]
[-0.053, 0.029, -0.048]
[-0.061, 0.027, -0.057]
[-0.07, 0.026, -0.067]
[-0.077, 0.024, -0.074]
[-0.081, 0.023, -0.081]
[-0.081, 0.021, -0.087]
[-0.08, 0.019, -0.092]
[-0.079, 0.017, -0.099]
[-0.091, 0.011, -0.12]
[-0.091, 0.011, -0.12]
[-0.092, 0.009, -0.127]
[-0.089, 0.006, -0.137]
[-0.082, 0.001, -0.151]
[-0.082, 0.001, -0.151]
[-0.08, -0.001, -0.158]
[-0.082, -0.004, -0.165]
[-0.077, -0.009, -0.178]
[-0.077, -0.009, -0.178]
[-0.073, -0.011, -0.184]
[-0.07, -0.013, -0.19]
[-0.066, -0.016, -0.198]
[-0.066, -0.016, -0.198]
[-0.064, -0.017, -0.199]
[-0.062, -0.018, -0.2]
[-0.061, -0.02, -0.201]
[-0.061, -0.021, -0.201]
[-0.062, -0.021, -0.201]
[-0.061, -0.022, -0.199]
[-0.061, -0.024, -0.193]
[-0.061, -0.024, -0.193]
[-0.062, -0.025, -0.19]
[-0.064, -0.026, -0.187]
[-0.07, -0.029, -0.183]
[-0.07, -0.029, -0.183]
[-0.073, -0.03, -0.18]
[-0.076, -0.031, -0.178]
[-0.079, -0.032, -0.173]
[-0.079, -0.032, -0.173]
[-0.081, -0.032, -0.172]
[-0.082, -0.032, -0.171]
[-0.084, -0.032, -0.172]
[-0.084, -0.032, -0.172]
[-0.084, -0.033, -0.173]
[-0.084, -0.033, -0.176]
[-0.085, -0.034, -0.18]
[-0.085, -0.034, -0.18]
[-0.086, -0.035, -0.182]
[-0.087, -0.035, -0.182]
[-0.088, -0.035, -0.175]
[-0.088, -0.035, -0.175]
[-0.091, -0.034, -0.17]
[-0.094, -0.033, -0.165]
[-0.094, -0.03, -0.152]
[-0.088, -0.03, -0.139]
[-0.088, -0.03, -0.139]
[-0.087, -0.031, -0.124]
[-0.078, -0.031, -0.088]
[-0.078, -0.031, -0.088]
[-0.066, -0.029, -0.071]
[-0.048, -0.029, -0.053]
[-0.011, -0.03, -0.016]
[-0.011, -0.03, -0.016]
[-0.0, -0.031, -0.002]
[0.009, -0.031, 0.013]
[0.018, -0.031, 0.04]
[0.018, -0.031, 0.04]
[0.022, -0.031, 0.05]
[0.025, -0.031, 0.06]
[0.028, -0.032, 0.071]
[0.031, -0.031, 0.082]
[0.034, -0.03, 0.093]
[0.037, -0.03, 0.102]
[0.044, -0.029, 0.117]
[0.044, -0.029, 0.117]
[0.047, -0.029, 0.121]
[0.053, -0.029, 0.126]
[0.057, -0.03, 0.13]
[0.062, -0.03, 0.134]
[0.066, -0.031, 0.139]
[0.068, -0.032, 0.144]
[0.069, -0.032, 0.146]
[0.067, -0.033, 0.149]
[0.067, -0.033, 0.149]
[0.067, -0.033, 0.15]
[0.069, -0.033, 0.151]
[0.071, -0.033, 0.154]
[0.072, -0.032, 0.157]
[0.074, -0.032, 0.159]
[0.075, -0.032, 0.162]
[0.076, -0.031, 0.163]
[0.077, -0.031, 0.165]
[0.077, -0.03, 0.166]
[0.078, -0.029, 0.167]
[0.078, -0.029, 0.167]
[0.077, -0.029, 0.167]
[0.076, -0.029, 0.167]
[0.073, -0.03, 0.167]
[0.073, -0.03, 0.167]
[0.072, -0.03, 0.165]
[0.071, -0.031, 0.164]
[0.07, -0.031, 0.161]
[0.068, -0.032, 0.159]
[0.067, -0.032, 0.157]
[0.066, -0.032, 0.155]
[0.065, -0.032, 0.154]
[0.064, -0.032, 0.153]
[0.063, -0.033, 0.152]
[0.062, -0.033, 0.15]
[0.061, -0.034, 0.149]
[0.06, -0.034, 0.148]
[0.059, -0.034, 0.147]
[0.058, -0.035, 0.146]
[0.058, -0.035, 0.143]
[0.057, -0.035, 0.141]
[0.056, -0.035, 0.137]
[0.055, -0.036, 0.134]
[0.055, -0.036, 0.13]
[0.056, -0.036, 0.127]
[0.056, -0.036, 0.122]
[0.057, -0.036, 0.116]
[0.056, -0.036, 0.107]
[0.054, -0.036, 0.098]
[0.051, -0.036, 0.087]
[0.047, -0.035, 0.075]
[0.041, -0.034, 0.061]
[0.032, -0.033, 0.044]
[0.02, -0.032, 0.025]
[0.008, -0.032, 0.005]
[-0.003, -0.032, -0.011]
[-0.011, -0.031, -0.024]
[-0.017, -0.031, -0.036]
[-0.021, -0.03, -0.046]
[-0.018, -0.028, -0.066]
[-0.018, -0.028, -0.066]
[-0.017, -0.027, -0.077]
[-0.018, -0.025, -0.089]
[-0.018, -0.023, -0.112]
[-0.018, -0.023, -0.112]
[-0.019, -0.022, -0.122]
[-0.021, -0.021, -0.13]
[-0.022, -0.021, -0.136]
[-0.023, -0.02, -0.142]
[-0.023, -0.02, -0.148]
[-0.024, -0.019, -0.155]
[-0.023, -0.018, -0.162]
[-0.025, -0.017, -0.169]
[-0.026, -0.016, -0.177]
[-0.023, -0.016, -0.185]
[-0.019, -0.017, -0.192]
[-0.012, -0.017, -0.198]
[-0.006, -0.018, -0.202]
[-0.001, -0.018, -0.207]
[0.003, -0.017, -0.212]
[0.004, -0.015, -0.218]
[0.005, -0.014, -0.222]
[0.007, -0.013, -0.225]
[0.009, -0.013, -0.228]
[0.012, -0.012, -0.23]
[0.014, -0.012, -0.231]
[0.014, -0.012, -0.233]
[0.014, -0.011, -0.233]
[0.013, -0.011, -0.234]
[0.012, -0.011, -0.233]
[0.009, -0.01, -0.232]
[0.007, -0.01, -0.232]
[0.005, -0.009, -0.231]
[-0.0, -0.007, -0.231]
[-0.007, -0.006, -0.229]
[-0.015, -0.006, -0.223]
[-0.026, -0.006, -0.211]
[-0.034, -0.006, -0.195]
[-0.039, -0.008, -0.181]
[-0.039, -0.009, -0.169]
[-0.034, -0.009, -0.155]
[-0.026, -0.011, -0.14]
[-0.018, -0.011, -0.124]
[-0.015, -0.011, -0.11]
[-0.011, -0.01, -0.097]
[-0.008, -0.009, -0.086]
[-0.002, -0.008, -0.076]
[0.002, -0.007, -0.069]
[0.008, -0.005, -0.062]
[0.012, -0.005, -0.055]
[0.016, -0.003, -0.05]
[0.021, -0.0, -0.045]
[0.028, 0.003, -0.04]
[0.039, 0.007, -0.036]
[0.058, 0.012, -0.031]
[0.071, 0.015, -0.026]
[0.079, 0.019, -0.022]
[0.085, 0.021, -0.02]
[0.09, 0.024, -0.017]
[0.097, 0.025, -0.014]
[0.099, 0.027, -0.011]
[0.103, 0.029, -0.007]
[0.106, 0.03, -0.005]
[0.108, 0.032, -0.003]
[0.111, 0.032, -0.0]
[0.114, 0.032, 0.006]
[0.114, 0.032, 0.006]
[0.117, 0.032, 0.009]
[0.119, 0.032, 0.012]
[0.12, 0.032, 0.014]
[0.121, 0.033, 0.016]
[0.121, 0.033, 0.017]
[0.12, 0.033, 0.019]
[0.119, 0.033, 0.021]
[0.118, 0.033, 0.024]
[0.116, 0.033, 0.027]
[0.115, 0.033, 0.029]
[0.114, 0.033, 0.033]
[0.112, 0.032, 0.037]
[0.108, 0.031, 0.048]
[0.108, 0.031, 0.048]
[0.105, 0.03, 0.054]
[0.102, 0.028, 0.06]
[0.093, 0.027, 0.073]
[0.093, 0.027, 0.073]
[0.089, 0.026, 0.08]
[0.086, 0.026, 0.085]
[0.081, 0.026, 0.094]
[0.081, 0.026, 0.094]
[0.079, 0.025, 0.097]
[0.076, 0.026, 0.1]
[0.076, 0.026, 0.1]
[0.074, 0.026, 0.1]
[0.075, 0.026, 0.1]
[0.076, 0.025, 0.101]
[0.077, 0.024, 0.101]
[0.079, 0.023, 0.102]
[0.079, 0.021, 0.101]
[0.078, 0.02, 0.099]
[0.077, 0.018, 0.095]
[0.078, 0.016, 0.09]
[0.08, 0.014, 0.084]
[0.083, 0.012, 0.078]
[0.085, 0.01, 0.073]
[0.088, 0.007, 0.066]
[0.089, 0.005, 0.057]
[0.09, 0.002, 0.047]
[0.091, -0.0, 0.036]
[0.092, -0.003, 0.027]
[0.093, -0.006, 0.02]
[0.093, -0.008, 0.012]
[0.095, -0.011, 0.005]
[0.096, -0.013, -0.002]
[0.098, -0.015, -0.007]
[0.101, -0.017, -0.012]
[0.104, -0.019, -0.015]
[0.105, -0.021, -0.018]
[0.106, -0.024, -0.02]
[0.107, -0.026, -0.022]
[0.107, -0.03, -0.027]
[0.107, -0.03, -0.027]
[0.106, -0.032, -0.029]
[0.105, -0.034, -0.032]
[0.103, -0.035, -0.035]
[0.102, -0.037, -0.037]
[0.101, -0.039, -0.039]
[0.099, -0.04, -0.041]
[0.098, -0.042, -0.042]
[0.098, -0.042, -0.042]
[0.098, -0.043, -0.042]
[0.098, -0.044, -0.043]
[0.098, -0.045, -0.043]
[0.096, -0.046, -0.043]
[0.095, -0.046, -0.042]
[0.094, -0.047, -0.041]
[0.094, -0.047, -0.041]
[0.094, -0.047, -0.04]
[0.095, -0.047, -0.039]
[0.095, -0.047, -0.039]
[0.094, -0.047, -0.039]
[0.093, -0.047, -0.039]
[0.091, -0.047, -0.039]
[0.089, -0.047, -0.039]
[0.087, -0.047, -0.038]
[0.086, -0.047, -0.038]
[0.084, -0.046, -0.038]
[0.083, -0.046, -0.038]
[0.08, -0.045, -0.04]
[0.08, -0.045, -0.04]
[0.079, -0.045, -0.042]
[0.078, -0.044, -0.043]
[0.076, -0.043, -0.042]
[0.074, -0.043, -0.042]
[0.072, -0.042, -0.041]
[0.069, -0.042, -0.04]
[0.067, -0.041, -0.038]
[0.065, -0.041, -0.036]
[0.062, -0.042, -0.034]
[0.061, -0.041, -0.032]
[0.061, -0.04, -0.032]
[0.065, -0.039, -0.033]
[0.069, -0.036, -0.034]
[0.072, -0.034, -0.035]
[0.076, -0.033, -0.036]
[0.077, -0.032, -0.038]
[0.076, -0.03, -0.037]
[0.073, -0.029, -0.037]
[0.065, -0.027, -0.036]
[0.065, -0.027, -0.036]
[0.059, -0.025, -0.036]
[0.054, -0.024, -0.037]
[0.051, -0.023, -0.038]
[0.05, -0.022, -0.039]
[0.05, -0.021, -0.04]
[0.051, -0.019, -0.042]
[0.051, -0.017, -0.043]
[0.051, -0.017, -0.043]
[0.051, -0.016, -0.044]
[0.05, -0.016, -0.045]
[0.049, -0.016, -0.045]
[0.049, -0.017, -0.046]
[0.05, -0.019, -0.045]
[0.052, -0.021, -0.043]
[0.053, -0.023, -0.042]
[0.053, -0.025, -0.042]
[0.051, -0.025, -0.041]
[0.049, -0.026, -0.041]
[0.048, -0.026, -0.04]
[0.049, -0.025, -0.04]
[0.051, -0.024, -0.04]
[0.053, -0.023, -0.04]
[0.053, -0.022, -0.041]
[0.054, -0.022, -0.042]
[0.054, -0.022, -0.043]
[0.056, -0.022, -0.043]
[0.058, -0.022, -0.043]
[0.061, -0.022, -0.041]
[0.064, -0.021, -0.04]
[0.065, -0.021, -0.039]
[0.066, -0.019, -0.037]
[0.066, -0.019, -0.037]
[0.066, -0.019, -0.036]
[0.066, -0.017, -0.034]
[0.071, -0.015, -0.03]
[0.071, -0.015, -0.03]
[0.073, -0.014, -0.03]
[0.074, -0.013, -0.03]
[0.07, -0.013, -0.031]
[0.07, -0.013, -0.031]
[0.069, -0.012, -0.032]
[0.068, -0.012, -0.033]
[0.068, -0.012, -0.033]
[0.068, -0.011, -0.034]
[0.067, -0.01, -0.034]
[0.066, -0.009, -0.034]
[0.065, -0.009, -0.035]
[0.064, -0.009, -0.036]
[0.062, -0.008, -0.037]
[0.061, -0.008, -0.038]
[0.062, -0.008, -0.038]
[0.064, -0.008, -0.037]
[0.063, -0.008, -0.036]
[0.063, -0.009, -0.035]
[0.061, -0.01, -0.035]
[0.057, -0.011, -0.033]
[0.055, -0.011, -0.03]
[0.054, -0.011, -0.028]
[0.054, -0.011, -0.026]
[0.055, -0.011, -0.026]
[0.056, -0.01, -0.028]
[0.056, -0.01, -0.03]
[0.055, -0.009, -0.032]
[0.053, -0.009, -0.034]
[0.051, -0.01, -0.035]
[0.049, -0.01, -0.035]
[0.049, -0.011, -0.035]
[0.049, -0.011, -0.035]
[0.049, -0.012, -0.035]
[0.049, -0.012, -0.035]
[0.048, -0.012, -0.036]
[0.047, -0.013, -0.036]
[0.049, -0.013, -0.037]
[0.051, -0.014, -0.036]
[0.052, -0.014, -0.036]
[0.052, -0.014, -0.036]
[0.051, -0.014, -0.036]
[0.05, -0.014, -0.038]
[0.052, -0.014, -0.04]
[0.052, -0.014, -0.04]
[0.053, -0.014, -0.04]
[0.053, -0.014, -0.04]
[0.053, -0.014, -0.039]
[0.052, -0.013, -0.037]
[0.052, -0.013, -0.036]
[0.051, -0.013, -0.035]
[0.051, -0.014, -0.035]
[0.051, -0.014, -0.035]
[0.051, -0.014, -0.035]
[0.052, -0.014, -0.036]
[0.053, -0.015, -0.036]
[0.055, -0.015, -0.037]
[0.058, -0.016, -0.037]
[0.061, -0.016, -0.036]
[0.064, -0.017, -0.036]
[0.067, -0.018, -0.035]
[0.071, -0.019, -0.035]
[0.071, -0.019, -0.035]
[0.072, -0.02, -0.036]
[0.073, -0.02, -0.036]
[0.074, -0.02, -0.037]
[0.076, -0.02, -0.038]
[0.078, -0.021, -0.038]
[0.08, -0.022, -0.038]
[0.081, -0.023, -0.038]
[0.083, -0.023, -0.037]
[0.083, -0.024, -0.037]
[0.082, -0.024, -0.038]
[0.079, -0.024, -0.039]
[0.077, -0.024, -0.04]
[0.075, -0.023, -0.04]
[0.074, -0.024, -0.039]
[0.073, -0.023, -0.038]
[0.071, -0.023, -0.037]
[0.065, -0.023, -0.036]
[0.065, -0.023, -0.036]
[0.064, -0.023, -0.037]
[0.063, -0.024, -0.037]
[0.065, -0.025, -0.039]
[0.065, -0.025, -0.039]
[0.065, -0.026, -0.039]
[0.066, -0.027, -0.04]
[0.065, -0.028, -0.04]
[0.064, -0.029, -0.04]
[0.062, -0.03, -0.041]
[0.059, -0.031, -0.041]
[0.05, -0.032, -0.04]
[0.05, -0.032, -0.04]
[0.045, -0.033, -0.039]
[0.042, -0.033, -0.038]
[0.039, -0.033, -0.037]
[0.037, -0.033, -0.036]
[0.038, -0.032, -0.035]
[0.04, -0.031, -0.035]
[0.045, -0.03, -0.034]
[0.051, -0.028, -0.034]
[0.058, -0.026, -0.033]
[0.064, -0.024, -0.032]
[0.07, -0.022, -0.032]
[0.077, -0.021, -0.032]
[0.081, -0.019, -0.033]
[0.084, -0.018, -0.033]
[0.087, -0.017, -0.034]
[0.088, -0.016, -0.035]
[0.09, -0.015, -0.035]
[0.089, -0.015, -0.034]
[0.087, -0.015, -0.034]
[0.084, -0.015, -0.032]
[0.081, -0.015, -0.031]
[0.08, -0.015, -0.029]
[0.079, -0.014, -0.027]
[0.076, -0.014, -0.025]
[0.074, -0.012, -0.024]
[0.072, -0.012, -0.023]
[0.071, -0.009, -0.021]
[0.071, -0.009, -0.021]
[0.07, -0.008, -0.02]
[0.07, -0.006, -0.019]
[0.064, -0.004, -0.019]
[0.064, -0.004, -0.019]
[0.061, -0.003, -0.019]
[0.057, -0.003, -0.019]
[0.055, -0.003, -0.019]
[0.053, -0.002, -0.019]
[0.051, -0.0, -0.02]
[0.05, 0.001, -0.019]
[0.05, 0.004, -0.018]
[0.05, 0.004, -0.018]
[0.051, 0.005, -0.018]
[0.053, 0.006, -0.017]
[0.054, 0.007, -0.016]
[0.056, 0.009, -0.015]
[0.058, 0.011, -0.014]
[0.058, 0.012, -0.012]
[0.059, 0.013, -0.01]
[0.06, 0.014, -0.009]
[0.06, 0.015, -0.008]
[0.061, 0.016, -0.006]
[0.063, 0.017, -0.005]
[0.065, 0.018, -0.004]
[0.067, 0.019, -0.003]
[0.068, 0.02, -0.001]
[0.068, 0.02, 0.001]
[0.069, 0.02, 0.004]
[0.07, 0.02, 0.007]
[0.07, 0.02, 0.009]
[0.069, 0.02, 0.012]
[0.069, 0.02, 0.016]
[0.069, 0.021, 0.019]
[0.072, 0.022, 0.023]
[0.074, 0.022, 0.028]
[0.074, 0.024, 0.033]
[0.074, 0.025, 0.036]
[0.073, 0.027, 0.038]
[0.072, 0.028, 0.038]
[0.072, 0.029, 0.037]
[0.073, 0.03, 0.038]
[0.074, 0.032, 0.042]
[0.075, 0.034, 0.056]
[0.075, 0.034, 0.056]
[0.074, 0.035, 0.061]
[0.073, 0.036, 0.066]
[0.069, 0.039, 0.073]
[0.069, 0.039, 0.073]
[0.067, 0.041, 0.076]
[0.065, 0.043, 0.077]
[0.059, 0.047, 0.079]
[0.059, 0.047, 0.079]
[0.056, 0.049, 0.08]
[0.052, 0.051, 0.081]
[0.049, 0.052, 0.082]
[0.048, 0.054, 0.083]
[0.048, 0.055, 0.085]
[0.047, 0.057, 0.086]
[0.046, 0.058, 0.088]
[0.043, 0.058, 0.089]
[0.041, 0.059, 0.092]
[0.039, 0.059, 0.095]
[0.038, 0.06, 0.098]
[0.038, 0.061, 0.102]
[0.038, 0.062, 0.105]
[0.038, 0.064, 0.109]
[0.038, 0.065, 0.113]
[0.039, 0.067, 0.117]
[0.04, 0.068, 0.122]
[0.04, 0.07, 0.126]
[0.04, 0.072, 0.131]
[0.038, 0.073, 0.134]
[0.038, 0.074, 0.137]
[0.038, 0.074, 0.138]
[0.038, 0.075, 0.139]
[0.039, 0.075, 0.14]
[0.039, 0.076, 0.141]
[0.04, 0.076, 0.141]
[0.041, 0.075, 0.142]
[0.041, 0.075, 0.144]
[0.042, 0.074, 0.144]
[0.041, 0.073, 0.143]
[0.04, 0.072, 0.142]
[0.038, 0.071, 0.14]
[0.036, 0.07, 0.139]
[0.034, 0.07, 0.138]
[0.033, 0.067, 0.135]
[0.033, 0.067, 0.135]
[0.033, 0.067, 0.131]
[0.035, 0.065, 0.128]
[0.035, 0.064, 0.125]
[0.037, 0.063, 0.121]
[0.038, 0.061, 0.118]
[0.039, 0.06, 0.114]
[0.043, 0.058, 0.11]
[0.045, 0.056, 0.105]
[0.05, 0.054, 0.099]
[0.057, 0.051, 0.091]
[0.062, 0.049, 0.083]
[0.067, 0.046, 0.076]
[0.072, 0.044, 0.069]
[0.076, 0.042, 0.062]
[0.08, 0.04, 0.057]
[0.082, 0.038, 0.053]
[0.084, 0.035, 0.048]
[0.085, 0.033, 0.045]
[0.083, 0.03, 0.042]
[0.079, 0.026, 0.038]
[0.076, 0.024, 0.033]
[0.073, 0.021, 0.03]
[0.07, 0.019, 0.027]
[0.067, 0.015, 0.02]
[0.067, 0.015, 0.02]
[0.065, 0.012, 0.019]
[0.065, 0.008, 0.017]
[0.064, 0.004, 0.016]
[0.061, 0.001, 0.015]
[0.059, -0.002, 0.013]
[0.055, -0.005, 0.011]
[0.052, -0.007, 0.009]
[0.05, -0.009, 0.007]
[0.048, -0.011, 0.005]
[0.049, -0.012, 0.003]
[0.051, -0.014, 0.001]
[0.052, -0.015, -0.0]
[0.053, -0.016, -0.001]
[0.053, -0.016, -0.001]
[0.053, -0.016, -0.002]
[0.054, -0.016, -0.003]
[0.057, -0.016, -0.006]
[0.057, -0.016, -0.006]
[0.058, -0.017, -0.006]
[0.058, -0.018, -0.007]
[0.058, -0.02, -0.007]
[0.058, -0.021, -0.008]
[0.058, -0.022, -0.008]
[0.058, -0.024, -0.009]
[0.058, -0.025, -0.01]
[0.059, -0.026, -0.011]
[0.06, -0.027, -0.011]
[0.062, -0.027, -0.012]
[0.063, -0.028, -0.013]
[0.066, -0.028, -0.014]
[0.067, -0.029, -0.015]
[0.068, -0.029, -0.015]
[0.07, -0.029, -0.016]
[0.07, -0.029, -0.016]
[0.07, -0.029, -0.016]
[0.071, -0.03, -0.017]
[0.071, -0.031, -0.017]
[0.071, -0.031, -0.017]
[0.072, -0.031, -0.017]
[0.072, -0.032, -0.017]
[0.072, -0.032, -0.017]
[0.072, -0.033, -0.016]
[0.072, -0.033, -0.016]
[0.071, -0.034, -0.016]
[0.071, -0.034, -0.017]
[0.071, -0.035, -0.017]
[0.072, -0.035, -0.018]
[0.072, -0.036, -0.018]
[0.072, -0.038, -0.019]
[0.071, -0.039, -0.019]
[0.07, -0.04, -0.02]
[0.068, -0.042, -0.02]
[0.066, -0.043, -0.019]
[0.064, -0.045, -0.019]
[0.063, -0.046, -0.02]
[0.063, -0.047, -0.022]
[0.064, -0.048, -0.024]
[0.064, -0.049, -0.026]
[0.065, -0.05, -0.028]
[0.066, -0.051, -0.03]
[0.066, -0.052, -0.032]
[0.067, -0.053, -0.033]
[0.068, -0.054, -0.035]
[0.07, -0.055, -0.036]
[0.072, -0.056, -0.036]
[0.073, -0.057, -0.037]
[0.075, -0.058, -0.036]
[0.076, -0.059, -0.035]
[0.077, -0.06, -0.035]
[0.079, -0.061, -0.034]
[0.081, -0.062, -0.034]
[0.084, -0.064, -0.035]
[0.084, -0.064, -0.035]
[0.086, -0.065, -0.036]
[0.087, -0.067, -0.038]
[0.087, -0.068, -0.039]
[0.086, -0.07, -0.041]
[0.085, -0.072, -0.042]
[0.084, -0.075, -0.043]
[0.083, -0.077, -0.044]
[0.083, -0.08, -0.045]
[0.082, -0.083, -0.045]
[0.08, -0.086, -0.044]
[0.078, -0.088, -0.043]
[0.076, -0.09, -0.042]
[0.074, -0.092, -0.04]
[0.072, -0.094, -0.04]
[0.071, -0.097, -0.039]
[0.069, -0.099, -0.038]
[0.068, -0.101, -0.038]
[0.068, -0.102, -0.038]
[0.069, -0.103, -0.038]
[0.069, -0.104, -0.039]
[0.07, -0.104, -0.039]
[0.071, -0.105, -0.039]
[0.069, -0.106, -0.038]
[0.068, -0.107, -0.037]
[0.066, -0.108, -0.035]
[0.063, -0.108, -0.032]
[0.061, -0.108, -0.029]
[0.06, -0.109, -0.026]
[0.057, -0.11, -0.023]
[0.055, -0.11, -0.02]
[0.051, -0.11, -0.016]
[0.045, -0.109, -0.013]
[0.038, -0.108, -0.01]
[0.032, -0.107, -0.007]
[0.026, -0.106, -0.005]
[0.022, -0.104, -0.003]
[0.017, -0.101, -0.001]
[0.011, -0.098, 0.001]
[-0.006, -0.094, 0.003]
[-0.006, -0.094, 0.003]
[-0.02, -0.092, 0.003]
[-0.03, -0.089, 0.003]
[-0.042, -0.085, 0.003]
[-0.052, -0.082, 0.003]
[-0.063, -0.078, 0.003]
[-0.074, -0.076, 0.004]
[-0.088, -0.073, 0.005]
[-0.099, -0.069, 0.007]
[-0.113, -0.065, 0.01]
[-0.123, -0.061, 0.01]
[-0.133, -0.058, 0.011]
[-0.146, -0.055, 0.01]
[-0.154, -0.053, 0.01]
[-0.166, -0.051, 0.009]
[-0.171, -0.049, 0.007]
[-0.175, -0.047, 0.006]
[-0.177, -0.045, 0.005]
[-0.177, -0.043, 0.004]
[-0.183, -0.04, 0.004]
[-0.187, -0.038, 0.004]
[-0.192, -0.035, 0.004]
[-0.193, -0.032, 0.004]
[-0.187, -0.03, 0.004]
[-0.177, -0.029, 0.005]
[-0.166, -0.027, 0.005]
[-0.154, -0.022, 0.007]
[-0.154, -0.022, 0.007]
[-0.152, -0.019, 0.008]
[-0.153, -0.016, 0.009]
[-0.156, -0.013, 0.01]
[-0.158, -0.01, 0.01]
[-0.161, -0.007, 0.01]
[-0.164, -0.005, 0.01]
[-0.164, -0.002, 0.011]
[-0.167, 0.0, 0.012]
[-0.177, 0.007, 0.015]
[-0.177, 0.007, 0.015]
[-0.182, 0.013, 0.017]
[-0.183, 0.016, 0.021]
[-0.184, 0.019, 0.025]
[-0.189, 0.022, 0.027]
[-0.194, 0.025, 0.027]
[-0.197, 0.028, 0.024]
[-0.198, 0.03, 0.022]
[-0.197, 0.032, 0.021]
[-0.189, 0.037, 0.017]
[-0.189, 0.037, 0.017]
[-0.186, 0.039, 0.017]
[-0.183, 0.041, 0.016]
[-0.182, 0.042, 0.016]
[-0.181, 0.043, 0.017]
[-0.179, 0.044, 0.02]
[-0.179, 0.044, 0.02]
[-0.178, 0.045, 0.023]
[-0.178, 0.046, 0.024]
[-0.179, 0.047, 0.025]
[-0.179, 0.047, 0.025]
[-0.178, 0.047, 0.025]
[-0.175, 0.048, 0.026]
[-0.172, 0.048, 0.026]
[-0.172, 0.048, 0.026]
[-0.171, 0.048, 0.025]
[-0.171, 0.048, 0.025]
[-0.17, 0.048, 0.023]
[-0.17, 0.049, 0.022]
[-0.172, 0.049, 0.02]
[-0.174, 0.049, 0.018]
[-0.175, 0.049, 0.017]
[-0.175, 0.048, 0.017]
[-0.173, 0.048, 0.015]
[-0.17, 0.047, 0.016]
[-0.17, 0.046, 0.015]
[-0.171, 0.045, 0.013]
[-0.173, 0.043, 0.011]
[-0.173, 0.042, 0.008]
[-0.173, 0.041, 0.007]
[-0.17, 0.039, 0.004]
[-0.165, 0.036, 0.001]
[-0.165, 0.036, 0.001]
[-0.162, 0.034, -0.003]
[-0.159, 0.031, -0.003]
[-0.151, 0.027, -0.006]
[-0.151, 0.027, -0.006]
[-0.148, 0.025, -0.006]
[-0.147, 0.023, -0.006]
[-0.152, 0.02, -0.005]
[-0.157, 0.017, -0.005]
[-0.161, 0.014, -0.005]
[-0.164, 0.01, -0.006]
[-0.169, 0.006, -0.009]
[-0.176, 0.002, -0.011]
[-0.18, -0.002, -0.012]
[-0.18, -0.005, -0.013]
[-0.179, -0.009, -0.013]
[-0.179, -0.013, -0.012]
[-0.18, -0.016, -0.012]
[-0.184, -0.019, -0.012]
[-0.187, -0.023, -0.014]
[-0.19, -0.026, -0.017]
[-0.193, -0.03, -0.02]
[-0.194, -0.033, -0.023]
[-0.192, -0.036, -0.026]
[-0.19, -0.039, -0.026]
[-0.186, -0.041, -0.026]
[-0.184, -0.043, -0.025]
[-0.183, -0.044, -0.025]
[-0.183, -0.045, -0.026]
[-0.182, -0.046, -0.029]
[-0.179, -0.046, -0.033]
[-0.175, -0.046, -0.038]
[-0.171, -0.047, -0.041]
[-0.167, -0.047, -0.045]
[-0.165, -0.047, -0.048]
[-0.162, -0.047, -0.05]
[-0.159, -0.048, -0.052]
[-0.157, -0.05, -0.051]
[-0.155, -0.051, -0.052]
[-0.153, -0.053, -0.053]
[-0.153, -0.056, -0.054]
[-0.153, -0.056, -0.054]
[-0.154, -0.058, -0.055]
[-0.151, -0.061, -0.053]
[-0.151, -0.061, -0.053]
[-0.146, -0.061, -0.053]
[-0.136, -0.062, -0.053]
[-0.116, -0.064, -0.054]
[-0.116, -0.064, -0.054]
[-0.108, -0.065, -0.053]
[-0.1, -0.066, -0.053]
[-0.085, -0.067, -0.051]
[-0.085, -0.067, -0.051]
[-0.076, -0.066, -0.049]
[-0.07, -0.065, -0.049]
[-0.064, -0.064, -0.048]
[-0.058, -0.064, -0.049]
[-0.053, -0.064, -0.05]
[-0.047, -0.065, -0.051]
[-0.041, -0.065, -0.051]
[-0.035, -0.065, -0.051]
[-0.03, -0.064, -0.051]
[-0.024, -0.063, -0.051]
[-0.019, -0.062, -0.052]
[-0.015, -0.062, -0.053]
[-0.011, -0.061, -0.055]
[-0.009, -0.06, -0.057]
[-0.002, -0.058, -0.057]
[-0.002, -0.058, -0.057]
[0.004, -0.057, -0.057]
[0.009, -0.056, -0.056]
[0.014, -0.056, -0.056]
[0.017, -0.055, -0.055]
[0.019, -0.054, -0.055]
[0.021, -0.053, -0.055]
[0.024, -0.051, -0.055]
[0.027, -0.051, -0.055]
[0.029, -0.05, -0.054]
[0.032, -0.049, -0.054]
[0.033, -0.047, -0.053]
[0.035, -0.046, -0.052]
[0.037, -0.044, -0.05]
[0.038, -0.042, -0.048]
[0.038, -0.04, -0.046]
[0.039, -0.038, -0.044]
[0.04, -0.036, -0.042]
[0.043, -0.034, -0.04]
[0.047, -0.032, -0.039]
[0.05, -0.03, -0.037]
[0.054, -0.027, -0.036]
[0.055, -0.025, -0.035]
[0.056, -0.024, -0.034]
[0.057, -0.022, -0.032]
[0.059, -0.02, -0.029]
[0.064, -0.016, -0.025]
[0.069, -0.013, -0.022]
[0.072, -0.009, -0.018]
[0.076, -0.006, -0.014]
[0.081, -0.003, -0.009]
[0.091, 0.003, -0.001]
[0.091, 0.003, -0.001]
[0.095, 0.006, 0.002]
[0.099, 0.009, 0.006]
[0.103, 0.012, 0.009]
[0.106, 0.014, 0.011]
[0.109, 0.017, 0.013]
[0.112, 0.02, 0.015]
[0.115, 0.022, 0.017]
[0.118, 0.024, 0.02]
[0.119, 0.027, 0.023]
[0.119, 0.029, 0.025]
[0.118, 0.031, 0.027]
[0.118, 0.033, 0.028]
[0.118, 0.035, 0.029]
[0.118, 0.037, 0.03]
[0.117, 0.039, 0.032]
[0.116, 0.04, 0.034]
[0.113, 0.041, 0.035]
[0.111, 0.043, 0.038]
[0.108, 0.044, 0.04]
[0.106, 0.045, 0.041]
[0.105, 0.047, 0.042]
[0.102, 0.048, 0.041]
[0.101, 0.048, 0.042]
[0.099, 0.048, 0.042]
[0.097, 0.048, 0.042]
[0.094, 0.048, 0.043]
[0.086, 0.048, 0.042]
[0.086, 0.048, 0.042]
[0.081, 0.049, 0.04]
[0.075, 0.049, 0.037]
[0.066, 0.048, 0.026]
[0.066, 0.048, 0.026]
[0.063, 0.048, 0.02]
[0.058, 0.047, 0.014]
[0.046, 0.046, -0.003]
[0.046, 0.046, -0.003]
[0.039, 0.044, -0.01]
[0.035, 0.043, -0.014]
[0.032, 0.042, -0.019]
[0.029, 0.04, -0.023]
[0.025, 0.038, -0.028]
[0.02, 0.036, -0.034]
[0.017, 0.035, -0.039]
[0.014, 0.034, -0.044]
[0.012, 0.032, -0.048]
[0.012, 0.031, -0.051]
[0.011, 0.03, -0.054]
[0.011, 0.028, -0.057]
[0.013, 0.027, -0.06]
[0.014, 0.025, -0.063]
[0.014, 0.023, -0.066]
[0.014, 0.022, -0.07]
[0.014, 0.022, -0.074]
[0.012, 0.021, -0.077]
[0.012, 0.02, -0.08]
[0.01, 0.018, -0.082]
[0.009, 0.016, -0.083]
[0.009, 0.014, -0.083]
[0.01, 0.011, -0.083]
[0.01, 0.011, -0.083]
[0.013, 0.011, -0.083]
[0.015, 0.011, -0.084]
[0.017, 0.011, -0.085]
[0.019, 0.01, -0.086]
[0.021, 0.01, -0.086]
[0.024, 0.009, -0.085]
[0.028, 0.007, -0.084]
[0.028, 0.007, -0.084]
[0.03, 0.005, -0.083]
[0.03, 0.004, -0.082]
[0.029, 0.001, -0.08]
[0.029, 0.001, -0.08]
[0.029, -0.001, -0.08]
[0.029, -0.003, -0.078]
[0.029, -0.005, -0.076]
[0.03, -0.007, -0.075]
[0.03, -0.009, -0.075]
[0.03, -0.011, -0.075]
[0.032, -0.013, -0.074]
[0.033, -0.014, -0.073]
[0.033, -0.016, -0.071]
[0.035, -0.017, -0.069]
[0.036, -0.019, -0.066]
[0.036, -0.019, -0.066]
[0.035, -0.02, -0.064]
[0.033, -0.021, -0.063]
[0.027, -0.023, -0.06]
[0.027, -0.023, -0.06]
[0.024, -0.024, -0.059]
[0.023, -0.025, -0.057]
[0.024, -0.025, -0.055]
[0.024, -0.025, -0.055]
[0.027, -0.025, -0.053]
[0.029, -0.023, -0.052]
[0.031, -0.02, -0.051]
[0.031, -0.02, -0.051]
[0.031, -0.019, -0.051]
[0.03, -0.017, -0.051]
[0.029, -0.016, -0.05]
[0.028, -0.015, -0.048]
[0.025, -0.015, -0.045]
[0.021, -0.016, -0.042]
[0.016, -0.015, -0.041]
[0.013, -0.015, -0.041]
[0.011, -0.015, -0.041]
[0.011, -0.015, -0.041]
[0.01, -0.015, -0.039]
[0.01, -0.015, -0.039]
[0.009, -0.014, -0.037]
[0.008, -0.013, -0.036]
[0.007, -0.01, -0.036]
[0.007, -0.01, -0.036]
[0.006, -0.008, -0.037]
[0.005, -0.007, -0.037]
[0.001, -0.007, -0.036]
[0.001, -0.007, -0.036]
[-0.001, -0.006, -0.037]
[-0.003, -0.006, -0.037]
[-0.004, -0.006, -0.038]
[-0.006, -0.005, -0.039]
[-0.009, -0.005, -0.039]
[-0.01, -0.005, -0.04]
[-0.012, -0.003, -0.04]
[-0.012, -0.003, -0.04]
[-0.013, -0.003, -0.04]
[-0.012, -0.002, -0.04]
[-0.014, -0.001, -0.04]
[-0.015, 0.0, -0.04]
[-0.016, 0.001, -0.041]
[-0.018, 0.002, -0.041]
[-0.02, 0.003, -0.042]
[-0.02, 0.003, -0.042]
[-0.02, 0.003, -0.043]
[-0.019, 0.003, -0.042]
[-0.017, 0.003, -0.042]
[-0.016, 0.002, -0.041]
[-0.017, 0.001, -0.041]
[-0.022, -0.0, -0.041]
[-0.032, -0.003, -0.042]
[-0.032, -0.003, -0.042]
[-0.032, -0.003, -0.041]
[-0.025, -0.002, -0.039]
[-0.016, -0.001, -0.038]
[-0.009, 0.0, -0.037]
[-0.005, 0.001, -0.038]
[-0.004, 0.001, -0.039]
[-0.009, 0.0, -0.043]
[-0.009, 0.0, -0.043]
[-0.012, -0.0, -0.045]
[-0.014, -0.0, -0.045]
[-0.013, -0.001, -0.046]
[-0.011, -0.002, -0.046]
[-0.015, -0.004, -0.048]
[-0.021, -0.005, -0.05]
[-0.03, -0.007, -0.053]
[-0.03, -0.007, -0.053]
[-0.029, -0.006, -0.053]
[-0.028, -0.006, -0.052]
[-0.029, -0.007, -0.052]
[-0.028, -0.007, -0.051]
[-0.028, -0.007, -0.051]
[-0.027, -0.008, -0.052]
[-0.025, -0.009, -0.052]
[-0.025, -0.01, -0.053]
[-0.025, -0.01, -0.053]
[-0.026, -0.011, -0.053]
[-0.027, -0.012, -0.053]
[-0.026, -0.012, -0.053]
[-0.022, -0.013, -0.053]
[-0.022, -0.013, -0.053]
[-0.02, -0.014, -0.054]
[-0.018, -0.015, -0.054]
[-0.014, -0.018, -0.054]
[-0.014, -0.018, -0.054]
[-0.013, -0.02, -0.055]
[-0.012, -0.021, -0.057]
[-0.011, -0.025, -0.06]
[-0.011, -0.025, -0.06]
[-0.011, -0.026, -0.06]
[-0.012, -0.028, -0.06]
[-0.013, -0.03, -0.06]
[-0.013, -0.031, -0.061]
[-0.012, -0.032, -0.062]
[-0.011, -0.033, -0.062]
[-0.011, -0.034, -0.064]
[-0.009, -0.035, -0.065]
[-0.008, -0.036, -0.065]
[-0.004, -0.038, -0.066]
[-0.002, -0.039, -0.066]
[0.0, -0.039, -0.066]
[0.002, -0.039, -0.065]
[0.006, -0.038, -0.063]
[0.011, -0.038, -0.062]
[0.014, -0.038, -0.063]
[0.015, -0.037, -0.064]
[0.015, -0.037, -0.064]
[0.013, -0.038, -0.066]
[0.013, -0.038, -0.067]
[0.016, -0.039, -0.069]
[0.016, -0.039, -0.069]
[0.017, -0.039, -0.069]
[0.016, -0.04, -0.069]
[0.014, -0.041, -0.069]
[0.014, -0.041, -0.069]
[0.012, -0.042, -0.069]
[0.012, -0.043, -0.069]
[0.011, -0.043, -0.07]
[0.009, -0.044, -0.07]
[0.007, -0.045, -0.071]
[0.004, -0.045, -0.071]
[-0.001, -0.046, -0.07]
[-0.001, -0.046, -0.07]
[-0.004, -0.046, -0.069]
[-0.007, -0.045, -0.068]
[-0.01, -0.045, -0.068]
[-0.013, -0.044, -0.067]
[-0.017, -0.044, -0.067]
[-0.02, -0.043, -0.065]
[-0.027, -0.039, -0.061]
[-0.027, -0.039, -0.061]
[-0.03, -0.036, -0.059]
[-0.031, -0.033, -0.056]
[-0.033, -0.027, -0.048]
[-0.033, -0.027, -0.048]
[-0.033, -0.023, -0.043]
[-0.031, -0.019, -0.038]
[-0.032, -0.012, -0.031]
[-0.032, -0.012, -0.031]
[-0.033, -0.008, -0.029]
[-0.036, -0.005, -0.027]
[-0.037, 0.002, -0.021]
[-0.037, 0.002, -0.021]
[-0.037, 0.005, -0.017]
[-0.039, 0.009, -0.013]
[-0.044, 0.016, -0.005]
[-0.044, 0.016, -0.005]
[-0.047, 0.019, -0.001]
[-0.047, 0.022, 0.003]
[-0.048, 0.028, 0.013]
[-0.048, 0.028, 0.013]
[-0.048, 0.03, 0.019]
[-0.047, 0.033, 0.025]
[-0.046, 0.035, 0.032]
[-0.044, 0.037, 0.036]
[-0.042, 0.04, 0.042]
[-0.042, 0.042, 0.048]
[-0.039, 0.044, 0.051]
[-0.037, 0.046, 0.054]
[-0.036, 0.047, 0.056]
[-0.033, 0.048, 0.057]
[-0.028, 0.051, 0.06]
[-0.022, 0.052, 0.061]
[-0.022, 0.052, 0.061]
[-0.017, 0.053, 0.062]
[-0.009, 0.055, 0.063]
[-0.009, 0.055, 0.063]
[-0.007, 0.056, 0.062]
[-0.007, 0.056, 0.062]
[-0.006, 0.057, 0.061]
[-0.003, 0.058, 0.06]
[0.001, 0.06, 0.059]
[0.004, 0.061, 0.057]
[0.006, 0.062, 0.055]
[0.006, 0.063, 0.053]
[0.005, 0.063, 0.05]
[0.003, 0.063, 0.048]
[0.003, 0.062, 0.045]
[0.003, 0.062, 0.043]
[0.003, 0.062, 0.043]
[0.005, 0.062, 0.039]
[0.006, 0.062, 0.036]
[0.004, 0.062, 0.033]
[0.003, 0.061, 0.03]
[-0.001, 0.061, 0.027]
[-0.009, 0.059, 0.027]
[-0.013, 0.057, 0.026]
[-0.013, 0.057, 0.026]
[-0.015, 0.056, 0.025]
[-0.016, 0.054, 0.019]
[-0.016, 0.054, 0.019]
[-0.015, 0.053, 0.016]
[-0.013, 0.052, 0.011]
[-0.011, 0.046, -0.002]
[-0.011, 0.046, -0.002]
[-0.007, 0.043, -0.009]
[-0.004, 0.041, -0.014]
[-0.001, 0.039, -0.019]
[-0.0, 0.037, -0.023]
[-0.004, 0.035, -0.026]
[-0.01, 0.033, -0.03]
[-0.023, 0.029, -0.038]
[-0.023, 0.029, -0.038]
[-0.026, 0.027, -0.042]
[-0.028, 0.025, -0.046]
[-0.026, 0.023, -0.05]
[-0.023, 0.021, -0.054]
[-0.019, 0.019, -0.057]
[-0.017, 0.018, -0.06]
[-0.015, 0.013, -0.064]
[-0.015, 0.013, -0.064]
[-0.015, 0.011, -0.065]
[-0.016, 0.009, -0.066]
[-0.016, 0.005, -0.069]
[-0.016, 0.005, -0.069]
[-0.013, 0.003, -0.072]
[-0.01, 0.002, -0.075]
[-0.002, -0.001, -0.08]
[-0.002, -0.001, -0.08]
[-0.001, -0.003, -0.083]
[-0.001, -0.005, -0.085]
[-0.005, -0.008, -0.089]
[-0.007, -0.01, -0.091]
[-0.007, -0.01, -0.091]
[-0.007, -0.012, -0.093]
[-0.001, -0.016, -0.096]
[-0.001, -0.016, -0.096]
[0.002, -0.018, -0.097]
[0.005, -0.019, -0.098]
[0.007, -0.021, -0.098]
[0.009, -0.023, -0.099]
[0.009, -0.025, -0.1]
[0.008, -0.027, -0.1]
[0.006, -0.031, -0.104]
[0.006, -0.031, -0.104]
[0.008, -0.033, -0.106]
[0.01, -0.035, -0.108]
[0.01, -0.04, -0.113]
[0.01, -0.04, -0.113]
[0.007, -0.042, -0.117]
[0.006, -0.043, -0.121]
[0.009, -0.045, -0.127]
[0.009, -0.045, -0.127]
[0.01, -0.046, -0.129]
[0.01, -0.048, -0.13]
[0.013, -0.052, -0.133]
[0.013, -0.052, -0.133]
[0.015, -0.054, -0.134]
[0.018, -0.055, -0.135]
[0.02, -0.055, -0.136]
[0.021, -0.056, -0.137]
[0.023, -0.057, -0.138]
[0.023, -0.058, -0.139]
[0.023, -0.06, -0.139]
[0.023, -0.061, -0.139]
[0.023, -0.061, -0.14]
[0.027, -0.061, -0.143]
[0.027, -0.061, -0.143]
[0.029, -0.061, -0.144]
[0.032, -0.06, -0.146]
[0.033, -0.06, -0.148]
[0.033, -0.059, -0.15]
[0.033, -0.059, -0.151]
[0.035, -0.059, -0.152]
[0.04, -0.06, -0.151]
[0.04, -0.06, -0.151]
[0.044, -0.06, -0.151]
[0.046, -0.061, -0.151]
[0.049, -0.061, -0.151]
[0.049, -0.061, -0.151]
[0.049, -0.061, -0.152]
[0.049, -0.062, -0.151]
[0.044, -0.064, -0.151]
[0.044, -0.064, -0.151]
[0.041, -0.064, -0.15]
[0.039, -0.065, -0.148]
[0.037, -0.065, -0.143]
[0.037, -0.065, -0.143]
[0.038, -0.066, -0.14]
[0.04, -0.066, -0.137]
[0.041, -0.066, -0.134]
[0.041, -0.066, -0.13]
[0.04, -0.066, -0.127]
[0.039, -0.066, -0.124]
[0.035, -0.065, -0.119]
[0.035, -0.065, -0.119]
[0.032, -0.064, -0.116]
[0.03, -0.064, -0.113]
[0.025, -0.063, -0.106]
[0.025, -0.063, -0.106]
[0.024, -0.063, -0.102]
[0.021, -0.062, -0.098]
[0.018, -0.062, -0.09]
[0.018, -0.062, -0.09]
[0.015, -0.061, -0.086]
[0.014, -0.061, -0.083]
[0.011, -0.061, -0.077]
[0.011, -0.061, -0.077]
[0.007, -0.062, -0.075]
[0.0, -0.062, -0.074]
[-0.019, -0.062, -0.068]
[-0.019, -0.062, -0.068]
[-0.02, -0.061, -0.065]
[-0.019, -0.06, -0.061]
[-0.017, -0.059, -0.057]
[-0.017, -0.059, -0.057]
[-0.017, -0.058, -0.057]
[-0.019, -0.057, -0.056]
[-0.018, -0.054, -0.056]
[-0.018, -0.054, -0.056]
[-0.017, -0.052, -0.057]
[-0.014, -0.051, -0.058]
[-0.011, -0.049, -0.06]
[-0.011, -0.049, -0.06]
[-0.009, -0.049, -0.06]
[-0.007, -0.048, -0.059]
[-0.001, -0.047, -0.056]
[-0.001, -0.047, -0.056]
[0.003, -0.046, -0.055]
[0.007, -0.044, -0.054]
[0.016, -0.041, -0.053]
[0.016, -0.041, -0.053]
[0.019, -0.04, -0.053]
[0.021, -0.038, -0.053]
[0.025, -0.036, -0.053]
[0.025, -0.036, -0.053]
[0.027, -0.036, -0.054]
[0.03, -0.036, -0.055]
[0.035, -0.036, -0.056]
[0.035, -0.036, -0.056]
[0.036, -0.037, -0.056]
[0.036, -0.037, -0.056]
[0.034, -0.036, -0.055]
[0.034, -0.036, -0.055]
[0.034, -0.036, -0.054]
[0.034, -0.036, -0.054]
[0.034, -0.035, -0.053]
[0.034, -0.035, -0.053]
[0.033, -0.035, -0.052]
[0.032, -0.035, -0.051]
[0.032, -0.035, -0.05]
[0.032, -0.035, -0.05]
[0.031, -0.035, -0.049]
[0.03, -0.035, -0.049]
[0.028, -0.035, -0.049]
[0.028, -0.035, -0.049]
[0.027, -0.035, -0.05]
[0.027, -0.035, -0.051]
[0.023, -0.035, -0.053]
[0.023, -0.035, -0.053]
[0.018, -0.036, -0.054]
[0.014, -0.037, -0.054]
[0.011, -0.037, -0.054]
[0.01, -0.037, -0.055]
[0.008, -0.037, -0.055]
[0.006, -0.037, -0.055]
[0.001, -0.036, -0.054]
[0.001, -0.036, -0.054]
[-0.001, -0.036, -0.054]
[-0.002, -0.036, -0.054]
[-0.003, -0.035, -0.054]
[-0.005, -0.035, -0.054]
[-0.007, -0.035, -0.054]
[-0.009, -0.034, -0.053]
[-0.01, -0.033, -0.054]
[-0.01, -0.033, -0.054]
[-0.012, -0.032, -0.054]
[-0.012, -0.031, -0.055]
[-0.013, -0.029, -0.055]
[-0.015, -0.028, -0.054]
[-0.015, -0.025, -0.053]
[-0.015, -0.023, -0.052]
[-0.015, -0.021, -0.051]
[-0.016, -0.019, -0.05]
[-0.017, -0.017, -0.05]
[-0.019, -0.015, -0.05]
[-0.021, -0.013, -0.051]
[-0.024, -0.012, -0.053]
[-0.03, -0.011, -0.054]
[-0.032, -0.01, -0.056]
[-0.04, -0.01, -0.058]
[-0.04, -0.01, -0.058]
[-0.041, -0.009, -0.058]
[-0.047, -0.009, -0.057]
[-0.057, -0.007, -0.056]
[-0.057, -0.007, -0.056]
[-0.063, -0.007, -0.056]
[-0.069, -0.006, -0.057]
[-0.074, -0.005, -0.057]
[-0.078, -0.005, -0.057]
[-0.081, -0.005, -0.057]
[-0.083, -0.004, -0.056]
[-0.084, -0.004, -0.054]
[-0.085, -0.004, -0.052]
[-0.086, -0.003, -0.052]
[-0.088, -0.002, -0.051]
[-0.094, -0.001, -0.048]
[-0.094, -0.001, -0.048]
[-0.099, 0.001, -0.046]
[-0.102, 0.002, -0.045]
[-0.111, 0.003, -0.044]
[-0.119, 0.004, -0.043]
[-0.126, 0.005, -0.043]
[-0.133, 0.006, -0.042]
[-0.134, 0.007, -0.041]
[-0.136, 0.009, -0.041]
[-0.138, 0.01, -0.04]
[-0.144, 0.012, -0.04]
[-0.155, 0.013, -0.039]
[-0.164, 0.014, -0.037]
[-0.175, 0.015, -0.035]
[-0.18, 0.016, -0.033]
[-0.183, 0.017, -0.032]
[-0.187, 0.019, -0.032]
[-0.191, 0.02, -0.032]
[-0.195, 0.022, -0.031]
[-0.2, 0.023, -0.031]
[-0.205, 0.024, -0.03]
[-0.207, 0.025, -0.03]
[-0.209, 0.026, -0.03]
[-0.211, 0.029, -0.03]
[-0.211, 0.029, -0.03]
[-0.211, 0.03, -0.029]
[-0.211, 0.03, -0.029]
[-0.215, 0.029, -0.03]
[-0.215, 0.029, -0.03]
[-0.22, 0.03, -0.031]
[-0.225, 0.03, -0.031]
[-0.229, 0.03, -0.031]
[-0.233, 0.031, -0.03]
[-0.236, 0.031, -0.029]
[-0.239, 0.031, -0.027]
[-0.241, 0.03, -0.027]
[-0.242, 0.03, -0.027]
[-0.244, 0.03, -0.026]
[-0.241, 0.03, -0.027]
[-0.241, 0.03, -0.027]
[-0.239, 0.03, -0.026]
[-0.236, 0.029, -0.025]
[-0.234, 0.029, -0.024]
[-0.232, 0.028, -0.023]
[-0.231, 0.027, -0.022]
[-0.23, 0.025, -0.021]
[-0.227, 0.025, -0.019]
[-0.225, 0.024, -0.017]
[-0.22, 0.024, -0.015]
[-0.217, 0.024, -0.013]
[-0.209, 0.024, -0.009]
[-0.203, 0.024, -0.008]
[-0.2, 0.025, -0.005]
[-0.195, 0.026, -0.003]
[-0.193, 0.027, -0.001]
[-0.189, 0.027, 0.002]
[-0.18, 0.028, 0.009]
[-0.18, 0.028, 0.009]
[-0.176, 0.028, 0.014]
[-0.17, 0.029, 0.019]
[-0.165, 0.029, 0.024]
[-0.163, 0.03, 0.027]
[-0.16, 0.03, 0.031]
[-0.156, 0.031, 0.035]
[-0.154, 0.032, 0.038]
[-0.149, 0.033, 0.04]
[-0.146, 0.033, 0.042]
[-0.142, 0.034, 0.043]
[-0.14, 0.034, 0.044]
[-0.141, 0.034, 0.045]
[-0.143, 0.035, 0.046]
[-0.148, 0.036, 0.048]
[-0.149, 0.036, 0.05]
[-0.148, 0.037, 0.052]
[-0.147, 0.037, 0.055]
[-0.144, 0.037, 0.056]
[-0.141, 0.037, 0.057]
[-0.139, 0.038, 0.058]
[-0.136, 0.038, 0.058]
[-0.134, 0.038, 0.058]
[-0.134, 0.038, 0.057]
[-0.131, 0.037, 0.054]
[-0.127, 0.036, 0.051]
[-0.124, 0.036, 0.047]
[-0.121, 0.036, 0.044]
[-0.119, 0.036, 0.041]
[-0.114, 0.037, 0.038]
[-0.11, 0.038, 0.031]
[-0.11, 0.038, 0.031]
[-0.111, 0.038, 0.027]
[-0.111, 0.037, 0.021]
[-0.108, 0.037, 0.015]
[-0.108, 0.035, 0.008]
[-0.107, 0.034, 0.001]
[-0.111, 0.032, -0.007]
[-0.115, 0.031, -0.014]
[-0.115, 0.029, -0.021]
[-0.115, 0.027, -0.028]
[-0.115, 0.025, -0.035]
[-0.116, 0.024, -0.041]
[-0.118, 0.022, -0.047]
[-0.122, 0.021, -0.053]
[-0.127, 0.019, -0.058]
[-0.131, 0.018, -0.062]
[-0.135, 0.016, -0.065]
[-0.137, 0.015, -0.067]
[-0.14, 0.013, -0.068]
[-0.141, 0.009, -0.071]
[-0.141, 0.009, -0.071]
[-0.143, 0.007, -0.073]
[-0.146, 0.005, -0.075]
[-0.148, 0.003, -0.077]
[-0.15, 0.002, -0.078]
[-0.15, 0.0, -0.08]
[-0.149, -0.001, -0.082]
[-0.148, -0.002, -0.084]
[-0.145, -0.004, -0.087]
[-0.14, -0.005, -0.088]
[-0.136, -0.007, -0.089]
[-0.133, -0.008, -0.09]
[-0.131, -0.01, -0.09]
[-0.13, -0.011, -0.09]
[-0.129, -0.012, -0.09]
[-0.126, -0.013, -0.091]
[-0.121, -0.015, -0.092]
[-0.117, -0.016, -0.094]
[-0.114, -0.018, -0.095]
[-0.112, -0.02, -0.097]
[-0.111, -0.021, -0.098]
[-0.111, -0.023, -0.099]
[-0.11, -0.024, -0.099]
[-0.11, -0.025, -0.099]
[-0.108, -0.027, -0.099]
[-0.107, -0.029, -0.1]
[-0.108, -0.032, -0.101]
[-0.112, -0.033, -0.104]
[-0.116, -0.035, -0.106]
[-0.118, -0.036, -0.109]
[-0.118, -0.036, -0.111]
[-0.117, -0.037, -0.113]
[-0.116, -0.038, -0.114]
[-0.114, -0.038, -0.115]
[-0.114, -0.039, -0.117]
[-0.11, -0.041, -0.119]
[-0.107, -0.041, -0.122]
[-0.105, -0.043, -0.125]
[-0.103, -0.044, -0.126]
[-0.102, -0.047, -0.127]
[-0.102, -0.047, -0.127]
[-0.101, -0.048, -0.127]
[-0.099, -0.049, -0.127]
[-0.096, -0.05, -0.126]
[-0.092, -0.051, -0.126]
[-0.087, -0.052, -0.125]
[-0.083, -0.053, -0.122]
[-0.083, -0.053, -0.122]
[-0.081, -0.053, -0.12]
[-0.079, -0.054, -0.12]
[-0.076, -0.054, -0.119]
[-0.075, -0.055, -0.118]
[-0.076, -0.056, -0.118]
[-0.077, -0.057, -0.117]
[-0.076, -0.058, -0.117]
[-0.074, -0.059, -0.117]
[-0.069, -0.06, -0.117]
[-0.064, -0.061, -0.117]
[-0.062, -0.061, -0.117]
[-0.06, -0.062, -0.118]
[-0.059, -0.063, -0.12]
[-0.059, -0.063, -0.121]
[-0.058, -0.064, -0.124]
[-0.056, -0.065, -0.126]
[-0.055, -0.065, -0.129]
[-0.055, -0.066, -0.131]
[-0.055, -0.067, -0.133]
[-0.055, -0.067, -0.135]
[-0.055, -0.068, -0.136]
[-0.055, -0.068, -0.138]
[-0.055, -0.069, -0.14]
[-0.056, -0.069, -0.141]
[-0.057, -0.069, -0.143]
[-0.058, -0.069, -0.145]
[-0.058, -0.069, -0.146]
[-0.058, -0.069, -0.147]
[-0.057, -0.069, -0.148]
[-0.055, -0.069, -0.149]
[-0.053, -0.07, -0.148]
[-0.051, -0.071, -0.148]
[-0.048, -0.072, -0.147]
[-0.047, -0.072, -0.147]
[-0.045, -0.072, -0.147]
[-0.044, -0.072, -0.147]
[-0.043, -0.072, -0.148]
[-0.041, -0.072, -0.148]
[-0.039, -0.072, -0.147]
[-0.038, -0.072, -0.146]
[-0.036, -0.073, -0.145]
[-0.035, -0.074, -0.143]
[-0.033, -0.074, -0.142]
[-0.032, -0.075, -0.141]
[-0.031, -0.075, -0.14]
[-0.031, -0.075, -0.139]
[-0.03, -0.075, -0.138]
[-0.03, -0.076, -0.137]
[-0.032, -0.076, -0.138]
[-0.032, -0.076, -0.138]
[-0.033, -0.077, -0.138]
[-0.033, -0.077, -0.137]
[-0.031, -0.076, -0.136]
[-0.03, -0.076, -0.134]
[-0.032, -0.076, -0.133]
[-0.033, -0.075, -0.13]
[-0.035, -0.075, -0.127]
[-0.039, -0.074, -0.123]
[-0.039, -0.074, -0.118]
[-0.04, -0.073, -0.114]
[-0.042, -0.072, -0.11]
[-0.045, -0.07, -0.106]
[-0.049, -0.068, -0.102]
[-0.051, -0.066, -0.097]
[-0.053, -0.064, -0.093]
[-0.054, -0.063, -0.088]
[-0.055, -0.062, -0.084]
[-0.055, -0.061, -0.081]
[-0.056, -0.06, -0.078]
[-0.058, -0.059, -0.076]
[-0.06, -0.057, -0.073]
[-0.065, -0.055, -0.069]
[-0.065, -0.055, -0.069]
[-0.069, -0.053, -0.067]
[-0.071, -0.052, -0.066]
[-0.075, -0.05, -0.064]
[-0.075, -0.05, -0.064]
[-0.077, -0.048, -0.063]
[-0.08, -0.047, -0.062]
[-0.085, -0.045, -0.062]
[-0.088, -0.043, -0.061]
[-0.093, -0.042, -0.06]
[-0.095, -0.041, -0.059]
[-0.097, -0.039, -0.057]
[-0.099, -0.038, -0.057]
[-0.1, -0.036, -0.056]
[-0.101, -0.035, -0.056]
[-0.102, -0.033, -0.056]
[-0.101, -0.031, -0.055]
[-0.101, -0.029, -0.055]
[-0.101, -0.027, -0.056]
[-0.101, -0.026, -0.057]
[-0.102, -0.024, -0.058]
[-0.102, -0.022, -0.059]
[-0.102, -0.021, -0.059]
[-0.102, -0.019, -0.059]
[-0.103, -0.018, -0.058]
[-0.103, -0.017, -0.057]
[-0.103, -0.015, -0.056]
[-0.101, -0.014, -0.055]
[-0.101, -0.012, -0.054]
[-0.1, -0.01, -0.053]
[-0.097, -0.007, -0.052]
[-0.092, -0.003, -0.051]
[-0.089, 0.001, -0.048]
[-0.085, 0.003, -0.046]
[-0.083, 0.006, -0.043]
[-0.077, 0.008, -0.039]
[-0.077, 0.008, -0.039]
[-0.075, 0.009, -0.037]
[-0.072, 0.009, -0.035]
[-0.069, 0.011, -0.033]
[-0.069, 0.011, -0.033]
[-0.067, 0.012, -0.031]
[-0.066, 0.013, -0.03]
[-0.065, 0.015, -0.027]
[-0.065, 0.015, -0.027]
[-0.065, 0.016, -0.026]
[-0.066, 0.017, -0.026]
[-0.068, 0.018, -0.024]
[-0.068, 0.019, -0.023]
[-0.068, 0.02, -0.022]
[-0.068, 0.021, -0.022]
[-0.068, 0.022, -0.021]
[-0.067, 0.023, -0.021]
[-0.067, 0.024, -0.02]
[-0.067, 0.025, -0.019]
[-0.067, 0.026, -0.017]
[-0.067, 0.027, -0.015]
[-0.068, 0.028, -0.013]
[-0.066, 0.029, -0.011]
[-0.063, 0.031, -0.01]
[-0.056, 0.032, -0.006]
[-0.05, 0.032, -0.003]
[-0.042, 0.032, 0.001]
[-0.031, 0.035, 0.006]
[-0.031, 0.035, 0.006]
[-0.024, 0.036, 0.008]
[-0.018, 0.039, 0.011]
[0.012, 0.044, 0.012]
[0.012, 0.044, 0.012]
[0.024, 0.047, 0.011]
[0.035, 0.049, 0.009]
[0.042, 0.051, 0.009]
[0.045, 0.054, 0.009]
[0.049, 0.056, 0.01]
[0.054, 0.058, 0.01]
[0.056, 0.059, 0.012]
[0.057, 0.06, 0.013]
[0.058, 0.061, 0.013]
[0.059, 0.061, 0.012]
[0.06, 0.062, 0.011]
[0.06, 0.062, 0.011]
[0.062, 0.062, 0.01]
[0.061, 0.062, 0.009]
[0.061, 0.062, 0.009]
[0.06, 0.063, 0.01]
[0.059, 0.063, 0.011]
[0.06, 0.063, 0.012]
[0.06, 0.062, 0.012]
[0.062, 0.062, 0.011]
[0.062, 0.062, 0.011]
[0.063, 0.061, 0.01]
[0.063, 0.061, 0.009]
[0.063, 0.06, 0.008]
[0.064, 0.059, 0.005]
[0.065, 0.058, 0.002]
[0.065, 0.058, -0.001]
[0.064, 0.057, -0.003]
[0.063, 0.057, -0.006]
[0.063, 0.057, -0.008]
[0.063, 0.056, -0.012]
[0.063, 0.056, -0.012]
[0.064, 0.056, -0.014]
[0.065, 0.056, -0.016]
[0.065, 0.054, -0.018]
[0.065, 0.053, -0.02]
[0.067, 0.052, -0.023]
[0.068, 0.049, -0.026]
[0.069, 0.046, -0.036]
[0.069, 0.046, -0.036]
[0.069, 0.044, -0.041]
[0.068, 0.042, -0.046]
[0.067, 0.039, -0.05]
[0.065, 0.037, -0.054]
[0.062, 0.034, -0.056]
[0.06, 0.031, -0.058]
[0.058, 0.024, -0.061]
[0.058, 0.024, -0.061]
[0.058, 0.021, -0.064]
[0.057, 0.018, -0.067]
[0.055, 0.015, -0.072]
[0.054, 0.013, -0.077]
[0.053, 0.01, -0.081]
[0.054, 0.008, -0.084]
[0.057, 0.003, -0.088]
[0.057, 0.003, -0.088]
[0.058, 0.001, -0.09]
[0.061, -0.001, -0.092]
[0.065, -0.004, -0.094]
[0.065, -0.004, -0.094]
[0.067, -0.006, -0.096]
[0.068, -0.008, -0.098]
[0.069, -0.009, -0.1]
[0.068, -0.011, -0.101]
[0.067, -0.012, -0.102]
[0.066, -0.013, -0.103]
[0.066, -0.014, -0.103]
[0.065, -0.015, -0.104]
[0.066, -0.017, -0.104]
[0.067, -0.019, -0.104]
[0.067, -0.02, -0.104]
[0.067, -0.022, -0.103]
[0.069, -0.023, -0.102]
[0.07, -0.024, -0.102]
[0.07, -0.026, -0.102]
[0.07, -0.027, -0.102]
[0.069, -0.029, -0.102]
[0.068, -0.03, -0.101]
[0.067, -0.032, -0.101]
[0.066, -0.033, -0.1]
[0.064, -0.034, -0.1]
[0.064, -0.036, -0.099]
[0.067, -0.036, -0.098]
[0.075, -0.038, -0.094]
[0.075, -0.038, -0.094]
[0.078, -0.039, -0.092]
[0.08, -0.04, -0.09]
[0.079, -0.04, -0.088]
[0.077, -0.04, -0.086]
[0.074, -0.039, -0.084]
[0.073, -0.039, -0.082]
[0.072, -0.038, -0.08]
[0.073, -0.038, -0.079]
[0.074, -0.038, -0.078]
[0.074, -0.038, -0.076]
[0.075, -0.038, -0.075]
[0.077, -0.037, -0.073]
[0.078, -0.036, -0.072]
[0.079, -0.035, -0.071]
[0.081, -0.034, -0.069]
[0.083, -0.032, -0.068]
[0.083, -0.031, -0.067]
[0.081, -0.027, -0.063]
[0.081, -0.027, -0.063]
[0.082, -0.026, -0.062]
[0.082, -0.024, -0.061]
[0.084, -0.023, -0.059]
[0.085, -0.022, -0.058]
[0.081, -0.019, -0.055]
[0.074, -0.017, -0.052]
[0.068, -0.015, -0.049]
[0.063, -0.013, -0.047]
[0.057, -0.011, -0.046]
[0.052, -0.009, -0.045]
[0.045, -0.007, -0.043]
[0.04, -0.005, -0.043]
[0.035, -0.003, -0.041]
[0.03, -0.0, -0.039]
[0.027, 0.003, -0.037]
[0.028, 0.004, -0.037]
[0.03, 0.007, -0.036]
[0.032, 0.009, -0.037]
[0.033, 0.011, -0.037]
[0.032, 0.014, -0.035]
[0.029, 0.016, -0.034]
[0.028, 0.018, -0.032]
[0.025, 0.02, -0.031]
[0.022, 0.021, -0.029]
[0.021, 0.023, -0.027]
[0.019, 0.025, -0.026]
[0.018, 0.027, -0.023]
[0.018, 0.029, -0.022]
[0.017, 0.031, -0.02]
[0.015, 0.032, -0.018]
[0.011, 0.034, -0.017]
[0.009, 0.036, -0.016]
[0.007, 0.037, -0.015]
[0.007, 0.038, -0.014]
[0.008, 0.04, -0.012]
[0.008, 0.041, -0.011]
[0.008, 0.043, -0.01]
[0.007, 0.044, -0.008]
[0.008, 0.046, -0.008]
[0.008, 0.048, -0.008]
[0.009, 0.049, -0.007]
[0.007, 0.052, -0.006]
[0.007, 0.052, -0.006]
[0.005, 0.054, -0.004]
[0.004, 0.055, -0.002]
[0.005, 0.057, 0.001]
[0.007, 0.058, 0.004]
[0.004, 0.059, 0.009]
[0.003, 0.06, 0.012]
[-0.0, 0.061, 0.015]
[-0.006, 0.061, 0.017]
[-0.007, 0.062, 0.019]
[-0.01, 0.063, 0.021]
[-0.013, 0.063, 0.022]
[-0.014, 0.064, 0.023]
[-0.016, 0.063, 0.023]
[-0.019, 0.063, 0.023]
[-0.019, 0.063, 0.023]
[-0.02, 0.062, 0.022]
[-0.02, 0.06, 0.019]
[-0.02, 0.058, 0.015]
[-0.019, 0.056, 0.009]
[-0.019, 0.052, 0.002]
[-0.02, 0.048, -0.003]
[-0.02, 0.045, -0.009]
[-0.019, 0.04, -0.013]
[-0.017, 0.036, -0.017]
[-0.018, 0.033, -0.022]
[-0.019, 0.029, -0.026]
[-0.019, 0.025, -0.031]
[-0.023, 0.022, -0.034]
[-0.025, 0.019, -0.037]
[-0.027, 0.016, -0.04]
[-0.03, 0.014, -0.042]
[-0.034, 0.013, -0.044]
[-0.036, 0.011, -0.045]
[-0.043, 0.01, -0.046]
[-0.05, 0.009, -0.048]
[-0.054, 0.009, -0.049]
[-0.057, 0.009, -0.05]
[-0.058, 0.008, -0.051]
[-0.057, 0.008, -0.051]
[-0.057, 0.006, -0.054]
[-0.059, 0.004, -0.056]
[-0.061, 0.002, -0.057]
[-0.061, 0.001, -0.057]
[-0.062, -0.0, -0.057]
[-0.062, -0.001, -0.056]
[-0.059, -0.003, -0.056]
[-0.057, -0.004, -0.057]
[-0.056, -0.006, -0.058]
[-0.056, -0.007, -0.058]
[-0.063, -0.011, -0.06]
[-0.063, -0.011, -0.06]
[-0.066, -0.013, -0.06]
[-0.068, -0.015, -0.06]
[-0.067, -0.016, -0.059]
[-0.064, -0.018, -0.058]
[-0.064, -0.019, -0.058]
[-0.063, -0.022, -0.058]
[-0.063, -0.022, -0.058]
[-0.063, -0.024, -0.058]
[-0.06, -0.025, -0.059]
[-0.058, -0.026, -0.059]
[-0.058, -0.028, -0.057]
[-0.061, -0.03, -0.055]
[-0.064, -0.031, -0.053]
[-0.068, -0.033, -0.051]
[-0.072, -0.035, -0.05]
[-0.076, -0.036, -0.049]
[-0.081, -0.038, -0.048]
[-0.087, -0.039, -0.046]
[-0.09, -0.04, -0.044]
[-0.092, -0.04, -0.042]
[-0.094, -0.041, -0.041]
[-0.094, -0.041, -0.04]
[-0.098, -0.041, -0.039]
[-0.1, -0.043, -0.038]
[-0.1, -0.043, -0.038]
[-0.105, -0.044, -0.036]
[-0.107, -0.044, -0.033]
[-0.108, -0.044, -0.031]
[-0.112, -0.044, -0.03]
[-0.115, -0.045, -0.029]
[-0.121, -0.046, -0.021]
[-0.121, -0.046, -0.021]
[-0.122, -0.046, -0.016]
[-0.123, -0.046, -0.005]
[-0.123, -0.046, -0.005]
[-0.12, -0.045, -0.001]
[-0.117, -0.045, 0.002]
[-0.115, -0.045, 0.007]
[-0.115, -0.046, 0.013]
[-0.12, -0.046, 0.022]
[-0.118, -0.046, 0.03]
[-0.116, -0.046, 0.039]
[-0.111, -0.045, 0.049]
[-0.109, -0.045, 0.058]
[-0.106, -0.045, 0.066]
[-0.101, -0.044, 0.071]
[-0.096, -0.044, 0.075]
[-0.09, -0.044, 0.078]
[-0.086, -0.043, 0.082]
[-0.085, -0.042, 0.085]
[-0.083, -0.041, 0.087]
[-0.082, -0.041, 0.088]
[-0.079, -0.04, 0.088]
[-0.077, -0.04, 0.088]
[-0.075, -0.039, 0.088]
[-0.074, -0.039, 0.087]
[-0.073, -0.038, 0.086]
[-0.072, -0.037, 0.085]
[-0.074, -0.036, 0.085]
[-0.076, -0.035, 0.084]
[-0.079, -0.034, 0.084]
[-0.082, -0.034, 0.082]
[-0.081, -0.033, 0.08]
[-0.079, -0.031, 0.077]
[-0.078, -0.03, 0.075]
[-0.076, -0.027, 0.071]
[-0.076, -0.026, 0.066]
[-0.079, -0.023, 0.053]
[-0.079, -0.023, 0.053]
[-0.084, -0.021, 0.048]
[-0.084, -0.02, 0.042]
[-0.087, -0.018, 0.035]
[-0.088, -0.017, 0.027]
[-0.091, -0.015, 0.019]
[-0.096, -0.013, 0.012]
[-0.099, -0.012, 0.005]
[-0.103, -0.011, -0.001]
[-0.106, -0.01, -0.008]
[-0.11, -0.01, -0.014]
[-0.115, -0.008, -0.019]
[-0.118, -0.007, -0.024]
[-0.123, -0.007, -0.029]
[-0.129, -0.006, -0.035]
[-0.13, -0.006, -0.04]
[-0.132, -0.006, -0.045]
[-0.133, -0.007, -0.049]
[-0.131, -0.008, -0.053]
[-0.127, -0.009, -0.056]
[-0.126, -0.01, -0.06]
[-0.126, -0.012, -0.063]
[-0.127, -0.013, -0.067]
[-0.132, -0.014, -0.075]
[-0.132, -0.014, -0.075]
[-0.134, -0.015, -0.078]
[-0.137, -0.016, -0.082]
[-0.139, -0.017, -0.086]
[-0.14, -0.016, -0.089]
[-0.146, -0.016, -0.096]
[-0.146, -0.016, -0.096]
[-0.15, -0.016, -0.099]
[-0.152, -0.017, -0.104]
[-0.157, -0.017, -0.106]
[-0.16, -0.017, -0.109]
[-0.165, -0.018, -0.111]
[-0.165, -0.019, -0.113]
[-0.165, -0.021, -0.118]
[-0.162, -0.022, -0.12]
[-0.158, -0.023, -0.123]
[-0.156, -0.023, -0.126]
[-0.155, -0.023, -0.127]
[-0.154, -0.023, -0.127]
[-0.152, -0.024, -0.127]
[-0.15, -0.024, -0.126]
[-0.146, -0.024, -0.125]
[-0.145, -0.025, -0.125]
[-0.142, -0.024, -0.124]
[-0.14, -0.025, -0.124]
[-0.141, -0.025, -0.124]
[-0.141, -0.026, -0.123]
[-0.143, -0.026, -0.121]
[-0.143, -0.027, -0.119]
[-0.14, -0.029, -0.11]
[-0.14, -0.029, -0.11]
[-0.135, -0.029, -0.106]
[-0.135, -0.03, -0.103]
[-0.135, -0.032, -0.095]
[-0.135, -0.032, -0.095]
[-0.136, -0.033, -0.091]
[-0.135, -0.034, -0.087]
[-0.134, -0.035, -0.084]
[-0.132, -0.036, -0.082]
[-0.13, -0.037, -0.08]
[-0.128, -0.037, -0.078]
[-0.125, -0.039, -0.076]
[-0.116, -0.04, -0.073]
[-0.096, -0.041, -0.069]
[-0.096, -0.041, -0.069]
[-0.084, -0.041, -0.067]
[-0.072, -0.04, -0.065]
[-0.05, -0.039, -0.062]
[-0.05, -0.039, -0.062]
[-0.038, -0.038, -0.06]
[-0.023, -0.037, -0.058]
[0.0, -0.035, -0.051]
[0.0, -0.035, -0.051]
[0.007, -0.033, -0.048]
[0.012, -0.032, -0.045]
[0.022, -0.031, -0.043]
[0.022, -0.031, -0.043]
[0.025, -0.03, -0.04]
[0.026, -0.03, -0.036]
[0.026, -0.028, -0.031]
[0.029, -0.025, -0.027]
[0.034, -0.023, -0.026]
[0.036, -0.019, -0.025]
[0.039, -0.017, -0.025]
[0.045, -0.014, -0.023]
[0.049, -0.012, -0.022]
[0.056, -0.01, -0.021]
[0.063, -0.008, -0.02]
[0.068, -0.006, -0.019]
[0.073, -0.005, -0.018]
[0.08, -0.002, -0.013]
[0.08, -0.002, -0.013]
[0.083, -0.001, -0.011]
[0.088, -0.001, -0.009]
[0.093, 0.0, -0.008]
[0.098, 0.002, -0.007]
[0.104, 0.003, -0.006]
[0.108, 0.005, -0.006]
[0.111, 0.006, -0.007]
[0.114, 0.008, -0.008]
[0.117, 0.008, -0.008]
[0.12, 0.01, -0.007]
[0.124, 0.011, -0.005]
[0.127, 0.011, -0.005]
[0.129, 0.013, -0.003]
[0.131, 0.013, -0.002]
[0.132, 0.014, -0.002]
[0.131, 0.015, -0.001]
[0.131, 0.016, -0.0]
[0.129, 0.017, -0.0]
[0.126, 0.017, -0.0]
[0.123, 0.017, -0.0]
[0.119, 0.017, -0.001]
[0.115, 0.018, -0.0]
[0.113, 0.018, 0.001]
[0.105, 0.018, 0.003]
[0.105, 0.018, 0.003]
[0.104, 0.018, 0.004]
[0.104, 0.018, 0.005]
[0.105, 0.018, 0.007]
[0.105, 0.019, 0.009]
[0.102, 0.02, 0.01]
[0.097, 0.021, 0.011]
[0.094, 0.022, 0.011]
[0.093, 0.023, 0.01]
[0.093, 0.024, 0.011]
[0.091, 0.025, 0.012]
[0.091, 0.025, 0.012]
[0.087, 0.025, 0.013]
[0.081, 0.025, 0.013]
[0.074, 0.024, 0.013]
[0.067, 0.023, 0.013]
[0.06, 0.022, 0.014]
[0.055, 0.021, 0.014]
[0.05, 0.021, 0.014]
[0.047, 0.02, 0.015]
[0.045, 0.02, 0.016]
[0.043, 0.02, 0.016]
[0.041, 0.021, 0.015]
[0.04, 0.021, 0.014]
[0.038, 0.021, 0.012]
[0.035, 0.021, 0.009]
[0.032, 0.022, 0.005]
[0.03, 0.022, 0.002]
[0.028, 0.023, -0.003]
[0.024, 0.022, -0.006]
[0.019, 0.022, -0.011]
[0.013, 0.021, -0.017]
[0.008, 0.021, -0.023]
[0.005, 0.02, -0.029]
[0.002, 0.02, -0.035]
[0.0, 0.02, -0.039]
[-0.006, 0.019, -0.043]
[-0.013, 0.018, -0.047]
[-0.016, 0.017, -0.05]
[-0.018, 0.016, -0.053]
[-0.017, 0.015, -0.057]
[-0.015, 0.015, -0.058]
[-0.014, 0.014, -0.061]
[-0.014, 0.014, -0.065]
[-0.014, 0.013, -0.067]
[-0.014, 0.011, -0.07]
[-0.016, 0.01, -0.072]
[-0.016, 0.009, -0.074]
[-0.018, 0.009, -0.076]
[-0.021, 0.008, -0.079]
[-0.025, 0.007, -0.085]
[-0.025, 0.007, -0.085]
[-0.024, 0.006, -0.086]
[-0.022, 0.004, -0.086]
[-0.021, 0.003, -0.086]
[-0.02, 0.001, -0.087]
[-0.021, -0.001, -0.089]
[-0.025, -0.003, -0.091]
[-0.031, -0.005, -0.094]
[-0.036, -0.008, -0.096]
[-0.041, -0.011, -0.097]
[-0.046, -0.015, -0.098]
[-0.046, -0.015, -0.098]
[-0.047, -0.018, -0.099]
[-0.05, -0.02, -0.1]
[-0.054, -0.023, -0.102]
[-0.06, -0.025, -0.104]
[-0.065, -0.027, -0.106]
[-0.067, -0.029, -0.107]
[-0.068, -0.031, -0.109]
[-0.069, -0.032, -0.111]
[-0.068, -0.034, -0.113]
[-0.067, -0.035, -0.114]
[-0.066, -0.036, -0.115]
[-0.066, -0.038, -0.116]
[-0.065, -0.039, -0.116]
[-0.064, -0.04, -0.116]
[-0.061, -0.041, -0.116]
[-0.058, -0.042, -0.116]
[-0.056, -0.042, -0.116]
[-0.055, -0.042, -0.116]
[-0.054, -0.043, -0.116]
[-0.053, -0.043, -0.114]
[-0.051, -0.044, -0.113]
[-0.049, -0.046, -0.111]
[-0.05, -0.047, -0.109]
[-0.052, -0.048, -0.106]
[-0.054, -0.049, -0.103]
[-0.057, -0.049, -0.1]
[-0.056, -0.048, -0.097]
[-0.054, -0.048, -0.093]
[-0.052, -0.047, -0.09]
[-0.049, -0.046, -0.087]
[-0.045, -0.045, -0.084]
[-0.044, -0.045, -0.08]
[-0.041, -0.043, -0.076]
[-0.039, -0.042, -0.073]
[-0.037, -0.041, -0.071]
[-0.033, -0.039, -0.069]
[-0.029, -0.039, -0.067]
[-0.026, -0.037, -0.065]
[-0.018, -0.036, -0.059]
[-0.018, -0.036, -0.059]
[-0.015, -0.034, -0.056]
[-0.01, -0.033, -0.054]
[-0.008, -0.031, -0.052]
[-0.005, -0.03, -0.049]
[-0.004, -0.028, -0.047]
[-0.002, -0.027, -0.044]
[-0.001, -0.025, -0.042]
[-0.0, -0.023, -0.041]
[0.001, -0.021, -0.039]
[0.001, -0.019, -0.038]
[0.0, -0.017, -0.036]
[0.001, -0.016, -0.034]
[0.001, -0.014, -0.032]
[0.003, -0.012, -0.029]
[0.006, -0.01, -0.028]
[0.007, -0.008, -0.026]
[0.009, -0.006, -0.024]
[0.01, -0.005, -0.023]
[0.011, -0.003, -0.021]
[0.012, -0.001, -0.019]
[0.012, 0.001, -0.018]
[0.013, 0.003, -0.016]
[0.014, 0.005, -0.015]
[0.016, 0.006, -0.014]
[0.018, 0.008, -0.013]
[0.021, 0.009, -0.011]
[0.023, 0.011, -0.009]
[0.024, 0.012, -0.008]
[0.026, 0.014, -0.005]
[0.026, 0.015, -0.005]
[0.025, 0.017, -0.004]
[0.025, 0.019, -0.003]
[0.025, 0.02, -0.002]
[0.025, 0.021, -0.0]
[0.025, 0.023, 0.002]
[0.025, 0.023, 0.002]
[0.025, 0.024, 0.002]
[0.025, 0.024, 0.002]
[0.019, 0.024, 0.006]
[0.019, 0.024, 0.006]
[0.019, 0.025, 0.01]
[0.019, 0.026, 0.014]
[0.021, 0.027, 0.016]
[0.021, 0.028, 0.017]
[0.018, 0.028, 0.019]
[0.014, 0.028, 0.019]
[0.01, 0.029, 0.019]
[0.006, 0.029, 0.018]
[0.003, 0.03, 0.018]
[0.0, 0.031, 0.017]
[-0.003, 0.032, 0.017]
[-0.005, 0.033, 0.016]
[-0.006, 0.033, 0.014]
[-0.008, 0.033, 0.012]
[-0.01, 0.034, 0.01]
[-0.01, 0.034, 0.007]
[-0.011, 0.035, 0.005]
[-0.011, 0.035, 0.002]
[-0.011, 0.035, -0.002]
[-0.01, 0.035, -0.005]
[-0.009, 0.037, -0.012]
[-0.009, 0.037, -0.012]
[-0.009, 0.037, -0.017]
[-0.008, 0.037, -0.022]
[-0.007, 0.037, -0.028]
[-0.008, 0.036, -0.032]
[-0.01, 0.036, -0.036]
[-0.013, 0.036, -0.04]
[-0.017, 0.036, -0.045]
[-0.019, 0.036, -0.05]
[-0.02, 0.035, -0.053]
[-0.02, 0.035, -0.057]
[-0.019, 0.034, -0.061]
[-0.016, 0.033, -0.064]
[-0.01, 0.032, -0.07]
[-0.01, 0.032, -0.07]
[-0.009, 0.031, -0.071]
[-0.007, 0.031, -0.073]
[-0.006, 0.029, -0.076]
[-0.006, 0.029, -0.076]
[-0.006, 0.029, -0.077]
[-0.006, 0.028, -0.078]
[-0.009, 0.027, -0.079]
[-0.009, 0.027, -0.079]
[-0.008, 0.026, -0.079]
[-0.008, 0.025, -0.08]
[-0.008, 0.024, -0.08]
[-0.011, 0.022, -0.081]
[-0.013, 0.021, -0.081]
[-0.014, 0.02, -0.082]
[-0.015, 0.019, -0.083]
[-0.014, 0.017, -0.084]
[-0.014, 0.016, -0.085]
[-0.013, 0.015, -0.086]
[-0.013, 0.014, -0.087]
[-0.011, 0.012, -0.088]
[-0.01, 0.008, -0.09]
[-0.01, 0.008, -0.09]
[-0.011, 0.006, -0.091]
[-0.011, 0.004, -0.093]
[-0.015, -0.002, -0.095]
[-0.015, -0.002, -0.095]
[-0.015, -0.004, -0.095]
[-0.015, -0.007, -0.095]
[-0.011, -0.012, -0.094]
[-0.011, -0.012, -0.094]
[-0.01, -0.015, -0.096]
[-0.006, -0.018, -0.097]
[-0.0, -0.021, -0.099]
[0.005, -0.023, -0.101]
[0.012, -0.025, -0.102]
[0.016, -0.027, -0.104]
[0.021, -0.03, -0.106]
[0.021, -0.03, -0.106]
[0.021, -0.035, -0.108]
[0.021, -0.035, -0.108]
[0.023, -0.038, -0.109]
[0.023, -0.038, -0.109]
[0.023, -0.041, -0.108]
[0.023, -0.041, -0.108]
[0.023, -0.043, -0.107]
[0.022, -0.045, -0.107]
[0.022, -0.049, -0.107]
[0.022, -0.049, -0.107]
[0.023, -0.051, -0.108]
[0.024, -0.053, -0.108]
[0.027, -0.055, -0.109]
[0.027, -0.055, -0.109]
[0.029, -0.057, -0.109]
[0.03, -0.058, -0.11]
[0.032, -0.059, -0.112]
[0.035, -0.061, -0.113]
[0.036, -0.061, -0.112]
[0.037, -0.061, -0.112]
[0.036, -0.062, -0.112]
[0.033, -0.063, -0.113]
[0.03, -0.064, -0.113]
[0.028, -0.065, -0.114]
[0.027, -0.065, -0.113]
[0.027, -0.065, -0.113]
[0.027, -0.065, -0.113]
[0.026, -0.065, -0.112]
[0.02, -0.066, -0.109]
[0.02, -0.066, -0.109]
[0.017, -0.066, -0.108]
[0.014, -0.066, -0.107]
[0.014, -0.066, -0.103]
[0.014, -0.066, -0.103]
[0.016, -0.066, -0.1]
[0.019, -0.066, -0.098]
[0.023, -0.066, -0.09]
[0.023, -0.066, -0.09]
[0.025, -0.065, -0.086]
[0.027, -0.063, -0.082]
[0.029, -0.06, -0.079]
[0.032, -0.058, -0.078]
[0.03, -0.055, -0.075]
[0.03, -0.055, -0.075]
[0.029, -0.054, -0.074]
[0.028, -0.054, -0.073]
[0.03, -0.053, -0.072]
[0.031, -0.052, -0.071]
[0.031, -0.05, -0.071]
[0.029, -0.049, -0.071]
[0.028, -0.047, -0.071]
[0.027, -0.046, -0.071]
[0.027, -0.044, -0.071]
[0.027, -0.044, -0.071]
[0.026, -0.043, -0.071]
[0.025, -0.042, -0.071]
[0.021, -0.04, -0.071]
[0.021, -0.04, -0.071]
[0.017, -0.04, -0.072]
[0.014, -0.04, -0.072]
[0.011, -0.04, -0.072]
[0.009, -0.039, -0.073]
[0.009, -0.039, -0.072]
[0.009, -0.038, -0.072]
[0.008, -0.038, -0.071]
[0.006, -0.037, -0.07]
[0.004, -0.036, -0.069]
[0.002, -0.034, -0.068]
[0.002, -0.033, -0.068]
[0.001, -0.032, -0.067]
[0.001, -0.031, -0.066]
[0.001, -0.03, -0.066]
[-0.0, -0.029, -0.065]
[-0.003, -0.027, -0.065]
[-0.005, -0.026, -0.063]
[-0.007, -0.025, -0.061]
[-0.007, -0.024, -0.059]
[-0.006, -0.023, -0.057]
[-0.006, -0.022, -0.056]
[-0.008, -0.021, -0.054]
[-0.013, -0.018, -0.052]
[-0.013, -0.018, -0.052]
[-0.015, -0.017, -0.05]
[-0.015, -0.015, -0.049]
[-0.017, -0.012, -0.046]
[-0.017, -0.012, -0.046]
[-0.019, -0.011, -0.045]
[-0.022, -0.01, -0.043]
[-0.024, -0.007, -0.039]
[-0.024, -0.007, -0.039]
[-0.026, -0.005, -0.038]
[-0.028, -0.002, -0.036]
[-0.033, 0.0, -0.036]
[-0.033, 0.0, -0.036]
[-0.033, 0.001, -0.035]
[-0.029, 0.002, -0.035]
[-0.015, 0.003, -0.034]
[-0.015, 0.003, -0.034]
[-0.011, 0.004, -0.034]
[-0.01, 0.005, -0.034]
[-0.011, 0.005, -0.034]
[-0.013, 0.005, -0.034]
[-0.016, 0.005, -0.034]
[-0.016, 0.005, -0.034]
[-0.019, 0.005, -0.034]
[-0.023, 0.005, -0.035]
[-0.029, 0.005, -0.04]
[-0.029, 0.005, -0.04]
[-0.028, 0.005, -0.044]
[-0.027, 0.006, -0.049]
[-0.029, 0.008, -0.056]
[-0.034, 0.009, -0.062]
[-0.037, 0.01, -0.068]
[-0.043, 0.011, -0.075]
[-0.044, 0.012, -0.079]
[-0.047, 0.012, -0.085]
[-0.049, 0.011, -0.089]
[-0.052, 0.011, -0.092]
[-0.056, 0.01, -0.095]
[-0.061, 0.011, -0.098]
[-0.064, 0.011, -0.102]
[-0.066, 0.011, -0.104]
[-0.069, 0.011, -0.105]
[-0.07, 0.01, -0.106]
[-0.072, 0.009, -0.107]
[-0.074, 0.008, -0.108]
[-0.074, 0.005, -0.11]
[-0.074, 0.005, -0.11]
[-0.076, 0.003, -0.111]
[-0.08, -0.0, -0.112]
[-0.081, -0.002, -0.113]
[-0.083, -0.004, -0.114]
[-0.083, -0.007, -0.113]
[-0.081, -0.009, -0.113]
[-0.079, -0.012, -0.109]
[-0.079, -0.012, -0.109]
[-0.078, -0.014, -0.106]
[-0.077, -0.016, -0.102]
[-0.073, -0.021, -0.093]
[-0.073, -0.021, -0.093]
[-0.068, -0.025, -0.088]
[-0.067, -0.029, -0.083]
[-0.064, -0.032, -0.079]
[-0.061, -0.034, -0.074]
[-0.058, -0.036, -0.07]
[-0.055, -0.038, -0.066]
[-0.051, -0.043, -0.06]
[-0.051, -0.043, -0.06]
[-0.049, -0.045, -0.058]
[-0.047, -0.046, -0.056]
[-0.045, -0.048, -0.054]
[-0.043, -0.048, -0.053]
[-0.041, -0.049, -0.053]
[-0.04, -0.05, -0.053]
[-0.039, -0.05, -0.053]
[-0.039, -0.051, -0.053]
[-0.039, -0.052, -0.053]
[-0.041, -0.052, -0.053]
[-0.043, -0.052, -0.052]
[-0.046, -0.053, -0.052]
[-0.048, -0.053, -0.051]
[-0.05, -0.053, -0.049]
[-0.054, -0.052, -0.046]
[-0.057, -0.051, -0.043]
[-0.058, -0.046, -0.041]
[-0.056, -0.044, -0.04]
[-0.056, -0.044, -0.04]
[-0.05, -0.042, -0.039]
[-0.039, -0.04, -0.035]
[-0.039, -0.04, -0.035]
[-0.036, -0.04, -0.033]
[-0.035, -0.039, -0.031]
[-0.031, -0.037, -0.027]
[-0.031, -0.037, -0.027]
[-0.028, -0.037, -0.025]
[-0.026, -0.035, -0.024]
[-0.024, -0.034, -0.024]
[-0.025, -0.032, -0.024]
[-0.026, -0.03, -0.023]
[-0.025, -0.028, -0.022]
[-0.024, -0.026, -0.021]
[-0.022, -0.024, -0.02]
[-0.02, -0.022, -0.019]
[-0.019, -0.021, -0.017]
[-0.015, -0.018, -0.013]
[-0.015, -0.018, -0.013]
[-0.014, -0.016, -0.011]
[-0.014, -0.014, -0.01]
[-0.013, -0.012, -0.009]
[-0.014, -0.009, -0.008]
[-0.015, -0.006, -0.006]
[-0.016, -0.004, -0.004]
[-0.016, 0.001, -0.001]
[-0.016, 0.001, -0.001]
[-0.016, 0.003, 0.001]
[-0.014, 0.005, 0.003]
[-0.013, 0.009, 0.003]
[-0.013, 0.009, 0.003]
[-0.013, 0.011, 0.004]
[-0.015, 0.012, 0.005]
[-0.013, 0.015, 0.005]
[-0.013, 0.015, 0.005]
[-0.009, 0.016, 0.004]
[-0.006, 0.017, 0.002]
[-0.002, 0.02, -0.001]
[-0.002, 0.02, -0.001]
[-0.002, 0.022, -0.003]
[-0.003, 0.023, -0.008]
[-0.006, 0.026, -0.016]
[-0.006, 0.026, -0.016]
[-0.008, 0.027, -0.021]
[-0.007, 0.028, -0.026]
[-0.006, 0.029, -0.031]
[-0.006, 0.03, -0.035]
[-0.008, 0.031, -0.039]
[-0.01, 0.031, -0.042]
[-0.011, 0.031, -0.045]
[-0.011, 0.032, -0.047]
[-0.009, 0.032, -0.049]
[-0.008, 0.032, -0.05]
[-0.009, 0.033, -0.051]
[-0.012, 0.033, -0.052]
[-0.016, 0.034, -0.053]
[-0.016, 0.034, -0.054]
[-0.014, 0.035, -0.055]
[-0.011, 0.035, -0.056]
[-0.012, 0.036, -0.056]
[-0.012, 0.036, -0.056]
[-0.016, 0.036, -0.056]
[-0.021, 0.036, -0.055]
[-0.023, 0.037, -0.054]
[-0.023, 0.037, -0.054]
[-0.021, 0.038, -0.054]
[-0.018, 0.038, -0.055]
[-0.016, 0.038, -0.056]
[-0.017, 0.038, -0.057]
[-0.022, 0.037, -0.056]
[-0.031, 0.036, -0.053]
[-0.039, 0.035, -0.052]
[-0.044, 0.034, -0.052]
[-0.047, 0.033, -0.052]
[-0.046, 0.032, -0.053]
[-0.041, 0.031, -0.054]
[-0.034, 0.03, -0.055]
[-0.027, 0.029, -0.055]
[-0.022, 0.029, -0.056]
[-0.019, 0.028, -0.057]
[-0.016, 0.027, -0.057]
[-0.013, 0.026, -0.057]
[-0.011, 0.025, -0.058]
[-0.009, 0.023, -0.059]
[-0.007, 0.022, -0.062]
[-0.005, 0.021, -0.064]
[-0.004, 0.019, -0.065]
[-0.002, 0.018, -0.066]
[-0.001, 0.017, -0.067]
[-0.001, 0.015, -0.068]
[-0.001, 0.015, -0.07]
[0.001, 0.015, -0.072]
[0.003, 0.016, -0.075]
[0.005, 0.016, -0.076]
[0.012, 0.016, -0.075]
[0.012, 0.016, -0.075]
[0.014, 0.015, -0.072]
[0.017, 0.013, -0.07]
[0.022, 0.012, -0.069]
[0.022, 0.012, -0.069]
[0.025, 0.012, -0.068]
[0.027, 0.012, -0.069]
[0.029, 0.012, -0.069]
[0.032, 0.012, -0.069]
[0.034, 0.012, -0.069]
[0.035, 0.011, -0.068]
[0.035, 0.011, -0.067]
[0.034, 0.009, -0.066]
[0.034, 0.008, -0.066]
[0.033, 0.007, -0.065]
[0.036, 0.005, -0.065]
[0.039, 0.004, -0.065]
[0.048, 0.002, -0.064]
[0.048, 0.002, -0.064]
[0.053, 0.001, -0.062]
[0.059, 0.001, -0.061]
[0.069, 0.0, -0.058]
[0.069, 0.0, -0.058]
[0.075, -0.0, -0.057]
[0.079, -0.0, -0.057]
[0.091, -0.0, -0.054]
[0.091, -0.0, -0.054]
[0.094, 0.0, -0.054]
[0.099, -0.0, -0.054]
[0.105, 0.001, -0.057]
[0.105, 0.001, -0.057]
[0.109, 0.002, -0.058]
[0.112, 0.002, -0.059]
[0.115, 0.003, -0.06]
[0.115, 0.003, -0.06]
[0.116, 0.002, -0.06]
[0.115, 0.002, -0.06]
[0.116, 0.002, -0.056]
[0.116, 0.002, -0.056]
[0.115, 0.002, -0.055]
[0.113, 0.002, -0.055]
[0.105, 0.004, -0.056]
[0.105, 0.004, -0.056]
[0.103, 0.004, -0.057]
[0.102, 0.005, -0.057]
[0.102, 0.004, -0.057]
[0.103, 0.004, -0.057]
[0.102, 0.004, -0.057]
[0.102, 0.004, -0.058]
[0.095, 0.003, -0.061]
[0.095, 0.003, -0.061]
[0.091, 0.002, -0.062]
[0.085, 0.001, -0.063]
[0.07, -0.001, -0.062]
[0.07, -0.001, -0.062]
[0.062, -0.001, -0.061]
[0.054, -0.001, -0.061]
[0.045, -0.002, -0.061]
[0.037, -0.003, -0.061]
[0.028, -0.003, -0.062]
[0.018, -0.004, -0.063]
[0.004, -0.004, -0.066]
[0.004, -0.004, -0.066]
[-0.002, -0.004, -0.067]
[-0.009, -0.004, -0.067]
[-0.023, -0.004, -0.068]
[-0.028, -0.004, -0.067]
[-0.028, -0.004, -0.067]
[-0.032, -0.005, -0.066]
[-0.038, -0.005, -0.065]
[-0.047, -0.006, -0.064]
[-0.056, -0.006, -0.065]
[-0.066, -0.007, -0.064]
[-0.072, -0.007, -0.063]
[-0.078, -0.008, -0.062]
[-0.081, -0.008, -0.061]
[-0.085, -0.007, -0.06]
[-0.091, -0.007, -0.06]
[-0.091, -0.007, -0.06]
[-0.096, -0.006, -0.061]
[-0.1, -0.004, -0.06]
[-0.105, -0.002, -0.06]
[-0.109, -0.001, -0.06]
[-0.113, -0.001, -0.06]
[-0.118, -0.001, -0.061]
[-0.121, -0.001, -0.061]
[-0.123, -0.001, -0.061]
[-0.123, -0.001, -0.06]
[-0.123, -0.001, -0.06]
[-0.123, -0.001, -0.059]
[-0.125, -0.001, -0.059]
[-0.128, -0.001, -0.059]
[-0.129, -0.001, -0.06]
[-0.132, -0.001, -0.062]
[-0.136, -0.001, -0.064]
[-0.138, -0.0, -0.066]
[-0.141, 0.0, -0.067]
[-0.145, 0.0, -0.068]
[-0.148, 0.001, -0.069]
[-0.152, 0.001, -0.07]
[-0.157, 0.001, -0.071]
[-0.165, 0.002, -0.07]
[-0.165, 0.002, -0.07]
[-0.169, 0.002, -0.07]
[-0.17, 0.003, -0.07]
[-0.172, 0.003, -0.069]
[-0.172, 0.002, -0.069]
[-0.173, 0.002, -0.069]
[-0.173, 0.002, -0.069]
[-0.168, 0.0, -0.068]
[-0.168, 0.0, -0.068]
[-0.164, -0.001, -0.067]
[-0.16, -0.002, -0.065]
[-0.157, -0.003, -0.062]
[-0.157, -0.003, -0.062]
[-0.157, -0.003, -0.061]
[-0.159, -0.003, -0.06]
[-0.161, -0.003, -0.06]
[-0.166, -0.002, -0.06]
[-0.171, -0.002, -0.06]
[-0.177, -0.001, -0.06]
[-0.179, -0.001, -0.06]
[-0.179, 0.0, -0.06]
[-0.176, 0.001, -0.061]
[-0.169, 0.001, -0.061]
[-0.163, 0.0, -0.059]
[-0.157, -0.0, -0.057]
[-0.15, -0.001, -0.056]
[-0.15, -0.001, -0.056]
[-0.149, -0.001, -0.056]
[-0.15, -0.0, -0.056]
[-0.152, -0.001, -0.055]
[-0.154, -0.0, -0.054]
[-0.157, -0.0, -0.054]
[-0.16, 0.0, -0.055]
[-0.163, 0.0, -0.055]
[-0.165, 0.001, -0.056]
[-0.165, 0.001, -0.055]
[-0.165, 0.001, -0.055]
[-0.165, 0.001, -0.056]
[-0.167, 0.001, -0.055]
[-0.17, 0.002, -0.055]
[-0.173, 0.004, -0.055]
[-0.178, 0.005, -0.056]
[-0.18, 0.006, -0.058]
[-0.185, 0.008, -0.059]
[-0.19, 0.009, -0.061]
[-0.195, 0.01, -0.063]
