start livelink
[0.114, 0.021, -0.031]
[0.114, 0.021, -0.031]
[0.114, 0.021, -0.03]
[0.116, 0.022, -0.029]
[0.12, 0.021, -0.028]
[0.12, 0.021, -0.028]
[0.12, 0.022, -0.027]
[0.123, 0.024, -0.026]
[0.128, 0.026, -0.025]
[0.13, 0.027, -0.021]
[0.127, 0.035, -0.014]
[0.126, 0.042, -0.012]
[0.137, 0.049, -0.014]
[0.139, 0.051, -0.005]
[0.143, 0.047, 0.0]
[0.14, 0.037, -0.004]
[0.135, 0.032, -0.012]
[0.132, 0.029, -0.015]
[0.129, 0.026, -0.018]
[0.127, 0.026, -0.02]
[0.125, 0.025, -0.02]
[0.123, 0.025, -0.02]
[0.122, 0.026, -0.021]
[0.121, 0.026, -0.02]
[0.122, 0.026, -0.018]
[0.122, 0.026, -0.018]
[0.123, 0.026, -0.016]
[0.125, 0.026, -0.015]
[0.126, 0.026, -0.01]
[0.126, 0.026, -0.01]
[0.126, 0.027, -0.009]
[0.13, 0.027, -0.005]
[0.128, 0.027, -0.002]
[0.126, 0.027, 0.004]
[0.126, 0.027, 0.009]
[0.125, 0.028, 0.011]
[0.13, 0.032, 0.017]
[0.13, 0.032, 0.017]
[0.134, 0.035, 0.02]
[0.137, 0.038, 0.023]
[0.144, 0.043, 0.029]
[0.144, 0.043, 0.029]
[0.146, 0.045, 0.033]
[0.146, 0.047, 0.038]
[0.148, 0.052, 0.049]
[0.148, 0.052, 0.049]
[0.15, 0.053, 0.054]
[0.153, 0.055, 0.059]
[0.16, 0.059, 0.068]
[0.16, 0.059, 0.068]
[0.164, 0.061, 0.072]
[0.17, 0.063, 0.075]
[0.178, 0.065, 0.079]
[0.184, 0.066, 0.082]
[0.189, 0.067, 0.085]
[0.195, 0.068, 0.087]
[0.211, 0.071, 0.088]
[0.211, 0.071, 0.088]
[0.218, 0.071, 0.087]
[0.224, 0.072, 0.088]
[0.233, 0.072, 0.089]
[0.233, 0.072, 0.089]
[0.237, 0.072, 0.09]
[0.24, 0.072, 0.089]
[0.245, 0.072, 0.089]
[0.245, 0.072, 0.089]
[0.248, 0.071, 0.089]
[0.252, 0.071, 0.091]
[0.257, 0.07, 0.092]
[0.263, 0.069, 0.093]
[0.27, 0.069, 0.094]
[0.276, 0.068, 0.093]
[0.28, 0.067, 0.093]
[0.281, 0.066, 0.093]
[0.282, 0.065, 0.093]
[0.28, 0.063, 0.093]
[0.278, 0.06, 0.09]
[0.278, 0.06, 0.09]
[0.276, 0.059, 0.089]
[0.275, 0.057, 0.087]
[0.272, 0.055, 0.08]
[0.272, 0.055, 0.08]
[0.268, 0.053, 0.077]
[0.263, 0.051, 0.074]
[0.259, 0.049, 0.071]
[0.256, 0.047, 0.068]
[0.253, 0.046, 0.064]
[0.25, 0.046, 0.059]
[0.247, 0.045, 0.054]
[0.242, 0.043, 0.05]
[0.238, 0.041, 0.044]
[0.235, 0.038, 0.04]
[0.227, 0.031, 0.027]
[0.227, 0.031, 0.027]
[0.222, 0.028, 0.021]
[0.216, 0.024, 0.015]
[0.211, 0.021, 0.01]
[0.207, 0.017, 0.004]
[0.203, 0.014, -0.001]
[0.201, 0.011, -0.005]
[0.2, 0.008, -0.01]
[0.197, 0.005, -0.015]
[0.193, 0.003, -0.019]
[0.189, 0.0, -0.022]
[0.185, -0.002, -0.026]
[0.181, -0.005, -0.028]
[0.179, -0.007, -0.031]
[0.177, -0.009, -0.034]
[0.173, -0.013, -0.039]
[0.173, -0.013, -0.039]
[0.171, -0.016, -0.042]
[0.17, -0.018, -0.046]
[0.169, -0.023, -0.054]
[0.169, -0.023, -0.054]
[0.168, -0.026, -0.057]
[0.167, -0.028, -0.06]
[0.166, -0.033, -0.066]
[0.166, -0.033, -0.066]
[0.167, -0.035, -0.069]
[0.169, -0.037, -0.071]
[0.17, -0.04, -0.075]
[0.17, -0.04, -0.075]
[0.169, -0.042, -0.076]
[0.168, -0.043, -0.077]
[0.168, -0.045, -0.077]
[0.167, -0.046, -0.078]
[0.166, -0.047, -0.078]
[0.166, -0.048, -0.078]
[0.165, -0.048, -0.078]
[0.164, -0.049, -0.079]
[0.163, -0.049, -0.078]
[0.162, -0.049, -0.077]
[0.161, -0.049, -0.076]
[0.161, -0.049, -0.074]
[0.16, -0.048, -0.073]
[0.159, -0.047, -0.071]
[0.159, -0.046, -0.07]
[0.161, -0.045, -0.068]
[0.164, -0.044, -0.065]
[0.168, -0.043, -0.062]
[0.171, -0.042, -0.058]
[0.174, -0.04, -0.054]
[0.176, -0.038, -0.05]
[0.177, -0.035, -0.046]
[0.179, -0.032, -0.041]
[0.181, -0.029, -0.036]
[0.183, -0.026, -0.031]
[0.185, -0.023, -0.026]
[0.186, -0.021, -0.02]
[0.187, -0.018, -0.015]
[0.189, -0.015, -0.009]
[0.191, -0.013, -0.003]
[0.192, -0.011, 0.004]
[0.194, -0.008, 0.009]
[0.194, -0.005, 0.014]
[0.196, -0.002, 0.018]
[0.203, 0.004, 0.026]
[0.203, 0.004, 0.026]
[0.207, 0.006, 0.032]
[0.212, 0.009, 0.039]
[0.221, 0.016, 0.048]
[0.221, 0.016, 0.048]
[0.226, 0.02, 0.052]
[0.231, 0.023, 0.056]
[0.235, 0.025, 0.059]
[0.239, 0.027, 0.063]
[0.243, 0.029, 0.066]
[0.247, 0.03, 0.07]
[0.25, 0.031, 0.074]
[0.254, 0.032, 0.078]
[0.256, 0.032, 0.081]
[0.258, 0.032, 0.083]
[0.26, 0.031, 0.085]
[0.26, 0.031, 0.087]
[0.26, 0.03, 0.089]
[0.262, 0.03, 0.091]
[0.263, 0.03, 0.092]
[0.266, 0.029, 0.092]
[0.268, 0.028, 0.09]
[0.269, 0.027, 0.087]
[0.271, 0.026, 0.084]
[0.272, 0.024, 0.081]
[0.273, 0.022, 0.077]
[0.274, 0.02, 0.074]
[0.274, 0.019, 0.069]
[0.274, 0.017, 0.064]
[0.275, 0.016, 0.059]
[0.274, 0.014, 0.054]
[0.274, 0.013, 0.049]
[0.274, 0.011, 0.043]
[0.272, 0.01, 0.036]
[0.272, 0.008, 0.029]
[0.271, 0.003, 0.013]
[0.271, 0.003, 0.013]
[0.271, 0.0, 0.005]
[0.272, -0.002, -0.002]
[0.271, -0.007, -0.014]
[0.27, -0.009, -0.02]
[0.27, -0.009, -0.02]
[0.268, -0.011, -0.026]
[0.261, -0.015, -0.038]
[0.261, -0.015, -0.038]
[0.258, -0.017, -0.044]
[0.257, -0.019, -0.05]
[0.259, -0.023, -0.064]
[0.259, -0.023, -0.064]
[0.262, -0.025, -0.071]
[0.265, -0.028, -0.077]
[0.266, -0.03, -0.082]
[0.266, -0.033, -0.086]
[0.262, -0.036, -0.089]
[0.256, -0.04, -0.092]
[0.248, -0.043, -0.095]
[0.244, -0.046, -0.098]
[0.241, -0.049, -0.102]
[0.24, -0.052, -0.106]
[0.241, -0.054, -0.109]
[0.24, -0.056, -0.113]
[0.239, -0.058, -0.117]
[0.238, -0.06, -0.121]
[0.235, -0.061, -0.124]
[0.234, -0.062, -0.127]
[0.233, -0.063, -0.128]
[0.232, -0.063, -0.129]
[0.232, -0.063, -0.128]
[0.232, -0.062, -0.125]
[0.232, -0.062, -0.12]
[0.234, -0.06, -0.113]
[0.236, -0.059, -0.106]
[0.237, -0.058, -0.098]
[0.241, -0.057, -0.09]
[0.246, -0.055, -0.08]
[0.262, -0.049, -0.048]
[0.262, -0.049, -0.048]
[0.266, -0.045, -0.03]
[0.268, -0.041, -0.016]
[0.274, -0.036, 0.013]
[0.274, -0.036, 0.013]
[0.279, -0.034, 0.029]
[0.283, -0.031, 0.043]
[0.285, -0.026, 0.067]
[0.285, -0.026, 0.067]
[0.285, -0.024, 0.075]
[0.285, -0.02, 0.081]
[0.285, -0.013, 0.091]
[0.285, -0.013, 0.091]
[0.285, -0.01, 0.094]
[0.285, -0.007, 0.098]
[0.285, -0.004, 0.101]
[0.286, -0.002, 0.104]
[0.287, 0.001, 0.108]
[0.289, 0.003, 0.11]
[0.292, 0.007, 0.114]
[0.292, 0.007, 0.114]
[0.293, 0.008, 0.114]
[0.294, 0.008, 0.115]
[0.296, 0.009, 0.115]
[0.296, 0.009, 0.115]
[0.298, 0.009, 0.115]
[0.299, 0.009, 0.115]
[0.299, 0.009, 0.115]
[0.299, 0.01, 0.114]
[0.299, 0.011, 0.114]
[0.299, 0.012, 0.114]
[0.298, 0.014, 0.116]
[0.297, 0.016, 0.119]
[0.295, 0.018, 0.122]
[0.293, 0.02, 0.127]
[0.288, 0.028, 0.146]
[0.288, 0.028, 0.146]
[0.285, 0.034, 0.159]
[0.284, 0.038, 0.172]
[0.284, 0.041, 0.184]
[0.283, 0.043, 0.196]
[0.281, 0.045, 0.204]
[0.28, 0.047, 0.213]
[0.281, 0.052, 0.226]
[0.281, 0.052, 0.226]
[0.28, 0.054, 0.231]
[0.278, 0.056, 0.234]
[0.27, 0.059, 0.238]
[0.27, 0.059, 0.238]
[0.266, 0.061, 0.238]
[0.263, 0.062, 0.237]
[0.263, 0.063, 0.236]
[0.264, 0.065, 0.234]
[0.266, 0.066, 0.232]
[0.268, 0.066, 0.23]
[0.27, 0.067, 0.227]
[0.272, 0.067, 0.225]
[0.274, 0.066, 0.22]
[0.276, 0.065, 0.213]
[0.278, 0.063, 0.204]
[0.281, 0.061, 0.195]
[0.284, 0.059, 0.187]
[0.287, 0.057, 0.177]
[0.288, 0.055, 0.165]
[0.287, 0.052, 0.149]
[0.286, 0.05, 0.132]
[0.286, 0.046, 0.114]
[0.286, 0.042, 0.092]
[0.287, 0.036, 0.067]
[0.285, 0.031, 0.044]
[0.278, 0.026, 0.023]
[0.27, 0.022, 0.001]
[0.268, 0.017, -0.019]
[0.265, 0.012, -0.034]
[0.259, 0.007, -0.052]
[0.251, 0.002, -0.07]
[0.244, -0.002, -0.084]
[0.236, -0.005, -0.097]
[0.226, -0.009, -0.107]
[0.217, -0.012, -0.116]
[0.21, -0.015, -0.123]
[0.203, -0.018, -0.129]
[0.198, -0.022, -0.135]
[0.187, -0.028, -0.145]
[0.187, -0.028, -0.145]
[0.18, -0.03, -0.149]
[0.173, -0.032, -0.152]
[0.165, -0.035, -0.155]
[0.165, -0.035, -0.155]
[0.163, -0.036, -0.154]
[0.161, -0.036, -0.151]
[0.159, -0.036, -0.144]
[0.16, -0.036, -0.132]
[0.162, -0.035, -0.117]
[0.164, -0.034, -0.103]
[0.167, -0.032, -0.066]
[0.167, -0.032, -0.066]
[0.167, -0.031, -0.048]
[0.166, -0.029, -0.032]
[0.17, -0.023, 0.002]
[0.17, -0.023, 0.002]
[0.174, -0.02, 0.022]
[0.177, -0.018, 0.04]
[0.181, -0.013, 0.074]
[0.181, -0.013, 0.074]
[0.18, -0.01, 0.089]
[0.181, -0.007, 0.103]
[0.184, -0.001, 0.126]
[0.184, -0.001, 0.126]
[0.186, 0.002, 0.135]
[0.185, 0.005, 0.144]
[0.185, 0.008, 0.152]
[0.185, 0.012, 0.16]
[0.186, 0.015, 0.168]
[0.187, 0.017, 0.173]
[0.188, 0.02, 0.177]
[0.189, 0.022, 0.18]
[0.19, 0.024, 0.181]
[0.192, 0.026, 0.18]
[0.194, 0.027, 0.178]
[0.196, 0.028, 0.174]
[0.197, 0.029, 0.167]
[0.199, 0.029, 0.158]
[0.201, 0.029, 0.148]
[0.201, 0.031, 0.137]
[0.2, 0.032, 0.125]
[0.199, 0.032, 0.113]
[0.2, 0.032, 0.103]
[0.202, 0.031, 0.094]
[0.207, 0.03, 0.084]
[0.21, 0.029, 0.073]
[0.213, 0.027, 0.044]
[0.213, 0.027, 0.044]
[0.215, 0.026, 0.029]
[0.213, 0.026, 0.016]
[0.209, 0.027, -0.005]
[0.209, 0.027, -0.005]
[0.204, 0.028, -0.015]
[0.2, 0.029, -0.024]
[0.196, 0.03, -0.032]
[0.192, 0.03, -0.038]
[0.189, 0.031, -0.045]
[0.186, 0.031, -0.05]
[0.185, 0.032, -0.054]
[0.184, 0.031, -0.057]
[0.183, 0.031, -0.059]
[0.184, 0.03, -0.06]
[0.186, 0.029, -0.059]
[0.188, 0.028, -0.056]
[0.19, 0.027, -0.052]
[0.191, 0.027, -0.043]
[0.192, 0.026, -0.032]
[0.194, 0.025, -0.02]
[0.196, 0.026, -0.007]
[0.197, 0.027, 0.005]
[0.2, 0.029, 0.016]
[0.201, 0.03, 0.026]
[0.201, 0.032, 0.038]
[0.204, 0.033, 0.052]
[0.207, 0.034, 0.066]
[0.209, 0.035, 0.081]
[0.213, 0.036, 0.094]
[0.217, 0.036, 0.107]
[0.227, 0.038, 0.132]
[0.227, 0.038, 0.132]
[0.231, 0.04, 0.143]
[0.233, 0.041, 0.152]
[0.236, 0.043, 0.168]
[0.236, 0.043, 0.168]
[0.237, 0.043, 0.172]
[0.237, 0.044, 0.175]
[0.238, 0.044, 0.176]
[0.238, 0.044, 0.176]
[0.237, 0.044, 0.175]
[0.236, 0.044, 0.173]
[0.235, 0.044, 0.169]
[0.233, 0.043, 0.162]
[0.233, 0.043, 0.162]
[0.232, 0.042, 0.159]
[0.231, 0.042, 0.156]
[0.231, 0.041, 0.152]
[0.231, 0.041, 0.147]
[0.232, 0.04, 0.14]
[0.233, 0.039, 0.131]
[0.233, 0.038, 0.122]
[0.232, 0.035, 0.105]
[0.232, 0.035, 0.105]
[0.231, 0.034, 0.097]
[0.231, 0.032, 0.091]
[0.231, 0.03, 0.082]
[0.233, 0.029, 0.07]
[0.236, 0.028, 0.056]
[0.235, 0.027, 0.041]
[0.233, 0.025, 0.027]
[0.229, 0.024, 0.014]
[0.226, 0.022, 0.002]
[0.222, 0.021, -0.01]
[0.218, 0.021, -0.021]
[0.215, 0.02, -0.03]
[0.212, 0.019, -0.039]
[0.209, 0.018, -0.047]
[0.208, 0.017, -0.056]
[0.207, 0.016, -0.064]
[0.206, 0.014, -0.073]
[0.205, 0.013, -0.081]
[0.203, 0.011, -0.088]
[0.201, 0.01, -0.095]
[0.198, 0.009, -0.107]
[0.198, 0.009, -0.107]
[0.196, 0.008, -0.111]
[0.196, 0.007, -0.115]
[0.194, 0.005, -0.121]
[0.194, 0.005, -0.121]
[0.193, 0.004, -0.123]
[0.193, 0.002, -0.124]
[0.194, -0.001, -0.126]
[0.194, -0.001, -0.126]
[0.195, -0.003, -0.126]
[0.195, -0.004, -0.128]
[0.199, -0.007, -0.131]
[0.199, -0.007, -0.131]
[0.202, -0.008, -0.132]
[0.205, -0.009, -0.132]
[0.207, -0.011, -0.132]
[0.208, -0.012, -0.131]
[0.21, -0.016, -0.127]
[0.21, -0.016, -0.127]
[0.211, -0.017, -0.124]
[0.212, -0.019, -0.121]
[0.216, -0.02, -0.117]
[0.222, -0.021, -0.113]
[0.228, -0.021, -0.11]
[0.233, -0.021, -0.106]
[0.234, -0.022, -0.1]
[0.234, -0.022, -0.091]
[0.235, -0.021, -0.081]
[0.237, -0.021, -0.069]
[0.24, -0.021, -0.057]
[0.24, -0.021, -0.046]
[0.242, -0.019, -0.02]
[0.242, -0.019, -0.02]
[0.243, -0.017, -0.008]
[0.244, -0.016, 0.003]
[0.246, -0.013, 0.023]
[0.246, -0.013, 0.023]
[0.246, -0.011, 0.031]
[0.247, -0.01, 0.039]
[0.25, -0.006, 0.057]
[0.25, -0.006, 0.057]
[0.253, -0.005, 0.065]
[0.256, -0.003, 0.073]
[0.26, -0.002, 0.08]
[0.264, -0.001, 0.085]
[0.266, 0.0, 0.09]
[0.267, 0.002, 0.096]
[0.268, 0.006, 0.108]
[0.268, 0.006, 0.108]
[0.27, 0.008, 0.114]
[0.272, 0.01, 0.12]
[0.275, 0.013, 0.129]
[0.275, 0.013, 0.129]
[0.276, 0.015, 0.133]
[0.278, 0.017, 0.135]
[0.28, 0.019, 0.138]
[0.281, 0.021, 0.14]
[0.283, 0.022, 0.141]
[0.284, 0.023, 0.143]
[0.284, 0.024, 0.144]
[0.285, 0.025, 0.144]
[0.286, 0.026, 0.145]
[0.288, 0.026, 0.147]
[0.291, 0.027, 0.15]
[0.291, 0.027, 0.15]
[0.294, 0.027, 0.15]
[0.297, 0.027, 0.151]
[0.3, 0.027, 0.15]
[0.303, 0.027, 0.15]
[0.304, 0.026, 0.15]
[0.305, 0.025, 0.15]
[0.304, 0.024, 0.149]
[0.303, 0.023, 0.149]
[0.302, 0.023, 0.149]
[0.3, 0.023, 0.148]
[0.299, 0.022, 0.147]
[0.297, 0.022, 0.145]
[0.295, 0.021, 0.143]
[0.293, 0.021, 0.14]
[0.291, 0.021, 0.134]
[0.287, 0.021, 0.128]
[0.286, 0.022, 0.12]
[0.285, 0.022, 0.112]
[0.283, 0.021, 0.102]
[0.284, 0.02, 0.091]
[0.284, 0.019, 0.079]
[0.283, 0.019, 0.066]
[0.281, 0.018, 0.049]
[0.278, 0.017, 0.032]
[0.272, 0.016, 0.014]
[0.266, 0.016, -0.001]
[0.259, 0.015, -0.016]
[0.253, 0.014, -0.027]
[0.251, 0.014, -0.036]
[0.25, 0.013, -0.051]
[0.25, 0.013, -0.051]
[0.249, 0.012, -0.057]
[0.249, 0.012, -0.062]
[0.247, 0.011, -0.066]
[0.245, 0.01, -0.069]
[0.244, 0.009, -0.071]
[0.243, 0.009, -0.072]
[0.244, 0.008, -0.072]
[0.246, 0.008, -0.07]
[0.246, 0.008, -0.067]
[0.247, 0.008, -0.062]
[0.247, 0.007, -0.056]
[0.248, 0.006, -0.049]
[0.25, 0.005, -0.04]
[0.252, 0.005, -0.031]
[0.255, 0.004, -0.02]
[0.257, 0.005, -0.008]
[0.259, 0.005, 0.003]
[0.26, 0.006, 0.014]
[0.261, 0.007, 0.027]
[0.264, 0.008, 0.039]
[0.267, 0.009, 0.052]
[0.272, 0.009, 0.064]
[0.278, 0.01, 0.077]
[0.284, 0.011, 0.106]
[0.284, 0.011, 0.106]
[0.285, 0.012, 0.118]
[0.287, 0.013, 0.128]
[0.29, 0.016, 0.145]
[0.29, 0.016, 0.145]
[0.291, 0.017, 0.151]
[0.291, 0.018, 0.16]
[0.291, 0.018, 0.16]
[0.291, 0.019, 0.162]
[0.291, 0.02, 0.163]
[0.292, 0.021, 0.163]
[0.294, 0.021, 0.161]
[0.296, 0.021, 0.158]
[0.298, 0.021, 0.154]
[0.298, 0.021, 0.149]
[0.297, 0.021, 0.144]
[0.295, 0.02, 0.136]
[0.292, 0.02, 0.127]
[0.289, 0.019, 0.116]
[0.287, 0.019, 0.105]
[0.285, 0.018, 0.093]
[0.283, 0.016, 0.08]
[0.281, 0.015, 0.067]
[0.279, 0.013, 0.052]
[0.277, 0.011, 0.037]
[0.274, 0.009, 0.024]
[0.269, 0.008, 0.012]
[0.263, 0.005, -0.001]
[0.26, 0.002, -0.014]
[0.257, -0.001, -0.026]
[0.258, -0.005, -0.039]
[0.26, -0.008, -0.051]
[0.259, -0.014, -0.075]
[0.259, -0.014, -0.075]
[0.258, -0.017, -0.087]
[0.257, -0.02, -0.098]
[0.255, -0.023, -0.107]
[0.251, -0.025, -0.116]
[0.248, -0.027, -0.122]
[0.242, -0.031, -0.134]
[0.242, -0.031, -0.134]
[0.241, -0.033, -0.139]
[0.24, -0.035, -0.143]
[0.238, -0.037, -0.147]
[0.239, -0.039, -0.151]
[0.238, -0.04, -0.154]
[0.238, -0.041, -0.158]
[0.237, -0.042, -0.161]
[0.235, -0.042, -0.163]
[0.235, -0.042, -0.164]
[0.235, -0.041, -0.164]
[0.236, -0.041, -0.162]
[0.237, -0.04, -0.159]
[0.238, -0.04, -0.156]
[0.238, -0.04, -0.151]
[0.238, -0.04, -0.147]
[0.237, -0.04, -0.141]
[0.237, -0.04, -0.134]
[0.239, -0.039, -0.127]
[0.243, -0.039, -0.119]
[0.247, -0.039, -0.113]
[0.249, -0.039, -0.106]
[0.25, -0.039, -0.101]
[0.247, -0.039, -0.095]
[0.244, -0.038, -0.088]
[0.244, -0.038, -0.081]
[0.245, -0.037, -0.073]
[0.248, -0.037, -0.064]
[0.251, -0.036, -0.055]
[0.252, -0.036, -0.044]
[0.255, -0.034, -0.031]
[0.262, -0.031, -0.017]
[0.266, -0.029, -0.004]
[0.268, -0.026, 0.008]
[0.268, -0.024, 0.021]
[0.268, -0.021, 0.036]
[0.269, -0.018, 0.051]
[0.268, -0.016, 0.064]
[0.269, -0.014, 0.076]
[0.27, -0.012, 0.089]
[0.272, -0.01, 0.099]
[0.274, -0.007, 0.108]
[0.275, -0.004, 0.115]
[0.276, -0.001, 0.12]
[0.277, 0.002, 0.125]
[0.279, 0.005, 0.129]
[0.279, 0.007, 0.133]
[0.281, 0.009, 0.137]
[0.281, 0.011, 0.141]
[0.281, 0.012, 0.144]
[0.281, 0.014, 0.146]
[0.28, 0.016, 0.148]
[0.281, 0.016, 0.15]
[0.281, 0.017, 0.15]
[0.283, 0.019, 0.149]
[0.283, 0.019, 0.149]
[0.282, 0.02, 0.148]
[0.281, 0.021, 0.145]
[0.279, 0.021, 0.14]
[0.277, 0.022, 0.134]
[0.275, 0.022, 0.127]
[0.274, 0.023, 0.118]
[0.272, 0.025, 0.109]
[0.271, 0.026, 0.099]
[0.267, 0.026, 0.09]
[0.264, 0.026, 0.08]
[0.26, 0.026, 0.07]
[0.256, 0.026, 0.06]
[0.257, 0.024, 0.049]
[0.257, 0.021, 0.038]
[0.258, 0.02, 0.029]
[0.259, 0.018, 0.02]
[0.259, 0.017, 0.011]
[0.256, 0.016, 0.0]
[0.253, 0.015, -0.008]
[0.251, 0.014, -0.014]
[0.248, 0.014, -0.02]
[0.245, 0.013, -0.026]
[0.243, 0.013, -0.032]
[0.241, 0.013, -0.039]
[0.24, 0.012, -0.044]
[0.24, 0.012, -0.049]
[0.241, 0.01, -0.053]
[0.241, 0.008, -0.056]
[0.241, 0.005, -0.058]
[0.242, 0.003, -0.058]
[0.245, -0.0, -0.058]
[0.248, -0.003, -0.056]
[0.253, -0.005, -0.055]
[0.256, -0.006, -0.054]
[0.265, -0.008, -0.053]
[0.265, -0.008, -0.053]
[0.271, -0.009, -0.05]
[0.279, -0.01, -0.047]
[0.293, -0.01, -0.039]
[0.293, -0.01, -0.039]
[0.299, -0.01, -0.035]
[0.303, -0.01, -0.031]
[0.304, -0.009, -0.028]
[0.305, -0.008, -0.025]
[0.306, -0.006, -0.023]
[0.307, -0.005, -0.022]
[0.309, -0.003, -0.02]
[0.311, -0.001, -0.019]
[0.312, 0.0, -0.019]
[0.314, 0.002, -0.018]
[0.317, 0.003, -0.017]
[0.32, 0.004, -0.016]
[0.321, 0.005, -0.015]
[0.322, 0.006, -0.015]
[0.321, 0.007, -0.014]
[0.321, 0.007, -0.014]
[0.32, 0.008, -0.013]
[0.319, 0.008, -0.013]
[0.32, 0.008, -0.013]
[0.321, 0.009, -0.014]
[0.321, 0.009, -0.014]
[0.32, 0.011, -0.014]
[0.319, 0.012, -0.015]
[0.317, 0.014, -0.016]
[0.315, 0.015, -0.017]
[0.313, 0.016, -0.018]
[0.31, 0.017, -0.019]
[0.307, 0.017, -0.02]
[0.303, 0.018, -0.022]
[0.3, 0.018, -0.025]
[0.296, 0.018, -0.028]
[0.291, 0.019, -0.031]
[0.285, 0.02, -0.034]
[0.279, 0.02, -0.037]
[0.272, 0.02, -0.039]
[0.266, 0.019, -0.041]
[0.26, 0.019, -0.043]
[0.254, 0.019, -0.046]
[0.248, 0.018, -0.049]
[0.244, 0.018, -0.051]
[0.24, 0.018, -0.052]
[0.237, 0.018, -0.051]
[0.233, 0.017, -0.051]
[0.23, 0.016, -0.051]
[0.228, 0.015, -0.05]
[0.226, 0.015, -0.048]
[0.225, 0.014, -0.046]
[0.225, 0.014, -0.043]
[0.225, 0.014, -0.041]
[0.225, 0.014, -0.039]
[0.226, 0.014, -0.036]
[0.227, 0.015, -0.034]
[0.227, 0.016, -0.032]
[0.227, 0.016, -0.031]
[0.226, 0.017, -0.028]
[0.226, 0.017, -0.028]
[0.225, 0.017, -0.026]
[0.225, 0.017, -0.026]
[0.225, 0.017, -0.026]
[0.226, 0.017, -0.025]
[0.226, 0.017, -0.023]
[0.226, 0.017, -0.023]
[0.226, 0.017, -0.023]
[0.225, 0.017, -0.022]
[0.223, 0.017, -0.021]
[0.223, 0.017, -0.021]
[0.222, 0.017, -0.02]
[0.222, 0.017, -0.019]
[0.22, 0.017, -0.018]
[0.22, 0.017, -0.018]
[0.22, 0.017, -0.018]
[0.22, 0.017, -0.018]
[0.22, 0.017, -0.018]
[0.219, 0.017, -0.018]
[0.218, 0.017, -0.018]
[0.218, 0.017, -0.018]
[0.218, 0.017, -0.017]
[0.218, 0.017, -0.017]
[0.218, 0.017, -0.017]
[0.218, 0.017, -0.017]
[0.218, 0.018, -0.018]
[0.217, 0.018, -0.017]
[0.217, 0.018, -0.017]
[0.216, 0.018, -0.017]
[0.216, 0.019, -0.018]
[0.217, 0.019, -0.018]
[0.219, 0.019, -0.019]
[0.219, 0.019, -0.019]
[0.218, 0.019, -0.018]
[0.215, 0.019, -0.018]
[0.213, 0.019, -0.018]
[0.211, 0.019, -0.017]
[0.209, 0.019, -0.017]
[0.209, 0.019, -0.017]
[0.208, 0.019, -0.017]
[0.209, 0.02, -0.017]
[0.209, 0.02, -0.017]
[0.21, 0.021, -0.017]
[0.21, 0.021, -0.016]
[0.21, 0.022, -0.017]
[0.21, 0.022, -0.017]
[0.21, 0.022, -0.018]
