start livelink
[-0.014, 0.011, -0.054]
[-0.013, 0.013, -0.057]
[-0.011, 0.015, -0.06]
[-0.011, 0.017, -0.06]
[0.008, 0.021, -0.06]
[-0.007, 0.035, -0.04]
[-0.0, 0.049, -0.024]
[-0.048, 0.038, -0.027]
[-0.054, 0.037, -0.027]
[-0.056, 0.038, -0.025]
[-0.055, 0.038, -0.024]
[-0.052, 0.039, -0.02]
[-0.046, 0.04, -0.016]
[-0.038, 0.041, -0.011]
[-0.026, 0.043, -0.008]
[-0.012, 0.047, -0.004]
[-0.001, 0.049, -0.004]
[0.007, 0.051, -0.002]
[0.014, 0.052, -0.0]
[0.02, 0.053, 0.001]
[0.025, 0.053, 0.003]
[0.028, 0.054, 0.003]
[0.032, 0.054, 0.003]
[0.036, 0.054, 0.004]
[0.041, 0.054, 0.005]
[0.044, 0.054, 0.006]
[0.048, 0.053, 0.009]
[0.041, 0.05, 0.015]
[0.041, 0.05, 0.015]
[0.039, 0.049, 0.017]
[0.037, 0.048, 0.019]
[0.04, 0.048, 0.021]
[0.045, 0.05, 0.023]
[0.05, 0.052, 0.026]
[0.056, 0.054, 0.028]
[0.061, 0.057, 0.03]
[0.065, 0.06, 0.033]
[0.069, 0.064, 0.038]
[0.078, 0.071, 0.05]
[0.078, 0.071, 0.05]
[0.081, 0.074, 0.054]
[0.084, 0.077, 0.057]
[0.088, 0.079, 0.06]
[0.091, 0.082, 0.062]
[0.096, 0.083, 0.065]
[0.102, 0.085, 0.067]
[0.109, 0.086, 0.069]
[0.116, 0.087, 0.071]
[0.121, 0.089, 0.073]
[0.126, 0.09, 0.074]
[0.132, 0.09, 0.076]
[0.139, 0.091, 0.078]
[0.147, 0.091, 0.08]
[0.155, 0.091, 0.083]
[0.163, 0.091, 0.086]
[0.17, 0.09, 0.09]
[0.175, 0.09, 0.094]
[0.178, 0.091, 0.097]
[0.179, 0.091, 0.099]
[0.179, 0.092, 0.099]
[0.179, 0.093, 0.1]
[0.18, 0.093, 0.1]
[0.184, 0.094, 0.109]
[0.184, 0.094, 0.109]
[0.186, 0.093, 0.115]
[0.187, 0.093, 0.121]
[0.19, 0.093, 0.131]
[0.19, 0.093, 0.131]
[0.192, 0.092, 0.137]
[0.194, 0.091, 0.143]
[0.195, 0.091, 0.148]
[0.193, 0.091, 0.152]
[0.189, 0.092, 0.157]
[0.189, 0.092, 0.161]
[0.185, 0.092, 0.177]
[0.185, 0.092, 0.177]
[0.184, 0.092, 0.184]
[0.183, 0.092, 0.189]
[0.184, 0.091, 0.196]
[0.184, 0.091, 0.196]
[0.183, 0.09, 0.201]
[0.182, 0.089, 0.207]
[0.18, 0.088, 0.212]
[0.175, 0.088, 0.218]
[0.169, 0.087, 0.221]
[0.163, 0.087, 0.224]
[0.158, 0.087, 0.227]
[0.153, 0.087, 0.228]
[0.15, 0.086, 0.23]
[0.148, 0.085, 0.229]
[0.145, 0.084, 0.229]
[0.144, 0.084, 0.227]
[0.144, 0.083, 0.224]
[0.144, 0.082, 0.221]
[0.144, 0.081, 0.218]
[0.143, 0.08, 0.213]
[0.142, 0.078, 0.209]
[0.141, 0.076, 0.204]
[0.141, 0.074, 0.199]
[0.143, 0.071, 0.193]
[0.144, 0.068, 0.186]
[0.145, 0.065, 0.177]
[0.144, 0.062, 0.168]
[0.142, 0.06, 0.159]
[0.141, 0.057, 0.152]
[0.139, 0.054, 0.144]
[0.136, 0.048, 0.125]
[0.136, 0.048, 0.125]
[0.133, 0.046, 0.114]
[0.132, 0.044, 0.103]
[0.13, 0.042, 0.093]
[0.13, 0.039, 0.083]
[0.13, 0.036, 0.073]
[0.129, 0.033, 0.062]
[0.121, 0.026, 0.041]
[0.121, 0.026, 0.041]
[0.115, 0.023, 0.03]
[0.11, 0.02, 0.02]
[0.102, 0.013, -0.001]
[0.102, 0.013, -0.001]
[0.101, 0.01, -0.009]
[0.099, 0.006, -0.017]
[0.098, 0.0, -0.031]
[0.098, 0.0, -0.031]
[0.097, -0.003, -0.037]
[0.096, -0.006, -0.044]
[0.094, -0.009, -0.052]
[0.093, -0.013, -0.061]
[0.091, -0.016, -0.07]
[0.091, -0.019, -0.078]
[0.091, -0.021, -0.084]
[0.09, -0.024, -0.09]
[0.089, -0.026, -0.095]
[0.087, -0.028, -0.1]
[0.084, -0.03, -0.104]
[0.081, -0.032, -0.108]
[0.078, -0.035, -0.111]
[0.077, -0.037, -0.113]
[0.076, -0.039, -0.115]
[0.077, -0.041, -0.117]
[0.078, -0.042, -0.118]
[0.078, -0.044, -0.119]
[0.079, -0.045, -0.119]
[0.081, -0.046, -0.119]
[0.082, -0.047, -0.119]
[0.084, -0.048, -0.12]
[0.084, -0.05, -0.12]
[0.084, -0.051, -0.12]
[0.084, -0.052, -0.12]
[0.085, -0.053, -0.12]
[0.087, -0.054, -0.12]
[0.088, -0.054, -0.119]
[0.089, -0.055, -0.117]
[0.091, -0.055, -0.115]
[0.094, -0.054, -0.113]
[0.099, -0.054, -0.109]
[0.106, -0.052, -0.104]
[0.112, -0.05, -0.097]
[0.126, -0.045, -0.081]
[0.126, -0.045, -0.081]
[0.13, -0.042, -0.07]
[0.131, -0.039, -0.059]
[0.136, -0.033, -0.033]
[0.136, -0.033, -0.033]
[0.14, -0.029, -0.018]
[0.145, -0.025, -0.003]
[0.146, -0.021, 0.011]
[0.145, -0.016, 0.024]
[0.146, -0.012, 0.039]
[0.148, -0.008, 0.054]
[0.152, -0.003, 0.07]
[0.155, 0.001, 0.086]
[0.161, 0.005, 0.103]
[0.165, 0.009, 0.118]
[0.169, 0.013, 0.131]
[0.173, 0.017, 0.142]
[0.175, 0.02, 0.151]
[0.176, 0.023, 0.159]
[0.175, 0.025, 0.165]
[0.172, 0.028, 0.171]
[0.169, 0.03, 0.175]
[0.167, 0.032, 0.177]
[0.166, 0.033, 0.179]
[0.167, 0.035, 0.18]
[0.169, 0.036, 0.18]
[0.169, 0.037, 0.179]
[0.169, 0.037, 0.177]
[0.168, 0.037, 0.175]
[0.168, 0.036, 0.172]
[0.168, 0.035, 0.167]
[0.167, 0.034, 0.161]
[0.167, 0.032, 0.142]
[0.167, 0.032, 0.142]
[0.167, 0.031, 0.132]
[0.167, 0.029, 0.117]
[0.168, 0.026, 0.104]
[0.168, 0.022, 0.09]
[0.167, 0.02, 0.074]
[0.166, 0.018, 0.055]
[0.165, 0.017, 0.036]
[0.164, 0.016, 0.018]
[0.16, 0.016, 0.0]
[0.155, 0.013, -0.029]
[0.155, 0.013, -0.029]
[0.154, 0.012, -0.04]
[0.155, 0.011, -0.05]
[0.155, 0.009, -0.062]
[0.155, 0.009, -0.062]
[0.154, 0.008, -0.065]
[0.154, 0.007, -0.066]
[0.153, 0.007, -0.064]
[0.152, 0.006, -0.058]
[0.151, 0.006, -0.049]
[0.152, 0.006, -0.038]
[0.154, 0.006, -0.024]
[0.158, 0.007, -0.007]
[0.162, 0.008, 0.012]
[0.168, 0.01, 0.033]
[0.177, 0.011, 0.059]
[0.182, 0.013, 0.083]
[0.19, 0.016, 0.107]
[0.2, 0.019, 0.129]
[0.207, 0.022, 0.148]
[0.213, 0.024, 0.162]
[0.215, 0.027, 0.176]
[0.217, 0.03, 0.189]
[0.218, 0.032, 0.2]
[0.217, 0.034, 0.208]
[0.218, 0.036, 0.214]
[0.219, 0.037, 0.216]
[0.22, 0.038, 0.215]
[0.22, 0.039, 0.208]
[0.221, 0.039, 0.198]
[0.223, 0.038, 0.188]
[0.227, 0.037, 0.178]
[0.228, 0.035, 0.165]
[0.229, 0.035, 0.153]
[0.23, 0.034, 0.137]
[0.231, 0.032, 0.122]
[0.233, 0.031, 0.106]
[0.232, 0.029, 0.089]
[0.233, 0.028, 0.072]
[0.227, 0.023, 0.035]
[0.227, 0.023, 0.035]
[0.225, 0.021, 0.018]
[0.223, 0.018, -0.001]
[0.222, 0.016, -0.018]
[0.223, 0.015, -0.035]
[0.225, 0.013, -0.049]
[0.228, 0.011, -0.064]
[0.232, 0.008, -0.078]
[0.234, 0.004, -0.092]
[0.235, 0.001, -0.106]
[0.233, -0.003, -0.118]
[0.23, -0.006, -0.128]
[0.227, -0.01, -0.138]
[0.22, -0.017, -0.154]
[0.22, -0.017, -0.154]
[0.217, -0.019, -0.161]
[0.215, -0.022, -0.168]
[0.214, -0.025, -0.173]
[0.213, -0.027, -0.178]
[0.212, -0.03, -0.179]
[0.209, -0.032, -0.178]
[0.202, -0.035, -0.174]
[0.196, -0.037, -0.166]
[0.192, -0.039, -0.158]
[0.192, -0.04, -0.145]
[0.195, -0.041, -0.131]
[0.194, -0.042, -0.114]
[0.191, -0.041, -0.095]
[0.191, -0.04, -0.076]
[0.19, -0.039, -0.06]
[0.187, -0.037, -0.041]
[0.183, -0.035, -0.024]
[0.181, -0.032, -0.007]
[0.183, -0.029, 0.012]
[0.184, -0.025, 0.033]
[0.186, -0.021, 0.054]
[0.185, -0.017, 0.073]
[0.186, -0.013, 0.089]
[0.185, -0.011, 0.107]
[0.184, -0.008, 0.121]
[0.183, -0.006, 0.133]
[0.179, -0.003, 0.144]
[0.169, 0.004, 0.161]
[0.169, 0.004, 0.161]
[0.164, 0.007, 0.167]
[0.159, 0.008, 0.172]
[0.159, 0.009, 0.175]
[0.159, 0.009, 0.176]
[0.161, 0.008, 0.175]
[0.165, 0.007, 0.17]
[0.167, 0.005, 0.154]
[0.167, 0.005, 0.154]
[0.166, 0.004, 0.142]
[0.162, 0.003, 0.129]
[0.157, 0.001, 0.116]
[0.152, -0.0, 0.103]
[0.148, -0.002, 0.088]
[0.147, -0.004, 0.07]
[0.149, -0.004, 0.048]
[0.149, -0.004, 0.025]
[0.15, -0.005, 0.008]
[0.15, -0.006, -0.008]
[0.148, -0.006, -0.021]
[0.145, -0.007, -0.035]
[0.143, -0.008, -0.047]
[0.139, -0.01, -0.058]
[0.134, -0.012, -0.072]
[0.134, -0.012, -0.072]
[0.132, -0.013, -0.075]
[0.13, -0.015, -0.076]
[0.13, -0.016, -0.075]
[0.129, -0.017, -0.072]
[0.13, -0.017, -0.066]
[0.134, -0.017, -0.056]
[0.138, -0.016, -0.045]
[0.143, -0.015, -0.031]
[0.149, -0.013, -0.014]
[0.15, -0.011, 0.002]
[0.152, -0.011, 0.017]
[0.155, -0.01, 0.033]
[0.159, -0.01, 0.054]
[0.161, -0.009, 0.074]
[0.162, -0.008, 0.094]
[0.164, -0.005, 0.112]
[0.165, -0.003, 0.128]
[0.167, -0.001, 0.14]
[0.168, 0.0, 0.151]
[0.168, 0.002, 0.159]
[0.169, 0.003, 0.166]
[0.167, 0.005, 0.171]
[0.165, 0.007, 0.179]
[0.165, 0.007, 0.179]
[0.164, 0.008, 0.183]
[0.165, 0.008, 0.185]
[0.165, 0.008, 0.185]
[0.165, 0.008, 0.184]
[0.166, 0.008, 0.179]
[0.167, 0.007, 0.172]
[0.169, 0.008, 0.162]
[0.168, 0.008, 0.151]
[0.166, 0.008, 0.138]
[0.163, 0.008, 0.124]
[0.157, 0.009, 0.112]
[0.149, 0.008, 0.098]
[0.142, 0.006, 0.081]
[0.14, 0.004, 0.064]
[0.141, 0.002, 0.044]
[0.142, -0.001, 0.024]
[0.141, -0.009, -0.013]
[0.141, -0.009, -0.013]
[0.14, -0.013, -0.026]
[0.139, -0.016, -0.037]
[0.137, -0.02, -0.05]
[0.134, -0.023, -0.062]
[0.13, -0.027, -0.076]
[0.126, -0.031, -0.091]
[0.122, -0.034, -0.103]
[0.12, -0.037, -0.116]
[0.118, -0.04, -0.127]
[0.118, -0.042, -0.135]
[0.118, -0.044, -0.142]
[0.115, -0.046, -0.149]
[0.113, -0.047, -0.154]
[0.111, -0.048, -0.158]
[0.11, -0.049, -0.161]
[0.11, -0.05, -0.161]
[0.111, -0.051, -0.16]
[0.113, -0.052, -0.157]
[0.113, -0.055, -0.145]
[0.113, -0.055, -0.145]
[0.113, -0.057, -0.139]
[0.115, -0.057, -0.131]
[0.117, -0.057, -0.125]
[0.119, -0.057, -0.117]
[0.122, -0.056, -0.108]
[0.122, -0.056, -0.099]
[0.123, -0.055, -0.09]
[0.123, -0.055, -0.081]
[0.124, -0.054, -0.072]
[0.124, -0.054, -0.06]
[0.125, -0.054, -0.048]
[0.125, -0.053, -0.036]
[0.125, -0.053, -0.023]
[0.128, -0.051, -0.009]
[0.129, -0.05, 0.004]
[0.13, -0.049, 0.016]
[0.135, -0.046, 0.038]
[0.135, -0.046, 0.038]
[0.139, -0.045, 0.051]
[0.144, -0.043, 0.062]
[0.146, -0.04, 0.075]
[0.147, -0.037, 0.084]
[0.15, -0.03, 0.099]
[0.15, -0.03, 0.099]
[0.152, -0.026, 0.106]
[0.153, -0.023, 0.113]
[0.152, -0.017, 0.123]
[0.152, -0.017, 0.123]
[0.152, -0.015, 0.126]
[0.153, -0.012, 0.129]
[0.155, -0.008, 0.132]
[0.155, -0.008, 0.132]
[0.155, -0.006, 0.134]
[0.154, -0.004, 0.136]
[0.153, -0.002, 0.137]
[0.152, -0.0, 0.137]
[0.15, 0.001, 0.135]
[0.15, 0.003, 0.131]
[0.15, 0.004, 0.126]
[0.149, 0.005, 0.119]
[0.149, 0.01, 0.098]
[0.149, 0.01, 0.098]
[0.149, 0.011, 0.086]
[0.15, 0.011, 0.07]
[0.15, 0.01, 0.054]
[0.149, 0.01, 0.036]
[0.147, 0.01, 0.02]
[0.146, 0.01, 0.008]
[0.145, 0.01, -0.002]
[0.144, 0.009, -0.012]
[0.142, 0.009, -0.018]
[0.142, 0.008, -0.024]
[0.141, 0.008, -0.027]
[0.141, 0.007, -0.028]
[0.141, 0.007, -0.027]
[0.141, 0.006, -0.022]
[0.139, 0.006, -0.015]
[0.139, 0.007, -0.004]
[0.141, 0.009, 0.01]
[0.141, 0.012, 0.025]
[0.146, 0.013, 0.039]
[0.153, 0.014, 0.058]
[0.159, 0.014, 0.08]
[0.164, 0.015, 0.1]
[0.166, 0.017, 0.118]
[0.168, 0.018, 0.133]
[0.168, 0.02, 0.145]
[0.167, 0.021, 0.158]
[0.166, 0.021, 0.167]
[0.165, 0.022, 0.175]
[0.166, 0.022, 0.181]
[0.167, 0.023, 0.184]
[0.168, 0.023, 0.186]
[0.17, 0.022, 0.186]
[0.17, 0.022, 0.183]
[0.17, 0.021, 0.177]
[0.169, 0.019, 0.168]
[0.167, 0.018, 0.159]
[0.164, 0.016, 0.148]
[0.162, 0.014, 0.138]
[0.159, 0.013, 0.125]
[0.156, 0.009, 0.103]
[0.156, 0.009, 0.103]
[0.154, 0.005, 0.09]
[0.153, 0.001, 0.077]
[0.151, -0.002, 0.061]
[0.148, -0.004, 0.048]
[0.148, -0.007, 0.037]
[0.147, -0.009, 0.027]
[0.147, -0.011, 0.017]
[0.147, -0.015, 0.006]
[0.147, -0.018, -0.006]
[0.148, -0.022, -0.016]
[0.148, -0.027, -0.024]
[0.148, -0.03, -0.032]
[0.148, -0.034, -0.038]
[0.147, -0.038, -0.044]
[0.145, -0.041, -0.05]
[0.139, -0.049, -0.059]
[0.139, -0.049, -0.059]
[0.136, -0.052, -0.064]
[0.134, -0.056, -0.068]
[0.133, -0.059, -0.071]
[0.132, -0.061, -0.075]
[0.131, -0.064, -0.078]
[0.131, -0.067, -0.081]
[0.13, -0.069, -0.084]
[0.13, -0.071, -0.086]
[0.131, -0.073, -0.088]
[0.13, -0.075, -0.089]
[0.129, -0.077, -0.09]
[0.128, -0.078, -0.09]
[0.129, -0.08, -0.09]
[0.131, -0.081, -0.09]
[0.135, -0.081, -0.09]
[0.142, -0.081, -0.09]
[0.147, -0.081, -0.087]
[0.15, -0.081, -0.083]
[0.157, -0.081, -0.074]
[0.157, -0.081, -0.074]
[0.158, -0.082, -0.07]
[0.16, -0.082, -0.067]
[0.16, -0.082, -0.063]
[0.161, -0.082, -0.058]
[0.162, -0.083, -0.052]
[0.163, -0.083, -0.045]
[0.165, -0.083, -0.038]
[0.166, -0.083, -0.03]
[0.167, -0.082, -0.021]
[0.168, -0.081, -0.011]
[0.17, -0.08, -0.003]
[0.171, -0.078, 0.005]
[0.174, -0.077, 0.013]
[0.177, -0.075, 0.022]
[0.182, -0.074, 0.033]
[0.186, -0.072, 0.043]
[0.189, -0.069, 0.053]
[0.192, -0.066, 0.064]
[0.195, -0.059, 0.084]
[0.195, -0.059, 0.084]
[0.197, -0.056, 0.093]
[0.198, -0.052, 0.101]
[0.198, -0.048, 0.11]
[0.199, -0.045, 0.117]
[0.199, -0.042, 0.124]
[0.2, -0.038, 0.13]
[0.201, -0.035, 0.135]
[0.202, -0.032, 0.141]
[0.202, -0.029, 0.146]
[0.203, -0.026, 0.152]
[0.203, -0.022, 0.156]
[0.204, -0.019, 0.16]
[0.203, -0.016, 0.163]
[0.203, -0.012, 0.166]
[0.203, -0.009, 0.169]
[0.202, -0.006, 0.171]
[0.202, -0.003, 0.172]
[0.201, 0.001, 0.173]
[0.201, 0.004, 0.174]
[0.2, 0.007, 0.175]
[0.198, 0.009, 0.175]
[0.197, 0.011, 0.174]
[0.196, 0.013, 0.172]
[0.198, 0.014, 0.167]
[0.201, 0.015, 0.161]
[0.203, 0.016, 0.153]
[0.205, 0.015, 0.146]
[0.204, 0.016, 0.138]
[0.202, 0.016, 0.13]
[0.199, 0.018, 0.12]
[0.195, 0.019, 0.109]
[0.193, 0.019, 0.098]
[0.193, 0.019, 0.09]
[0.192, 0.018, 0.081]
[0.192, 0.017, 0.071]
[0.191, 0.016, 0.06]
[0.188, 0.015, 0.049]
[0.184, 0.015, 0.039]
[0.177, 0.015, 0.019]
[0.177, 0.015, 0.019]
[0.174, 0.015, 0.009]
[0.171, 0.015, -0.001]
[0.17, 0.016, -0.009]
[0.169, 0.015, -0.015]
[0.168, 0.014, -0.021]
[0.169, 0.014, -0.025]
[0.167, 0.014, -0.029]
[0.166, 0.014, -0.033]
[0.166, 0.014, -0.035]
[0.166, 0.013, -0.037]
[0.167, 0.013, -0.037]
[0.167, 0.014, -0.037]
[0.167, 0.015, -0.036]
[0.166, 0.016, -0.036]
[0.166, 0.016, -0.036]
[0.165, 0.016, -0.036]
[0.164, 0.017, -0.035]
[0.162, 0.017, -0.034]
[0.16, 0.017, -0.033]
[0.158, 0.016, -0.032]
[0.157, 0.015, -0.031]
[0.157, 0.013, -0.029]
[0.157, 0.011, -0.028]
[0.155, 0.008, -0.026]
[0.154, 0.006, -0.025]
[0.151, 0.004, -0.024]
[0.149, 0.001, -0.022]
[0.147, -0.001, -0.021]
[0.146, -0.004, -0.02]
[0.146, -0.006, -0.019]
[0.145, -0.009, -0.018]
[0.144, -0.011, -0.019]
[0.143, -0.014, -0.019]
[0.142, -0.016, -0.02]
[0.14, -0.018, -0.02]
[0.139, -0.02, -0.019]
[0.138, -0.021, -0.018]
[0.138, -0.023, -0.017]
[0.138, -0.024, -0.017]
[0.138, -0.025, -0.016]
[0.137, -0.026, -0.015]
[0.137, -0.027, -0.015]
[0.136, -0.028, -0.013]
[0.136, -0.028, -0.013]
[0.135, -0.028, -0.013]
[0.133, -0.028, -0.013]
[0.132, -0.027, -0.012]
[0.131, -0.026, -0.011]
[0.131, -0.025, -0.01]
[0.132, -0.024, -0.009]
[0.135, -0.023, -0.009]
[0.137, -0.022, -0.009]
[0.138, -0.021, -0.008]
[0.139, -0.02, -0.008]
[0.139, -0.019, -0.008]
[0.14, -0.019, -0.006]
[0.141, -0.018, -0.006]
[0.143, -0.017, -0.005]
[0.144, -0.017, -0.005]
[0.144, -0.017, -0.005]
[0.144, -0.017, -0.006]
[0.145, -0.017, -0.006]
[0.144, -0.015, -0.006]
[0.144, -0.013, -0.007]
[0.143, -0.012, -0.008]
[0.142, -0.01, -0.009]
[0.143, -0.008, -0.011]
[0.145, -0.007, -0.012]
[0.146, -0.006, -0.012]
[0.148, -0.005, -0.013]
[0.148, -0.004, -0.014]
[0.147, -0.004, -0.014]
[0.147, -0.003, -0.015]
[0.147, -0.002, -0.015]
[0.147, -0.001, -0.014]
[0.147, -0.001, -0.014]
[0.146, -0.001, -0.014]
[0.146, -0.001, -0.014]
[0.146, -0.002, -0.014]
[0.148, -0.002, -0.015]
[0.15, -0.003, -0.015]
[0.152, -0.003, -0.016]
[0.152, -0.002, -0.017]
[0.152, -0.002, -0.017]
[0.153, -0.001, -0.018]
[0.154, 0.0, -0.018]
[0.156, 0.001, -0.018]
[0.157, 0.002, -0.018]
[0.158, 0.003, -0.019]
[0.16, 0.004, -0.019]
[0.161, 0.004, -0.02]
[0.162, 0.005, -0.02]
[0.163, 0.005, -0.02]
[0.162, 0.006, -0.019]
[0.162, 0.006, -0.017]
[0.161, 0.005, -0.016]
[0.161, 0.005, -0.015]
[0.162, 0.005, -0.015]
[0.163, 0.004, -0.014]
[0.164, 0.004, -0.014]
[0.164, 0.005, -0.014]
[0.165, 0.005, -0.013]
[0.166, 0.007, -0.013]
[0.166, 0.007, -0.013]
[0.166, 0.007, -0.013]
[0.166, 0.008, -0.013]
[0.166, 0.008, -0.013]
[0.166, 0.009, -0.013]
[0.166, 0.009, -0.014]
[0.167, 0.009, -0.014]
[0.167, 0.01, -0.015]
[0.166, 0.01, -0.015]
[0.164, 0.011, -0.015]
[0.164, 0.011, -0.015]
[0.162, 0.012, -0.015]
[0.162, 0.012, -0.015]
[0.162, 0.013, -0.016]
[0.162, 0.013, -0.016]
[0.16, 0.014, -0.016]
[0.16, 0.014, -0.016]
[0.16, 0.014, -0.016]
[0.159, 0.015, -0.016]
[0.156, 0.015, -0.015]
[0.156, 0.015, -0.015]
[0.155, 0.015, -0.015]
[0.154, 0.016, -0.017]
[0.153, 0.016, -0.019]
[0.151, 0.017, -0.02]
