A0
A1
A2
A3
A4
A5
A6
A7
A8
A9
A10
A11
A12
A13
A14
A15
A16
A17
A18
A19
A20
A21
A22
A23
A24
A25
A26
A27
A28
--- [0.87, 0.67, 1.0, 1.0, 0.24, 0.24, 0.05, 0.13, 0.51, 0.54, 0.4, 0.38, 0.0, -0.0, 1.0, 0.21, 0.75, 0.6, 0.49, 0.8, 0.75, 0.46, 0.86, 0.55, 0.43, 0.55, 0.45, 0.0, 0.5, 99, 99, 99]
into servo loop...
start test new
list:  [0.45, 0.45, 0.82, 0.82, 1, 1, 0.16199999999999998, 0.16199999999999998, 0.32, 0.32, 0.35, 0.37, 0.18, 0.18, 1, 0.22, 0.99, 0.63, 0.26, 0.99, 0.99, 0.26, 0.26, 0.67, 0.4, 0.67, 0.4, 0.01, 0.59, 99, 99, 99]
--- num:  29
list:  [0.45, 0.45, 0.81, 0.81, 1, 1, 0.16199999999999998, 0.16199999999999998, 0.33, 0.33, 0.35, 0.37, 0.18, 0.16499999999999998, 1, 0.22, 0.99, 0.63, 0.26, 0.99, 0.99, 0.26, 0.26, 0.67, 0.4, 0.66, 0.4, 0.01, 0.59, 99, 99, 99]
--- num:  29
list:  [0.44, 0.44, 0.78, 0.78, 1, 1, 0.16199999999999998, 0.16199999999999998, 0.32, 0.32, 0.35, 0.37, 0.195, 0.18, 1, 0.22, 0.985, 0.63, 0.26, 0.98, 0.99, 0.26, 0.26, 0.68, 0.39, 0.67, 0.4, 0.01, 0.59, 99, 99, 99]
--- num:  29
list:  [0.43, 0.43, 0.76, 0.76, 1, 1, 0.16199999999999998, 0.16199999999999998, 0.33, 0.33, 0.35, 0.37, 0.18, 0.16499999999999998, 1, 0.22, 0.98, 0.63, 0.26, 0.98, 0.98, 0.26, 0.26, 0.67, 0.4, 0.66, 0.4, 0.01, 0.58, 99, 99, 99]
--- num:  29
list:  [0.45, 0.45, 0.8, 0.8, 1, 1, 0.16199999999999998, 0.16199999999999998, 0.33, 0.33, 0.35, 0.37, 0.18, 0.16499999999999998, 1, 0.22, 0.985, 0.63, 0.26, 0.98, 0.99, 0.26, 0.26, 0.67, 0.4, 0.66, 0.4, 0.01, 0.58, 99, 99, 99]
--- num:  29
list:  [0.39, 0.39, 0.68, 0.68, 1, 1, 0.7440346884727478, 0.7339855241775513, 0.13, 0.13, 0.36, 0.37, 0.18, 0.18, 1, 0.24, 0.955, 0.64, 0.29, 0.95, 0.96, 0.29, 0.29, 0.67, 0.4, 0.67, 0.4, 0.02, 0.58, 99, 99, 99]
--- num:  29
list:  [0.43, 0.43, 0.77, 0.77, 1, 1, 0.16199999999999998, 0.16199999999999998, 0.27, 0.27, 0.36, 0.37, 0.195, 0.18, 1, 0.24, 0.97, 0.64, 0.27, 0.97, 0.97, 0.27, 0.27, 0.68, 0.39, 0.67, 0.4, 0.02, 0.58, 99, 99, 99]
--- num:  29
list:  [0.41, 0.41, 0.72, 0.72, 1, 1, 0.16199999999999998, 0.16199999999999998, 0.27, 0.27, 0.36, 0.36, 0.195, 0.18, 1, 0.23, 0.98, 0.63, 0.26, 0.98, 0.98, 0.26, 0.26, 0.68, 0.39, 0.67, 0.4, 0.02, 0.58, 99, 99, 99]
--- num:  29
list:  [0.45, 0.45, 0.81, 0.81, 1, 1, 0.16199999999999998, 0.16199999999999998, 0.27, 0.27, 0.38, 0.35, 0.18, 0.14999999999999997, 1, 0.22, 0.98, 0.63, 0.26, 0.98, 0.98, 0.26, 0.26, 0.67, 0.4, 0.65, 0.4, 0.01, 0.58, 99, 99, 99]
--- num:  29
list:  [0.45, 0.45, 0.82, 0.82, 1, 1, 0.16199999999999998, 0.16199999999999998, 0.27, 0.27, 0.38, 0.34, 0.11999999999999994, 0.11999999999999994, 1, 0.22, 0.98, 0.63, 0.25, 0.98, 0.98, 0.25, 0.25, 0.63, 0.41, 0.63, 0.41, 0.01, 0.58, 99, 99, 99]
--- num:  29
list:  [0.46, 0.46, 0.83, 0.83, 1, 1, 0.16199999999999998, 0.16199999999999998, 0.26, 0.26, 0.38, 0.34, 0.11999999999999994, 0.10499999999999993, 1, 0.22, 0.98, 0.63, 0.25, 0.98, 0.98, 0.25, 0.25, 0.63, 0.42, 0.62, 0.42, 0.01, 0.57, 99, 99, 99]
--- num:  29
list:  [0.47, 0.47, 0.85, 0.85, 1, 1, 0.16199999999999998, 0.16199999999999998, 0.24, 0.24, 0.39, 0.34, 0.11999999999999994, 0.11999999999999994, 1, 0.22, 0.98, 0.63, 0.25, 0.98, 0.98, 0.25, 0.25, 0.63, 0.42, 0.63, 0.42, 0.01, 0.57, 99, 99, 99]
--- num:  29
list:  [0.56, 0.56, 1, 1, 0.98, 0.98, 0.6447835373878479, 0.6434293794631958, 0.1, 0.1, 0.4, 0.33, 0.13499999999999995, 0.13499999999999995, 1, 0.25, 0.955, 0.65, 0.27, 0.95, 0.96, 0.27, 0.27, 0.64, 0.41, 0.64, 0.41, 0.02, 0.57, 99, 99, 99]
--- num:  29
list:  [0.44, 0.44, 0.8, 0.8, 1, 1, 0.2494653272628784, 0.2490727114677429, 0.19, 0.19, 0.41, 0.31, 0.10499999999999993, 0.11999999999999994, 1, 0.24, 0.96, 0.65, 0.27, 0.96, 0.96, 0.27, 0.27, 0.62, 0.42, 0.63, 0.41, 0.02, 0.57, 99, 99, 99]
--- num:  29
list:  [0.45, 0.45, 0.82, 0.82, 1, 1, 0.18079414546489714, 0.18032189786434172, 0.22, 0.22, 0.43, 0.3, 0.08999999999999991, 0.10499999999999993, 1, 0.24, 0.97, 0.64, 0.26, 0.97, 0.97, 0.26, 0.26, 0.61, 0.42, 0.62, 0.42, 0.02, 0.56, 99, 99, 99]
--- num:  29
list:  [0.45, 0.45, 0.81, 0.81, 1, 1, 0.16199999999999998, 0.16199999999999998, 0.22, 0.22, 0.43, 0.29, 0.0749999999999999, 0.08999999999999991, 1, 0.23, 0.97, 0.64, 0.26, 0.97, 0.97, 0.26, 0.26, 0.6, 0.43, 0.61, 0.43, 0.02, 0.56, 99, 99, 99]
--- num:  29
list:  [0.45, 0.45, 0.8, 0.8, 1, 1, 0.16199999999999998, 0.16199999999999998, 0.23, 0.23, 0.43, 0.3, 0.05999999999999989, 0.05999999999999989, 1, 0.23, 0.98, 0.63, 0.26, 0.98, 0.98, 0.26, 0.26, 0.59, 0.43, 0.59, 0.43, 0.02, 0.56, 99, 99, 99]
--- num:  29
list:  [0.56, 0.56, 1, 1, 0.97, 0.97, 0.6365335988998413, 0.6361239361763, 0.11, 0.11, 0.42, 0.31, 0.02999999999999986, 0.05999999999999989, 0.75, 0.26, 0.95, 0.66, 0.28, 0.95, 0.95, 0.28, 0.28, 0.57, 0.44, 0.59, 0.43, 0.02, 0.56, 99, 99, 99]
--- num:  29
list:  [0.56, 0.56, 1, 1, 0.98, 0.98, 0.25555030584335325, 0.2552256095409393, 0.21, 0.21, 0.37, 0.35, 0.05999999999999989, 0.05999999999999989, 1, 0.25, 0.96, 0.65, 0.27, 0.96, 0.96, 0.27, 0.27, 0.59, 0.43, 0.59, 0.43, 0.02, 0.56, 99, 99, 99]
--- num:  29
list:  [0.4, 0.4, 0.7, 0.7, 1, 1, 0.18328855514526365, 0.18292818546295164, 0.24, 0.24, 0.34, 0.39, 0.0749999999999999, 0.05999999999999989, 1, 0.24, 0.975, 0.64, 0.26, 0.97, 0.98, 0.26, 0.26, 0.6, 0.43, 0.59, 0.43, 0.02, 0.56, 99, 99, 99]
--- num:  29
list:  [0.4, 0.4, 0.7, 0.7, 1, 1, 0.16199999999999998, 0.16199999999999998, 0.25, 0.25, 0.32, 0.4, 0.0749999999999999, 0.05999999999999989, 1, 0.23, 0.98, 0.63, 0.26, 0.98, 0.98, 0.26, 0.26, 0.6, 0.43, 0.59, 0.43, 0.02, 0.56, 99, 99, 99]
--- num:  29
list:  [0.39, 0.39, 0.68, 0.68, 1, 1, 0.16199999999999998, 0.16199999999999998, 0.25, 0.25, 0.31, 0.41, 0.0749999999999999, 0.0749999999999999, 1, 0.22, 0.98, 0.63, 0.26, 0.98, 0.98, 0.26, 0.26, 0.6, 0.43, 0.6, 0.43, 0.01, 0.58, 99, 99, 99]
--- num:  29
list:  [0.37, 0.37, 0.63, 0.63, 1, 1, 0.16199999999999998, 0.16199999999999998, 0.26, 0.26, 0.31, 0.41, 0, 0, 1, 0.23, 0.98, 0.63, 0.28, 0.98, 0.98, 0.28, 0.28, 0.4, 0.74, 0.42, 0.7, 0.02, 0.63, 99, 99, 99]
--- num:  29
list:  [0.6, 0.6, 1, 1, 0.95, 0.95, 0.16199999999999998, 0.16199999999999998, 0.27, 0.27, 0.31, 0.41, 0, 0, 0.75, 0.24, 0.97, 0.64, 0.3, 0.97, 0.97, 0.3, 0.3, 0.36, 0.81, 0.38, 0.78, 0.02, 0.65, 99, 99, 99]
--- num:  29
list:  [0.66, 0.66, 1, 1, 0.89, 0.89, 0.19526184678077696, 0.19487091481685637, 0.25, 0.25, 0.33, 0.39, 0, 0, 0.5, 0.25, 0.95, 0.65, 0.33, 0.95, 0.95, 0.33, 0.33, 0.44, 0.67, 0.45, 0.65, 0.02, 0.58, 99, 99, 99]
--- num:  29
list:  [0.7, 0.7, 1, 1, 0.86, 0.86, 0.2297352063655853, 0.22907462298870085, 0.24, 0.24, 0.36, 0.36, 0.05999999999999989, 0.04499999999999987, 0.5, 0.28, 0.915, 0.67, 0.34, 0.92, 0.91, 0.34, 0.34, 0.59, 0.43, 0.58, 0.44, 0.03, 0.5, 99, 99, 99]
--- num:  29
list:  [0.71, 0.71, 1, 1, 0.85, 0.85, 0.24982143521308897, 0.24901841163635252, 0.24, 0.24, 0.38, 0.34, 0.10499999999999993, 0.0749999999999999, 0.5, 0.3, 0.895, 0.68, 0.34, 0.9, 0.89, 0.34, 0.34, 0.62, 0.42, 0.6, 0.43, 0.03, 0.46, 99, 99, 99]
--- num:  29
list:  [0.74, 0.74, 1, 1, 0.83, 0.83, 0.2606165516376495, 0.2596211242675781, 0.24, 0.24, 0.39, 0.33, 0.13499999999999995, 0.08999999999999991, 0.5, 0.32, 0.875, 0.7, 0.33, 0.87, 0.88, 0.33, 0.33, 0.64, 0.41, 0.61, 0.42, 0.03, 0.42, 99, 99, 99]
--- num:  29
list:  [0.74, 0.74, 1, 1, 0.83, 0.83, 0.26006935119628904, 0.2590456712245941, 0.24, 0.24, 0.41, 0.31, 0.14999999999999997, 0.10499999999999993, 0.5, 0.32, 0.86, 0.71, 0.32, 0.86, 0.86, 0.32, 0.32, 0.65, 0.4, 0.62, 0.42, 0.03, 0.39, 99, 99, 99]
--- num:  29
list:  [0.74, 0.74, 1, 1, 0.83, 0.83, 0.2480600583553314, 0.24680263876914976, 0.26, 0.26, 0.45, 0.28, 0.04499999999999987, 0, 0.5, 0.31, 0.875, 0.69, 0.31, 0.88, 0.87, 0.31, 0.31, 0.58, 0.44, 0.55, 0.45, 0.03, 0.37, 99, 99, 99]
--- num:  29
list:  [0.73, 0.73, 1, 1, 0.84, 0.84, 0.2411601948738098, 0.2399169313907623, 0.26, 0.26, 0.48, 0.24, 0, 0, 0.25, 0.3, 0.875, 0.69, 0.31, 0.88, 0.87, 0.31, 0.31, 0.52, 0.5, 0.49, 0.56, 0.03, 0.32, 99, 99, 99]
--- num:  29
list:  [0.67, 0.67, 1, 1, 0.89, 0.89, 0.23099116563796995, 0.22993243813514708, 0.26, 0.26, 0.57, 0.16, 0, 0, 0.25, 0.29, 0.895, 0.68, 0.3, 0.9, 0.89, 0.3, 0.3, 0.47, 0.61, 0.44, 0.66, 0.03, 0.24, 99, 99, 99]
--- num:  29
list:  [0.64, 0.64, 1, 1, 0.91, 0.91, 0.2145762103796005, 0.2132877218723297, 0.28, 0.28, 0.63, 0.1, 0, 0, 0.25, 0.29, 0.915, 0.68, 0.3, 0.92, 0.91, 0.3, 0.3, 0.42, 0.7, 0.39, 0.76, 0.03, 0.17, 99, 99, 99]
--- num:  29
list:  [0.65, 0.65, 1, 1, 0.9, 0.9, 0.21182807862758635, 0.21038771748542784, 0.28, 0.28, 0.6, 0.13, 0, 0, 0.25, 0.3, 0.92, 0.69, 0.29, 0.92, 0.92, 0.29, 0.29, 0.45, 0.64, 0.42, 0.7, 0.03, 0.15, 99, 99, 99]
--- num:  29
list:  [0.66, 0.66, 1, 1, 0.9, 0.9, 0.2092516231536865, 0.20769652307033537, 0.27, 0.27, 0.57, 0.16, 0, 0, 0.25, 0.33, 0.91, 0.71, 0.29, 0.91, 0.91, 0.29, 0.29, 0.47, 0.61, 0.43, 0.68, 0.03, 0.16, 99, 99, 99]
--- num:  29
list:  [0.66, 0.66, 1, 1, 0.9, 0.9, 0.21204603791236876, 0.21061229288578032, 0.27, 0.27, 0.51, 0.21, 0, 0, 0.25, 0.34, 0.885, 0.72, 0.3, 0.89, 0.88, 0.3, 0.3, 0.51, 0.53, 0.48, 0.58, 0.04, 0.18, 99, 99, 99]
--- num:  29
list:  [0.65, 0.65, 1, 1, 0.9, 0.9, 0.2109259921312332, 0.20972843050956724, 0.26, 0.26, 0.41, 0.31, 0.02999999999999986, 0, 0.25, 0.35, 0.885, 0.73, 0.3, 0.89, 0.88, 0.3, 0.3, 0.57, 0.44, 0.54, 0.47, 0.04, 0.3, 99, 99, 99]
--- num:  29
list:  [0.65, 0.65, 1, 1, 0.9, 0.9, 0.16199999999999998, 0.16199999999999998, 0.28, 0.28, 0.37, 0.35, 0.04499999999999987, 0.015000000000000013, 0.5, 0.35, 0.885, 0.73, 0.3, 0.89, 0.88, 0.3, 0.3, 0.58, 0.44, 0.56, 0.44, 0.04, 0.37, 99, 99, 99]
--- num:  29
list:  [0.64, 0.64, 1, 1, 0.91, 0.91, 0.16199999999999998, 0.16199999999999998, 0.39, 0.39, 0.59, 0.14, 0, 0, 0.5, 0.36, 0.905, 0.73, 0.3, 0.91, 0.9, 0.3, 0.3, 0.55, 0.45, 0.55, 0.45, 0.04, 0.38, 99, 99, 99]
--- num:  29
list:  [0.64, 0.64, 1, 1, 0.91, 0.91, 0.16199999999999998, 0.16199999999999998, 0.4, 0.4, 0.58, 0.15, 0, 0, 0.5, 0.36, 0.91, 0.73, 0.3, 0.91, 0.91, 0.3, 0.3, 0.52, 0.51, 0.52, 0.52, 0.04, 0.4, 99, 99, 99]
--- num:  29
list:  [0.63, 0.63, 1, 1, 0.92, 0.92, 0.16199999999999998, 0.16199999999999998, 0.39, 0.39, 0.64, 0.09, 0.015000000000000013, 0.015000000000000013, 0.5, 0.35, 0.915, 0.73, 0.3, 0.92, 0.91, 0.3, 0.3, 0.56, 0.44, 0.56, 0.45, 0.04, 0.42, 99, 99, 99]
--- num:  29
list:  [0.61, 0.61, 1, 1, 0.93, 0.93, 0.16199999999999998, 0.16199999999999998, 0.4, 0.4, 0.68, 0.05, 0.0749999999999999, 0.04499999999999987, 0.5, 0.35, 0.91, 0.73, 0.31, 0.91, 0.91, 0.31, 0.31, 0.6, 0.43, 0.58, 0.44, 0.04, 0.42, 99, 99, 99]
--- num:  29
list:  [0.62, 0.62, 1, 1, 0.93, 0.93, 0.16199999999999998, 0.16199999999999998, 0.4, 0.4, 0.74, -0.01, 0, 0, 0.25, 0.35, 0.915, 0.73, 0.33, 0.92, 0.91, 0.33, 0.33, 0.37, 0.8, 0.37, 0.8, 0.04, 0.41, 99, 99, 99]
--- num:  29
list:  [0.62, 0.62, 1, 1, 0.92, 0.92, 0.16199999999999998, 0.16199999999999998, 0.43, 0.43, 0.76, -0.02, 0, 0, 0.5, 0.37, 0.925, 0.74, 0.38, 0.93, 0.92, 0.38, 0.38, 0.31, 0.92, 0.31, 0.92, 0.04, 0.39, 99, 99, 99]
--- num:  29
list:  [0.62, 0.62, 1, 1, 0.93, 0.93, 0.16199999999999998, 0.16199999999999998, 0.43, 0.43, 0.77, -0.03, 0, 0, 0.5, 0.37, 0.935, 0.74, 0.39, 0.94, 0.93, 0.39, 0.39, 0.31, 0.92, 0.31, 0.92, 0.04, 0.38, 99, 99, 99]
--- num:  29
list:  [0.61, 0.61, 1, 1, 0.94, 0.94, 0.16199999999999998, 0.16199999999999998, 0.34, 0.34, 0.64, 0.09, 0, 0, 0.5, 0.36, 0.94, 0.74, 0.35, 0.94, 0.94, 0.35, 0.35, 0.31, 0.92, 0.31, 0.92, 0.05, 0.32, 99, 99, 99]
--- num:  29
list:  [0.6, 0.6, 1, 1, 0.94, 0.94, 0.16199999999999998, 0.16199999999999998, 0.35, 0.35, 0.64, 0.09, 0, 0, 0.5, 0.34, 0.945, 0.72, 0.36, 0.95, 0.94, 0.36, 0.36, 0.31, 0.92, 0.31, 0.92, 0.05, 0.21, 99, 99, 99]
--- num:  29
list:  [0.66, 0.66, 1, 1, 0.9, 0.9, 0.16199999999999998, 0.16199999999999998, 0.41, 0.41, 0.61, 0.11, 0, 0, 0.75, 0.34, 0.95, 0.72, 0.37, 0.95, 0.95, 0.37, 0.37, 0.31, 0.92, 0.31, 0.92, 0.05, 0.15, 99, 99, 99]
--- num:  29
list:  [0.65, 0.65, 1, 1, 0.9, 0.9, 0.16199999999999998, 0.16199999999999998, 0.48, 0.48, 0.52, 0.2, 0, 0, 0.75, 0.36, 0.95, 0.73, 0.37, 0.95, 0.95, 0.37, 0.37, 0.31, 0.92, 0.31, 0.92, 0.05, 0.19, 99, 99, 99]
--- num:  29
list:  [0.64, 0.64, 1, 1, 0.91, 0.91, 0.16199999999999998, 0.16199999999999998, 0.47, 0.47, 0.45, 0.27, 0, 0, 0.75, 0.35, 0.95, 0.72, 0.35, 0.95, 0.95, 0.35, 0.35, 0.31, 0.92, 0.31, 0.92, 0.06, 0.33, 99, 99, 99]
--- num:  29
list:  [0.63, 0.63, 1, 1, 0.92, 0.92, 0.16199999999999998, 0.16199999999999998, 0.47, 0.47, 0.38, 0.33, 0, 0, 0.75, 0.34, 0.945, 0.72, 0.35, 0.95, 0.94, 0.35, 0.35, 0.31, 0.91, 0.35, 0.84, 0.05, 0.42, 99, 99, 99]
--- num:  29
list:  [0.63, 0.63, 1, 1, 0.92, 0.92, 0.16199999999999998, 0.16199999999999998, 0.47, 0.47, 0.35, 0.36, 0, 0, 0.75, 0.34, 0.945, 0.72, 0.36, 0.95, 0.94, 0.36, 0.36, 0.33, 0.88, 0.37, 0.81, 0.05, 0.46, 99, 99, 99]
--- num:  29
list:  [0.65, 0.65, 1, 1, 0.9, 0.9, 0.16199999999999998, 0.16199999999999998, 0.52, 0.52, 0.45, 0.27, 0, 0, 0.75, 0.34, 0.945, 0.72, 0.35, 0.95, 0.94, 0.35, 0.35, 0.35, 0.83, 0.38, 0.78, 0.05, 0.48, 99, 99, 99]
--- num:  29
list:  [0.7, 0.7, 1, 1, 0.86, 0.86, 0.16199999999999998, 0.16199999999999998, 0.58, 0.58, 0.71, 0.02, 0, 0, 0.75, 0.34, 0.95, 0.72, 0.34, 0.95, 0.95, 0.34, 0.34, 0.32, 0.9, 0.33, 0.87, 0.06, 0.48, 99, 99, 99]
--- num:  29
list:  [0.75, 0.75, 1, 1, 0.82, 0.82, 0.16199999999999998, 0.16199999999999998, 0.58, 0.58, 0.76, -0.03, 0, 0, 0.75, 0.37, 0.955, 0.74, 0.36, 0.96, 0.95, 0.36, 0.36, 0.31, 0.92, 0.31, 0.92, 0.06, 0.44, 99, 99, 99]
--- num:  29
list:  [0.75, 0.75, 1, 1, 0.82, 0.82, 0.16199999999999998, 0.16199999999999998, 0.62, 0.62, 0.76, -0.02, 0, 0, 0.75, 0.39, 0.96, 0.75, 0.39, 0.96, 0.96, 0.39, 0.39, 0.31, 0.92, 0.31, 0.92, 0.06, 0.35, 99, 99, 99]
--- num:  29
list:  [0.75, 0.75, 1, 1, 0.82, 0.82, 0.16199999999999998, 0.16199999999999998, 0.61, 0.61, 0.75, -0.02, 0, 0, 0.75, 0.39, 0.96, 0.75, 0.38, 0.96, 0.96, 0.38, 0.38, 0.31, 0.92, 0.31, 0.92, 0.07, 0.33, 99, 99, 99]
--- num:  29
list:  [0.79, 0.79, 1, 1, 0.79, 0.79, 0.16199999999999998, 0.16199999999999998, 0.58, 0.58, 0.69, 0.04, 0, 0, 0.75, 0.39, 0.96, 0.75, 0.35, 0.96, 0.96, 0.35, 0.35, 0.37, 0.8, 0.38, 0.78, 0.07, 0.45, 99, 99, 99]
--- num:  29
list:  [0.79, 0.79, 1, 1, 0.79, 0.79, 0.16199999999999998, 0.16199999999999998, 0.56, 0.56, 0.63, 0.1, 0, 0, 0.75, 0.38, 0.96, 0.75, 0.32, 0.96, 0.96, 0.32, 0.32, 0.39, 0.75, 0.41, 0.73, 0.06, 0.51, 99, 99, 99]
--- num:  29
list:  [0.79, 0.79, 1, 1, 0.79, 0.79, 0.16199999999999998, 0.16199999999999998, 0.57, 0.57, 0.6, 0.13, 0, 0, 0.75, 0.38, 0.96, 0.75, 0.31, 0.96, 0.96, 0.31, 0.31, 0.39, 0.77, 0.4, 0.74, 0.06, 0.6, 99, 99, 99]
--- num:  29
list:  [0.78, 0.78, 1, 1, 0.8, 0.8, 0.16199999999999998, 0.16199999999999998, 0.56, 0.56, 0.48, 0.24, 0, 0, 0.75, 0.38, 0.96, 0.74, 0.31, 0.96, 0.96, 0.31, 0.31, 0.37, 0.81, 0.38, 0.78, 0.06, 0.6, 99, 99, 99]
--- num:  29
list:  [0.77, 0.77, 1, 1, 0.81, 0.81, 0.35567844986915587, 0.35487539649009703, 0.31, 0.31, 0.36, 0.36, 0, 0, 0.75, 0.44, 0.9, 0.79, 0.37, 0.91, 0.89, 0.37, 0.37, 0.4, 0.74, 0.42, 0.7, 0.06, 0.52, 99, 99, 99]
--- num:  29
list:  [0.68, 0.68, 1, 1, 0.88, 0.88, 0.16199999999999998, 0.16199999999999998, 0.4, 0.4, 0.46, 0.26, 0, 0, 0.75, 0.34, 0.94, 0.72, 0.37, 0.94, 0.94, 0.37, 0.37, 0.31, 0.92, 0.31, 0.92, 0.05, 0.38, 99, 99, 99]
--- num:  29
list:  [0.68, 0.68, 1, 1, 0.88, 0.88, 0.16199999999999998, 0.16199999999999998, 0.41, 0.41, 0.52, 0.2, 0, 0, 0.5, 0.32, 0.945, 0.7, 0.36, 0.95, 0.94, 0.36, 0.36, 0.31, 0.92, 0.31, 0.92, 0.04, 0.25, 99, 99, 99]
--- num:  29
list:  [0.66, 0.66, 1, 1, 0.9, 0.9, 0.16199999999999998, 0.16199999999999998, 0.42, 0.42, 0.59, 0.14, 0, 0, 0.75, 0.32, 0.945, 0.7, 0.37, 0.95, 0.94, 0.37, 0.37, 0.31, 0.92, 0.31, 0.92, 0.04, 0.15, 99, 99, 99]
--- num:  29
list:  [0.65, 0.65, 1, 1, 0.9, 0.9, 0.16199999999999998, 0.16199999999999998, 0.42, 0.42, 0.6, 0.13, 0, 0, 0.5, 0.32, 0.945, 0.7, 0.37, 0.95, 0.94, 0.37, 0.37, 0.31, 0.92, 0.31, 0.92, 0.04, 0.11, 99, 99, 99]
--- num:  29
list:  [0.65, 0.65, 1, 1, 0.9, 0.9, 0.16199999999999998, 0.16199999999999998, 0.4, 0.4, 0.49, 0.23, 0, 0, 0.5, 0.32, 0.935, 0.7, 0.38, 0.94, 0.93, 0.38, 0.38, 0.31, 0.92, 0.31, 0.92, 0.03, 0.16, 99, 99, 99]
--- num:  29
list:  [0.67, 0.67, 1, 1, 0.89, 0.89, 0.16199999999999998, 0.16199999999999998, 0.39, 0.39, 0.36, 0.36, 0, 0, 0.75, 0.33, 0.935, 0.71, 0.37, 0.94, 0.93, 0.37, 0.37, 0.31, 0.92, 0.31, 0.92, 0.03, 0.29, 99, 99, 99]
--- num:  29
list:  [0.65, 0.65, 1, 1, 0.9, 0.9, 0.16199999999999998, 0.16199999999999998, 0.4, 0.4, 0.25, 0.48, 0, 0, 0.75, 0.33, 0.935, 0.71, 0.34, 0.94, 0.93, 0.34, 0.34, 0.31, 0.92, 0.34, 0.87, 0.03, 0.49, 99, 99, 99]
--- num:  29
list:  [0.63, 0.63, 1, 1, 0.92, 0.92, 0.16199999999999998, 0.16199999999999998, 0.4, 0.4, 0.2, 0.52, 0, 0, 0.75, 0.31, 0.935, 0.7, 0.34, 0.94, 0.93, 0.34, 0.34, 0.33, 0.88, 0.37, 0.81, 0.03, 0.59, 99, 99, 99]
--- num:  29
list:  [0.62, 0.62, 1, 1, 0.93, 0.93, 0.16199999999999998, 0.16199999999999998, 0.41, 0.41, 0.19, 0.53, 0, 0, 0.75, 0.3, 0.94, 0.69, 0.34, 0.94, 0.94, 0.34, 0.34, 0.33, 0.87, 0.37, 0.8, 0.03, 0.66, 99, 99, 99]
--- num:  29
list:  [0.63, 0.63, 1, 1, 0.92, 0.92, 0.16199999999999998, 0.16199999999999998, 0.4, 0.4, 0.27, 0.45, 0, 0, 0.75, 0.31, 0.935, 0.7, 0.36, 0.94, 0.93, 0.36, 0.36, 0.31, 0.91, 0.33, 0.87, 0.03, 0.63, 99, 99, 99]
--- num:  29
list:  [0.62, 0.62, 1, 1, 0.93, 0.93, 0.16199999999999998, 0.16199999999999998, 0.39, 0.39, 0.39, 0.33, 0, 0, 0.5, 0.31, 0.935, 0.69, 0.36, 0.94, 0.93, 0.36, 0.36, 0.31, 0.92, 0.31, 0.92, 0.03, 0.54, 99, 99, 99]
--- num:  29
list:  [0.62, 0.62, 1, 1, 0.93, 0.93, 0.16199999999999998, 0.16199999999999998, 0.4, 0.4, 0.47, 0.25, 0, 0, 0.5, 0.31, 0.935, 0.69, 0.35, 0.94, 0.93, 0.35, 0.35, 0.31, 0.92, 0.31, 0.92, 0.03, 0.39, 99, 99, 99]
--- num:  29
list:  [0.61, 0.61, 1, 1, 0.93, 0.93, 0.16199999999999998, 0.16199999999999998, 0.39, 0.39, 0.53, 0.19, 0, 0, 0.5, 0.29, 0.935, 0.68, 0.36, 0.94, 0.93, 0.36, 0.36, 0.31, 0.92, 0.31, 0.92, 0.03, 0.3, 99, 99, 99]
--- num:  29
list:  [0.61, 0.61, 1, 1, 0.93, 0.93, 0.16199999999999998, 0.16199999999999998, 0.39, 0.39, 0.54, 0.18, 0, 0, 0.5, 0.29, 0.935, 0.68, 0.36, 0.94, 0.93, 0.36, 0.36, 0.31, 0.92, 0.31, 0.92, 0.03, 0.27, 99, 99, 99]
--- num:  29
list:  [0.61, 0.61, 1, 1, 0.94, 0.94, 0.16199999999999998, 0.16199999999999998, 0.38, 0.38, 0.47, 0.25, 0, 0, 0.5, 0.29, 0.935, 0.68, 0.36, 0.94, 0.93, 0.36, 0.36, 0.31, 0.92, 0.31, 0.92, 0.03, 0.28, 99, 99, 99]
--- num:  29
list:  [0.61, 0.61, 1, 1, 0.93, 0.93, 0.16199999999999998, 0.16199999999999998, 0.38, 0.38, 0.37, 0.35, 0, 0, 0.5, 0.29, 0.935, 0.68, 0.35, 0.94, 0.93, 0.35, 0.35, 0.31, 0.92, 0.31, 0.92, 0.03, 0.39, 99, 99, 99]
--- num:  29
list:  [0.62, 0.62, 1, 1, 0.92, 0.92, 0.16199999999999998, 0.16199999999999998, 0.39, 0.39, 0.3, 0.42, 0, 0, 0.75, 0.31, 0.935, 0.69, 0.35, 0.94, 0.93, 0.35, 0.35, 0.31, 0.92, 0.32, 0.89, 0.03, 0.5, 99, 99, 99]
--- num:  29
list:  [0.62, 0.62, 1, 1, 0.93, 0.93, 0.16199999999999998, 0.16199999999999998, 0.42, 0.42, 0.24, 0.48, 0, 0, 0.75, 0.31, 0.935, 0.7, 0.36, 0.94, 0.93, 0.36, 0.36, 0.31, 0.92, 0.32, 0.9, 0.03, 0.69, 99, 99, 99]
--- num:  29
list:  [0.63, 0.63, 1, 1, 0.92, 0.92, 0.16199999999999998, 0.16199999999999998, 0.43, 0.43, 0.22, 0.51, 0, 0, 0.75, 0.31, 0.935, 0.7, 0.37, 0.94, 0.93, 0.37, 0.37, 0.31, 0.92, 0.32, 0.9, 0.03, 0.77, 99, 99, 99]
--- num:  29
list:  [0.63, 0.63, 1, 1, 0.92, 0.92, 0.16199999999999998, 0.16199999999999998, 0.43, 0.43, 0.21, 0.51, 0, 0, 0.75, 0.32, 0.93, 0.7, 0.4, 0.93, 0.93, 0.4, 0.4, 0.31, 0.92, 0.33, 0.88, 0.04, 0.84, 99, 99, 99]
--- num:  29
list:  [0.6, 0.6, 1, 1, 0.94, 0.94, 0.16199999999999998, 0.16199999999999998, 0.42, 0.42, 0.25, 0.47, 0, 0, 0.75, 0.36, 0.875, 0.73, 0.44, 0.88, 0.87, 0.44, 0.44, 0.37, 0.79, 0.4, 0.75, 0.04, 0.77, 99, 99, 99]
--- num:  29
list:  [0.59, 0.59, 1, 1, 0.95, 0.95, 0.16199999999999998, 0.16199999999999998, 0.43, 0.43, 0.33, 0.39, 0, 0, 0.5, 0.36, 0.865, 0.73, 0.47, 0.87, 0.86, 0.47, 0.47, 0.34, 0.86, 0.37, 0.81, 0.03, 0.81, 99, 99, 99]
--- num:  29
list:  [0.62, 0.62, 1, 1, 0.92, 0.92, 0.4324494111537933, 0.4299821960926056, 0.24, 0.24, 0.41, 0.32, 0, 0, 0.5, 0.39, 0.865, 0.76, 0.41, 0.87, 0.86, 0.41, 0.41, 0.43, 0.68, 0.44, 0.67, 0.03, 0.46, 99, 99, 99]
--- num:  29
list:  [0.62, 0.62, 1, 1, 0.93, 0.93, 0.16199999999999998, 0.16199999999999998, 0.37, 0.37, 0.49, 0.24, 0, 0, 0.5, 0.35, 0.885, 0.72, 0.42, 0.89, 0.88, 0.42, 0.42, 0.32, 0.89, 0.32, 0.89, 0.03, 0.35, 99, 99, 99]
--- num:  29
list:  [0.6, 0.6, 1, 1, 0.94, 0.94, 0.16199999999999998, 0.16199999999999998, 0.41, 0.41, 0.53, 0.19, 0, 0, 0.5, 0.34, 0.895, 0.72, 0.45, 0.9, 0.89, 0.45, 0.45, 0.31, 0.92, 0.31, 0.92, 0.03, 0.3, 99, 99, 99]
--- num:  29
list:  [0.6, 0.6, 1, 1, 0.95, 0.95, 0.16199999999999998, 0.16199999999999998, 0.41, 0.41, 0.53, 0.19, 0, 0, 0.5, 0.33, 0.895, 0.71, 0.43, 0.9, 0.89, 0.43, 0.43, 0.31, 0.92, 0.31, 0.92, 0.03, 0.28, 99, 99, 99]
--- num:  29
list:  [0.59, 0.59, 1, 1, 0.95, 0.95, 0.16199999999999998, 0.16199999999999998, 0.4, 0.4, 0.46, 0.26, 0, 0, 0.5, 0.33, 0.89, 0.71, 0.46, 0.9, 0.88, 0.46, 0.46, 0.31, 0.92, 0.31, 0.92, 0.03, 0.33, 99, 99, 99]
--- num:  29
list:  [0.61, 0.61, 1, 1, 0.94, 0.94, 0.16199999999999998, 0.16199999999999998, 0.38, 0.38, 0.35, 0.37, 0, 0, 0.5, 0.33, 0.89, 0.71, 0.44, 0.9, 0.88, 0.44, 0.44, 0.31, 0.92, 0.31, 0.92, 0.03, 0.75, 99, 99, 99]
--- num:  29
list:  [0.61, 0.61, 1, 1, 0.94, 0.94, 0.16199999999999998, 0.16199999999999998, 0.38, 0.38, 0.28, 0.44, 0, 0, 0.75, 0.33, 0.895, 0.71, 0.44, 0.9, 0.89, 0.44, 0.44, 0.31, 0.92, 0.32, 0.9, 0.03, 1, 99, 99, 99]
--- num:  29
list:  [0.62, 0.62, 1, 1, 0.93, 0.93, 0.16199999999999998, 0.16199999999999998, 0.38, 0.38, 0.24, 0.48, 0, 0, 0.75, 0.33, 0.88, 0.71, 0.49, 0.88, 0.88, 0.49, 0.49, 0.33, 0.87, 0.37, 0.81, 0.04, 1, 99, 99, 99]
--- num:  29
list:  [0.61, 0.61, 1, 1, 0.94, 0.94, 0.16199999999999998, 0.16199999999999998, 0.38, 0.38, 0.24, 0.48, 0, 0, 0.75, 0.34, 0.88, 0.72, 0.46, 0.88, 0.88, 0.46, 0.46, 0.33, 0.88, 0.36, 0.81, 0.04, 1, 99, 99, 99]
--- num:  29
list:  [0.58, 0.58, 1, 1, 0.96, 0.96, 0.16199999999999998, 0.16199999999999998, 0.52, 0.52, 0.6, 0.13, 0, 0, 0.75, 0.38, 0.9, 0.75, 0.44, 0.9, 0.9, 0.44, 0.44, 0.36, 0.82, 0.38, 0.78, 0.04, 1, 99, 99, 99]
--- num:  29
list:  [0.57, 0.57, 1, 1, 0.96, 0.96, 0.16199999999999998, 0.16199999999999998, 0.53, 0.53, 0.71, 0.02, 0, 0, 0.75, 0.37, 0.9, 0.74, 0.45, 0.9, 0.9, 0.45, 0.45, 0.34, 0.87, 0.35, 0.84, 0.04, 0.95, 99, 99, 99]
--- num:  29
list:  [0.58, 0.58, 1, 1, 0.96, 0.96, 0.16199999999999998, 0.16199999999999998, 0.52, 0.52, 0.74, -0.0, 0, 0, 0.75, 0.34, 0.915, 0.72, 0.4, 0.92, 0.91, 0.4, 0.4, 0.31, 0.92, 0.31, 0.91, 0.03, 0.68, 99, 99, 99]
--- num:  29
list:  [0.57, 0.57, 1, 1, 0.96, 0.96, 0.16199999999999998, 0.16199999999999998, 0.42, 0.42, 0.61, 0.12, 0, 0, 0.75, 0.33, 0.92, 0.71, 0.35, 0.92, 0.92, 0.35, 0.35, 0.31, 0.92, 0.32, 0.89, 0.03, 0.66, 99, 99, 99]
--- num:  29
list:  [0.61, 0.61, 1, 1, 0.94, 0.94, 0.16199999999999998, 0.16199999999999998, 0.33, 0.33, 0.27, 0.45, 0, 0, 0.75, 0.32, 0.925, 0.71, 0.36, 0.93, 0.92, 0.36, 0.36, 0.35, 0.84, 0.39, 0.77, 0.03, 0.89, 99, 99, 99]
--- num:  29
list:  [0.59, 0.59, 1, 1, 0.95, 0.95, 0.16199999999999998, 0.16199999999999998, 0.37, 0.37, 0.18, 0.54, 0, 0, 0.75, 0.32, 0.925, 0.7, 0.4, 0.93, 0.92, 0.4, 0.4, 0.32, 0.9, 0.36, 0.82, 0.03, 1, 99, 99, 99]
--- num:  29
list:  [0.59, 0.59, 1, 1, 0.95, 0.95, 0.16199999999999998, 0.16199999999999998, 0.38, 0.38, 0.14, 0.59, 0, 0, 0.75, 0.32, 0.855, 0.7, 0.52, 0.85, 0.86, 0.52, 0.52, 0.31, 0.91, 0.35, 0.83, 0.03, 1, 99, 99, 99]
--- num:  29
list:  [0.59, 0.59, 1, 1, 0.95, 0.95, 0.16199999999999998, 0.16199999999999998, 0.37, 0.37, 0.17, 0.56, 0, 0, 0.5, 0.34, 0.78, 0.72, 0.56, 0.78, 0.78, 0.56, 0.56, 0.37, 0.8, 0.41, 0.71, 0.03, 1, 99, 99, 99]
--- num:  29
list:  [0.58, 0.58, 1, 1, 0.96, 0.96, 0.16199999999999998, 0.16199999999999998, 0.36, 0.36, 0.24, 0.48, 0, 0, 0.5, 0.34, 0.71, 0.72, 0.56, 0.7, 0.72, 0.56, 0.56, 0.5, 0.56, 0.54, 0.47, 0.04, 1, 99, 99, 99]
--- num:  29
list:  [0.58, 0.58, 1, 1, 0.96, 0.96, 0.16199999999999998, 0.16199999999999998, 0.36, 0.36, 0.33, 0.39, 0, 0, 0.5, 0.34, 0.7, 0.72, 0.56, 0.7, 0.7, 0.56, 0.56, 0.43, 0.67, 0.48, 0.59, 0.04, 1, 99, 99, 99]
--- num:  29
list:  [0.57, 0.57, 1, 1, 0.97, 0.97, 0.16199999999999998, 0.16199999999999998, 0.38, 0.38, 0.42, 0.31, 0, 0, 0.5, 0.35, 0.715, 0.72, 0.56, 0.72, 0.71, 0.56, 0.56, 0.41, 0.73, 0.43, 0.68, 0.04, 1, 99, 99, 99]
--- num:  29
list:  [0.57, 0.57, 1, 1, 0.97, 0.97, 0.16199999999999998, 0.16199999999999998, 0.39, 0.39, 0.47, 0.26, 0, 0, 0.5, 0.35, 0.71, 0.73, 0.56, 0.72, 0.7, 0.56, 0.56, 0.38, 0.78, 0.4, 0.74, 0.04, 0.74, 99, 99, 99]
--- num:  29
list:  [0.57, 0.57, 1, 1, 0.97, 0.97, 0.16199999999999998, 0.16199999999999998, 0.41, 0.41, 0.53, 0.19, 0, 0, 0.5, 0.36, 0.71, 0.73, 0.56, 0.72, 0.7, 0.56, 0.56, 0.36, 0.82, 0.37, 0.8, 0.04, 0.45, 99, 99, 99]
--- num:  29
list:  [0.56, 0.56, 1, 1, 0.97, 0.97, 0.16199999999999998, 0.16199999999999998, 0.4, 0.4, 0.54, 0.18, 0, 0, 0.5, 0.36, 0.6799999999999999, 0.73, 0.56, 0.7, 0.6599999999999999, 0.56, 0.56, 0.38, 0.78, 0.39, 0.77, 0.04, 0.28, 99, 99, 99]
--- num:  29
list:  [0.59, 0.59, 1, 1, 0.95, 0.95, 0.4872427988052368, 0.4859830546379089, 0.21, 0.21, 0.46, 0.27, 0, 0, 0.5, 0.36, 0.715, 0.73, 0.56, 0.73, 0.7, 0.56, 0.56, 0.51, 0.53, 0.53, 0.49, 0.03, 0.29, 99, 99, 99]
--- num:  29
list:  [0.58, 0.58, 1, 1, 0.96, 0.96, 0.16199999999999998, 0.16199999999999998, 0.34, 0.34, 0.36, 0.36, 0, 0, 0.5, 0.35, 0.6849999999999999, 0.72, 0.56, 0.69, 0.6799999999999999, 0.56, 0.56, 0.44, 0.66, 0.48, 0.59, 0.03, 0.79, 99, 99, 99]
--- num:  29
list:  [0.58, 0.58, 1, 1, 0.96, 0.96, 0.16199999999999998, 0.16199999999999998, 0.36, 0.36, 0.3, 0.42, 0, 0, 0.5, 0.35, 0.69, 0.72, 0.56, 0.7, 0.6799999999999999, 0.56, 0.56, 0.4, 0.74, 0.44, 0.66, 0.04, 1, 99, 99, 99]
--- num:  29
list:  [0.58, 0.58, 1, 1, 0.96, 0.96, 0.16199999999999998, 0.16199999999999998, 0.37, 0.37, 0.32, 0.4, 0, 0, 0.5, 0.35, 0.6749999999999999, 0.72, 0.56, 0.6799999999999999, 0.6699999999999999, 0.56, 0.56, 0.42, 0.69, 0.47, 0.61, 0.04, 1, 99, 99, 99]
--- num:  29
list:  [0.57, 0.57, 1, 1, 0.97, 0.97, 0.16199999999999998, 0.16199999999999998, 0.36, 0.36, 0.42, 0.3, 0, 0, 0.5, 0.35, 0.705, 0.73, 0.56, 0.72, 0.69, 0.56, 0.56, 0.39, 0.76, 0.42, 0.71, 0.04, 0.77, 99, 99, 99]
--- num:  29
list:  [0.57, 0.57, 1, 1, 0.97, 0.97, 0.16199999999999998, 0.16199999999999998, 0.37, 0.37, 0.52, 0.2, 0, 0, 0.5, 0.35, 0.745, 0.72, 0.55, 0.76, 0.73, 0.55, 0.55, 0.35, 0.83, 0.35, 0.83, 0.03, 0.36, 99, 99, 99]
--- num:  29
list:  [0.57, 0.57, 1, 1, 0.97, 0.97, 0.16199999999999998, 0.16199999999999998, 0.38, 0.38, 0.6, 0.13, 0, 0, 0.5, 0.31, 0.84, 0.7, 0.46, 0.85, 0.83, 0.46, 0.46, 0.31, 0.92, 0.31, 0.92, 0.03, 0.29, 99, 99, 99]
--- num:  29
list:  [0.56, 0.56, 1, 1, 0.97, 0.97, 0.16199999999999998, 0.16199999999999998, 0.38, 0.38, 0.65, 0.08, 0, 0, 0.5, 0.31, 0.84, 0.69, 0.44, 0.85, 0.83, 0.44, 0.44, 0.31, 0.92, 0.31, 0.92, 0.03, 0.22, 99, 99, 99]
--- num:  29
list:  [0.56, 0.56, 1, 1, 0.97, 0.97, 0.16199999999999998, 0.16199999999999998, 0.37, 0.37, 0.63, 0.09, 0, 0, 0.5, 0.3, 0.865, 0.69, 0.42, 0.87, 0.86, 0.42, 0.42, 0.31, 0.92, 0.31, 0.92, 0.03, 0.2, 99, 99, 99]
--- num:  29
list:  [0.57, 0.57, 1, 1, 0.97, 0.97, 0.16199999999999998, 0.16199999999999998, 0.37, 0.37, 0.58, 0.14, 0, 0, 0.5, 0.3, 0.835, 0.69, 0.43, 0.84, 0.83, 0.43, 0.43, 0.31, 0.92, 0.31, 0.92, 0.03, 0.21, 99, 99, 99]
--- num:  29
list:  [0.57, 0.57, 1, 1, 0.97, 0.97, 0.16199999999999998, 0.16199999999999998, 0.37, 0.37, 0.51, 0.21, 0, 0, 0.5, 0.3, 0.84, 0.68, 0.43, 0.85, 0.83, 0.43, 0.43, 0.31, 0.92, 0.31, 0.92, 0.02, 0.27, 99, 99, 99]
--- num:  29
list:  [0.58, 0.58, 1, 1, 0.96, 0.96, 0.19234647929668425, 0.19185594797134398, 0.32, 0.32, 0.46, 0.27, 0, 0, 0.5, 0.29, 0.905, 0.68, 0.36, 0.91, 0.9, 0.36, 0.36, 0.31, 0.92, 0.31, 0.92, 0.02, 0.34, 99, 99, 99]
--- num:  29
list:  [0.6, 0.6, 1, 1, 0.94, 0.94, 0.4949804353713989, 0.4941252279281616, 0.21, 0.21, 0.39, 0.33, 0, 0, 0.5, 0.3, 0.91, 0.69, 0.34, 0.92, 0.9, 0.34, 0.34, 0.31, 0.92, 0.32, 0.89, 0.02, 0.44, 99, 99, 99]
--- num:  29
list:  [0.6, 0.6, 1, 1, 0.94, 0.94, 0.16199999999999998, 0.16199999999999998, 0.33, 0.33, 0.31, 0.41, 0, 0, 0.75, 0.3, 0.895, 0.69, 0.4, 0.9, 0.89, 0.4, 0.4, 0.33, 0.88, 0.36, 0.82, 0.02, 0.53, 99, 99, 99]
--- num:  29
list:  [0.6, 0.6, 1, 1, 0.94, 0.94, 0.16199999999999998, 0.16199999999999998, 0.34, 0.34, 0.26, 0.46, 0, 0, 0.75, 0.3, 0.88, 0.69, 0.41, 0.89, 0.87, 0.41, 0.41, 0.31, 0.92, 0.34, 0.86, 0.02, 0.72, 99, 99, 99]
--- num:  29
list:  [0.61, 0.61, 1, 1, 0.94, 0.94, 0.16199999999999998, 0.16199999999999998, 0.35, 0.35, 0.24, 0.48, 0, 0, 0.75, 0.3, 0.88, 0.69, 0.44, 0.89, 0.87, 0.44, 0.44, 0.34, 0.86, 0.38, 0.78, 0.02, 0.87, 99, 99, 99]
--- num:  29
list:  [0.6, 0.6, 1, 1, 0.94, 0.94, 0.16199999999999998, 0.16199999999999998, 0.34, 0.34, 0.23, 0.5, 0, 0, 0.75, 0.3, 0.885, 0.69, 0.42, 0.89, 0.88, 0.42, 0.42, 0.33, 0.88, 0.38, 0.79, 0.02, 0.95, 99, 99, 99]
--- num:  29
list:  [0.61, 0.61, 1, 1, 0.94, 0.94, 0.16199999999999998, 0.16199999999999998, 0.34, 0.34, 0.21, 0.51, 0, 0, 0.75, 0.29, 0.925, 0.68, 0.35, 0.93, 0.92, 0.35, 0.35, 0.31, 0.92, 0.34, 0.85, 0.02, 0.9, 99, 99, 99]
--- num:  29
list:  [0.61, 0.61, 1, 1, 0.94, 0.94, 0.16199999999999998, 0.16199999999999998, 0.33, 0.33, 0.21, 0.51, 0, 0, 0.75, 0.29, 0.93, 0.68, 0.34, 0.93, 0.93, 0.34, 0.34, 0.31, 0.92, 0.31, 0.92, 0.02, 0.97, 99, 99, 99]
--- num:  29
list:  [0.61, 0.61, 1, 1, 0.94, 0.94, 0.16199999999999998, 0.16199999999999998, 0.29, 0.29, 0.22, 0.5, 0, 0, 0.75, 0.29, 0.93, 0.68, 0.33, 0.93, 0.93, 0.33, 0.33, 0.32, 0.89, 0.35, 0.84, 0.03, 0.95, 99, 99, 99]
--- num:  29
list:  [0.6, 0.6, 1, 1, 0.94, 0.94, 0.16199999999999998, 0.16199999999999998, 0.28, 0.28, 0.23, 0.49, 0, 0, 0.75, 0.29, 0.93, 0.68, 0.33, 0.93, 0.93, 0.33, 0.33, 0.35, 0.84, 0.37, 0.8, 0.03, 0.83, 99, 99, 99]
--- num:  29
list:  [0.6, 0.6, 1, 1, 0.94, 0.94, 0.16199999999999998, 0.16199999999999998, 0.27, 0.27, 0.23, 0.49, 0, 0, 0.75, 0.29, 0.93, 0.68, 0.33, 0.93, 0.93, 0.33, 0.33, 0.36, 0.82, 0.38, 0.77, 0.03, 0.81, 99, 99, 99]
--- num:  29
list:  [0.6, 0.6, 1, 1, 0.94, 0.94, 0.16199999999999998, 0.16199999999999998, 0.25, 0.25, 0.24, 0.49, 0, 0, 0.75, 0.28, 0.93, 0.67, 0.33, 0.93, 0.93, 0.33, 0.33, 0.35, 0.84, 0.37, 0.8, 0.03, 0.79, 99, 99, 99]
--- num:  29
list:  [0.62, 0.62, 1, 1, 0.93, 0.93, 0.8889734554290771, 0.8883018898963928, 0.15, 0.15, 0.27, 0.46, 0, 0.04499999999999987, 0.5, 0.31, 0.895, 0.7, 0.34, 0.89, 0.9, 0.34, 0.34, 0.54, 0.47, 0.58, 0.44, 0.03, 0.76, 99, 99, 99]
--- num:  29
list:  [0.6, 0.6, 1, 1, 0.95, 0.95, 0.32308236837387083, 0.32260174632072447, 0.19, 0.19, 0.27, 0.45, 0, 0, 0.5, 0.3, 0.91, 0.69, 0.33, 0.91, 0.91, 0.33, 0.33, 0.44, 0.67, 0.47, 0.61, 0.03, 0.74, 99, 99, 99]
--- num:  29
list:  [0.59, 0.59, 1, 1, 0.95, 0.95, 0.19750462055206297, 0.19709491312503813, 0.25, 0.25, 0.31, 0.42, 0, 0, 0.5, 0.28, 0.93, 0.67, 0.33, 0.93, 0.93, 0.33, 0.33, 0.37, 0.79, 0.4, 0.74, 0.03, 0.72, 99, 99, 99]
--- num:  29
list:  [0.6, 0.6, 1, 1, 0.95, 0.95, 0.16199999999999998, 0.16199999999999998, 0.27, 0.27, 0.32, 0.41, 0, 0, 0.5, 0.29, 0.915, 0.68, 0.36, 0.92, 0.91, 0.36, 0.36, 0.35, 0.84, 0.38, 0.78, 0.03, 0.78, 99, 99, 99]
--- num:  29
list:  [0.6, 0.6, 1, 1, 0.95, 0.95, 0.16199999999999998, 0.16199999999999998, 0.27, 0.27, 0.37, 0.35, 0, 0, 0.5, 0.3, 0.885, 0.69, 0.4, 0.89, 0.88, 0.4, 0.4, 0.41, 0.73, 0.44, 0.67, 0.03, 0.79, 99, 99, 99]
--- num:  29
list:  [0.59, 0.59, 1, 1, 0.95, 0.95, 0.16199999999999998, 0.16199999999999998, 0.28, 0.28, 0.45, 0.27, 0, 0, 0.5, 0.3, 0.88, 0.69, 0.39, 0.89, 0.87, 0.39, 0.39, 0.39, 0.76, 0.4, 0.73, 0.03, 0.52, 99, 99, 99]
--- num:  29
list:  [0.59, 0.59, 1, 1, 0.95, 0.95, 0.16199999999999998, 0.16199999999999998, 0.27, 0.27, 0.51, 0.21, 0, 0, 0.5, 0.31, 0.88, 0.69, 0.38, 0.89, 0.87, 0.38, 0.38, 0.39, 0.76, 0.4, 0.75, 0.03, 0.39, 99, 99, 99]
--- num:  29
list:  [0.59, 0.59, 1, 1, 0.95, 0.95, 0.16199999999999998, 0.16199999999999998, 0.26, 0.26, 0.55, 0.17, 0, 0, 0.5, 0.31, 0.85, 0.7, 0.41, 0.86, 0.84, 0.41, 0.41, 0.4, 0.74, 0.4, 0.75, 0.03, 0.3, 99, 99, 99]
--- num:  29
list:  [0.58, 0.58, 1, 1, 0.96, 0.96, 0.16199999999999998, 0.16199999999999998, 0.24, 0.24, 0.63, 0.1, 0, 0, 0.5, 0.32, 0.8049999999999999, 0.7, 0.43, 0.82, 0.79, 0.43, 0.43, 0.4, 0.75, 0.39, 0.76, 0.03, 0.25, 99, 99, 99]
--- num:  29
list:  [0.58, 0.58, 1, 1, 0.96, 0.96, 0.16199999999999998, 0.16199999999999998, 0.24, 0.24, 0.63, 0.1, 0, 0, 0.5, 0.32, 0.815, 0.7, 0.42, 0.83, 0.8, 0.42, 0.42, 0.41, 0.71, 0.41, 0.72, 0.03, 0.24, 99, 99, 99]
--- num:  29
list:  [0.59, 0.59, 1, 1, 0.95, 0.95, 0.16199999999999998, 0.16199999999999998, 0.23, 0.23, 0.62, 0.11, 0, 0, 0.5, 0.32, 0.815, 0.7, 0.43, 0.83, 0.8, 0.43, 0.43, 0.43, 0.68, 0.41, 0.71, 0.03, 0.23, 99, 99, 99]
--- num:  29
list:  [0.6, 0.6, 1, 1, 0.95, 0.95, 0.16199999999999998, 0.16199999999999998, 0.24, 0.24, 0.59, 0.14, 0, 0, 0.5, 0.34, 0.785, 0.72, 0.46, 0.8, 0.77, 0.46, 0.46, 0.46, 0.62, 0.45, 0.64, 0.03, 0.22, 99, 99, 99]
--- num:  29
list:  [0.61, 0.61, 1, 1, 0.93, 0.93, 0.37680922031402586, 0.3761444795131683, 0.17, 0.17, 0.57, 0.16, 0.015000000000000013, 0, 0.5, 0.38, 0.77, 0.75, 0.46, 0.79, 0.75, 0.46, 0.46, 0.56, 0.45, 0.55, 0.45, 0.03, 0.22, 99, 99, 99]
--- num:  29
list:  [0.6, 0.6, 1, 1, 0.94, 0.94, 0.16199999999999998, 0.16199999999999998, 0.28, 0.28, 0.57, 0.16, 0, 0, 0.5, 0.38, 0.735, 0.75, 0.53, 0.75, 0.72, 0.53, 0.53, 0.46, 0.62, 0.46, 0.63, 0.03, 0.21, 99, 99, 99]
--- num:  29
list:  [0.59, 0.59, 1, 1, 0.95, 0.95, 0.16199999999999998, 0.16199999999999998, 0.31, 0.31, 0.57, 0.16, 0, 0, 0.5, 0.37, 0.745, 0.74, 0.52, 0.76, 0.73, 0.52, 0.52, 0.41, 0.72, 0.41, 0.73, 0.04, 0.22, 99, 99, 99]
--- num:  29
list:  [0.59, 0.59, 1, 1, 0.95, 0.95, 0.16199999999999998, 0.16199999999999998, 0.33, 0.33, 0.54, 0.18, 0, 0, 0.25, 0.36, 0.705, 0.73, 0.56, 0.72, 0.69, 0.56, 0.56, 0.38, 0.78, 0.38, 0.79, 0.04, 0.24, 99, 99, 99]
--- num:  29
list:  [0.58, 0.58, 1, 1, 0.96, 0.96, 0.16199999999999998, 0.16199999999999998, 0.35, 0.35, 0.53, 0.2, 0, 0, 0.25, 0.36, 0.615, 0.73, 0.56, 0.63, 0.6, 0.56, 0.56, 0.44, 0.65, 0.45, 0.64, 0.04, 0.29, 99, 99, 99]
--- num:  29
list:  [0.57, 0.57, 1, 1, 0.97, 0.97, 0.16199999999999998, 0.16199999999999998, 0.36, 0.36, 0.51, 0.21, 0, 0, 0.25, 0.35, 0.555, 0.73, 0.56, 0.5700000000000001, 0.54, 0.56, 0.56, 0.49, 0.56, 0.5, 0.54, 0.04, 0.42, 99, 99, 99]
--- num:  29
list:  [0.57, 0.57, 1, 1, 0.97, 0.97, 0.16199999999999998, 0.16199999999999998, 0.37, 0.37, 0.5, 0.23, 0, 0, 0.5, 0.35, 0.535, 0.73, 0.56, 0.55, 0.52, 0.56, 0.56, 0.49, 0.57, 0.51, 0.53, 0.05, 0.56, 99, 99, 99]
--- num:  29
list:  [0.57, 0.57, 1, 1, 0.97, 0.97, 0.16199999999999998, 0.16199999999999998, 0.38, 0.38, 0.49, 0.23, 0, 0, 0.5, 0.36, 0.555, 0.73, 0.56, 0.5700000000000001, 0.54, 0.56, 0.56, 0.46, 0.63, 0.48, 0.58, 0.05, 0.68, 99, 99, 99]
--- num:  29
list:  [0.56, 0.56, 1, 1, 0.97, 0.97, 0.16199999999999998, 0.16199999999999998, 0.5, 0.5, 0.73, 0.0, 0, 0, 0.5, 0.37, 0.5750000000000001, 0.74, 0.56, 0.5900000000000001, 0.56, 0.56, 0.56, 0.43, 0.68, 0.46, 0.62, 0.06, 1, 99, 99, 99]
--- num:  29
list:  [0.56, 0.56, 1, 1, 0.98, 0.98, 0.16199999999999998, 0.16199999999999998, 0.5, 0.5, 0.72, 0.01, 0, 0, 0.5, 0.38, 0.5800000000000001, 0.75, 0.56, 0.5900000000000001, 0.5700000000000001, 0.56, 0.56, 0.44, 0.66, 0.47, 0.6, 0.06, 1, 99, 99, 99]
--- num:  29
list:  [0.56, 0.56, 1, 1, 0.98, 0.98, 0.16199999999999998, 0.16199999999999998, 0.51, 0.51, 0.74, -0.0, 0, 0, 0.5, 0.39, 0.625, 0.75, 0.56, 0.63, 0.62, 0.56, 0.56, 0.47, 0.61, 0.5, 0.54, 0.06, 1, 99, 99, 99]
--- num:  29
list:  [0.56, 0.56, 1, 1, 0.98, 0.98, 0.16199999999999998, 0.16199999999999998, 0.49, 0.49, 0.69, 0.05, 0, 0, 0.5, 0.39, 0.62, 0.76, 0.56, 0.62, 0.62, 0.56, 0.56, 0.45, 0.65, 0.48, 0.58, 0.06, 1, 99, 99, 99]
--- num:  29
list:  [0.58, 0.58, 1, 1, 0.96, 0.96, 0.20471533715724943, 0.2037904220819473, 0.29, 0.29, 0.37, 0.36, 0.015000000000000013, 0.0749999999999999, 0.5, 0.39, 0.545, 0.75, 0.56, 0.55, 0.54, 0.56, 0.56, 0.56, 0.45, 0.6, 0.43, 0.06, 1, 99, 99, 99]
--- num:  29
list:  [0.57, 0.57, 1, 1, 0.97, 0.97, 0.16199999999999998, 0.16199999999999998, 0.34, 0.34, 0.35, 0.38, 0, 0, 0.5, 0.38, 0.54, 0.74, 0.56, 0.54, 0.54, 0.56, 0.56, 0.47, 0.6, 0.51, 0.52, 0.06, 1, 99, 99, 99]
--- num:  29
list:  [0.57, 0.57, 1, 1, 0.97, 0.97, 0.16199999999999998, 0.16199999999999998, 0.34, 0.34, 0.34, 0.38, 0, 0, 0.5, 0.37, 0.515, 0.74, 0.56, 0.52, 0.51, 0.56, 0.56, 0.5, 0.55, 0.53, 0.48, 0.06, 1, 99, 99, 99]
--- num:  29
list:  [0.57, 0.57, 1, 1, 0.97, 0.97, 0.16199999999999998, 0.16199999999999998, 0.34, 0.34, 0.32, 0.4, 0, 0, 0.5, 0.37, 0.55, 0.74, 0.56, 0.55, 0.55, 0.56, 0.56, 0.49, 0.57, 0.52, 0.51, 0.06, 1, 99, 99, 99]
--- num:  29
list:  [0.57, 0.57, 1, 1, 0.97, 0.97, 0.16199999999999998, 0.16199999999999998, 0.35, 0.35, 0.32, 0.4, 0, 0, 0.5, 0.37, 0.55, 0.74, 0.56, 0.55, 0.55, 0.56, 0.56, 0.46, 0.63, 0.49, 0.57, 0.06, 1, 99, 99, 99]
--- num:  29
list:  [0.56, 0.56, 1, 1, 0.97, 0.97, 0.16199999999999998, 0.16199999999999998, 0.35, 0.35, 0.3, 0.42, 0, 0, 0.5, 0.36, 0.5650000000000001, 0.74, 0.56, 0.56, 0.5700000000000001, 0.56, 0.56, 0.45, 0.64, 0.48, 0.58, 0.06, 1, 99, 99, 99]
--- num:  29
list:  [0.56, 0.56, 1, 1, 0.97, 0.97, 0.16199999999999998, 0.16199999999999998, 0.35, 0.35, 0.28, 0.44, 0, 0, 0.5, 0.36, 0.555, 0.73, 0.56, 0.55, 0.56, 0.56, 0.56, 0.47, 0.6, 0.51, 0.53, 0.06, 1, 99, 99, 99]
--- num:  29
list:  [0.56, 0.56, 1, 1, 0.97, 0.97, 0.16199999999999998, 0.16199999999999998, 0.34, 0.34, 0.28, 0.44, 0, 0, 0.5, 0.36, 0.555, 0.74, 0.56, 0.55, 0.56, 0.56, 0.56, 0.49, 0.57, 0.52, 0.51, 0.06, 1, 99, 99, 99]
--- num:  29
list:  [0.56, 0.56, 1, 1, 0.97, 0.97, 0.16199999999999998, 0.16199999999999998, 0.34, 0.34, 0.28, 0.44, 0, 0, 0.5, 0.37, 0.555, 0.74, 0.56, 0.55, 0.56, 0.56, 0.56, 0.47, 0.6, 0.5, 0.55, 0.06, 1, 99, 99, 99]
--- num:  29
list:  [0.58, 0.58, 1, 1, 0.96, 0.96, 0.16199999999999998, 0.16199999999999998, 0.33, 0.33, 0.26, 0.47, 0, 0, 0.5, 0.36, 0.56, 0.74, 0.56, 0.55, 0.5700000000000001, 0.56, 0.56, 0.46, 0.62, 0.49, 0.56, 0.06, 1, 99, 99, 99]
--- num:  29
list:  [0.58, 0.58, 1, 1, 0.96, 0.96, 0.16199999999999998, 0.16199999999999998, 0.31, 0.31, 0.18, 0.54, 0, 0, 0.5, 0.36, 0.55, 0.73, 0.56, 0.53, 0.5700000000000001, 0.56, 0.56, 0.5, 0.56, 0.52, 0.51, 0.06, 1, 99, 99, 99]
--- num:  29
list:  [0.57, 0.57, 1, 1, 0.96, 0.96, 0.16199999999999998, 0.16199999999999998, 0.3, 0.3, 0.16, 0.57, 0, 0, 0.5, 0.36, 0.535, 0.73, 0.56, 0.51, 0.56, 0.56, 0.56, 0.49, 0.57, 0.51, 0.52, 0.05, 1, 99, 99, 99]
--- num:  29
list:  [0.57, 0.57, 1, 1, 0.96, 0.96, 0.16199999999999998, 0.16199999999999998, 0.32, 0.32, 0.16, 0.57, 0, 0, 0.5, 0.36, 0.54, 0.73, 0.56, 0.52, 0.56, 0.56, 0.56, 0.43, 0.68, 0.45, 0.64, 0.05, 1, 99, 99, 99]
--- num:  29
list:  [0.57, 0.57, 1, 1, 0.96, 0.96, 0.16199999999999998, 0.16199999999999998, 0.34, 0.34, 0.19, 0.53, 0, 0, 0.5, 0.36, 0.56, 0.73, 0.56, 0.54, 0.5800000000000001, 0.56, 0.56, 0.41, 0.72, 0.44, 0.67, 0.05, 1, 99, 99, 99]
--- num:  29
list:  [0.57, 0.57, 1, 1, 0.97, 0.97, 0.16199999999999998, 0.16199999999999998, 0.35, 0.35, 0.25, 0.47, 0, 0, 0.5, 0.38, 0.55, 0.75, 0.56, 0.54, 0.56, 0.56, 0.56, 0.46, 0.63, 0.48, 0.58, 0.05, 1, 99, 99, 99]
--- num:  29
list:  [0.57, 0.57, 1, 1, 0.97, 0.97, 0.16199999999999998, 0.16199999999999998, 0.36, 0.36, 0.3, 0.42, 0, 0, 0.5, 0.38, 0.5750000000000001, 0.75, 0.56, 0.5700000000000001, 0.5800000000000001, 0.56, 0.56, 0.47, 0.61, 0.5, 0.55, 0.05, 1, 99, 99, 99]
--- num:  29
list:  [0.56, 0.56, 1, 1, 0.97, 0.97, 0.16199999999999998, 0.16199999999999998, 0.36, 0.36, 0.35, 0.37, 0, 0, 0.5, 0.39, 0.5650000000000001, 0.75, 0.56, 0.56, 0.5700000000000001, 0.56, 0.56, 0.47, 0.6, 0.5, 0.54, 0.05, 1, 99, 99, 99]
--- num:  29
list:  [0.56, 0.56, 1, 1, 0.98, 0.98, 0.16199999999999998, 0.16199999999999998, 0.35, 0.35, 0.39, 0.33, 0, 0, 0.5, 0.39, 0.545, 0.76, 0.56, 0.55, 0.54, 0.56, 0.56, 0.47, 0.62, 0.49, 0.57, 0.06, 0.83, 99, 99, 99]
--- num:  29
list:  [0.57, 0.57, 1, 1, 0.97, 0.97, 0.16199999999999998, 0.16199999999999998, 0.3, 0.3, 0.44, 0.28, 0, 0, 0.5, 0.4, 0.515, 0.76, 0.56, 0.52, 0.51, 0.56, 0.56, 0.51, 0.53, 0.52, 0.51, 0.06, 0.4, 99, 99, 99]
--- num:  29
list:  [0.56, 0.56, 1, 1, 0.97, 0.97, 0.16199999999999998, 0.16199999999999998, 0.35, 0.35, 0.49, 0.24, 0, 0, 0.5, 0.42, 0.52, 0.78, 0.56, 0.53, 0.51, 0.56, 0.56, 0.41, 0.72, 0.42, 0.71, 0.06, 0.43, 99, 99, 99]
--- num:  29
list:  [0.56, 0.56, 1, 1, 0.97, 0.97, 0.16199999999999998, 0.16199999999999998, 0.36, 0.36, 0.5, 0.23, 0, 0, 0.5, 0.42, 0.54, 0.78, 0.56, 0.55, 0.53, 0.56, 0.56, 0.43, 0.69, 0.43, 0.69, 0.06, 0.42, 99, 99, 99]
--- num:  29
list:  [0.56, 0.56, 1, 1, 0.98, 0.98, 0.16199999999999998, 0.16199999999999998, 0.37, 0.37, 0.48, 0.24, 0, 0, 0.5, 0.4, 0.55, 0.77, 0.56, 0.56, 0.54, 0.56, 0.56, 0.43, 0.68, 0.44, 0.66, 0.05, 0.46, 99, 99, 99]
--- num:  29
list:  [0.56, 0.56, 1, 1, 0.97, 0.97, 0.16199999999999998, 0.16199999999999998, 0.37, 0.37, 0.45, 0.27, 0, 0, 0.5, 0.4, 0.5650000000000001, 0.77, 0.56, 0.5700000000000001, 0.56, 0.56, 0.56, 0.43, 0.69, 0.44, 0.67, 0.05, 0.58, 99, 99, 99]
--- num:  29
list:  [0.57, 0.57, 1, 1, 0.97, 0.97, 0.16199999999999998, 0.16199999999999998, 0.31, 0.31, 0.43, 0.3, 0, 0, 0.5, 0.41, 0.5750000000000001, 0.77, 0.56, 0.5800000000000001, 0.5700000000000001, 0.56, 0.56, 0.51, 0.53, 0.52, 0.51, 0.05, 0.52, 99, 99, 99]
--- num:  29
list:  [0.58, 0.58, 1, 1, 0.96, 0.96, 0.16199999999999998, 0.16199999999999998, 0.29, 0.29, 0.45, 0.27, 0.0749999999999999, 0.08999999999999991, 0.5, 0.4, 0.535, 0.76, 0.56, 0.54, 0.53, 0.56, 0.56, 0.6, 0.43, 0.61, 0.42, 0.05, 0.43, 99, 99, 99]
--- num:  29
list:  [0.57, 0.57, 1, 1, 0.97, 0.97, 0.16199999999999998, 0.16199999999999998, 0.34, 0.34, 0.5, 0.22, 0, 0, 0.5, 0.39, 0.545, 0.76, 0.56, 0.56, 0.53, 0.56, 0.56, 0.52, 0.5, 0.53, 0.49, 0.05, 0.38, 99, 99, 99]
--- num:  29
list:  [0.57, 0.57, 1, 1, 0.97, 0.97, 0.16199999999999998, 0.16199999999999998, 0.35, 0.35, 0.54, 0.18, 0, 0, 0.5, 0.4, 0.56, 0.76, 0.56, 0.5700000000000001, 0.55, 0.56, 0.56, 0.49, 0.56, 0.49, 0.57, 0.05, 0.21, 99, 99, 99]
--- num:  29
list:  [0.56, 0.56, 1, 1, 0.97, 0.97, 0.16199999999999998, 0.16199999999999998, 0.35, 0.35, 0.57, 0.15, 0, 0, 0.5, 0.41, 0.5800000000000001, 0.77, 0.56, 0.5900000000000001, 0.5700000000000001, 0.56, 0.56, 0.47, 0.61, 0.46, 0.62, 0.05, 0.17, 99, 99, 99]
--- num:  29
list:  [0.56, 0.56, 1, 1, 0.97, 0.97, 0.16199999999999998, 0.16199999999999998, 0.35, 0.35, 0.58, 0.15, 0, 0, 0.5, 0.41, 0.5900000000000001, 0.77, 0.56, 0.6, 0.5800000000000001, 0.56, 0.56, 0.45, 0.65, 0.44, 0.67, 0.06, 0.15, 99, 99, 99]
--- num:  29
list:  [0.56, 0.56, 1, 1, 0.97, 0.97, 0.16199999999999998, 0.16199999999999998, 0.36, 0.36, 0.53, 0.2, 0, 0, 0.5, 0.41, 0.605, 0.77, 0.56, 0.62, 0.5900000000000001, 0.56, 0.56, 0.42, 0.7, 0.42, 0.7, 0.05, 0.22, 99, 99, 99]
--- num:  29
list:  [0.57, 0.57, 1, 1, 0.97, 0.97, 0.16199999999999998, 0.16199999999999998, 0.35, 0.35, 0.44, 0.28, 0, 0, 0.5, 0.41, 0.5650000000000001, 0.77, 0.56, 0.5700000000000001, 0.56, 0.56, 0.56, 0.47, 0.61, 0.48, 0.59, 0.05, 0.43, 99, 99, 99]
--- num:  29
list:  [0.57, 0.57, 1, 1, 0.97, 0.97, 0.16199999999999998, 0.16199999999999998, 0.35, 0.35, 0.38, 0.34, 0, 0, 0.5, 0.41, 0.545, 0.77, 0.56, 0.55, 0.54, 0.56, 0.56, 0.46, 0.62, 0.48, 0.58, 0.05, 0.62, 99, 99, 99]
--- num:  29
list:  [0.57, 0.57, 1, 1, 0.97, 0.97, 0.16199999999999998, 0.16199999999999998, 0.35, 0.35, 0.36, 0.36, 0, 0, 0.5, 0.42, 0.545, 0.78, 0.56, 0.55, 0.54, 0.56, 0.56, 0.46, 0.62, 0.49, 0.58, 0.05, 0.73, 99, 99, 99]
--- num:  29
list:  [0.57, 0.57, 1, 1, 0.97, 0.97, 0.16199999999999998, 0.16199999999999998, 0.35, 0.35, 0.35, 0.37, 0, 0, 0.5, 0.43, 0.54, 0.78, 0.56, 0.54, 0.54, 0.56, 0.56, 0.46, 0.62, 0.48, 0.58, 0.05, 0.76, 99, 99, 99]
--- num:  29
list:  [0.57, 0.57, 1, 1, 0.97, 0.97, 0.16199999999999998, 0.16199999999999998, 0.35, 0.35, 0.35, 0.37, 0, 0, 0.5, 0.43, 0.54, 0.78, 0.56, 0.54, 0.54, 0.56, 0.56, 0.49, 0.57, 0.51, 0.53, 0.05, 0.78, 99, 99, 99]
--- num:  29
list:  [0.57, 0.57, 1, 1, 0.97, 0.97, 0.16199999999999998, 0.16199999999999998, 0.35, 0.35, 0.37, 0.35, 0, 0, 0.5, 0.43, 0.54, 0.78, 0.56, 0.54, 0.54, 0.56, 0.56, 0.5, 0.54, 0.52, 0.51, 0.05, 0.71, 99, 99, 99]
--- num:  29
list:  [0.56, 0.56, 1, 1, 0.97, 0.97, 0.16199999999999998, 0.16199999999999998, 0.35, 0.35, 0.45, 0.27, 0, 0, 0.5, 0.42, 0.52, 0.78, 0.56, 0.53, 0.51, 0.56, 0.56, 0.54, 0.48, 0.54, 0.47, 0.05, 0.61, 99, 99, 99]
--- num:  29
list:  [0.56, 0.56, 1, 1, 0.97, 0.97, 0.16199999999999998, 0.16199999999999998, 0.33, 0.33, 0.54, 0.18, 0, 0, 0.5, 0.42, 0.54, 0.78, 0.56, 0.55, 0.53, 0.56, 0.56, 0.53, 0.5, 0.52, 0.52, 0.05, 0.27, 99, 99, 99]
--- num:  29
list:  [0.56, 0.56, 1, 1, 0.97, 0.97, 0.16199999999999998, 0.16199999999999998, 0.34, 0.34, 0.6, 0.13, 0, 0, 0.5, 0.41, 0.55, 0.77, 0.56, 0.56, 0.54, 0.56, 0.56, 0.53, 0.49, 0.52, 0.51, 0.05, 0.2, 99, 99, 99]
--- num:  29
list:  [0.56, 0.56, 1, 1, 0.97, 0.97, 0.16199999999999998, 0.16199999999999998, 0.33, 0.33, 0.62, 0.11, 0, 0, 0.5, 0.41, 0.5750000000000001, 0.77, 0.56, 0.5900000000000001, 0.56, 0.56, 0.56, 0.52, 0.51, 0.51, 0.53, 0.05, 0.18, 99, 99, 99]
--- num:  29
list:  [0.56, 0.56, 1, 1, 0.97, 0.97, 0.16199999999999998, 0.16199999999999998, 0.33, 0.33, 0.61, 0.12, 0, 0, 0.5, 0.4, 0.5700000000000001, 0.77, 0.56, 0.5800000000000001, 0.56, 0.56, 0.56, 0.52, 0.5, 0.51, 0.53, 0.05, 0.16, 99, 99, 99]
--- num:  29
list:  [0.56, 0.56, 1, 1, 0.97, 0.97, 0.16199999999999998, 0.16199999999999998, 0.33, 0.33, 0.58, 0.15, 0, 0, 0.5, 0.4, 0.5700000000000001, 0.76, 0.56, 0.5800000000000001, 0.56, 0.56, 0.56, 0.54, 0.47, 0.53, 0.49, 0.05, 0.15, 99, 99, 99]
--- num:  29
list:  [0.57, 0.57, 1, 1, 0.97, 0.97, 0.16199999999999998, 0.16199999999999998, 0.26, 0.26, 0.5, 0.23, 0.11999999999999994, 0.08999999999999991, 0.5, 0.39, 0.535, 0.75, 0.56, 0.54, 0.53, 0.56, 0.56, 0.63, 0.41, 0.61, 0.42, 0.05, 0.18, 99, 99, 99]
--- num:  29
list:  [0.59, 0.59, 1, 1, 0.95, 0.95, 0.2109708148241043, 0.21055191338062285, 0.25, 0.25, 0.4, 0.32, 0.16499999999999998, 0.18, 0.5, 0.38, 0.51, 0.75, 0.56, 0.52, 0.5, 0.56, 0.56, 0.66, 0.4, 0.67, 0.4, 0.05, 0.3, 99, 99, 99]
--- num:  29
list:  [0.59, 0.59, 1, 1, 0.96, 0.96, 0.16199999999999998, 0.16199999999999998, 0.31, 0.31, 0.29, 0.43, 0.015000000000000013, 0.015000000000000013, 0.5, 0.38, 0.555, 0.75, 0.56, 0.55, 0.56, 0.56, 0.56, 0.56, 0.45, 0.56, 0.44, 0.05, 0.45, 99, 99, 99]
--- num:  29
list:  [0.59, 0.59, 1, 1, 0.95, 0.95, 0.16199999999999998, 0.16199999999999998, 0.31, 0.31, 0.25, 0.47, 0, 0.02999999999999986, 0.5, 0.38, 0.545, 0.75, 0.56, 0.54, 0.55, 0.56, 0.56, 0.55, 0.46, 0.57, 0.44, 0.05, 0.79, 99, 99, 99]
--- num:  29
list:  [0.59, 0.59, 1, 1, 0.95, 0.95, 0.16199999999999998, 0.16199999999999998, 0.31, 0.31, 0.25, 0.48, 0, 0.04499999999999987, 0.5, 0.38, 0.545, 0.75, 0.56, 0.54, 0.55, 0.56, 0.56, 0.55, 0.45, 0.58, 0.44, 0.05, 0.91, 99, 99, 99]
--- num:  29
list:  [0.59, 0.59, 1, 1, 0.95, 0.95, 0.16199999999999998, 0.16199999999999998, 0.31, 0.31, 0.25, 0.48, 0.02999999999999986, 0.0749999999999999, 0.5, 0.38, 0.54, 0.75, 0.56, 0.53, 0.55, 0.56, 0.56, 0.57, 0.44, 0.6, 0.43, 0.05, 0.97, 99, 99, 99]
--- num:  29
list:  [0.59, 0.59, 1, 1, 0.95, 0.95, 0.16199999999999998, 0.16199999999999998, 0.31, 0.31, 0.24, 0.48, 0.04499999999999987, 0.0749999999999999, 0.5, 0.38, 0.54, 0.75, 0.56, 0.53, 0.55, 0.56, 0.56, 0.58, 0.44, 0.6, 0.43, 0.05, 1.0, 99, 99, 99]
--- num:  29
list:  [0.59, 0.59, 1, 1, 0.95, 0.95, 0.16199999999999998, 0.16199999999999998, 0.31, 0.31, 0.24, 0.49, 0.02999999999999986, 0.05999999999999989, 0.5, 0.38, 0.545, 0.75, 0.56, 0.53, 0.56, 0.56, 0.56, 0.57, 0.44, 0.59, 0.43, 0.05, 1, 99, 99, 99]
--- num:  29
list:  [0.59, 0.59, 1, 1, 0.95, 0.95, 0.16199999999999998, 0.16199999999999998, 0.3, 0.3, 0.24, 0.48, 0.08999999999999991, 0.13499999999999995, 0.5, 0.38, 0.5, 0.75, 0.56, 0.49, 0.51, 0.56, 0.56, 0.61, 0.42, 0.64, 0.41, 0.05, 1, 99, 99, 99]
--- num:  29
list:  [0.58, 0.58, 1, 1, 0.96, 0.96, 0.16199999999999998, 0.16199999999999998, 0.31, 0.31, 0.27, 0.45, 0.08999999999999991, 0.11999999999999994, 0.5, 0.38, 0.5, 0.75, 0.56, 0.49, 0.51, 0.56, 0.56, 0.61, 0.42, 0.63, 0.41, 0.05, 1, 99, 99, 99]
--- num:  29
list:  [0.59, 0.59, 1, 1, 0.95, 0.95, 0.5125246453285217, 0.5110139060020447, 0.17, 0.17, 0.33, 0.39, 0.195, 0.22499999999999987, 0.5, 0.4, 0.505, 0.76, 0.56, 0.5, 0.51, 0.56, 0.56, 0.68, 0.39, 0.7, 0.38, 0.05, 0.62, 99, 99, 99]
--- num:  29
list:  [0.59, 0.59, 1, 1, 0.95, 0.95, 0.24523223519325255, 0.2452943432331085, 0.23, 0.23, 0.37, 0.35, 0.20999999999999985, 0.22499999999999987, 0.5, 0.38, 0.505, 0.75, 0.56, 0.5, 0.51, 0.56, 0.56, 0.69, 0.39, 0.7, 0.38, 0.05, 0.61, 99, 99, 99]
--- num:  29
list:  [0.58, 0.58, 1, 1, 0.96, 0.96, 0.16199999999999998, 0.16199999999999998, 0.28, 0.28, 0.46, 0.26, 0.18, 0.18, 0.5, 0.37, 0.485, 0.74, 0.56, 0.49, 0.48, 0.56, 0.56, 0.67, 0.4, 0.67, 0.4, 0.05, 0.3, 99, 99, 99]
--- num:  29
list:  [0.57, 0.57, 1, 1, 0.97, 0.97, 0.16199999999999998, 0.16199999999999998, 0.29, 0.29, 0.48, 0.24, 0.16499999999999998, 0.14999999999999997, 0.5, 0.37, 0.49, 0.74, 0.56, 0.5, 0.48, 0.56, 0.56, 0.66, 0.4, 0.65, 0.4, 0.05, 0.27, 99, 99, 99]
--- num:  29
list:  [0.57, 0.57, 1, 1, 0.97, 0.97, 0.16199999999999998, 0.16199999999999998, 0.29, 0.29, 0.49, 0.23, 0.14999999999999997, 0.14999999999999997, 0.5, 0.38, 0.5, 0.74, 0.56, 0.51, 0.49, 0.56, 0.56, 0.65, 0.4, 0.65, 0.4, 0.05, 0.25, 99, 99, 99]
--- num:  29
list:  [0.57, 0.57, 1, 1, 0.97, 0.97, 0.16199999999999998, 0.16199999999999998, 0.31, 0.31, 0.46, 0.26, 0.05999999999999989, 0.05999999999999989, 0.5, 0.38, 0.5, 0.75, 0.56, 0.51, 0.49, 0.56, 0.56, 0.59, 0.43, 0.59, 0.43, 0.05, 0.32, 99, 99, 99]
--- num:  29
list:  [0.58, 0.58, 1, 1, 0.96, 0.96, 0.16199999999999998, 0.16199999999999998, 0.3, 0.3, 0.38, 0.35, 0.0749999999999999, 0.10499999999999993, 0.5, 0.39, 0.505, 0.75, 0.56, 0.51, 0.5, 0.56, 0.56, 0.6, 0.43, 0.62, 0.42, 0.05, 0.44, 99, 99, 99]
--- num:  29
list:  [0.58, 0.58, 1, 1, 0.96, 0.96, 0.16199999999999998, 0.16199999999999998, 0.31, 0.31, 0.32, 0.4, 0.05999999999999989, 0.08999999999999991, 0.5, 0.39, 0.52, 0.75, 0.56, 0.52, 0.52, 0.56, 0.56, 0.59, 0.43, 0.61, 0.42, 0.05, 0.51, 99, 99, 99]
--- num:  29
list:  [0.58, 0.58, 1, 1, 0.96, 0.96, 0.16199999999999998, 0.16199999999999998, 0.31, 0.31, 0.3, 0.42, 0.0749999999999999, 0.10499999999999993, 0.5, 0.38, 0.51, 0.75, 0.56, 0.51, 0.51, 0.56, 0.56, 0.6, 0.43, 0.62, 0.42, 0.05, 0.71, 99, 99, 99]
--- num:  29
list:  [0.58, 0.58, 1, 1, 0.96, 0.96, 0.16199999999999998, 0.16199999999999998, 0.3, 0.3, 0.31, 0.41, 0.08999999999999991, 0.11999999999999994, 0.5, 0.39, 0.505, 0.75, 0.56, 0.5, 0.51, 0.56, 0.56, 0.61, 0.42, 0.63, 0.41, 0.05, 0.81, 99, 99, 99]
--- num:  29
list:  [0.58, 0.58, 1, 1, 0.96, 0.96, 0.16199999999999998, 0.16199999999999998, 0.29, 0.29, 0.39, 0.33, 0.13499999999999995, 0.16499999999999998, 0.5, 0.39, 0.51, 0.75, 0.56, 0.51, 0.51, 0.56, 0.56, 0.64, 0.41, 0.66, 0.4, 0.05, 0.79, 99, 99, 99]
--- num:  29
list:  [0.57, 0.57, 1, 1, 0.96, 0.96, 0.16199999999999998, 0.16199999999999998, 0.28, 0.28, 0.47, 0.26, 0.16499999999999998, 0.18, 0.5, 0.38, 0.545, 0.75, 0.56, 0.55, 0.54, 0.56, 0.56, 0.66, 0.4, 0.67, 0.4, 0.05, 0.4, 99, 99, 99]
--- num:  29
list:  [0.57, 0.57, 1, 1, 0.97, 0.97, 0.16199999999999998, 0.16199999999999998, 0.27, 0.27, 0.54, 0.18, 0.13499999999999995, 0.10499999999999993, 0.5, 0.38, 0.5900000000000001, 0.75, 0.56, 0.6, 0.5800000000000001, 0.56, 0.56, 0.64, 0.41, 0.62, 0.42, 0.05, 0.25, 99, 99, 99]
--- num:  29
list:  [0.57, 0.57, 1, 1, 0.96, 0.96, 0.16199999999999998, 0.16199999999999998, 0.27, 0.27, 0.59, 0.14, 0.11999999999999994, 0.0749999999999999, 0.5, 0.38, 0.6000000000000001, 0.75, 0.56, 0.61, 0.5900000000000001, 0.56, 0.56, 0.63, 0.42, 0.6, 0.43, 0.04, 0.21, 99, 99, 99]
--- num:  29
list:  [0.58, 0.58, 1, 1, 0.96, 0.96, 0.16199999999999998, 0.16199999999999998, 0.27, 0.27, 0.57, 0.15, 0.11999999999999994, 0.0749999999999999, 0.5, 0.38, 0.5850000000000001, 0.75, 0.56, 0.5900000000000001, 0.5800000000000001, 0.56, 0.56, 0.63, 0.41, 0.6, 0.43, 0.04, 0.19, 99, 99, 99]
--- num:  29
list:  [0.58, 0.58, 1, 1, 0.96, 0.96, 0.16199999999999998, 0.16199999999999998, 0.26, 0.26, 0.54, 0.19, 0.16499999999999998, 0.11999999999999994, 0.5, 0.39, 0.545, 0.75, 0.56, 0.55, 0.54, 0.56, 0.56, 0.66, 0.4, 0.63, 0.41, 0.05, 0.19, 99, 99, 99]
--- num:  29
list:  [0.58, 0.58, 1, 1, 0.96, 0.96, 0.16199999999999998, 0.16199999999999998, 0.29, 0.29, 0.51, 0.22, 0.02999999999999986, 0.015000000000000013, 0.5, 0.39, 0.54, 0.75, 0.56, 0.55, 0.53, 0.56, 0.56, 0.57, 0.44, 0.56, 0.44, 0.05, 0.41, 99, 99, 99]
--- num:  29
list:  [0.58, 0.58, 1, 1, 0.96, 0.96, 0.16199999999999998, 0.16199999999999998, 0.28, 0.28, 0.44, 0.28, 0, 0, 0.5, 0.39, 0.475, 0.76, 0.56, 0.48, 0.47, 0.56, 0.56, 0.52, 0.5, 0.53, 0.5, 0.05, 0.69, 99, 99, 99]
--- num:  29
list:  [0.58, 0.58, 1, 1, 0.96, 0.96, 0.16199999999999998, 0.16199999999999998, 0.29, 0.29, 0.39, 0.34, 0, 0, 0.5, 0.39, 0.47, 0.76, 0.56, 0.47, 0.47, 0.56, 0.56, 0.47, 0.61, 0.48, 0.59, 0.06, 0.87, 99, 99, 99]
--- num:  29
list:  [0.58, 0.58, 1, 1, 0.96, 0.96, 0.16199999999999998, 0.16199999999999998, 0.29, 0.29, 0.32, 0.4, 0, 0, 0.5, 0.39, 0.485, 0.75, 0.56, 0.48, 0.49, 0.56, 0.56, 0.43, 0.67, 0.45, 0.64, 0.07, 1, 99, 99, 99]
--- num:  29
list:  [0.58, 0.58, 1, 1, 0.96, 0.96, 0.16199999999999998, 0.16199999999999998, 0.28, 0.28, 0.29, 0.43, 0, 0, 0.5, 0.39, 0.495, 0.75, 0.56, 0.49, 0.5, 0.56, 0.56, 0.45, 0.63, 0.47, 0.6, 0.07, 1, 99, 99, 99]
--- num:  29
list:  [0.58, 0.58, 1, 1, 0.96, 0.96, 0.16199999999999998, 0.16199999999999998, 0.28, 0.28, 0.26, 0.46, 0, 0, 0.5, 0.38, 0.5, 0.75, 0.56, 0.49, 0.51, 0.56, 0.56, 0.46, 0.63, 0.47, 0.6, 0.07, 1, 99, 99, 99]
--- num:  29
list:  [0.58, 0.58, 1, 1, 0.96, 0.96, 0.16199999999999998, 0.16199999999999998, 0.28, 0.28, 0.25, 0.47, 0, 0, 0.5, 0.38, 0.505, 0.75, 0.56, 0.49, 0.52, 0.56, 0.56, 0.48, 0.58, 0.5, 0.55, 0.06, 1, 99, 99, 99]
--- num:  29
list:  [0.58, 0.58, 1, 1, 0.96, 0.96, 0.16199999999999998, 0.16199999999999998, 0.29, 0.29, 0.25, 0.47, 0, 0, 0.5, 0.37, 0.515, 0.74, 0.56, 0.49, 0.54, 0.56, 0.56, 0.48, 0.59, 0.49, 0.57, 0.06, 1, 99, 99, 99]
--- num:  29
list:  [0.58, 0.58, 1, 1, 0.96, 0.96, 0.16199999999999998, 0.16199999999999998, 0.32, 0.32, 0.39, 0.33, 0, 0, 0.5, 0.38, 0.505, 0.75, 0.56, 0.48, 0.53, 0.56, 0.56, 0.49, 0.56, 0.51, 0.53, 0.06, 1, 99, 99, 99]
--- num:  29
list:  [0.57, 0.57, 1, 1, 0.97, 0.97, 0.16199999999999998, 0.16199999999999998, 0.33, 0.33, 0.37, 0.36, 0, 0, 0.5, 0.38, 0.5, 0.75, 0.56, 0.47, 0.53, 0.56, 0.56, 0.47, 0.61, 0.49, 0.57, 0.06, 1, 99, 99, 99]
--- num:  29
list:  [0.57, 0.57, 1, 1, 0.96, 0.96, 0.26212371468544005, 0.26047966957092283, 0.23, 0.23, 0.27, 0.46, 0, 0.02999999999999986, 0.5, 0.39, 0.495, 0.76, 0.56, 0.45999999999999996, 0.53, 0.56, 0.56, 0.55, 0.45, 0.57, 0.44, 0.06, 1, 99, 99, 99]
--- num:  29
list:  [0.58, 0.58, 1, 1, 0.96, 0.96, 0.20658962011337278, 0.20536262869834898, 0.24, 0.24, 0.23, 0.49, 0.05999999999999989, 0.08999999999999991, 0.5, 0.38, 0.47, 0.75, 0.56, 0.44, 0.5, 0.56, 0.56, 0.59, 0.43, 0.61, 0.42, 0.06, 1, 99, 99, 99]
--- num:  29
list:  [0.57, 0.57, 1, 1, 0.96, 0.96, 0.16199999999999998, 0.16199999999999998, 0.28, 0.28, 0.27, 0.45, 0, 0.015000000000000013, 0.5, 0.37, 0.47, 0.74, 0.56, 0.44, 0.5, 0.56, 0.56, 0.55, 0.46, 0.56, 0.44, 0.06, 1, 99, 99, 99]
--- num:  29
list:  [0.57, 0.57, 1, 1, 0.97, 0.97, 0.16199999999999998, 0.16199999999999998, 0.28, 0.28, 0.32, 0.41, 0, 0, 0.5, 0.38, 0.48, 0.75, 0.56, 0.45999999999999996, 0.5, 0.56, 0.56, 0.52, 0.52, 0.53, 0.48, 0.07, 1, 99, 99, 99]
--- num:  29
list:  [0.58, 0.58, 1, 1, 0.96, 0.96, 0.16199999999999998, 0.16199999999999998, 0.28, 0.28, 0.35, 0.37, 0, 0, 0.5, 0.39, 0.51, 0.75, 0.56, 0.5, 0.52, 0.56, 0.56, 0.54, 0.47, 0.55, 0.45, 0.07, 1, 99, 99, 99]
--- num:  29
list:  [0.58, 0.58, 1, 1, 0.96, 0.96, 0.16199999999999998, 0.16199999999999998, 0.28, 0.28, 0.4, 0.32, 0.04499999999999987, 0.0749999999999999, 0.5, 0.38, 0.495, 0.75, 0.56, 0.49, 0.5, 0.56, 0.56, 0.58, 0.44, 0.6, 0.43, 0.07, 1, 99, 99, 99]
--- num:  29
list:  [0.58, 0.58, 1, 1, 0.96, 0.96, 0.16199999999999998, 0.16199999999999998, 0.28, 0.28, 0.4, 0.32, 0.04499999999999987, 0.05999999999999989, 0.5, 0.38, 0.485, 0.75, 0.56, 0.48, 0.49, 0.56, 0.56, 0.58, 0.44, 0.59, 0.43, 0.07, 1, 99, 99, 99]
--- num:  29
list:  [0.58, 0.58, 1, 1, 0.96, 0.96, 0.16199999999999998, 0.16199999999999998, 0.28, 0.28, 0.35, 0.38, 0, 0, 0.5, 0.39, 0.49, 0.76, 0.56, 0.48, 0.5, 0.56, 0.56, 0.53, 0.49, 0.53, 0.49, 0.07, 1, 99, 99, 99]
--- num:  29
list:  [0.58, 0.58, 1, 1, 0.96, 0.96, 0.16199999999999998, 0.16199999999999998, 0.28, 0.28, 0.28, 0.44, 0, 0, 0.5, 0.38, 0.52, 0.75, 0.56, 0.51, 0.53, 0.56, 0.56, 0.49, 0.56, 0.5, 0.56, 0.07, 1, 99, 99, 99]
--- num:  29
list:  [0.58, 0.58, 1, 1, 0.96, 0.96, 0.16199999999999998, 0.16199999999999998, 0.28, 0.28, 0.23, 0.49, 0, 0, 0.5, 0.38, 0.485, 0.75, 0.56, 0.45999999999999996, 0.51, 0.56, 0.56, 0.46, 0.62, 0.47, 0.62, 0.06, 1, 99, 99, 99]
--- num:  29
list:  [0.58, 0.58, 1, 1, 0.96, 0.96, 0.16199999999999998, 0.16199999999999998, 0.28, 0.28, 0.24, 0.48, 0, 0, 0.5, 0.38, 0.47, 0.75, 0.56, 0.45, 0.49, 0.56, 0.56, 0.49, 0.58, 0.49, 0.56, 0.07, 1, 99, 99, 99]
--- num:  29
list:  [0.57, 0.57, 1, 1, 0.96, 0.96, 0.16199999999999998, 0.16199999999999998, 0.28, 0.28, 0.34, 0.39, 0, 0, 0.5, 0.38, 0.46499999999999997, 0.75, 0.56, 0.45, 0.48, 0.56, 0.56, 0.54, 0.47, 0.55, 0.45, 0.08, 1, 99, 99, 99]
--- num:  29
list:  [0.56, 0.56, 1, 1, 0.97, 0.97, 0.16199999999999998, 0.16199999999999998, 0.29, 0.29, 0.47, 0.25, 0.05999999999999989, 0.05999999999999989, 0.5, 0.38, 0.48, 0.75, 0.56, 0.48, 0.48, 0.56, 0.56, 0.59, 0.43, 0.59, 0.43, 0.08, 0.6, 99, 99, 99]
--- num:  29
list:  [0.57, 0.57, 1, 1, 0.97, 0.97, 0.16199999999999998, 0.16199999999999998, 0.28, 0.28, 0.52, 0.2, 0.16499999999999998, 0.14999999999999997, 0.5, 0.38, 0.46499999999999997, 0.75, 0.56, 0.47, 0.45999999999999996, 0.56, 0.56, 0.66, 0.4, 0.65, 0.41, 0.08, 0.39, 99, 99, 99]
--- num:  29
list:  [0.57, 0.57, 1, 1, 0.97, 0.97, 0.16199999999999998, 0.16199999999999998, 0.29, 0.29, 0.53, 0.19, 0.13499999999999995, 0.11999999999999994, 0.5, 0.38, 0.46499999999999997, 0.75, 0.56, 0.47, 0.45999999999999996, 0.56, 0.56, 0.64, 0.41, 0.63, 0.42, 0.08, 0.25, 99, 99, 99]
--- num:  29
list:  [0.57, 0.57, 1, 1, 0.97, 0.97, 0.16199999999999998, 0.16199999999999998, 0.28, 0.28, 0.57, 0.15, 0.05999999999999989, 0.02999999999999986, 0.5, 0.39, 0.48, 0.76, 0.56, 0.49, 0.47, 0.56, 0.56, 0.59, 0.43, 0.57, 0.44, 0.08, 0.21, 99, 99, 99]
--- num:  29
list:  [0.58, 0.58, 1, 1, 0.96, 0.96, 0.16199999999999998, 0.16199999999999998, 0.24, 0.24, 0.61, 0.12, 0.11999999999999994, 0.05999999999999989, 0.5, 0.4, 0.48, 0.76, 0.56, 0.49, 0.47, 0.56, 0.56, 0.63, 0.42, 0.59, 0.43, 0.07, 0.16, 99, 99, 99]
--- num:  29
list:  [0.57, 0.57, 1, 1, 0.96, 0.96, 0.16199999999999998, 0.16199999999999998, 0.29, 0.29, 0.59, 0.13, 0.10499999999999993, 0.05999999999999989, 0.5, 0.39, 0.475, 0.76, 0.56, 0.48, 0.47, 0.56, 0.56, 0.62, 0.42, 0.59, 0.43, 0.07, 0.14, 99, 99, 99]
--- num:  29
list:  [0.57, 0.57, 1, 1, 0.97, 0.97, 0.16199999999999998, 0.16199999999999998, 0.3, 0.3, 0.55, 0.17, 0.10499999999999993, 0.05999999999999989, 0.5, 0.39, 0.475, 0.75, 0.56, 0.48, 0.47, 0.56, 0.56, 0.62, 0.42, 0.59, 0.43, 0.07, 0.17, 99, 99, 99]
--- num:  29
list:  [0.57, 0.57, 1, 1, 0.97, 0.97, 0.16199999999999998, 0.16199999999999998, 0.31, 0.31, 0.51, 0.22, 0, 0, 0.5, 0.39, 0.485, 0.75, 0.56, 0.49, 0.48, 0.56, 0.56, 0.53, 0.49, 0.52, 0.5, 0.07, 0.46, 99, 99, 99]
--- num:  29
list:  [0.57, 0.57, 1, 1, 0.97, 0.97, 0.16199999999999998, 0.16199999999999998, 0.32, 0.32, 0.47, 0.26, 0, 0, 0.5, 0.39, 0.475, 0.75, 0.56, 0.48, 0.47, 0.56, 0.56, 0.52, 0.51, 0.52, 0.51, 0.07, 0.54, 99, 99, 99]
--- num:  29
list:  [0.57, 0.57, 1, 1, 0.97, 0.97, 0.16199999999999998, 0.16199999999999998, 0.34, 0.34, 0.42, 0.31, 0, 0, 0.5, 0.39, 0.45499999999999996, 0.75, 0.56, 0.45999999999999996, 0.45, 0.56, 0.56, 0.49, 0.56, 0.5, 0.54, 0.06, 0.61, 99, 99, 99]
--- num:  29
list:  [0.57, 0.57, 1, 1, 0.97, 0.97, 0.16199999999999998, 0.16199999999999998, 0.36, 0.36, 0.39, 0.33, 0, 0, 0.5, 0.4, 0.47, 0.76, 0.56, 0.47, 0.47, 0.56, 0.56, 0.44, 0.66, 0.46, 0.63, 0.06, 0.68, 99, 99, 99]
--- num:  29
list:  [0.56, 0.56, 1, 1, 0.97, 0.97, 0.16199999999999998, 0.16199999999999998, 0.38, 0.38, 0.34, 0.38, 0, 0, 0.5, 0.39, 0.48, 0.76, 0.56, 0.48, 0.48, 0.56, 0.56, 0.46, 0.63, 0.48, 0.59, 0.06, 0.88, 99, 99, 99]
--- num:  29
list:  [0.56, 0.56, 1, 1, 0.97, 0.97, 0.16199999999999998, 0.16199999999999998, 0.39, 0.39, 0.27, 0.45, 0, 0, 0.5, 0.38, 0.51, 0.75, 0.56, 0.51, 0.51, 0.56, 0.56, 0.38, 0.79, 0.41, 0.73, 0.06, 1, 99, 99, 99]
--- num:  29
list:  [0.57, 0.57, 1, 1, 0.97, 0.97, 0.16199999999999998, 0.16199999999999998, 0.4, 0.4, 0.25, 0.47, 0, 0, 0.5, 0.37, 0.52, 0.74, 0.56, 0.52, 0.52, 0.56, 0.56, 0.39, 0.77, 0.41, 0.71, 0.06, 1, 99, 99, 99]
--- num:  29
list:  [0.56, 0.56, 1, 1, 0.97, 0.97, 0.16199999999999998, 0.16199999999999998, 0.4, 0.4, 0.18, 0.55, 0, 0, 0.5, 0.36, 0.535, 0.73, 0.56, 0.52, 0.55, 0.56, 0.56, 0.33, 0.87, 0.36, 0.81, 0.06, 1, 99, 99, 99]
--- num:  29
list:  [0.56, 0.56, 1, 1, 0.97, 0.97, 0.16199999999999998, 0.16199999999999998, 0.39, 0.39, 0.18, 0.54, 0, 0, 0.5, 0.36, 0.53, 0.73, 0.56, 0.52, 0.54, 0.56, 0.56, 0.35, 0.84, 0.38, 0.78, 0.05, 1, 99, 99, 99]
--- num:  29
list:  [0.57, 0.57, 1, 1, 0.97, 0.97, 0.16199999999999998, 0.16199999999999998, 0.32, 0.32, 0.28, 0.44, 0, 0.02999999999999986, 0.75, 0.36, 0.45499999999999996, 0.74, 0.56, 0.44, 0.47, 0.56, 0.56, 0.54, 0.47, 0.57, 0.44, 0.07, 1, 99, 99, 99]
--- num:  29
list:  [0.56, 0.56, 1, 1, 0.98, 0.98, 0.16199999999999998, 0.16199999999999998, 0.38, 0.38, 0.41, 0.31, 0, 0, 0.5, 0.37, 0.45499999999999996, 0.74, 0.56, 0.45, 0.45999999999999996, 0.56, 0.56, 0.45, 0.64, 0.47, 0.61, 0.07, 0.89, 99, 99, 99]
--- num:  29
list:  [0.56, 0.56, 1, 1, 0.98, 0.98, 0.16199999999999998, 0.16199999999999998, 0.38, 0.38, 0.51, 0.21, 0, 0, 0.5, 0.38, 0.49, 0.75, 0.56, 0.5, 0.48, 0.56, 0.56, 0.44, 0.67, 0.44, 0.67, 0.07, 0.52, 99, 99, 99]
--- num:  29
list:  [0.56, 0.56, 1, 1, 0.98, 0.98, 0.16199999999999998, 0.16199999999999998, 0.38, 0.38, 0.51, 0.21, 0, 0, 0.5, 0.39, 0.495, 0.75, 0.56, 0.5, 0.49, 0.56, 0.56, 0.44, 0.66, 0.44, 0.66, 0.07, 0.45, 99, 99, 99]
--- num:  29
list:  [0.56, 0.56, 1, 1, 0.98, 0.98, 0.16199999999999998, 0.16199999999999998, 0.37, 0.37, 0.43, 0.3, 0, 0, 0.5, 0.39, 0.49, 0.75, 0.56, 0.49, 0.49, 0.56, 0.56, 0.44, 0.67, 0.45, 0.65, 0.07, 0.68, 99, 99, 99]
--- num:  29
list:  [0.56, 0.56, 1, 1, 0.98, 0.98, 0.16199999999999998, 0.16199999999999998, 0.36, 0.36, 0.3, 0.42, 0, 0, 0.5, 0.38, 0.495, 0.75, 0.56, 0.49, 0.5, 0.56, 0.56, 0.46, 0.63, 0.47, 0.6, 0.07, 0.91, 99, 99, 99]
--- num:  29
list:  [0.57, 0.57, 1, 1, 0.97, 0.97, 0.16199999999999998, 0.16199999999999998, 0.36, 0.36, 0.22, 0.51, 0, 0, 0.5, 0.37, 0.53, 0.74, 0.56, 0.52, 0.54, 0.56, 0.56, 0.43, 0.68, 0.46, 0.62, 0.06, 1, 99, 99, 99]
--- num:  29
list:  [0.57, 0.57, 1, 1, 0.97, 0.97, 0.16199999999999998, 0.16199999999999998, 0.35, 0.35, 0.18, 0.54, 0, 0, 0.5, 0.37, 0.525, 0.74, 0.56, 0.5, 0.55, 0.56, 0.56, 0.44, 0.66, 0.45, 0.64, 0.06, 1, 99, 99, 99]
--- num:  29
list:  [0.57, 0.57, 1, 1, 0.97, 0.97, 0.16199999999999998, 0.16199999999999998, 0.35, 0.35, 0.18, 0.55, 0, 0, 0.5, 0.36, 0.525, 0.74, 0.56, 0.5, 0.55, 0.56, 0.56, 0.45, 0.65, 0.47, 0.61, 0.06, 1, 99, 99, 99]
--- num:  29
list:  [0.57, 0.57, 1, 1, 0.97, 0.97, 0.16199999999999998, 0.16199999999999998, 0.35, 0.35, 0.17, 0.55, 0, 0, 0.5, 0.36, 0.515, 0.73, 0.56, 0.5, 0.53, 0.56, 0.56, 0.42, 0.7, 0.44, 0.66, 0.05, 1, 99, 99, 99]
--- num:  29
list:  [0.57, 0.57, 1, 1, 0.97, 0.97, 0.16199999999999998, 0.16199999999999998, 0.34, 0.34, 0.14, 0.59, 0, 0, 0.5, 0.36, 0.49, 0.73, 0.56, 0.47, 0.51, 0.56, 0.56, 0.44, 0.65, 0.47, 0.61, 0.05, 1, 99, 99, 99]
--- num:  29
list:  [0.56, 0.56, 1, 1, 0.97, 0.97, 0.16199999999999998, 0.16199999999999998, 0.34, 0.34, 0.12, 0.6, 0, 0, 0.5, 0.35, 0.475, 0.73, 0.56, 0.45, 0.5, 0.56, 0.56, 0.44, 0.66, 0.46, 0.62, 0.05, 1, 99, 99, 99]
--- num:  29
list:  [0.56, 0.56, 1, 1, 0.98, 0.98, 0.16199999999999998, 0.16199999999999998, 0.33, 0.33, 0.11, 0.62, 0, 0, 0.5, 0.35, 0.48, 0.72, 0.56, 0.45, 0.51, 0.56, 0.56, 0.44, 0.66, 0.46, 0.63, 0.05, 1, 99, 99, 99]
--- num:  29
list:  [0.56, 0.56, 1, 1, 0.98, 0.98, 0.16199999999999998, 0.16199999999999998, 0.32, 0.32, 0.09, 0.64, 0, 0, 0.5, 0.34, 0.485, 0.72, 0.56, 0.45999999999999996, 0.51, 0.56, 0.56, 0.49, 0.57, 0.51, 0.53, 0.05, 1, 99, 99, 99]
--- num:  29
list:  [0.57, 0.57, 1, 1, 0.97, 0.97, 0.16199999999999998, 0.16199999999999998, 0.27, 0.27, 0.08, 0.65, 0, 0, 0.5, 0.35, 0.49, 0.73, 0.56, 0.45999999999999996, 0.52, 0.56, 0.56, 0.52, 0.51, 0.55, 0.46, 0.05, 1, 99, 99, 99]
--- num:  29
list:  [0.57, 0.57, 1, 1, 0.97, 0.97, 0.16199999999999998, 0.16199999999999998, 0.32, 0.32, 0.13, 0.59, 0, 0, 0.5, 0.36, 0.455, 0.73, 0.56, 0.42000000000000004, 0.49, 0.56, 0.56, 0.51, 0.53, 0.53, 0.49, 0.05, 1, 99, 99, 99]
--- num:  29
list:  [0.57, 0.57, 1, 1, 0.97, 0.97, 0.16199999999999998, 0.16199999999999998, 0.32, 0.32, 0.23, 0.49, 0, 0, 0.5, 0.36, 0.5, 0.73, 0.56, 0.47, 0.53, 0.56, 0.56, 0.53, 0.49, 0.54, 0.47, 0.05, 1, 99, 99, 99]
--- num:  29
list:  [0.57, 0.57, 1, 1, 0.97, 0.97, 0.16199999999999998, 0.16199999999999998, 0.31, 0.31, 0.35, 0.37, 0.08999999999999991, 0.11999999999999994, 0.5, 0.36, 0.47, 0.73, 0.56, 0.45999999999999996, 0.48, 0.56, 0.56, 0.61, 0.42, 0.63, 0.42, 0.06, 1, 99, 99, 99]
--- num:  29
list:  [0.56, 0.56, 1, 1, 0.97, 0.97, 0.16199999999999998, 0.16199999999999998, 0.3, 0.3, 0.45, 0.28, 0.08999999999999991, 0.08999999999999991, 0.5, 0.36, 0.495, 0.73, 0.56, 0.49, 0.5, 0.56, 0.56, 0.61, 0.42, 0.61, 0.42, 0.07, 0.67, 99, 99, 99]
--- num:  29
list:  [0.56, 0.56, 1, 1, 0.97, 0.97, 0.16199999999999998, 0.16199999999999998, 0.29, 0.29, 0.49, 0.24, 0.08999999999999991, 0.0749999999999999, 0.5, 0.36, 0.485, 0.74, 0.56, 0.49, 0.48, 0.56, 0.56, 0.61, 0.43, 0.6, 0.43, 0.06, 0.47, 99, 99, 99]
--- num:  29
list:  [0.56, 0.56, 1, 1, 0.97, 0.97, 0.16199999999999998, 0.16199999999999998, 0.29, 0.29, 0.51, 0.22, 0.13499999999999995, 0.11999999999999994, 0.5, 0.37, 0.475, 0.74, 0.56, 0.48, 0.47, 0.56, 0.56, 0.64, 0.41, 0.63, 0.42, 0.06, 0.37, 99, 99, 99]
--- num:  29
list:  [0.57, 0.57, 1, 1, 0.97, 0.97, 0.2617294895648956, 0.26134039044380186, 0.22, 0.22, 0.52, 0.2, 0.18, 0.16499999999999998, 0.5, 0.37, 0.45999999999999996, 0.74, 0.56, 0.47, 0.45, 0.56, 0.56, 0.67, 0.4, 0.66, 0.4, 0.06, 0.3, 99, 99, 99]
--- num:  29
list:  [0.58, 0.58, 1, 1, 0.96, 0.96, 0.16199999999999998, 0.16199999999999998, 0.26, 0.26, 0.53, 0.19, 0.14999999999999997, 0.13499999999999995, 0.5, 0.37, 0.47, 0.74, 0.56, 0.48, 0.45999999999999996, 0.56, 0.56, 0.65, 0.4, 0.64, 0.41, 0.06, 0.24, 99, 99, 99]
--- num:  29
list:  [0.58, 0.58, 1, 1, 0.96, 0.96, 0.16199999999999998, 0.16199999999999998, 0.28, 0.28, 0.56, 0.17, 0.04499999999999987, 0.02999999999999986, 0.5, 0.38, 0.48, 0.75, 0.56, 0.49, 0.47, 0.56, 0.56, 0.58, 0.44, 0.57, 0.44, 0.06, 0.22, 99, 99, 99]
--- num:  29
list:  [0.57, 0.57, 1, 1, 0.96, 0.96, 0.16199999999999998, 0.16199999999999998, 0.29, 0.29, 0.61, 0.12, 0.0749999999999999, 0.05999999999999989, 0.5, 0.39, 0.525, 0.75, 0.56, 0.54, 0.51, 0.56, 0.56, 0.6, 0.43, 0.59, 0.43, 0.06, 0.22, 99, 99, 99]
--- num:  29
list:  [0.57, 0.57, 1, 1, 0.97, 0.97, 0.16199999999999998, 0.16199999999999998, 0.31, 0.31, 0.62, 0.11, 0, 0, 0.5, 0.38, 0.55, 0.75, 0.56, 0.56, 0.54, 0.56, 0.56, 0.51, 0.53, 0.5, 0.55, 0.06, 0.23, 99, 99, 99]
--- num:  29
list:  [0.57, 0.57, 1, 1, 0.97, 0.97, 0.18321521162986754, 0.18290976762771605, 0.27, 0.27, 0.62, 0.11, 0, 0, 0.5, 0.38, 0.56, 0.75, 0.56, 0.5700000000000001, 0.55, 0.56, 0.56, 0.53, 0.49, 0.51, 0.52, 0.06, 0.18, 99, 99, 99]
--- num:  29
list:  [0.56, 0.56, 1, 1, 0.97, 0.97, 0.16199999999999998, 0.16199999999999998, 0.34, 0.34, 0.62, 0.1, 0, 0, 0.5, 0.38, 0.5650000000000001, 0.75, 0.56, 0.5800000000000001, 0.55, 0.56, 0.56, 0.43, 0.69, 0.41, 0.72, 0.06, 0.14, 99, 99, 99]
--- num:  29
list:  [0.56, 0.56, 1, 1, 0.98, 0.98, 0.16199999999999998, 0.16199999999999998, 0.38, 0.38, 0.64, 0.09, 0, 0, 0.5, 0.39, 0.625, 0.75, 0.56, 0.64, 0.61, 0.56, 0.56, 0.33, 0.87, 0.32, 0.89, 0.06, 0.14, 99, 99, 99]
--- num:  29
list:  [0.56, 0.56, 1, 1, 0.98, 0.98, 0.16199999999999998, 0.16199999999999998, 0.4, 0.4, 0.64, 0.09, 0, 0, 0.5, 0.38, 0.64, 0.75, 0.56, 0.65, 0.63, 0.56, 0.56, 0.33, 0.87, 0.32, 0.89, 0.06, 0.13, 99, 99, 99]
--- num:  29
list:  [0.56, 0.56, 1, 1, 0.98, 0.98, 0.16199999999999998, 0.16199999999999998, 0.42, 0.42, 0.64, 0.09, 0, 0, 0.5, 0.38, 0.6599999999999999, 0.75, 0.56, 0.6699999999999999, 0.65, 0.56, 0.56, 0.32, 0.89, 0.31, 0.91, 0.06, 0.12, 99, 99, 99]
--- num:  29
list:  [0.56, 0.56, 1, 1, 0.98, 0.98, 0.16199999999999998, 0.16199999999999998, 0.43, 0.43, 0.63, 0.1, 0, 0, 0.5, 0.38, 0.6599999999999999, 0.75, 0.56, 0.6699999999999999, 0.65, 0.56, 0.56, 0.34, 0.85, 0.34, 0.86, 0.06, 0.11, 99, 99, 99]
--- num:  29
list:  [0.56, 0.56, 1, 1, 0.98, 0.98, 0.16199999999999998, 0.16199999999999998, 0.43, 0.43, 0.62, 0.1, 0, 0, 0.5, 0.38, 0.6699999999999999, 0.75, 0.56, 0.6799999999999999, 0.6599999999999999, 0.56, 0.56, 0.35, 0.84, 0.34, 0.85, 0.06, 0.11, 99, 99, 99]
--- num:  29
list:  [0.56, 0.56, 1, 1, 0.98, 0.98, 0.16199999999999998, 0.16199999999999998, 0.46, 0.46, 0.61, 0.12, 0, 0, 0.5, 0.38, 0.6599999999999999, 0.75, 0.56, 0.6699999999999999, 0.65, 0.56, 0.56, 0.36, 0.82, 0.36, 0.83, 0.05, 0.11, 99, 99, 99]
--- num:  29
list:  [0.56, 0.56, 1, 1, 0.98, 0.98, 0.16199999999999998, 0.16199999999999998, 0.41, 0.41, 0.58, 0.14, 0, 0, 0.75, 0.38, 0.6649999999999999, 0.74, 0.56, 0.6699999999999999, 0.6599999999999999, 0.56, 0.56, 0.45, 0.65, 0.44, 0.66, 0.05, 0.12, 99, 99, 99]
--- num:  29
list:  [0.56, 0.56, 1, 1, 0.97, 0.97, 0.16199999999999998, 0.16199999999999998, 0.46, 0.46, 0.58, 0.14, 0, 0, 0.5, 0.38, 0.6799999999999999, 0.74, 0.56, 0.69, 0.6699999999999999, 0.56, 0.56, 0.37, 0.8, 0.37, 0.8, 0.04, 0.11, 99, 99, 99]
--- num:  29
list:  [0.56, 0.56, 1, 1, 0.98, 0.98, 0.16199999999999998, 0.16199999999999998, 0.48, 0.48, 0.57, 0.16, 0, 0, 0.5, 0.37, 0.6799999999999999, 0.74, 0.56, 0.69, 0.6699999999999999, 0.56, 0.56, 0.34, 0.86, 0.34, 0.85, 0.04, 0.13, 99, 99, 99]
--- num:  29
list:  [0.56, 0.56, 1, 1, 0.98, 0.98, 0.16199999999999998, 0.16199999999999998, 0.46, 0.46, 0.52, 0.2, 0, 0, 0.5, 0.37, 0.71, 0.74, 0.56, 0.72, 0.7, 0.56, 0.56, 0.31, 0.92, 0.31, 0.92, 0.04, 0.51, 99, 99, 99]
--- num:  29
list:  [0.56, 0.56, 1, 1, 0.98, 0.98, 0.16199999999999998, 0.16199999999999998, 0.43, 0.43, 0.46, 0.26, 0, 0, 0.5, 0.37, 0.6749999999999999, 0.74, 0.56, 0.69, 0.6599999999999999, 0.56, 0.56, 0.35, 0.85, 0.37, 0.81, 0.04, 0.56, 99, 99, 99]
--- num:  29
list:  [0.56, 0.56, 1, 1, 0.98, 0.98, 0.16199999999999998, 0.16199999999999998, 0.41, 0.41, 0.41, 0.31, 0, 0, 0.5, 0.37, 0.6699999999999999, 0.74, 0.56, 0.6799999999999999, 0.6599999999999999, 0.56, 0.56, 0.36, 0.82, 0.39, 0.76, 0.04, 0.88, 99, 99, 99]
--- num:  29
list:  [0.56, 0.56, 1, 1, 0.98, 0.98, 0.16199999999999998, 0.16199999999999998, 0.41, 0.41, 0.4, 0.32, 0, 0, 0.5, 0.37, 0.655, 0.74, 0.56, 0.6599999999999999, 0.65, 0.56, 0.56, 0.38, 0.78, 0.41, 0.72, 0.05, 0.98, 99, 99, 99]
--- num:  29
list:  [0.56, 0.56, 1, 1, 0.98, 0.98, 0.16199999999999998, 0.16199999999999998, 0.41, 0.41, 0.44, 0.29, 0, 0, 0.5, 0.37, 0.645, 0.74, 0.56, 0.65, 0.64, 0.56, 0.56, 0.4, 0.75, 0.42, 0.7, 0.05, 0.93, 99, 99, 99]
--- num:  29
list:  [0.57, 0.57, 1, 1, 0.97, 0.97, 0.23899654626846312, 0.23903829932212828, 0.27, 0.27, 0.5, 0.22, 0.10499999999999993, 0.0749999999999999, 0.5, 0.37, 0.56, 0.74, 0.56, 0.5700000000000001, 0.55, 0.56, 0.56, 0.62, 0.42, 0.6, 0.43, 0.05, 0.21, 99, 99, 99]
--- num:  29
list:  [0.56, 0.56, 1, 1, 0.97, 0.97, 0.16199999999999998, 0.16199999999999998, 0.38, 0.38, 0.6, 0.13, 0, 0, 0.5, 0.37, 0.645, 0.74, 0.56, 0.6599999999999999, 0.63, 0.56, 0.56, 0.42, 0.7, 0.42, 0.71, 0.05, 0.12, 99, 99, 99]
--- num:  29
list:  [0.56, 0.56, 1, 1, 0.98, 0.98, 0.16199999999999998, 0.16199999999999998, 0.39, 0.39, 0.6, 0.12, 0, 0, 0.5, 0.37, 0.62, 0.74, 0.56, 0.63, 0.61, 0.56, 0.56, 0.42, 0.7, 0.42, 0.71, 0.05, 0.11, 99, 99, 99]
--- num:  29
list:  [0.56, 0.56, 1, 1, 0.98, 0.98, 0.16199999999999998, 0.16199999999999998, 0.39, 0.39, 0.56, 0.17, 0, 0, 0.5, 0.37, 0.605, 0.74, 0.56, 0.62, 0.5900000000000001, 0.56, 0.56, 0.42, 0.7, 0.43, 0.69, 0.06, 0.23, 99, 99, 99]
--- num:  29
list:  [0.56, 0.56, 1, 1, 0.97, 0.97, 0.16199999999999998, 0.16199999999999998, 0.37, 0.37, 0.46, 0.26, 0, 0, 0.5, 0.37, 0.62, 0.74, 0.56, 0.63, 0.61, 0.56, 0.56, 0.45, 0.64, 0.47, 0.61, 0.05, 0.48, 99, 99, 99]
--- num:  29
list:  [0.56, 0.56, 1, 1, 0.97, 0.97, 0.16199999999999998, 0.16199999999999998, 0.37, 0.37, 0.38, 0.34, 0, 0, 0.5, 0.38, 0.625, 0.75, 0.56, 0.63, 0.62, 0.56, 0.56, 0.44, 0.66, 0.47, 0.61, 0.05, 0.82, 99, 99, 99]
--- num:  29
list:  [0.56, 0.56, 1, 1, 0.97, 0.97, 0.16199999999999998, 0.16199999999999998, 0.37, 0.37, 0.32, 0.4, 0, 0, 0.5, 0.38, 0.6, 0.74, 0.56, 0.6, 0.6, 0.56, 0.56, 0.46, 0.63, 0.49, 0.57, 0.05, 1, 99, 99, 99]
--- num:  29
list:  [0.56, 0.56, 1, 1, 0.97, 0.97, 0.16199999999999998, 0.16199999999999998, 0.36, 0.36, 0.3, 0.42, 0, 0, 0.5, 0.38, 0.6, 0.74, 0.56, 0.6, 0.6, 0.56, 0.56, 0.44, 0.66, 0.47, 0.6, 0.05, 1, 99, 99, 99]
--- num:  29
list:  [0.56, 0.56, 1, 1, 0.97, 0.97, 0.16199999999999998, 0.16199999999999998, 0.36, 0.36, 0.29, 0.43, 0, 0, 0.5, 0.38, 0.5900000000000001, 0.75, 0.56, 0.5900000000000001, 0.5900000000000001, 0.56, 0.56, 0.45, 0.65, 0.48, 0.58, 0.05, 1, 99, 99, 99]
--- num:  29
list:  [0.56, 0.56, 1, 1, 0.97, 0.97, 0.16199999999999998, 0.16199999999999998, 0.36, 0.36, 0.34, 0.38, 0, 0, 0.5, 0.39, 0.5800000000000001, 0.76, 0.56, 0.5800000000000001, 0.5800000000000001, 0.56, 0.56, 0.47, 0.6, 0.51, 0.53, 0.05, 1, 99, 99, 99]
--- num:  29
list:  [0.59, 0.59, 1, 1, 0.95, 0.95, 0.9533861088752746, 0.9533821749687195, 0.27, 0.27, 0.4, 0.33, 0.20999999999999985, 0.2549999999999999, 0.5, 0.4, 0.505, 0.76, 0.56, 0.52, 0.49, 0.56, 0.56, 0.69, 0.39, 0.72, 0.37, 0.05, 0.49, 99, 99, 99]
--- num:  29
list:  [0.59, 0.59, 1, 1, 0.95, 0.95, 0.4940050649642944, 0.49382064819335936, 0.18, 0.18, 0.43, 0.3, 0.22499999999999987, 0.2549999999999999, 0.5, 0.38, 0.5650000000000001, 0.75, 0.56, 0.5700000000000001, 0.56, 0.56, 0.56, 0.7, 0.38, 0.72, 0.37, 0.05, 0.31, 99, 99, 99]
--- num:  29
list:  [0.57, 0.57, 1, 1, 0.97, 0.97, 0.16199999999999998, 0.16199999999999998, 0.33, 0.33, 0.54, 0.19, 0.04499999999999987, 0.02999999999999986, 0.5, 0.37, 0.5800000000000001, 0.74, 0.56, 0.5900000000000001, 0.5700000000000001, 0.56, 0.56, 0.58, 0.44, 0.57, 0.44, 0.05, 0.22, 99, 99, 99]
--- num:  29
list:  [0.56, 0.56, 1, 1, 0.97, 0.97, 0.16199999999999998, 0.16199999999999998, 0.34, 0.34, 0.59, 0.13, 0, 0, 0.5, 0.37, 0.61, 0.74, 0.56, 0.62, 0.6, 0.56, 0.56, 0.48, 0.58, 0.48, 0.58, 0.05, 0.22, 99, 99, 99]
--- num:  29
list:  [0.56, 0.56, 1, 1, 0.97, 0.97, 0.25857568860054014, 0.25834197878837584, 0.25, 0.25, 0.56, 0.17, 0, 0, 0.5, 0.38, 0.61, 0.75, 0.56, 0.62, 0.6, 0.56, 0.56, 0.54, 0.47, 0.53, 0.49, 0.06, 0.15, 99, 99, 99]
--- num:  29
list:  [0.59, 0.59, 1, 1, 0.95, 0.95, 0.9418809223175049, 0.9418798494338989, 0.26, 0.26, 0.48, 0.24, 0.16499999999999998, 0.18, 0.5, 0.39, 0.54, 0.76, 0.56, 0.55, 0.53, 0.56, 0.56, 0.66, 0.4, 0.67, 0.4, 0.06, 0.17, 99, 99, 99]
--- num:  29
list:  [0.58, 0.58, 1, 1, 0.96, 0.96, 0.16199999999999998, 0.16199999999999998, 0.31, 0.31, 0.42, 0.3, 0.015000000000000013, 0.05999999999999989, 0.5, 0.38, 0.6000000000000001, 0.75, 0.56, 0.61, 0.5900000000000001, 0.56, 0.56, 0.56, 0.44, 0.59, 0.43, 0.05, 0.38, 99, 99, 99]
--- num:  29
list:  [0.57, 0.57, 1, 1, 0.97, 0.97, 0.16199999999999998, 0.16199999999999998, 0.35, 0.35, 0.33, 0.39, 0, 0.015000000000000013, 0.5, 0.37, 0.5800000000000001, 0.74, 0.56, 0.5900000000000001, 0.5700000000000001, 0.56, 0.56, 0.53, 0.48, 0.56, 0.45, 0.05, 0.74, 99, 99, 99]
--- num:  29
list:  [0.57, 0.57, 1, 1, 0.97, 0.97, 0.16199999999999998, 0.16199999999999998, 0.36, 0.36, 0.29, 0.43, 0, 0, 0.5, 0.37, 0.5850000000000001, 0.74, 0.56, 0.5900000000000001, 0.5800000000000001, 0.56, 0.56, 0.5, 0.55, 0.53, 0.49, 0.05, 0.96, 99, 99, 99]
--- num:  29
list:  [0.56, 0.56, 1, 1, 0.97, 0.97, 0.16199999999999998, 0.16199999999999998, 0.36, 0.36, 0.27, 0.45, 0, 0, 0.5, 0.36, 0.595, 0.74, 0.56, 0.6, 0.5900000000000001, 0.56, 0.56, 0.49, 0.57, 0.52, 0.5, 0.05, 0.98, 99, 99, 99]
--- num:  29
list:  [0.56, 0.56, 1, 1, 0.97, 0.97, 0.16199999999999998, 0.16199999999999998, 0.36, 0.36, 0.28, 0.44, 0, 0, 0.5, 0.36, 0.595, 0.74, 0.56, 0.6, 0.5900000000000001, 0.56, 0.56, 0.47, 0.61, 0.51, 0.53, 0.05, 1, 99, 99, 99]
--- num:  29
list:  [0.57, 0.57, 1, 1, 0.97, 0.97, 0.16199999999999998, 0.16199999999999998, 0.36, 0.36, 0.34, 0.38, 0, 0, 0.5, 0.37, 0.5700000000000001, 0.74, 0.56, 0.5800000000000001, 0.56, 0.56, 0.56, 0.51, 0.52, 0.54, 0.46, 0.05, 0.93, 99, 99, 99]
--- num:  29
list:  [0.56, 0.56, 1, 1, 0.97, 0.97, 0.16199999999999998, 0.16199999999999998, 0.36, 0.36, 0.41, 0.31, 0, 0, 0.5, 0.38, 0.56, 0.74, 0.56, 0.5700000000000001, 0.55, 0.56, 0.56, 0.5, 0.55, 0.53, 0.5, 0.05, 0.85, 99, 99, 99]
--- num:  29
list:  [0.56, 0.56, 1, 1, 0.98, 0.98, 0.16199999999999998, 0.16199999999999998, 0.37, 0.37, 0.44, 0.28, 0, 0, 0.5, 0.38, 0.55, 0.75, 0.56, 0.56, 0.54, 0.56, 0.56, 0.49, 0.57, 0.51, 0.52, 0.05, 0.75, 99, 99, 99]
--- num:  29
list:  [0.56, 0.56, 1, 1, 0.98, 0.98, 0.16199999999999998, 0.16199999999999998, 0.36, 0.36, 0.42, 0.3, 0, 0, 0.5, 0.38, 0.555, 0.75, 0.56, 0.5700000000000001, 0.54, 0.56, 0.56, 0.47, 0.61, 0.5, 0.55, 0.05, 0.78, 99, 99, 99]
--- num:  29
list:  [0.56, 0.56, 1, 1, 0.98, 0.98, 0.16199999999999998, 0.16199999999999998, 0.38, 0.38, 0.29, 0.43, 0, 0, 0.5, 0.38, 0.5900000000000001, 0.75, 0.56, 0.5900000000000001, 0.5900000000000001, 0.56, 0.56, 0.41, 0.72, 0.45, 0.65, 0.05, 1, 99, 99, 99]
--- num:  29
list:  [0.56, 0.56, 1, 1, 0.98, 0.98, 0.16199999999999998, 0.16199999999999998, 0.38, 0.38, 0.23, 0.49, 0, 0, 0.5, 0.37, 0.5900000000000001, 0.74, 0.56, 0.5900000000000001, 0.5900000000000001, 0.56, 0.56, 0.42, 0.7, 0.46, 0.62, 0.05, 1, 99, 99, 99]
--- num:  29
list:  [0.56, 0.56, 1, 1, 0.98, 0.98, 0.16199999999999998, 0.16199999999999998, 0.37, 0.37, 0.22, 0.5, 0, 0, 0.5, 0.36, 0.6000000000000001, 0.73, 0.56, 0.5900000000000001, 0.61, 0.56, 0.56, 0.41, 0.73, 0.45, 0.65, 0.05, 1, 99, 99, 99]
--- num:  29
list:  [0.56, 0.56, 1, 1, 0.98, 0.98, 0.16199999999999998, 0.16199999999999998, 0.37, 0.37, 0.21, 0.51, 0, 0, 0.5, 0.36, 0.6000000000000001, 0.73, 0.56, 0.5900000000000001, 0.61, 0.56, 0.56, 0.42, 0.7, 0.46, 0.63, 0.05, 1, 99, 99, 99]
--- num:  29
list:  [0.56, 0.56, 1, 1, 0.98, 0.98, 0.16199999999999998, 0.16199999999999998, 0.37, 0.37, 0.2, 0.53, 0, 0, 0.5, 0.36, 0.6000000000000001, 0.73, 0.56, 0.5900000000000001, 0.61, 0.56, 0.56, 0.42, 0.7, 0.45, 0.64, 0.05, 1, 99, 99, 99]
--- num:  29
list:  [0.56, 0.56, 1, 1, 0.97, 0.97, 0.2113456982374191, 0.20991414368152617, 0.29, 0.29, 0.2, 0.53, 0, 0.0749999999999999, 0.5, 0.36, 0.5800000000000001, 0.73, 0.56, 0.5700000000000001, 0.5900000000000001, 0.56, 0.56, 0.53, 0.49, 0.6, 0.43, 0.05, 1, 99, 99, 99]
--- num:  29
list:  [0.57, 0.57, 1, 1, 0.97, 0.97, 0.16199999999999998, 0.16199999999999998, 0.35, 0.35, 0.18, 0.55, 0, 0, 0.5, 0.35, 0.5750000000000001, 0.73, 0.56, 0.56, 0.5900000000000001, 0.56, 0.56, 0.5, 0.55, 0.54, 0.48, 0.05, 1, 99, 99, 99]
--- num:  29
list:  [0.57, 0.57, 1, 1, 0.97, 0.97, 0.16199999999999998, 0.16199999999999998, 0.35, 0.35, 0.13, 0.6, 0, 0, 0.5, 0.35, 0.53, 0.73, 0.56, 0.51, 0.55, 0.56, 0.56, 0.45, 0.65, 0.48, 0.59, 0.05, 1, 99, 99, 99]
--- num:  29
list:  [0.56, 0.56, 1, 1, 0.97, 0.97, 0.16199999999999998, 0.16199999999999998, 0.35, 0.35, 0.1, 0.62, 0, 0, 0.5, 0.35, 0.51, 0.73, 0.56, 0.49, 0.53, 0.56, 0.56, 0.45, 0.65, 0.48, 0.58, 0.05, 1, 99, 99, 99]
--- num:  29
list:  [0.56, 0.56, 1, 1, 0.97, 0.97, 0.16199999999999998, 0.16199999999999998, 0.35, 0.35, 0.13, 0.59, 0, 0, 0.5, 0.35, 0.555, 0.73, 0.56, 0.54, 0.5700000000000001, 0.56, 0.56, 0.44, 0.67, 0.47, 0.61, 0.05, 1, 99, 99, 99]
--- num:  29
list:  [0.57, 0.57, 1, 1, 0.97, 0.97, 0.16199999999999998, 0.16199999999999998, 0.34, 0.34, 0.25, 0.48, 0, 0, 0.5, 0.36, 0.5650000000000001, 0.73, 0.56, 0.55, 0.5800000000000001, 0.56, 0.56, 0.49, 0.57, 0.51, 0.53, 0.05, 1, 99, 99, 99]
--- num:  29
list:  [0.57, 0.57, 1, 1, 0.96, 0.96, 0.16199999999999998, 0.16199999999999998, 0.36, 0.36, 0.09, 0.65, 0.13499999999999995, 0.18, 0.5, 0.36, 0.545, 0.73, 0.56, 0.54, 0.55, 0.56, 0.56, 0.64, 0.41, 0.67, 0.39, 0.05, 0.92, 99, 99, 99]
--- num:  29
list:  [0.57, 0.57, 1, 1, 0.96, 0.96, 0.16199999999999998, 0.16199999999999998, 0.44, 0.44, 0.16, 0.57, 0.16499999999999998, 0.22499999999999987, 0.5, 0.37, 0.5900000000000001, 0.74, 0.56, 0.6, 0.5800000000000001, 0.56, 0.56, 0.66, 0.4, 0.7, 0.39, 0.06, 0.84, 99, 99, 99]
--- num:  29
list:  [0.57, 0.57, 1, 1, 0.97, 0.97, 0.16199999999999998, 0.16199999999999998, 0.44, 0.44, 0.24, 0.49, 0.10499999999999993, 0.13499999999999995, 0.5, 0.38, 0.6499999999999999, 0.75, 0.56, 0.6599999999999999, 0.64, 0.56, 0.56, 0.62, 0.42, 0.64, 0.41, 0.06, 0.61, 99, 99, 99]
--- num:  29
list:  [0.57, 0.57, 1, 1, 0.97, 0.97, 0.16199999999999998, 0.16199999999999998, 0.43, 0.43, 0.3, 0.42, 0, 0, 0.5, 0.39, 0.655, 0.75, 0.56, 0.6599999999999999, 0.65, 0.56, 0.56, 0.55, 0.45, 0.55, 0.45, 0.06, 0.52, 99, 99, 99]
--- num:  29
list:  [0.57, 0.57, 1, 1, 0.97, 0.97, 0.16199999999999998, 0.16199999999999998, 0.42, 0.42, 0.41, 0.31, 0, 0, 0.5, 0.39, 0.7, 0.76, 0.56, 0.71, 0.69, 0.56, 0.56, 0.44, 0.66, 0.43, 0.69, 0.07, 0.38, 99, 99, 99]
--- num:  29
list:  [0.57, 0.57, 1, 1, 0.97, 0.97, 0.16199999999999998, 0.16199999999999998, 0.37, 0.37, 0.47, 0.26, 0, 0, 0.5, 0.39, 0.6849999999999999, 0.76, 0.56, 0.7, 0.6699999999999999, 0.56, 0.56, 0.47, 0.61, 0.45, 0.65, 0.07, 0.19, 99, 99, 99]
--- num:  29
list:  [0.56, 0.56, 1, 1, 0.97, 0.97, 0.16199999999999998, 0.16199999999999998, 0.26, 0.26, 0.66, 0.07, 0, 0, 0.5, 0.4, 0.6499999999999999, 0.77, 0.56, 0.6699999999999999, 0.63, 0.56, 0.56, 0.5, 0.54, 0.49, 0.57, 0.06, 0.12, 99, 99, 99]
--- num:  29
list:  [0.56, 0.56, 1, 1, 0.97, 0.97, 0.16199999999999998, 0.16199999999999998, 0.33, 0.33, 0.6, 0.13, 0, 0, 0.5, 0.38, 0.62, 0.75, 0.56, 0.63, 0.61, 0.56, 0.56, 0.52, 0.5, 0.52, 0.5, 0.05, 0.14, 99, 99, 99]
--- num:  29
list:  [0.57, 0.57, 1, 1, 0.97, 0.97, 0.16199999999999998, 0.16199999999999998, 0.34, 0.34, 0.47, 0.25, 0, 0, 0.5, 0.37, 0.605, 0.74, 0.56, 0.61, 0.6, 0.56, 0.56, 0.48, 0.58, 0.49, 0.56, 0.05, 0.46, 99, 99, 99]
--- num:  29
list:  [0.57, 0.57, 1, 1, 0.97, 0.97, 0.16199999999999998, 0.16199999999999998, 0.34, 0.34, 0.39, 0.33, 0, 0, 0.5, 0.39, 0.6000000000000001, 0.76, 0.56, 0.61, 0.5900000000000001, 0.56, 0.56, 0.47, 0.61, 0.5, 0.55, 0.05, 0.64, 99, 99, 99]
--- num:  29
list:  [0.57, 0.57, 1, 1, 0.97, 0.97, 0.16199999999999998, 0.16199999999999998, 0.36, 0.36, 0.34, 0.38, 0, 0, 0.5, 0.39, 0.625, 0.76, 0.56, 0.63, 0.62, 0.56, 0.56, 0.46, 0.62, 0.49, 0.56, 0.05, 0.88, 99, 99, 99]
--- num:  29
list:  [0.57, 0.57, 1, 1, 0.97, 0.97, 0.16199999999999998, 0.16199999999999998, 0.36, 0.36, 0.34, 0.39, 0, 0, 0.5, 0.39, 0.635, 0.76, 0.56, 0.64, 0.63, 0.56, 0.56, 0.44, 0.65, 0.48, 0.59, 0.05, 0.99, 99, 99, 99]
--- num:  29
list:  [0.57, 0.57, 1, 1, 0.97, 0.97, 0.16199999999999998, 0.16199999999999998, 0.3, 0.3, 0.39, 0.33, 0, 0, 0.5, 0.39, 0.64, 0.76, 0.56, 0.65, 0.63, 0.56, 0.56, 0.52, 0.51, 0.55, 0.45, 0.05, 0.85, 99, 99, 99]
--- num:  29
list:  [0.57, 0.57, 1, 1, 0.97, 0.97, 0.16199999999999998, 0.16199999999999998, 0.33, 0.33, 0.45, 0.27, 0, 0, 0.5, 0.38, 0.6499999999999999, 0.74, 0.56, 0.6599999999999999, 0.64, 0.56, 0.56, 0.48, 0.58, 0.5, 0.54, 0.05, 0.63, 99, 99, 99]
--- num:  29
list:  [0.57, 0.57, 1, 1, 0.97, 0.97, 0.16199999999999998, 0.16199999999999998, 0.36, 0.36, 0.49, 0.23, 0, 0, 0.5, 0.37, 0.6499999999999999, 0.74, 0.56, 0.6599999999999999, 0.64, 0.56, 0.56, 0.46, 0.62, 0.48, 0.59, 0.05, 0.6, 99, 99, 99]
--- num:  29
list:  [0.57, 0.57, 1, 1, 0.97, 0.97, 0.16199999999999998, 0.16199999999999998, 0.36, 0.36, 0.47, 0.25, 0, 0, 0.5, 0.38, 0.69, 0.74, 0.56, 0.7, 0.6799999999999999, 0.56, 0.56, 0.37, 0.79, 0.39, 0.76, 0.05, 0.57, 99, 99, 99]
--- num:  29
list:  [0.57, 0.57, 1, 1, 0.97, 0.97, 0.16199999999999998, 0.16199999999999998, 0.36, 0.36, 0.4, 0.32, 0, 0, 0.5, 0.38, 0.6749999999999999, 0.75, 0.56, 0.69, 0.6599999999999999, 0.56, 0.56, 0.41, 0.72, 0.44, 0.66, 0.05, 0.74, 99, 99, 99]
--- num:  29
list:  [0.57, 0.57, 1, 1, 0.97, 0.97, 0.16199999999999998, 0.16199999999999998, 0.37, 0.37, 0.34, 0.38, 0, 0, 0.5, 0.38, 0.705, 0.75, 0.56, 0.71, 0.7, 0.56, 0.56, 0.42, 0.7, 0.46, 0.63, 0.05, 0.92, 99, 99, 99]
--- num:  29
list:  [0.57, 0.57, 1, 1, 0.97, 0.97, 0.16199999999999998, 0.16199999999999998, 0.37, 0.37, 0.33, 0.39, 0, 0, 0.5, 0.38, 0.705, 0.75, 0.56, 0.71, 0.7, 0.56, 0.56, 0.43, 0.68, 0.47, 0.61, 0.05, 1, 99, 99, 99]
--- num:  29
list:  [0.57, 0.57, 1, 1, 0.97, 0.97, 0.6372093367576599, 0.636121015548706, 0.17, 0.17, 0.35, 0.38, 0.08999999999999991, 0.20999999999999985, 0.5, 0.39, 0.645, 0.76, 0.56, 0.65, 0.64, 0.56, 0.56, 0.61, 0.42, 0.69, 0.39, 0.05, 0.78, 99, 99, 99]
--- num:  29
list:  [0.57, 0.57, 1, 1, 0.97, 0.97, 0.16199999999999998, 0.16199999999999998, 0.35, 0.35, 0.37, 0.35, 0, 0, 0.5, 0.39, 0.645, 0.76, 0.56, 0.65, 0.64, 0.56, 0.56, 0.44, 0.67, 0.47, 0.6, 0.05, 0.85, 99, 99, 99]
--- num:  29
list:  [0.57, 0.57, 1, 1, 0.97, 0.97, 0.16199999999999998, 0.16199999999999998, 0.35, 0.35, 0.42, 0.3, 0, 0, 0.5, 0.4, 0.64, 0.76, 0.56, 0.65, 0.63, 0.56, 0.56, 0.42, 0.71, 0.45, 0.65, 0.05, 0.83, 99, 99, 99]
--- num:  29
list:  [0.57, 0.57, 1, 1, 0.97, 0.97, 0.16199999999999998, 0.16199999999999998, 0.35, 0.35, 0.49, 0.23, 0, 0, 0.5, 0.38, 0.645, 0.75, 0.56, 0.65, 0.64, 0.56, 0.56, 0.48, 0.59, 0.5, 0.55, 0.05, 0.65, 99, 99, 99]
--- num:  29
list:  [0.56, 0.56, 1, 1, 0.97, 0.97, 0.16199999999999998, 0.16199999999999998, 0.34, 0.34, 0.51, 0.21, 0, 0, 0.5, 0.37, 0.6499999999999999, 0.74, 0.56, 0.6599999999999999, 0.64, 0.56, 0.56, 0.49, 0.57, 0.5, 0.56, 0.05, 0.57, 99, 99, 99]
--- num:  29
list:  [0.57, 0.57, 1, 1, 0.97, 0.97, 0.16199999999999998, 0.16199999999999998, 0.34, 0.34, 0.47, 0.25, 0, 0, 0.5, 0.37, 0.6599999999999999, 0.74, 0.56, 0.6699999999999999, 0.65, 0.56, 0.56, 0.45, 0.64, 0.47, 0.61, 0.05, 0.61, 99, 99, 99]
--- num:  29
list:  [0.57, 0.57, 1, 1, 0.97, 0.97, 0.16199999999999998, 0.16199999999999998, 0.33, 0.33, 0.39, 0.33, 0, 0, 0.5, 0.38, 0.635, 0.75, 0.56, 0.64, 0.63, 0.56, 0.56, 0.45, 0.65, 0.47, 0.6, 0.05, 0.76, 99, 99, 99]
--- num:  29
list:  [0.57, 0.57, 1, 1, 0.97, 0.97, 0.16199999999999998, 0.16199999999999998, 0.33, 0.33, 0.36, 0.36, 0, 0, 0.5, 0.4, 0.625, 0.76, 0.56, 0.63, 0.62, 0.56, 0.56, 0.5, 0.55, 0.53, 0.49, 0.05, 0.9, 99, 99, 99]
--- num:  29
list:  [0.57, 0.57, 1, 1, 0.97, 0.97, 0.16199999999999998, 0.16199999999999998, 0.34, 0.34, 0.36, 0.36, 0, 0, 0.5, 0.4, 0.6749999999999999, 0.76, 0.56, 0.6799999999999999, 0.6699999999999999, 0.56, 0.56, 0.42, 0.71, 0.45, 0.64, 0.05, 1, 99, 99, 99]
--- num:  29
list:  [0.57, 0.57, 1, 1, 0.97, 0.97, 0.16199999999999998, 0.16199999999999998, 0.34, 0.34, 0.38, 0.34, 0, 0, 0.5, 0.4, 0.6499999999999999, 0.76, 0.56, 0.6599999999999999, 0.64, 0.56, 0.56, 0.44, 0.66, 0.48, 0.59, 0.05, 0.97, 99, 99, 99]
--- num:  29
list:  [0.57, 0.57, 1, 1, 0.97, 0.97, 0.3299241769313812, 0.32965503215789793, 0.21, 0.21, 0.44, 0.29, 0, 0, 0.5, 0.4, 0.64, 0.76, 0.56, 0.65, 0.63, 0.56, 0.56, 0.54, 0.48, 0.54, 0.46, 0.05, 0.61, 99, 99, 99]
--- num:  29
list:  [0.57, 0.57, 1, 1, 0.97, 0.97, 0.16199999999999998, 0.16199999999999998, 0.32, 0.32, 0.5, 0.22, 0, 0, 0.5, 0.37, 0.6499999999999999, 0.74, 0.56, 0.6599999999999999, 0.64, 0.56, 0.56, 0.5, 0.54, 0.51, 0.53, 0.05, 0.5, 99, 99, 99]
--- num:  29
list:  [0.57, 0.57, 1, 1, 0.97, 0.97, 0.16199999999999998, 0.16199999999999998, 0.34, 0.34, 0.54, 0.18, 0, 0, 0.5, 0.37, 0.6499999999999999, 0.74, 0.56, 0.6599999999999999, 0.64, 0.56, 0.56, 0.48, 0.59, 0.48, 0.58, 0.05, 0.39, 99, 99, 99]
--- num:  29
list:  [0.56, 0.56, 1, 1, 0.97, 0.97, 0.16199999999999998, 0.16199999999999998, 0.35, 0.35, 0.54, 0.18, 0, 0, 0.5, 0.37, 0.6699999999999999, 0.74, 0.56, 0.6799999999999999, 0.6599999999999999, 0.56, 0.56, 0.46, 0.62, 0.47, 0.61, 0.05, 0.36, 99, 99, 99]
--- num:  29
list:  [0.57, 0.57, 1, 1, 0.97, 0.97, 0.16199999999999998, 0.16199999999999998, 0.34, 0.34, 0.5, 0.22, 0.2549999999999999, 0.23999999999999988, 0.5, 0.34, 0.77, 0.72, 0.53, 0.77, 0.77, 0.53, 0.53, 0.72, 0.38, 0.71, 0.38, 0.04, 0.34, 99, 99, 99]
--- num:  29
list:  [0.57, 0.57, 1, 1, 0.97, 0.97, 0.16199999999999998, 0.16199999999999998, 0.33, 0.33, 0.45, 0.27, 0.31499999999999995, 0.2699999999999999, 0.75, 0.28, 0.89, 0.68, 0.42, 0.89, 0.89, 0.42, 0.42, 0.76, 0.36, 0.73, 0.37, 0.03, 0.35, 99, 99, 99]
--- num:  29
list:  [0.56, 0.56, 1, 1, 0.97, 0.97, 0.16199999999999998, 0.16199999999999998, 0.33, 0.33, 0.4, 0.32, 0.36, 0.31499999999999995, 0.75, 0.27, 0.925, 0.67, 0.34, 0.92, 0.93, 0.34, 0.34, 0.79, 0.35, 0.76, 0.36, 0.03, 0.37, 99, 99, 99]
--- num:  29
list:  [0.56, 0.56, 1, 1, 0.97, 0.97, 0.16199999999999998, 0.16199999999999998, 0.33, 0.33, 0.37, 0.36, 0.32999999999999996, 0.2849999999999999, 0.75, 0.26, 0.94, 0.66, 0.32, 0.94, 0.94, 0.32, 0.32, 0.77, 0.35, 0.74, 0.36, 0.03, 0.41, 99, 99, 99]
--- num:  29
list:  [0.56, 0.56, 1, 1, 0.98, 0.98, 0.16199999999999998, 0.16199999999999998, 0.33, 0.33, 0.35, 0.37, 0.32999999999999996, 0.2849999999999999, 1, 0.25, 0.96, 0.65, 0.29, 0.96, 0.96, 0.29, 0.29, 0.77, 0.35, 0.74, 0.37, 0.03, 0.45, 99, 99, 99]
--- num:  29
list:  [0.12, 0.12, 0.04, 0.04, 1, 1, 0.16199999999999998, 0.16199999999999998, 0.34, 0.34, 0.35, 0.37, 0.32999999999999996, 0.2849999999999999, 1, 0.24, 0.97, 0.64, 0.27, 0.97, 0.97, 0.27, 0.27, 0.77, 0.35, 0.74, 0.37, 0.02, 0.48, 99, 99, 99]
--- num:  29
list:  [0.12, 0.12, 0.05, 0.05, 1, 1, 0.16199999999999998, 0.16199999999999998, 0.33, 0.33, 0.35, 0.37, 0.29999999999999993, 0.2699999999999999, 1, 0.23, 0.97, 0.63, 0.26, 0.97, 0.97, 0.26, 0.26, 0.75, 0.36, 0.73, 0.37, 0.02, 0.52, 99, 99, 99]
--- num:  29
list:  [0.17, 0.17, 0.17, 0.17, 1, 1, 0.16199999999999998, 0.16199999999999998, 0.33, 0.33, 0.36, 0.36, 0.2849999999999999, 0.23999999999999988, 1, 0.22, 0.98, 0.63, 0.26, 0.98, 0.98, 0.26, 0.26, 0.74, 0.37, 0.71, 0.38, 0.02, 0.54, 99, 99, 99]
--- num:  29
list:  [0.26, 0.26, 0.38, 0.38, 1, 1, 0.16199999999999998, 0.16199999999999998, 0.31, 0.31, 0.37, 0.35, 0.20999999999999985, 0.195, 1, 0.22, 0.98, 0.63, 0.26, 0.98, 0.98, 0.26, 0.26, 0.69, 0.39, 0.68, 0.39, 0.01, 0.55, 99, 99, 99]
--- num:  29
list:  [0.29, 0.29, 0.45, 0.45, 1, 1, 0.16199999999999998, 0.16199999999999998, 0.3, 0.3, 0.37, 0.35, 0.20999999999999985, 0.18, 1, 0.22, 0.98, 0.63, 0.25, 0.98, 0.98, 0.25, 0.25, 0.69, 0.39, 0.67, 0.39, 0.01, 0.57, 99, 99, 99]
--- num:  29
list:  [0.41, 0.41, 0.73, 0.73, 1, 1, 0.16199999999999998, 0.16199999999999998, 0.29, 0.29, 0.37, 0.35, 0.18, 0.16499999999999998, 1, 0.22, 0.98, 0.63, 0.25, 0.98, 0.98, 0.25, 0.25, 0.67, 0.4, 0.66, 0.4, 0.01, 0.58, 99, 99, 99]
--- num:  29
list:  [0.44, 0.44, 0.8, 0.8, 1, 1, 0.16199999999999998, 0.16199999999999998, 0.28, 0.28, 0.36, 0.36, 0.16499999999999998, 0.16499999999999998, 1, 0.22, 0.99, 0.62, 0.25, 0.99, 0.99, 0.25, 0.25, 0.66, 0.4, 0.66, 0.4, 0.01, 0.59, 99, 99, 99]
--- num:  29
list:  [0.42, 0.42, 0.74, 0.74, 1, 1, 0.27684624075889586, 0.27638314247131346, 0.17, 0.17, 0.37, 0.36, 0.16499999999999998, 0.14999999999999997, 1, 0.22, 0.985, 0.63, 0.25, 0.98, 0.99, 0.25, 0.25, 0.66, 0.4, 0.65, 0.4, 0.01, 0.59, 99, 99, 99]
--- num:  29
list:  [0.44, 0.44, 0.79, 0.79, 1, 1, 0.16199999999999998, 0.16199999999999998, 0.27, 0.27, 0.36, 0.36, 0.13499999999999995, 0.13499999999999995, 1, 0.22, 0.99, 0.63, 0.25, 0.99, 0.99, 0.25, 0.25, 0.64, 0.41, 0.64, 0.41, 0.01, 0.6, 99, 99, 99]
--- num:  29
list:  [0.43, 0.43, 0.78, 0.78, 1, 1, 0.16199999999999998, 0.16199999999999998, 0.28, 0.28, 0.36, 0.36, 0.13499999999999995, 0.13499999999999995, 1, 0.22, 0.99, 0.63, 0.25, 0.99, 0.99, 0.25, 0.25, 0.64, 0.41, 0.64, 0.41, 0.01, 0.61, 99, 99, 99]
--- num:  29
list:  [0.41, 0.41, 0.71, 0.71, 1, 1, 0.16199999999999998, 0.16199999999999998, 0.28, 0.28, 0.36, 0.36, 0.14999999999999997, 0.13499999999999995, 1, 0.22, 0.99, 0.62, 0.25, 0.99, 0.99, 0.25, 0.25, 0.65, 0.41, 0.64, 0.41, 0.01, 0.6, 99, 99, 99]
--- num:  29
list:  [0.42, 0.42, 0.75, 0.75, 1, 1, 0.16199999999999998, 0.16199999999999998, 0.29, 0.29, 0.36, 0.36, 0.14999999999999997, 0.14999999999999997, 1, 0.22, 0.99, 0.62, 0.25, 0.99, 0.99, 0.25, 0.25, 0.65, 0.4, 0.65, 0.41, 0.01, 0.6, 99, 99, 99]
--- num:  29
list:  [0.42, 0.42, 0.74, 0.74, 1, 1, 0.16199999999999998, 0.16199999999999998, 0.29, 0.29, 0.36, 0.36, 0.14999999999999997, 0.14999999999999997, 1, 0.22, 0.99, 0.62, 0.25, 0.99, 0.99, 0.25, 0.25, 0.65, 0.4, 0.65, 0.41, 0.01, 0.6, 99, 99, 99]
--- num:  29
