A0
A1
A2
A3
A4
A5
A6
A7
A8
A9
A10
A11
A12
A13
A14
A15
A16
A17
A18
A19
A20
A21
A22
A23
A24
A25
A26
A27
A28
--- [0.87, 0.67, 1.0, 1.0, 0.24, 0.24, 0.05, 0.13, 0.51, 0.54, 0.4, 0.38, 0.0, -0.0, 1.0, 0.21, 0.75, 0.6, 0.49, 0.8, 0.75, 0.46, 0.86, 0.55, 0.43, 0.55, 0.45, 0.0, 0.5, 99, 99, 99]
into servo loop...
start test new
list:  [0.51, 0.51, 0.95, 0.95, 1, 1, 0.5154218482971191, 0.5138426232337951, 0.13, 0.13, 0.36, 0.37, 0.05999999999999989, 0.05999999999999989, 1, 0.21, 0.99, 0.62, 0.25, 0.99, 0.99, 0.25, 0.25, 0.59, 0.43, 0.59, 0.43, 0.01, 0.62, 99, 99, 99]
--- num:  29
list:  [0.47, 0.47, 0.85, 0.85, 1, 1, 0.16199999999999998, 0.16199999999999998, 0.28, 0.28, 0.36, 0.36, 0.13499999999999995, 0.11999999999999994, 1, 0.24, 0.98, 0.64, 0.26, 0.98, 0.98, 0.26, 0.26, 0.64, 0.41, 0.63, 0.41, 0.03, 0.58, 99, 99, 99]
--- num:  29
list:  [0.51, 0.51, 0.96, 0.96, 1, 1, 0.16199999999999998, 0.16199999999999998, 0.3, 0.3, 0.36, 0.36, 0.0749999999999999, 0.05999999999999989, 1, 0.22, 1.0, 0.63, 0.25, 1.0, 1.0, 0.25, 0.25, 0.6, 0.43, 0.59, 0.43, 0.01, 0.61, 99, 99, 99]
--- num:  29
list:  [0.51, 0.51, 0.96, 0.96, 1, 1, 0.16199999999999998, 0.16199999999999998, 0.31, 0.31, 0.36, 0.36, 0.0749999999999999, 0.05999999999999989, 1, 0.22, 1.0, 0.62, 0.25, 1.0, 1.0, 0.25, 0.25, 0.6, 0.43, 0.59, 0.43, 0.01, 0.6, 99, 99, 99]
--- num:  29
list:  [0.51, 0.51, 0.95, 0.95, 1, 1, 0.16199999999999998, 0.16199999999999998, 0.31, 0.31, 0.36, 0.36, 0.0749999999999999, 0.05999999999999989, 1, 0.21, 1.0, 0.62, 0.25, 1.0, 1.0, 0.25, 0.25, 0.6, 0.43, 0.59, 0.43, 0.01, 0.58, 99, 99, 99]
--- num:  29
list:  [0.5, 0.5, 0.92, 0.92, 1, 1, 0.16199999999999998, 0.16199999999999998, 0.36, 0.36, 0.49, 0.23, 0.0749999999999999, 0.04499999999999987, 1, 0.21, 0.995, 0.62, 0.25, 0.99, 1.0, 0.25, 0.25, 0.6, 0.43, 0.58, 0.44, 0.01, 0.57, 99, 99, 99]
--- num:  29
list:  [0.48, 0.48, 0.87, 0.87, 1, 1, 0.16199999999999998, 0.16199999999999998, 0.39, 0.39, 0.54, 0.19, 0.05999999999999989, 0.02999999999999986, 1, 0.22, 0.99, 0.62, 0.25, 0.99, 0.99, 0.25, 0.25, 0.59, 0.43, 0.57, 0.44, 0.01, 0.57, 99, 99, 99]
--- num:  29
list:  [0.49, 0.49, 0.9, 0.9, 1, 1, 0.16199999999999998, 0.16199999999999998, 0.39, 0.39, 0.52, 0.2, 0.04499999999999987, 0.02999999999999986, 1, 0.21, 0.99, 0.62, 0.25, 0.99, 0.99, 0.25, 0.25, 0.58, 0.44, 0.57, 0.44, 0.01, 0.58, 99, 99, 99]
--- num:  29
list:  [0.47, 0.47, 0.86, 0.86, 1, 1, 0.9361696052551269, 0.9361591744422912, 0.27, 0.27, 0.36, 0.36, 0.04499999999999987, 0.0749999999999999, 1, 0.22, 0.99, 0.63, 0.25, 0.99, 0.99, 0.25, 0.25, 0.58, 0.44, 0.6, 0.43, 0.01, 0.58, 99, 99, 99]
--- num:  29
list:  [0.5, 0.5, 0.92, 0.92, 1, 1, 0.16199999999999998, 0.16199999999999998, 0.32, 0.32, 0.35, 0.37, 0.05999999999999989, 0.05999999999999989, 1, 0.22, 0.99, 0.63, 0.25, 0.99, 0.99, 0.25, 0.25, 0.59, 0.43, 0.59, 0.43, 0.01, 0.58, 99, 99, 99]
--- num:  29
list:  [0.5, 0.5, 0.94, 0.94, 1, 1, 0.16199999999999998, 0.16199999999999998, 0.33, 0.33, 0.36, 0.36, 0.04499999999999987, 0.05999999999999989, 1, 0.22, 0.99, 0.62, 0.25, 0.99, 0.99, 0.25, 0.25, 0.58, 0.43, 0.59, 0.43, 0.01, 0.59, 99, 99, 99]
--- num:  29
list:  [0.5, 0.5, 0.94, 0.94, 1, 1, 0.16199999999999998, 0.16199999999999998, 0.33, 0.33, 0.37, 0.35, 0.04499999999999987, 0.04499999999999987, 1, 0.22, 0.99, 0.62, 0.25, 0.99, 0.99, 0.25, 0.25, 0.58, 0.44, 0.58, 0.44, 0.01, 0.59, 99, 99, 99]
--- num:  29
list:  [0.47, 0.47, 0.85, 0.85, 1, 1, 0.16199999999999998, 0.16199999999999998, 0.31, 0.31, 0.45, 0.27, 0.04499999999999987, 0.02999999999999986, 1, 0.22, 0.99, 0.63, 0.28, 0.99, 0.99, 0.28, 0.28, 0.58, 0.44, 0.57, 0.44, 0.01, 0.55, 99, 99, 99]
--- num:  29
list:  [0.57, 0.57, 1, 1, 0.97, 0.97, 0.16199999999999998, 0.16199999999999998, 0.3, 0.3, 0.46, 0.26, 0, 0, 0.75, 0.33, 0.855, 0.71, 0.5, 0.86, 0.85, 0.5, 0.5, 0.32, 0.89, 0.33, 0.87, 0.03, 0.5, 99, 99, 99]
--- num:  29
list:  [0.58, 0.58, 1, 1, 0.96, 0.96, 0.9361556577682495, 0.9361615586280823, 0.22, 0.22, 0.42, 0.31, 0, 0, 0.75, 0.38, 0.745, 0.75, 0.49, 0.75, 0.74, 0.49, 0.49, 0.35, 0.85, 0.37, 0.79, 0.03, 0.47, 99, 99, 99]
--- num:  29
list:  [0.58, 0.58, 1, 1, 0.96, 0.96, 0.2900607097148895, 0.28936279892921446, 0.23, 0.23, 0.35, 0.38, 0, 0, 0.75, 0.4, 0.74, 0.76, 0.56, 0.74, 0.74, 0.56, 0.56, 0.36, 0.83, 0.38, 0.78, 0.04, 0.55, 99, 99, 99]
--- num:  29
list:  [0.57, 0.57, 1, 1, 0.97, 0.97, 0.16199999999999998, 0.16199999999999998, 0.3, 0.3, 0.24, 0.48, 0, 0, 0.75, 0.39, 0.765, 0.75, 0.56, 0.76, 0.77, 0.56, 0.56, 0.36, 0.81, 0.38, 0.77, 0.05, 0.83, 99, 99, 99]
--- num:  29
list:  [0.57, 0.57, 1, 1, 0.97, 0.97, 0.16199999999999998, 0.16199999999999998, 0.31, 0.31, 0.21, 0.51, 0, 0, 0.75, 0.38, 0.76, 0.75, 0.56, 0.75, 0.77, 0.56, 0.56, 0.34, 0.85, 0.36, 0.82, 0.05, 0.99, 99, 99, 99]
--- num:  29
list:  [0.57, 0.57, 1, 1, 0.97, 0.97, 0.16199999999999998, 0.16199999999999998, 0.31, 0.31, 0.2, 0.53, 0, 0, 0.75, 0.38, 0.755, 0.75, 0.56, 0.74, 0.77, 0.56, 0.56, 0.35, 0.83, 0.37, 0.79, 0.05, 1, 99, 99, 99]
--- num:  29
list:  [0.57, 0.57, 1, 1, 0.97, 0.97, 0.16199999999999998, 0.16199999999999998, 0.32, 0.32, 0.2, 0.52, 0, 0, 0.75, 0.38, 0.745, 0.75, 0.56, 0.73, 0.76, 0.56, 0.56, 0.35, 0.84, 0.37, 0.79, 0.05, 1, 99, 99, 99]
--- num:  29
list:  [0.57, 0.57, 1, 1, 0.97, 0.97, 0.16199999999999998, 0.16199999999999998, 0.31, 0.31, 0.26, 0.46, 0, 0, 0.75, 0.38, 0.6799999999999999, 0.75, 0.56, 0.6699999999999999, 0.69, 0.56, 0.56, 0.39, 0.75, 0.42, 0.7, 0.06, 1, 99, 99, 99]
--- num:  29
list:  [0.57, 0.57, 1, 1, 0.97, 0.97, 0.16199999999999998, 0.16199999999999998, 0.3, 0.3, 0.34, 0.39, 0, 0, 0.75, 0.38, 0.6849999999999999, 0.75, 0.56, 0.6799999999999999, 0.69, 0.56, 0.56, 0.36, 0.83, 0.38, 0.78, 0.06, 0.97, 99, 99, 99]
--- num:  29
list:  [0.57, 0.57, 1, 1, 0.97, 0.97, 0.16199999999999998, 0.16199999999999998, 0.29, 0.29, 0.4, 0.32, 0, 0, 0.5, 0.38, 0.6699999999999999, 0.75, 0.56, 0.6699999999999999, 0.6699999999999999, 0.56, 0.56, 0.37, 0.79, 0.4, 0.75, 0.06, 0.88, 99, 99, 99]
--- num:  29
list:  [0.57, 0.57, 1, 1, 0.97, 0.97, 0.16199999999999998, 0.16199999999999998, 0.28, 0.28, 0.45, 0.27, 0, 0, 0.5, 0.36, 0.65, 0.74, 0.56, 0.65, 0.65, 0.56, 0.56, 0.4, 0.74, 0.41, 0.71, 0.06, 0.62, 99, 99, 99]
--- num:  29
list:  [0.57, 0.57, 1, 1, 0.97, 0.97, 0.16199999999999998, 0.16199999999999998, 0.29, 0.29, 0.48, 0.25, 0, 0, 0.5, 0.35, 0.615, 0.72, 0.56, 0.62, 0.61, 0.56, 0.56, 0.45, 0.64, 0.47, 0.61, 0.06, 0.52, 99, 99, 99]
--- num:  29
list:  [0.57, 0.57, 1, 1, 0.97, 0.97, 0.8983751940727234, 0.898356716632843, 0.18, 0.18, 0.4, 0.32, 0, 0, 0.5, 0.37, 0.51, 0.74, 0.56, 0.51, 0.51, 0.56, 0.56, 0.52, 0.52, 0.55, 0.45, 0.06, 0.65, 99, 99, 99]
--- num:  29
list:  [0.57, 0.57, 1, 1, 0.97, 0.97, 0.22231690168380736, 0.22181917309761046, 0.28, 0.28, 0.3, 0.42, 0, 0, 0.5, 0.38, 0.5750000000000001, 0.75, 0.56, 0.5700000000000001, 0.5800000000000001, 0.56, 0.56, 0.49, 0.56, 0.54, 0.47, 0.06, 1, 99, 99, 99]
--- num:  29
list:  [0.57, 0.57, 1, 1, 0.97, 0.97, 0.16199999999999998, 0.16199999999999998, 0.31, 0.31, 0.26, 0.46, 0, 0, 0.75, 0.38, 0.61, 0.75, 0.56, 0.6, 0.62, 0.56, 0.56, 0.44, 0.66, 0.47, 0.6, 0.06, 1, 99, 99, 99]
--- num:  29
list:  [0.57, 0.57, 1, 1, 0.97, 0.97, 0.16199999999999998, 0.16199999999999998, 0.32, 0.32, 0.26, 0.46, 0, 0, 0.75, 0.37, 0.61, 0.74, 0.56, 0.6, 0.62, 0.56, 0.56, 0.41, 0.73, 0.44, 0.67, 0.06, 1, 99, 99, 99]
--- num:  29
list:  [0.57, 0.57, 1, 1, 0.97, 0.97, 0.16199999999999998, 0.16199999999999998, 0.32, 0.32, 0.28, 0.44, 0, 0, 0.75, 0.38, 0.5750000000000001, 0.74, 0.56, 0.5700000000000001, 0.5800000000000001, 0.56, 0.56, 0.45, 0.63, 0.49, 0.56, 0.06, 1, 99, 99, 99]
--- num:  29
list:  [0.57, 0.57, 1, 1, 0.97, 0.97, 0.29411561369895933, 0.29377983093261717, 0.27, 0.27, 0.34, 0.38, 0, 0, 0.75, 0.39, 0.5900000000000001, 0.76, 0.56, 0.5900000000000001, 0.5900000000000001, 0.56, 0.56, 0.46, 0.63, 0.49, 0.56, 0.05, 1, 99, 99, 99]
--- num:  29
list:  [0.57, 0.57, 1, 1, 0.97, 0.97, 0.40449861764907835, 0.40446887493133543, 0.21, 0.21, 0.39, 0.33, 0, 0, 0.75, 0.39, 0.61, 0.75, 0.56, 0.62, 0.6, 0.56, 0.56, 0.47, 0.6, 0.51, 0.53, 0.05, 0.83, 99, 99, 99]
--- num:  29
list:  [0.57, 0.57, 1, 1, 0.97, 0.97, 0.19921654045581816, 0.19900819242000578, 0.28, 0.28, 0.42, 0.3, 0, 0, 0.5, 0.36, 0.62, 0.73, 0.56, 0.63, 0.61, 0.56, 0.56, 0.46, 0.63, 0.49, 0.57, 0.05, 0.77, 99, 99, 99]
--- num:  29
list:  [0.57, 0.57, 1, 1, 0.97, 0.97, 0.16199999999999998, 0.16199999999999998, 0.3, 0.3, 0.42, 0.31, 0, 0, 0.5, 0.36, 0.62, 0.73, 0.56, 0.63, 0.61, 0.56, 0.56, 0.41, 0.72, 0.44, 0.66, 0.05, 0.7, 99, 99, 99]
--- num:  29
list:  [0.57, 0.57, 1, 1, 0.97, 0.97, 0.16199999999999998, 0.16199999999999998, 0.31, 0.31, 0.4, 0.32, 0, 0, 0.5, 0.36, 0.61, 0.73, 0.56, 0.62, 0.6, 0.56, 0.56, 0.4, 0.75, 0.43, 0.69, 0.05, 0.75, 99, 99, 99]
--- num:  29
list:  [0.56, 0.56, 1, 1, 0.97, 0.97, 0.16199999999999998, 0.16199999999999998, 0.33, 0.33, 0.38, 0.35, 0, 0, 0.5, 0.37, 0.5650000000000001, 0.74, 0.56, 0.5700000000000001, 0.56, 0.56, 0.56, 0.41, 0.72, 0.45, 0.64, 0.04, 1, 99, 99, 99]
--- num:  29
list:  [0.56, 0.56, 1, 1, 0.97, 0.97, 0.16199999999999998, 0.16199999999999998, 0.37, 0.37, 0.34, 0.38, 0, 0, 0.5, 0.39, 0.525, 0.75, 0.56, 0.53, 0.52, 0.56, 0.56, 0.43, 0.69, 0.47, 0.6, 0.05, 1, 99, 99, 99]
--- num:  29
list:  [0.57, 0.57, 1, 1, 0.97, 0.97, 0.16199999999999998, 0.16199999999999998, 0.38, 0.38, 0.3, 0.42, 0, 0, 0.5, 0.39, 0.515, 0.75, 0.56, 0.52, 0.51, 0.56, 0.56, 0.44, 0.66, 0.49, 0.56, 0.05, 1, 99, 99, 99]
--- num:  29
list:  [0.57, 0.57, 1, 1, 0.97, 0.97, 0.16199999999999998, 0.16199999999999998, 0.38, 0.38, 0.21, 0.51, 0, 0, 0.5, 0.37, 0.525, 0.74, 0.56, 0.52, 0.53, 0.56, 0.56, 0.38, 0.77, 0.44, 0.66, 0.05, 1, 99, 99, 99]
--- num:  29
list:  [0.56, 0.56, 1, 1, 0.97, 0.97, 0.16199999999999998, 0.16199999999999998, 0.38, 0.38, 0.14, 0.59, 0, 0, 0.5, 0.37, 0.48, 0.74, 0.56, 0.47, 0.49, 0.56, 0.56, 0.38, 0.78, 0.43, 0.68, 0.05, 1, 99, 99, 99]
--- num:  29
list:  [0.56, 0.56, 1, 1, 0.97, 0.97, 0.16199999999999998, 0.16199999999999998, 0.35, 0.35, 0.06, 0.67, 0, 0, 0.5, 0.37, 0.39, 0.74, 0.56, 0.38, 0.4, 0.56, 0.56, 0.4, 0.74, 0.46, 0.62, 0.07, 1, 99, 99, 99]
--- num:  29
list:  [0.57, 0.57, 1, 1, 0.97, 0.97, 0.16199999999999998, 0.16199999999999998, 0.33, 0.33, 0.02, 0.71, 0, 0, 0.5, 0.36, 0.355, 0.73, 0.56, 0.33999999999999997, 0.37, 0.56, 0.56, 0.41, 0.72, 0.46, 0.62, 0.07, 1, 99, 99, 99]
--- num:  29
list:  [0.57, 0.57, 1, 1, 0.97, 0.97, 0.16199999999999998, 0.16199999999999998, 0.32, 0.32, 0.02, 0.71, 0, 0, 0.5, 0.35, 0.31, 0.73, 0.56, 0.3, 0.32, 0.56, 0.56, 0.45, 0.64, 0.51, 0.52, 0.07, 1, 99, 99, 99]
--- num:  29
list:  [0.57, 0.57, 1, 1, 0.97, 0.97, 0.16199999999999998, 0.16199999999999998, 0.32, 0.32, 0.05, 0.68, 0, 0, 0.5, 0.36, 0.31999999999999995, 0.73, 0.56, 0.3, 0.33999999999999997, 0.56, 0.56, 0.45, 0.64, 0.5, 0.54, 0.07, 1, 99, 99, 99]
--- num:  29
list:  [0.57, 0.57, 1, 1, 0.97, 0.97, 0.16199999999999998, 0.16199999999999998, 0.32, 0.32, 0.13, 0.6, 0, 0, 0.5, 0.36, 0.32499999999999996, 0.73, 0.56, 0.31, 0.33999999999999997, 0.56, 0.56, 0.44, 0.66, 0.49, 0.57, 0.07, 1, 99, 99, 99]
--- num:  29
list:  [0.57, 0.57, 1, 1, 0.97, 0.97, 0.16199999999999998, 0.16199999999999998, 0.3, 0.3, 0.27, 0.45, 0, 0.04499999999999987, 0.5, 0.36, 0.28, 0.73, 0.56, 0.27, 0.29, 0.56, 0.56, 0.54, 0.47, 0.58, 0.44, 0.07, 1, 99, 99, 99]
--- num:  29
list:  [0.57, 0.57, 1, 1, 0.97, 0.97, 0.16199999999999998, 0.16199999999999998, 0.29, 0.29, 0.39, 0.33, 0, 0.0749999999999999, 0.5, 0.35, 0.28500000000000003, 0.73, 0.56, 0.28, 0.29, 0.56, 0.56, 0.54, 0.47, 0.6, 0.43, 0.08, 1, 99, 99, 99]
--- num:  29
list:  [0.56, 0.56, 1, 1, 0.97, 0.97, 0.16199999999999998, 0.16199999999999998, 0.29, 0.29, 0.49, 0.23, 0, 0.05999999999999989, 0.25, 0.35, 0.29000000000000004, 0.73, 0.56, 0.3, 0.28, 0.56, 0.56, 0.55, 0.45, 0.59, 0.43, 0.08, 0.63, 99, 99, 99]
--- num:  29
list:  [0.56, 0.56, 1, 1, 0.97, 0.97, 0.16199999999999998, 0.16199999999999998, 0.3, 0.3, 0.61, 0.12, 0.10499999999999993, 0.13499999999999995, 0.25, 0.35, 0.29500000000000004, 0.72, 0.56, 0.31, 0.28, 0.56, 0.56, 0.62, 0.42, 0.64, 0.41, 0.08, 0.53, 99, 99, 99]
--- num:  29
list:  [0.56, 0.56, 1, 1, 0.97, 0.97, 0.16199999999999998, 0.16199999999999998, 0.34, 0.34, 0.72, 0.01, 0.08999999999999991, 0.11999999999999994, 0.5, 0.35, 0.32, 0.72, 0.56, 0.33, 0.31, 0.56, 0.56, 0.61, 0.43, 0.63, 0.42, 0.08, 0.58, 99, 99, 99]
--- num:  29
list:  [0.56, 0.56, 1, 1, 0.97, 0.97, 0.16199999999999998, 0.16199999999999998, 0.35, 0.35, 0.68, 0.06, 0.05999999999999989, 0.14999999999999997, 0.5, 0.35, 0.305, 0.72, 0.56, 0.32, 0.29, 0.56, 0.56, 0.59, 0.43, 0.65, 0.41, 0.08, 0.87, 99, 99, 99]
--- num:  29
list:  [0.56, 0.56, 1, 1, 0.97, 0.97, 0.16199999999999998, 0.16199999999999998, 0.35, 0.35, 0.6, 0.13, 0.10499999999999993, 0.195, 0.5, 0.35, 0.28, 0.73, 0.56, 0.29, 0.27, 0.56, 0.56, 0.62, 0.42, 0.68, 0.39, 0.07, 1, 99, 99, 99]
--- num:  29
list:  [0.56, 0.56, 1, 1, 0.98, 0.98, 0.16199999999999998, 0.16199999999999998, 0.29, 0.29, 0.5, 0.22, 0.02999999999999986, 0.0749999999999999, 0.5, 0.35, 0.28500000000000003, 0.73, 0.56, 0.3, 0.27, 0.56, 0.56, 0.57, 0.44, 0.6, 0.43, 0.07, 0.67, 99, 99, 99]
--- num:  29
list:  [0.56, 0.56, 1, 1, 0.97, 0.97, 0.16199999999999998, 0.16199999999999998, 0.26, 0.26, 0.67, 0.06, 0.05999999999999989, 0.02999999999999986, 0.25, 0.36, 0.31999999999999995, 0.73, 0.56, 0.33999999999999997, 0.3, 0.56, 0.56, 0.59, 0.43, 0.57, 0.44, 0.07, 0.03, 99, 99, 99]
--- num:  29
list:  [0.57, 0.57, 1, 1, 0.97, 0.97, 0.16199999999999998, 0.16199999999999998, 0.27, 0.27, 0.7, 0.03, 0, 0, 0.5, 0.35, 0.33999999999999997, 0.73, 0.56, 0.35, 0.33, 0.56, 0.56, 0.51, 0.53, 0.49, 0.57, 0.07, 0.0, 99, 99, 99]
--- num:  29
list:  [0.57, 0.57, 1, 1, 0.96, 0.96, 0.16199999999999998, 0.16199999999999998, 0.26, 0.26, 0.62, 0.11, 0.16499999999999998, 0.13499999999999995, 0.25, 0.35, 0.28500000000000003, 0.72, 0.56, 0.3, 0.27, 0.56, 0.56, 0.66, 0.4, 0.64, 0.41, 0.07, 0.02, 99, 99, 99]
--- num:  29
list:  [0.59, 0.59, 1, 1, 0.95, 0.95, 0.16199999999999998, 0.16199999999999998, 0.26, 0.26, 0.48, 0.24, 0.14999999999999997, 0.16499999999999998, 0.5, 0.34, 0.265, 0.72, 0.56, 0.28, 0.25, 0.56, 0.56, 0.65, 0.41, 0.66, 0.4, 0.06, 0.35, 99, 99, 99]
--- num:  29
list:  [0.59, 0.59, 1, 1, 0.95, 0.95, 0.16199999999999998, 0.16199999999999998, 0.26, 0.26, 0.36, 0.36, 0.2549999999999999, 0.32999999999999996, 0.25, 0.35, 0.25, 0.72, 0.56, 0.25, 0.25, 0.56, 0.56, 0.72, 0.37, 0.77, 0.35, 0.06, 0.96, 99, 99, 99]
--- num:  29
list:  [0.59, 0.59, 1, 1, 0.95, 0.95, 0.16199999999999998, 0.16199999999999998, 0.28, 0.28, 0.26, 0.47, 0.16499999999999998, 0.2549999999999999, 0.5, 0.35, 0.255, 0.73, 0.56, 0.26, 0.25, 0.56, 0.56, 0.66, 0.4, 0.72, 0.37, 0.06, 1, 99, 99, 99]
--- num:  29
list:  [0.59, 0.59, 1, 1, 0.95, 0.95, 0.16199999999999998, 0.16199999999999998, 0.29, 0.29, 0.21, 0.51, 0.10499999999999993, 0.22499999999999987, 0.5, 0.35, 0.25, 0.73, 0.56, 0.25, 0.25, 0.56, 0.56, 0.62, 0.42, 0.7, 0.38, 0.05, 1, 99, 99, 99]
--- num:  29
list:  [0.58, 0.58, 1, 1, 0.96, 0.96, 0.16199999999999998, 0.16199999999999998, 0.29, 0.29, 0.26, 0.46, 0.23999999999999988, 0.345, 0.25, 0.35, 0.25, 0.72, 0.56, 0.25, 0.25, 0.56, 0.56, 0.71, 0.38, 0.78, 0.35, 0.05, 1, 99, 99, 99]
--- num:  29
list:  [0.57, 0.57, 1, 1, 0.97, 0.97, 0.16199999999999998, 0.16199999999999998, 0.28, 0.28, 0.42, 0.31, 0.32999999999999996, 0.4199999999999999, 0.25, 0.33, 0.25, 0.71, 0.56, 0.25, 0.25, 0.56, 0.56, 0.77, 0.35, 0.83, 0.32, 0.06, 1, 99, 99, 99]
--- num:  29
list:  [0.57, 0.57, 1, 1, 0.97, 0.97, 0.16199999999999998, 0.16199999999999998, 0.28, 0.28, 0.54, 0.18, 0.39, 0.4499999999999999, 0.25, 0.32, 0.25, 0.71, 0.56, 0.25, 0.25, 0.56, 0.56, 0.81, 0.33, 0.85, 0.32, 0.06, 0.25, 99, 99, 99]
--- num:  29
list:  [0.57, 0.57, 1, 1, 0.97, 0.97, 0.16199999999999998, 0.16199999999999998, 0.28, 0.28, 0.58, 0.15, 0.40499999999999986, 0.4349999999999999, 0.25, 0.32, 0.25, 0.7, 0.56, 0.25, 0.25, 0.56, 0.56, 0.82, 0.33, 0.84, 0.32, 0.06, 0.12, 99, 99, 99]
--- num:  29
list:  [0.57, 0.57, 1, 1, 0.97, 0.97, 0.16199999999999998, 0.16199999999999998, 0.29, 0.29, 0.53, 0.19, 0.4199999999999999, 0.4499999999999999, 0.25, 0.32, 0.25, 0.7, 0.56, 0.25, 0.25, 0.56, 0.56, 0.83, 0.33, 0.85, 0.32, 0.06, 0.23, 99, 99, 99]
--- num:  29
list:  [0.57, 0.57, 1, 1, 0.97, 0.97, 0.16199999999999998, 0.16199999999999998, 0.29, 0.29, 0.37, 0.35, 0.36, 0.4199999999999999, 0.25, 0.33, 0.25, 0.71, 0.56, 0.25, 0.25, 0.56, 0.56, 0.79, 0.34, 0.83, 0.33, 0.06, 0.93, 99, 99, 99]
--- num:  29
list:  [0.57, 0.57, 1, 1, 0.97, 0.97, 0.16199999999999998, 0.16199999999999998, 0.3, 0.3, 0.26, 0.46, 0.2699999999999999, 0.39, 0.25, 0.33, 0.25, 0.71, 0.56, 0.25, 0.25, 0.56, 0.56, 0.73, 0.37, 0.81, 0.34, 0.06, 1, 99, 99, 99]
--- num:  29
list:  [0.57, 0.57, 1, 1, 0.97, 0.97, 0.16199999999999998, 0.16199999999999998, 0.3, 0.3, 0.25, 0.47, 0.2549999999999999, 0.375, 0.25, 0.33, 0.25, 0.71, 0.56, 0.25, 0.25, 0.56, 0.56, 0.72, 0.38, 0.8, 0.34, 0.06, 1, 99, 99, 99]
--- num:  29
list:  [0.57, 0.57, 1, 1, 0.97, 0.97, 0.16199999999999998, 0.16199999999999998, 0.29, 0.29, 0.35, 0.38, 0.2699999999999999, 0.375, 0.25, 0.33, 0.25, 0.71, 0.56, 0.25, 0.25, 0.56, 0.56, 0.73, 0.37, 0.8, 0.34, 0.06, 1, 99, 99, 99]
--- num:  29
list:  [0.56, 0.56, 1, 1, 0.97, 0.97, 0.16199999999999998, 0.16199999999999998, 0.29, 0.29, 0.48, 0.24, 0.36, 0.4199999999999999, 0.25, 0.32, 0.25, 0.71, 0.56, 0.25, 0.25, 0.56, 0.56, 0.79, 0.34, 0.83, 0.33, 0.06, 0.57, 99, 99, 99]
--- num:  29
list:  [0.56, 0.56, 1, 1, 0.97, 0.97, 0.16199999999999998, 0.16199999999999998, 0.29, 0.29, 0.56, 0.17, 0.36, 0.375, 0.25, 0.33, 0.25, 0.71, 0.56, 0.25, 0.25, 0.56, 0.56, 0.79, 0.34, 0.8, 0.34, 0.06, 0.12, 99, 99, 99]
--- num:  29
list:  [0.56, 0.56, 1, 1, 0.97, 0.97, 0.16199999999999998, 0.16199999999999998, 0.3, 0.3, 0.52, 0.2, 0.375, 0.40499999999999986, 0.25, 0.33, 0.25, 0.71, 0.56, 0.25, 0.25, 0.56, 0.56, 0.8, 0.34, 0.82, 0.33, 0.06, 0.28, 99, 99, 99]
--- num:  29
list:  [0.56, 0.56, 1, 1, 0.97, 0.97, 0.16199999999999998, 0.16199999999999998, 0.3, 0.3, 0.39, 0.33, 0.32999999999999996, 0.40499999999999986, 0.25, 0.34, 0.25, 0.72, 0.56, 0.25, 0.25, 0.56, 0.56, 0.77, 0.35, 0.82, 0.33, 0.06, 0.83, 99, 99, 99]
--- num:  29
list:  [0.56, 0.56, 1, 1, 0.97, 0.97, 0.16199999999999998, 0.16199999999999998, 0.31, 0.31, 0.27, 0.45, 0.23999999999999988, 0.32999999999999996, 0.25, 0.34, 0.25, 0.72, 0.56, 0.25, 0.25, 0.56, 0.56, 0.71, 0.38, 0.77, 0.35, 0.06, 1, 99, 99, 99]
--- num:  29
list:  [0.56, 0.56, 1, 1, 0.97, 0.97, 0.16199999999999998, 0.16199999999999998, 0.31, 0.31, 0.22, 0.5, 0.22499999999999987, 0.32999999999999996, 0.5, 0.34, 0.25, 0.72, 0.56, 0.25, 0.25, 0.56, 0.56, 0.7, 0.38, 0.77, 0.35, 0.06, 1, 99, 99, 99]
--- num:  29
list:  [0.56, 0.56, 1, 1, 0.97, 0.97, 0.16199999999999998, 0.16199999999999998, 0.31, 0.31, 0.19, 0.54, 0.20999999999999985, 0.32999999999999996, 0.5, 0.34, 0.25, 0.72, 0.56, 0.25, 0.25, 0.56, 0.56, 0.69, 0.39, 0.77, 0.35, 0.06, 1, 99, 99, 99]
--- num:  29
list:  [0.56, 0.56, 1, 1, 0.97, 0.97, 0.16199999999999998, 0.16199999999999998, 0.3, 0.3, 0.14, 0.59, 0.23999999999999988, 0.345, 0.25, 0.34, 0.25, 0.71, 0.56, 0.25, 0.25, 0.56, 0.56, 0.71, 0.38, 0.78, 0.35, 0.06, 1, 99, 99, 99]
--- num:  29
list:  [0.56, 0.56, 1, 1, 0.97, 0.97, 0.16199999999999998, 0.16199999999999998, 0.3, 0.3, 0.17, 0.56, 0.22499999999999987, 0.345, 0.25, 0.33, 0.25, 0.71, 0.56, 0.25, 0.25, 0.56, 0.56, 0.7, 0.38, 0.78, 0.35, 0.06, 1, 99, 99, 99]
--- num:  29
list:  [0.57, 0.57, 1, 1, 0.97, 0.97, 0.16199999999999998, 0.16199999999999998, 0.26, 0.26, 0.28, 0.44, 0.29999999999999993, 0.39, 0.25, 0.33, 0.25, 0.71, 0.56, 0.25, 0.25, 0.56, 0.56, 0.75, 0.36, 0.81, 0.33, 0.06, 1, 99, 99, 99]
--- num:  29
list:  [0.57, 0.57, 1, 1, 0.97, 0.97, 0.570908944606781, 0.570904176235199, 0.16, 0.16, 0.4, 0.33, 0.40499999999999986, 0.4799999999999999, 0.25, 0.33, 0.25, 0.71, 0.56, 0.25, 0.25, 0.56, 0.56, 0.82, 0.33, 0.87, 0.31, 0.07, 0.72, 99, 99, 99]
--- num:  29
list:  [0.57, 0.57, 1, 1, 0.97, 0.97, 0.16199999999999998, 0.16199999999999998, 0.27, 0.27, 0.45, 0.27, 0.36, 0.4199999999999999, 0.25, 0.33, 0.25, 0.71, 0.56, 0.25, 0.25, 0.56, 0.56, 0.79, 0.34, 0.83, 0.33, 0.07, 0.49, 99, 99, 99]
--- num:  29
list:  [0.56, 0.56, 1, 1, 0.98, 0.98, 0.16199999999999998, 0.16199999999999998, 0.31, 0.31, 0.39, 0.33, 0.2849999999999999, 0.36, 0.25, 0.33, 0.25, 0.71, 0.56, 0.25, 0.25, 0.56, 0.56, 0.74, 0.36, 0.79, 0.34, 0.06, 0.71, 99, 99, 99]
--- num:  29
list:  [0.56, 0.56, 1, 1, 0.98, 0.98, 0.16199999999999998, 0.16199999999999998, 0.33, 0.33, 0.23, 0.49, 0.14999999999999997, 0.2699999999999999, 0.5, 0.34, 0.25, 0.72, 0.56, 0.25, 0.25, 0.56, 0.56, 0.65, 0.4, 0.73, 0.37, 0.06, 1, 99, 99, 99]
--- num:  29
list:  [0.56, 0.56, 1, 1, 0.98, 0.98, 0.16199999999999998, 0.16199999999999998, 0.34, 0.34, 0.13, 0.6, 0.05999999999999989, 0.195, 0.5, 0.35, 0.25, 0.72, 0.56, 0.25, 0.25, 0.56, 0.56, 0.59, 0.43, 0.68, 0.39, 0.06, 1, 99, 99, 99]
--- num:  29
list:  [0.56, 0.56, 1, 1, 0.98, 0.98, 0.16199999999999998, 0.16199999999999998, 0.33, 0.33, 0.06, 0.67, 0.08999999999999991, 0.23999999999999988, 0.25, 0.35, 0.25, 0.72, 0.56, 0.25, 0.25, 0.56, 0.56, 0.61, 0.42, 0.71, 0.38, 0.06, 1, 99, 99, 99]
--- num:  29
list:  [0.57, 0.57, 1, 1, 0.97, 0.97, 0.9136006641387939, 0.913197557926178, 0.23, 0.23, 0.18, 0.55, 0.23999999999999988, 0.39, 0.25, 0.35, 0.25, 0.72, 0.56, 0.25, 0.25, 0.56, 0.56, 0.71, 0.38, 0.81, 0.33, 0.06, 1, 99, 99, 99]
--- num:  29
list:  [0.57, 0.57, 1, 1, 0.96, 0.96, 0.3238301682472229, 0.32268531203269957, 0.22, 0.22, 0.21, 0.51, 0.345, 0.4499999999999999, 0.5, 0.34, 0.25, 0.72, 0.56, 0.25, 0.25, 0.56, 0.56, 0.78, 0.35, 0.85, 0.32, 0.06, 1, 99, 99, 99]
--- num:  29
list:  [0.57, 0.57, 1, 1, 0.97, 0.97, 0.16199999999999998, 0.16199999999999998, 0.29, 0.29, 0.3, 0.42, 0.29999999999999993, 0.39, 0.25, 0.33, 0.25, 0.71, 0.56, 0.25, 0.25, 0.56, 0.56, 0.75, 0.36, 0.81, 0.34, 0.06, 1, 99, 99, 99]
--- num:  29
list:  [0.57, 0.57, 1, 1, 0.97, 0.97, 0.16199999999999998, 0.16199999999999998, 0.3, 0.3, 0.33, 0.39, 0.11999999999999994, 0.20999999999999985, 0.5, 0.35, 0.345, 0.72, 0.56, 0.35, 0.33999999999999997, 0.56, 0.56, 0.63, 0.42, 0.69, 0.39, 0.06, 1, 99, 99, 99]
--- num:  29
list:  [0.57, 0.57, 1, 1, 0.97, 0.97, 0.16199999999999998, 0.16199999999999998, 0.32, 0.32, 0.34, 0.39, 0, 0, 0.75, 0.38, 0.875, 0.75, 0.49, 0.88, 0.87, 0.49, 0.49, 0.31, 0.92, 0.31, 0.92, 0.05, 1, 99, 99, 99]
--- num:  29
list:  [0.57, 0.57, 1, 1, 0.97, 0.97, 0.16199999999999998, 0.16199999999999998, 0.33, 0.33, 0.32, 0.4, 0, 0, 0.75, 0.33, 0.99, 0.71, 0.33, 0.99, 0.99, 0.33, 0.33, 0.31, 0.92, 0.31, 0.92, 0.04, 0.73, 99, 99, 99]
--- num:  29
list:  [0.58, 0.58, 1, 1, 0.96, 0.96, 0.16199999999999998, 0.16199999999999998, 0.3, 0.3, 0.26, 0.46, 0, 0, 0.75, 0.33, 0.98, 0.71, 0.35, 0.98, 0.98, 0.35, 0.35, 0.31, 0.92, 0.31, 0.92, 0.05, 1, 99, 99, 99]
--- num:  29
list:  [0.58, 0.58, 1, 1, 0.96, 0.96, 0.16199999999999998, 0.16199999999999998, 0.29, 0.29, 0.23, 0.49, 0, 0, 0.75, 0.32, 0.965, 0.7, 0.33, 0.96, 0.97, 0.33, 0.33, 0.31, 0.92, 0.31, 0.92, 0.05, 1, 99, 99, 99]
--- num:  29
list:  [0.58, 0.58, 1, 1, 0.96, 0.96, 0.16199999999999998, 0.16199999999999998, 0.29, 0.29, 0.19, 0.53, 0, 0, 0.75, 0.3, 0.97, 0.69, 0.31, 0.97, 0.97, 0.31, 0.31, 0.31, 0.92, 0.31, 0.92, 0.04, 1, 99, 99, 99]
--- num:  29
list:  [0.58, 0.58, 1, 1, 0.96, 0.96, 0.16199999999999998, 0.16199999999999998, 0.29, 0.29, 0.17, 0.56, 0, 0, 0.75, 0.3, 0.97, 0.69, 0.31, 0.97, 0.97, 0.31, 0.31, 0.31, 0.92, 0.31, 0.92, 0.05, 1, 99, 99, 99]
--- num:  29
list:  [0.58, 0.58, 1, 1, 0.96, 0.96, 0.16199999999999998, 0.16199999999999998, 0.29, 0.29, 0.17, 0.55, 0, 0, 0.75, 0.29, 0.97, 0.68, 0.31, 0.97, 0.97, 0.31, 0.31, 0.31, 0.92, 0.31, 0.92, 0.04, 1, 99, 99, 99]
--- num:  29
list:  [0.57, 0.57, 1, 1, 0.97, 0.97, 0.16199999999999998, 0.16199999999999998, 0.3, 0.3, 0.27, 0.45, 0, 0, 0.75, 0.3, 0.955, 0.69, 0.36, 0.96, 0.95, 0.36, 0.36, 0.31, 0.92, 0.31, 0.92, 0.04, 1, 99, 99, 99]
--- num:  29
list:  [0.58, 0.58, 1, 1, 0.96, 0.96, 0.16199999999999998, 0.16199999999999998, 0.3, 0.3, 0.35, 0.38, 0, 0, 0.75, 0.35, 0.885, 0.73, 0.4, 0.89, 0.88, 0.4, 0.4, 0.31, 0.92, 0.31, 0.92, 0.04, 1, 99, 99, 99]
--- num:  29
list:  [0.58, 0.58, 1, 1, 0.96, 0.96, 0.16199999999999998, 0.16199999999999998, 0.35, 0.35, 0.56, 0.16, 0, 0, 0.5, 0.36, 0.87, 0.73, 0.45, 0.88, 0.86, 0.45, 0.45, 0.31, 0.92, 0.31, 0.92, 0.04, 1, 99, 99, 99]
--- num:  29
list:  [0.57, 0.57, 1, 1, 0.96, 0.96, 0.16199999999999998, 0.16199999999999998, 0.38, 0.38, 0.53, 0.2, 0, 0, 0.75, 0.38, 0.91, 0.74, 0.37, 0.91, 0.91, 0.37, 0.37, 0.31, 0.92, 0.31, 0.92, 0.04, 0.96, 99, 99, 99]
--- num:  29
list:  [0.58, 0.58, 1, 1, 0.96, 0.96, 0.16199999999999998, 0.16199999999999998, 0.37, 0.37, 0.46, 0.27, 0, 0, 0.75, 0.36, 0.92, 0.73, 0.37, 0.92, 0.92, 0.37, 0.37, 0.31, 0.92, 0.31, 0.92, 0.04, 1, 99, 99, 99]
--- num:  29
list:  [0.57, 0.57, 1, 1, 0.97, 0.97, 0.16199999999999998, 0.16199999999999998, 0.38, 0.38, 0.35, 0.37, 0, 0, 0.75, 0.33, 0.93, 0.71, 0.34, 0.93, 0.93, 0.34, 0.34, 0.31, 0.92, 0.31, 0.92, 0.04, 1, 99, 99, 99]
--- num:  29
list:  [0.57, 0.57, 1, 1, 0.97, 0.97, 0.16199999999999998, 0.16199999999999998, 0.37, 0.37, 0.35, 0.38, 0, 0, 0.75, 0.3, 0.95, 0.69, 0.31, 0.95, 0.95, 0.31, 0.31, 0.31, 0.92, 0.31, 0.92, 0.04, 1, 99, 99, 99]
--- num:  29
list:  [0.57, 0.57, 1, 1, 0.96, 0.96, 0.16199999999999998, 0.16199999999999998, 0.34, 0.34, 0.38, 0.34, 0, 0, 0.75, 0.32, 0.915, 0.7, 0.38, 0.91, 0.92, 0.38, 0.38, 0.31, 0.91, 0.34, 0.87, 0.04, 1, 99, 99, 99]
--- num:  29
list:  [0.57, 0.57, 1, 1, 0.96, 0.96, 0.16199999999999998, 0.16199999999999998, 0.27, 0.27, 0.33, 0.39, 0, 0, 0.5, 0.34, 0.76, 0.72, 0.52, 0.76, 0.76, 0.52, 0.52, 0.43, 0.69, 0.47, 0.6, 0.04, 1, 99, 99, 99]
--- num:  29
list:  [0.58, 0.58, 1, 1, 0.96, 0.96, 0.16199999999999998, 0.16199999999999998, 0.26, 0.26, 0.35, 0.38, 0, 0, 0.5, 0.34, 0.805, 0.71, 0.48, 0.81, 0.8, 0.48, 0.48, 0.42, 0.7, 0.46, 0.62, 0.04, 1, 99, 99, 99]
--- num:  29
list:  [0.58, 0.58, 1, 1, 0.96, 0.96, 0.16199999999999998, 0.16199999999999998, 0.27, 0.27, 0.31, 0.41, 0, 0, 0.75, 0.33, 0.89, 0.71, 0.39, 0.89, 0.89, 0.39, 0.39, 0.37, 0.8, 0.4, 0.73, 0.04, 1, 99, 99, 99]
--- num:  29
list:  [0.58, 0.58, 1, 1, 0.96, 0.96, 0.16199999999999998, 0.16199999999999998, 0.28, 0.28, 0.22, 0.51, 0, 0, 0.75, 0.3, 0.92, 0.69, 0.32, 0.92, 0.92, 0.32, 0.32, 0.31, 0.92, 0.32, 0.9, 0.04, 1, 99, 99, 99]
--- num:  29
list:  [0.57, 0.57, 1, 1, 0.97, 0.97, 0.16199999999999998, 0.16199999999999998, 0.29, 0.29, 0.13, 0.6, 0, 0, 0.75, 0.27, 0.94, 0.67, 0.3, 0.94, 0.94, 0.3, 0.3, 0.31, 0.92, 0.31, 0.92, 0.03, 1, 99, 99, 99]
--- num:  29
list:  [0.57, 0.57, 1, 1, 0.97, 0.97, 0.16199999999999998, 0.16199999999999998, 0.29, 0.29, 0.1, 0.63, 0, 0, 0.75, 0.27, 0.945, 0.66, 0.29, 0.94, 0.95, 0.29, 0.29, 0.31, 0.92, 0.31, 0.92, 0.03, 1, 99, 99, 99]
--- num:  29
list:  [0.57, 0.57, 1, 1, 0.97, 0.97, 0.16199999999999998, 0.16199999999999998, 0.3, 0.3, 0.13, 0.6, 0, 0, 0.75, 0.27, 0.95, 0.66, 0.3, 0.95, 0.95, 0.3, 0.3, 0.31, 0.92, 0.31, 0.92, 0.03, 1, 99, 99, 99]
--- num:  29
list:  [0.57, 0.57, 1, 1, 0.97, 0.97, 0.16199999999999998, 0.16199999999999998, 0.29, 0.29, 0.21, 0.51, 0, 0, 0.75, 0.27, 0.935, 0.67, 0.34, 0.93, 0.94, 0.34, 0.34, 0.31, 0.92, 0.31, 0.92, 0.03, 1, 99, 99, 99]
--- num:  29
list:  [0.57, 0.57, 1, 1, 0.97, 0.97, 0.16199999999999998, 0.16199999999999998, 0.29, 0.29, 0.32, 0.41, 0, 0, 0.75, 0.33, 0.83, 0.71, 0.46, 0.84, 0.82, 0.46, 0.46, 0.31, 0.92, 0.34, 0.86, 0.03, 1, 99, 99, 99]
--- num:  29
list:  [0.57, 0.57, 1, 1, 0.97, 0.97, 0.16199999999999998, 0.16199999999999998, 0.3, 0.3, 0.46, 0.26, 0, 0, 0.5, 0.33, 0.84, 0.71, 0.47, 0.85, 0.83, 0.47, 0.47, 0.31, 0.92, 0.31, 0.92, 0.03, 0.68, 99, 99, 99]
--- num:  29
list:  [0.57, 0.57, 1, 1, 0.97, 0.97, 0.16199999999999998, 0.16199999999999998, 0.29, 0.29, 0.53, 0.19, 0, 0, 0.5, 0.33, 0.845, 0.71, 0.44, 0.86, 0.83, 0.44, 0.44, 0.31, 0.92, 0.31, 0.92, 0.03, 0.42, 99, 99, 99]
--- num:  29
list:  [0.57, 0.57, 1, 1, 0.97, 0.97, 0.16199999999999998, 0.16199999999999998, 0.3, 0.3, 0.61, 0.12, 0, 0, 0.75, 0.31, 0.9, 0.7, 0.35, 0.91, 0.89, 0.35, 0.35, 0.31, 0.92, 0.31, 0.92, 0.03, 0.28, 99, 99, 99]
--- num:  29
list:  [0.56, 0.56, 1, 1, 0.97, 0.97, 0.16199999999999998, 0.16199999999999998, 0.3, 0.3, 0.65, 0.08, 0, 0, 0.75, 0.3, 0.91, 0.69, 0.33, 0.92, 0.9, 0.33, 0.33, 0.31, 0.92, 0.31, 0.92, 0.03, 0.23, 99, 99, 99]
--- num:  29
list:  [0.56, 0.56, 1, 1, 0.98, 0.98, 0.16199999999999998, 0.16199999999999998, 0.3, 0.3, 0.66, 0.07, 0, 0, 0.75, 0.3, 0.915, 0.69, 0.32, 0.92, 0.91, 0.32, 0.32, 0.31, 0.92, 0.31, 0.92, 0.03, 0.19, 99, 99, 99]
--- num:  29
list:  [0.56, 0.56, 1, 1, 0.98, 0.98, 0.16199999999999998, 0.16199999999999998, 0.29, 0.29, 0.6, 0.13, 0, 0, 0.75, 0.3, 0.91, 0.68, 0.33, 0.92, 0.9, 0.33, 0.33, 0.31, 0.92, 0.31, 0.92, 0.03, 0.2, 99, 99, 99]
--- num:  29
list:  [0.57, 0.57, 1, 1, 0.97, 0.97, 0.16199999999999998, 0.16199999999999998, 0.29, 0.29, 0.49, 0.24, 0, 0, 0.75, 0.29, 0.895, 0.68, 0.37, 0.91, 0.88, 0.37, 0.37, 0.31, 0.92, 0.31, 0.92, 0.03, 0.4, 99, 99, 99]
--- num:  29
list:  [0.57, 0.57, 1, 1, 0.97, 0.97, 0.16199999999999998, 0.16199999999999998, 0.29, 0.29, 0.36, 0.37, 0, 0, 0.5, 0.29, 0.88, 0.68, 0.39, 0.89, 0.87, 0.39, 0.39, 0.34, 0.85, 0.38, 0.79, 0.03, 0.73, 99, 99, 99]
--- num:  29
list:  [0.57, 0.57, 1, 1, 0.96, 0.96, 0.16199999999999998, 0.16199999999999998, 0.29, 0.29, 0.33, 0.39, 0, 0, 0.5, 0.31, 0.86, 0.69, 0.42, 0.87, 0.85, 0.42, 0.42, 0.36, 0.82, 0.4, 0.74, 0.03, 0.92, 99, 99, 99]
--- num:  29
list:  [0.57, 0.57, 1, 1, 0.97, 0.97, 0.16199999999999998, 0.16199999999999998, 0.29, 0.29, 0.42, 0.31, 0, 0, 0.5, 0.29, 0.875, 0.68, 0.38, 0.89, 0.86, 0.38, 0.38, 0.31, 0.92, 0.32, 0.9, 0.03, 0.45, 99, 99, 99]
--- num:  29
list:  [0.57, 0.57, 1, 1, 0.97, 0.97, 0.16199999999999998, 0.16199999999999998, 0.37, 0.37, 0.43, 0.29, 0, 0, 0.5, 0.31, 0.9, 0.69, 0.36, 0.91, 0.89, 0.36, 0.36, 0.31, 0.92, 0.31, 0.92, 0.03, 0.23, 99, 99, 99]
--- num:  29
list:  [0.57, 0.57, 1, 1, 0.97, 0.97, 0.16199999999999998, 0.16199999999999998, 0.38, 0.38, 0.5, 0.22, 0, 0, 0.75, 0.3, 0.915, 0.69, 0.35, 0.92, 0.91, 0.35, 0.35, 0.31, 0.92, 0.31, 0.92, 0.04, 0.2, 99, 99, 99]
--- num:  29
list:  [0.57, 0.57, 1, 1, 0.97, 0.97, 0.16199999999999998, 0.16199999999999998, 0.39, 0.39, 0.46, 0.27, 0, 0, 0.75, 0.28, 0.945, 0.67, 0.3, 0.95, 0.94, 0.3, 0.3, 0.31, 0.92, 0.31, 0.92, 0.04, 0.23, 99, 99, 99]
--- num:  29
list:  [0.58, 0.58, 1, 1, 0.96, 0.96, 0.5072949337959289, 0.5066525745391846, 0.17, 0.17, 0.51, 0.21, 0, 0, 0.75, 0.28, 0.885, 0.67, 0.35, 0.9, 0.87, 0.35, 0.35, 0.34, 0.87, 0.36, 0.83, 0.04, 0.3, 99, 99, 99]
--- num:  29
list:  [0.58, 0.58, 1, 1, 0.96, 0.96, 0.16199999999999998, 0.16199999999999998, 0.29, 0.29, 0.43, 0.29, 0, 0, 0.75, 0.28, 0.89, 0.67, 0.35, 0.9, 0.88, 0.35, 0.35, 0.31, 0.92, 0.31, 0.92, 0.03, 0.45, 99, 99, 99]
--- num:  29
list:  [0.57, 0.57, 1, 1, 0.96, 0.96, 0.16199999999999998, 0.16199999999999998, 0.31, 0.31, 0.37, 0.35, 0, 0, 0.5, 0.28, 0.895, 0.67, 0.38, 0.9, 0.89, 0.38, 0.38, 0.31, 0.92, 0.31, 0.92, 0.03, 0.72, 99, 99, 99]
--- num:  29
list:  [0.57, 0.57, 1, 1, 0.97, 0.97, 0.16199999999999998, 0.16199999999999998, 0.32, 0.32, 0.34, 0.38, 0, 0, 0.75, 0.28, 0.91, 0.68, 0.35, 0.91, 0.91, 0.35, 0.35, 0.31, 0.92, 0.31, 0.92, 0.03, 0.79, 99, 99, 99]
--- num:  29
list:  [0.57, 0.57, 1, 1, 0.97, 0.97, 0.9081914830207825, 0.9079497861862182, 0.2, 0.2, 0.36, 0.37, 0, 0, 0.5, 0.31, 0.86, 0.69, 0.33, 0.87, 0.85, 0.33, 0.33, 0.31, 0.92, 0.32, 0.89, 0.03, 0.72, 99, 99, 99]
--- num:  29
list:  [0.57, 0.57, 1, 1, 0.97, 0.97, 0.16199999999999998, 0.16199999999999998, 0.31, 0.31, 0.4, 0.32, 0, 0, 0.75, 0.29, 0.92, 0.68, 0.34, 0.92, 0.92, 0.34, 0.34, 0.31, 0.92, 0.31, 0.92, 0.02, 0.63, 99, 99, 99]
--- num:  29
list:  [0.56, 0.56, 1, 1, 0.97, 0.97, 0.16199999999999998, 0.16199999999999998, 0.35, 0.35, 0.43, 0.29, 0, 0, 0.75, 0.29, 0.91, 0.68, 0.36, 0.92, 0.9, 0.36, 0.36, 0.31, 0.92, 0.31, 0.92, 0.02, 0.59, 99, 99, 99]
--- num:  29
list:  [0.56, 0.56, 1, 1, 0.97, 0.97, 0.16199999999999998, 0.16199999999999998, 0.37, 0.37, 0.41, 0.31, 0, 0, 0.75, 0.29, 0.91, 0.68, 0.36, 0.92, 0.9, 0.36, 0.36, 0.31, 0.92, 0.31, 0.92, 0.02, 0.7, 99, 99, 99]
--- num:  29
list:  [0.56, 0.56, 1, 1, 0.97, 0.97, 0.16199999999999998, 0.16199999999999998, 0.39, 0.39, 0.38, 0.34, 0, 0, 0.75, 0.29, 0.905, 0.68, 0.38, 0.91, 0.9, 0.38, 0.38, 0.31, 0.92, 0.31, 0.92, 0.02, 0.86, 99, 99, 99]
--- num:  29
list:  [0.56, 0.56, 1, 1, 0.98, 0.98, 0.16199999999999998, 0.16199999999999998, 0.37, 0.37, 0.36, 0.36, 0.2549999999999999, 0.29999999999999993, 0.75, 0.29, 0.78, 0.68, 0.55, 0.79, 0.77, 0.55, 0.55, 0.72, 0.37, 0.75, 0.36, 0.02, 0.54, 99, 99, 99]
--- num:  29
list:  [0.09, 0.09, 0, 0, 1, 1, 0.16199999999999998, 0.16199999999999998, 0.36, 0.36, 0.35, 0.37, 0.32999999999999996, 0.2849999999999999, 1, 0.25, 0.95, 0.65, 0.3, 0.95, 0.95, 0.3, 0.3, 0.77, 0.35, 0.74, 0.36, 0.02, 0.44, 99, 99, 99]
--- num:  29
list:  [0.11, 0.11, 0.02, 0.02, 1, 1, 0.16199999999999998, 0.16199999999999998, 0.35, 0.35, 0.34, 0.38, 0.2849999999999999, 0.2549999999999999, 1, 0.24, 0.96, 0.64, 0.28, 0.96, 0.96, 0.28, 0.28, 0.74, 0.36, 0.72, 0.38, 0.02, 0.48, 99, 99, 99]
--- num:  29
list:  [0.17, 0.17, 0.16, 0.16, 1, 1, 0.16199999999999998, 0.16199999999999998, 0.34, 0.34, 0.34, 0.39, 0.2699999999999999, 0.23999999999999988, 1, 0.23, 0.97, 0.64, 0.27, 0.97, 0.97, 0.27, 0.27, 0.73, 0.37, 0.71, 0.38, 0.02, 0.5, 99, 99, 99]
--- num:  29
list:  [0.23, 0.23, 0.3, 0.3, 1, 1, 0.16199999999999998, 0.16199999999999998, 0.33, 0.33, 0.34, 0.39, 0.23999999999999988, 0.22499999999999987, 1, 0.23, 0.97, 0.63, 0.26, 0.97, 0.97, 0.26, 0.26, 0.71, 0.38, 0.7, 0.38, 0.01, 0.52, 99, 99, 99]
--- num:  29
list:  [0.22, 0.22, 0.28, 0.28, 1, 1, 0.16199999999999998, 0.16199999999999998, 0.33, 0.33, 0.34, 0.38, 0.2549999999999999, 0.22499999999999987, 1, 0.22, 0.98, 0.63, 0.26, 0.98, 0.98, 0.26, 0.26, 0.72, 0.38, 0.7, 0.38, 0.01, 0.54, 99, 99, 99]
--- num:  29
list:  [0.29, 0.29, 0.44, 0.44, 1, 1, 0.16199999999999998, 0.16199999999999998, 0.33, 0.33, 0.35, 0.38, 0.22499999999999987, 0.195, 1, 0.22, 0.98, 0.63, 0.25, 0.98, 0.98, 0.25, 0.25, 0.7, 0.38, 0.68, 0.39, 0.01, 0.55, 99, 99, 99]
--- num:  29
list:  [0.31, 0.31, 0.48, 0.48, 1, 1, 0.16199999999999998, 0.16199999999999998, 0.34, 0.34, 0.34, 0.38, 0.18, 0.14999999999999997, 1, 0.22, 0.98, 0.63, 0.25, 0.98, 0.98, 0.25, 0.25, 0.67, 0.4, 0.65, 0.4, 0.01, 0.56, 99, 99, 99]
--- num:  29
list:  [0.36, 0.36, 0.6, 0.6, 1, 1, 0.16199999999999998, 0.16199999999999998, 0.34, 0.34, 0.35, 0.38, 0.16499999999999998, 0.14999999999999997, 1, 0.22, 0.99, 0.62, 0.25, 0.99, 0.99, 0.25, 0.25, 0.66, 0.4, 0.65, 0.41, 0.01, 0.57, 99, 99, 99]
--- num:  29
list:  [0.33, 0.33, 0.53, 0.53, 1, 1, 0.16199999999999998, 0.16199999999999998, 0.34, 0.34, 0.35, 0.37, 0.16499999999999998, 0.13499999999999995, 1, 0.22, 0.99, 0.62, 0.25, 0.99, 0.99, 0.25, 0.25, 0.66, 0.4, 0.64, 0.41, 0.01, 0.58, 99, 99, 99]
--- num:  29
list:  [0.39, 0.39, 0.68, 0.68, 1, 1, 0.16199999999999998, 0.16199999999999998, 0.34, 0.34, 0.35, 0.37, 0.14999999999999997, 0.13499999999999995, 1, 0.21, 0.99, 0.62, 0.25, 0.99, 0.99, 0.25, 0.25, 0.65, 0.4, 0.64, 0.41, 0.01, 0.58, 99, 99, 99]
--- num:  29
list:  [0.37, 0.37, 0.63, 0.63, 1, 1, 0.16199999999999998, 0.16199999999999998, 0.34, 0.34, 0.35, 0.37, 0.14999999999999997, 0.11999999999999994, 1, 0.21, 0.99, 0.62, 0.25, 0.99, 0.99, 0.25, 0.25, 0.65, 0.41, 0.63, 0.41, 0.01, 0.58, 99, 99, 99]
--- num:  29
list:  [0.42, 0.42, 0.75, 0.75, 1, 1, 0.16199999999999998, 0.16199999999999998, 0.34, 0.34, 0.35, 0.37, 0.13499999999999995, 0.11999999999999994, 1, 0.21, 0.99, 0.62, 0.25, 0.99, 0.99, 0.25, 0.25, 0.64, 0.41, 0.63, 0.41, 0.01, 0.58, 99, 99, 99]
--- num:  29
