start livelink
[0.13, -0.002, -0.097]
[0.13, -0.003, -0.097]
[0.127, -0.004, -0.095]
[0.12, -0.004, -0.092]
[0.114, -0.005, -0.087]
[0.112, -0.005, -0.08]
[0.115, -0.005, -0.073]
[0.153, -0.011, -0.073]
[0.108, -0.01, -0.063]
[0.113, -0.012, -0.066]
[0.113, -0.012, -0.066]
[0.117, -0.013, -0.067]
[0.121, -0.014, -0.069]
[0.126, -0.015, -0.069]
[0.135, -0.015, -0.069]
[0.143, -0.016, -0.068]
[0.15, -0.018, -0.066]
[0.158, -0.017, -0.064]
[0.165, -0.016, -0.062]
[0.168, -0.015, -0.06]
[0.17, -0.013, -0.059]
[0.173, -0.013, -0.058]
[0.177, -0.014, -0.057]
[0.183, -0.017, -0.055]
[0.191, -0.017, -0.048]
[0.191, -0.017, -0.048]
[0.193, -0.016, -0.044]
[0.194, -0.014, -0.04]
[0.194, -0.013, -0.038]
[0.194, -0.012, -0.037]
[0.195, -0.01, -0.035]
[0.198, -0.008, -0.034]
[0.202, -0.006, -0.034]
[0.209, -0.004, -0.034]
[0.216, -0.001, -0.034]
[0.221, 0.001, -0.032]
[0.225, 0.004, -0.028]
[0.228, 0.007, -0.023]
[0.23, 0.009, -0.02]
[0.233, 0.012, -0.018]
[0.235, 0.013, -0.018]
[0.238, 0.015, -0.017]
[0.242, 0.017, -0.015]
[0.245, 0.018, -0.014]
[0.249, 0.021, -0.01]
[0.253, 0.024, -0.007]
[0.257, 0.026, -0.006]
[0.26, 0.028, -0.005]
[0.267, 0.03, -0.007]
[0.272, 0.031, -0.008]
[0.277, 0.033, -0.008]
[0.285, 0.034, -0.006]
[0.291, 0.036, -0.001]
[0.295, 0.039, 0.002]
[0.296, 0.041, 0.003]
[0.295, 0.045, 0.002]
[0.294, 0.048, -0.0]
[0.295, 0.051, -0.002]
[0.297, 0.054, -0.002]
[0.3, 0.056, -0.002]
[0.303, 0.059, -0.002]
[0.305, 0.062, -0.003]
[0.306, 0.066, -0.004]
[0.306, 0.069, -0.004]
[0.306, 0.071, -0.003]
[0.305, 0.073, -0.001]
[0.306, 0.074, 0.004]
[0.308, 0.075, 0.009]
[0.309, 0.075, 0.011]
[0.312, 0.075, 0.013]
[0.315, 0.075, 0.013]
[0.321, 0.075, 0.011]
[0.326, 0.075, 0.012]
[0.329, 0.075, 0.016]
[0.331, 0.074, 0.021]
[0.329, 0.074, 0.028]
[0.324, 0.073, 0.034]
[0.32, 0.072, 0.037]
[0.309, 0.07, 0.044]
[0.309, 0.07, 0.044]
[0.304, 0.07, 0.048]
[0.302, 0.069, 0.051]
[0.304, 0.066, 0.055]
[0.304, 0.066, 0.055]
[0.303, 0.064, 0.053]
[0.301, 0.062, 0.049]
[0.294, 0.058, 0.036]
[0.294, 0.058, 0.036]
[0.292, 0.055, 0.03]
[0.292, 0.052, 0.024]
[0.293, 0.044, 0.012]
[0.293, 0.044, 0.012]
[0.293, 0.04, 0.008]
[0.292, 0.037, 0.004]
[0.29, 0.034, -0.001]
[0.288, 0.032, -0.006]
[0.285, 0.03, -0.009]
[0.281, 0.028, -0.012]
[0.279, 0.026, -0.014]
[0.28, 0.025, -0.017]
[0.286, 0.023, -0.021]
[0.296, 0.022, -0.024]
[0.306, 0.021, -0.028]
[0.319, 0.019, -0.032]
[0.328, 0.019, -0.035]
[0.335, 0.019, -0.034]
[0.349, 0.018, -0.024]
[0.349, 0.018, -0.024]
[0.357, 0.017, -0.018]
[0.365, 0.015, -0.014]
[0.373, 0.015, -0.011]
[0.381, 0.014, -0.009]
[0.389, 0.013, -0.008]
[0.396, 0.013, -0.008]
[0.4, 0.014, -0.007]
[0.406, 0.015, -0.006]
[0.41, 0.016, -0.003]
[0.415, 0.018, 0.001]
[0.426, 0.022, 0.01]
[0.426, 0.022, 0.01]
[0.43, 0.025, 0.014]
[0.433, 0.029, 0.018]
[0.44, 0.038, 0.03]
[0.44, 0.038, 0.03]
[0.449, 0.042, 0.041]
[0.459, 0.047, 0.053]
[0.472, 0.057, 0.078]
[0.472, 0.057, 0.078]
[0.481, 0.062, 0.09]
[0.495, 0.068, 0.103]
[0.527, 0.077, 0.127]
[0.527, 0.077, 0.127]
[0.538, 0.081, 0.135]
[0.549, 0.084, 0.143]
[0.558, 0.087, 0.15]
[0.567, 0.089, 0.156]
[0.577, 0.091, 0.162]
[0.587, 0.093, 0.167]
[0.59, 0.094, 0.171]
[0.59, 0.096, 0.174]
[0.59, 0.097, 0.179]
[0.59, 0.097, 0.179]
[0.59, 0.098, 0.18]
[0.59, 0.098, 0.182]
[0.59, 0.098, 0.185]
[0.59, 0.098, 0.185]
[0.59, 0.099, 0.186]
[0.589, 0.099, 0.186]
[0.586, 0.099, 0.187]
[0.583, 0.099, 0.187]
[0.581, 0.1, 0.187]
[0.578, 0.1, 0.187]
[0.574, 0.101, 0.187]
[0.572, 0.102, 0.187]
[0.57, 0.103, 0.186]
[0.569, 0.104, 0.186]
[0.569, 0.105, 0.186]
[0.568, 0.106, 0.185]
[0.568, 0.107, 0.185]
[0.569, 0.108, 0.186]
[0.57, 0.11, 0.188]
[0.571, 0.11, 0.193]
[0.568, 0.11, 0.204]
[0.568, 0.11, 0.204]
[0.564, 0.111, 0.208]
[0.56, 0.112, 0.211]
[0.553, 0.113, 0.212]
[0.548, 0.114, 0.214]
[0.544, 0.115, 0.216]
[0.541, 0.116, 0.22]
[0.538, 0.117, 0.222]
[0.534, 0.118, 0.225]
[0.528, 0.119, 0.229]
[0.522, 0.12, 0.233]
[0.517, 0.121, 0.238]
[0.512, 0.123, 0.245]
[0.508, 0.124, 0.25]
[0.504, 0.125, 0.256]
[0.498, 0.126, 0.262]
[0.492, 0.126, 0.266]
[0.48, 0.127, 0.272]
[0.48, 0.127, 0.272]
[0.474, 0.127, 0.274]
[0.469, 0.128, 0.274]
[0.462, 0.129, 0.272]
[0.456, 0.13, 0.27]
[0.449, 0.131, 0.267]
[0.44, 0.133, 0.262]
[0.432, 0.135, 0.256]
[0.425, 0.136, 0.251]
[0.419, 0.136, 0.246]
[0.413, 0.136, 0.241]
[0.407, 0.136, 0.234]
[0.402, 0.135, 0.226]
[0.398, 0.134, 0.218]
[0.391, 0.133, 0.207]
[0.385, 0.132, 0.194]
[0.382, 0.129, 0.181]
[0.384, 0.126, 0.171]
[0.384, 0.123, 0.162]
[0.385, 0.119, 0.153]
[0.385, 0.115, 0.143]
[0.384, 0.11, 0.134]
[0.383, 0.106, 0.126]
[0.383, 0.1, 0.118]
[0.383, 0.095, 0.11]
[0.384, 0.09, 0.1]
[0.385, 0.084, 0.089]
[0.385, 0.08, 0.079]
[0.383, 0.075, 0.068]
[0.381, 0.071, 0.058]
[0.379, 0.067, 0.047]
[0.377, 0.063, 0.037]
[0.375, 0.058, 0.025]
[0.371, 0.053, 0.014]
[0.368, 0.049, 0.003]
[0.361, 0.04, -0.023]
[0.361, 0.04, -0.023]
[0.359, 0.035, -0.036]
[0.358, 0.031, -0.047]
[0.357, 0.025, -0.062]
[0.357, 0.025, -0.062]
[0.356, 0.022, -0.068]
[0.355, 0.019, -0.073]
[0.351, 0.017, -0.081]
[0.351, 0.017, -0.081]
[0.347, 0.016, -0.083]
[0.344, 0.015, -0.084]
[0.34, 0.014, -0.083]
[0.337, 0.014, -0.08]
[0.335, 0.014, -0.075]
[0.332, 0.014, -0.07]
[0.33, 0.016, -0.063]
[0.328, 0.018, -0.053]
[0.326, 0.021, -0.042]
[0.324, 0.024, -0.031]
[0.32, 0.028, -0.02]
[0.316, 0.032, -0.009]
[0.312, 0.036, 0.005]
[0.308, 0.04, 0.021]
[0.305, 0.044, 0.037]
[0.303, 0.048, 0.051]
[0.303, 0.052, 0.067]
[0.303, 0.057, 0.083]
[0.301, 0.061, 0.097]
[0.297, 0.065, 0.112]
[0.288, 0.068, 0.124]
[0.28, 0.072, 0.135]
[0.272, 0.075, 0.144]
[0.265, 0.078, 0.152]
[0.26, 0.082, 0.16]
[0.254, 0.085, 0.168]
[0.249, 0.088, 0.174]
[0.244, 0.09, 0.18]
[0.24, 0.092, 0.184]
[0.237, 0.093, 0.186]
[0.235, 0.095, 0.188]
[0.235, 0.096, 0.188]
[0.236, 0.097, 0.187]
[0.238, 0.098, 0.184]
[0.248, 0.095, 0.169]
[0.248, 0.095, 0.169]
[0.254, 0.092, 0.156]
[0.255, 0.09, 0.139]
[0.259, 0.088, 0.121]
[0.263, 0.087, 0.098]
[0.27, 0.083, 0.074]
[0.273, 0.08, 0.047]
[0.275, 0.077, 0.02]
[0.277, 0.072, -0.008]
[0.277, 0.068, -0.036]
[0.276, 0.064, -0.059]
[0.271, 0.06, -0.082]
[0.268, 0.056, -0.103]
[0.266, 0.051, -0.121]
[0.267, 0.048, -0.139]
[0.27, 0.045, -0.156]
[0.273, 0.042, -0.173]
[0.273, 0.04, -0.186]
[0.273, 0.037, -0.196]
[0.272, 0.035, -0.204]
[0.269, 0.033, -0.209]
[0.267, 0.031, -0.212]
[0.263, 0.028, -0.214]
[0.259, 0.026, -0.212]
[0.257, 0.024, -0.209]
[0.254, 0.021, -0.204]
[0.254, 0.019, -0.199]
[0.26, 0.014, -0.178]
[0.26, 0.014, -0.178]
[0.262, 0.011, -0.163]
[0.261, 0.007, -0.142]
[0.263, 0.0, -0.095]
[0.263, 0.0, -0.095]
[0.265, -0.003, -0.07]
[0.27, -0.006, -0.041]
[0.271, -0.008, -0.013]
[0.273, -0.008, 0.013]
[0.277, -0.01, 0.034]
[0.282, -0.012, 0.057]
[0.285, -0.014, 0.078]
[0.284, -0.014, 0.097]
[0.282, -0.013, 0.114]
[0.279, -0.012, 0.13]
[0.278, -0.008, 0.152]
[0.278, -0.008, 0.152]
[0.278, -0.005, 0.161]
[0.278, -0.001, 0.168]
[0.278, 0.002, 0.174]
[0.275, 0.006, 0.18]
[0.274, 0.011, 0.185]
[0.271, 0.016, 0.189]
[0.271, 0.022, 0.194]
[0.27, 0.027, 0.197]
[0.269, 0.033, 0.202]
[0.267, 0.039, 0.206]
[0.263, 0.044, 0.212]
[0.261, 0.05, 0.22]
[0.259, 0.057, 0.229]
[0.257, 0.061, 0.237]
[0.255, 0.067, 0.245]
[0.253, 0.073, 0.252]
[0.251, 0.078, 0.258]
[0.249, 0.084, 0.261]
[0.243, 0.096, 0.263]
[0.243, 0.096, 0.263]
[0.242, 0.102, 0.262]
[0.24, 0.107, 0.257]
[0.238, 0.111, 0.249]
[0.236, 0.116, 0.239]
[0.237, 0.119, 0.228]
[0.241, 0.123, 0.215]
[0.259, 0.126, 0.179]
[0.268, 0.124, 0.158]
[0.274, 0.124, 0.135]
[0.279, 0.124, 0.088]
[0.279, 0.124, 0.088]
[0.283, 0.121, 0.065]
[0.285, 0.119, 0.042]
[0.29, 0.114, 0.003]
[0.29, 0.114, 0.003]
[0.292, 0.111, -0.018]
[0.292, 0.108, -0.041]
[0.295, 0.102, -0.08]
[0.295, 0.102, -0.08]
[0.294, 0.099, -0.095]
[0.295, 0.097, -0.109]
[0.292, 0.092, -0.132]
[0.292, 0.092, -0.132]
[0.291, 0.09, -0.141]
[0.291, 0.088, -0.149]
[0.291, 0.085, -0.154]
[0.291, 0.083, -0.157]
[0.29, 0.081, -0.158]
[0.29, 0.078, -0.158]
[0.289, 0.076, -0.154]
[0.289, 0.073, -0.146]
[0.287, 0.07, -0.132]
[0.287, 0.067, -0.112]
[0.282, 0.066, -0.091]
[0.28, 0.065, -0.072]
[0.279, 0.064, -0.051]
[0.279, 0.063, -0.032]
[0.281, 0.064, -0.013]
[0.282, 0.065, 0.005]
[0.281, 0.067, 0.02]
[0.278, 0.068, 0.034]
[0.274, 0.072, 0.053]
[0.274, 0.072, 0.053]
[0.273, 0.074, 0.059]
[0.273, 0.076, 0.064]
[0.272, 0.078, 0.068]
[0.272, 0.08, 0.07]
[0.273, 0.083, 0.071]
[0.273, 0.085, 0.07]
[0.276, 0.09, 0.063]
[0.276, 0.09, 0.063]
[0.279, 0.092, 0.056]
[0.285, 0.094, 0.046]
[0.299, 0.096, 0.021]
[0.299, 0.096, 0.021]
[0.302, 0.097, 0.006]
[0.303, 0.099, -0.006]
[0.303, 0.102, -0.025]
[0.303, 0.102, -0.025]
[0.305, 0.103, -0.036]
[0.307, 0.105, -0.045]
[0.313, 0.106, -0.062]
[0.313, 0.106, -0.062]
[0.315, 0.106, -0.068]
[0.316, 0.106, -0.074]
[0.316, 0.103, -0.081]
[0.316, 0.103, -0.081]
[0.316, 0.101, -0.084]
[0.314, 0.098, -0.086]
[0.311, 0.092, -0.088]
[0.311, 0.092, -0.088]
[0.31, 0.088, -0.089]
[0.311, 0.083, -0.09]
[0.316, 0.074, -0.092]
[0.316, 0.074, -0.092]
[0.318, 0.07, -0.091]
[0.318, 0.065, -0.089]
[0.311, 0.055, -0.087]
[0.311, 0.055, -0.087]
[0.309, 0.051, -0.088]
[0.307, 0.047, -0.09]
[0.305, 0.036, -0.091]
[0.305, 0.036, -0.091]
[0.304, 0.03, -0.09]
[0.302, 0.025, -0.089]
[0.3, 0.015, -0.085]
[0.3, 0.015, -0.085]
[0.299, 0.01, -0.083]
[0.299, 0.005, -0.08]
[0.297, -0.005, -0.076]
[0.297, -0.005, -0.076]
[0.297, -0.01, -0.074]
[0.297, -0.014, -0.072]
[0.299, -0.023, -0.069]
[0.299, -0.023, -0.069]
[0.299, -0.028, -0.068]
[0.3, -0.032, -0.066]
[0.302, -0.039, -0.065]
[0.302, -0.039, -0.065]
[0.304, -0.043, -0.063]
[0.307, -0.045, -0.061]
[0.31, -0.048, -0.055]
[0.31, -0.048, -0.055]
[0.313, -0.049, -0.051]
[0.318, -0.05, -0.045]
[0.325, -0.052, -0.028]
[0.325, -0.052, -0.028]
[0.328, -0.052, -0.016]
[0.332, -0.053, -0.004]
[0.338, -0.053, 0.009]
[0.342, -0.053, 0.022]
[0.347, -0.054, 0.038]
[0.353, -0.053, 0.054]
[0.354, -0.051, 0.087]
[0.354, -0.051, 0.087]
[0.352, -0.048, 0.103]
[0.351, -0.045, 0.119]
[0.35, -0.04, 0.144]
[0.35, -0.04, 0.144]
[0.351, -0.037, 0.154]
[0.352, -0.035, 0.164]
[0.352, -0.033, 0.172]
[0.354, -0.031, 0.179]
[0.356, -0.029, 0.186]
[0.357, -0.028, 0.192]
[0.355, -0.027, 0.202]
[0.355, -0.027, 0.202]
[0.353, -0.026, 0.206]
[0.35, -0.027, 0.208]
[0.345, -0.028, 0.21]
[0.345, -0.028, 0.21]
[0.343, -0.029, 0.21]
[0.34, -0.029, 0.208]
[0.333, -0.03, 0.201]
[0.333, -0.03, 0.201]
[0.331, -0.031, 0.194]
[0.332, -0.034, 0.187]
[0.338, -0.04, 0.17]
[0.338, -0.04, 0.17]
[0.341, -0.044, 0.161]
[0.343, -0.047, 0.152]
[0.349, -0.052, 0.128]
[0.349, -0.052, 0.128]
[0.351, -0.054, 0.112]
[0.351, -0.056, 0.095]
[0.348, -0.059, 0.058]
[0.348, -0.059, 0.058]
[0.346, -0.061, 0.035]
[0.346, -0.063, 0.015]
[0.339, -0.066, -0.019]
[0.339, -0.066, -0.019]
[0.337, -0.068, -0.033]
[0.334, -0.069, -0.048]
[0.331, -0.07, -0.061]
[0.329, -0.071, -0.073]
[0.327, -0.072, -0.083]
[0.324, -0.074, -0.091]
[0.319, -0.076, -0.098]
[0.311, -0.079, -0.102]
[0.303, -0.082, -0.105]
[0.296, -0.085, -0.105]
[0.288, -0.091, -0.102]
[0.288, -0.091, -0.102]
[0.287, -0.092, -0.101]
[0.284, -0.093, -0.099]
[0.282, -0.093, -0.097]
[0.281, -0.094, -0.095]
[0.28, -0.095, -0.092]
[0.283, -0.095, -0.09]
[0.285, -0.096, -0.087]
[0.287, -0.097, -0.085]
[0.289, -0.097, -0.081]
[0.292, -0.097, -0.077]
[0.295, -0.097, -0.066]
[0.295, -0.097, -0.066]
[0.295, -0.097, -0.06]
[0.294, -0.096, -0.055]
[0.293, -0.095, -0.046]
[0.294, -0.093, -0.042]
[0.294, -0.093, -0.042]
[0.294, -0.092, -0.037]
[0.295, -0.089, -0.032]
[0.294, -0.087, -0.027]
[0.294, -0.084, -0.022]
[0.294, -0.081, -0.018]
[0.298, -0.073, -0.012]
[0.298, -0.073, -0.012]
[0.304, -0.068, -0.01]
[0.31, -0.065, -0.009]
[0.319, -0.058, -0.005]
[0.319, -0.058, -0.005]
[0.321, -0.056, -0.003]
[0.322, -0.052, -0.003]
[0.321, -0.05, -0.002]
[0.319, -0.047, -0.003]
[0.316, -0.045, -0.002]
[0.314, -0.043, -0.002]
[0.308, -0.039, -0.001]
[0.308, -0.039, -0.001]
[0.305, -0.038, -0.003]
[0.301, -0.036, -0.004]
[0.295, -0.032, -0.006]
[0.295, -0.032, -0.006]
[0.292, -0.03, -0.006]
[0.288, -0.028, -0.005]
[0.276, -0.025, -0.005]
[0.276, -0.025, -0.005]
[0.269, -0.024, -0.007]
[0.26, -0.023, -0.011]
[0.239, -0.022, -0.023]
[0.239, -0.022, -0.023]
[0.233, -0.023, -0.029]
[0.231, -0.023, -0.035]
[0.23, -0.025, -0.044]
[0.23, -0.025, -0.044]
[0.229, -0.025, -0.048]
[0.228, -0.025, -0.053]
[0.231, -0.027, -0.061]
[0.231, -0.027, -0.061]
[0.233, -0.029, -0.064]
[0.233, -0.03, -0.065]
[0.232, -0.031, -0.067]
[0.23, -0.032, -0.068]
[0.226, -0.032, -0.069]
[0.223, -0.031, -0.069]
[0.221, -0.03, -0.067]
[0.219, -0.03, -0.065]
[0.217, -0.029, -0.062]
[0.217, -0.028, -0.058]
[0.215, -0.026, -0.054]
[0.21, -0.024, -0.05]
[0.204, -0.022, -0.046]
[0.197, -0.02, -0.042]
[0.19, -0.018, -0.039]
[0.185, -0.016, -0.036]
[0.181, -0.013, -0.033]
[0.176, -0.009, -0.031]
[0.169, -0.003, -0.027]
[0.169, -0.003, -0.027]
[0.165, -0.001, -0.025]
[0.161, 0.002, -0.021]
[0.155, 0.004, -0.019]
[0.149, 0.007, -0.015]
[0.144, 0.01, -0.012]
[0.137, 0.012, -0.008]
[0.126, 0.017, 0.001]
[0.126, 0.017, 0.001]
[0.121, 0.018, 0.005]
[0.117, 0.02, 0.01]
[0.112, 0.022, 0.015]
[0.107, 0.025, 0.019]
[0.105, 0.027, 0.023]
[0.102, 0.03, 0.025]
[0.099, 0.036, 0.031]
[0.099, 0.036, 0.031]
[0.095, 0.039, 0.033]
[0.092, 0.041, 0.036]
[0.086, 0.045, 0.041]
[0.086, 0.045, 0.041]
[0.086, 0.048, 0.044]
[0.087, 0.049, 0.046]
[0.086, 0.052, 0.047]
[0.086, 0.052, 0.047]
[0.085, 0.054, 0.047]
[0.083, 0.056, 0.047]
[0.081, 0.057, 0.046]
[0.078, 0.058, 0.045]
[0.076, 0.059, 0.044]
[0.073, 0.059, 0.043]
[0.069, 0.058, 0.041]
[0.069, 0.058, 0.041]
[0.067, 0.058, 0.039]
[0.067, 0.057, 0.036]
[0.068, 0.056, 0.031]
[0.068, 0.056, 0.031]
[0.068, 0.055, 0.028]
[0.067, 0.055, 0.026]
[0.067, 0.053, 0.023]
[0.067, 0.053, 0.023]
[0.07, 0.052, 0.02]
[0.073, 0.052, 0.017]
[0.077, 0.052, 0.013]
[0.08, 0.051, 0.011]
[0.083, 0.051, 0.009]
[0.085, 0.05, 0.007]
[0.086, 0.049, 0.002]
[0.086, 0.049, 0.002]
[0.085, 0.05, 0.0]
[0.086, 0.049, -0.001]
[0.086, 0.049, -0.001]
[0.089, 0.047, 0.0]
[0.092, 0.045, 0.001]
[0.099, 0.041, 0.003]
[0.099, 0.041, 0.003]
[0.102, 0.038, 0.004]
[0.105, 0.036, 0.005]
[0.112, 0.033, 0.008]
[0.112, 0.033, 0.008]
[0.116, 0.032, 0.009]
[0.12, 0.032, 0.009]
[0.127, 0.03, 0.007]
[0.127, 0.03, 0.007]
[0.13, 0.029, 0.006]
[0.134, 0.028, 0.005]
[0.141, 0.027, 0.003]
[0.141, 0.027, 0.003]
[0.145, 0.025, 0.001]
[0.15, 0.024, -0.001]
[0.163, 0.021, -0.005]
[0.163, 0.021, -0.005]
[0.17, 0.02, -0.006]
[0.177, 0.018, -0.007]
[0.184, 0.017, -0.009]
[0.191, 0.015, -0.01]
[0.196, 0.014, -0.011]
[0.2, 0.013, -0.013]
[0.205, 0.012, -0.014]
[0.211, 0.011, -0.015]
[0.216, 0.01, -0.017]
[0.221, 0.01, -0.018]
[0.225, 0.009, -0.02]
[0.227, 0.009, -0.022]
[0.225, 0.009, -0.023]
[0.222, 0.01, -0.026]
[0.219, 0.011, -0.03]
[0.216, 0.013, -0.033]
[0.214, 0.014, -0.036]
[0.211, 0.015, -0.038]
[0.207, 0.014, -0.039]
[0.207, 0.014, -0.039]
[0.207, 0.014, -0.039]
[0.208, 0.013, -0.038]
[0.211, 0.013, -0.038]
[0.213, 0.013, -0.038]
[0.213, 0.013, -0.038]
[0.213, 0.012, -0.038]
[0.209, 0.011, -0.038]
[0.209, 0.011, -0.038]
[0.207, 0.01, -0.038]
[0.203, 0.01, -0.038]
[0.199, 0.01, -0.039]
[0.196, 0.01, -0.039]
[0.192, 0.011, -0.041]
[0.19, 0.011, -0.041]
[0.189, 0.011, -0.042]
[0.189, 0.012, -0.041]
[0.189, 0.012, -0.041]
[0.188, 0.012, -0.041]
[0.184, 0.013, -0.043]
[0.184, 0.013, -0.043]
[0.183, 0.014, -0.044]
[0.182, 0.014, -0.045]
[0.181, 0.015, -0.047]
[0.181, 0.015, -0.047]
[0.178, 0.016, -0.048]
[0.176, 0.017, -0.051]
[0.173, 0.018, -0.054]
[0.172, 0.019, -0.057]
[0.174, 0.02, -0.059]
[0.177, 0.019, -0.059]
