start livelink
[-0.058, 0.023, -0.1]
[-0.063, 0.023, -0.101]
[-0.064, 0.023, -0.1]
[-0.064, 0.022, -0.1]
[-0.061, 0.022, -0.1]
[-0.058, 0.021, -0.098]
[-0.054, 0.022, -0.096]
[-0.051, 0.023, -0.092]
[-0.05, 0.025, -0.086]
[-0.041, 0.028, -0.081]
[-0.023, 0.034, -0.075]
[-0.014, 0.042, -0.079]
[-0.01, 0.045, -0.073]
[-0.009, 0.04, -0.069]
[-0.02, 0.035, -0.071]
[-0.024, 0.031, -0.067]
[-0.021, 0.028, -0.067]
[-0.018, 0.029, -0.064]
[-0.011, 0.03, -0.06]
[-0.004, 0.031, -0.058]
[0.003, 0.031, -0.054]
[0.009, 0.031, -0.048]
[0.016, 0.03, -0.042]
[0.019, 0.029, -0.04]
[0.022, 0.029, -0.038]
[0.027, 0.029, -0.038]
[0.032, 0.032, -0.039]
[0.032, 0.032, -0.039]
[0.035, 0.033, -0.037]
[0.036, 0.035, -0.034]
[0.037, 0.038, -0.032]
[0.041, 0.042, -0.029]
[0.045, 0.046, -0.027]
[0.05, 0.049, -0.026]
[0.053, 0.052, -0.025]
[0.055, 0.054, -0.024]
[0.055, 0.056, -0.022]
[0.055, 0.058, -0.02]
[0.054, 0.059, -0.017]
[0.055, 0.061, -0.014]
[0.055, 0.064, -0.012]
[0.056, 0.067, -0.008]
[0.059, 0.07, -0.005]
[0.061, 0.073, -0.001]
[0.065, 0.076, 0.004]
[0.068, 0.079, 0.008]
[0.071, 0.082, 0.014]
[0.074, 0.084, 0.025]
[0.074, 0.084, 0.025]
[0.079, 0.088, 0.033]
[0.087, 0.093, 0.041]
[0.096, 0.099, 0.048]
[0.105, 0.104, 0.055]
[0.114, 0.108, 0.063]
[0.123, 0.111, 0.071]
[0.131, 0.114, 0.078]
[0.14, 0.117, 0.081]
[0.148, 0.119, 0.083]
[0.156, 0.121, 0.084]
[0.161, 0.122, 0.085]
[0.165, 0.123, 0.087]
[0.171, 0.125, 0.091]
[0.171, 0.125, 0.091]
[0.173, 0.126, 0.093]
[0.174, 0.128, 0.095]
[0.173, 0.131, 0.096]
[0.169, 0.135, 0.097]
[0.166, 0.139, 0.096]
[0.163, 0.143, 0.095]
[0.162, 0.149, 0.093]
[0.162, 0.149, 0.093]
[0.165, 0.151, 0.095]
[0.169, 0.153, 0.096]
[0.172, 0.155, 0.097]
[0.174, 0.159, 0.099]
[0.174, 0.163, 0.1]
[0.173, 0.167, 0.1]
[0.171, 0.171, 0.1]
[0.172, 0.174, 0.1]
[0.173, 0.177, 0.101]
[0.175, 0.18, 0.104]
[0.177, 0.182, 0.107]
[0.179, 0.185, 0.11]
[0.181, 0.186, 0.113]
[0.184, 0.188, 0.115]
[0.189, 0.189, 0.117]
[0.193, 0.189, 0.118]
[0.198, 0.189, 0.12]
[0.202, 0.188, 0.122]
[0.205, 0.188, 0.124]
[0.208, 0.186, 0.125]
[0.208, 0.185, 0.125]
[0.208, 0.184, 0.124]
[0.206, 0.181, 0.12]
[0.204, 0.177, 0.116]
[0.203, 0.171, 0.11]
[0.203, 0.164, 0.1]
[0.206, 0.155, 0.088]
[0.206, 0.145, 0.069]
[0.206, 0.133, 0.044]
[0.207, 0.123, 0.022]
[0.207, 0.113, 0.004]
[0.204, 0.104, -0.009]
[0.199, 0.095, -0.023]
[0.194, 0.086, -0.036]
[0.189, 0.079, -0.048]
[0.185, 0.071, -0.058]
[0.181, 0.063, -0.068]
[0.18, 0.054, -0.076]
[0.182, 0.039, -0.087]
[0.182, 0.039, -0.087]
[0.179, 0.031, -0.09]
[0.176, 0.023, -0.093]
[0.17, 0.009, -0.099]
[0.17, 0.009, -0.099]
[0.172, 0.001, -0.102]
[0.174, -0.006, -0.105]
[0.18, -0.019, -0.111]
[0.18, -0.019, -0.111]
[0.187, -0.025, -0.113]
[0.19, -0.031, -0.111]
[0.2, -0.04, -0.107]
[0.2, -0.04, -0.107]
[0.205, -0.044, -0.105]
[0.208, -0.047, -0.105]
[0.211, -0.05, -0.103]
[0.213, -0.054, -0.101]
[0.212, -0.057, -0.098]
[0.213, -0.06, -0.094]
[0.213, -0.063, -0.09]
[0.212, -0.066, -0.087]
[0.212, -0.071, -0.079]
[0.212, -0.071, -0.079]
[0.213, -0.073, -0.075]
[0.215, -0.074, -0.072]
[0.215, -0.076, -0.068]
[0.216, -0.077, -0.064]
[0.216, -0.077, -0.06]
[0.217, -0.078, -0.056]
[0.217, -0.079, -0.051]
[0.218, -0.08, -0.045]
[0.22, -0.081, -0.039]
[0.221, -0.082, -0.032]
[0.223, -0.082, -0.023]
[0.224, -0.083, -0.012]
[0.225, -0.083, -0.001]
[0.227, -0.083, 0.012]
[0.226, -0.083, 0.024]
[0.226, -0.082, 0.038]
[0.227, -0.082, 0.053]
[0.229, -0.081, 0.068]
[0.231, -0.08, 0.084]
[0.236, -0.079, 0.103]
[0.235, -0.078, 0.129]
[0.235, -0.078, 0.129]
[0.235, -0.078, 0.137]
[0.232, -0.077, 0.147]
[0.226, -0.075, 0.168]
[0.226, -0.075, 0.168]
[0.22, -0.073, 0.178]
[0.216, -0.072, 0.186]
[0.211, -0.069, 0.197]
[0.211, -0.069, 0.197]
[0.211, -0.068, 0.202]
[0.211, -0.067, 0.206]
[0.209, -0.066, 0.211]
[0.207, -0.064, 0.214]
[0.202, -0.061, 0.217]
[0.195, -0.059, 0.219]
[0.187, -0.056, 0.221]
[0.181, -0.055, 0.224]
[0.176, -0.053, 0.226]
[0.173, -0.051, 0.229]
[0.172, -0.049, 0.231]
[0.17, -0.048, 0.234]
[0.167, -0.045, 0.239]
[0.167, -0.044, 0.241]
[0.167, -0.044, 0.241]
[0.167, -0.043, 0.242]
[0.167, -0.042, 0.245]
[0.167, -0.042, 0.245]
[0.167, -0.042, 0.245]
[0.167, -0.042, 0.245]
[0.166, -0.042, 0.244]
[0.164, -0.041, 0.244]
[0.16, -0.041, 0.243]
[0.16, -0.041, 0.242]
[0.162, -0.041, 0.238]
[0.167, -0.042, 0.237]
[0.172, -0.043, 0.236]
[0.176, -0.044, 0.234]
[0.179, -0.045, 0.234]
[0.184, -0.046, 0.231]
[0.19, -0.048, 0.225]
[0.196, -0.05, 0.218]
[0.203, -0.052, 0.208]
[0.208, -0.054, 0.198]
[0.211, -0.058, 0.177]
[0.211, -0.058, 0.177]
[0.21, -0.06, 0.164]
[0.204, -0.061, 0.152]
[0.197, -0.062, 0.14]
[0.192, -0.062, 0.131]
[0.189, -0.062, 0.123]
[0.186, -0.063, 0.115]
[0.185, -0.064, 0.108]
[0.184, -0.065, 0.103]
[0.182, -0.065, 0.098]
[0.181, -0.065, 0.094]
[0.18, -0.066, 0.09]
[0.18, -0.066, 0.088]
[0.179, -0.066, 0.087]
[0.179, -0.067, 0.086]
[0.178, -0.067, 0.086]
[0.179, -0.067, 0.087]
[0.178, -0.067, 0.088]
[0.179, -0.067, 0.091]
[0.18, -0.067, 0.093]
[0.18, -0.066, 0.096]
[0.181, -0.066, 0.1]
[0.181, -0.065, 0.104]
[0.182, -0.065, 0.11]
[0.184, -0.064, 0.115]
[0.185, -0.064, 0.12]
[0.187, -0.063, 0.125]
[0.188, -0.063, 0.131]
[0.188, -0.062, 0.137]
[0.188, -0.062, 0.141]
[0.188, -0.06, 0.146]
[0.189, -0.06, 0.151]
[0.189, -0.059, 0.156]
[0.188, -0.058, 0.16]
[0.185, -0.057, 0.164]
[0.184, -0.057, 0.168]
[0.182, -0.056, 0.171]
[0.183, -0.055, 0.174]
[0.184, -0.055, 0.175]
[0.185, -0.055, 0.176]
[0.185, -0.056, 0.176]
[0.183, -0.056, 0.174]
[0.181, -0.057, 0.17]
[0.181, -0.058, 0.165]
[0.182, -0.058, 0.158]
[0.181, -0.058, 0.148]
[0.179, -0.058, 0.134]
[0.174, -0.059, 0.12]
[0.171, -0.058, 0.106]
[0.167, -0.058, 0.095]
[0.165, -0.057, 0.08]
[0.166, -0.057, 0.063]
[0.166, -0.057, 0.045]
[0.164, -0.057, 0.028]
[0.161, -0.057, 0.013]
[0.156, -0.058, -0.0]
[0.153, -0.058, -0.012]
[0.15, -0.059, -0.032]
[0.15, -0.059, -0.032]
[0.149, -0.06, -0.041]
[0.149, -0.061, -0.048]
[0.146, -0.062, -0.057]
[0.146, -0.062, -0.057]
[0.142, -0.063, -0.059]
[0.136, -0.063, -0.059]
[0.13, -0.063, -0.058]
[0.124, -0.064, -0.057]
[0.119, -0.063, -0.055]
[0.116, -0.063, -0.052]
[0.111, -0.063, -0.049]
[0.105, -0.062, -0.046]
[0.098, -0.061, -0.043]
[0.094, -0.059, -0.04]
[0.09, -0.058, -0.038]
[0.087, -0.056, -0.036]
[0.085, -0.054, -0.034]
[0.082, -0.052, -0.033]
[0.079, -0.05, -0.032]
[0.075, -0.049, -0.031]
[0.073, -0.047, -0.03]
[0.071, -0.047, -0.03]
[0.071, -0.046, -0.028]
[0.07, -0.045, -0.027]
[0.069, -0.044, -0.024]
[0.07, -0.043, -0.018]
[0.075, -0.042, -0.01]
[0.087, -0.039, 0.015]
[0.087, -0.039, 0.015]
[0.094, -0.037, 0.032]
[0.103, -0.036, 0.05]
[0.116, -0.035, 0.068]
[0.128, -0.034, 0.086]
[0.137, -0.033, 0.105]
[0.143, -0.032, 0.125]
[0.146, -0.03, 0.142]
[0.146, -0.028, 0.156]
[0.146, -0.026, 0.168]
[0.145, -0.024, 0.179]
[0.145, -0.023, 0.188]
[0.145, -0.021, 0.197]
[0.144, -0.02, 0.206]
[0.142, -0.018, 0.221]
[0.142, -0.018, 0.221]
[0.142, -0.018, 0.227]
[0.143, -0.018, 0.232]
[0.145, -0.017, 0.236]
[0.144, -0.017, 0.238]
[0.146, -0.017, 0.239]
[0.149, -0.017, 0.237]
[0.155, -0.019, 0.231]
[0.159, -0.02, 0.222]
[0.163, -0.021, 0.213]
[0.166, -0.022, 0.199]
[0.169, -0.023, 0.182]
[0.167, -0.022, 0.164]
[0.159, -0.021, 0.146]
[0.156, -0.019, 0.127]
[0.157, -0.018, 0.104]
[0.162, -0.018, 0.078]
[0.162, -0.019, 0.057]
[0.16, -0.018, 0.037]
[0.159, -0.018, 0.018]
[0.156, -0.018, 0.002]
[0.153, -0.018, -0.013]
[0.153, -0.018, -0.024]
[0.152, -0.019, -0.036]
[0.152, -0.02, -0.045]
[0.153, -0.021, -0.054]
[0.152, -0.021, -0.061]
[0.151, -0.022, -0.066]
[0.151, -0.023, -0.069]
[0.15, -0.023, -0.069]
[0.15, -0.022, -0.067]
[0.152, -0.022, -0.062]
[0.154, -0.021, -0.055]
[0.153, -0.021, -0.046]
[0.154, -0.02, -0.036]
[0.156, -0.02, -0.024]
[0.16, -0.02, -0.01]
[0.165, -0.021, 0.008]
[0.168, -0.021, 0.03]
[0.17, -0.022, 0.049]
[0.175, -0.021, 0.071]
[0.182, -0.021, 0.091]
[0.187, -0.021, 0.113]
[0.194, -0.02, 0.136]
[0.199, -0.019, 0.156]
[0.199, -0.018, 0.178]
[0.199, -0.018, 0.196]
[0.198, -0.017, 0.214]
[0.198, -0.017, 0.227]
[0.196, -0.017, 0.238]
[0.195, -0.016, 0.248]
[0.193, -0.016, 0.255]
[0.191, -0.016, 0.263]
[0.189, -0.016, 0.268]
[0.187, -0.017, 0.272]
[0.184, -0.017, 0.274]
[0.18, -0.017, 0.274]
[0.176, -0.018, 0.272]
[0.172, -0.019, 0.268]
[0.172, -0.019, 0.259]
[0.172, -0.02, 0.249]
[0.174, -0.021, 0.235]
[0.177, -0.022, 0.219]
[0.175, -0.023, 0.204]
[0.175, -0.023, 0.189]
[0.172, -0.022, 0.175]
[0.164, -0.021, 0.161]
[0.158, -0.021, 0.146]
[0.157, -0.022, 0.13]
[0.155, -0.023, 0.116]
[0.159, -0.025, 0.102]
[0.159, -0.026, 0.089]
[0.158, -0.026, 0.078]
[0.155, -0.027, 0.067]
[0.153, -0.027, 0.059]
[0.152, -0.029, 0.05]
[0.153, -0.03, 0.042]
[0.155, -0.032, 0.035]
[0.156, -0.034, 0.028]
[0.152, -0.035, 0.018]
[0.152, -0.035, 0.018]
[0.15, -0.036, 0.014]
[0.149, -0.036, 0.011]
[0.148, -0.037, 0.008]
[0.148, -0.037, 0.005]
[0.148, -0.037, 0.003]
[0.148, -0.038, 0.001]
[0.148, -0.038, -0.001]
[0.15, -0.038, -0.002]
[0.151, -0.039, -0.003]
[0.153, -0.04, -0.004]
[0.154, -0.04, -0.006]
[0.155, -0.04, -0.006]
[0.157, -0.041, -0.007]
[0.16, -0.041, -0.007]
[0.164, -0.041, -0.008]
[0.166, -0.04, -0.007]
[0.168, -0.039, -0.006]
[0.17, -0.038, -0.004]
[0.169, -0.037, 0.0]
[0.167, -0.038, 0.005]
[0.163, -0.038, 0.012]
[0.16, -0.038, 0.019]
[0.16, -0.037, 0.03]
[0.16, -0.036, 0.04]
[0.16, -0.034, 0.054]
[0.163, -0.033, 0.069]
[0.169, -0.033, 0.084]
[0.176, -0.031, 0.099]
[0.181, -0.03, 0.112]
[0.186, -0.028, 0.124]
[0.191, -0.026, 0.137]
[0.193, -0.025, 0.149]
[0.195, -0.024, 0.16]
[0.197, -0.023, 0.17]
[0.198, -0.022, 0.178]
[0.198, -0.022, 0.185]
[0.199, -0.021, 0.191]
[0.199, -0.021, 0.196]
[0.198, -0.019, 0.206]
[0.198, -0.019, 0.206]
[0.197, -0.018, 0.211]
[0.196, -0.017, 0.216]
[0.196, -0.017, 0.221]
[0.197, -0.016, 0.224]
[0.196, -0.015, 0.227]
[0.196, -0.014, 0.228]
[0.197, -0.014, 0.227]
[0.204, -0.013, 0.224]
[0.211, -0.013, 0.221]
[0.217, -0.013, 0.215]
[0.218, -0.014, 0.21]
[0.216, -0.016, 0.205]
[0.215, -0.017, 0.199]
[0.213, -0.017, 0.193]
[0.211, -0.017, 0.184]
[0.207, -0.017, 0.177]
[0.204, -0.017, 0.17]
[0.2, -0.017, 0.162]
[0.201, -0.018, 0.154]
[0.2, -0.019, 0.146]
[0.201, -0.02, 0.139]
[0.202, -0.021, 0.133]
[0.203, -0.022, 0.127]
[0.204, -0.023, 0.121]
[0.204, -0.024, 0.115]
[0.201, -0.025, 0.107]
[0.199, -0.026, 0.099]
[0.197, -0.027, 0.091]
[0.194, -0.028, 0.084]
[0.193, -0.03, 0.075]
[0.191, -0.031, 0.067]
[0.19, -0.032, 0.058]
[0.189, -0.033, 0.049]
[0.187, -0.034, 0.04]
[0.185, -0.035, 0.03]
[0.182, -0.036, 0.022]
[0.18, -0.036, 0.014]
[0.179, -0.037, 0.007]
[0.177, -0.039, -0.005]
[0.177, -0.039, -0.005]
[0.178, -0.04, -0.011]
[0.179, -0.041, -0.016]
[0.181, -0.042, -0.02]
[0.183, -0.042, -0.022]
[0.184, -0.043, -0.023]
[0.184, -0.042, -0.024]
[0.182, -0.042, -0.022]
[0.18, -0.041, -0.02]
[0.18, -0.04, -0.017]
[0.182, -0.04, -0.013]
[0.184, -0.039, -0.008]
[0.186, -0.039, -0.002]
[0.188, -0.038, 0.005]
[0.19, -0.038, 0.013]
[0.192, -0.037, 0.021]
[0.193, -0.036, 0.029]
[0.194, -0.035, 0.036]
[0.194, -0.034, 0.042]
[0.194, -0.033, 0.048]
[0.193, -0.031, 0.053]
[0.193, -0.03, 0.058]
[0.191, -0.028, 0.064]
[0.191, -0.027, 0.07]
[0.193, -0.026, 0.077]
[0.196, -0.025, 0.084]
[0.199, -0.024, 0.092]
[0.202, -0.022, 0.1]
[0.207, -0.02, 0.11]
[0.211, -0.018, 0.119]
[0.216, -0.017, 0.128]
[0.219, -0.016, 0.138]
[0.221, -0.016, 0.147]
[0.22, -0.015, 0.157]
[0.221, -0.014, 0.167]
[0.221, -0.014, 0.177]
[0.221, -0.013, 0.186]
[0.219, -0.012, 0.194]
[0.216, -0.011, 0.2]
[0.214, -0.01, 0.204]
[0.211, -0.009, 0.205]
[0.21, -0.009, 0.205]
[0.21, -0.008, 0.203]
[0.208, -0.008, 0.2]
[0.207, -0.008, 0.196]
[0.204, -0.007, 0.191]
[0.203, -0.007, 0.186]
[0.201, -0.007, 0.181]
[0.2, -0.007, 0.175]
[0.2, -0.008, 0.169]
[0.198, -0.008, 0.162]
[0.197, -0.009, 0.155]
[0.193, -0.009, 0.147]
[0.188, -0.009, 0.14]
[0.182, -0.009, 0.134]
[0.175, -0.008, 0.13]
[0.169, -0.008, 0.126]
[0.161, -0.008, 0.121]
[0.154, -0.008, 0.117]
[0.146, -0.008, 0.113]
[0.139, -0.009, 0.11]
[0.126, -0.01, 0.107]
[0.126, -0.01, 0.107]
[0.118, -0.01, 0.105]
[0.11, -0.01, 0.103]
[0.102, -0.01, 0.102]
[0.095, -0.01, 0.101]
[0.087, -0.009, 0.1]
[0.081, -0.009, 0.099]
[0.076, -0.008, 0.099]
[0.07, -0.008, 0.099]
[0.065, -0.007, 0.101]
[0.059, -0.007, 0.104]
[0.055, -0.006, 0.107]
[0.052, -0.005, 0.11]
[0.05, -0.004, 0.115]
[0.045, -0.003, 0.119]
[0.039, -0.002, 0.125]
[0.033, -0.001, 0.13]
[0.028, 0.003, 0.137]
[0.028, 0.003, 0.137]
[0.027, 0.004, 0.14]
[0.026, 0.006, 0.142]
[0.022, 0.011, 0.147]
[0.022, 0.011, 0.147]
[0.015, 0.014, 0.15]
[0.008, 0.017, 0.153]
[-0.014, 0.023, 0.157]
[-0.014, 0.023, 0.157]
[-0.023, 0.025, 0.161]
[-0.027, 0.027, 0.164]
[-0.034, 0.029, 0.175]
[-0.034, 0.029, 0.175]
[-0.034, 0.03, 0.18]
[-0.036, 0.032, 0.184]
[-0.033, 0.033, 0.185]
[-0.021, 0.033, 0.181]
[0.002, 0.031, 0.163]
[0.002, 0.031, 0.163]
[0.008, 0.03, 0.15]
[0.007, 0.031, 0.14]
[0.006, 0.03, 0.112]
[0.006, 0.03, 0.112]
[0.012, 0.029, 0.095]
[0.014, 0.029, 0.082]
[0.014, 0.029, 0.067]
[0.012, 0.028, 0.054]
[0.008, 0.026, 0.042]
[0.007, 0.025, 0.031]
[0.007, 0.022, 0.022]
[0.009, 0.02, 0.015]
[0.011, 0.018, 0.009]
[0.013, 0.015, 0.005]
[0.012, 0.012, 0.002]
[0.011, 0.009, 0.0]
[0.011, 0.007, -0.001]
[0.009, 0.005, -0.003]
[0.01, 0.003, -0.005]
[0.011, 0.001, -0.007]
[0.012, -0.001, -0.009]
[0.014, -0.002, -0.011]
[0.015, -0.003, -0.013]
[0.017, -0.005, -0.014]
[0.018, -0.005, -0.014]
[0.018, -0.006, -0.012]
[0.018, -0.006, -0.008]
[0.019, -0.007, -0.002]
[0.02, -0.009, 0.006]
[0.026, -0.013, 0.016]
[0.032, -0.016, 0.029]
[0.037, -0.019, 0.041]
[0.041, -0.02, 0.052]
[0.044, -0.02, 0.062]
[0.046, -0.021, 0.071]
[0.05, -0.021, 0.08]
[0.056, -0.02, 0.088]
[0.061, -0.02, 0.094]
[0.067, -0.019, 0.102]
[0.067, -0.019, 0.102]
[0.066, -0.019, 0.105]
[0.066, -0.018, 0.107]
[0.064, -0.015, 0.107]
[0.064, -0.015, 0.107]
[0.062, -0.013, 0.105]
[0.058, -0.011, 0.103]
[0.053, -0.01, 0.098]
[0.05, -0.008, 0.091]
[0.05, -0.007, 0.084]
[0.051, -0.006, 0.076]
[0.052, -0.006, 0.07]
[0.051, -0.005, 0.064]
[0.048, -0.005, 0.057]
[0.044, -0.005, 0.05]
[0.039, -0.005, 0.043]
[0.037, -0.005, 0.037]
[0.041, -0.005, 0.028]
[0.041, -0.005, 0.028]
[0.043, -0.006, 0.025]
[0.047, -0.006, 0.023]
[0.051, -0.007, 0.021]
[0.051, -0.007, 0.021]
[0.052, -0.007, 0.021]
[0.053, -0.007, 0.021]
[0.052, -0.007, 0.025]
[0.052, -0.007, 0.025]
[0.055, -0.007, 0.027]
[0.058, -0.007, 0.029]
[0.063, -0.006, 0.03]
[0.069, -0.005, 0.032]
[0.075, -0.004, 0.033]
[0.08, -0.003, 0.034]
[0.087, -0.001, 0.035]
[0.087, -0.001, 0.035]
[0.09, 0.001, 0.037]
[0.094, 0.002, 0.038]
[0.098, 0.004, 0.04]
[0.101, 0.005, 0.041]
[0.105, 0.006, 0.042]
[0.107, 0.007, 0.042]
[0.11, 0.008, 0.042]
[0.113, 0.008, 0.043]
[0.114, 0.009, 0.042]
[0.116, 0.009, 0.041]
[0.118, 0.009, 0.039]
[0.118, 0.009, 0.039]
[0.119, 0.009, 0.036]
[0.119, 0.009, 0.034]
[0.121, 0.01, 0.03]
[0.121, 0.01, 0.03]
[0.122, 0.01, 0.028]
[0.122, 0.011, 0.024]
[0.122, 0.011, 0.024]
[0.122, 0.011, 0.022]
[0.122, 0.011, 0.021]
[0.125, 0.009, 0.022]
[0.125, 0.009, 0.022]
[0.125, 0.008, 0.023]
[0.125, 0.007, 0.023]
[0.124, 0.006, 0.023]
[0.124, 0.006, 0.023]
[0.124, 0.006, 0.022]
[0.124, 0.006, 0.021]
[0.124, 0.006, 0.018]
[0.124, 0.006, 0.018]
[0.124, 0.007, 0.015]
[0.125, 0.007, 0.014]
[0.124, 0.009, 0.013]
[0.124, 0.009, 0.013]
[0.124, 0.009, 0.013]
[0.123, 0.009, 0.012]
[0.121, 0.01, 0.011]
[0.121, 0.01, 0.011]
[0.12, 0.01, 0.01]
[0.119, 0.011, 0.008]
[0.116, 0.012, 0.006]
[0.116, 0.012, 0.006]
[0.114, 0.012, 0.005]
[0.114, 0.012, 0.004]
[0.113, 0.012, 0.004]
[0.113, 0.012, 0.004]
[0.112, 0.011, 0.005]
[0.112, 0.011, 0.006]
[0.112, 0.011, 0.007]
[0.11, 0.011, 0.007]
[0.109, 0.011, 0.007]
[0.107, 0.011, 0.007]
[0.105, 0.012, 0.007]
[0.103, 0.012, 0.007]
[0.101, 0.012, 0.007]
[0.099, 0.013, 0.008]
[0.095, 0.013, 0.007]
[0.095, 0.013, 0.007]
[0.092, 0.014, 0.005]
[0.088, 0.014, 0.005]
[0.085, 0.014, 0.004]
