A0
A1
A2
A3
A4
A5
A6
A7
A8
A9
A10
A11
A12
A13
A14
A15
A16
A17
A18
A19
A20
A21
A22
A23
A24
A25
A26
A27
A28
--- [0.87, 0.67, 1.0, 1.0, 0.24, 0.24, 0.05, 0.13, 0.51, 0.54, 0.4, 0.38, 0.0, -0.0, 1.0, 0.21, 0.75, 0.6, 0.49, 0.8, 0.75, 0.46, 0.86, 0.55, 0.43, 0.55, 0.45, 0.0, 0.5, 99, 99, 99]
into servo loop...
start test new
list:  [0.51, 0.51, 0.95, 0.95, 1, 1, 0.16199999999999998, 0.16199999999999998, 0.38, 0.38, 0.36, 0.37, 0.0749999999999999, 0.05999999999999989, 1, 0.21, 1.0, 0.62, 0.25, 1.0, 1.0, 0.25, 0.25, 0.6, 0.43, 0.59, 0.43, 0.01, 0.65, 99, 99, 99]
--- num:  29
list:  [0.37, 0.37, 0.64, 0.64, 1, 1, 0.16199999999999998, 0.16199999999999998, 0.38, 0.38, 0.38, 0.34, 0.14999999999999997, 0.0749999999999999, 1, 0.26, 0.92, 0.66, 0.26, 0.92, 0.92, 0.26, 0.26, 0.65, 0.41, 0.6, 0.43, 0.04, 0.85, 99, 99, 99]
--- num:  29
list:  [0.51, 0.51, 0.96, 0.96, 1, 1, 0.16199999999999998, 0.16199999999999998, 0.37, 0.37, 0.38, 0.35, 0.02999999999999986, 0.02999999999999986, 1, 0.21, 1.0, 0.62, 0.25, 1.0, 1.0, 0.25, 0.25, 0.57, 0.44, 0.57, 0.44, 0.01, 0.61, 99, 99, 99]
--- num:  29
list:  [0.52, 0.52, 0.98, 0.98, 1, 1, 0.16199999999999998, 0.16199999999999998, 0.38, 0.38, 0.38, 0.35, 0, 0, 1, 0.21, 1.0, 0.62, 0.25, 1.0, 1.0, 0.25, 0.25, 0.54, 0.48, 0.53, 0.5, 0.01, 0.61, 99, 99, 99]
--- num:  29
list:  [0.56, 0.56, 1, 1, 0.98, 0.98, 0.8896245169639587, 0.8891473817825317, 0.32, 0.32, 0.39, 0.33, 0, 0, 1, 0.21, 0.99, 0.62, 0.25, 0.99, 0.99, 0.25, 0.25, 0.54, 0.48, 0.55, 0.46, 0.01, 0.6, 99, 99, 99]
--- num:  29
list:  [0.51, 0.51, 0.96, 0.96, 1, 1, 0.16199999999999998, 0.16199999999999998, 0.25, 0.25, 0.4, 0.32, 0, 0, 1, 0.22, 0.99, 0.63, 0.25, 0.99, 0.99, 0.25, 0.25, 0.47, 0.61, 0.47, 0.61, 0.01, 0.59, 99, 99, 99]
--- num:  29
list:  [0.51, 0.51, 0.96, 0.96, 1, 1, 0.16199999999999998, 0.16199999999999998, 0.3, 0.3, 0.43, 0.29, 0, 0, 1, 0.22, 0.99, 0.63, 0.25, 0.99, 0.99, 0.25, 0.25, 0.31, 0.91, 0.31, 0.91, 0.01, 0.6, 99, 99, 99]
--- num:  29
list:  [0.57, 0.57, 1, 1, 0.97, 0.97, 0.9179814267158508, 0.9180263686180115, 0.26, 0.26, 0.44, 0.29, 0, 0, 1, 0.24, 0.98, 0.64, 0.27, 0.98, 0.98, 0.27, 0.27, 0.31, 0.92, 0.31, 0.91, 0.01, 0.6, 99, 99, 99]
--- num:  29
list:  [0.51, 0.51, 0.96, 0.96, 1, 1, 0.16199999999999998, 0.16199999999999998, 0.23, 0.23, 0.44, 0.28, 0, 0, 1, 0.23, 0.98, 0.63, 0.25, 0.98, 0.98, 0.25, 0.25, 0.46, 0.62, 0.46, 0.62, 0.01, 0.59, 99, 99, 99]
--- num:  29
list:  [0.5, 0.5, 0.94, 0.94, 1, 1, 0.16199999999999998, 0.16199999999999998, 0.28, 0.28, 0.45, 0.28, 0, 0, 1, 0.22, 0.99, 0.63, 0.25, 0.99, 0.99, 0.25, 0.25, 0.49, 0.56, 0.49, 0.57, 0.01, 0.58, 99, 99, 99]
--- num:  29
list:  [0.51, 0.51, 0.96, 0.96, 1, 1, 0.16199999999999998, 0.16199999999999998, 0.3, 0.3, 0.43, 0.3, 0, 0, 1, 0.22, 0.99, 0.63, 0.25, 0.99, 0.99, 0.25, 0.25, 0.53, 0.49, 0.53, 0.49, 0.01, 0.58, 99, 99, 99]
--- num:  29
list:  [0.55, 0.55, 1, 1, 0.98, 0.98, 0.8855966138839722, 0.8856288599967956, 0.23, 0.23, 0.41, 0.32, 0, 0, 1, 0.23, 0.99, 0.63, 0.26, 0.99, 0.99, 0.26, 0.26, 0.39, 0.77, 0.42, 0.71, 0.01, 0.62, 99, 99, 99]
--- num:  29
list:  [0.56, 0.56, 1, 1, 0.97, 0.97, 0.2985395300388336, 0.29832769513130186, 0.21, 0.21, 0.4, 0.33, 0, 0, 1, 0.24, 0.98, 0.64, 0.3, 0.98, 0.98, 0.3, 0.3, 0.31, 0.92, 0.31, 0.92, 0.01, 0.66, 99, 99, 99]
--- num:  29
list:  [0.57, 0.57, 1, 1, 0.97, 0.97, 0.16199999999999998, 0.16199999999999998, 0.34, 0.34, 0.34, 0.38, 0, 0, 0.75, 0.32, 0.905, 0.7, 0.51, 0.91, 0.9, 0.51, 0.51, 0.31, 0.92, 0.31, 0.92, 0.02, 0.86, 99, 99, 99]
--- num:  29
list:  [0.56, 0.56, 1, 1, 0.98, 0.98, 0.16199999999999998, 0.16199999999999998, 0.44, 0.44, 0.62, 0.11, 0, 0, 0.75, 0.35, 0.895, 0.72, 0.51, 0.89, 0.9, 0.51, 0.51, 0.31, 0.92, 0.32, 0.9, 0.04, 1, 99, 99, 99]
--- num:  29
list:  [0.56, 0.56, 1, 1, 0.98, 0.98, 0.16199999999999998, 0.16199999999999998, 0.45, 0.45, 0.63, 0.1, 0, 0, 0.75, 0.35, 0.91, 0.73, 0.49, 0.91, 0.91, 0.49, 0.49, 0.31, 0.92, 0.33, 0.87, 0.04, 1, 99, 99, 99]
--- num:  29
list:  [0.56, 0.56, 1, 1, 0.98, 0.98, 0.16199999999999998, 0.16199999999999998, 0.45, 0.45, 0.68, 0.06, 0, 0, 0.75, 0.34, 0.95, 0.71, 0.41, 0.95, 0.95, 0.41, 0.41, 0.31, 0.92, 0.31, 0.92, 0.04, 0.98, 99, 99, 99]
--- num:  29
list:  [0.56, 0.56, 1, 1, 0.98, 0.98, 0.16199999999999998, 0.16199999999999998, 0.44, 0.44, 0.71, 0.03, 0, 0, 0.75, 0.33, 0.95, 0.71, 0.42, 0.95, 0.95, 0.42, 0.42, 0.31, 0.92, 0.31, 0.92, 0.04, 0.9, 99, 99, 99]
--- num:  29
list:  [0.35, 0.35, 0.58, 0.58, 1, 1, 0.16199999999999998, 0.16199999999999998, 0.38, 0.38, 0.55, 0.18, 0, 0, 0.75, 0.31, 0.95, 0.69, 0.37, 0.95, 0.95, 0.37, 0.37, 0.31, 0.92, 0.31, 0.92, 0.03, 0.73, 99, 99, 99]
--- num:  29
list:  [0.56, 0.56, 1, 1, 0.97, 0.97, 0.25061492204666136, 0.2504487144947052, 0.23, 0.23, 0.45, 0.28, 0, 0, 0.75, 0.28, 0.925, 0.67, 0.4, 0.93, 0.92, 0.4, 0.4, 0.31, 0.92, 0.33, 0.89, 0.03, 0.59, 99, 99, 99]
--- num:  29
list:  [0.58, 0.58, 1, 1, 0.96, 0.96, 0.16199999999999998, 0.16199999999999998, 0.24, 0.24, 0.46, 0.27, 0, 0, 0.5, 0.31, 0.53, 0.7, 0.56, 0.55, 0.51, 0.56, 0.56, 0.49, 0.57, 0.51, 0.52, 0.03, 0.83, 99, 99, 99]
--- num:  29
list:  [0.58, 0.58, 1, 1, 0.96, 0.96, 0.16199999999999998, 0.16199999999999998, 0.25, 0.25, 0.45, 0.27, 0, 0, 0.5, 0.32, 0.385, 0.7, 0.56, 0.4, 0.37, 0.56, 0.56, 0.52, 0.51, 0.54, 0.46, 0.04, 0.87, 99, 99, 99]
--- num:  29
list:  [0.58, 0.58, 1, 1, 0.96, 0.96, 0.16199999999999998, 0.16199999999999998, 0.25, 0.25, 0.42, 0.3, 0, 0, 0.5, 0.32, 0.365, 0.71, 0.56, 0.38, 0.35, 0.56, 0.56, 0.5, 0.55, 0.53, 0.48, 0.05, 1, 99, 99, 99]
--- num:  29
list:  [0.58, 0.58, 1, 1, 0.96, 0.96, 0.16199999999999998, 0.16199999999999998, 0.25, 0.25, 0.38, 0.35, 0, 0.015000000000000013, 0.5, 0.33, 0.35, 0.71, 0.56, 0.36, 0.33999999999999997, 0.56, 0.56, 0.53, 0.5, 0.56, 0.44, 0.05, 1, 99, 99, 99]
--- num:  29
list:  [0.57, 0.57, 1, 1, 0.96, 0.96, 0.16199999999999998, 0.16199999999999998, 0.25, 0.25, 0.34, 0.38, 0, 0.0749999999999999, 0.5, 0.33, 0.35, 0.71, 0.56, 0.35, 0.35, 0.56, 0.56, 0.54, 0.47, 0.6, 0.43, 0.05, 1, 99, 99, 99]
--- num:  29
list:  [0.57, 0.57, 1, 1, 0.97, 0.97, 0.16199999999999998, 0.16199999999999998, 0.25, 0.25, 0.29, 0.43, 0, 0.10499999999999993, 0.5, 0.33, 0.35, 0.71, 0.56, 0.35, 0.35, 0.56, 0.56, 0.55, 0.45, 0.62, 0.42, 0.06, 1, 99, 99, 99]
--- num:  29
list:  [0.57, 0.57, 1, 1, 0.97, 0.97, 0.16199999999999998, 0.16199999999999998, 0.33, 0.33, 0.51, 0.22, 0, 0, 0.75, 0.33, 0.48, 0.71, 0.56, 0.47, 0.49, 0.56, 0.56, 0.48, 0.59, 0.51, 0.53, 0.06, 1, 99, 99, 99]
--- num:  29
list:  [0.57, 0.57, 1, 1, 0.97, 0.97, 0.16199999999999998, 0.16199999999999998, 0.35, 0.35, 0.5, 0.23, 0, 0, 0.75, 0.34, 0.5, 0.71, 0.56, 0.49, 0.51, 0.56, 0.56, 0.48, 0.59, 0.52, 0.51, 0.06, 1, 99, 99, 99]
--- num:  29
list:  [0.57, 0.57, 1, 1, 0.97, 0.97, 0.16199999999999998, 0.16199999999999998, 0.35, 0.35, 0.51, 0.22, 0, 0, 0.75, 0.34, 0.5, 0.72, 0.56, 0.49, 0.51, 0.56, 0.56, 0.51, 0.52, 0.55, 0.45, 0.06, 1, 99, 99, 99]
--- num:  29
list:  [0.57, 0.57, 1, 1, 0.97, 0.97, 0.16199999999999998, 0.16199999999999998, 0.27, 0.27, 0.33, 0.39, 0, 0.05999999999999989, 0.5, 0.33, 0.42000000000000004, 0.71, 0.56, 0.42000000000000004, 0.42000000000000004, 0.56, 0.56, 0.54, 0.46, 0.59, 0.43, 0.06, 1, 99, 99, 99]
--- num:  29
list:  [0.57, 0.57, 1, 1, 0.97, 0.97, 0.16199999999999998, 0.16199999999999998, 0.24, 0.24, 0.41, 0.32, 0.11999999999999994, 0.195, 0.5, 0.32, 0.365, 0.71, 0.56, 0.37, 0.36, 0.56, 0.56, 0.63, 0.42, 0.68, 0.39, 0.06, 1, 99, 99, 99]
--- num:  29
list:  [0.57, 0.57, 1, 1, 0.97, 0.97, 0.16199999999999998, 0.16199999999999998, 0.24, 0.24, 0.46, 0.26, 0.10499999999999993, 0.16499999999999998, 0.5, 0.32, 0.355, 0.7, 0.56, 0.37, 0.33999999999999997, 0.56, 0.56, 0.62, 0.42, 0.66, 0.4, 0.07, 0.8, 99, 99, 99]
--- num:  29
list:  [0.57, 0.57, 1, 1, 0.97, 0.97, 0.16199999999999998, 0.16199999999999998, 0.23, 0.23, 0.48, 0.24, 0.08999999999999991, 0.13499999999999995, 0.5, 0.32, 0.355, 0.7, 0.56, 0.37, 0.33999999999999997, 0.56, 0.56, 0.61, 0.42, 0.64, 0.41, 0.06, 0.66, 99, 99, 99]
--- num:  29
list:  [0.57, 0.57, 1, 1, 0.97, 0.97, 0.16199999999999998, 0.16199999999999998, 0.23, 0.23, 0.49, 0.24, 0.10499999999999993, 0.14999999999999997, 0.5, 0.32, 0.365, 0.7, 0.56, 0.38, 0.35, 0.56, 0.56, 0.62, 0.42, 0.65, 0.41, 0.06, 0.61, 99, 99, 99]
--- num:  29
list:  [0.57, 0.57, 1, 1, 0.97, 0.97, 0.16199999999999998, 0.16199999999999998, 0.23, 0.23, 0.49, 0.23, 0.04499999999999987, 0.08999999999999991, 0.5, 0.32, 0.37, 0.7, 0.56, 0.39, 0.35, 0.56, 0.56, 0.58, 0.43, 0.61, 0.42, 0.06, 0.58, 99, 99, 99]
--- num:  29
list:  [0.57, 0.57, 1, 1, 0.97, 0.97, 0.8492261576652527, 0.8481207299232483, 0.18, 0.18, 0.5, 0.23, 0.08999999999999991, 0.11999999999999994, 0.5, 0.33, 0.375, 0.71, 0.56, 0.4, 0.35, 0.56, 0.56, 0.61, 0.42, 0.63, 0.41, 0.06, 0.5, 99, 99, 99]
--- num:  29
list:  [0.57, 0.57, 1, 1, 0.97, 0.97, 0.2320533502101898, 0.23179827213287352, 0.2, 0.2, 0.61, 0.12, 0, 0, 0.5, 0.34, 0.43000000000000005, 0.71, 0.56, 0.45, 0.41000000000000003, 0.56, 0.56, 0.52, 0.52, 0.51, 0.54, 0.06, 0.22, 99, 99, 99]
--- num:  29
list:  [0.57, 0.57, 1, 1, 0.97, 0.97, 0.16199999999999998, 0.16199999999999998, 0.24, 0.24, 0.63, 0.1, 0, 0, 0.5, 0.34, 0.44, 0.71, 0.56, 0.45999999999999996, 0.42000000000000004, 0.56, 0.56, 0.48, 0.59, 0.47, 0.61, 0.05, 0.18, 99, 99, 99]
--- num:  29
list:  [0.57, 0.57, 1, 1, 0.97, 0.97, 0.16199999999999998, 0.16199999999999998, 0.24, 0.24, 0.6, 0.13, 0, 0, 0.5, 0.34, 0.44, 0.72, 0.56, 0.45999999999999996, 0.42000000000000004, 0.56, 0.56, 0.47, 0.6, 0.47, 0.61, 0.05, 0.17, 99, 99, 99]
--- num:  29
list:  [0.57, 0.57, 1, 1, 0.97, 0.97, 0.16199999999999998, 0.16199999999999998, 0.24, 0.24, 0.52, 0.2, 0, 0, 0.5, 0.34, 0.4, 0.72, 0.56, 0.42000000000000004, 0.38, 0.56, 0.56, 0.53, 0.49, 0.55, 0.46, 0.05, 0.42, 99, 99, 99]
--- num:  29
list:  [0.57, 0.57, 1, 1, 0.97, 0.97, 0.16199999999999998, 0.16199999999999998, 0.26, 0.26, 0.37, 0.36, 0, 0, 0.5, 0.34, 0.51, 0.71, 0.56, 0.52, 0.5, 0.56, 0.56, 0.5, 0.55, 0.53, 0.49, 0.05, 0.77, 99, 99, 99]
--- num:  29
list:  [0.57, 0.57, 1, 1, 0.97, 0.97, 0.16199999999999998, 0.16199999999999998, 0.28, 0.28, 0.25, 0.47, 0, 0, 0.5, 0.33, 0.5650000000000001, 0.71, 0.56, 0.5700000000000001, 0.56, 0.56, 0.56, 0.47, 0.6, 0.52, 0.5, 0.05, 1, 99, 99, 99]
--- num:  29
list:  [0.57, 0.57, 1, 1, 0.97, 0.97, 0.16199999999999998, 0.16199999999999998, 0.31, 0.31, 0.21, 0.52, 0, 0, 0.75, 0.32, 0.635, 0.7, 0.56, 0.63, 0.64, 0.56, 0.56, 0.41, 0.71, 0.47, 0.61, 0.04, 1, 99, 99, 99]
--- num:  29
list:  [0.56, 0.56, 1, 1, 0.97, 0.97, 0.16199999999999998, 0.16199999999999998, 0.33, 0.33, 0.21, 0.51, 0, 0, 0.75, 0.32, 0.635, 0.7, 0.56, 0.63, 0.64, 0.56, 0.56, 0.42, 0.71, 0.47, 0.6, 0.05, 1, 99, 99, 99]
--- num:  29
list:  [0.56, 0.56, 1, 1, 0.97, 0.97, 0.16199999999999998, 0.16199999999999998, 0.32, 0.32, 0.31, 0.41, 0, 0, 0.75, 0.32, 0.63, 0.71, 0.56, 0.63, 0.63, 0.56, 0.56, 0.45, 0.65, 0.5, 0.55, 0.05, 1, 99, 99, 99]
--- num:  29
list:  [0.56, 0.56, 1, 1, 0.97, 0.97, 0.16199999999999998, 0.16199999999999998, 0.32, 0.32, 0.45, 0.28, 0, 0, 0.5, 0.33, 0.595, 0.71, 0.56, 0.61, 0.5800000000000001, 0.56, 0.56, 0.4, 0.75, 0.43, 0.67, 0.05, 1, 99, 99, 99]
--- num:  29
list:  [0.56, 0.56, 1, 1, 0.98, 0.98, 0.16199999999999998, 0.16199999999999998, 0.33, 0.33, 0.54, 0.19, 0, 0, 0.5, 0.35, 0.665, 0.73, 0.56, 0.69, 0.64, 0.56, 0.56, 0.32, 0.89, 0.33, 0.88, 0.04, 0.37, 99, 99, 99]
--- num:  29
list:  [0.56, 0.56, 1, 1, 0.98, 0.98, 0.16199999999999998, 0.16199999999999998, 0.32, 0.32, 0.58, 0.15, 0, 0, 0.5, 0.35, 0.6599999999999999, 0.73, 0.56, 0.6799999999999999, 0.64, 0.56, 0.56, 0.31, 0.91, 0.32, 0.91, 0.04, 0.23, 99, 99, 99]
--- num:  29
list:  [0.56, 0.56, 1, 1, 0.98, 0.98, 0.16199999999999998, 0.16199999999999998, 0.31, 0.31, 0.54, 0.19, 0, 0, 0.5, 0.34, 0.63, 0.72, 0.56, 0.65, 0.61, 0.56, 0.56, 0.4, 0.75, 0.41, 0.72, 0.03, 0.34, 99, 99, 99]
--- num:  29
list:  [0.56, 0.56, 1, 1, 0.97, 0.97, 0.16199999999999998, 0.16199999999999998, 0.31, 0.31, 0.44, 0.29, 0, 0, 0.5, 0.33, 0.675, 0.71, 0.56, 0.7, 0.65, 0.56, 0.56, 0.38, 0.77, 0.41, 0.71, 0.03, 0.53, 99, 99, 99]
--- num:  29
list:  [0.56, 0.56, 1, 1, 0.97, 0.97, 0.16199999999999998, 0.16199999999999998, 0.32, 0.32, 0.35, 0.37, 0, 0, 0.5, 0.34, 0.625, 0.71, 0.56, 0.64, 0.61, 0.56, 0.56, 0.38, 0.77, 0.42, 0.69, 0.03, 1.0, 99, 99, 99]
--- num:  29
list:  [0.56, 0.56, 1, 1, 0.97, 0.97, 0.16199999999999998, 0.16199999999999998, 0.36, 0.36, 0.3, 0.42, 0, 0, 0.75, 0.34, 0.6749999999999999, 0.71, 0.56, 0.6799999999999999, 0.6699999999999999, 0.56, 0.56, 0.38, 0.79, 0.41, 0.71, 0.03, 1, 99, 99, 99]
--- num:  29
list:  [0.56, 0.56, 1, 1, 0.97, 0.97, 0.16199999999999998, 0.16199999999999998, 0.36, 0.36, 0.32, 0.4, 0, 0, 0.75, 0.34, 0.65, 0.72, 0.56, 0.65, 0.65, 0.56, 0.56, 0.39, 0.77, 0.42, 0.7, 0.04, 1, 99, 99, 99]
--- num:  29
list:  [0.56, 0.56, 1, 1, 0.97, 0.97, 0.16199999999999998, 0.16199999999999998, 0.36, 0.36, 0.34, 0.38, 0, 0, 0.5, 0.35, 0.585, 0.73, 0.56, 0.6, 0.5700000000000001, 0.56, 0.56, 0.46, 0.63, 0.51, 0.53, 0.04, 1, 99, 99, 99]
--- num:  29
list:  [0.57, 0.57, 1, 1, 0.97, 0.97, 0.16199999999999998, 0.16199999999999998, 0.34, 0.34, 0.04, 0.69, 0, 0, 0.5, 0.33, 0.635, 0.71, 0.56, 0.6599999999999999, 0.61, 0.56, 0.56, 0.48, 0.58, 0.52, 0.52, 0.04, 0.6, 99, 99, 99]
--- num:  29
list:  [0.58, 0.58, 1, 1, 0.96, 0.96, 0.16199999999999998, 0.16199999999999998, 0.33, 0.33, 0.07, 0.67, 0, 0, 0.5, 0.33, 0.6299999999999999, 0.71, 0.56, 0.6599999999999999, 0.6, 0.56, 0.56, 0.51, 0.53, 0.54, 0.48, 0.03, 0.36, 99, 99, 99]
--- num:  29
list:  [0.58, 0.58, 1, 1, 0.96, 0.96, 0.16199999999999998, 0.16199999999999998, 0.34, 0.34, 0.06, 0.68, 0, 0, 0.5, 0.33, 0.625, 0.71, 0.56, 0.65, 0.6, 0.56, 0.56, 0.53, 0.49, 0.54, 0.47, 0.03, 0.34, 99, 99, 99]
--- num:  29
list:  [0.57, 0.57, 1, 1, 0.97, 0.97, 0.26613293170928953, 0.26600162267684935, 0.25, 0.25, 0.42, 0.3, 0, 0.02999999999999986, 0.5, 0.33, 0.62, 0.71, 0.56, 0.64, 0.6, 0.56, 0.56, 0.54, 0.48, 0.57, 0.44, 0.03, 0.43, 99, 99, 99]
--- num:  29
list:  [0.57, 0.57, 1, 1, 0.97, 0.97, 0.8576955604553222, 0.85753826379776, 0.17, 0.17, 0.44, 0.29, 0, 0, 0.75, 0.33, 0.625, 0.71, 0.56, 0.64, 0.61, 0.56, 0.56, 0.5, 0.54, 0.54, 0.47, 0.03, 0.6, 99, 99, 99]
--- num:  29
list:  [0.57, 0.57, 1, 1, 0.97, 0.97, 0.19960981190204619, 0.19926133334636686, 0.27, 0.27, 0.51, 0.22, 0, 0, 0.75, 0.34, 0.6599999999999999, 0.72, 0.56, 0.6699999999999999, 0.65, 0.56, 0.56, 0.45, 0.64, 0.49, 0.57, 0.03, 0.74, 99, 99, 99]
--- num:  29
list:  [0.57, 0.57, 1, 1, 0.97, 0.97, 0.16199999999999998, 0.16199999999999998, 0.31, 0.31, 0.47, 0.26, 0, 0, 0.75, 0.34, 0.65, 0.72, 0.56, 0.65, 0.65, 0.56, 0.56, 0.46, 0.62, 0.5, 0.55, 0.03, 0.93, 99, 99, 99]
--- num:  29
list:  [0.57, 0.57, 1, 1, 0.97, 0.97, 0.16199999999999998, 0.16199999999999998, 0.33, 0.33, 0.46, 0.27, 0, 0, 0.75, 0.34, 0.64, 0.71, 0.56, 0.64, 0.64, 0.56, 0.56, 0.48, 0.59, 0.52, 0.52, 0.03, 1, 99, 99, 99]
--- num:  29
list:  [0.57, 0.57, 1, 1, 0.97, 0.97, 0.16199999999999998, 0.16199999999999998, 0.33, 0.33, 0.4, 0.32, 0, 0, 0.75, 0.34, 0.625, 0.71, 0.56, 0.62, 0.63, 0.56, 0.56, 0.46, 0.62, 0.5, 0.55, 0.03, 1, 99, 99, 99]
--- num:  29
list:  [0.56, 0.56, 1, 1, 0.97, 0.97, 0.16199999999999998, 0.16199999999999998, 0.33, 0.33, 0.41, 0.32, 0, 0, 0.75, 0.33, 0.625, 0.71, 0.56, 0.62, 0.63, 0.56, 0.56, 0.48, 0.59, 0.51, 0.52, 0.04, 1, 99, 99, 99]
--- num:  29
list:  [0.56, 0.56, 1, 1, 0.97, 0.97, 0.16199999999999998, 0.16199999999999998, 0.31, 0.31, 0.41, 0.31, 0, 0, 0.75, 0.33, 0.635, 0.71, 0.56, 0.63, 0.64, 0.56, 0.56, 0.47, 0.61, 0.5, 0.54, 0.04, 1, 99, 99, 99]
--- num:  29
list:  [0.57, 0.57, 1, 1, 0.97, 0.97, 0.5764729785919189, 0.5708949375152588, 0.17, 0.17, 0.3, 0.43, 0.02999999999999986, 0.13499999999999995, 0.75, 0.34, 0.615, 0.71, 0.56, 0.61, 0.62, 0.56, 0.56, 0.57, 0.44, 0.64, 0.41, 0.04, 1, 99, 99, 99]
--- num:  29
list:  [0.56, 0.56, 1, 1, 0.97, 0.97, 0.16199999999999998, 0.16199999999999998, 0.3, 0.3, 0.37, 0.36, 0, 0, 0.75, 0.34, 0.6699999999999999, 0.71, 0.56, 0.6799999999999999, 0.6599999999999999, 0.56, 0.56, 0.45, 0.65, 0.48, 0.58, 0.04, 1, 99, 99, 99]
--- num:  29
list:  [0.56, 0.56, 1, 1, 0.97, 0.97, 0.16199999999999998, 0.16199999999999998, 0.32, 0.32, 0.44, 0.29, 0, 0, 0.5, 0.33, 0.645, 0.71, 0.56, 0.6599999999999999, 0.63, 0.56, 0.56, 0.49, 0.57, 0.52, 0.5, 0.04, 1, 99, 99, 99]
--- num:  29
list:  [0.56, 0.56, 1, 1, 0.98, 0.98, 0.16199999999999998, 0.16199999999999998, 0.32, 0.32, 0.48, 0.25, 0, 0, 0.5, 0.33, 0.635, 0.71, 0.56, 0.65, 0.62, 0.56, 0.56, 0.43, 0.68, 0.45, 0.64, 0.04, 0.73, 99, 99, 99]
--- num:  29
list:  [0.56, 0.56, 1, 1, 0.98, 0.98, 0.16199999999999998, 0.16199999999999998, 0.31, 0.31, 0.51, 0.21, 0, 0, 0.5, 0.35, 0.6100000000000001, 0.72, 0.56, 0.63, 0.5900000000000001, 0.56, 0.56, 0.44, 0.66, 0.46, 0.62, 0.04, 0.59, 99, 99, 99]
--- num:  29
list:  [0.56, 0.56, 1, 1, 0.98, 0.98, 0.16199999999999998, 0.16199999999999998, 0.31, 0.31, 0.52, 0.2, 0, 0, 0.5, 0.35, 0.5800000000000001, 0.73, 0.56, 0.6, 0.56, 0.56, 0.56, 0.48, 0.59, 0.49, 0.57, 0.04, 0.51, 99, 99, 99]
--- num:  29
list:  [0.56, 0.56, 1, 1, 0.97, 0.97, 0.7535363245010376, 0.7532444405555725, 0.13, 0.13, 0.46, 0.27, 0.14999999999999997, 0.18, 0.5, 0.35, 0.515, 0.72, 0.56, 0.53, 0.5, 0.56, 0.56, 0.65, 0.41, 0.67, 0.4, 0.04, 0.43, 99, 99, 99]
--- num:  29
list:  [0.57, 0.57, 1, 1, 0.97, 0.97, 0.16199999999999998, 0.16199999999999998, 0.28, 0.28, 0.32, 0.41, 0.11999999999999994, 0.14999999999999997, 0.5, 0.35, 0.52, 0.72, 0.56, 0.54, 0.5, 0.56, 0.56, 0.63, 0.42, 0.65, 0.4, 0.04, 0.37, 99, 99, 99]
--- num:  29
list:  [0.57, 0.57, 1, 1, 0.97, 0.97, 0.16199999999999998, 0.16199999999999998, 0.31, 0.31, 0.3, 0.42, 0, 0.015000000000000013, 0.5, 0.34, 0.53, 0.72, 0.56, 0.55, 0.51, 0.56, 0.56, 0.54, 0.48, 0.56, 0.44, 0.04, 0.48, 99, 99, 99]
--- num:  29
list:  [0.57, 0.57, 1, 1, 0.97, 0.97, 0.395925920009613, 0.3955742228031158, 0.2, 0.2, 0.4, 0.32, 0, 0, 0.75, 0.34, 0.605, 0.72, 0.56, 0.61, 0.6, 0.56, 0.56, 0.44, 0.66, 0.46, 0.62, 0.04, 0.74, 99, 99, 99]
--- num:  29
list:  [0.56, 0.56, 1, 1, 0.97, 0.97, 0.16199999999999998, 0.16199999999999998, 0.31, 0.31, 0.3, 0.42, 0, 0, 0.75, 0.33, 0.62, 0.71, 0.56, 0.62, 0.62, 0.56, 0.56, 0.47, 0.61, 0.5, 0.54, 0.04, 1, 99, 99, 99]
--- num:  29
list:  [0.56, 0.56, 1, 1, 0.97, 0.97, 0.16199999999999998, 0.16199999999999998, 0.31, 0.31, 0.28, 0.44, 0, 0, 0.75, 0.33, 0.615, 0.71, 0.56, 0.62, 0.61, 0.56, 0.56, 0.46, 0.63, 0.5, 0.55, 0.04, 1, 99, 99, 99]
--- num:  29
list:  [0.56, 0.56, 1, 1, 0.97, 0.97, 0.16199999999999998, 0.16199999999999998, 0.32, 0.32, 0.3, 0.42, 0, 0, 0.5, 0.33, 0.5750000000000001, 0.71, 0.56, 0.5800000000000001, 0.5700000000000001, 0.56, 0.56, 0.47, 0.61, 0.51, 0.52, 0.04, 1, 99, 99, 99]
--- num:  29
list:  [0.56, 0.56, 1, 1, 0.97, 0.97, 0.16199999999999998, 0.16199999999999998, 0.31, 0.31, 0.41, 0.32, 0, 0, 0.5, 0.34, 0.595, 0.71, 0.56, 0.61, 0.5800000000000001, 0.56, 0.56, 0.45, 0.65, 0.5, 0.56, 0.04, 1, 99, 99, 99]
--- num:  29
list:  [0.56, 0.56, 1, 1, 0.97, 0.97, 0.16199999999999998, 0.16199999999999998, 0.25, 0.25, 0.48, 0.24, 0, 0, 0.5, 0.33, 0.5700000000000001, 0.71, 0.56, 0.5900000000000001, 0.55, 0.56, 0.56, 0.5, 0.55, 0.52, 0.51, 0.04, 0.57, 99, 99, 99]
--- num:  29
list:  [0.57, 0.57, 1, 1, 0.97, 0.97, 0.16199999999999998, 0.16199999999999998, 0.25, 0.25, 0.53, 0.19, 0, 0, 0.5, 0.34, 0.555, 0.71, 0.56, 0.5800000000000001, 0.53, 0.56, 0.56, 0.53, 0.49, 0.54, 0.47, 0.04, 0.3, 99, 99, 99]
--- num:  29
list:  [0.57, 0.57, 1, 1, 0.97, 0.97, 0.16199999999999998, 0.16199999999999998, 0.25, 0.25, 0.52, 0.2, 0, 0, 0.5, 0.33, 0.54, 0.71, 0.56, 0.56, 0.52, 0.56, 0.56, 0.52, 0.51, 0.53, 0.49, 0.04, 0.3, 99, 99, 99]
--- num:  29
list:  [0.57, 0.57, 1, 1, 0.97, 0.97, 0.16199999999999998, 0.16199999999999998, 0.26, 0.26, 0.45, 0.28, 0, 0, 0.5, 0.33, 0.545, 0.71, 0.56, 0.56, 0.53, 0.56, 0.56, 0.45, 0.64, 0.48, 0.59, 0.04, 0.6, 99, 99, 99]
--- num:  29
list:  [0.57, 0.57, 1, 1, 0.97, 0.97, 0.16199999999999998, 0.16199999999999998, 0.27, 0.27, 0.36, 0.36, 0, 0, 0.5, 0.33, 0.5800000000000001, 0.71, 0.56, 0.5900000000000001, 0.5700000000000001, 0.56, 0.56, 0.47, 0.6, 0.5, 0.54, 0.04, 0.74, 99, 99, 99]
--- num:  29
list:  [0.57, 0.57, 1, 1, 0.97, 0.97, 0.16199999999999998, 0.16199999999999998, 0.28, 0.28, 0.26, 0.47, 0, 0.015000000000000013, 0.75, 0.32, 0.5700000000000001, 0.7, 0.56, 0.5700000000000001, 0.5700000000000001, 0.56, 0.56, 0.53, 0.49, 0.56, 0.45, 0.04, 1, 99, 99, 99]
--- num:  29
list:  [0.56, 0.56, 1, 1, 0.97, 0.97, 0.16199999999999998, 0.16199999999999998, 0.29, 0.29, 0.52, 0.21, 0, 0, 0.75, 0.32, 0.5700000000000001, 0.7, 0.56, 0.56, 0.5800000000000001, 0.56, 0.56, 0.52, 0.5, 0.55, 0.45, 0.04, 1, 99, 99, 99]
--- num:  29
list:  [0.56, 0.56, 1, 1, 0.97, 0.97, 0.16199999999999998, 0.16199999999999998, 0.3, 0.3, 0.55, 0.18, 0, 0, 0.75, 0.33, 0.5800000000000001, 0.71, 0.56, 0.5700000000000001, 0.5900000000000001, 0.56, 0.56, 0.5, 0.54, 0.53, 0.49, 0.04, 1, 99, 99, 99]
--- num:  29
list:  [0.56, 0.56, 1, 1, 0.97, 0.97, 0.16199999999999998, 0.16199999999999998, 0.3, 0.3, 0.57, 0.16, 0, 0.04499999999999987, 0.75, 0.34, 0.5800000000000001, 0.71, 0.56, 0.5700000000000001, 0.5900000000000001, 0.56, 0.56, 0.54, 0.47, 0.58, 0.44, 0.04, 1, 99, 99, 99]
--- num:  29
list:  [0.56, 0.56, 1, 1, 0.97, 0.97, 0.16199999999999998, 0.16199999999999998, 0.28, 0.28, 0.57, 0.16, 0, 0.04499999999999987, 0.75, 0.33, 0.5700000000000001, 0.71, 0.56, 0.56, 0.5800000000000001, 0.56, 0.56, 0.54, 0.47, 0.58, 0.44, 0.04, 1, 99, 99, 99]
--- num:  29
list:  [0.56, 0.56, 1, 1, 0.97, 0.97, 0.16199999999999998, 0.16199999999999998, 0.27, 0.27, 0.6, 0.13, 0.02999999999999986, 0.10499999999999993, 0.75, 0.33, 0.5750000000000001, 0.71, 0.56, 0.5700000000000001, 0.5800000000000001, 0.56, 0.56, 0.57, 0.44, 0.62, 0.42, 0.04, 1, 99, 99, 99]
--- num:  29
list:  [0.56, 0.56, 1, 1, 0.97, 0.97, 0.7219443726539612, 0.7207220602035522, 0.13, 0.13, 0.38, 0.35, 0.10499999999999993, 0.20999999999999985, 0.75, 0.33, 0.5700000000000001, 0.71, 0.56, 0.5700000000000001, 0.5700000000000001, 0.56, 0.56, 0.62, 0.42, 0.69, 0.39, 0.04, 1, 99, 99, 99]
--- num:  29
list:  [0.56, 0.56, 1, 1, 0.97, 0.97, 0.1825383561849594, 0.1822358477115631, 0.26, 0.26, 0.48, 0.25, 0, 0.015000000000000013, 0.5, 0.33, 0.5800000000000001, 0.71, 0.56, 0.5900000000000001, 0.5700000000000001, 0.56, 0.56, 0.52, 0.5, 0.56, 0.44, 0.04, 0.63, 99, 99, 99]
--- num:  29
list:  [0.56, 0.56, 1, 1, 0.97, 0.97, 0.16199999999999998, 0.16199999999999998, 0.28, 0.28, 0.51, 0.21, 0, 0, 0.5, 0.33, 0.585, 0.71, 0.56, 0.6, 0.5700000000000001, 0.56, 0.56, 0.47, 0.61, 0.49, 0.57, 0.04, 0.43, 99, 99, 99]
--- num:  29
list:  [0.56, 0.56, 1, 1, 0.97, 0.97, 0.16199999999999998, 0.16199999999999998, 0.28, 0.28, 0.53, 0.2, 0, 0, 0.5, 0.34, 0.585, 0.72, 0.56, 0.6, 0.5700000000000001, 0.56, 0.56, 0.49, 0.57, 0.5, 0.54, 0.04, 0.33, 99, 99, 99]
--- num:  29
list:  [0.56, 0.56, 1, 1, 0.97, 0.97, 0.16199999999999998, 0.16199999999999998, 0.32, 0.32, 0.51, 0.21, 0, 0, 0.5, 0.34, 0.5750000000000001, 0.71, 0.56, 0.5900000000000001, 0.56, 0.56, 0.56, 0.49, 0.57, 0.51, 0.52, 0.04, 0.47, 99, 99, 99]
--- num:  29
list:  [0.56, 0.56, 1, 1, 0.98, 0.98, 0.16199999999999998, 0.16199999999999998, 0.33, 0.33, 0.43, 0.29, 0, 0, 0.5, 0.34, 0.5900000000000001, 0.71, 0.56, 0.6, 0.5800000000000001, 0.56, 0.56, 0.44, 0.67, 0.47, 0.61, 0.04, 0.81, 99, 99, 99]
--- num:  29
list:  [0.56, 0.56, 1, 1, 0.97, 0.97, 0.16199999999999998, 0.16199999999999998, 0.34, 0.34, 0.36, 0.36, 0, 0, 0.75, 0.34, 0.595, 0.72, 0.56, 0.6, 0.5900000000000001, 0.56, 0.56, 0.46, 0.62, 0.49, 0.56, 0.04, 0.84, 99, 99, 99]
--- num:  29
list:  [0.56, 0.56, 1, 1, 0.98, 0.98, 0.16199999999999998, 0.16199999999999998, 0.33, 0.33, 0.31, 0.41, 0, 0.02999999999999986, 0.5, 0.34, 0.605, 0.72, 0.56, 0.61, 0.6, 0.56, 0.56, 0.52, 0.51, 0.57, 0.44, 0.04, 1, 99, 99, 99]
--- num:  29
list:  [0.56, 0.56, 1, 1, 0.98, 0.98, 0.16199999999999998, 0.16199999999999998, 0.32, 0.32, 0.3, 0.42, 0.18, 0.23999999999999988, 0.75, 0.32, 0.705, 0.7, 0.56, 0.71, 0.7, 0.56, 0.56, 0.67, 0.4, 0.71, 0.38, 0.04, 0.56, 99, 99, 99]
--- num:  29
list:  [0.56, 0.56, 1, 1, 0.98, 0.98, 0.16199999999999998, 0.16199999999999998, 0.31, 0.31, 0.31, 0.41, 0.2849999999999999, 0.2699999999999999, 0.75, 0.3, 0.805, 0.69, 0.44, 0.8, 0.81, 0.44, 0.44, 0.74, 0.37, 0.73, 0.37, 0.04, 0.48, 99, 99, 99]
--- num:  29
list:  [0.44, 0.44, 0.8, 0.8, 1, 1, 0.16199999999999998, 0.16199999999999998, 0.29, 0.29, 0.34, 0.39, 0.22499999999999987, 0.195, 1, 0.25, 0.94, 0.65, 0.28, 0.94, 0.94, 0.28, 0.28, 0.7, 0.38, 0.68, 0.39, 0.02, 0.46, 99, 99, 99]
--- num:  29
list:  [0.46, 0.46, 0.85, 0.85, 1, 1, 0.16199999999999998, 0.16199999999999998, 0.28, 0.28, 0.35, 0.38, 0.14999999999999997, 0.13499999999999995, 1, 0.24, 0.96, 0.64, 0.26, 0.96, 0.96, 0.26, 0.26, 0.65, 0.41, 0.64, 0.41, 0.02, 0.47, 99, 99, 99]
--- num:  29
list:  [0.47, 0.47, 0.85, 0.85, 1, 1, 0.16199999999999998, 0.16199999999999998, 0.28, 0.28, 0.35, 0.37, 0.10499999999999993, 0.10499999999999993, 1, 0.23, 0.97, 0.64, 0.26, 0.97, 0.97, 0.26, 0.26, 0.62, 0.42, 0.62, 0.42, 0.01, 0.49, 99, 99, 99]
--- num:  29
list:  [0.46, 0.46, 0.84, 0.84, 1, 1, 0.16199999999999998, 0.16199999999999998, 0.29, 0.29, 0.35, 0.37, 0.08999999999999991, 0.10499999999999993, 1, 0.23, 0.97, 0.63, 0.26, 0.97, 0.97, 0.26, 0.26, 0.61, 0.42, 0.62, 0.42, 0.01, 0.5, 99, 99, 99]
--- num:  29
list:  [0.48, 0.48, 0.87, 0.87, 1, 1, 0.16199999999999998, 0.16199999999999998, 0.3, 0.3, 0.34, 0.38, 0.08999999999999991, 0.08999999999999991, 1, 0.22, 0.98, 0.63, 0.25, 0.98, 0.98, 0.25, 0.25, 0.61, 0.43, 0.61, 0.42, 0.01, 0.52, 99, 99, 99]
--- num:  29
list:  [0.48, 0.48, 0.89, 0.89, 1, 1, 0.16199999999999998, 0.16199999999999998, 0.33, 0.33, 0.32, 0.4, 0.0749999999999999, 0.0749999999999999, 1, 0.22, 0.98, 0.63, 0.25, 0.98, 0.98, 0.25, 0.25, 0.6, 0.43, 0.6, 0.43, 0.01, 0.54, 99, 99, 99]
--- num:  29
list:  [0.49, 0.49, 0.9, 0.9, 1, 1, 0.16199999999999998, 0.16199999999999998, 0.34, 0.34, 0.32, 0.4, 0.0749999999999999, 0.0749999999999999, 1, 0.22, 0.99, 0.63, 0.25, 0.99, 0.99, 0.25, 0.25, 0.6, 0.43, 0.6, 0.43, 0.01, 0.56, 99, 99, 99]
--- num:  29
list:  [0.49, 0.49, 0.91, 0.91, 1, 1, 0.16199999999999998, 0.16199999999999998, 0.35, 0.35, 0.33, 0.39, 0.0749999999999999, 0.0749999999999999, 1, 0.22, 0.99, 0.62, 0.25, 0.99, 0.99, 0.25, 0.25, 0.6, 0.43, 0.6, 0.43, 0.01, 0.58, 99, 99, 99]
--- num:  29
list:  [0.5, 0.5, 0.92, 0.92, 1, 1, 0.16199999999999998, 0.16199999999999998, 0.35, 0.35, 0.34, 0.39, 0.0749999999999999, 0.0749999999999999, 1, 0.21, 0.99, 0.62, 0.25, 0.99, 0.99, 0.25, 0.25, 0.6, 0.43, 0.6, 0.43, 0.01, 0.59, 99, 99, 99]
--- num:  29
list:  [0.5, 0.5, 0.93, 0.93, 1, 1, 0.16199999999999998, 0.16199999999999998, 0.34, 0.34, 0.34, 0.38, 0.08999999999999991, 0.0749999999999999, 1, 0.21, 0.99, 0.62, 0.25, 0.99, 0.99, 0.25, 0.25, 0.61, 0.43, 0.6, 0.43, 0.01, 0.6, 99, 99, 99]
--- num:  29
list:  [0.5, 0.5, 0.93, 0.93, 1, 1, 0.16199999999999998, 0.16199999999999998, 0.35, 0.35, 0.34, 0.38, 0.08999999999999991, 0.08999999999999991, 1, 0.21, 0.99, 0.62, 0.25, 0.99, 0.99, 0.25, 0.25, 0.61, 0.42, 0.61, 0.42, 0.01, 0.6, 99, 99, 99]
--- num:  29
list:  [0.5, 0.5, 0.94, 0.94, 1, 1, 0.16199999999999998, 0.16199999999999998, 0.35, 0.35, 0.35, 0.38, 0.08999999999999991, 0.08999999999999991, 1, 0.21, 1.0, 0.62, 0.24, 1.0, 1.0, 0.24, 0.24, 0.61, 0.42, 0.61, 0.42, 0.01, 0.61, 99, 99, 99]
--- num:  29
list:  [0.5, 0.5, 0.94, 0.94, 1, 1, 0.16199999999999998, 0.16199999999999998, 0.35, 0.35, 0.34, 0.38, 0.10499999999999993, 0.10499999999999993, 1, 0.21, 1.0, 0.62, 0.24, 1.0, 1.0, 0.24, 0.24, 0.62, 0.42, 0.62, 0.42, 0.0, 0.61, 99, 99, 99]
--- num:  29
list:  [0.51, 0.51, 0.94, 0.94, 1, 1, 0.16199999999999998, 0.16199999999999998, 0.35, 0.35, 0.35, 0.38, 0.10499999999999993, 0.10499999999999993, 1, 0.21, 1.0, 0.62, 0.24, 1.0, 1.0, 0.24, 0.24, 0.62, 0.42, 0.62, 0.42, 0.0, 0.61, 99, 99, 99]
--- num:  29
list:  [0.51, 0.51, 0.94, 0.94, 1, 1, 0.16199999999999998, 0.16199999999999998, 0.35, 0.35, 0.35, 0.37, 0.10499999999999993, 0.10499999999999993, 1, 0.21, 1.0, 0.62, 0.24, 1.0, 1.0, 0.24, 0.24, 0.62, 0.42, 0.62, 0.42, 0.0, 0.61, 99, 99, 99]
--- num:  29
