A0
A1
A2
A3
A4
A5
A6
A7
A8
A9
A10
A11
A12
A13
A14
A15
A16
A17
A18
A19
A20
A21
A22
A23
A24
A25
A26
A27
A28
--- [0.87, 0.67, 1.0, 1.0, 0.24, 0.24, 0.05, 0.13, 0.51, 0.54, 0.4, 0.38, 0.0, -0.0, 1.0, 0.21, 0.75, 0.6, 0.49, 0.8, 0.75, 0.46, 0.86, 0.55, 0.43, 0.55, 0.45, 0.0, 0.5, 99, 99, 99]
into servo loop...
start test new
list:  [0.53, 0.53, 1.0, 1.0, 1, 1, 0.16199999999999998, 0.16199999999999998, 0.27, 0.27, 0.35, 0.37, 0.05999999999999989, 0.05999999999999989, 1, 0.21, 0.99, 0.62, 0.24, 0.99, 0.99, 0.24, 0.24, 0.59, 0.43, 0.59, 0.43, 0.01, 0.62, 99, 99, 99]
--- num:  29
list:  [0.53, 0.53, 1.0, 1.0, 1, 1, 0.16199999999999998, 0.16199999999999998, 0.37, 0.37, 0.35, 0.38, 0, 0, 1, 0.22, 0.99, 0.63, 0.25, 0.99, 0.99, 0.25, 0.25, 0.55, 0.45, 0.53, 0.49, 0.01, 0.57, 99, 99, 99]
--- num:  29
list:  [0.53, 0.53, 1.0, 1.0, 1, 1, 0.16199999999999998, 0.16199999999999998, 0.23, 0.23, 0.35, 0.38, 0, 0, 1, 0.22, 0.99, 0.63, 0.25, 0.99, 0.99, 0.25, 0.25, 0.55, 0.46, 0.54, 0.47, 0.01, 0.6, 99, 99, 99]
--- num:  29
list:  [0.53, 0.53, 1.0, 1.0, 1, 1, 0.16199999999999998, 0.16199999999999998, 0.3, 0.3, 0.34, 0.38, 0, 0, 1, 0.22, 0.99, 0.63, 0.25, 0.99, 0.99, 0.25, 0.25, 0.37, 0.8, 0.37, 0.79, 0.01, 0.64, 99, 99, 99]
--- num:  29
list:  [0.53, 0.53, 0.99, 0.99, 1, 1, 0.16199999999999998, 0.16199999999999998, 0.29, 0.29, 0.35, 0.37, 0, 0, 1, 0.22, 0.99, 0.63, 0.25, 0.99, 0.99, 0.25, 0.25, 0.31, 0.92, 0.31, 0.92, 0.01, 0.66, 99, 99, 99]
--- num:  29
list:  [0.57, 0.57, 1, 1, 0.96, 0.96, 0.4028803813457489, 0.40268472909927366, 0.15, 0.15, 0.36, 0.37, 0, 0, 1, 0.26, 0.96, 0.66, 0.28, 0.96, 0.96, 0.28, 0.28, 0.32, 0.9, 0.34, 0.85, 0.02, 0.7, 99, 99, 99]
--- num:  29
list:  [0.56, 0.56, 1, 1, 0.97, 0.97, 0.16199999999999998, 0.16199999999999998, 0.26, 0.26, 0.37, 0.35, 0, 0, 1, 0.24, 0.97, 0.65, 0.28, 0.97, 0.97, 0.28, 0.28, 0.31, 0.92, 0.31, 0.92, 0.02, 0.71, 99, 99, 99]
--- num:  29
list:  [0.57, 0.57, 1, 1, 0.97, 0.97, 0.16199999999999998, 0.16199999999999998, 0.27, 0.27, 0.37, 0.35, 0, 0, 1, 0.24, 0.97, 0.64, 0.28, 0.97, 0.97, 0.28, 0.28, 0.31, 0.92, 0.31, 0.92, 0.02, 0.71, 99, 99, 99]
--- num:  29
list:  [0.56, 0.56, 1, 1, 0.97, 0.97, 0.16199999999999998, 0.16199999999999998, 0.27, 0.27, 0.38, 0.35, 0, 0, 0.75, 0.24, 0.97, 0.64, 0.28, 0.97, 0.97, 0.28, 0.28, 0.31, 0.92, 0.31, 0.92, 0.02, 0.7, 99, 99, 99]
--- num:  29
list:  [0.57, 0.57, 1, 1, 0.97, 0.97, 0.16199999999999998, 0.16199999999999998, 0.26, 0.26, 0.38, 0.34, 0, 0, 0.75, 0.24, 0.97, 0.64, 0.28, 0.97, 0.97, 0.28, 0.28, 0.31, 0.92, 0.31, 0.92, 0.02, 0.67, 99, 99, 99]
--- num:  29
list:  [0.57, 0.57, 1, 1, 0.97, 0.97, 0.16199999999999998, 0.16199999999999998, 0.26, 0.26, 0.38, 0.34, 0, 0, 0.75, 0.24, 0.97, 0.64, 0.28, 0.97, 0.97, 0.28, 0.28, 0.31, 0.92, 0.31, 0.92, 0.02, 0.65, 99, 99, 99]
--- num:  29
list:  [0.62, 0.62, 1, 1, 0.93, 0.93, 0.18061214268207548, 0.18009221136569975, 0.25, 0.25, 0.39, 0.33, 0, 0, 0.75, 0.24, 0.96, 0.64, 0.29, 0.96, 0.96, 0.29, 0.29, 0.31, 0.92, 0.31, 0.92, 0.02, 0.58, 99, 99, 99]
--- num:  29
list:  [0.64, 0.64, 1, 1, 0.91, 0.91, 0.19102455258369444, 0.19030323207378386, 0.25, 0.25, 0.39, 0.34, 0, 0, 0.75, 0.25, 0.955, 0.65, 0.31, 0.96, 0.95, 0.31, 0.31, 0.31, 0.92, 0.31, 0.92, 0.02, 0.55, 99, 99, 99]
--- num:  29
list:  [0.64, 0.64, 1, 1, 0.91, 0.91, 0.19566085517406462, 0.19499350666999815, 0.25, 0.25, 0.38, 0.35, 0, 0, 0.5, 0.25, 0.955, 0.65, 0.31, 0.96, 0.95, 0.31, 0.31, 0.31, 0.92, 0.31, 0.92, 0.02, 0.54, 99, 99, 99]
--- num:  29
list:  [0.61, 0.61, 1, 1, 0.93, 0.93, 0.22244530498981474, 0.22217830598354338, 0.25, 0.25, 0.36, 0.36, 0, 0, 0.5, 0.28, 0.9, 0.68, 0.35, 0.91, 0.89, 0.35, 0.35, 0.34, 0.87, 0.35, 0.84, 0.02, 0.5, 99, 99, 99]
--- num:  29
list:  [0.65, 0.65, 1, 1, 0.9, 0.9, 0.16199999999999998, 0.16199999999999998, 0.23, 0.23, 0.32, 0.4, 0.015000000000000013, 0.0749999999999999, 0.25, 0.36, 0.42000000000000004, 0.73, 0.56, 0.43, 0.41000000000000003, 0.56, 0.56, 0.56, 0.44, 0.6, 0.43, 0.05, 0.7, 99, 99, 99]
--- num:  29
list:  [0.63, 0.63, 1, 1, 0.92, 0.92, 0.16199999999999998, 0.16199999999999998, 0.21, 0.21, 0.28, 0.44, 0.015000000000000013, 0.0749999999999999, 0.25, 0.34, 0.405, 0.72, 0.56, 0.4, 0.41000000000000003, 0.56, 0.56, 0.56, 0.44, 0.6, 0.43, 0.07, 1, 99, 99, 99]
--- num:  29
list:  [0.64, 0.64, 1, 1, 0.91, 0.91, 0.16199999999999998, 0.16199999999999998, 0.21, 0.21, 0.26, 0.46, 0.02999999999999986, 0.08999999999999991, 0.25, 0.33, 0.395, 0.71, 0.56, 0.39, 0.4, 0.56, 0.56, 0.57, 0.44, 0.61, 0.42, 0.07, 1, 99, 99, 99]
--- num:  29
list:  [0.64, 0.64, 1, 1, 0.91, 0.91, 0.16199999999999998, 0.16199999999999998, 0.2, 0.2, 0.25, 0.48, 0.04499999999999987, 0.11999999999999994, 0.25, 0.33, 0.395, 0.71, 0.56, 0.39, 0.4, 0.56, 0.56, 0.58, 0.44, 0.63, 0.41, 0.07, 1, 99, 99, 99]
--- num:  29
list:  [0.64, 0.64, 1, 1, 0.91, 0.91, 0.1950812745094299, 0.19405059099197386, 0.2, 0.2, 0.24, 0.48, 0.04499999999999987, 0.11999999999999994, 0.5, 0.33, 0.4, 0.71, 0.56, 0.39, 0.41000000000000003, 0.56, 0.56, 0.58, 0.44, 0.63, 0.42, 0.07, 1, 99, 99, 99]
--- num:  29
list:  [0.63, 0.63, 1, 1, 0.92, 0.92, 0.16199999999999998, 0.16199999999999998, 0.2, 0.2, 0.26, 0.46, 0, 0.0749999999999999, 0.5, 0.33, 0.41500000000000004, 0.71, 0.56, 0.41000000000000003, 0.42000000000000004, 0.56, 0.56, 0.55, 0.45, 0.6, 0.43, 0.07, 1, 99, 99, 99]
--- num:  29
list:  [0.63, 0.63, 1, 1, 0.92, 0.92, 0.16199999999999998, 0.16199999999999998, 0.21, 0.21, 0.31, 0.41, 0, 0.08999999999999991, 0.5, 0.33, 0.45, 0.71, 0.56, 0.45, 0.45, 0.56, 0.56, 0.55, 0.45, 0.61, 0.42, 0.07, 1, 99, 99, 99]
--- num:  29
list:  [0.63, 0.63, 1, 1, 0.92, 0.92, 0.16199999999999998, 0.16199999999999998, 0.2, 0.2, 0.39, 0.33, 0.02999999999999986, 0.08999999999999991, 0.5, 0.33, 0.5, 0.71, 0.56, 0.5, 0.5, 0.56, 0.56, 0.57, 0.44, 0.61, 0.42, 0.07, 1, 99, 99, 99]
--- num:  29
list:  [0.62, 0.62, 1, 1, 0.93, 0.93, 0.16199999999999998, 0.16199999999999998, 0.22, 0.22, 0.48, 0.24, 0, 0, 0.5, 0.34, 0.495, 0.71, 0.56, 0.51, 0.48, 0.56, 0.56, 0.48, 0.58, 0.49, 0.57, 0.07, 0.66, 99, 99, 99]
--- num:  29
list:  [0.61, 0.61, 1, 1, 0.94, 0.94, 0.16199999999999998, 0.16199999999999998, 0.24, 0.24, 0.52, 0.2, 0, 0, 0.25, 0.36, 0.46499999999999997, 0.73, 0.56, 0.5, 0.43, 0.56, 0.56, 0.52, 0.51, 0.53, 0.49, 0.07, 0.29, 99, 99, 99]
--- num:  29
list:  [0.61, 0.61, 1, 1, 0.94, 0.94, 0.16199999999999998, 0.16199999999999998, 0.26, 0.26, 0.52, 0.2, 0, 0, 0.25, 0.36, 0.46499999999999997, 0.73, 0.56, 0.5, 0.43, 0.56, 0.56, 0.48, 0.59, 0.49, 0.57, 0.06, 0.22, 99, 99, 99]
--- num:  29
list:  [0.6, 0.6, 1, 1, 0.95, 0.95, 0.16199999999999998, 0.16199999999999998, 0.27, 0.27, 0.52, 0.21, 0, 0, 0.25, 0.36, 0.48, 0.73, 0.56, 0.51, 0.45, 0.56, 0.56, 0.41, 0.71, 0.42, 0.69, 0.06, 0.29, 99, 99, 99]
--- num:  29
list:  [0.6, 0.6, 1, 1, 0.95, 0.95, 0.16199999999999998, 0.16199999999999998, 0.26, 0.26, 0.45, 0.27, 0, 0, 0.25, 0.36, 0.485, 0.74, 0.56, 0.51, 0.45999999999999996, 0.56, 0.56, 0.45, 0.65, 0.47, 0.61, 0.06, 0.63, 99, 99, 99]
--- num:  29
list:  [0.59, 0.59, 1, 1, 0.95, 0.95, 0.16199999999999998, 0.16199999999999998, 0.27, 0.27, 0.31, 0.41, 0, 0, 0.5, 0.36, 0.49, 0.73, 0.56, 0.5, 0.48, 0.56, 0.56, 0.43, 0.67, 0.47, 0.6, 0.05, 1, 99, 99, 99]
--- num:  29
list:  [0.59, 0.59, 1, 1, 0.95, 0.95, 0.16199999999999998, 0.16199999999999998, 0.27, 0.27, 0.19, 0.53, 0, 0, 0.5, 0.36, 0.52, 0.73, 0.56, 0.52, 0.52, 0.56, 0.56, 0.41, 0.72, 0.46, 0.63, 0.05, 1, 99, 99, 99]
--- num:  29
list:  [0.59, 0.59, 1, 1, 0.95, 0.95, 0.16199999999999998, 0.16199999999999998, 0.26, 0.26, 0.15, 0.57, 0, 0, 0.5, 0.36, 0.495, 0.73, 0.56, 0.49, 0.5, 0.56, 0.56, 0.43, 0.67, 0.48, 0.59, 0.05, 1, 99, 99, 99]
--- num:  29
list:  [0.6, 0.6, 1, 1, 0.94, 0.94, 0.16199999999999998, 0.16199999999999998, 0.25, 0.25, 0.24, 0.49, 0, 0, 0.5, 0.35, 0.5, 0.73, 0.56, 0.5, 0.5, 0.56, 0.56, 0.43, 0.68, 0.47, 0.6, 0.05, 1, 99, 99, 99]
--- num:  29
list:  [0.61, 0.61, 1, 1, 0.94, 0.94, 0.16199999999999998, 0.16199999999999998, 0.24, 0.24, 0.39, 0.33, 0, 0, 0.5, 0.35, 0.44, 0.73, 0.56, 0.45999999999999996, 0.42000000000000004, 0.56, 0.56, 0.53, 0.49, 0.55, 0.45, 0.05, 0.96, 99, 99, 99]
--- num:  29
list:  [0.6, 0.6, 1, 1, 0.94, 0.94, 0.16199999999999998, 0.16199999999999998, 0.23, 0.23, 0.5, 0.23, 0, 0, 0.25, 0.36, 0.45, 0.73, 0.56, 0.48, 0.42000000000000004, 0.56, 0.56, 0.42, 0.71, 0.44, 0.66, 0.06, 0.6, 99, 99, 99]
--- num:  29
list:  [0.59, 0.59, 1, 1, 0.95, 0.95, 0.16199999999999998, 0.16199999999999998, 0.23, 0.23, 0.56, 0.17, 0, 0, 0.25, 0.36, 0.45999999999999996, 0.73, 0.56, 0.49, 0.43, 0.56, 0.56, 0.52, 0.5, 0.54, 0.48, 0.06, 0.39, 99, 99, 99]
--- num:  29
list:  [0.58, 0.58, 1, 1, 0.96, 0.96, 0.16199999999999998, 0.16199999999999998, 0.22, 0.22, 0.64, 0.09, 0, 0, 0.25, 0.35, 0.485, 0.72, 0.56, 0.51, 0.45999999999999996, 0.56, 0.56, 0.46, 0.63, 0.45, 0.64, 0.06, 0.18, 99, 99, 99]
--- num:  29
list:  [0.61, 0.61, 1, 1, 0.93, 0.93, 0.9384547877311706, 0.938457887172699, 0.23, 0.23, 0.57, 0.16, 0.13499999999999995, 0.14999999999999997, 0.25, 0.35, 0.42, 0.73, 0.56, 0.45999999999999996, 0.38, 0.56, 0.56, 0.64, 0.41, 0.65, 0.4, 0.07, 0.07, 99, 99, 99]
--- num:  29
list:  [0.61, 0.61, 1, 1, 0.94, 0.94, 0.37597830176353453, 0.3759507644176483, 0.16, 0.16, 0.54, 0.19, 0.22499999999999987, 0.22499999999999987, 0.5, 0.35, 0.445, 0.72, 0.56, 0.47, 0.42000000000000004, 0.56, 0.56, 0.7, 0.38, 0.7, 0.38, 0.07, 0.11, 99, 99, 99]
--- num:  29
list:  [0.6, 0.6, 1, 1, 0.94, 0.94, 0.18232611894607542, 0.18190818607807158, 0.21, 0.21, 0.41, 0.31, 0.04499999999999987, 0.0749999999999999, 0.25, 0.34, 0.41000000000000003, 0.72, 0.56, 0.43, 0.39, 0.56, 0.56, 0.58, 0.44, 0.6, 0.43, 0.06, 0.53, 99, 99, 99]
--- num:  29
list:  [0.6, 0.6, 1, 1, 0.94, 0.94, 0.8984660315513611, 0.8980803298950195, 0.18, 0.18, 0.33, 0.4, 0.11999999999999994, 0.22499999999999987, 0.25, 0.34, 0.365, 0.72, 0.56, 0.37, 0.36, 0.56, 0.56, 0.63, 0.41, 0.7, 0.38, 0.07, 1, 99, 99, 99]
--- num:  29
list:  [0.6, 0.6, 1, 1, 0.94, 0.94, 0.21155033588409422, 0.21128311336040495, 0.22, 0.22, 0.22, 0.5, 0.04499999999999987, 0.13499999999999995, 0.5, 0.34, 0.42000000000000004, 0.72, 0.56, 0.42000000000000004, 0.42000000000000004, 0.56, 0.56, 0.58, 0.44, 0.64, 0.41, 0.07, 1, 99, 99, 99]
--- num:  29
list:  [0.6, 0.6, 1, 1, 0.95, 0.95, 0.16199999999999998, 0.16199999999999998, 0.23, 0.23, 0.15, 0.57, 0, 0.08999999999999991, 0.5, 0.34, 0.42500000000000004, 0.72, 0.56, 0.42000000000000004, 0.43, 0.56, 0.56, 0.55, 0.46, 0.61, 0.42, 0.06, 1, 99, 99, 99]
--- num:  29
list:  [0.59, 0.59, 1, 1, 0.95, 0.95, 0.16199999999999998, 0.16199999999999998, 0.23, 0.23, 0.13, 0.59, 0, 0.08999999999999991, 0.5, 0.34, 0.43000000000000005, 0.72, 0.56, 0.42000000000000004, 0.44, 0.56, 0.56, 0.54, 0.46, 0.61, 0.42, 0.06, 1, 99, 99, 99]
--- num:  29
list:  [0.6, 0.6, 1, 1, 0.95, 0.95, 0.16199999999999998, 0.16199999999999998, 0.23, 0.23, 0.19, 0.54, 0.10499999999999993, 0.16499999999999998, 0.5, 0.34, 0.45999999999999996, 0.71, 0.56, 0.45, 0.47, 0.56, 0.56, 0.62, 0.42, 0.66, 0.4, 0.06, 1, 99, 99, 99]
--- num:  29
list:  [0.6, 0.6, 1, 1, 0.95, 0.95, 0.16199999999999998, 0.16199999999999998, 0.23, 0.23, 0.31, 0.41, 0.05999999999999989, 0.11999999999999994, 0.5, 0.33, 0.45999999999999996, 0.71, 0.56, 0.45999999999999996, 0.45999999999999996, 0.56, 0.56, 0.59, 0.43, 0.63, 0.41, 0.07, 1, 99, 99, 99]
--- num:  29
list:  [0.6, 0.6, 1, 1, 0.94, 0.94, 0.16199999999999998, 0.16199999999999998, 0.23, 0.23, 0.37, 0.35, 0.11999999999999994, 0.18, 0.5, 0.33, 0.44999999999999996, 0.71, 0.56, 0.45999999999999996, 0.44, 0.56, 0.56, 0.63, 0.41, 0.67, 0.39, 0.07, 1, 99, 99, 99]
--- num:  29
list:  [0.58, 0.58, 1, 1, 0.96, 0.96, 0.16199999999999998, 0.16199999999999998, 0.23, 0.23, 0.46, 0.26, 0.16499999999999998, 0.20999999999999985, 0.25, 0.33, 0.4, 0.71, 0.56, 0.42000000000000004, 0.38, 0.56, 0.56, 0.66, 0.4, 0.69, 0.39, 0.07, 0.74, 99, 99, 99]
--- num:  29
list:  [0.58, 0.58, 1, 1, 0.96, 0.96, 0.16199999999999998, 0.16199999999999998, 0.23, 0.23, 0.52, 0.2, 0, 0, 0.25, 0.33, 0.44, 0.71, 0.56, 0.47, 0.41000000000000003, 0.56, 0.56, 0.53, 0.49, 0.54, 0.46, 0.06, 0.46, 99, 99, 99]
--- num:  29
list:  [0.59, 0.59, 1, 1, 0.95, 0.95, 0.16199999999999998, 0.16199999999999998, 0.22, 0.22, 0.47, 0.25, 0.20999999999999985, 0.23999999999999988, 0.25, 0.32, 0.41000000000000003, 0.7, 0.56, 0.43, 0.39, 0.56, 0.56, 0.69, 0.39, 0.71, 0.38, 0.06, 0.55, 99, 99, 99]
--- num:  29
list:  [0.59, 0.59, 1, 1, 0.95, 0.95, 0.16199999999999998, 0.16199999999999998, 0.22, 0.22, 0.33, 0.39, 0.13499999999999995, 0.20999999999999985, 0.5, 0.32, 0.485, 0.7, 0.56, 0.49, 0.48, 0.56, 0.56, 0.64, 0.41, 0.69, 0.39, 0.06, 1, 99, 99, 99]
--- num:  29
list:  [0.6, 0.6, 1, 1, 0.94, 0.94, 0.16199999999999998, 0.16199999999999998, 0.23, 0.23, 0.23, 0.49, 0.04499999999999987, 0.13499999999999995, 0.5, 0.32, 0.485, 0.7, 0.56, 0.49, 0.48, 0.56, 0.56, 0.58, 0.44, 0.64, 0.41, 0.06, 1, 99, 99, 99]
--- num:  29
list:  [0.6, 0.6, 1, 1, 0.95, 0.95, 0.16199999999999998, 0.16199999999999998, 0.23, 0.23, 0.22, 0.5, 0.14999999999999997, 0.23999999999999988, 0.5, 0.33, 0.45999999999999996, 0.71, 0.56, 0.45999999999999996, 0.45999999999999996, 0.56, 0.56, 0.65, 0.4, 0.71, 0.38, 0.06, 1, 99, 99, 99]
--- num:  29
list:  [0.59, 0.59, 1, 1, 0.95, 0.95, 0.16199999999999998, 0.16199999999999998, 0.22, 0.22, 0.32, 0.4, 0.195, 0.2849999999999999, 0.5, 0.32, 0.445, 0.7, 0.56, 0.45, 0.44, 0.56, 0.56, 0.68, 0.39, 0.74, 0.36, 0.06, 1, 99, 99, 99]
--- num:  29
list:  [0.6, 0.6, 1, 1, 0.95, 0.95, 0.16199999999999998, 0.16199999999999998, 0.21, 0.21, 0.4, 0.33, 0.2549999999999999, 0.32999999999999996, 0.5, 0.31, 0.41500000000000004, 0.7, 0.56, 0.43, 0.4, 0.56, 0.56, 0.72, 0.38, 0.77, 0.35, 0.07, 1, 99, 99, 99]
--- num:  29
list:  [0.58, 0.58, 1, 1, 0.96, 0.96, 0.16199999999999998, 0.16199999999999998, 0.21, 0.21, 0.45, 0.27, 0.29999999999999993, 0.375, 0.25, 0.31, 0.36, 0.69, 0.56, 0.38, 0.33999999999999997, 0.56, 0.56, 0.75, 0.36, 0.8, 0.34, 0.06, 0.68, 99, 99, 99]
--- num:  29
list:  [0.58, 0.58, 1, 1, 0.96, 0.96, 0.16199999999999998, 0.16199999999999998, 0.21, 0.21, 0.5, 0.23, 0.29999999999999993, 0.345, 0.25, 0.3, 0.39, 0.69, 0.56, 0.41000000000000003, 0.37, 0.56, 0.56, 0.75, 0.36, 0.78, 0.35, 0.06, 0.4, 99, 99, 99]
--- num:  29
list:  [0.58, 0.58, 1, 1, 0.96, 0.96, 0.16199999999999998, 0.16199999999999998, 0.21, 0.21, 0.56, 0.17, 0.36, 0.39, 0.25, 0.32, 0.385, 0.7, 0.56, 0.41000000000000003, 0.36, 0.56, 0.56, 0.79, 0.34, 0.81, 0.33, 0.06, 0.24, 99, 99, 99]
--- num:  29
list:  [0.58, 0.58, 1, 1, 0.96, 0.96, 0.16199999999999998, 0.16199999999999998, 0.2, 0.2, 0.63, 0.1, 0.14999999999999997, 0.16499999999999998, 0.5, 0.33, 0.42000000000000004, 0.71, 0.56, 0.45, 0.39, 0.56, 0.56, 0.65, 0.4, 0.66, 0.4, 0.06, 0.19, 99, 99, 99]
--- num:  29
list:  [0.59, 0.59, 1, 1, 0.95, 0.95, 0.16199999999999998, 0.16199999999999998, 0.19, 0.19, 0.67, 0.07, 0.23999999999999988, 0.23999999999999988, 0.25, 0.33, 0.435, 0.71, 0.56, 0.47, 0.4, 0.56, 0.56, 0.71, 0.38, 0.71, 0.38, 0.07, 0.15, 99, 99, 99]
--- num:  29
list:  [0.59, 0.59, 1, 1, 0.95, 0.95, 0.16199999999999998, 0.16199999999999998, 0.19, 0.19, 0.71, 0.02, 0.2849999999999999, 0.2699999999999999, 0.25, 0.34, 0.42000000000000004, 0.72, 0.56, 0.45, 0.39, 0.56, 0.56, 0.74, 0.37, 0.73, 0.37, 0.07, 0.12, 99, 99, 99]
--- num:  29
list:  [0.59, 0.59, 1, 1, 0.95, 0.95, 0.16199999999999998, 0.16199999999999998, 0.21, 0.21, 0.67, 0.06, 0.10499999999999993, 0.10499999999999993, 0.25, 0.34, 0.42000000000000004, 0.72, 0.56, 0.45, 0.39, 0.56, 0.56, 0.62, 0.42, 0.62, 0.42, 0.07, 0.11, 99, 99, 99]
--- num:  29
list:  [0.59, 0.59, 1, 1, 0.95, 0.95, 0.16199999999999998, 0.16199999999999998, 0.22, 0.22, 0.55, 0.18, 0.2849999999999999, 0.29999999999999993, 0.5, 0.34, 0.385, 0.72, 0.56, 0.41000000000000003, 0.36, 0.56, 0.56, 0.74, 0.37, 0.75, 0.36, 0.07, 0.32, 99, 99, 99]
--- num:  29
list:  [0.59, 0.59, 1, 1, 0.95, 0.95, 0.16199999999999998, 0.16199999999999998, 0.22, 0.22, 0.47, 0.25, 0.20999999999999985, 0.2549999999999999, 0.5, 0.34, 0.38, 0.72, 0.56, 0.4, 0.36, 0.56, 0.56, 0.69, 0.39, 0.72, 0.38, 0.06, 0.57, 99, 99, 99]
--- num:  29
list:  [0.59, 0.59, 1, 1, 0.95, 0.95, 0.16199999999999998, 0.16199999999999998, 0.22, 0.22, 0.41, 0.31, 0.16499999999999998, 0.20999999999999985, 0.5, 0.34, 0.365, 0.72, 0.56, 0.38, 0.35, 0.56, 0.56, 0.66, 0.4, 0.69, 0.39, 0.06, 0.78, 99, 99, 99]
--- num:  29
list:  [0.59, 0.59, 1, 1, 0.95, 0.95, 0.16199999999999998, 0.16199999999999998, 0.22, 0.22, 0.36, 0.36, 0.18, 0.2549999999999999, 0.5, 0.34, 0.38, 0.72, 0.56, 0.39, 0.37, 0.56, 0.56, 0.67, 0.4, 0.72, 0.38, 0.06, 0.88, 99, 99, 99]
--- num:  29
list:  [0.59, 0.59, 1, 1, 0.95, 0.95, 0.16199999999999998, 0.16199999999999998, 0.23, 0.23, 0.34, 0.39, 0.32999999999999996, 0.36, 0.5, 0.33, 0.495, 0.71, 0.56, 0.5, 0.49, 0.56, 0.56, 0.77, 0.35, 0.79, 0.35, 0.06, 0.55, 99, 99, 99]
--- num:  29
list:  [0.59, 0.59, 1, 1, 0.95, 0.95, 0.16199999999999998, 0.16199999999999998, 0.24, 0.24, 0.32, 0.4, 0.4349999999999999, 0.4199999999999999, 0.5, 0.31, 0.5850000000000001, 0.7, 0.56, 0.5800000000000001, 0.5900000000000001, 0.56, 0.56, 0.84, 0.32, 0.83, 0.32, 0.06, 0.42, 99, 99, 99]
--- num:  29
list:  [0.58, 0.58, 1, 1, 0.96, 0.96, 0.16199999999999998, 0.16199999999999998, 0.25, 0.25, 0.29, 0.43, 0.4199999999999999, 0.39, 0.75, 0.31, 0.75, 0.7, 0.52, 0.74, 0.76, 0.52, 0.52, 0.83, 0.33, 0.81, 0.33, 0.07, 0.4, 99, 99, 99]
--- num:  29
list:  [0.56, 0.56, 1, 1, 0.97, 0.97, 0.16199999999999998, 0.16199999999999998, 0.25, 0.25, 0.28, 0.45, 0.2849999999999999, 0.2549999999999999, 1, 0.28, 0.885, 0.67, 0.37, 0.88, 0.89, 0.37, 0.37, 0.74, 0.36, 0.72, 0.37, 0.04, 0.44, 99, 99, 99]
--- num:  29
list:  [0.36, 0.36, 0.61, 0.61, 1, 1, 0.16199999999999998, 0.16199999999999998, 0.25, 0.25, 0.26, 0.47, 0.20999999999999985, 0.195, 1, 0.25, 0.945, 0.65, 0.29, 0.94, 0.95, 0.29, 0.29, 0.69, 0.39, 0.68, 0.39, 0.02, 0.48, 99, 99, 99]
--- num:  29
list:  [0.37, 0.37, 0.63, 0.63, 1, 1, 0.16199999999999998, 0.16199999999999998, 0.24, 0.24, 0.26, 0.47, 0.16499999999999998, 0.14999999999999997, 1, 0.24, 0.97, 0.64, 0.26, 0.97, 0.97, 0.26, 0.26, 0.66, 0.4, 0.65, 0.41, 0.02, 0.53, 99, 99, 99]
--- num:  29
list:  [0.41, 0.41, 0.73, 0.73, 1, 1, 0.16199999999999998, 0.16199999999999998, 0.22, 0.22, 0.3, 0.42, 0.16499999999999998, 0.14999999999999997, 1, 0.23, 0.97, 0.63, 0.26, 0.97, 0.97, 0.26, 0.26, 0.66, 0.4, 0.65, 0.41, 0.02, 0.56, 99, 99, 99]
--- num:  29
list:  [0.44, 0.44, 0.8, 0.8, 1, 1, 0.16199999999999998, 0.16199999999999998, 0.21, 0.21, 0.35, 0.37, 0.13499999999999995, 0.14999999999999997, 1, 0.23, 0.97, 0.63, 0.26, 0.97, 0.97, 0.26, 0.26, 0.64, 0.41, 0.65, 0.41, 0.01, 0.58, 99, 99, 99]
--- num:  29
list:  [0.46, 0.46, 0.84, 0.84, 1, 1, 0.16199999999999998, 0.16199999999999998, 0.21, 0.21, 0.39, 0.33, 0.13499999999999995, 0.13499999999999995, 1, 0.23, 0.97, 0.63, 0.26, 0.97, 0.97, 0.26, 0.26, 0.64, 0.41, 0.64, 0.41, 0.01, 0.58, 99, 99, 99]
--- num:  29
list:  [0.46, 0.46, 0.84, 0.84, 1, 1, 0.16199999999999998, 0.16199999999999998, 0.2, 0.2, 0.41, 0.31, 0.11999999999999994, 0.11999999999999994, 1, 0.23, 0.96, 0.64, 0.27, 0.96, 0.96, 0.27, 0.27, 0.63, 0.42, 0.63, 0.41, 0.01, 0.57, 99, 99, 99]
--- num:  29
list:  [0.58, 0.58, 1, 1, 0.96, 0.96, 0.2894942569732666, 0.2892282712459564, 0.14, 0.14, 0.41, 0.31, 0.10499999999999993, 0.11999999999999994, 1, 0.28, 0.93, 0.67, 0.28, 0.93, 0.93, 0.28, 0.28, 0.62, 0.42, 0.63, 0.41, 0.02, 0.56, 99, 99, 99]
--- num:  29
list:  [0.56, 0.56, 1, 1, 0.98, 0.98, 0.16199999999999998, 0.16199999999999998, 0.19, 0.19, 0.42, 0.31, 0.08999999999999991, 0.10499999999999993, 1, 0.24, 0.96, 0.64, 0.26, 0.96, 0.96, 0.26, 0.26, 0.61, 0.42, 0.62, 0.42, 0.02, 0.57, 99, 99, 99]
--- num:  29
list:  [0.48, 0.48, 0.89, 0.89, 1, 1, 0.16199999999999998, 0.16199999999999998, 0.21, 0.21, 0.41, 0.32, 0.08999999999999991, 0.10499999999999993, 1, 0.23, 0.97, 0.64, 0.26, 0.97, 0.97, 0.26, 0.26, 0.61, 0.42, 0.62, 0.42, 0.02, 0.58, 99, 99, 99]
--- num:  29
list:  [0.47, 0.47, 0.86, 0.86, 1, 1, 0.16199999999999998, 0.16199999999999998, 0.21, 0.21, 0.4, 0.33, 0.08999999999999991, 0.10499999999999993, 1, 0.23, 0.98, 0.63, 0.25, 0.98, 0.98, 0.25, 0.25, 0.61, 0.42, 0.62, 0.42, 0.01, 0.59, 99, 99, 99]
--- num:  29
list:  [0.47, 0.47, 0.87, 0.87, 1, 1, 0.16199999999999998, 0.16199999999999998, 0.21, 0.21, 0.39, 0.33, 0.08999999999999991, 0.10499999999999993, 1, 0.22, 0.98, 0.63, 0.25, 0.98, 0.98, 0.25, 0.25, 0.61, 0.42, 0.62, 0.42, 0.01, 0.59, 99, 99, 99]
--- num:  29
list:  [0.48, 0.48, 0.88, 0.88, 1, 1, 0.16199999999999998, 0.16199999999999998, 0.22, 0.22, 0.39, 0.34, 0.08999999999999991, 0.10499999999999993, 1, 0.22, 0.98, 0.63, 0.25, 0.98, 0.98, 0.25, 0.25, 0.61, 0.42, 0.62, 0.42, 0.01, 0.6, 99, 99, 99]
--- num:  29
list:  [0.48, 0.48, 0.89, 0.89, 1, 1, 0.16199999999999998, 0.16199999999999998, 0.22, 0.22, 0.38, 0.34, 0.08999999999999991, 0.08999999999999991, 1, 0.22, 0.98, 0.63, 0.25, 0.98, 0.98, 0.25, 0.25, 0.61, 0.42, 0.61, 0.42, 0.01, 0.6, 99, 99, 99]
--- num:  29
list:  [0.49, 0.49, 0.9, 0.9, 1, 1, 0.16199999999999998, 0.16199999999999998, 0.23, 0.23, 0.38, 0.35, 0.08999999999999991, 0.08999999999999991, 1, 0.22, 0.99, 0.63, 0.25, 0.99, 0.99, 0.25, 0.25, 0.61, 0.42, 0.61, 0.42, 0.01, 0.61, 99, 99, 99]
--- num:  29
list:  [0.48, 0.48, 0.89, 0.89, 1, 1, 0.16199999999999998, 0.16199999999999998, 0.22, 0.22, 0.38, 0.35, 0.08999999999999991, 0.08999999999999991, 1, 0.22, 0.99, 0.62, 0.25, 0.99, 0.99, 0.25, 0.25, 0.61, 0.42, 0.61, 0.42, 0.01, 0.61, 99, 99, 99]
--- num:  29
list:  [0.49, 0.49, 0.9, 0.9, 1, 1, 0.16199999999999998, 0.16199999999999998, 0.22, 0.22, 0.38, 0.35, 0.08999999999999991, 0.08999999999999991, 1, 0.22, 0.99, 0.62, 0.25, 0.99, 0.99, 0.25, 0.25, 0.61, 0.42, 0.61, 0.42, 0.01, 0.61, 99, 99, 99]
--- num:  29
