start livelink
[0.209, 0.017, -0.03]
[0.21, 0.018, -0.032]
[0.21, 0.018, -0.032]
[0.21, 0.019, -0.032]
[0.21, 0.019, -0.032]
[0.206, 0.02, -0.032]
[0.206, 0.02, -0.031]
[0.212, 0.023, -0.029]
[0.211, 0.033, -0.024]
[0.206, 0.036, -0.02]
[0.206, 0.033, -0.019]
[0.201, 0.027, -0.02]
[0.194, 0.022, -0.023]
[0.192, 0.019, -0.026]
[0.187, 0.018, -0.028]
[0.184, 0.018, -0.029]
[0.182, 0.019, -0.029]
[0.179, 0.019, -0.028]
[0.176, 0.019, -0.027]
[0.173, 0.019, -0.027]
[0.172, 0.02, -0.027]
[0.171, 0.02, -0.027]
[0.17, 0.021, -0.026]
[0.168, 0.021, -0.025]
[0.167, 0.021, -0.025]
[0.167, 0.021, -0.024]
[0.167, 0.021, -0.024]
[0.168, 0.021, -0.023]
[0.17, 0.021, -0.023]
[0.17, 0.021, -0.022]
[0.17, 0.021, -0.022]
[0.17, 0.021, -0.022]
[0.169, 0.021, -0.022]
[0.168, 0.021, -0.021]
[0.167, 0.021, -0.021]
[0.167, 0.022, -0.021]
[0.166, 0.021, -0.022]
[0.166, 0.02, -0.024]
[0.166, 0.017, -0.031]
[0.166, 0.017, -0.031]
[0.17, 0.016, -0.032]
[0.172, 0.015, -0.032]
[0.174, 0.014, -0.03]
[0.176, 0.013, -0.029]
[0.175, 0.013, -0.027]
[0.172, 0.014, -0.026]
[0.165, 0.014, -0.024]
[0.16, 0.015, -0.024]
[0.154, 0.014, -0.025]
[0.151, 0.014, -0.025]
[0.15, 0.013, -0.026]
[0.15, 0.012, -0.026]
[0.152, 0.011, -0.025]
[0.154, 0.011, -0.025]
[0.158, 0.011, -0.025]
[0.161, 0.01, -0.024]
[0.165, 0.01, -0.021]
[0.164, 0.01, -0.017]
[0.162, 0.01, -0.012]
[0.163, 0.012, -0.008]
[0.161, 0.013, -0.006]
[0.162, 0.015, -0.006]
[0.164, 0.016, -0.005]
[0.163, 0.018, -0.005]
[0.164, 0.019, -0.003]
[0.167, 0.021, -0.001]
[0.167, 0.021, -0.001]
[0.169, 0.022, 0.0]
[0.171, 0.023, 0.002]
[0.178, 0.027, 0.006]
[0.178, 0.027, 0.006]
[0.181, 0.03, 0.01]
[0.186, 0.032, 0.014]
[0.19, 0.035, 0.018]
[0.193, 0.038, 0.023]
[0.195, 0.042, 0.027]
[0.196, 0.045, 0.031]
[0.198, 0.049, 0.036]
[0.201, 0.052, 0.043]
[0.204, 0.055, 0.05]
[0.209, 0.058, 0.058]
[0.213, 0.06, 0.065]
[0.219, 0.062, 0.071]
[0.224, 0.064, 0.076]
[0.23, 0.066, 0.083]
[0.234, 0.069, 0.089]
[0.236, 0.07, 0.095]
[0.24, 0.072, 0.1]
[0.243, 0.073, 0.106]
[0.246, 0.073, 0.11]
[0.248, 0.073, 0.113]
[0.25, 0.073, 0.116]
[0.251, 0.073, 0.117]
[0.255, 0.072, 0.113]
[0.255, 0.072, 0.113]
[0.257, 0.071, 0.111]
[0.259, 0.071, 0.106]
[0.261, 0.068, 0.096]
[0.261, 0.068, 0.096]
[0.264, 0.066, 0.092]
[0.264, 0.063, 0.089]
[0.263, 0.06, 0.083]
[0.263, 0.056, 0.075]
[0.263, 0.053, 0.062]
[0.262, 0.049, 0.047]
[0.256, 0.043, 0.017]
[0.256, 0.043, 0.017]
[0.253, 0.04, 0.003]
[0.249, 0.037, -0.011]
[0.245, 0.033, -0.024]
[0.242, 0.031, -0.037]
[0.242, 0.029, -0.048]
[0.243, 0.026, -0.057]
[0.244, 0.023, -0.066]
[0.245, 0.019, -0.074]
[0.246, 0.016, -0.082]
[0.245, 0.012, -0.091]
[0.244, 0.009, -0.098]
[0.244, 0.005, -0.105]
[0.243, 0.002, -0.111]
[0.242, -0.0, -0.116]
[0.238, -0.003, -0.121]
[0.234, -0.005, -0.123]
[0.23, -0.007, -0.126]
[0.226, -0.009, -0.128]
[0.223, -0.011, -0.13]
[0.22, -0.014, -0.132]
[0.218, -0.016, -0.133]
[0.216, -0.019, -0.134]
[0.21, -0.023, -0.134]
[0.21, -0.023, -0.134]
[0.209, -0.025, -0.134]
[0.208, -0.027, -0.133]
[0.207, -0.029, -0.131]
[0.207, -0.03, -0.13]
[0.206, -0.031, -0.127]
[0.206, -0.033, -0.125]
[0.207, -0.034, -0.121]
[0.208, -0.035, -0.115]
[0.208, -0.036, -0.107]
[0.207, -0.037, -0.098]
[0.208, -0.037, -0.09]
[0.208, -0.037, -0.081]
[0.21, -0.036, -0.071]
[0.216, -0.033, -0.059]
[0.227, -0.027, -0.036]
[0.227, -0.027, -0.036]
[0.229, -0.024, -0.024]
[0.233, -0.02, -0.013]
[0.237, -0.013, 0.005]
[0.237, -0.013, 0.005]
[0.238, -0.009, 0.014]
[0.237, -0.006, 0.023]
[0.235, 0.003, 0.038]
[0.235, 0.003, 0.038]
[0.235, 0.008, 0.047]
[0.235, 0.013, 0.056]
[0.237, 0.021, 0.074]
[0.237, 0.021, 0.074]
[0.239, 0.024, 0.083]
[0.241, 0.028, 0.092]
[0.242, 0.031, 0.1]
[0.243, 0.034, 0.109]
[0.244, 0.036, 0.117]
[0.243, 0.038, 0.123]
[0.243, 0.038, 0.129]
[0.243, 0.039, 0.133]
[0.242, 0.039, 0.136]
[0.242, 0.039, 0.138]
[0.242, 0.039, 0.137]
[0.242, 0.039, 0.134]
[0.24, 0.039, 0.128]
[0.239, 0.038, 0.117]
[0.237, 0.036, 0.111]
[0.236, 0.035, 0.104]
[0.235, 0.034, 0.095]
[0.234, 0.033, 0.082]
[0.234, 0.033, 0.063]
[0.234, 0.032, 0.044]
[0.231, 0.032, 0.025]
[0.229, 0.031, 0.008]
[0.228, 0.031, -0.007]
[0.226, 0.031, -0.02]
[0.225, 0.03, -0.031]
[0.224, 0.03, -0.04]
[0.225, 0.03, -0.048]
[0.226, 0.029, -0.054]
[0.226, 0.028, -0.06]
[0.225, 0.028, -0.064]
[0.224, 0.027, -0.067]
[0.221, 0.026, -0.069]
[0.218, 0.026, -0.069]
[0.213, 0.025, -0.069]
[0.209, 0.024, -0.069]
[0.205, 0.023, -0.068]
[0.202, 0.022, -0.066]
[0.198, 0.021, -0.065]
[0.195, 0.02, -0.063]
[0.194, 0.019, -0.061]
[0.193, 0.019, -0.059]
[0.194, 0.019, -0.057]
[0.199, 0.019, -0.049]
[0.199, 0.019, -0.049]
[0.201, 0.019, -0.044]
[0.201, 0.019, -0.037]
[0.2, 0.02, -0.03]
[0.2, 0.02, -0.022]
[0.2, 0.021, -0.014]
[0.2, 0.022, -0.006]
[0.202, 0.023, 0.003]
[0.205, 0.024, 0.014]
[0.205, 0.025, 0.026]
[0.204, 0.027, 0.037]
[0.206, 0.028, 0.054]
[0.206, 0.028, 0.054]
[0.209, 0.03, 0.058]
[0.211, 0.031, 0.061]
[0.213, 0.032, 0.064]
[0.213, 0.034, 0.067]
[0.214, 0.036, 0.071]
[0.215, 0.038, 0.074]
[0.215, 0.04, 0.077]
[0.216, 0.042, 0.08]
[0.216, 0.044, 0.081]
[0.215, 0.045, 0.082]
[0.215, 0.046, 0.082]
[0.214, 0.047, 0.082]
[0.214, 0.047, 0.082]
[0.215, 0.046, 0.083]
[0.214, 0.046, 0.084]
[0.215, 0.045, 0.084]
[0.214, 0.044, 0.083]
[0.213, 0.043, 0.08]
[0.211, 0.043, 0.077]
[0.207, 0.042, 0.073]
[0.203, 0.042, 0.069]
[0.199, 0.041, 0.064]
[0.194, 0.04, 0.058]
[0.191, 0.039, 0.053]
[0.187, 0.037, 0.047]
[0.183, 0.035, 0.041]
[0.177, 0.033, 0.034]
[0.166, 0.032, 0.025]
[0.154, 0.032, 0.016]
[0.143, 0.031, 0.007]
[0.134, 0.03, -0.0]
[0.127, 0.029, -0.005]
[0.121, 0.027, -0.01]
[0.115, 0.025, -0.014]
[0.11, 0.023, -0.019]
[0.104, 0.02, -0.023]
[0.092, 0.015, -0.034]
[0.092, 0.015, -0.034]
[0.089, 0.012, -0.04]
[0.086, 0.008, -0.046]
[0.083, 0.004, -0.052]
[0.081, 0.0, -0.058]
[0.08, -0.004, -0.065]
[0.083, -0.011, -0.079]
[0.083, -0.011, -0.079]
[0.085, -0.014, -0.086]
[0.086, -0.018, -0.094]
[0.084, -0.022, -0.102]
[0.083, -0.026, -0.109]
[0.081, -0.03, -0.118]
[0.078, -0.034, -0.129]
[0.075, -0.037, -0.14]
[0.074, -0.04, -0.151]
[0.074, -0.042, -0.161]
[0.081, -0.045, -0.18]
[0.081, -0.045, -0.18]
[0.086, -0.046, -0.189]
[0.093, -0.048, -0.199]
[0.102, -0.05, -0.218]
[0.102, -0.05, -0.218]
[0.104, -0.051, -0.225]
[0.106, -0.053, -0.233]
[0.108, -0.055, -0.248]
[0.108, -0.055, -0.248]
[0.11, -0.057, -0.255]
[0.112, -0.059, -0.26]
[0.115, -0.062, -0.265]
[0.117, -0.064, -0.269]
[0.118, -0.066, -0.271]
[0.12, -0.067, -0.273]
[0.122, -0.069, -0.274]
[0.123, -0.07, -0.275]
[0.125, -0.07, -0.275]
[0.125, -0.07, -0.275]
[0.125, -0.07, -0.273]
[0.127, -0.07, -0.27]
[0.127, -0.069, -0.268]
[0.128, -0.069, -0.266]
[0.129, -0.068, -0.263]
[0.13, -0.067, -0.261]
[0.13, -0.066, -0.258]
[0.131, -0.065, -0.255]
[0.133, -0.064, -0.251]
[0.137, -0.064, -0.245]
[0.141, -0.063, -0.239]
[0.146, -0.062, -0.231]
[0.151, -0.061, -0.222]
[0.157, -0.059, -0.207]
[0.164, -0.058, -0.193]
[0.17, -0.055, -0.177]
[0.179, -0.052, -0.158]
[0.182, -0.048, -0.138]
[0.185, -0.046, -0.12]
[0.191, -0.043, -0.101]
[0.196, -0.04, -0.081]
[0.201, -0.036, -0.061]
[0.207, -0.032, -0.044]
[0.213, -0.028, -0.029]
[0.219, -0.024, -0.014]
[0.222, -0.02, 0.002]
[0.227, -0.016, 0.015]
[0.232, -0.012, 0.028]
[0.236, -0.007, 0.043]
[0.239, -0.003, 0.059]
[0.242, 0.002, 0.074]
[0.242, 0.006, 0.089]
[0.243, 0.011, 0.103]
[0.245, 0.015, 0.114]
[0.248, 0.018, 0.125]
[0.252, 0.022, 0.134]
[0.256, 0.024, 0.142]
[0.258, 0.027, 0.151]
[0.258, 0.033, 0.168]
[0.258, 0.033, 0.168]
[0.258, 0.035, 0.175]
[0.257, 0.038, 0.18]
[0.256, 0.039, 0.183]
[0.256, 0.04, 0.185]
[0.255, 0.041, 0.184]
[0.255, 0.041, 0.181]
[0.255, 0.04, 0.176]
[0.254, 0.039, 0.169]
[0.253, 0.038, 0.162]
[0.253, 0.037, 0.155]
[0.254, 0.037, 0.146]
[0.253, 0.037, 0.135]
[0.25, 0.037, 0.123]
[0.249, 0.036, 0.109]
[0.247, 0.036, 0.091]
[0.246, 0.036, 0.074]
[0.244, 0.037, 0.045]
[0.244, 0.037, 0.045]
[0.241, 0.037, 0.035]
[0.239, 0.037, 0.028]
[0.235, 0.038, 0.025]
[0.23, 0.039, 0.026]
[0.225, 0.04, 0.034]
[0.224, 0.041, 0.047]
[0.223, 0.043, 0.059]
[0.223, 0.044, 0.075]
[0.227, 0.045, 0.095]
[0.231, 0.049, 0.12]
[0.244, 0.056, 0.175]
[0.244, 0.056, 0.175]
[0.248, 0.059, 0.196]
[0.251, 0.061, 0.214]
[0.251, 0.064, 0.234]
[0.253, 0.068, 0.249]
[0.252, 0.07, 0.262]
[0.249, 0.071, 0.271]
[0.246, 0.074, 0.28]
[0.241, 0.077, 0.287]
[0.237, 0.08, 0.291]
[0.232, 0.082, 0.293]
[0.229, 0.083, 0.294]
[0.226, 0.084, 0.29]
[0.224, 0.085, 0.284]
[0.222, 0.085, 0.278]
[0.224, 0.085, 0.27]
[0.226, 0.084, 0.263]
[0.228, 0.081, 0.256]
[0.232, 0.08, 0.246]
[0.236, 0.078, 0.237]
[0.24, 0.075, 0.226]
[0.243, 0.073, 0.214]
[0.247, 0.072, 0.2]
[0.249, 0.071, 0.186]
[0.25, 0.071, 0.171]
[0.252, 0.07, 0.155]
[0.252, 0.07, 0.141]
[0.256, 0.068, 0.113]
[0.256, 0.068, 0.113]
[0.254, 0.068, 0.096]
[0.257, 0.067, 0.076]
[0.252, 0.065, 0.04]
[0.252, 0.065, 0.04]
[0.246, 0.064, 0.023]
[0.241, 0.065, 0.008]
[0.239, 0.064, -0.016]
[0.239, 0.064, -0.016]
[0.239, 0.063, -0.03]
[0.236, 0.061, -0.044]
[0.228, 0.058, -0.07]
[0.228, 0.058, -0.07]
[0.225, 0.057, -0.081]
[0.223, 0.055, -0.089]
[0.22, 0.054, -0.097]
[0.218, 0.053, -0.103]
[0.216, 0.052, -0.108]
[0.214, 0.051, -0.111]
[0.211, 0.051, -0.112]
[0.207, 0.05, -0.111]
[0.201, 0.049, -0.105]
[0.198, 0.048, -0.095]
[0.197, 0.047, -0.081]
[0.199, 0.046, -0.069]
[0.206, 0.044, -0.051]
[0.212, 0.042, -0.027]
[0.211, 0.042, 0.002]
[0.207, 0.043, 0.027]
[0.2, 0.045, 0.048]
[0.199, 0.046, 0.064]
[0.201, 0.046, 0.082]
[0.202, 0.047, 0.1]
[0.201, 0.049, 0.116]
[0.199, 0.05, 0.133]
[0.196, 0.051, 0.146]
[0.194, 0.052, 0.157]
[0.192, 0.053, 0.166]
[0.19, 0.054, 0.174]
[0.189, 0.055, 0.181]
[0.188, 0.055, 0.186]
[0.187, 0.056, 0.191]
[0.187, 0.056, 0.194]
[0.187, 0.056, 0.196]
[0.188, 0.056, 0.196]
[0.189, 0.056, 0.195]
[0.19, 0.056, 0.192]
[0.192, 0.056, 0.189]
[0.193, 0.056, 0.184]
[0.194, 0.056, 0.178]
[0.191, 0.056, 0.17]
[0.188, 0.057, 0.161]
[0.185, 0.058, 0.151]
[0.184, 0.057, 0.14]
[0.185, 0.057, 0.122]
[0.187, 0.055, 0.098]
[0.187, 0.053, 0.073]
[0.184, 0.052, 0.051]
[0.179, 0.053, 0.028]
[0.176, 0.054, 0.007]
[0.175, 0.054, -0.007]
[0.175, 0.053, -0.021]
[0.176, 0.051, -0.034]
[0.176, 0.05, -0.046]
[0.174, 0.048, -0.056]
[0.171, 0.047, -0.064]
[0.169, 0.045, -0.07]
[0.165, 0.044, -0.076]
[0.165, 0.044, -0.076]
[0.164, 0.043, -0.076]
[0.163, 0.043, -0.073]
[0.164, 0.043, -0.067]
[0.166, 0.043, -0.059]
[0.171, 0.043, -0.049]
[0.176, 0.043, -0.034]
[0.179, 0.043, -0.014]
[0.18, 0.044, 0.009]
[0.178, 0.045, 0.028]
[0.177, 0.045, 0.047]
[0.176, 0.045, 0.065]
[0.176, 0.045, 0.083]
[0.178, 0.045, 0.101]
[0.178, 0.045, 0.118]
[0.178, 0.046, 0.131]
[0.177, 0.047, 0.147]
[0.176, 0.047, 0.158]
[0.175, 0.048, 0.169]
[0.172, 0.049, 0.18]
[0.172, 0.05, 0.185]
[0.173, 0.051, 0.19]
[0.173, 0.052, 0.191]
[0.175, 0.052, 0.188]
[0.176, 0.053, 0.182]
[0.177, 0.053, 0.176]
[0.178, 0.054, 0.168]
[0.178, 0.055, 0.159]
[0.178, 0.057, 0.149]
[0.177, 0.058, 0.139]
[0.177, 0.058, 0.126]
[0.178, 0.058, 0.109]
[0.178, 0.057, 0.088]
[0.181, 0.055, 0.066]
[0.184, 0.054, 0.049]
[0.182, 0.054, 0.033]
[0.18, 0.053, 0.015]
[0.177, 0.053, 0.002]
[0.175, 0.051, -0.01]
[0.175, 0.048, -0.022]
[0.174, 0.044, -0.035]
[0.172, 0.04, -0.046]
[0.171, 0.036, -0.056]
[0.169, 0.032, -0.065]
[0.168, 0.023, -0.082]
[0.168, 0.023, -0.082]
[0.167, 0.019, -0.091]
[0.165, 0.015, -0.099]
[0.163, 0.011, -0.107]
[0.162, 0.006, -0.116]
[0.16, 0.002, -0.124]
[0.157, -0.003, -0.131]
[0.154, -0.008, -0.137]
[0.15, -0.013, -0.141]
[0.148, -0.017, -0.146]
[0.147, -0.021, -0.15]
[0.147, -0.025, -0.154]
[0.147, -0.029, -0.157]
[0.147, -0.033, -0.161]
[0.146, -0.04, -0.166]
[0.146, -0.04, -0.166]
[0.147, -0.043, -0.168]
[0.148, -0.045, -0.169]
[0.15, -0.048, -0.168]
[0.15, -0.052, -0.164]
[0.15, -0.056, -0.157]
[0.148, -0.058, -0.149]
[0.146, -0.061, -0.14]
[0.144, -0.063, -0.129]
[0.145, -0.064, -0.114]
[0.146, -0.066, -0.097]
[0.154, -0.067, -0.08]
[0.166, -0.067, -0.059]
[0.173, -0.067, -0.037]
[0.178, -0.069, -0.018]
[0.179, -0.071, -0.0]
[0.184, -0.073, 0.028]
[0.184, -0.073, 0.028]
[0.188, -0.075, 0.041]
[0.195, -0.077, 0.055]
[0.201, -0.08, 0.068]
[0.205, -0.082, 0.08]
[0.209, -0.083, 0.09]
[0.212, -0.084, 0.099]
[0.216, -0.084, 0.104]
[0.217, -0.084, 0.108]
[0.219, -0.084, 0.109]
[0.22, -0.083, 0.106]
[0.217, -0.083, 0.101]
[0.214, -0.083, 0.091]
[0.211, -0.083, 0.081]
[0.207, -0.083, 0.069]
[0.203, -0.084, 0.054]
[0.198, -0.085, 0.033]
[0.19, -0.086, 0.013]
[0.18, -0.087, -0.007]
[0.174, -0.087, -0.024]
[0.169, -0.088, -0.041]
[0.164, -0.09, -0.059]
[0.16, -0.091, -0.077]
[0.157, -0.091, -0.098]
[0.157, -0.091, -0.117]
[0.158, -0.091, -0.133]
[0.156, -0.092, -0.15]
[0.152, -0.091, -0.164]
[0.148, -0.092, -0.176]
[0.144, -0.091, -0.185]
[0.139, -0.092, -0.191]
[0.135, -0.093, -0.197]
[0.131, -0.094, -0.201]
[0.126, -0.095, -0.204]
[0.122, -0.096, -0.206]
[0.117, -0.097, -0.207]
[0.115, -0.098, -0.209]
[0.117, -0.098, -0.211]
[0.125, -0.097, -0.215]
[0.129, -0.097, -0.215]
[0.135, -0.097, -0.212]
[0.139, -0.099, -0.206]
[0.141, -0.1, -0.196]
[0.142, -0.102, -0.185]
[0.145, -0.104, -0.171]
[0.148, -0.106, -0.156]
[0.149, -0.108, -0.142]
[0.151, -0.11, -0.129]
[0.153, -0.112, -0.114]
[0.156, -0.113, -0.098]
[0.157, -0.114, -0.085]
[0.16, -0.113, -0.072]
[0.164, -0.113, -0.061]
[0.174, -0.112, -0.042]
[0.174, -0.112, -0.042]
[0.177, -0.11, -0.034]
[0.18, -0.109, -0.026]
[0.18, -0.106, -0.019]
[0.182, -0.104, -0.013]
[0.183, -0.102, -0.009]
[0.183, -0.1, -0.005]
[0.185, -0.098, -0.002]
[0.186, -0.096, 0.001]
[0.186, -0.095, 0.003]
[0.187, -0.094, 0.004]
[0.186, -0.092, 0.005]
[0.184, -0.09, 0.004]
[0.183, -0.089, 0.004]
[0.182, -0.088, 0.003]
[0.181, -0.087, 0.001]
[0.181, -0.086, 0.0]
[0.183, -0.086, -0.0]
[0.188, -0.086, -0.002]
[0.189, -0.085, -0.003]
[0.19, -0.085, -0.007]
[0.187, -0.085, -0.011]
[0.184, -0.084, -0.015]
[0.182, -0.085, -0.022]
[0.179, -0.086, -0.031]
[0.178, -0.086, -0.041]
[0.18, -0.086, -0.052]
[0.187, -0.089, -0.074]
[0.187, -0.089, -0.074]
[0.188, -0.091, -0.083]
[0.189, -0.093, -0.091]
[0.191, -0.095, -0.097]
[0.194, -0.097, -0.103]
[0.199, -0.1, -0.115]
[0.199, -0.1, -0.115]
[0.199, -0.101, -0.121]
[0.199, -0.101, -0.126]
[0.203, -0.102, -0.137]
[0.203, -0.102, -0.137]
[0.204, -0.102, -0.141]
[0.204, -0.102, -0.146]
[0.201, -0.102, -0.15]
[0.198, -0.102, -0.152]
[0.195, -0.102, -0.155]
[0.192, -0.102, -0.158]
[0.188, -0.102, -0.161]
[0.185, -0.102, -0.166]
[0.178, -0.102, -0.174]
[0.178, -0.102, -0.174]
[0.176, -0.102, -0.177]
[0.173, -0.102, -0.179]
[0.171, -0.101, -0.18]
[0.168, -0.1, -0.178]
[0.166, -0.098, -0.172]
[0.165, -0.096, -0.165]
[0.161, -0.092, -0.139]
[0.161, -0.092, -0.139]
[0.157, -0.089, -0.126]
[0.154, -0.087, -0.113]
[0.149, -0.084, -0.099]
[0.148, -0.082, -0.084]
[0.148, -0.081, -0.07]
[0.151, -0.079, -0.055]
[0.155, -0.078, -0.042]
[0.157, -0.077, -0.029]
[0.16, -0.075, -0.016]
[0.164, -0.074, -0.007]
[0.166, -0.072, 0.002]
[0.168, -0.071, 0.009]
[0.17, -0.07, 0.014]
[0.169, -0.07, 0.018]
[0.168, -0.069, 0.022]
[0.166, -0.069, 0.024]
[0.164, -0.069, 0.024]
[0.163, -0.068, 0.022]
[0.165, -0.067, 0.009]
[0.165, -0.067, 0.009]
[0.162, -0.067, 0.001]
[0.159, -0.067, -0.007]
[0.155, -0.066, -0.017]
[0.151, -0.066, -0.027]
[0.15, -0.065, -0.037]
[0.148, -0.066, -0.047]
[0.146, -0.067, -0.059]
[0.144, -0.069, -0.072]
[0.14, -0.073, -0.096]
[0.14, -0.073, -0.096]
[0.138, -0.075, -0.109]
[0.137, -0.077, -0.119]
[0.136, -0.079, -0.131]
[0.137, -0.08, -0.143]
[0.137, -0.081, -0.154]
[0.136, -0.082, -0.162]
[0.136, -0.083, -0.167]
[0.134, -0.084, -0.171]
[0.133, -0.086, -0.174]
[0.133, -0.086, -0.174]
[0.131, -0.086, -0.173]
[0.131, -0.087, -0.171]
[0.131, -0.086, -0.168]
[0.133, -0.085, -0.164]
[0.137, -0.084, -0.158]
[0.14, -0.082, -0.153]
[0.142, -0.08, -0.147]
[0.143, -0.079, -0.138]
[0.144, -0.079, -0.126]
[0.146, -0.078, -0.113]
[0.149, -0.078, -0.1]
[0.154, -0.077, -0.088]
[0.16, -0.077, -0.075]
[0.169, -0.076, -0.063]
[0.177, -0.076, -0.052]
[0.185, -0.075, -0.043]
[0.19, -0.074, -0.036]
[0.193, -0.073, -0.029]
[0.194, -0.072, -0.023]
[0.194, -0.071, -0.019]
[0.192, -0.07, -0.016]
[0.191, -0.069, -0.015]
[0.19, -0.068, -0.016]
[0.192, -0.067, -0.019]
[0.192, -0.067, -0.025]
[0.191, -0.066, -0.032]
[0.188, -0.065, -0.042]
[0.186, -0.064, -0.051]
[0.186, -0.065, -0.062]
[0.186, -0.067, -0.074]
[0.184, -0.068, -0.087]
[0.18, -0.071, -0.1]
[0.175, -0.074, -0.115]
[0.168, -0.075, -0.129]
[0.163, -0.076, -0.142]
[0.158, -0.078, -0.154]
[0.154, -0.08, -0.166]
[0.149, -0.081, -0.177]
[0.142, -0.083, -0.187]
[0.136, -0.084, -0.196]
[0.131, -0.086, -0.203]
[0.126, -0.087, -0.21]
[0.12, -0.089, -0.221]
[0.12, -0.089, -0.221]
[0.118, -0.09, -0.225]
[0.115, -0.09, -0.228]
[0.113, -0.091, -0.229]
[0.11, -0.091, -0.23]
[0.107, -0.091, -0.229]
[0.106, -0.091, -0.228]
[0.108, -0.091, -0.224]
[0.11, -0.091, -0.219]
[0.112, -0.091, -0.215]
[0.113, -0.091, -0.209]
[0.113, -0.091, -0.203]
[0.113, -0.09, -0.193]
[0.115, -0.089, -0.183]
[0.115, -0.089, -0.175]
[0.116, -0.088, -0.165]
[0.116, -0.086, -0.152]
[0.116, -0.084, -0.136]
[0.118, -0.081, -0.118]
[0.121, -0.078, -0.101]
[0.127, -0.076, -0.084]
[0.13, -0.074, -0.068]
[0.137, -0.069, -0.032]
[0.137, -0.069, -0.032]
[0.136, -0.066, -0.016]
[0.137, -0.063, 0.001]
[0.136, -0.061, 0.018]
[0.135, -0.058, 0.035]
[0.137, -0.055, 0.054]
[0.138, -0.052, 0.071]
[0.139, -0.048, 0.09]
[0.141, -0.044, 0.103]
[0.144, -0.041, 0.114]
[0.146, -0.036, 0.125]
[0.147, -0.031, 0.135]
[0.146, -0.028, 0.145]
[0.143, -0.024, 0.155]
[0.141, -0.02, 0.165]
[0.141, -0.017, 0.174]
[0.141, -0.013, 0.182]
[0.138, -0.008, 0.192]
[0.135, -0.004, 0.201]
[0.133, 0.0, 0.211]
[0.129, 0.004, 0.22]
[0.127, 0.008, 0.229]
[0.127, 0.012, 0.236]
[0.127, 0.016, 0.242]
[0.129, 0.02, 0.247]
[0.129, 0.025, 0.252]
[0.131, 0.03, 0.257]
[0.13, 0.035, 0.261]
[0.128, 0.04, 0.266]
[0.128, 0.045, 0.269]
[0.128, 0.051, 0.273]
[0.13, 0.055, 0.276]
[0.131, 0.06, 0.28]
[0.132, 0.064, 0.282]
[0.131, 0.071, 0.284]
[0.131, 0.071, 0.284]
[0.133, 0.074, 0.282]
[0.136, 0.076, 0.276]
[0.138, 0.08, 0.259]
[0.138, 0.08, 0.259]
[0.142, 0.083, 0.248]
[0.144, 0.085, 0.239]
[0.152, 0.087, 0.213]
[0.152, 0.087, 0.213]
[0.155, 0.087, 0.199]
[0.156, 0.087, 0.185]
[0.156, 0.088, 0.167]
[0.16, 0.087, 0.148]
[0.162, 0.087, 0.131]
[0.164, 0.087, 0.113]
[0.163, 0.087, 0.092]
[0.163, 0.088, 0.071]
[0.167, 0.088, 0.053]
[0.168, 0.088, 0.04]
[0.167, 0.089, 0.026]
[0.166, 0.091, 0.014]
[0.164, 0.093, 0.005]
[0.163, 0.095, -0.0]
[0.162, 0.096, -0.003]
[0.16, 0.096, -0.004]
[0.162, 0.096, -0.0]
[0.167, 0.097, 0.009]
[0.171, 0.097, 0.023]
[0.171, 0.1, 0.041]
[0.17, 0.104, 0.06]
[0.167, 0.107, 0.081]
[0.163, 0.11, 0.109]
[0.162, 0.114, 0.139]
[0.163, 0.12, 0.17]
[0.159, 0.125, 0.198]
[0.146, 0.133, 0.255]
[0.146, 0.133, 0.255]
[0.142, 0.136, 0.278]
[0.136, 0.139, 0.298]
[0.125, 0.145, 0.334]
[0.125, 0.145, 0.334]
[0.122, 0.147, 0.347]
[0.12, 0.148, 0.355]
[0.116, 0.15, 0.363]
[0.116, 0.15, 0.363]
[0.114, 0.15, 0.364]
[0.111, 0.149, 0.364]
[0.107, 0.147, 0.361]
[0.107, 0.147, 0.361]
[0.108, 0.146, 0.353]
[0.112, 0.145, 0.343]
[0.125, 0.141, 0.313]
[0.125, 0.141, 0.313]
[0.131, 0.139, 0.295]
[0.139, 0.135, 0.281]
[0.15, 0.131, 0.268]
[0.161, 0.125, 0.252]
[0.171, 0.121, 0.233]
[0.176, 0.117, 0.214]
[0.177, 0.116, 0.202]
[0.179, 0.114, 0.187]
[0.179, 0.112, 0.173]
[0.18, 0.109, 0.158]
[0.182, 0.106, 0.144]
[0.184, 0.103, 0.13]
[0.187, 0.1, 0.116]
[0.19, 0.097, 0.101]
[0.188, 0.094, 0.071]
[0.188, 0.094, 0.071]
[0.188, 0.092, 0.061]
[0.187, 0.091, 0.052]
[0.185, 0.089, 0.037]
[0.185, 0.089, 0.037]
[0.183, 0.088, 0.03]
[0.18, 0.087, 0.023]
[0.174, 0.084, 0.013]
[0.174, 0.084, 0.013]
[0.173, 0.082, 0.01]
[0.173, 0.081, 0.008]
[0.174, 0.077, 0.006]
[0.174, 0.077, 0.006]
[0.172, 0.076, 0.006]
[0.167, 0.075, 0.01]
[0.15, 0.071, 0.021]
[0.15, 0.071, 0.021]
[0.147, 0.069, 0.027]
[0.145, 0.068, 0.032]
[0.139, 0.064, 0.043]
[0.139, 0.064, 0.043]
[0.136, 0.062, 0.05]
[0.132, 0.059, 0.055]
[0.125, 0.054, 0.068]
[0.125, 0.054, 0.068]
[0.12, 0.052, 0.074]
[0.115, 0.05, 0.079]
[0.11, 0.048, 0.082]
[0.105, 0.045, 0.084]
[0.101, 0.043, 0.085]
[0.099, 0.04, 0.086]
[0.098, 0.035, 0.082]
[0.098, 0.035, 0.082]
[0.099, 0.033, 0.079]
[0.099, 0.031, 0.074]
[0.098, 0.029, 0.071]
[0.095, 0.028, 0.067]
[0.092, 0.027, 0.062]
[0.089, 0.025, 0.059]
[0.087, 0.024, 0.055]
[0.088, 0.022, 0.052]
[0.088, 0.02, 0.05]
[0.089, 0.018, 0.047]
[0.093, 0.016, 0.043]
[0.093, 0.016, 0.043]
[0.096, 0.015, 0.041]
[0.1, 0.014, 0.039]
[0.103, 0.014, 0.037]
[0.106, 0.014, 0.035]
[0.108, 0.014, 0.033]
[0.111, 0.014, 0.032]
[0.117, 0.014, 0.03]
[0.117, 0.014, 0.03]
[0.12, 0.014, 0.03]
[0.122, 0.014, 0.028]
[0.128, 0.014, 0.022]
[0.128, 0.014, 0.022]
[0.132, 0.014, 0.02]
[0.137, 0.014, 0.017]
[0.144, 0.014, 0.012]
[0.144, 0.014, 0.012]
[0.148, 0.014, 0.009]
[0.15, 0.014, 0.007]
[0.154, 0.014, 0.005]
[0.157, 0.014, 0.003]
[0.16, 0.014, 0.002]
[0.163, 0.014, 0.001]
[0.166, 0.014, -0.0]
[0.168, 0.014, -0.001]
[0.168, 0.015, -0.001]
[0.168, 0.015, -0.001]
[0.169, 0.016, -0.001]
[0.171, 0.016, -0.001]
[0.173, 0.016, -0.001]
[0.174, 0.016, -0.001]
[0.173, 0.017, -0.002]
[0.172, 0.018, -0.001]
[0.172, 0.018, -0.002]
[0.173, 0.019, -0.003]
[0.174, 0.02, -0.004]
[0.174, 0.02, -0.004]
[0.174, 0.02, -0.004]
[0.173, 0.021, -0.004]
[0.172, 0.021, -0.005]
[0.172, 0.021, -0.005]
[0.172, 0.021, -0.004]
[0.171, 0.021, -0.003]
[0.168, 0.02, -0.003]
[0.168, 0.02, -0.003]
[0.165, 0.021, -0.003]
[0.162, 0.021, -0.004]
[0.16, 0.022, -0.005]
[0.157, 0.022, -0.005]
[0.156, 0.023, -0.006]
[0.155, 0.024, -0.006]
[0.151, 0.025, -0.007]
[0.15, 0.026, -0.007]
[0.15, 0.026, -0.007]
[0.149, 0.026, -0.008]
[0.148, 0.026, -0.008]
[0.148, 0.026, -0.008]
[0.148, 0.027, -0.009]
[0.147, 0.027, -0.009]
[0.147, 0.028, -0.009]
[0.147, 0.028, -0.009]
[0.147, 0.028, -0.009]
[0.148, 0.028, -0.01]
[0.149, 0.028, -0.011]
[0.149, 0.028, -0.011]
[0.15, 0.026, -0.011]
[0.15, 0.026, -0.011]
[0.15, 0.026, -0.01]
[0.15, 0.026, -0.01]
[0.15, 0.026, -0.01]
[0.149, 0.026, -0.01]
[0.148, 0.026, -0.011]
[0.147, 0.026, -0.011]
[0.146, 0.026, -0.011]
[0.145, 0.026, -0.011]
[0.143, 0.026, -0.01]
[0.143, 0.026, -0.01]
[0.142, 0.026, -0.01]
[0.144, 0.025, -0.01]
[0.146, 0.025, -0.009]
[0.148, 0.024, -0.008]
[0.15, 0.024, -0.007]
[0.151, 0.024, -0.006]
[0.148, 0.025, -0.007]
[0.146, 0.025, -0.008]
[0.146, 0.025, -0.008]
[0.145, 0.026, -0.009]
[0.143, 0.027, -0.011]
[0.143, 0.027, -0.011]
[0.143, 0.028, -0.012]
