A0
A1
A2
A3
A4
A5
A6
A7
A8
A9
A10
A11
A12
A13
A14
A15
A16
A17
A18
A19
A20
A21
A22
A23
A24
A25
A26
A27
A28
--- [0.87, 0.67, 1.0, 1.0, 0.24, 0.24, 0.05, 0.13, 0.51, 0.54, 0.4, 0.38, 0.0, -0.0, 1.0, 0.21, 0.75, 0.6, 0.49, 0.8, 0.75, 0.46, 0.86, 0.55, 0.43, 0.55, 0.45, 0.0, 0.5, 99, 99, 99]
into servo loop...
start test new
list:  [0.51, 0.51, 0.95, 0.95, 1, 1, 0.16199999999999998, 0.16199999999999998, 0.58, 0.58, 0.54, 0.19, 0.0749999999999999, 0.05999999999999989, 1, 0.23, 0.99, 0.63, 0.26, 0.99, 0.99, 0.26, 0.26, 0.6, 0.43, 0.59, 0.43, 0.02, 0.62, 99, 99, 99]
--- num:  29
list:  [0.45, 0.45, 0.81, 0.81, 1, 1, 0.16199999999999998, 0.16199999999999998, 0.54, 0.54, 0.55, 0.18, 0, 0, 1, 0.27, 0.9299999999999999, 0.67, 0.27, 0.94, 0.92, 0.27, 0.27, 0.55, 0.45, 0.55, 0.45, 0.06, 0.27, 99, 99, 99]
--- num:  29
list:  [0.49, 0.49, 0.92, 0.92, 1, 1, 0.16199999999999998, 0.16199999999999998, 0.58, 0.58, 0.56, 0.17, 0.04499999999999987, 0, 1, 0.25, 0.99, 0.65, 0.26, 0.99, 0.99, 0.26, 0.26, 0.58, 0.44, 0.55, 0.46, 0.03, 0.6, 99, 99, 99]
--- num:  29
list:  [0.5, 0.5, 0.93, 0.93, 1, 1, 0.22329294264316557, 0.22255746603012083, 0.31, 0.31, 0.41, 0.32, 0, 0, 1, 0.24, 0.99, 0.64, 0.26, 0.99, 0.99, 0.26, 0.26, 0.54, 0.46, 0.54, 0.47, 0.02, 0.59, 99, 99, 99]
--- num:  29
list:  [0.56, 0.56, 1, 1, 0.98, 0.98, 0.4309519040584564, 0.43031985640525816, 0.24, 0.24, 0.35, 0.38, 0, 0, 1, 0.24, 0.985, 0.64, 0.26, 0.98, 0.99, 0.26, 0.26, 0.52, 0.51, 0.53, 0.49, 0.02, 0.58, 99, 99, 99]
--- num:  29
list:  [0.5, 0.5, 0.94, 0.94, 1, 1, 0.16199999999999998, 0.16199999999999998, 0.4, 0.4, 0.36, 0.36, 0, 0, 1, 0.24, 0.99, 0.64, 0.26, 0.99, 0.99, 0.26, 0.26, 0.36, 0.82, 0.37, 0.81, 0.02, 0.58, 99, 99, 99]
--- num:  29
list:  [0.49, 0.49, 0.91, 0.91, 1, 1, 0.16199999999999998, 0.16199999999999998, 0.39, 0.39, 0.37, 0.35, 0, 0, 1, 0.23, 0.99, 0.64, 0.26, 0.99, 0.99, 0.26, 0.26, 0.31, 0.92, 0.31, 0.92, 0.02, 0.58, 99, 99, 99]
--- num:  29
list:  [0.56, 0.56, 1, 1, 0.98, 0.98, 0.16199999999999998, 0.16199999999999998, 0.31, 0.31, 0.42, 0.3, 0, 0, 1, 0.25, 0.97, 0.65, 0.27, 0.97, 0.97, 0.27, 0.27, 0.31, 0.92, 0.31, 0.92, 0.02, 0.55, 99, 99, 99]
--- num:  29
list:  [0.44, 0.44, 0.8, 0.8, 1, 1, 0.16199999999999998, 0.16199999999999998, 0.32, 0.32, 0.42, 0.3, 0, 0, 1, 0.23, 0.98, 0.64, 0.26, 0.98, 0.98, 0.26, 0.26, 0.34, 0.85, 0.34, 0.85, 0.02, 0.54, 99, 99, 99]
--- num:  29
list:  [0.45, 0.45, 0.82, 0.82, 1, 1, 0.16199999999999998, 0.16199999999999998, 0.33, 0.33, 0.42, 0.3, 0, 0, 1, 0.23, 0.98, 0.63, 0.26, 0.98, 0.98, 0.26, 0.26, 0.35, 0.84, 0.35, 0.84, 0.01, 0.54, 99, 99, 99]
--- num:  29
list:  [0.44, 0.44, 0.79, 0.79, 1, 1, 0.16199999999999998, 0.16199999999999998, 0.33, 0.33, 0.42, 0.3, 0, 0, 1, 0.22, 0.99, 0.63, 0.26, 0.99, 0.99, 0.26, 0.26, 0.34, 0.85, 0.35, 0.85, 0.01, 0.54, 99, 99, 99]
--- num:  29
list:  [0.43, 0.43, 0.78, 0.78, 1, 1, 0.16199999999999998, 0.16199999999999998, 0.32, 0.32, 0.43, 0.29, 0, 0, 1, 0.22, 0.99, 0.63, 0.26, 0.99, 0.99, 0.26, 0.26, 0.34, 0.85, 0.34, 0.85, 0.01, 0.53, 99, 99, 99]
--- num:  29
list:  [0.43, 0.43, 0.76, 0.76, 1, 1, 0.16199999999999998, 0.16199999999999998, 0.31, 0.31, 0.44, 0.29, 0, 0, 1, 0.22, 0.99, 0.63, 0.26, 0.99, 0.99, 0.26, 0.26, 0.34, 0.86, 0.34, 0.86, 0.01, 0.53, 99, 99, 99]
--- num:  29
list:  [0.45, 0.45, 0.82, 0.82, 1, 1, 0.16199999999999998, 0.16199999999999998, 0.27, 0.27, 0.46, 0.26, 0, 0, 1, 0.22, 0.99, 0.63, 0.26, 0.99, 0.99, 0.26, 0.26, 0.33, 0.88, 0.33, 0.87, 0.01, 0.53, 99, 99, 99]
--- num:  29
list:  [0.56, 0.56, 1, 1, 0.98, 0.98, 0.16199999999999998, 0.16199999999999998, 0.43, 0.43, 0.62, 0.11, 0, 0, 1, 0.24, 0.98, 0.64, 0.27, 0.98, 0.98, 0.27, 0.27, 0.33, 0.88, 0.33, 0.89, 0.02, 0.54, 99, 99, 99]
--- num:  29
list:  [0.44, 0.44, 0.79, 0.79, 1, 1, 0.16199999999999998, 0.16199999999999998, 0.5, 0.5, 0.54, 0.19, 0, 0, 1, 0.24, 0.985, 0.64, 0.27, 0.98, 0.99, 0.27, 0.27, 0.43, 0.69, 0.43, 0.68, 0.02, 0.55, 99, 99, 99]
--- num:  29
list:  [0.44, 0.44, 0.8, 0.8, 1, 1, 0.16199999999999998, 0.16199999999999998, 0.52, 0.52, 0.5, 0.23, 0, 0, 1, 0.24, 0.985, 0.64, 0.27, 0.98, 0.99, 0.27, 0.27, 0.47, 0.61, 0.47, 0.6, 0.02, 0.56, 99, 99, 99]
--- num:  29
list:  [0.56, 0.56, 1, 1, 0.97, 0.97, 0.5370458769798279, 0.5365457940101623, 0.21, 0.21, 0.29, 0.44, 0, 0, 1, 0.26, 0.98, 0.65, 0.28, 0.98, 0.98, 0.28, 0.28, 0.48, 0.59, 0.51, 0.54, 0.02, 0.62, 99, 99, 99]
--- num:  29
list:  [0.46, 0.46, 0.85, 0.85, 1, 1, 0.16199999999999998, 0.16199999999999998, 0.33, 0.33, 0.28, 0.45, 0, 0, 1, 0.24, 0.98, 0.64, 0.26, 0.98, 0.98, 0.26, 0.26, 0.47, 0.61, 0.49, 0.57, 0.02, 0.64, 99, 99, 99]
--- num:  29
list:  [0.47, 0.47, 0.85, 0.85, 1, 1, 0.16199999999999998, 0.16199999999999998, 0.34, 0.34, 0.29, 0.43, 0, 0, 1, 0.23, 0.99, 0.64, 0.26, 0.99, 0.99, 0.26, 0.26, 0.44, 0.67, 0.46, 0.62, 0.02, 0.64, 99, 99, 99]
--- num:  29
list:  [0.46, 0.46, 0.84, 0.84, 1, 1, 0.16199999999999998, 0.16199999999999998, 0.34, 0.34, 0.32, 0.41, 0, 0, 1, 0.23, 0.99, 0.63, 0.26, 0.99, 0.99, 0.26, 0.26, 0.4, 0.74, 0.42, 0.69, 0.01, 0.62, 99, 99, 99]
--- num:  29
list:  [0.45, 0.45, 0.82, 0.82, 1, 1, 0.16199999999999998, 0.16199999999999998, 0.34, 0.34, 0.37, 0.36, 0, 0, 1, 0.23, 0.99, 0.63, 0.26, 0.99, 0.99, 0.26, 0.26, 0.35, 0.85, 0.37, 0.81, 0.01, 0.61, 99, 99, 99]
--- num:  29
list:  [0.56, 0.56, 1, 1, 0.97, 0.97, 0.35932488322257994, 0.3591942298412323, 0.23, 0.23, 0.44, 0.29, 0, 0, 0.75, 0.26, 0.97, 0.66, 0.29, 0.97, 0.97, 0.29, 0.29, 0.31, 0.92, 0.31, 0.92, 0.02, 0.6, 99, 99, 99]
--- num:  29
list:  [0.56, 0.56, 1, 1, 0.98, 0.98, 0.16199999999999998, 0.16199999999999998, 0.36, 0.36, 0.47, 0.25, 0, 0, 0.75, 0.25, 0.97, 0.65, 0.29, 0.97, 0.97, 0.29, 0.29, 0.31, 0.92, 0.31, 0.92, 0.02, 0.58, 99, 99, 99]
--- num:  29
list:  [0.56, 0.56, 1, 1, 0.98, 0.98, 0.16199999999999998, 0.16199999999999998, 0.47, 0.47, 0.56, 0.17, 0, 0, 0.75, 0.25, 0.97, 0.65, 0.29, 0.97, 0.97, 0.29, 0.29, 0.31, 0.92, 0.31, 0.92, 0.02, 0.55, 99, 99, 99]
--- num:  29
list:  [0.55, 0.55, 1, 1, 0.98, 0.98, 0.16199999999999998, 0.16199999999999998, 0.54, 0.54, 0.64, 0.09, 0, 0, 0.75, 0.25, 0.97, 0.65, 0.29, 0.97, 0.97, 0.29, 0.29, 0.31, 0.92, 0.31, 0.92, 0.02, 0.55, 99, 99, 99]
--- num:  29
list:  [0.3, 0.3, 0.46, 0.46, 1, 1, 0.16199999999999998, 0.16199999999999998, 0.55, 0.55, 0.65, 0.09, 0, 0, 0.75, 0.27, 0.97, 0.66, 0.32, 0.97, 0.97, 0.32, 0.32, 0.31, 0.92, 0.31, 0.92, 0.02, 0.53, 99, 99, 99]
--- num:  29
list:  [0.28, 0.28, 0.41, 0.41, 1, 1, 0.25588260173797606, 0.2557729589939117, 0.3, 0.3, 0.5, 0.22, 0, 0, 0.75, 0.44, 0.6699999999999999, 0.79, 0.55, 0.69, 0.65, 0.55, 0.55, 0.38, 0.78, 0.4, 0.75, 0.02, 0.31, 99, 99, 99]
--- num:  29
list:  [0.56, 0.56, 1, 1, 0.98, 0.98, 0.16199999999999998, 0.16199999999999998, 0.36, 0.36, 0.44, 0.28, 0, 0, 0.5, 0.42, 0.53, 0.78, 0.56, 0.54, 0.52, 0.56, 0.56, 0.4, 0.74, 0.41, 0.72, 0.03, 0.4, 99, 99, 99]
--- num:  29
list:  [0.56, 0.56, 1, 1, 0.98, 0.98, 0.16199999999999998, 0.16199999999999998, 0.38, 0.38, 0.37, 0.36, 0, 0, 0.75, 0.4, 0.615, 0.76, 0.56, 0.62, 0.61, 0.56, 0.56, 0.33, 0.88, 0.36, 0.83, 0.04, 0.87, 99, 99, 99]
--- num:  29
list:  [0.56, 0.56, 1, 1, 0.98, 0.98, 0.16199999999999998, 0.16199999999999998, 0.38, 0.38, 0.34, 0.39, 0, 0, 0.75, 0.38, 0.6649999999999999, 0.75, 0.56, 0.6699999999999999, 0.6599999999999999, 0.56, 0.56, 0.32, 0.89, 0.35, 0.84, 0.04, 1, 99, 99, 99]
--- num:  29
list:  [0.56, 0.56, 1, 1, 0.98, 0.98, 0.16199999999999998, 0.16199999999999998, 0.38, 0.38, 0.34, 0.38, 0, 0, 0.75, 0.37, 0.6849999999999999, 0.74, 0.55, 0.69, 0.6799999999999999, 0.55, 0.55, 0.35, 0.83, 0.38, 0.77, 0.04, 1, 99, 99, 99]
--- num:  29
list:  [0.56, 0.56, 1, 1, 0.98, 0.98, 0.16199999999999998, 0.16199999999999998, 0.37, 0.37, 0.39, 0.34, 0, 0, 0.75, 0.37, 0.6749999999999999, 0.74, 0.56, 0.6799999999999999, 0.6699999999999999, 0.56, 0.56, 0.35, 0.83, 0.38, 0.77, 0.04, 1, 99, 99, 99]
--- num:  29
list:  [0.56, 0.56, 1, 1, 0.98, 0.98, 0.16199999999999998, 0.16199999999999998, 0.36, 0.36, 0.44, 0.28, 0, 0, 0.5, 0.37, 0.6749999999999999, 0.74, 0.56, 0.6799999999999999, 0.6699999999999999, 0.56, 0.56, 0.34, 0.86, 0.36, 0.81, 0.04, 0.89, 99, 99, 99]
--- num:  29
list:  [0.56, 0.56, 1, 1, 0.98, 0.98, 0.16199999999999998, 0.16199999999999998, 0.36, 0.36, 0.46, 0.26, 0, 0, 0.5, 0.38, 0.6499999999999999, 0.75, 0.56, 0.6599999999999999, 0.64, 0.56, 0.56, 0.33, 0.87, 0.35, 0.85, 0.04, 0.65, 99, 99, 99]
--- num:  29
list:  [0.56, 0.56, 1, 1, 0.98, 0.98, 0.16199999999999998, 0.16199999999999998, 0.36, 0.36, 0.46, 0.27, 0, 0, 0.5, 0.38, 0.615, 0.75, 0.56, 0.62, 0.61, 0.56, 0.56, 0.36, 0.83, 0.37, 0.79, 0.05, 0.84, 99, 99, 99]
--- num:  29
list:  [0.56, 0.56, 1, 1, 0.98, 0.98, 0.7264855313301086, 0.7189046549797058, 0.19, 0.19, 0.36, 0.36, 0, 0.08999999999999991, 0.5, 0.38, 0.5800000000000001, 0.75, 0.56, 0.5800000000000001, 0.5800000000000001, 0.56, 0.56, 0.54, 0.46, 0.61, 0.42, 0.06, 1, 99, 99, 99]
--- num:  29
list:  [0.56, 0.56, 1, 1, 0.97, 0.97, 0.16199999999999998, 0.16199999999999998, 0.33, 0.33, 0.26, 0.46, 0, 0, 0.75, 0.36, 0.5900000000000001, 0.73, 0.56, 0.5800000000000001, 0.6, 0.56, 0.56, 0.48, 0.6, 0.51, 0.53, 0.07, 1, 99, 99, 99]
--- num:  29
list:  [0.58, 0.58, 1, 1, 0.96, 0.96, 0.16199999999999998, 0.16199999999999998, 0.35, 0.35, 0.22, 0.5, 0, 0, 0.75, 0.35, 0.63, 0.73, 0.56, 0.62, 0.64, 0.56, 0.56, 0.43, 0.68, 0.47, 0.6, 0.06, 1, 99, 99, 99]
--- num:  29
list:  [0.59, 0.59, 1, 1, 0.95, 0.95, 0.16199999999999998, 0.16199999999999998, 0.37, 0.37, 0.22, 0.5, 0, 0, 0.75, 0.35, 0.6649999999999999, 0.72, 0.56, 0.6599999999999999, 0.6699999999999999, 0.56, 0.56, 0.42, 0.7, 0.46, 0.62, 0.06, 1, 99, 99, 99]
--- num:  29
list:  [0.58, 0.58, 1, 1, 0.96, 0.96, 0.16199999999999998, 0.16199999999999998, 0.4, 0.4, 0.24, 0.49, 0, 0, 0.75, 0.35, 0.6699999999999999, 0.72, 0.56, 0.6599999999999999, 0.6799999999999999, 0.56, 0.56, 0.45, 0.64, 0.49, 0.57, 0.06, 1, 99, 99, 99]
--- num:  29
list:  [0.58, 0.58, 1, 1, 0.96, 0.96, 0.16199999999999998, 0.16199999999999998, 0.41, 0.41, 0.24, 0.48, 0, 0, 0.75, 0.35, 0.6649999999999999, 0.72, 0.56, 0.6599999999999999, 0.6699999999999999, 0.56, 0.56, 0.45, 0.64, 0.49, 0.56, 0.05, 1, 99, 99, 99]
--- num:  29
list:  [0.58, 0.58, 1, 1, 0.96, 0.96, 0.16199999999999998, 0.16199999999999998, 0.41, 0.41, 0.33, 0.39, 0, 0, 0.75, 0.36, 0.635, 0.73, 0.56, 0.64, 0.63, 0.56, 0.56, 0.36, 0.83, 0.4, 0.74, 0.05, 1, 99, 99, 99]
--- num:  29
list:  [0.58, 0.58, 1, 1, 0.96, 0.96, 0.16199999999999998, 0.16199999999999998, 0.41, 0.41, 0.47, 0.25, 0, 0, 0.5, 0.37, 0.6000000000000001, 0.74, 0.56, 0.61, 0.5900000000000001, 0.56, 0.56, 0.41, 0.73, 0.44, 0.67, 0.05, 0.85, 99, 99, 99]
--- num:  29
list:  [0.57, 0.57, 1, 1, 0.97, 0.97, 0.16199999999999998, 0.16199999999999998, 0.42, 0.42, 0.54, 0.19, 0, 0, 0.5, 0.38, 0.645, 0.75, 0.56, 0.6599999999999999, 0.63, 0.56, 0.56, 0.31, 0.92, 0.31, 0.92, 0.05, 0.54, 99, 99, 99]
--- num:  29
list:  [0.57, 0.57, 1, 1, 0.97, 0.97, 0.16199999999999998, 0.16199999999999998, 0.41, 0.41, 0.57, 0.16, 0, 0, 0.5, 0.38, 0.62, 0.75, 0.56, 0.64, 0.6, 0.56, 0.56, 0.33, 0.88, 0.34, 0.86, 0.06, 0.25, 99, 99, 99]
--- num:  29
list:  [0.57, 0.57, 1, 1, 0.97, 0.97, 0.16199999999999998, 0.16199999999999998, 0.39, 0.39, 0.49, 0.24, 0, 0, 0.5, 0.37, 0.5700000000000001, 0.74, 0.56, 0.5800000000000001, 0.56, 0.56, 0.56, 0.39, 0.77, 0.4, 0.74, 0.05, 0.73, 99, 99, 99]
--- num:  29
list:  [0.57, 0.57, 1, 1, 0.97, 0.97, 0.16199999999999998, 0.16199999999999998, 0.39, 0.39, 0.31, 0.41, 0, 0, 0.5, 0.37, 0.5900000000000001, 0.74, 0.56, 0.5900000000000001, 0.5900000000000001, 0.56, 0.56, 0.38, 0.79, 0.41, 0.72, 0.05, 1, 99, 99, 99]
--- num:  29
list:  [0.58, 0.58, 1, 1, 0.96, 0.96, 0.16199999999999998, 0.16199999999999998, 0.39, 0.39, 0.2, 0.52, 0, 0, 0.75, 0.36, 0.635, 0.73, 0.56, 0.63, 0.64, 0.56, 0.56, 0.34, 0.85, 0.38, 0.77, 0.05, 1, 99, 99, 99]
--- num:  29
list:  [0.58, 0.58, 1, 1, 0.96, 0.96, 0.16199999999999998, 0.16199999999999998, 0.39, 0.39, 0.2, 0.52, 0, 0, 0.75, 0.36, 0.635, 0.73, 0.56, 0.63, 0.64, 0.56, 0.56, 0.34, 0.86, 0.38, 0.79, 0.05, 1, 99, 99, 99]
--- num:  29
list:  [0.57, 0.57, 1, 1, 0.96, 0.96, 0.16199999999999998, 0.16199999999999998, 0.38, 0.38, 0.32, 0.4, 0, 0, 0.5, 0.36, 0.56, 0.73, 0.56, 0.56, 0.56, 0.56, 0.56, 0.41, 0.72, 0.45, 0.65, 0.05, 1, 99, 99, 99]
--- num:  29
list:  [0.57, 0.57, 1, 1, 0.97, 0.97, 0.16199999999999998, 0.16199999999999998, 0.38, 0.38, 0.5, 0.23, 0, 0, 0.5, 0.38, 0.5800000000000001, 0.75, 0.56, 0.5900000000000001, 0.5700000000000001, 0.56, 0.56, 0.4, 0.75, 0.42, 0.71, 0.06, 0.69, 99, 99, 99]
--- num:  29
list:  [0.57, 0.57, 1, 1, 0.97, 0.97, 0.16199999999999998, 0.16199999999999998, 0.4, 0.4, 0.58, 0.14, 0, 0, 0.5, 0.38, 0.6000000000000001, 0.75, 0.56, 0.61, 0.5900000000000001, 0.56, 0.56, 0.34, 0.87, 0.32, 0.9, 0.06, 0.05, 99, 99, 99]
--- num:  29
list:  [0.56, 0.56, 1, 1, 0.97, 0.97, 0.16199999999999998, 0.16199999999999998, 0.4, 0.4, 0.59, 0.13, 0, 0, 0.5, 0.38, 0.595, 0.75, 0.56, 0.61, 0.5800000000000001, 0.56, 0.56, 0.36, 0.81, 0.36, 0.81, 0.06, 0.04, 99, 99, 99]
--- num:  29
list:  [0.56, 0.56, 1, 1, 0.97, 0.97, 0.16199999999999998, 0.16199999999999998, 0.39, 0.39, 0.47, 0.25, 0, 0, 0.5, 0.38, 0.535, 0.75, 0.56, 0.54, 0.53, 0.56, 0.56, 0.39, 0.76, 0.4, 0.74, 0.06, 0.69, 99, 99, 99]
--- num:  29
list:  [0.57, 0.57, 1, 1, 0.97, 0.97, 0.16199999999999998, 0.16199999999999998, 0.35, 0.35, 0.37, 0.35, 0, 0, 0.5, 0.38, 0.55, 0.75, 0.56, 0.55, 0.55, 0.56, 0.56, 0.44, 0.66, 0.47, 0.62, 0.06, 0.97, 99, 99, 99]
--- num:  29
list:  [0.57, 0.57, 1, 1, 0.96, 0.96, 0.16199999999999998, 0.16199999999999998, 0.37, 0.37, 0.3, 0.42, 0, 0, 0.75, 0.38, 0.525, 0.75, 0.56, 0.52, 0.53, 0.56, 0.56, 0.45, 0.64, 0.47, 0.6, 0.06, 1, 99, 99, 99]
--- num:  29
list:  [0.57, 0.57, 1, 1, 0.96, 0.96, 0.16199999999999998, 0.16199999999999998, 0.4, 0.4, 0.28, 0.44, 0, 0, 0.75, 0.38, 0.53, 0.75, 0.56, 0.52, 0.54, 0.56, 0.56, 0.39, 0.77, 0.41, 0.72, 0.05, 1, 99, 99, 99]
--- num:  29
list:  [0.57, 0.57, 1, 1, 0.96, 0.96, 0.16199999999999998, 0.16199999999999998, 0.39, 0.39, 0.27, 0.45, 0, 0, 0.75, 0.38, 0.55, 0.75, 0.56, 0.54, 0.56, 0.56, 0.56, 0.39, 0.76, 0.41, 0.72, 0.05, 1, 99, 99, 99]
--- num:  29
list:  [0.57, 0.57, 1, 1, 0.97, 0.97, 0.16199999999999998, 0.16199999999999998, 0.34, 0.34, 0.28, 0.44, 0, 0, 0.75, 0.38, 0.545, 0.75, 0.56, 0.53, 0.56, 0.56, 0.56, 0.45, 0.64, 0.47, 0.6, 0.05, 1, 99, 99, 99]
--- num:  29
list:  [0.56, 0.56, 1, 1, 0.97, 0.97, 0.16199999999999998, 0.16199999999999998, 0.53, 0.53, 0.35, 0.37, 0, 0, 0.75, 0.41, 0.6849999999999999, 0.77, 0.56, 0.6799999999999999, 0.69, 0.56, 0.56, 0.31, 0.92, 0.34, 0.86, 0.05, 1, 99, 99, 99]
--- num:  29
list:  [0.56, 0.56, 1, 1, 0.98, 0.98, 0.16199999999999998, 0.16199999999999998, 0.53, 0.53, 0.49, 0.24, 0, 0, 0.75, 0.44, 0.69, 0.79, 0.56, 0.69, 0.69, 0.56, 0.56, 0.31, 0.92, 0.31, 0.91, 0.06, 1, 99, 99, 99]
--- num:  29
list:  [0.56, 0.56, 1, 1, 0.98, 0.98, 0.16199999999999998, 0.16199999999999998, 0.54, 0.54, 0.56, 0.17, 0, 0, 0.75, 0.45, 0.69, 0.8, 0.56, 0.7, 0.6799999999999999, 0.56, 0.56, 0.31, 0.92, 0.31, 0.92, 0.06, 0.85, 99, 99, 99]
--- num:  29
list:  [0.56, 0.56, 1, 1, 0.98, 0.98, 0.16199999999999998, 0.16199999999999998, 0.53, 0.53, 0.59, 0.14, 0, 0, 0.75, 0.45, 0.6849999999999999, 0.8, 0.56, 0.7, 0.6699999999999999, 0.56, 0.56, 0.31, 0.92, 0.31, 0.92, 0.07, 0.56, 99, 99, 99]
--- num:  29
list:  [0.57, 0.57, 1, 1, 0.97, 0.97, 0.26853166103363035, 0.2681607413291931, 0.29, 0.29, 0.5, 0.23, 0, 0, 0.75, 0.4, 0.5650000000000001, 0.76, 0.56, 0.5700000000000001, 0.56, 0.56, 0.56, 0.46, 0.63, 0.45, 0.64, 0.07, 0.24, 99, 99, 99]
--- num:  29
list:  [0.57, 0.57, 1, 1, 0.96, 0.96, 0.16199999999999998, 0.16199999999999998, 0.36, 0.36, 0.46, 0.26, 0, 0, 0.5, 0.39, 0.55, 0.76, 0.56, 0.56, 0.54, 0.56, 0.56, 0.38, 0.77, 0.39, 0.75, 0.06, 0.49, 99, 99, 99]
--- num:  29
list:  [0.57, 0.57, 1, 1, 0.96, 0.96, 0.16199999999999998, 0.16199999999999998, 0.37, 0.37, 0.41, 0.31, 0, 0, 0.5, 0.39, 0.535, 0.75, 0.56, 0.54, 0.53, 0.56, 0.56, 0.41, 0.71, 0.43, 0.68, 0.05, 0.79, 99, 99, 99]
--- num:  29
list:  [0.57, 0.57, 1, 1, 0.96, 0.96, 0.16199999999999998, 0.16199999999999998, 0.37, 0.37, 0.34, 0.38, 0, 0, 0.5, 0.39, 0.54, 0.75, 0.56, 0.54, 0.54, 0.56, 0.56, 0.38, 0.78, 0.4, 0.75, 0.05, 1, 99, 99, 99]
--- num:  29
list:  [0.57, 0.57, 1, 1, 0.96, 0.96, 0.16199999999999998, 0.16199999999999998, 0.37, 0.37, 0.27, 0.45, 0, 0, 0.75, 0.37, 0.5800000000000001, 0.74, 0.56, 0.5700000000000001, 0.5900000000000001, 0.56, 0.56, 0.39, 0.76, 0.41, 0.72, 0.05, 1, 99, 99, 99]
--- num:  29
list:  [0.57, 0.57, 1, 1, 0.96, 0.96, 0.16199999999999998, 0.16199999999999998, 0.37, 0.37, 0.25, 0.47, 0, 0, 0.75, 0.36, 0.5900000000000001, 0.74, 0.56, 0.5800000000000001, 0.6, 0.56, 0.56, 0.39, 0.76, 0.42, 0.71, 0.05, 1, 99, 99, 99]
--- num:  29
list:  [0.57, 0.57, 1, 1, 0.97, 0.97, 0.16199999999999998, 0.16199999999999998, 0.37, 0.37, 0.26, 0.46, 0, 0, 0.75, 0.37, 0.5750000000000001, 0.74, 0.56, 0.56, 0.5900000000000001, 0.56, 0.56, 0.39, 0.76, 0.42, 0.71, 0.05, 1, 99, 99, 99]
--- num:  29
list:  [0.57, 0.57, 1, 1, 0.97, 0.97, 0.16199999999999998, 0.16199999999999998, 0.38, 0.38, 0.33, 0.39, 0, 0, 0.75, 0.37, 0.6, 0.74, 0.56, 0.6, 0.6, 0.56, 0.56, 0.36, 0.81, 0.39, 0.75, 0.05, 1, 99, 99, 99]
--- num:  29
list:  [0.57, 0.57, 1, 1, 0.97, 0.97, 0.16199999999999998, 0.16199999999999998, 0.38, 0.38, 0.37, 0.35, 0, 0, 0.75, 0.38, 0.635, 0.75, 0.56, 0.63, 0.64, 0.56, 0.56, 0.32, 0.9, 0.35, 0.85, 0.06, 1, 99, 99, 99]
--- num:  29
list:  [0.56, 0.56, 1, 1, 0.97, 0.97, 0.16199999999999998, 0.16199999999999998, 0.37, 0.37, 0.45, 0.28, 0, 0, 0.5, 0.38, 0.64, 0.75, 0.56, 0.64, 0.64, 0.56, 0.56, 0.31, 0.92, 0.32, 0.9, 0.06, 1, 99, 99, 99]
--- num:  29
list:  [0.56, 0.56, 1, 1, 0.97, 0.97, 0.16199999999999998, 0.16199999999999998, 0.4, 0.4, 0.52, 0.21, 0, 0, 0.5, 0.4, 0.655, 0.76, 0.56, 0.6599999999999999, 0.65, 0.56, 0.56, 0.31, 0.92, 0.31, 0.92, 0.06, 0.73, 99, 99, 99]
--- num:  29
list:  [0.56, 0.56, 1, 1, 0.98, 0.98, 0.16199999999999998, 0.16199999999999998, 0.4, 0.4, 0.51, 0.22, 0, 0, 0.5, 0.4, 0.64, 0.76, 0.56, 0.65, 0.63, 0.56, 0.56, 0.33, 0.88, 0.34, 0.86, 0.06, 0.74, 99, 99, 99]
--- num:  29
list:  [0.56, 0.56, 1, 1, 0.98, 0.98, 0.16199999999999998, 0.16199999999999998, 0.41, 0.41, 0.46, 0.27, 0, 0, 0.75, 0.4, 0.635, 0.76, 0.56, 0.64, 0.63, 0.56, 0.56, 0.31, 0.92, 0.32, 0.9, 0.06, 1, 99, 99, 99]
--- num:  29
list:  [0.56, 0.56, 1, 1, 0.98, 0.98, 0.16199999999999998, 0.16199999999999998, 0.45, 0.45, 0.41, 0.31, 0, 0, 0.75, 0.4, 0.64, 0.76, 0.56, 0.64, 0.64, 0.56, 0.56, 0.31, 0.92, 0.32, 0.9, 0.06, 1, 99, 99, 99]
--- num:  29
list:  [0.56, 0.56, 1, 1, 0.98, 0.98, 0.16199999999999998, 0.16199999999999998, 0.48, 0.48, 0.39, 0.33, 0, 0, 0.75, 0.41, 0.6699999999999999, 0.77, 0.56, 0.6799999999999999, 0.6599999999999999, 0.56, 0.56, 0.31, 0.92, 0.32, 0.9, 0.05, 1, 99, 99, 99]
--- num:  29
list:  [0.56, 0.56, 1, 1, 0.98, 0.98, 0.16199999999999998, 0.16199999999999998, 0.52, 0.52, 0.39, 0.33, 0, 0, 0.75, 0.42, 0.74, 0.78, 0.56, 0.74, 0.74, 0.56, 0.56, 0.31, 0.92, 0.31, 0.92, 0.05, 1, 99, 99, 99]
--- num:  29
list:  [0.56, 0.56, 1, 1, 0.98, 0.98, 0.16199999999999998, 0.16199999999999998, 0.55, 0.55, 0.42, 0.3, 0, 0, 0.75, 0.44, 0.775, 0.79, 0.54, 0.78, 0.77, 0.54, 0.54, 0.31, 0.92, 0.31, 0.92, 0.05, 0.98, 99, 99, 99]
--- num:  29
list:  [0.18, 0.18, 0.19, 0.19, 1, 1, 0.16199999999999998, 0.16199999999999998, 0.56, 0.56, 0.45, 0.27, 0, 0, 0.75, 0.47, 0.77, 0.82, 0.53, 0.78, 0.76, 0.53, 0.53, 0.31, 0.92, 0.31, 0.92, 0.04, 0.71, 99, 99, 99]
--- num:  29
list:  [0.19, 0.19, 0.21, 0.21, 1, 1, 0.16199999999999998, 0.16199999999999998, 0.59, 0.59, 0.49, 0.24, 0, 0, 0.75, 0.49, 0.795, 0.83, 0.49, 0.8, 0.79, 0.49, 0.49, 0.31, 0.92, 0.31, 0.92, 0.04, 0.55, 99, 99, 99]
--- num:  29
list:  [0.13, 0.13, 0.08, 0.08, 1, 1, 0.16199999999999998, 0.16199999999999998, 0.38, 0.38, 0.48, 0.24, 0, 0, 0.75, 0.48, 0.76, 0.82, 0.5, 0.77, 0.75, 0.5, 0.5, 0.31, 0.91, 0.34, 0.87, 0.04, 0.28, 99, 99, 99]
--- num:  29
list:  [0.15, 0.15, 0.12, 0.12, 1, 1, 0.16199999999999998, 0.16199999999999998, 0.48, 0.48, 0.41, 0.32, 0, 0, 0.75, 0.44, 0.755, 0.79, 0.53, 0.76, 0.75, 0.53, 0.53, 0.31, 0.92, 0.31, 0.92, 0.04, 0.51, 99, 99, 99]
--- num:  29
list:  [0.56, 0.56, 1, 1, 0.98, 0.98, 0.16199999999999998, 0.16199999999999998, 0.49, 0.49, 0.32, 0.4, 0, 0, 0.75, 0.44, 0.705, 0.79, 0.56, 0.71, 0.7, 0.56, 0.56, 0.34, 0.86, 0.39, 0.77, 0.04, 1, 99, 99, 99]
--- num:  29
list:  [0.56, 0.56, 1, 1, 0.98, 0.98, 0.16199999999999998, 0.16199999999999998, 0.49, 0.49, 0.29, 0.43, 0, 0, 0.75, 0.42, 0.74, 0.78, 0.56, 0.74, 0.74, 0.56, 0.56, 0.31, 0.92, 0.34, 0.86, 0.05, 1, 99, 99, 99]
--- num:  29
list:  [0.56, 0.56, 1, 1, 0.98, 0.98, 0.16199999999999998, 0.16199999999999998, 0.48, 0.48, 0.27, 0.46, 0, 0, 0.75, 0.42, 0.69, 0.78, 0.56, 0.69, 0.69, 0.56, 0.56, 0.4, 0.75, 0.44, 0.67, 0.05, 1, 99, 99, 99]
--- num:  29
list:  [0.57, 0.57, 1, 1, 0.97, 0.97, 0.16199999999999998, 0.16199999999999998, 0.43, 0.43, 0.32, 0.41, 0, 0, 0.75, 0.41, 0.6699999999999999, 0.77, 0.56, 0.6699999999999999, 0.6699999999999999, 0.56, 0.56, 0.35, 0.84, 0.38, 0.77, 0.05, 1, 99, 99, 99]
--- num:  29
list:  [0.56, 0.56, 1, 1, 0.98, 0.98, 0.16199999999999998, 0.16199999999999998, 0.46, 0.46, 0.38, 0.34, 0, 0, 0.75, 0.41, 0.695, 0.77, 0.56, 0.7, 0.69, 0.56, 0.56, 0.33, 0.87, 0.36, 0.82, 0.04, 1, 99, 99, 99]
--- num:  29
list:  [0.14, 0.14, 0.08, 0.08, 1, 1, 0.16199999999999998, 0.16199999999999998, 0.47, 0.47, 0.39, 0.33, 0, 0, 0.75, 0.41, 0.705, 0.77, 0.54, 0.71, 0.7, 0.54, 0.54, 0.31, 0.92, 0.32, 0.9, 0.04, 0.87, 99, 99, 99]
--- num:  29
list:  [0.14, 0.14, 0.09, 0.09, 1, 1, 0.16199999999999998, 0.16199999999999998, 0.47, 0.47, 0.36, 0.36, 0, 0, 0.75, 0.41, 0.745, 0.77, 0.53, 0.75, 0.74, 0.53, 0.53, 0.31, 0.92, 0.33, 0.87, 0.04, 0.97, 99, 99, 99]
--- num:  29
list:  [0.56, 0.56, 1, 1, 0.98, 0.98, 0.16199999999999998, 0.16199999999999998, 0.47, 0.47, 0.31, 0.41, 0, 0.015000000000000013, 0.75, 0.35, 0.845, 0.73, 0.44, 0.85, 0.84, 0.44, 0.44, 0.54, 0.47, 0.56, 0.44, 0.03, 0.59, 99, 99, 99]
--- num:  29
list:  [0.09, 0.09, 0, 0, 1, 1, 0.16199999999999998, 0.16199999999999998, 0.5, 0.5, 0.3, 0.42, 0.20999999999999985, 0.20999999999999985, 1, 0.27, 0.96, 0.66, 0.31, 0.96, 0.96, 0.31, 0.31, 0.69, 0.39, 0.69, 0.39, 0.03, 0.48, 99, 99, 99]
--- num:  29
list:  [0.21, 0.21, 0.25, 0.25, 1, 1, 0.16199999999999998, 0.16199999999999998, 0.5, 0.5, 0.31, 0.41, 0.22499999999999987, 0.195, 1, 0.24, 0.97, 0.65, 0.28, 0.97, 0.97, 0.28, 0.28, 0.7, 0.39, 0.68, 0.39, 0.03, 0.49, 99, 99, 99]
--- num:  29
list:  [0.32, 0.32, 0.52, 0.52, 1, 1, 0.16199999999999998, 0.16199999999999998, 0.49, 0.49, 0.33, 0.39, 0.195, 0.13499999999999995, 1, 0.23, 0.98, 0.64, 0.27, 0.98, 0.98, 0.27, 0.27, 0.68, 0.39, 0.64, 0.41, 0.02, 0.53, 99, 99, 99]
--- num:  29
list:  [0.34, 0.34, 0.56, 0.56, 1, 1, 0.16199999999999998, 0.16199999999999998, 0.48, 0.48, 0.35, 0.38, 0.18, 0.13499999999999995, 1, 0.23, 0.985, 0.63, 0.26, 0.98, 0.99, 0.26, 0.26, 0.67, 0.4, 0.64, 0.41, 0.02, 0.55, 99, 99, 99]
--- num:  29
list:  [0.4, 0.4, 0.7, 0.7, 1, 1, 0.16199999999999998, 0.16199999999999998, 0.48, 0.48, 0.35, 0.37, 0.16499999999999998, 0.13499999999999995, 1, 0.22, 0.99, 0.63, 0.26, 0.99, 0.99, 0.26, 0.26, 0.66, 0.4, 0.64, 0.41, 0.02, 0.57, 99, 99, 99]
--- num:  29
list:  [0.43, 0.43, 0.76, 0.76, 1, 1, 0.16199999999999998, 0.16199999999999998, 0.48, 0.48, 0.35, 0.37, 0.14999999999999997, 0.10499999999999993, 1, 0.22, 0.99, 0.63, 0.26, 0.99, 0.99, 0.26, 0.26, 0.65, 0.41, 0.62, 0.42, 0.01, 0.58, 99, 99, 99]
--- num:  29
list:  [0.46, 0.46, 0.83, 0.83, 1, 1, 0.16199999999999998, 0.16199999999999998, 0.48, 0.48, 0.35, 0.38, 0.13499999999999995, 0.10499999999999993, 1, 0.22, 0.99, 0.63, 0.25, 0.99, 0.99, 0.25, 0.25, 0.64, 0.41, 0.62, 0.42, 0.01, 0.58, 99, 99, 99]
--- num:  29
list:  [0.47, 0.47, 0.86, 0.86, 1, 1, 0.16199999999999998, 0.16199999999999998, 0.48, 0.48, 0.34, 0.38, 0.11999999999999994, 0.08999999999999991, 1, 0.22, 0.99, 0.63, 0.25, 0.99, 0.99, 0.25, 0.25, 0.63, 0.41, 0.61, 0.42, 0.01, 0.59, 99, 99, 99]
--- num:  29
list:  [0.48, 0.48, 0.87, 0.87, 1, 1, 0.16199999999999998, 0.16199999999999998, 0.48, 0.48, 0.34, 0.38, 0.11999999999999994, 0.08999999999999991, 1, 0.22, 0.99, 0.62, 0.25, 0.99, 0.99, 0.25, 0.25, 0.63, 0.42, 0.61, 0.42, 0.01, 0.6, 99, 99, 99]
--- num:  29
list:  [0.47, 0.47, 0.86, 0.86, 1, 1, 0.16199999999999998, 0.16199999999999998, 0.48, 0.48, 0.35, 0.37, 0.10499999999999993, 0.08999999999999991, 1, 0.22, 0.99, 0.62, 0.25, 0.99, 0.99, 0.25, 0.25, 0.62, 0.42, 0.61, 0.42, 0.01, 0.6, 99, 99, 99]
--- num:  29
list:  [0.48, 0.48, 0.88, 0.88, 1, 1, 0.16199999999999998, 0.16199999999999998, 0.48, 0.48, 0.35, 0.37, 0.08999999999999991, 0.0749999999999999, 1, 0.22, 0.99, 0.62, 0.25, 0.99, 0.99, 0.25, 0.25, 0.61, 0.42, 0.6, 0.43, 0.01, 0.6, 99, 99, 99]
--- num:  29
