start livelink
[0.219, -0.001, -0.1]
[0.225, -0.001, -0.106]
[0.225, -0.002, -0.109]
[0.219, -0.003, -0.106]
[0.212, -0.003, -0.098]
[0.205, -0.004, -0.091]
[0.204, -0.005, -0.084]
[0.209, -0.005, -0.074]
[0.28, -0.002, 0.018]
[0.24, 0.001, 0.051]
[0.237, 0.001, 0.05]
[0.236, 0.001, 0.046]
[0.234, 0.001, 0.044]
[0.232, 0.001, 0.04]
[0.229, 0.0, 0.035]
[0.227, -0.001, 0.03]
[0.224, -0.001, 0.023]
[0.224, -0.001, 0.023]
[0.223, 0.001, 0.019]
[0.223, 0.003, 0.014]
[0.222, 0.004, 0.008]
[0.221, 0.005, 0.003]
[0.219, 0.006, 0.001]
[0.215, 0.007, -0.001]
[0.208, 0.008, -0.002]
[0.208, 0.008, -0.002]
[0.206, 0.008, -0.002]
[0.204, 0.008, -0.002]
[0.202, 0.009, -0.004]
[0.199, 0.009, -0.005]
[0.197, 0.01, -0.006]
[0.198, 0.011, -0.005]
[0.199, 0.012, -0.005]
[0.202, 0.014, -0.004]
[0.204, 0.015, -0.004]
[0.207, 0.016, -0.007]
[0.213, 0.018, -0.012]
[0.213, 0.018, -0.012]
[0.215, 0.019, -0.015]
[0.216, 0.02, -0.015]
[0.209, 0.023, -0.013]
[0.209, 0.023, -0.013]
[0.204, 0.024, -0.012]
[0.2, 0.024, -0.01]
[0.198, 0.025, -0.009]
[0.196, 0.025, -0.008]
[0.194, 0.026, -0.007]
[0.189, 0.028, -0.008]
[0.186, 0.03, -0.009]
[0.181, 0.032, -0.011]
[0.179, 0.034, -0.011]
[0.177, 0.035, -0.011]
[0.177, 0.037, -0.008]
[0.175, 0.039, -0.005]
[0.174, 0.04, -0.003]
[0.171, 0.041, 0.0]
[0.168, 0.042, 0.003]
[0.166, 0.043, 0.008]
[0.165, 0.044, 0.014]
[0.165, 0.044, 0.019]
[0.167, 0.043, 0.022]
[0.171, 0.043, 0.021]
[0.175, 0.043, 0.02]
[0.178, 0.044, 0.019]
[0.183, 0.046, 0.021]
[0.186, 0.047, 0.027]
[0.188, 0.047, 0.033]
[0.183, 0.047, 0.035]
[0.175, 0.047, 0.037]
[0.167, 0.047, 0.036]
[0.162, 0.048, 0.035]
[0.16, 0.05, 0.036]
[0.166, 0.051, 0.04]
[0.171, 0.052, 0.044]
[0.174, 0.053, 0.046]
[0.177, 0.053, 0.049]
[0.175, 0.052, 0.05]
[0.175, 0.052, 0.05]
[0.174, 0.053, 0.05]
[0.174, 0.053, 0.049]
[0.168, 0.055, 0.051]
[0.168, 0.055, 0.051]
[0.16, 0.057, 0.054]
[0.149, 0.058, 0.057]
[0.14, 0.059, 0.059]
[0.134, 0.058, 0.059]
[0.129, 0.058, 0.057]
[0.126, 0.057, 0.055]
[0.125, 0.056, 0.053]
[0.126, 0.054, 0.05]
[0.132, 0.05, 0.047]
[0.138, 0.046, 0.043]
[0.141, 0.042, 0.041]
[0.142, 0.039, 0.04]
[0.149, 0.038, 0.037]
[0.157, 0.036, 0.037]
[0.169, 0.036, 0.036]
[0.181, 0.033, 0.035]
[0.191, 0.031, 0.033]
[0.196, 0.028, 0.027]
[0.201, 0.026, 0.02]
[0.206, 0.023, 0.013]
[0.209, 0.022, 0.006]
[0.215, 0.021, 0.002]
[0.226, 0.021, -0.006]
[0.226, 0.021, -0.006]
[0.232, 0.021, -0.013]
[0.234, 0.02, -0.02]
[0.233, 0.019, -0.025]
[0.23, 0.019, -0.03]
[0.222, 0.018, -0.035]
[0.217, 0.017, -0.036]
[0.215, 0.016, -0.038]
[0.213, 0.015, -0.041]
[0.214, 0.012, -0.047]
[0.217, 0.008, -0.052]
[0.224, 0.001, -0.058]
[0.224, 0.001, -0.058]
[0.227, -0.0, -0.059]
[0.229, -0.001, -0.061]
[0.229, -0.002, -0.063]
[0.229, -0.002, -0.063]
[0.23, -0.003, -0.065]
[0.23, -0.003, -0.067]
[0.23, -0.003, -0.073]
[0.23, -0.003, -0.073]
[0.228, -0.003, -0.076]
[0.225, -0.003, -0.08]
[0.223, -0.003, -0.082]
[0.222, -0.004, -0.084]
[0.22, -0.004, -0.085]
[0.219, -0.005, -0.084]
[0.217, -0.005, -0.084]
[0.213, -0.005, -0.082]
[0.21, -0.004, -0.08]
[0.205, -0.004, -0.077]
[0.2, -0.004, -0.073]
[0.194, -0.005, -0.069]
[0.189, -0.004, -0.066]
[0.185, -0.003, -0.062]
[0.183, -0.002, -0.058]
[0.183, 0.0, -0.052]
[0.182, 0.002, -0.045]
[0.182, 0.005, -0.036]
[0.181, 0.008, -0.025]
[0.179, 0.012, -0.014]
[0.176, 0.016, -0.004]
[0.171, 0.02, 0.006]
[0.163, 0.025, 0.016]
[0.157, 0.03, 0.025]
[0.152, 0.034, 0.034]
[0.149, 0.039, 0.042]
[0.147, 0.044, 0.052]
[0.143, 0.049, 0.063]
[0.136, 0.053, 0.073]
[0.124, 0.058, 0.085]
[0.099, 0.067, 0.105]
[0.099, 0.067, 0.105]
[0.087, 0.071, 0.113]
[0.076, 0.074, 0.12]
[0.052, 0.082, 0.136]
[0.052, 0.082, 0.136]
[0.044, 0.086, 0.143]
[0.036, 0.089, 0.149]
[0.029, 0.091, 0.154]
[0.024, 0.094, 0.159]
[0.019, 0.096, 0.163]
[0.015, 0.098, 0.167]
[0.01, 0.099, 0.17]
[0.007, 0.1, 0.171]
[0.003, 0.101, 0.17]
[-0.001, 0.101, 0.168]
[-0.006, 0.102, 0.165]
[-0.009, 0.102, 0.162]
[-0.013, 0.102, 0.159]
[-0.015, 0.102, 0.156]
[-0.016, 0.101, 0.153]
[-0.016, 0.101, 0.151]
[-0.015, 0.1, 0.15]
[-0.014, 0.099, 0.149]
[-0.012, 0.098, 0.148]
[-0.011, 0.096, 0.144]
[-0.01, 0.093, 0.138]
[-0.005, 0.09, 0.128]
[0.002, 0.088, 0.115]
[0.005, 0.086, 0.1]
[0.007, 0.083, 0.083]
[0.009, 0.08, 0.063]
[0.012, 0.077, 0.041]
[0.015, 0.074, 0.021]
[0.019, 0.071, 0.0]
[0.025, 0.066, -0.019]
[0.035, 0.061, -0.037]
[0.043, 0.057, -0.055]
[0.049, 0.051, -0.072]
[0.054, 0.047, -0.09]
[0.055, 0.043, -0.106]
[0.055, 0.039, -0.12]
[0.056, 0.037, -0.132]
[0.057, 0.034, -0.144]
[0.059, 0.032, -0.154]
[0.062, 0.029, -0.163]
[0.065, 0.027, -0.17]
[0.069, 0.026, -0.177]
[0.073, 0.024, -0.183]
[0.076, 0.023, -0.186]
[0.079, 0.023, -0.189]
[0.08, 0.022, -0.19]
[0.08, 0.021, -0.189]
[0.08, 0.021, -0.183]
[0.082, 0.021, -0.173]
[0.083, 0.022, -0.16]
[0.083, 0.022, -0.146]
[0.082, 0.024, -0.129]
[0.082, 0.026, -0.109]
[0.086, 0.027, -0.089]
[0.088, 0.028, -0.07]
[0.089, 0.028, -0.052]
[0.088, 0.028, -0.033]
[0.087, 0.031, -0.012]
[0.083, 0.034, 0.01]
[0.083, 0.037, 0.032]
[0.085, 0.04, 0.053]
[0.086, 0.043, 0.072]
[0.087, 0.047, 0.091]
[0.086, 0.051, 0.107]
[0.087, 0.056, 0.12]
[0.088, 0.061, 0.132]
[0.087, 0.066, 0.142]
[0.085, 0.071, 0.153]
[0.083, 0.075, 0.164]
[0.081, 0.079, 0.173]
[0.081, 0.082, 0.182]
[0.081, 0.086, 0.191]
[0.081, 0.089, 0.199]
[0.081, 0.093, 0.207]
[0.081, 0.096, 0.215]
[0.079, 0.099, 0.222]
[0.075, 0.102, 0.23]
[0.071, 0.104, 0.238]
[0.072, 0.105, 0.254]
[0.072, 0.105, 0.254]
[0.079, 0.103, 0.266]
[0.082, 0.103, 0.273]
[0.084, 0.102, 0.278]
[0.085, 0.101, 0.28]
[0.086, 0.1, 0.276]
[0.096, 0.096, 0.254]
[0.096, 0.096, 0.254]
[0.1, 0.095, 0.241]
[0.103, 0.095, 0.226]
[0.107, 0.093, 0.188]
[0.107, 0.093, 0.188]
[0.109, 0.091, 0.168]
[0.112, 0.089, 0.15]
[0.113, 0.086, 0.132]
[0.116, 0.084, 0.112]
[0.123, 0.081, 0.091]
[0.131, 0.079, 0.072]
[0.134, 0.077, 0.051]
[0.134, 0.076, 0.036]
[0.125, 0.073, 0.022]
[0.119, 0.07, 0.008]
[0.116, 0.067, -0.007]
[0.117, 0.064, -0.022]
[0.12, 0.061, -0.037]
[0.128, 0.056, -0.052]
[0.134, 0.051, -0.07]
[0.139, 0.039, -0.105]
[0.139, 0.039, -0.105]
[0.136, 0.033, -0.121]
[0.132, 0.028, -0.135]
[0.126, 0.017, -0.158]
[0.126, 0.017, -0.158]
[0.123, 0.011, -0.166]
[0.121, 0.005, -0.173]
[0.12, -0.005, -0.186]
[0.12, -0.005, -0.186]
[0.12, -0.01, -0.194]
[0.119, -0.014, -0.202]
[0.117, -0.022, -0.214]
[0.117, -0.022, -0.214]
[0.117, -0.025, -0.218]
[0.117, -0.028, -0.223]
[0.118, -0.03, -0.226]
[0.119, -0.033, -0.229]
[0.119, -0.034, -0.23]
[0.119, -0.036, -0.228]
[0.117, -0.038, -0.225]
[0.116, -0.039, -0.22]
[0.116, -0.04, -0.212]
[0.116, -0.041, -0.2]
[0.117, -0.042, -0.183]
[0.121, -0.043, -0.162]
[0.125, -0.044, -0.145]
[0.127, -0.044, -0.13]
[0.129, -0.045, -0.116]
[0.132, -0.046, -0.099]
[0.136, -0.046, -0.07]
[0.136, -0.046, -0.07]
[0.138, -0.046, -0.058]
[0.139, -0.045, -0.046]
[0.138, -0.043, -0.035]
[0.137, -0.041, -0.022]
[0.134, -0.036, 0.003]
[0.134, -0.036, 0.003]
[0.135, -0.033, 0.016]
[0.136, -0.03, 0.029]
[0.134, -0.023, 0.057]
[0.134, -0.023, 0.057]
[0.132, -0.02, 0.071]
[0.131, -0.016, 0.083]
[0.13, -0.013, 0.093]
[0.129, -0.011, 0.101]
[0.128, -0.008, 0.109]
[0.126, -0.006, 0.115]
[0.126, -0.005, 0.12]
[0.126, -0.003, 0.122]
[0.127, -0.002, 0.123]
[0.128, -0.001, 0.121]
[0.13, -0.001, 0.117]
[0.133, -0.003, 0.107]
[0.137, -0.005, 0.093]
[0.142, -0.007, 0.076]
[0.147, -0.01, 0.058]
[0.15, -0.012, 0.035]
[0.152, -0.014, 0.014]
[0.152, -0.015, -0.009]
[0.151, -0.016, -0.03]
[0.154, -0.018, -0.047]
[0.155, -0.021, -0.065]
[0.156, -0.024, -0.083]
[0.154, -0.026, -0.099]
[0.152, -0.028, -0.114]
[0.148, -0.03, -0.127]
[0.144, -0.033, -0.137]
[0.141, -0.035, -0.146]
[0.137, -0.037, -0.152]
[0.134, -0.039, -0.157]
[0.131, -0.041, -0.161]
[0.13, -0.042, -0.164]
[0.129, -0.042, -0.167]
[0.13, -0.042, -0.168]
[0.13, -0.042, -0.168]
[0.13, -0.042, -0.162]
[0.13, -0.041, -0.151]
[0.13, -0.041, -0.14]
[0.129, -0.039, -0.128]
[0.131, -0.039, -0.116]
[0.134, -0.039, -0.102]
[0.138, -0.039, -0.087]
[0.141, -0.039, -0.072]
[0.143, -0.038, -0.059]
[0.145, -0.037, -0.047]
[0.146, -0.035, -0.035]
[0.148, -0.034, -0.024]
[0.147, -0.031, -0.013]
[0.146, -0.03, -0.002]
[0.146, -0.028, 0.008]
[0.146, -0.026, 0.018]
[0.144, -0.021, 0.034]
[0.144, -0.021, 0.034]
[0.143, -0.019, 0.041]
[0.142, -0.016, 0.048]
[0.143, -0.014, 0.055]
[0.144, -0.008, 0.068]
[0.144, -0.008, 0.068]
[0.144, -0.005, 0.074]
[0.144, -0.002, 0.08]
[0.143, 0.001, 0.087]
[0.143, 0.005, 0.094]
[0.144, 0.01, 0.103]
[0.148, 0.015, 0.114]
[0.151, 0.02, 0.128]
[0.154, 0.025, 0.141]
[0.156, 0.03, 0.153]
[0.158, 0.035, 0.163]
[0.162, 0.041, 0.172]
[0.167, 0.047, 0.181]
[0.17, 0.053, 0.19]
[0.172, 0.064, 0.209]
[0.172, 0.064, 0.209]
[0.172, 0.068, 0.217]
[0.171, 0.074, 0.224]
[0.171, 0.08, 0.23]
[0.171, 0.085, 0.237]
[0.171, 0.091, 0.243]
[0.171, 0.096, 0.251]
[0.17, 0.101, 0.258]
[0.164, 0.112, 0.272]
[0.164, 0.112, 0.272]
[0.161, 0.116, 0.279]
[0.159, 0.12, 0.284]
[0.154, 0.125, 0.293]
[0.154, 0.125, 0.293]
[0.154, 0.128, 0.295]
[0.154, 0.13, 0.297]
[0.153, 0.132, 0.297]
[0.151, 0.133, 0.295]
[0.146, 0.133, 0.284]
[0.146, 0.133, 0.284]
[0.149, 0.134, 0.275]
[0.152, 0.134, 0.268]
[0.156, 0.134, 0.26]
[0.159, 0.132, 0.251]
[0.163, 0.13, 0.239]
[0.168, 0.127, 0.227]
[0.172, 0.123, 0.214]
[0.176, 0.12, 0.2]
[0.177, 0.118, 0.183]
[0.179, 0.115, 0.168]
[0.18, 0.111, 0.155]
[0.181, 0.108, 0.143]
[0.181, 0.105, 0.129]
[0.18, 0.101, 0.115]
[0.178, 0.099, 0.102]
[0.178, 0.097, 0.089]
[0.18, 0.094, 0.079]
[0.184, 0.09, 0.066]
[0.189, 0.087, 0.054]
[0.193, 0.085, 0.042]
[0.193, 0.082, 0.032]
[0.193, 0.08, 0.022]
[0.192, 0.077, 0.013]
[0.192, 0.075, 0.004]
[0.192, 0.073, -0.004]
[0.191, 0.072, -0.012]
[0.189, 0.07, -0.018]
[0.186, 0.068, -0.026]
[0.183, 0.066, -0.032]
[0.181, 0.065, -0.039]
[0.177, 0.063, -0.044]
[0.172, 0.057, -0.053]
[0.172, 0.057, -0.053]
[0.168, 0.054, -0.056]
[0.166, 0.051, -0.059]
[0.162, 0.049, -0.062]
[0.159, 0.047, -0.065]
[0.156, 0.045, -0.068]
[0.154, 0.043, -0.07]
[0.153, 0.04, -0.073]
[0.153, 0.038, -0.075]
[0.153, 0.035, -0.077]
[0.153, 0.033, -0.08]
[0.152, 0.031, -0.082]
[0.151, 0.028, -0.084]
[0.15, 0.026, -0.088]
[0.148, 0.024, -0.09]
[0.146, 0.022, -0.094]
[0.146, 0.02, -0.098]
[0.144, 0.018, -0.102]
[0.143, 0.016, -0.106]
[0.142, 0.013, -0.109]
[0.142, 0.011, -0.113]
[0.142, 0.008, -0.116]
[0.142, 0.006, -0.119]
[0.145, 0.003, -0.126]
[0.145, 0.003, -0.126]
[0.146, 0.001, -0.128]
[0.148, 0.0, -0.131]
[0.149, -0.001, -0.133]
[0.151, -0.003, -0.137]
[0.151, -0.003, -0.137]
[0.153, -0.004, -0.138]
[0.154, -0.005, -0.138]
[0.156, -0.006, -0.138]
[0.157, -0.007, -0.137]
[0.16, -0.008, -0.135]
[0.164, -0.008, -0.132]
[0.168, -0.008, -0.128]
[0.172, -0.008, -0.123]
[0.176, -0.007, -0.117]
[0.182, -0.005, -0.111]
[0.187, -0.003, -0.104]
[0.193, -0.002, -0.097]
[0.199, 0.0, -0.09]
[0.205, 0.002, -0.081]
[0.211, 0.005, -0.072]
[0.219, 0.007, -0.064]
[0.226, 0.009, -0.055]
[0.231, 0.011, -0.048]
[0.236, 0.012, -0.04]
[0.239, 0.014, -0.033]
[0.241, 0.015, -0.027]
[0.248, 0.017, -0.013]
[0.248, 0.017, -0.013]
[0.251, 0.018, -0.006]
[0.253, 0.019, 0.0]
[0.254, 0.019, 0.007]
[0.256, 0.02, 0.013]
[0.258, 0.021, 0.019]
[0.26, 0.022, 0.024]
[0.262, 0.024, 0.03]
[0.263, 0.025, 0.034]
[0.262, 0.026, 0.038]
[0.262, 0.028, 0.041]
[0.261, 0.029, 0.043]
[0.261, 0.031, 0.044]
[0.265, 0.032, 0.044]
[0.268, 0.035, 0.044]
[0.27, 0.037, 0.044]
[0.269, 0.038, 0.044]
[0.265, 0.039, 0.045]
[0.261, 0.039, 0.047]
[0.257, 0.039, 0.049]
[0.253, 0.039, 0.05]
[0.251, 0.039, 0.049]
[0.25, 0.04, 0.048]
[0.251, 0.04, 0.047]
[0.252, 0.04, 0.046]
[0.253, 0.041, 0.045]
[0.254, 0.041, 0.044]
[0.253, 0.042, 0.045]
[0.252, 0.042, 0.044]
[0.248, 0.043, 0.044]
[0.246, 0.043, 0.043]
[0.244, 0.043, 0.04]
[0.243, 0.044, 0.036]
[0.242, 0.044, 0.034]
[0.239, 0.044, 0.031]
[0.237, 0.044, 0.029]
[0.235, 0.044, 0.028]
[0.236, 0.042, 0.026]
[0.24, 0.041, 0.024]
[0.25, 0.037, 0.019]
[0.25, 0.037, 0.019]
[0.255, 0.035, 0.017]
[0.257, 0.033, 0.015]
[0.258, 0.032, 0.014]
[0.258, 0.03, 0.013]
[0.258, 0.029, 0.011]
[0.259, 0.027, 0.01]
[0.259, 0.027, 0.009]
[0.256, 0.026, 0.009]
[0.253, 0.027, 0.008]
[0.246, 0.028, 0.005]
[0.241, 0.029, 0.003]
[0.237, 0.03, -0.001]
[0.235, 0.031, -0.005]
[0.235, 0.031, -0.008]
[0.233, 0.031, -0.01]
[0.231, 0.031, -0.012]
[0.23, 0.031, -0.013]
[0.228, 0.03, -0.015]
[0.227, 0.029, -0.017]
[0.228, 0.029, -0.02]
[0.229, 0.028, -0.022]
[0.229, 0.028, -0.024]
[0.228, 0.027, -0.026]
[0.226, 0.027, -0.027]
[0.224, 0.026, -0.027]
[0.222, 0.026, -0.028]
[0.221, 0.026, -0.028]
[0.216, 0.028, -0.031]
[0.216, 0.028, -0.031]
[0.215, 0.028, -0.033]
[0.212, 0.028, -0.034]
[0.21, 0.028, -0.038]
[0.208, 0.028, -0.039]
[0.205, 0.028, -0.041]
[0.202, 0.028, -0.043]
[0.2, 0.029, -0.045]
[0.197, 0.03, -0.047]
[0.197, 0.03, -0.049]
[0.197, 0.03, -0.051]
