A0
A1
A2
A3
A4
A5
A6
A7
A8
A9
A10
A11
A12
A13
A14
A15
A16
A17
A18
A19
A20
A21
A22
A23
A24
A25
A26
A27
A28
--- [0.87, 0.67, 1.0, 1.0, 0.24, 0.24, 0.05, 0.13, 0.51, 0.54, 0.4, 0.38, 0.0, -0.0, 1.0, 0.21, 0.75, 0.6, 0.49, 0.8, 0.75, 0.46, 0.86, 0.55, 0.43, 0.55, 0.45, 0.0, 0.5, 99, 99, 99]
into servo loop...
start test new
list:  [0.49, 0.49, 0.91, 0.91, 1, 1, 0.16199999999999998, 0.16199999999999998, 0.44, 0.44, 0.33, 0.39, 0.05999999999999989, 0.02999999999999986, 1, 0.22, 0.99, 0.63, 0.25, 0.99, 0.99, 0.25, 0.25, 0.59, 0.43, 0.57, 0.44, 0.01, 0.57, 99, 99, 99]
--- num:  29
list:  [0.49, 0.49, 0.9, 0.9, 1, 1, 0.16199999999999998, 0.16199999999999998, 0.44, 0.44, 0.33, 0.39, 0.05999999999999989, 0, 1, 0.23, 1.0, 0.64, 0.26, 1.0, 1.0, 0.26, 0.26, 0.59, 0.43, 0.55, 0.45, 0.02, 0.58, 99, 99, 99]
--- num:  29
list:  [0.48, 0.48, 0.89, 0.89, 1, 1, 0.16199999999999998, 0.16199999999999998, 0.45, 0.45, 0.33, 0.39, 0.0749999999999999, 0, 1, 0.23, 1.0, 0.63, 0.26, 1.0, 1.0, 0.26, 0.26, 0.6, 0.43, 0.55, 0.45, 0.02, 0.57, 99, 99, 99]
--- num:  29
list:  [0.48, 0.48, 0.89, 0.89, 1, 1, 0.16199999999999998, 0.16199999999999998, 0.45, 0.45, 0.33, 0.39, 0.0749999999999999, 0, 1, 0.22, 1.0, 0.63, 0.26, 1.0, 1.0, 0.26, 0.26, 0.6, 0.43, 0.55, 0.45, 0.02, 0.57, 99, 99, 99]
--- num:  29
list:  [0.48, 0.48, 0.89, 0.89, 1, 1, 0.16199999999999998, 0.16199999999999998, 0.41, 0.41, 0.34, 0.38, 0.0749999999999999, 0.04499999999999987, 1, 0.23, 0.98, 0.64, 0.27, 0.98, 0.98, 0.27, 0.27, 0.6, 0.43, 0.58, 0.44, 0.02, 0.55, 99, 99, 99]
--- num:  29
list:  [0.49, 0.49, 0.9, 0.9, 1, 1, 0.16199999999999998, 0.16199999999999998, 0.43, 0.43, 0.34, 0.38, 0.05999999999999989, 0.04499999999999987, 1, 0.23, 0.985, 0.64, 0.27, 0.98, 0.99, 0.27, 0.27, 0.59, 0.43, 0.58, 0.44, 0.02, 0.55, 99, 99, 99]
--- num:  29
list:  [0.49, 0.49, 0.9, 0.9, 1, 1, 0.5727057862281799, 0.571167151927948, 0.3, 0.3, 0.35, 0.37, 0.05999999999999989, 0.05999999999999989, 1, 0.24, 0.98, 0.64, 0.28, 0.98, 0.98, 0.28, 0.28, 0.59, 0.43, 0.59, 0.43, 0.02, 0.53, 99, 99, 99]
--- num:  29
list:  [0.56, 0.56, 1, 1, 0.98, 0.98, 0.4007724034786224, 0.4001835989952087, 0.26, 0.26, 0.35, 0.37, 0.0749999999999999, 0.08999999999999991, 1, 0.26, 0.97, 0.66, 0.29, 0.97, 0.97, 0.29, 0.29, 0.6, 0.43, 0.61, 0.42, 0.03, 0.53, 99, 99, 99]
--- num:  29
list:  [0.49, 0.49, 0.91, 0.91, 1, 1, 0.16199999999999998, 0.16199999999999998, 0.4, 0.4, 0.34, 0.38, 0.05999999999999989, 0.04499999999999987, 1, 0.23, 0.98, 0.64, 0.26, 0.98, 0.98, 0.26, 0.26, 0.59, 0.43, 0.58, 0.44, 0.02, 0.53, 99, 99, 99]
--- num:  29
list:  [0.5, 0.5, 0.94, 0.94, 1, 1, 0.16199999999999998, 0.16199999999999998, 0.37, 0.37, 0.34, 0.38, 0.05999999999999989, 0.02999999999999986, 1, 0.23, 0.99, 0.63, 0.26, 0.99, 0.99, 0.26, 0.26, 0.59, 0.43, 0.57, 0.44, 0.02, 0.55, 99, 99, 99]
--- num:  29
list:  [0.53, 0.53, 1.0, 1.0, 1, 1, 0.16199999999999998, 0.16199999999999998, 0.31, 0.31, 0.35, 0.37, 0.05999999999999989, 0.04499999999999987, 1, 0.22, 0.99, 0.63, 0.25, 0.99, 0.99, 0.25, 0.25, 0.59, 0.43, 0.58, 0.44, 0.02, 0.6, 99, 99, 99]
--- num:  29
list:  [0.53, 0.53, 1.0, 1.0, 1, 1, 0.16199999999999998, 0.16199999999999998, 0.27, 0.27, 0.35, 0.38, 0.05999999999999989, 0.02999999999999986, 1, 0.22, 0.99, 0.63, 0.25, 0.99, 0.99, 0.25, 0.25, 0.59, 0.43, 0.57, 0.44, 0.02, 0.61, 99, 99, 99]
--- num:  29
list:  [0.6, 0.6, 1, 1, 0.95, 0.95, 0.16199999999999998, 0.16199999999999998, 0.24, 0.24, 0.35, 0.38, 0.05999999999999989, 0.02999999999999986, 1, 0.22, 0.99, 0.63, 0.26, 0.99, 0.99, 0.26, 0.26, 0.59, 0.43, 0.57, 0.44, 0.02, 0.62, 99, 99, 99]
--- num:  29
list:  [0.74, 0.74, 1, 1, 0.83, 0.83, 0.16199999999999998, 0.16199999999999998, 0.2, 0.2, 0.35, 0.37, 0.04499999999999987, 0.015000000000000013, 1, 0.27, 0.99, 0.66, 0.3, 0.99, 0.99, 0.3, 0.3, 0.58, 0.44, 0.56, 0.45, 0.04, 0.63, 99, 99, 99]
--- num:  29
list:  [0.92, 0.92, 1, 1, 0.68, 0.68, 0.16199999999999998, 0.16199999999999998, 0.17, 0.17, 0.35, 0.37, 0, 0, 1, 0.31, 0.98, 0.69, 0.33, 0.98, 0.98, 0.33, 0.33, 0.51, 0.53, 0.51, 0.54, 0.06, 0.63, 99, 99, 99]
--- num:  29
list:  [0.92, 0.92, 1, 1, 0.68, 0.68, 0.16199999999999998, 0.16199999999999998, 0.16, 0.16, 0.36, 0.37, 0, 0, 1, 0.32, 0.98, 0.7, 0.36, 0.98, 0.98, 0.36, 0.36, 0.41, 0.72, 0.41, 0.72, 0.07, 0.6, 99, 99, 99]
--- num:  29
list:  [0.92, 0.92, 1, 1, 0.68, 0.68, 0.16199999999999998, 0.16199999999999998, 0.17, 0.17, 0.36, 0.36, 0, 0, 1, 0.32, 0.98, 0.71, 0.37, 0.98, 0.98, 0.37, 0.37, 0.4, 0.74, 0.4, 0.74, 0.08, 0.59, 99, 99, 99]
--- num:  29
list:  [0.92, 0.92, 1, 1, 0.68, 0.68, 0.16199999999999998, 0.16199999999999998, 0.17, 0.17, 0.36, 0.36, 0, 0, 1, 0.33, 0.98, 0.71, 0.37, 0.98, 0.98, 0.37, 0.37, 0.4, 0.74, 0.4, 0.74, 0.08, 0.6, 99, 99, 99]
--- num:  29
list:  [0.92, 0.92, 1, 1, 0.68, 0.68, 0.16199999999999998, 0.16199999999999998, 0.16, 0.16, 0.36, 0.37, 0, 0, 1, 0.38, 0.98, 0.75, 0.42, 0.98, 0.98, 0.42, 0.42, 0.4, 0.74, 0.4, 0.74, 0.11, 0.66, 99, 99, 99]
--- num:  29
list:  [0.92, 0.92, 1, 1, 0.68, 0.68, 0.16199999999999998, 0.16199999999999998, 0.12, 0.12, 0.35, 0.38, 0, 0, 1, 0.41, 0.96, 0.77, 0.54, 0.96, 0.96, 0.54, 0.54, 0.37, 0.79, 0.39, 0.77, 0.24, 0.88, 99, 99, 99]
--- num:  29
list:  [0.92, 0.92, 1, 1, 0.68, 0.68, 0.16199999999999998, 0.16199999999999998, 0.11, 0.11, 0.35, 0.38, 0, 0, 1, 0.39, 0.96, 0.76, 0.56, 0.96, 0.96, 0.56, 0.56, 0.31, 0.92, 0.32, 0.89, 0.24, 1, 99, 99, 99]
--- num:  29
list:  [0.92, 0.92, 1, 1, 0.68, 0.68, 0.16199999999999998, 0.16199999999999998, 0.12, 0.12, 0.35, 0.38, 0, 0, 1, 0.41, 0.96, 0.77, 0.56, 0.96, 0.96, 0.56, 0.56, 0.31, 0.92, 0.31, 0.92, 0.2, 1, 99, 99, 99]
--- num:  29
list:  [0.92, 0.92, 1, 1, 0.68, 0.68, 0.16199999999999998, 0.16199999999999998, 0.14, 0.14, 0.36, 0.37, 0, 0, 1, 0.43, 0.97, 0.79, 0.56, 0.97, 0.97, 0.56, 0.56, 0.31, 0.92, 0.31, 0.92, 0.19, 1, 99, 99, 99]
--- num:  29
list:  [0.92, 0.92, 1, 1, 0.68, 0.68, 0.16199999999999998, 0.16199999999999998, 0.14, 0.14, 0.36, 0.37, 0, 0, 1, 0.44, 0.97, 0.79, 0.56, 0.97, 0.97, 0.56, 0.56, 0.31, 0.92, 0.31, 0.92, 0.18, 1, 99, 99, 99]
--- num:  29
list:  [0.92, 0.92, 1, 1, 0.68, 0.68, 0.16199999999999998, 0.16199999999999998, 0.14, 0.14, 0.36, 0.36, 0, 0, 1, 0.45, 0.975, 0.8, 0.56, 0.97, 0.98, 0.56, 0.56, 0.31, 0.92, 0.31, 0.92, 0.17, 1, 99, 99, 99]
--- num:  29
list:  [0.92, 0.92, 1, 1, 0.68, 0.68, 0.16199999999999998, 0.16199999999999998, 0.18, 0.18, 0.36, 0.36, 0, 0, 1, 0.45, 0.98, 0.8, 0.56, 0.98, 0.98, 0.56, 0.56, 0.31, 0.92, 0.31, 0.92, 0.18, 1, 99, 99, 99]
--- num:  29
list:  [0.92, 0.92, 1, 1, 0.68, 0.68, 0.16199999999999998, 0.16199999999999998, 0.2, 0.2, 0.37, 0.36, 0, 0, 1, 0.48, 0.98, 0.82, 0.56, 0.98, 0.98, 0.56, 0.56, 0.31, 0.92, 0.31, 0.92, 0.21, 1, 99, 99, 99]
--- num:  29
list:  [0.92, 0.92, 1, 1, 0.68, 0.68, 0.16199999999999998, 0.16199999999999998, 0.25, 0.25, 0.37, 0.35, 0, 0, 1, 0.47, 0.98, 0.82, 0.56, 0.98, 0.98, 0.56, 0.56, 0.31, 0.92, 0.31, 0.92, 0.21, 1, 99, 99, 99]
--- num:  29
list:  [0.92, 0.92, 1, 1, 0.68, 0.68, 0.16199999999999998, 0.16199999999999998, 0.28, 0.28, 0.38, 0.35, 0, 0, 1, 0.51, 0.98, 0.84, 0.56, 0.98, 0.98, 0.56, 0.56, 0.31, 0.92, 0.31, 0.92, 0.21, 1, 99, 99, 99]
--- num:  29
list:  [0.92, 0.92, 1, 1, 0.68, 0.68, 0.16199999999999998, 0.16199999999999998, 0.28, 0.28, 0.38, 0.35, 0, 0, 1, 0.5, 0.98, 0.83, 0.56, 0.98, 0.98, 0.56, 0.56, 0.31, 0.92, 0.31, 0.92, 0.2, 1, 99, 99, 99]
--- num:  29
list:  [0.92, 0.92, 1, 1, 0.68, 0.68, 0.16199999999999998, 0.16199999999999998, 0.29, 0.29, 0.38, 0.34, 0, 0, 1, 0.49, 0.98, 0.83, 0.56, 0.98, 0.98, 0.56, 0.56, 0.31, 0.92, 0.31, 0.92, 0.2, 1, 99, 99, 99]
--- num:  29
list:  [0.92, 0.92, 1, 1, 0.68, 0.68, 0.16199999999999998, 0.16199999999999998, 0.28, 0.28, 0.39, 0.33, 0, 0, 1, 0.49, 0.98, 0.83, 0.56, 0.98, 0.98, 0.56, 0.56, 0.31, 0.92, 0.31, 0.92, 0.2, 1, 99, 99, 99]
--- num:  29
list:  [0.92, 0.92, 1, 1, 0.68, 0.68, 0.16199999999999998, 0.16199999999999998, 0.34, 0.34, 0.51, 0.22, 0, 0, 1, 0.51, 0.98, 0.84, 0.56, 0.98, 0.98, 0.56, 0.56, 0.31, 0.92, 0.31, 0.92, 0.19, 1, 99, 99, 99]
--- num:  29
list:  [0.92, 0.92, 1, 1, 0.68, 0.68, 0.16199999999999998, 0.16199999999999998, 0.39, 0.39, 0.69, 0.05, 0, 0, 1, 0.51, 0.98, 0.85, 0.56, 0.98, 0.98, 0.56, 0.56, 0.31, 0.92, 0.31, 0.92, 0.19, 1, 99, 99, 99]
--- num:  29
list:  [0.92, 0.92, 1, 1, 0.68, 0.68, 0.16199999999999998, 0.16199999999999998, 0.38, 0.38, 0.69, 0.05, 0, 0, 1, 0.51, 0.975, 0.84, 0.56, 0.97, 0.98, 0.56, 0.56, 0.31, 0.92, 0.31, 0.92, 0.2, 1, 99, 99, 99]
--- num:  29
list:  [0.92, 0.92, 1, 1, 0.68, 0.68, 0.16199999999999998, 0.16199999999999998, 0.38, 0.38, 0.69, 0.04, 0, 0, 1, 0.51, 0.97, 0.84, 0.56, 0.97, 0.97, 0.56, 0.56, 0.31, 0.92, 0.31, 0.92, 0.2, 1, 99, 99, 99]
--- num:  29
list:  [0.92, 0.92, 1, 1, 0.68, 0.68, 0.16199999999999998, 0.16199999999999998, 0.33, 0.33, 0.48, 0.25, 0, 0, 1, 0.49, 0.97, 0.83, 0.56, 0.97, 0.97, 0.56, 0.56, 0.31, 0.92, 0.31, 0.92, 0.23, 1, 99, 99, 99]
--- num:  29
list:  [0.92, 0.92, 1, 1, 0.68, 0.68, 0.16199999999999998, 0.16199999999999998, 0.25, 0.25, 0.41, 0.31, 0, 0, 1, 0.46, 0.97, 0.81, 0.56, 0.97, 0.97, 0.56, 0.56, 0.31, 0.92, 0.31, 0.92, 0.26, 1, 99, 99, 99]
--- num:  29
list:  [0.92, 0.92, 1, 1, 0.68, 0.68, 0.16199999999999998, 0.16199999999999998, 0.24, 0.24, 0.43, 0.3, 0, 0, 1, 0.45, 0.97, 0.8, 0.56, 0.97, 0.97, 0.56, 0.56, 0.31, 0.92, 0.31, 0.92, 0.26, 1, 99, 99, 99]
--- num:  29
list:  [0.92, 0.92, 1, 1, 0.68, 0.68, 0.16199999999999998, 0.16199999999999998, 0.24, 0.24, 0.44, 0.29, 0, 0, 1, 0.45, 0.97, 0.8, 0.56, 0.97, 0.97, 0.56, 0.56, 0.31, 0.92, 0.31, 0.92, 0.26, 1, 99, 99, 99]
--- num:  29
list:  [0.92, 0.92, 1, 1, 0.68, 0.68, 0.16199999999999998, 0.16199999999999998, 0.24, 0.24, 0.45, 0.28, 0, 0, 1, 0.44, 0.97, 0.79, 0.56, 0.97, 0.97, 0.56, 0.56, 0.31, 0.92, 0.31, 0.92, 0.26, 1, 99, 99, 99]
--- num:  29
list:  [0.92, 0.92, 1, 1, 0.68, 0.68, 0.16199999999999998, 0.16199999999999998, 0.24, 0.24, 0.45, 0.28, 0, 0, 1, 0.44, 0.97, 0.79, 0.56, 0.97, 0.97, 0.56, 0.56, 0.31, 0.92, 0.31, 0.92, 0.26, 1, 99, 99, 99]
--- num:  29
list:  [0.92, 0.92, 1, 1, 0.68, 0.68, 0.16199999999999998, 0.16199999999999998, 0.24, 0.24, 0.45, 0.28, 0, 0, 1, 0.44, 0.97, 0.79, 0.56, 0.97, 0.97, 0.56, 0.56, 0.31, 0.92, 0.31, 0.92, 0.27, 1, 99, 99, 99]
--- num:  29
list:  [0.92, 0.92, 1, 1, 0.68, 0.68, 0.16199999999999998, 0.16199999999999998, 0.24, 0.24, 0.45, 0.28, 0, 0, 1, 0.43, 0.97, 0.79, 0.56, 0.97, 0.97, 0.56, 0.56, 0.31, 0.92, 0.31, 0.92, 0.27, 1, 99, 99, 99]
--- num:  29
list:  [0.92, 0.92, 1, 1, 0.68, 0.68, 0.16199999999999998, 0.16199999999999998, 0.24, 0.24, 0.44, 0.29, 0, 0, 1, 0.43, 0.97, 0.79, 0.56, 0.97, 0.97, 0.56, 0.56, 0.31, 0.92, 0.31, 0.92, 0.25, 1, 99, 99, 99]
--- num:  29
list:  [0.92, 0.92, 1, 1, 0.68, 0.68, 0.16199999999999998, 0.16199999999999998, 0.25, 0.25, 0.42, 0.31, 0, 0, 1, 0.43, 0.97, 0.79, 0.56, 0.97, 0.97, 0.56, 0.56, 0.31, 0.92, 0.31, 0.92, 0.25, 1, 99, 99, 99]
--- num:  29
list:  [0.92, 0.92, 1, 1, 0.68, 0.68, 0.16199999999999998, 0.16199999999999998, 0.25, 0.25, 0.35, 0.37, 0, 0, 1, 0.45, 0.965, 0.8, 0.56, 0.96, 0.97, 0.56, 0.56, 0.31, 0.92, 0.31, 0.92, 0.24, 1, 99, 99, 99]
--- num:  29
list:  [0.92, 0.92, 1, 1, 0.68, 0.68, 0.16199999999999998, 0.16199999999999998, 0.24, 0.24, 0.31, 0.42, 0, 0, 1, 0.46, 0.965, 0.81, 0.56, 0.96, 0.97, 0.56, 0.56, 0.31, 0.92, 0.31, 0.92, 0.24, 1, 99, 99, 99]
--- num:  29
list:  [0.92, 0.92, 1, 1, 0.68, 0.68, 0.16199999999999998, 0.16199999999999998, 0.24, 0.24, 0.28, 0.44, 0, 0, 1, 0.46, 0.965, 0.81, 0.56, 0.96, 0.97, 0.56, 0.56, 0.31, 0.92, 0.31, 0.92, 0.25, 1, 99, 99, 99]
--- num:  29
list:  [0.92, 0.92, 1, 1, 0.68, 0.68, 0.16199999999999998, 0.16199999999999998, 0.24, 0.24, 0.25, 0.47, 0, 0, 1, 0.46, 0.965, 0.81, 0.56, 0.96, 0.97, 0.56, 0.56, 0.31, 0.92, 0.31, 0.92, 0.25, 1, 99, 99, 99]
--- num:  29
list:  [0.92, 0.92, 1, 1, 0.68, 0.68, 0.16199999999999998, 0.16199999999999998, 0.25, 0.25, 0.23, 0.5, 0, 0, 1, 0.46, 0.965, 0.81, 0.56, 0.96, 0.97, 0.56, 0.56, 0.31, 0.92, 0.31, 0.92, 0.25, 1, 99, 99, 99]
--- num:  29
list:  [0.92, 0.92, 1, 1, 0.68, 0.68, 0.16199999999999998, 0.16199999999999998, 0.25, 0.25, 0.23, 0.49, 0, 0, 1, 0.46, 0.965, 0.81, 0.56, 0.96, 0.97, 0.56, 0.56, 0.31, 0.92, 0.31, 0.92, 0.26, 1, 99, 99, 99]
--- num:  29
list:  [0.92, 0.92, 1, 1, 0.68, 0.68, 0.1816022354364395, 0.18149847865104674, 0.25, 0.25, 0.22, 0.51, 0, 0, 1, 0.46, 0.95, 0.81, 0.56, 0.94, 0.96, 0.56, 0.56, 0.31, 0.92, 0.31, 0.92, 0.26, 1, 99, 99, 99]
--- num:  29
list:  [0.92, 0.92, 1, 1, 0.68, 0.68, 0.16199999999999998, 0.16199999999999998, 0.33, 0.33, 0.23, 0.49, 0, 0, 1, 0.47, 0.955, 0.81, 0.56, 0.95, 0.96, 0.56, 0.56, 0.31, 0.92, 0.31, 0.92, 0.25, 1, 99, 99, 99]
--- num:  29
list:  [0.92, 0.92, 1, 1, 0.68, 0.68, 0.16199999999999998, 0.16199999999999998, 0.33, 0.33, 0.23, 0.49, 0, 0, 1, 0.49, 0.965, 0.83, 0.56, 0.96, 0.97, 0.56, 0.56, 0.31, 0.92, 0.31, 0.92, 0.26, 1, 99, 99, 99]
--- num:  29
list:  [0.92, 0.92, 1, 1, 0.68, 0.68, 0.16199999999999998, 0.16199999999999998, 0.32, 0.32, 0.24, 0.49, 0, 0, 1, 0.49, 0.965, 0.83, 0.56, 0.96, 0.97, 0.56, 0.56, 0.31, 0.92, 0.31, 0.92, 0.26, 1, 99, 99, 99]
--- num:  29
list:  [0.92, 0.92, 1, 1, 0.68, 0.68, 0.16199999999999998, 0.16199999999999998, 0.32, 0.32, 0.24, 0.49, 0, 0, 1, 0.48, 0.965, 0.82, 0.56, 0.96, 0.97, 0.56, 0.56, 0.31, 0.92, 0.31, 0.92, 0.27, 1, 99, 99, 99]
--- num:  29
list:  [0.92, 0.92, 1, 1, 0.68, 0.68, 0.5905210781097412, 0.5903920340538025, 0.2, 0.2, 0.24, 0.49, 0, 0, 1, 0.46, 0.905, 0.81, 0.56, 0.89, 0.92, 0.56, 0.56, 0.31, 0.92, 0.31, 0.92, 0.26, 1, 99, 99, 99]
--- num:  29
list:  [0.92, 0.92, 1, 1, 0.68, 0.68, 0.2696204590797424, 0.26867504000663756, 0.24, 0.24, 0.25, 0.48, 0, 0, 1, 0.47, 0.895, 0.82, 0.56, 0.88, 0.91, 0.56, 0.56, 0.31, 0.92, 0.31, 0.92, 0.26, 1, 99, 99, 99]
--- num:  29
list:  [0.92, 0.92, 1, 1, 0.68, 0.68, 0.16199999999999998, 0.16199999999999998, 0.35, 0.35, 0.3, 0.42, 0, 0, 1, 0.45, 0.935, 0.8, 0.56, 0.93, 0.94, 0.56, 0.56, 0.31, 0.92, 0.31, 0.92, 0.26, 1, 99, 99, 99]
--- num:  29
list:  [0.92, 0.92, 1, 1, 0.68, 0.68, 0.16199999999999998, 0.16199999999999998, 0.35, 0.35, 0.32, 0.41, 0, 0, 1, 0.46, 0.945, 0.81, 0.56, 0.94, 0.95, 0.56, 0.56, 0.31, 0.92, 0.31, 0.92, 0.26, 1, 99, 99, 99]
--- num:  29
list:  [0.92, 0.92, 1, 1, 0.68, 0.68, 0.16199999999999998, 0.16199999999999998, 0.35, 0.35, 0.35, 0.37, 0, 0, 1, 0.47, 0.945, 0.81, 0.56, 0.94, 0.95, 0.56, 0.56, 0.31, 0.92, 0.31, 0.92, 0.26, 1, 99, 99, 99]
--- num:  29
list:  [0.92, 0.92, 1, 1, 0.68, 0.68, 0.16199999999999998, 0.16199999999999998, 0.33, 0.33, 0.42, 0.3, 0, 0, 1, 0.45, 0.94, 0.8, 0.56, 0.94, 0.94, 0.56, 0.56, 0.31, 0.92, 0.31, 0.92, 0.25, 1, 99, 99, 99]
--- num:  29
list:  [0.92, 0.92, 1, 1, 0.68, 0.68, 0.16199999999999998, 0.16199999999999998, 0.33, 0.33, 0.43, 0.29, 0, 0, 1, 0.42, 0.94, 0.78, 0.56, 0.94, 0.94, 0.56, 0.56, 0.31, 0.92, 0.31, 0.92, 0.25, 1, 99, 99, 99]
--- num:  29
list:  [0.92, 0.92, 1, 1, 0.68, 0.68, 0.16199999999999998, 0.16199999999999998, 0.34, 0.34, 0.43, 0.29, 0, 0, 1, 0.41, 0.93, 0.77, 0.56, 0.93, 0.93, 0.56, 0.56, 0.31, 0.92, 0.31, 0.92, 0.23, 1, 99, 99, 99]
--- num:  29
list:  [0.92, 0.92, 1, 1, 0.68, 0.68, 0.16199999999999998, 0.16199999999999998, 0.34, 0.34, 0.44, 0.29, 0, 0, 1, 0.41, 0.92, 0.77, 0.56, 0.92, 0.92, 0.56, 0.56, 0.31, 0.92, 0.31, 0.92, 0.23, 1, 99, 99, 99]
--- num:  29
list:  [0.92, 0.92, 1, 1, 0.68, 0.68, 0.16199999999999998, 0.16199999999999998, 0.33, 0.33, 0.45, 0.28, 0, 0, 1, 0.41, 0.92, 0.77, 0.56, 0.92, 0.92, 0.56, 0.56, 0.31, 0.92, 0.31, 0.92, 0.23, 1, 99, 99, 99]
--- num:  29
list:  [0.92, 0.92, 1, 1, 0.68, 0.68, 0.16199999999999998, 0.16199999999999998, 0.33, 0.33, 0.45, 0.27, 0, 0, 1, 0.39, 0.92, 0.76, 0.56, 0.92, 0.92, 0.56, 0.56, 0.31, 0.92, 0.31, 0.92, 0.23, 1, 99, 99, 99]
--- num:  29
list:  [0.92, 0.92, 1, 1, 0.68, 0.68, 0.16199999999999998, 0.16199999999999998, 0.33, 0.33, 0.46, 0.27, 0, 0, 1, 0.39, 0.91, 0.76, 0.56, 0.91, 0.91, 0.56, 0.56, 0.31, 0.92, 0.31, 0.92, 0.23, 1, 99, 99, 99]
--- num:  29
list:  [0.92, 0.92, 1, 1, 0.68, 0.68, 0.16199999999999998, 0.16199999999999998, 0.29, 0.29, 0.46, 0.26, 0, 0, 1, 0.39, 0.905, 0.76, 0.56, 0.91, 0.9, 0.56, 0.56, 0.31, 0.92, 0.31, 0.92, 0.22, 1, 99, 99, 99]
--- num:  29
list:  [0.92, 0.92, 1, 1, 0.68, 0.68, 0.16199999999999998, 0.16199999999999998, 0.29, 0.29, 0.47, 0.26, 0, 0, 1, 0.39, 0.9, 0.76, 0.56, 0.9, 0.9, 0.56, 0.56, 0.31, 0.92, 0.31, 0.92, 0.21, 1, 99, 99, 99]
--- num:  29
list:  [0.92, 0.92, 1, 1, 0.68, 0.68, 0.16199999999999998, 0.16199999999999998, 0.28, 0.28, 0.49, 0.24, 0, 0, 1, 0.4, 0.9, 0.76, 0.56, 0.9, 0.9, 0.56, 0.56, 0.31, 0.92, 0.31, 0.92, 0.21, 1, 99, 99, 99]
--- num:  29
list:  [0.92, 0.92, 1, 1, 0.68, 0.68, 0.16199999999999998, 0.16199999999999998, 0.28, 0.28, 0.5, 0.23, 0, 0, 1, 0.4, 0.9, 0.76, 0.56, 0.9, 0.9, 0.56, 0.56, 0.31, 0.92, 0.31, 0.92, 0.22, 1.0, 99, 99, 99]
--- num:  29
list:  [0.92, 0.92, 1, 1, 0.68, 0.68, 0.16199999999999998, 0.16199999999999998, 0.28, 0.28, 0.5, 0.22, 0, 0, 1, 0.39, 0.895, 0.76, 0.56, 0.9, 0.89, 0.56, 0.56, 0.31, 0.92, 0.31, 0.92, 0.22, 0.97, 99, 99, 99]
--- num:  29
list:  [0.92, 0.92, 1, 1, 0.68, 0.68, 0.16199999999999998, 0.16199999999999998, 0.28, 0.28, 0.52, 0.21, 0, 0, 1, 0.39, 0.89, 0.76, 0.56, 0.89, 0.89, 0.56, 0.56, 0.31, 0.92, 0.31, 0.92, 0.22, 0.86, 99, 99, 99]
--- num:  29
list:  [0.92, 0.92, 1, 1, 0.68, 0.68, 0.16199999999999998, 0.16199999999999998, 0.28, 0.28, 0.52, 0.21, 0, 0, 1, 0.39, 0.89, 0.75, 0.56, 0.89, 0.89, 0.56, 0.56, 0.31, 0.92, 0.31, 0.92, 0.22, 0.85, 99, 99, 99]
--- num:  29
list:  [0.92, 0.92, 1, 1, 0.68, 0.68, 0.16199999999999998, 0.16199999999999998, 0.28, 0.28, 0.51, 0.22, 0, 0, 1, 0.39, 0.88, 0.75, 0.56, 0.88, 0.88, 0.56, 0.56, 0.31, 0.92, 0.31, 0.92, 0.22, 0.86, 99, 99, 99]
--- num:  29
list:  [0.92, 0.92, 1, 1, 0.68, 0.68, 0.6546595501899719, 0.6543717193603515, 0.17, 0.17, 0.41, 0.31, 0, 0, 1, 0.42, 0.8, 0.78, 0.56, 0.78, 0.82, 0.56, 0.56, 0.37, 0.8, 0.37, 0.8, 0.23, 1, 99, 99, 99]
--- num:  29
list:  [0.92, 0.92, 1, 1, 0.68, 0.68, 0.16199999999999998, 0.16199999999999998, 0.31, 0.31, 0.34, 0.38, 0, 0, 1, 0.41, 0.835, 0.77, 0.56, 0.82, 0.85, 0.56, 0.56, 0.31, 0.92, 0.32, 0.9, 0.21, 1, 99, 99, 99]
--- num:  29
list:  [0.92, 0.92, 1, 1, 0.68, 0.68, 0.16199999999999998, 0.16199999999999998, 0.32, 0.32, 0.31, 0.42, 0, 0, 1, 0.41, 0.855, 0.77, 0.56, 0.84, 0.87, 0.56, 0.56, 0.31, 0.92, 0.31, 0.92, 0.21, 1, 99, 99, 99]
--- num:  29
list:  [0.9, 0.9, 1, 1, 0.7, 0.7, 0.9151702332496643, 0.9150629448890686, 0.29, 0.29, 0.3, 0.43, 0, 0, 1, 0.48, 0.765, 0.82, 0.56, 0.74, 0.79, 0.56, 0.56, 0.34, 0.86, 0.35, 0.84, 0.21, 1, 99, 99, 99]
--- num:  29
list:  [0.91, 0.91, 1, 1, 0.69, 0.69, 0.16199999999999998, 0.16199999999999998, 0.36, 0.36, 0.28, 0.44, 0, 0, 1, 0.44, 0.8300000000000001, 0.79, 0.56, 0.8, 0.86, 0.56, 0.56, 0.31, 0.92, 0.31, 0.92, 0.19, 1, 99, 99, 99]
--- num:  29
list:  [0.91, 0.91, 1, 1, 0.69, 0.69, 0.16199999999999998, 0.16199999999999998, 0.36, 0.36, 0.3, 0.42, 0, 0, 1, 0.42, 0.85, 0.78, 0.56, 0.83, 0.87, 0.56, 0.56, 0.31, 0.92, 0.31, 0.92, 0.19, 1, 99, 99, 99]
--- num:  29
list:  [0.91, 0.91, 1, 1, 0.69, 0.69, 0.16199999999999998, 0.16199999999999998, 0.37, 0.37, 0.31, 0.41, 0, 0, 1, 0.42, 0.855, 0.78, 0.56, 0.84, 0.87, 0.56, 0.56, 0.31, 0.92, 0.31, 0.92, 0.2, 1, 99, 99, 99]
--- num:  29
list:  [0.92, 0.92, 1, 1, 0.69, 0.69, 0.16199999999999998, 0.16199999999999998, 0.36, 0.36, 0.34, 0.39, 0, 0, 1, 0.42, 0.86, 0.78, 0.56, 0.84, 0.88, 0.56, 0.56, 0.31, 0.92, 0.31, 0.92, 0.2, 1, 99, 99, 99]
--- num:  29
list:  [0.92, 0.92, 1, 1, 0.68, 0.68, 0.16199999999999998, 0.16199999999999998, 0.36, 0.36, 0.35, 0.37, 0, 0, 1, 0.42, 0.865, 0.78, 0.56, 0.85, 0.88, 0.56, 0.56, 0.31, 0.92, 0.31, 0.92, 0.2, 1, 99, 99, 99]
--- num:  29
list:  [0.92, 0.92, 1, 1, 0.69, 0.69, 0.2391610550880432, 0.2355776238441467, 0.31, 0.31, 0.35, 0.38, 0, 0, 1, 0.44, 0.8049999999999999, 0.79, 0.56, 0.78, 0.83, 0.56, 0.56, 0.32, 0.89, 0.33, 0.88, 0.21, 1, 99, 99, 99]
--- num:  29
list:  [0.89, 0.89, 1, 1, 0.71, 0.71, 0.36240152597427366, 0.360013108253479, 0.25, 0.25, 0.34, 0.39, 0, 0, 1, 0.47, 0.785, 0.81, 0.56, 0.76, 0.81, 0.56, 0.56, 0.36, 0.82, 0.36, 0.83, 0.22, 1, 99, 99, 99]
--- num:  29
list:  [0.92, 0.92, 1, 1, 0.68, 0.68, 0.16199999999999998, 0.16199999999999998, 0.31, 0.31, 0.34, 0.38, 0, 0, 1, 0.37, 0.865, 0.74, 0.56, 0.85, 0.88, 0.56, 0.56, 0.31, 0.91, 0.32, 0.89, 0.24, 1, 99, 99, 99]
--- num:  29
list:  [0.89, 0.89, 1, 1, 0.71, 0.71, 0.16199999999999998, 0.16199999999999998, 0.3, 0.3, 0.34, 0.39, 0, 0, 1, 0.37, 0.8300000000000001, 0.74, 0.56, 0.81, 0.85, 0.56, 0.56, 0.31, 0.92, 0.31, 0.92, 0.21, 1, 99, 99, 99]
--- num:  29
list:  [0.92, 0.92, 1, 1, 0.68, 0.68, 0.16199999999999998, 0.16199999999999998, 0.28, 0.28, 0.34, 0.39, 0, 0, 1, 0.38, 0.89, 0.75, 0.56, 0.88, 0.9, 0.56, 0.56, 0.31, 0.92, 0.31, 0.92, 0.2, 1, 99, 99, 99]
--- num:  29
list:  [0.92, 0.92, 1, 1, 0.68, 0.68, 0.16199999999999998, 0.16199999999999998, 0.24, 0.24, 0.34, 0.38, 0, 0, 1, 0.39, 0.905, 0.76, 0.56, 0.9, 0.91, 0.56, 0.56, 0.31, 0.92, 0.31, 0.92, 0.21, 1, 99, 99, 99]
--- num:  29
list:  [0.92, 0.92, 1, 1, 0.68, 0.68, 0.16199999999999998, 0.16199999999999998, 0.24, 0.24, 0.34, 0.39, 0, 0, 1, 0.4, 0.9, 0.76, 0.56, 0.89, 0.91, 0.56, 0.56, 0.31, 0.92, 0.31, 0.92, 0.21, 1, 99, 99, 99]
--- num:  29
list:  [0.92, 0.92, 1, 1, 0.68, 0.68, 0.16199999999999998, 0.16199999999999998, 0.24, 0.24, 0.35, 0.38, 0, 0, 1, 0.4, 0.885, 0.76, 0.56, 0.88, 0.89, 0.56, 0.56, 0.31, 0.92, 0.31, 0.92, 0.2, 1, 99, 99, 99]
--- num:  29
list:  [0.9, 0.9, 1, 1, 0.7, 0.7, 0.16199999999999998, 0.16199999999999998, 0.27, 0.27, 0.71, 0.03, 0, 0, 0.75, 0.4, 0.8200000000000001, 0.76, 0.56, 0.81, 0.83, 0.56, 0.56, 0.31, 0.92, 0.31, 0.92, 0.18, 1, 99, 99, 99]
--- num:  29
list:  [0.89, 0.89, 1, 1, 0.7, 0.7, 0.16199999999999998, 0.16199999999999998, 0.28, 0.28, 0.74, 0.0, 0, 0, 0.75, 0.4, 0.8, 0.76, 0.56, 0.79, 0.81, 0.56, 0.56, 0.31, 0.92, 0.32, 0.9, 0.15, 1, 99, 99, 99]
--- num:  29
list:  [0.88, 0.88, 1, 1, 0.71, 0.71, 0.16199999999999998, 0.16199999999999998, 0.28, 0.28, 0.75, -0.01, 0, 0, 0.75, 0.41, 0.8, 0.77, 0.56, 0.79, 0.81, 0.56, 0.56, 0.32, 0.9, 0.33, 0.88, 0.16, 1, 99, 99, 99]
--- num:  29
list:  [0.86, 0.86, 1, 1, 0.74, 0.74, 0.7261414933204651, 0.7261674213409424, 0.16, 0.16, 0.4, 0.33, 0, 0, 0.75, 0.45, 0.765, 0.8, 0.56, 0.73, 0.8, 0.56, 0.56, 0.34, 0.87, 0.35, 0.84, 0.2, 1, 99, 99, 99]
--- num:  29
list:  [0.87, 0.87, 1, 1, 0.72, 0.72, 0.16199999999999998, 0.16199999999999998, 0.28, 0.28, 0.71, 0.02, 0, 0, 0.75, 0.43, 0.76, 0.79, 0.56, 0.73, 0.79, 0.56, 0.56, 0.35, 0.84, 0.35, 0.83, 0.18, 1, 99, 99, 99]
--- num:  29
list:  [0.87, 0.87, 1, 1, 0.73, 0.73, 0.16199999999999998, 0.16199999999999998, 0.3, 0.3, 0.75, -0.0, 0, 0, 0.75, 0.41, 0.77, 0.77, 0.56, 0.75, 0.79, 0.56, 0.56, 0.34, 0.85, 0.35, 0.83, 0.17, 1, 99, 99, 99]
--- num:  29
list:  [0.78, 0.78, 1, 1, 0.8, 0.8, 0.8716465044021606, 0.8779694247245788, 0.21, 0.21, 0.3, 0.43, 0, 0, 0.75, 0.43, 0.695, 0.79, 0.56, 0.6599999999999999, 0.73, 0.56, 0.56, 0.39, 0.76, 0.4, 0.74, 0.19, 1, 99, 99, 99]
--- num:  29
list:  [0.71, 0.71, 1, 1, 0.86, 0.86, 0.16199999999999998, 0.16199999999999998, 0.31, 0.31, 0.31, 0.41, 0.015000000000000013, 0.04499999999999987, 1, 0.35, 0.77, 0.72, 0.56, 0.75, 0.79, 0.56, 0.56, 0.56, 0.45, 0.58, 0.44, 0.19, 1, 99, 99, 99]
--- num:  29
list:  [0.66, 0.66, 1, 1, 0.89, 0.89, 0.16199999999999998, 0.16199999999999998, 0.33, 0.33, 0.33, 0.39, 0.32999999999999996, 0.29999999999999993, 1, 0.31, 0.85, 0.69, 0.56, 0.84, 0.86, 0.56, 0.56, 0.77, 0.35, 0.75, 0.36, 0.22, 0.91, 99, 99, 99]
--- num:  29
list:  [0.61, 0.61, 1, 1, 0.94, 0.94, 0.16199999999999998, 0.16199999999999998, 0.34, 0.34, 0.35, 0.38, 0.23999999999999988, 0.20999999999999985, 1, 0.31, 0.86, 0.7, 0.51, 0.85, 0.87, 0.51, 0.51, 0.71, 0.38, 0.69, 0.39, 0.13, 0.59, 99, 99, 99]
--- num:  29
list:  [0.57, 0.57, 1, 1, 0.97, 0.97, 0.16199999999999998, 0.16199999999999998, 0.38, 0.38, 0.36, 0.36, 0.195, 0.13499999999999995, 1, 0.28, 0.955, 0.67, 0.32, 0.95, 0.96, 0.32, 0.32, 0.68, 0.39, 0.64, 0.41, 0.05, 0.51, 99, 99, 99]
--- num:  29
list:  [0.55, 0.55, 1, 1, 0.98, 0.98, 0.16199999999999998, 0.16199999999999998, 0.4, 0.4, 0.37, 0.35, 0.195, 0.13499999999999995, 1, 0.24, 0.98, 0.64, 0.27, 0.98, 0.98, 0.27, 0.27, 0.68, 0.39, 0.64, 0.41, 0.03, 0.51, 99, 99, 99]
--- num:  29
list:  [0.52, 0.52, 0.97, 0.97, 1, 1, 0.16199999999999998, 0.16199999999999998, 0.42, 0.42, 0.37, 0.35, 0.18, 0.13499999999999995, 1, 0.23, 0.98, 0.64, 0.27, 0.98, 0.98, 0.27, 0.27, 0.67, 0.4, 0.64, 0.41, 0.02, 0.51, 99, 99, 99]
--- num:  29
list:  [0.51, 0.51, 0.95, 0.95, 1, 1, 0.16199999999999998, 0.16199999999999998, 0.44, 0.44, 0.36, 0.36, 0.18, 0.11999999999999994, 1, 0.23, 0.985, 0.63, 0.27, 0.98, 0.99, 0.27, 0.27, 0.67, 0.4, 0.63, 0.41, 0.02, 0.52, 99, 99, 99]
--- num:  29
list:  [0.51, 0.51, 0.94, 0.94, 1, 1, 0.16199999999999998, 0.16199999999999998, 0.4, 0.4, 0.35, 0.37, 0.20999999999999985, 0.11999999999999994, 1, 0.23, 0.99, 0.63, 0.27, 0.99, 0.99, 0.27, 0.27, 0.69, 0.39, 0.63, 0.41, 0.02, 0.53, 99, 99, 99]
--- num:  29
list:  [0.5, 0.5, 0.93, 0.93, 1, 1, 0.16199999999999998, 0.16199999999999998, 0.4, 0.4, 0.34, 0.38, 0.20999999999999985, 0.11999999999999994, 1, 0.22, 0.99, 0.63, 0.26, 0.99, 0.99, 0.26, 0.26, 0.69, 0.39, 0.63, 0.41, 0.02, 0.54, 99, 99, 99]
--- num:  29
list:  [0.5, 0.5, 0.92, 0.92, 1, 1, 0.16199999999999998, 0.16199999999999998, 0.39, 0.39, 0.34, 0.38, 0.195, 0.08999999999999991, 1, 0.22, 0.99, 0.63, 0.26, 0.99, 0.99, 0.26, 0.26, 0.68, 0.39, 0.61, 0.42, 0.02, 0.56, 99, 99, 99]
--- num:  29
list:  [0.5, 0.5, 0.93, 0.93, 1, 1, 0.16199999999999998, 0.16199999999999998, 0.4, 0.4, 0.34, 0.38, 0.14999999999999997, 0.0749999999999999, 1, 0.22, 0.99, 0.63, 0.26, 0.99, 0.99, 0.26, 0.26, 0.65, 0.41, 0.6, 0.43, 0.02, 0.6, 99, 99, 99]
--- num:  29
list:  [0.5, 0.5, 0.94, 0.94, 1, 1, 0.16199999999999998, 0.16199999999999998, 0.4, 0.4, 0.34, 0.38, 0.13499999999999995, 0.0749999999999999, 1, 0.22, 0.99, 0.63, 0.25, 0.99, 0.99, 0.25, 0.25, 0.64, 0.41, 0.6, 0.43, 0.01, 0.59, 99, 99, 99]
--- num:  29
list:  [0.51, 0.51, 0.94, 0.94, 1, 1, 0.16199999999999998, 0.16199999999999998, 0.39, 0.39, 0.34, 0.38, 0.13499999999999995, 0.0749999999999999, 1, 0.22, 0.99, 0.63, 0.25, 0.99, 0.99, 0.25, 0.25, 0.64, 0.41, 0.6, 0.43, 0.01, 0.58, 99, 99, 99]
--- num:  29
list:  [0.51, 0.51, 0.96, 0.96, 1, 1, 0.16199999999999998, 0.16199999999999998, 0.39, 0.39, 0.34, 0.38, 0.13499999999999995, 0.0749999999999999, 1, 0.22, 0.99, 0.63, 0.25, 0.99, 0.99, 0.25, 0.25, 0.64, 0.41, 0.6, 0.43, 0.01, 0.6, 99, 99, 99]
--- num:  29
list:  [0.51, 0.51, 0.96, 0.96, 1, 1, 0.16199999999999998, 0.16199999999999998, 0.39, 0.39, 0.34, 0.38, 0.11999999999999994, 0.0749999999999999, 1, 0.22, 0.99, 0.62, 0.25, 0.99, 0.99, 0.25, 0.25, 0.63, 0.41, 0.6, 0.43, 0.01, 0.6, 99, 99, 99]
--- num:  29
list:  [0.52, 0.52, 0.97, 0.97, 1, 1, 0.16199999999999998, 0.16199999999999998, 0.39, 0.39, 0.34, 0.38, 0.11999999999999994, 0.05999999999999989, 1, 0.22, 0.99, 0.62, 0.25, 0.99, 0.99, 0.25, 0.25, 0.63, 0.41, 0.59, 0.43, 0.01, 0.62, 99, 99, 99]
--- num:  29
list:  [0.52, 0.52, 0.98, 0.98, 1, 1, 0.16199999999999998, 0.16199999999999998, 0.38, 0.38, 0.34, 0.39, 0.08999999999999991, 0.05999999999999989, 1, 0.22, 0.99, 0.62, 0.25, 0.99, 0.99, 0.25, 0.25, 0.61, 0.42, 0.59, 0.43, 0.01, 0.62, 99, 99, 99]
--- num:  29
list:  [0.52, 0.52, 0.98, 0.98, 1, 1, 0.16199999999999998, 0.16199999999999998, 0.37, 0.37, 0.35, 0.37, 0.10499999999999993, 0.05999999999999989, 1, 0.21, 0.99, 0.62, 0.25, 0.99, 0.99, 0.25, 0.25, 0.62, 0.42, 0.59, 0.43, 0.01, 0.63, 99, 99, 99]
--- num:  29
list:  [0.52, 0.52, 0.98, 0.98, 1, 1, 0.16199999999999998, 0.16199999999999998, 0.36, 0.36, 0.35, 0.37, 0.10499999999999993, 0.05999999999999989, 1, 0.21, 0.99, 0.62, 0.25, 0.99, 0.99, 0.25, 0.25, 0.62, 0.42, 0.59, 0.43, 0.01, 0.63, 99, 99, 99]
--- num:  29
list:  [0.52, 0.52, 0.99, 0.99, 1, 1, 0.16199999999999998, 0.16199999999999998, 0.36, 0.36, 0.35, 0.37, 0.10499999999999993, 0.0749999999999999, 1, 0.21, 0.99, 0.62, 0.25, 0.99, 0.99, 0.25, 0.25, 0.62, 0.42, 0.6, 0.43, 0.01, 0.63, 99, 99, 99]
--- num:  29
