start livelink
[-0.124, -0.01, -0.054]
[-0.128, -0.011, -0.058]
[-0.131, -0.011, -0.062]
[-0.132, -0.011, -0.065]
[-0.132, -0.01, -0.069]
[-0.132, -0.01, -0.069]
[-0.132, -0.009, -0.069]
[-0.112, -0.009, -0.068]
[-0.108, -0.001, -0.064]
[-0.106, 0.001, -0.056]
[-0.095, 0.003, -0.046]
[-0.106, 0.001, -0.045]
[-0.11, -0.004, -0.046]
[-0.115, -0.007, -0.049]
[-0.117, -0.009, -0.051]
[-0.113, -0.01, -0.05]
[-0.107, -0.011, -0.047]
[-0.101, -0.01, -0.042]
[-0.098, -0.009, -0.038]
[-0.095, -0.009, -0.035]
[-0.096, -0.008, -0.034]
[-0.094, -0.007, -0.034]
[-0.092, -0.006, -0.034]
[-0.089, -0.005, -0.034]
[-0.085, -0.004, -0.033]
[-0.085, -0.003, -0.032]
[-0.084, -0.001, -0.031]
[-0.083, 0.0, -0.03]
[-0.082, 0.001, -0.029]
[-0.082, 0.002, -0.028]
[-0.088, 0.002, -0.026]
[-0.095, 0.002, -0.024]
[-0.095, 0.003, -0.022]
[-0.095, 0.005, -0.021]
[-0.091, 0.007, -0.02]
[-0.087, 0.009, -0.02]
[-0.088, 0.011, -0.021]
[-0.089, 0.013, -0.022]
[-0.089, 0.013, -0.022]
[-0.09, 0.014, -0.023]
[-0.092, 0.015, -0.023]
[-0.095, 0.016, -0.023]
[-0.098, 0.016, -0.023]
[-0.101, 0.016, -0.023]
[-0.103, 0.017, -0.023]
[-0.104, 0.017, -0.023]
[-0.104, 0.017, -0.023]
[-0.105, 0.017, -0.023]
[-0.107, 0.017, -0.022]
[-0.107, 0.017, -0.021]
[-0.107, 0.017, -0.02]
[-0.104, 0.018, -0.017]
[-0.11, 0.018, -0.012]
[-0.113, 0.019, -0.005]
[-0.115, 0.02, 0.0]
[-0.115, 0.02, 0.004]
[-0.108, 0.02, 0.006]
[-0.094, 0.019, 0.005]
[-0.075, 0.018, 0.004]
[-0.057, 0.018, 0.003]
[-0.041, 0.016, 0.003]
[-0.03, 0.015, 0.003]
[-0.012, 0.012, 0.003]
[-0.012, 0.012, 0.003]
[-0.002, 0.01, 0.002]
[0.005, 0.008, 0.003]
[0.013, 0.006, 0.004]
[0.021, 0.005, 0.005]
[0.03, 0.004, 0.006]
[0.037, 0.005, 0.008]
[0.042, 0.006, 0.01]
[0.05, 0.006, 0.01]
[0.059, 0.006, 0.01]
[0.08, 0.005, 0.01]
[0.08, 0.005, 0.01]
[0.091, 0.004, 0.01]
[0.101, 0.003, 0.011]
[0.119, 0.001, 0.012]
[0.119, 0.001, 0.012]
[0.129, -0.0, 0.012]
[0.137, -0.002, 0.011]
[0.145, -0.003, 0.012]
[0.152, -0.004, 0.013]
[0.159, -0.005, 0.014]
[0.165, -0.005, 0.016]
[0.171, -0.006, 0.017]
[0.176, -0.006, 0.019]
[0.183, -0.007, 0.02]
[0.189, -0.008, 0.022]
[0.194, -0.009, 0.023]
[0.2, -0.01, 0.025]
[0.204, -0.011, 0.027]
[0.207, -0.011, 0.028]
[0.21, -0.012, 0.028]
[0.213, -0.012, 0.028]
[0.216, -0.013, 0.028]
[0.218, -0.014, 0.027]
[0.218, -0.015, 0.028]
[0.217, -0.016, 0.029]
[0.216, -0.017, 0.03]
[0.215, -0.017, 0.031]
[0.212, -0.017, 0.033]
[0.21, -0.016, 0.035]
[0.207, -0.017, 0.036]
[0.204, -0.017, 0.038]
[0.202, -0.017, 0.04]
[0.202, -0.017, 0.04]
[0.199, -0.017, 0.041]
[0.194, -0.017, 0.043]
[0.189, -0.017, 0.045]
[0.182, -0.017, 0.046]
[0.175, -0.017, 0.047]
[0.168, -0.017, 0.048]
[0.162, -0.016, 0.049]
[0.157, -0.016, 0.05]
[0.153, -0.015, 0.051]
[0.149, -0.015, 0.051]
[0.147, -0.015, 0.052]
[0.145, -0.015, 0.052]
[0.144, -0.015, 0.052]
[0.144, -0.015, 0.052]
[0.145, -0.016, 0.051]
[0.145, -0.016, 0.05]
[0.146, -0.016, 0.05]
[0.147, -0.017, 0.05]
[0.149, -0.017, 0.049]
[0.152, -0.017, 0.049]
[0.156, -0.018, 0.05]
[0.161, -0.017, 0.051]
[0.173, -0.017, 0.053]
[0.173, -0.017, 0.053]
[0.182, -0.018, 0.052]
[0.191, -0.019, 0.051]
[0.201, -0.021, 0.05]
[0.209, -0.023, 0.05]
[0.217, -0.024, 0.049]
[0.227, -0.026, 0.048]
[0.235, -0.027, 0.048]
[0.246, -0.028, 0.047]
[0.253, -0.029, 0.046]
[0.261, -0.03, 0.045]
[0.27, -0.03, 0.044]
[0.276, -0.031, 0.043]
[0.282, -0.031, 0.042]
[0.288, -0.031, 0.041]
[0.293, -0.032, 0.041]
[0.297, -0.032, 0.042]
[0.301, -0.032, 0.042]
[0.304, -0.032, 0.044]
[0.307, -0.033, 0.045]
[0.309, -0.033, 0.045]
[0.311, -0.034, 0.046]
[0.313, -0.034, 0.048]
[0.312, -0.035, 0.052]
[0.312, -0.035, 0.052]
[0.312, -0.035, 0.053]
[0.31, -0.036, 0.054]
[0.307, -0.035, 0.057]
[0.307, -0.035, 0.057]
[0.306, -0.035, 0.058]
[0.307, -0.034, 0.059]
[0.307, -0.033, 0.059]
[0.306, -0.032, 0.058]
[0.305, -0.032, 0.058]
[0.303, -0.032, 0.057]
[0.302, -0.032, 0.056]
[0.303, -0.031, 0.056]
[0.305, -0.031, 0.056]
[0.308, -0.03, 0.055]
[0.309, -0.03, 0.055]
[0.311, -0.03, 0.055]
[0.313, -0.03, 0.055]
[0.314, -0.031, 0.055]
[0.316, -0.031, 0.055]
[0.317, -0.031, 0.055]
[0.317, -0.032, 0.054]
[0.318, -0.032, 0.054]
[0.316, -0.032, 0.054]
[0.313, -0.031, 0.055]
[0.309, -0.031, 0.055]
[0.304, -0.03, 0.056]
[0.299, -0.03, 0.056]
[0.294, -0.029, 0.056]
[0.287, -0.028, 0.057]
[0.279, -0.028, 0.057]
[0.271, -0.026, 0.058]
[0.264, -0.025, 0.059]
[0.254, -0.024, 0.059]
[0.246, -0.023, 0.058]
[0.225, -0.023, 0.057]
[0.225, -0.023, 0.057]
[0.212, -0.023, 0.057]
[0.203, -0.023, 0.057]
[0.187, -0.023, 0.056]
[0.187, -0.023, 0.056]
[0.178, -0.023, 0.055]
[0.173, -0.023, 0.054]
[0.162, -0.021, 0.053]
[0.162, -0.021, 0.053]
[0.155, -0.02, 0.052]
[0.148, -0.02, 0.052]
[0.143, -0.019, 0.052]
[0.138, -0.019, 0.051]
[0.135, -0.018, 0.05]
[0.133, -0.018, 0.049]
[0.128, -0.017, 0.049]
[0.128, -0.017, 0.049]
[0.124, -0.017, 0.049]
[0.118, -0.017, 0.049]
[0.114, -0.017, 0.048]
[0.112, -0.017, 0.048]
[0.109, -0.017, 0.047]
[0.109, -0.017, 0.047]
[0.108, -0.015, 0.047]
[0.108, -0.015, 0.047]
[0.111, -0.014, 0.046]
[0.113, -0.013, 0.046]
[0.117, -0.012, 0.045]
[0.117, -0.012, 0.045]
[0.117, -0.011, 0.045]
[0.117, -0.011, 0.045]
[0.119, -0.011, 0.046]
[0.119, -0.011, 0.046]
[0.121, -0.011, 0.047]
[0.121, -0.012, 0.047]
[0.122, -0.012, 0.047]
[0.122, -0.013, 0.048]
[0.122, -0.014, 0.05]
[0.124, -0.015, 0.051]
[0.128, -0.015, 0.052]
[0.128, -0.015, 0.052]
[0.132, -0.015, 0.052]
[0.135, -0.015, 0.052]
[0.139, -0.015, 0.052]
[0.139, -0.015, 0.052]
[0.141, -0.014, 0.053]
[0.144, -0.014, 0.054]
[0.151, -0.016, 0.053]
[0.151, -0.016, 0.053]
[0.154, -0.017, 0.053]
[0.156, -0.017, 0.052]
[0.161, -0.018, 0.051]
[0.161, -0.018, 0.051]
[0.162, -0.018, 0.05]
[0.164, -0.018, 0.05]
[0.166, -0.019, 0.05]
[0.168, -0.019, 0.05]
[0.169, -0.019, 0.051]
[0.17, -0.019, 0.051]
[0.174, -0.019, 0.053]
[0.174, -0.019, 0.053]
[0.177, -0.02, 0.055]
[0.18, -0.02, 0.057]
[0.182, -0.021, 0.062]
[0.182, -0.021, 0.062]
[0.181, -0.021, 0.063]
[0.18, -0.022, 0.064]
[0.184, -0.023, 0.065]
[0.184, -0.023, 0.065]
[0.188, -0.023, 0.067]
[0.193, -0.023, 0.07]
[0.195, -0.022, 0.074]
[0.195, -0.022, 0.079]
[0.197, -0.022, 0.083]
[0.198, -0.022, 0.087]
[0.2, -0.022, 0.094]
[0.2, -0.022, 0.094]
[0.2, -0.021, 0.098]
[0.2, -0.021, 0.102]
[0.201, -0.02, 0.109]
[0.201, -0.02, 0.109]
[0.202, -0.02, 0.113]
[0.204, -0.02, 0.117]
[0.207, -0.02, 0.124]
[0.207, -0.02, 0.124]
[0.207, -0.02, 0.127]
[0.209, -0.02, 0.129]
[0.211, -0.02, 0.132]
[0.211, -0.02, 0.132]
[0.214, -0.021, 0.133]
[0.217, -0.02, 0.134]
[0.218, -0.02, 0.135]
[0.219, -0.02, 0.135]
[0.219, -0.02, 0.136]
[0.216, -0.021, 0.136]
[0.212, -0.022, 0.137]
[0.212, -0.022, 0.137]
[0.212, -0.022, 0.138]
[0.213, -0.021, 0.139]
[0.219, -0.02, 0.142]
[0.219, -0.02, 0.142]
[0.221, -0.02, 0.142]
[0.223, -0.019, 0.143]
[0.223, -0.019, 0.143]
[0.223, -0.019, 0.143]
[0.221, -0.02, 0.143]
[0.22, -0.02, 0.143]
[0.217, -0.021, 0.141]
[0.217, -0.021, 0.141]
[0.216, -0.021, 0.141]
[0.215, -0.022, 0.141]
[0.215, -0.022, 0.141]
[0.215, -0.021, 0.14]
[0.214, -0.021, 0.139]
[0.216, -0.02, 0.137]
[0.22, -0.02, 0.136]
[0.22, -0.02, 0.136]
[0.223, -0.02, 0.134]
[0.223, -0.02, 0.133]
[0.218, -0.022, 0.129]
[0.218, -0.022, 0.129]
[0.215, -0.023, 0.127]
[0.214, -0.023, 0.125]
[0.211, -0.024, 0.119]
[0.211, -0.024, 0.119]
[0.21, -0.024, 0.116]
[0.209, -0.024, 0.113]
[0.208, -0.024, 0.107]
[0.206, -0.024, 0.101]
[0.204, -0.023, 0.095]
[0.203, -0.023, 0.087]
[0.202, -0.022, 0.08]
[0.202, -0.021, 0.073]
[0.202, -0.021, 0.065]
[0.202, -0.022, 0.058]
[0.203, -0.022, 0.051]
[0.203, -0.023, 0.044]
[0.202, -0.023, 0.038]
[0.201, -0.024, 0.032]
[0.199, -0.025, 0.026]
[0.2, -0.026, 0.021]
[0.201, -0.028, 0.017]
[0.202, -0.029, 0.013]
[0.202, -0.03, 0.008]
[0.202, -0.031, 0.004]
[0.2, -0.032, -0.0]
[0.198, -0.033, -0.004]
[0.199, -0.034, -0.007]
[0.196, -0.034, -0.01]
[0.195, -0.035, -0.012]
[0.195, -0.036, -0.015]
[0.195, -0.037, -0.019]
[0.194, -0.037, -0.025]
[0.193, -0.038, -0.032]
[0.191, -0.038, -0.036]
[0.188, -0.037, -0.04]
[0.185, -0.037, -0.044]
[0.182, -0.037, -0.046]
[0.18, -0.037, -0.048]
[0.179, -0.037, -0.049]
[0.179, -0.038, -0.049]
[0.181, -0.038, -0.046]
[0.181, -0.039, -0.043]
[0.182, -0.039, -0.04]
[0.181, -0.038, -0.039]
[0.181, -0.038, -0.038]
[0.18, -0.038, -0.039]
[0.179, -0.039, -0.04]
[0.181, -0.039, -0.042]
[0.184, -0.039, -0.046]
[0.188, -0.038, -0.048]
[0.192, -0.037, -0.05]
[0.191, -0.036, -0.052]
[0.189, -0.036, -0.052]
[0.187, -0.036, -0.052]
[0.184, -0.036, -0.05]
[0.183, -0.037, -0.048]
[0.184, -0.038, -0.046]
[0.184, -0.038, -0.044]
[0.183, -0.038, -0.041]
[0.183, -0.038, -0.041]
[0.182, -0.038, -0.041]
[0.18, -0.038, -0.041]
[0.178, -0.037, -0.042]
[0.176, -0.037, -0.043]
[0.174, -0.037, -0.044]
[0.173, -0.037, -0.043]
[0.174, -0.037, -0.042]
[0.174, -0.038, -0.041]
[0.174, -0.037, -0.039]
[0.174, -0.037, -0.038]
[0.172, -0.037, -0.037]
[0.17, -0.036, -0.037]
[0.17, -0.035, -0.037]
[0.169, -0.035, -0.037]
[0.171, -0.034, -0.037]
[0.171, -0.034, -0.036]
[0.172, -0.034, -0.035]
[0.172, -0.034, -0.035]
[0.173, -0.034, -0.034]
[0.174, -0.034, -0.034]
[0.175, -0.033, -0.033]
[0.177, -0.033, -0.034]
[0.188, -0.032, -0.035]
[0.188, -0.032, -0.035]
[0.19, -0.031, -0.034]
[0.191, -0.03, -0.03]
[0.187, -0.028, -0.025]
[0.187, -0.028, -0.025]
[0.187, -0.027, -0.023]
[0.189, -0.026, -0.021]
[0.188, -0.024, -0.017]
[0.188, -0.024, -0.017]
[0.184, -0.023, -0.013]
[0.18, -0.022, -0.009]
[0.175, -0.021, -0.004]
[0.173, -0.019, 0.0]
[0.172, -0.019, 0.005]
[0.17, -0.018, 0.009]
[0.169, -0.018, 0.013]
[0.167, -0.017, 0.016]
[0.165, -0.017, 0.02]
[0.164, -0.015, 0.023]
[0.163, -0.014, 0.026]
[0.163, -0.012, 0.028]
[0.163, -0.011, 0.031]
[0.165, -0.01, 0.033]
[0.166, -0.009, 0.036]
[0.167, -0.008, 0.039]
[0.168, -0.008, 0.044]
[0.169, -0.008, 0.051]
[0.171, -0.008, 0.058]
[0.177, -0.009, 0.067]
[0.181, -0.009, 0.079]
[0.183, -0.008, 0.089]
[0.185, -0.007, 0.097]
[0.186, -0.005, 0.104]
[0.187, -0.003, 0.109]
[0.19, -0.002, 0.112]
[0.191, -0.001, 0.113]
[0.192, 0.0, 0.113]
[0.191, 0.001, 0.112]
[0.188, 0.003, 0.111]
[0.184, 0.005, 0.11]
[0.181, 0.006, 0.109]
[0.179, 0.008, 0.108]
[0.177, 0.009, 0.107]
[0.177, 0.01, 0.107]
[0.177, 0.011, 0.107]
[0.177, 0.012, 0.108]
[0.179, 0.012, 0.11]
[0.18, 0.013, 0.111]
[0.18, 0.013, 0.112]
[0.18, 0.013, 0.112]
[0.179, 0.014, 0.112]
[0.179, 0.015, 0.113]
[0.181, 0.016, 0.114]
[0.183, 0.018, 0.116]
[0.185, 0.018, 0.116]
[0.187, 0.019, 0.117]
[0.188, 0.02, 0.118]
[0.188, 0.021, 0.119]
[0.188, 0.021, 0.12]
[0.187, 0.022, 0.121]
[0.185, 0.023, 0.121]
[0.181, 0.024, 0.121]
[0.178, 0.025, 0.121]
[0.176, 0.025, 0.122]
[0.175, 0.026, 0.122]
[0.174, 0.027, 0.122]
[0.174, 0.027, 0.123]
[0.173, 0.028, 0.123]
[0.173, 0.028, 0.124]
[0.174, 0.028, 0.124]
[0.174, 0.029, 0.125]
[0.174, 0.029, 0.126]
[0.173, 0.029, 0.128]
[0.172, 0.029, 0.13]
[0.173, 0.029, 0.132]
[0.175, 0.028, 0.135]
[0.177, 0.028, 0.137]
[0.18, 0.028, 0.14]
[0.181, 0.027, 0.141]
[0.182, 0.027, 0.143]
[0.181, 0.027, 0.144]
[0.181, 0.026, 0.145]
[0.182, 0.026, 0.146]
[0.183, 0.025, 0.149]
[0.184, 0.025, 0.151]
[0.185, 0.025, 0.154]
[0.185, 0.025, 0.157]
[0.186, 0.025, 0.161]
[0.187, 0.025, 0.164]
[0.187, 0.025, 0.167]
[0.188, 0.025, 0.169]
[0.189, 0.025, 0.171]
[0.189, 0.025, 0.173]
[0.188, 0.025, 0.174]
[0.187, 0.025, 0.175]
[0.186, 0.024, 0.175]
[0.184, 0.024, 0.175]
[0.183, 0.024, 0.175]
[0.182, 0.024, 0.175]
[0.182, 0.024, 0.176]
[0.183, 0.024, 0.177]
[0.185, 0.024, 0.178]
[0.186, 0.023, 0.18]
[0.187, 0.023, 0.181]
[0.187, 0.022, 0.183]
[0.187, 0.022, 0.184]
[0.187, 0.021, 0.186]
[0.187, 0.021, 0.188]
[0.188, 0.02, 0.19]
[0.188, 0.019, 0.192]
[0.188, 0.019, 0.194]
[0.187, 0.019, 0.196]
[0.187, 0.019, 0.196]
[0.186, 0.019, 0.196]
[0.186, 0.019, 0.196]
[0.186, 0.019, 0.196]
[0.186, 0.019, 0.196]
[0.186, 0.019, 0.196]
[0.186, 0.018, 0.196]
[0.187, 0.018, 0.195]
[0.187, 0.018, 0.195]
[0.188, 0.017, 0.194]
[0.188, 0.017, 0.192]
[0.189, 0.016, 0.189]
[0.188, 0.016, 0.186]
[0.187, 0.015, 0.182]
[0.185, 0.014, 0.177]
[0.182, 0.014, 0.169]
[0.179, 0.014, 0.159]
[0.175, 0.014, 0.148]
[0.179, 0.014, 0.137]
[0.181, 0.014, 0.127]
[0.18, 0.014, 0.118]
[0.179, 0.014, 0.106]
[0.177, 0.014, 0.091]
[0.172, 0.013, 0.075]
[0.166, 0.013, 0.061]
[0.158, 0.013, 0.049]
[0.154, 0.013, 0.041]
[0.15, 0.012, 0.033]
[0.147, 0.011, 0.026]
[0.145, 0.009, 0.02]
[0.143, 0.008, 0.014]
[0.143, 0.006, 0.008]
[0.143, 0.004, 0.003]
[0.143, 0.003, -0.001]
[0.141, 0.002, -0.006]
[0.139, 0.0, -0.011]
[0.135, -0.004, -0.015]
[0.123, -0.008, -0.016]
[0.11, -0.011, -0.016]
[0.1, -0.013, -0.017]
[0.092, -0.014, -0.019]
[0.093, -0.014, -0.024]
[0.094, -0.014, -0.028]
[0.094, -0.015, -0.031]
[0.093, -0.016, -0.032]
[0.089, -0.016, -0.032]
[0.086, -0.017, -0.03]
[0.085, -0.018, -0.028]
[0.085, -0.018, -0.026]
[0.085, -0.019, -0.024]
[0.084, -0.019, -0.022]
[0.083, -0.02, -0.019]
[0.081, -0.02, -0.017]
[0.079, -0.02, -0.015]
[0.077, -0.02, -0.012]
[0.076, -0.02, -0.009]
[0.073, -0.019, -0.007]
[0.073, -0.018, -0.005]
[0.074, -0.017, -0.004]
[0.073, -0.017, -0.004]
[0.074, -0.016, -0.002]
[0.074, -0.015, -0.0]
[0.075, -0.016, 0.005]
[0.075, -0.016, 0.005]
[0.076, -0.016, 0.008]
[0.078, -0.016, 0.013]
[0.079, -0.017, 0.017]
[0.083, -0.017, 0.022]
[0.086, -0.017, 0.025]
[0.088, -0.016, 0.027]
[0.09, -0.016, 0.028]
[0.091, -0.017, 0.029]
[0.092, -0.017, 0.029]
[0.095, -0.018, 0.03]
[0.095, -0.018, 0.03]
[0.096, -0.018, 0.03]
[0.097, -0.018, 0.03]
[0.097, -0.017, 0.03]
[0.099, -0.018, 0.03]
[0.101, -0.018, 0.031]
[0.108, -0.019, 0.032]
[0.112, -0.019, 0.033]
[0.111, -0.018, 0.033]
[0.111, -0.017, 0.032]
[0.111, -0.016, 0.031]
[0.117, -0.016, 0.031]
[0.126, -0.017, 0.031]
[0.132, -0.019, 0.031]
[0.136, -0.02, 0.031]
[0.136, -0.021, 0.032]
[0.137, -0.021, 0.033]
[0.137, -0.021, 0.033]
[0.14, -0.021, 0.034]
[0.145, -0.022, 0.033]
[0.149, -0.022, 0.032]
[0.154, -0.022, 0.031]
[0.157, -0.023, 0.029]
[0.162, -0.024, 0.028]
[0.168, -0.025, 0.025]
[0.175, -0.027, 0.022]
[0.182, -0.027, 0.02]
[0.188, -0.027, 0.018]
[0.192, -0.027, 0.017]
[0.193, -0.027, 0.017]
[0.193, -0.027, 0.017]
[0.193, -0.028, 0.017]
[0.194, -0.028, 0.018]
[0.195, -0.029, 0.019]
[0.199, -0.029, 0.02]
[0.201, -0.03, 0.022]
[0.204, -0.031, 0.025]
[0.208, -0.031, 0.027]
[0.213, -0.03, 0.027]
[0.22, -0.029, 0.026]
[0.227, -0.028, 0.025]
[0.231, -0.027, 0.024]
[0.234, -0.027, 0.023]
[0.236, -0.027, 0.023]
[0.237, -0.027, 0.024]
[0.238, -0.026, 0.025]
[0.241, -0.025, 0.028]
[0.241, -0.025, 0.028]
[0.243, -0.025, 0.029]
[0.244, -0.024, 0.03]
[0.245, -0.024, 0.031]
[0.245, -0.024, 0.032]
[0.245, -0.024, 0.032]
[0.244, -0.025, 0.032]
[0.244, -0.026, 0.032]
[0.243, -0.026, 0.031]
[0.244, -0.025, 0.029]
[0.244, -0.024, 0.027]
[0.244, -0.023, 0.024]
[0.244, -0.023, 0.021]
[0.243, -0.022, 0.017]
[0.241, -0.021, 0.013]
[0.24, -0.02, 0.009]
[0.24, -0.02, 0.005]
[0.24, -0.02, 0.003]
[0.239, -0.02, 0.001]
[0.236, -0.021, -0.001]
[0.232, -0.021, -0.003]
[0.229, -0.021, -0.006]
[0.228, -0.022, -0.007]
[0.229, -0.024, -0.012]
[0.229, -0.024, -0.012]
[0.228, -0.024, -0.017]
[0.228, -0.024, -0.017]
[0.227, -0.024, -0.018]
[0.232, -0.024, -0.018]
[0.232, -0.024, -0.018]
[0.233, -0.024, -0.017]
[0.232, -0.024, -0.016]
[0.225, -0.024, -0.016]
[0.225, -0.024, -0.016]
[0.223, -0.024, -0.018]
[0.221, -0.023, -0.02]
[0.217, -0.023, -0.021]
[0.214, -0.023, -0.022]
[0.211, -0.024, -0.023]
[0.203, -0.024, -0.024]
[0.203, -0.024, -0.024]
[0.198, -0.024, -0.025]
[0.193, -0.024, -0.025]
[0.189, -0.024, -0.026]
[0.188, -0.024, -0.028]
[0.186, -0.023, -0.029]
[0.185, -0.023, -0.031]
[0.184, -0.021, -0.03]
[0.184, -0.021, -0.03]
[0.184, -0.02, -0.028]
[0.182, -0.018, -0.024]
[0.177, -0.017, -0.021]
[0.173, -0.015, -0.02]
[0.169, -0.015, -0.018]
[0.166, -0.015, -0.016]
[0.162, -0.015, -0.013]
[0.155, -0.016, -0.009]
[0.148, -0.016, -0.005]
[0.144, -0.016, -0.001]
[0.141, -0.014, 0.002]
[0.139, -0.01, 0.005]
[0.138, -0.006, 0.008]
[0.136, -0.003, 0.011]
[0.127, 0.005, 0.014]
[0.127, 0.005, 0.014]
[0.122, 0.008, 0.016]
[0.116, 0.012, 0.017]
[0.112, 0.015, 0.018]
[0.108, 0.017, 0.019]
[0.106, 0.019, 0.022]
[0.106, 0.02, 0.024]
[0.107, 0.022, 0.028]
[0.105, 0.024, 0.029]
[0.105, 0.024, 0.029]
[0.099, 0.025, 0.03]
[0.093, 0.027, 0.031]
[0.086, 0.029, 0.032]
[0.086, 0.029, 0.032]
[0.084, 0.03, 0.033]
[0.082, 0.032, 0.033]
[0.075, 0.035, 0.034]
[0.075, 0.035, 0.034]
[0.073, 0.036, 0.034]
[0.071, 0.038, 0.033]
[0.07, 0.039, 0.033]
[0.069, 0.039, 0.032]
[0.066, 0.04, 0.031]
[0.06, 0.039, 0.028]
[0.06, 0.039, 0.028]
[0.057, 0.038, 0.027]
[0.055, 0.038, 0.026]
[0.046, 0.035, 0.024]
[0.046, 0.035, 0.024]
[0.041, 0.033, 0.023]
[0.035, 0.031, 0.022]
[0.03, 0.03, 0.019]
[0.027, 0.028, 0.016]
[0.026, 0.026, 0.013]
[0.027, 0.024, 0.01]
[0.027, 0.023, 0.007]
[0.027, 0.021, 0.005]
[0.027, 0.019, 0.003]
[0.027, 0.018, 0.001]
[0.028, 0.016, -0.001]
[0.03, 0.014, -0.002]
[0.031, 0.012, -0.003]
[0.033, 0.011, -0.003]
[0.034, 0.01, -0.005]
[0.036, 0.01, -0.006]
[0.036, 0.01, -0.006]
[0.038, 0.01, -0.006]
[0.041, 0.011, -0.006]
[0.043, 0.011, -0.006]
[0.045, 0.011, -0.006]
[0.048, 0.011, -0.007]
[0.053, 0.011, -0.008]
[0.057, 0.012, -0.009]
[0.061, 0.015, -0.016]
[0.061, 0.015, -0.016]
[0.062, 0.017, -0.019]
[0.06, 0.018, -0.022]
[0.059, 0.018, -0.025]
[0.06, 0.018, -0.024]
[0.063, 0.016, -0.022]
[0.069, 0.014, -0.02]
[0.072, 0.013, -0.018]
[0.076, 0.011, -0.017]
[0.079, 0.01, -0.016]
[0.083, 0.009, -0.014]
[0.089, 0.006, -0.011]
[0.092, 0.004, -0.009]
[0.094, 0.003, -0.007]
[0.096, 0.002, -0.007]
[0.097, 0.001, -0.006]
[0.097, 0.002, -0.004]
[0.097, 0.002, -0.004]
[0.096, 0.002, -0.003]
[0.097, 0.002, -0.002]
[0.097, 0.002, -0.002]
[0.099, 0.002, -0.001]
[0.099, 0.001, -0.001]
[0.099, -0.001, -0.0]
[0.099, -0.001, -0.0]
[0.1, -0.002, -0.0]
[0.102, -0.003, -0.0]
[0.102, -0.002, 0.0]
[0.102, -0.002, 0.001]
[0.1, -0.001, 0.001]
[0.1, -0.001, 0.001]
[0.099, -0.0, 0.001]
[0.098, -0.0, 0.001]
[0.098, 0.0, 0.001]
[0.098, 0.001, 0.0]
[0.098, 0.002, -0.0]
[0.097, 0.002, -0.0]
[0.096, 0.002, -0.001]
[0.095, 0.002, -0.001]
[0.094, 0.002, -0.001]
[0.094, 0.002, -0.0]
[0.093, 0.002, -0.0]
[0.092, 0.003, -0.001]
[0.091, 0.003, -0.001]
[0.092, 0.005, -0.001]
[0.093, 0.005, -0.0]
[0.094, 0.005, 0.0]
[0.097, 0.005, 0.001]
[0.1, 0.005, 0.002]
[0.102, 0.005, 0.002]
[0.105, 0.005, 0.003]
[0.107, 0.005, 0.004]
[0.108, 0.006, 0.004]
[0.109, 0.006, 0.004]
[0.109, 0.007, 0.004]
[0.11, 0.007, 0.003]
[0.11, 0.007, 0.003]
[0.111, 0.007, 0.002]
[0.111, 0.007, 0.002]
[0.11, 0.008, 0.002]
[0.11, 0.008, 0.002]
[0.11, 0.008, 0.002]
[0.11, 0.009, 0.001]
[0.108, 0.009, 0.0]
[0.106, 0.01, -0.001]
[0.105, 0.012, -0.002]
