A0
A1
A2
A3
A4
A5
A6
A7
A8
A9
A10
A11
A12
A13
A14
A15
A16
A17
A18
A19
A20
A21
A22
A23
A24
A25
A26
A27
A28
--- [0.87, 0.67, 1.0, 1.0, 0.24, 0.24, 0.05, 0.13, 0.51, 0.54, 0.4, 0.38, 0.0, -0.0, 1.0, 0.21, 0.75, 0.6, 0.49, 0.8, 0.75, 0.46, 0.86, 0.55, 0.43, 0.55, 0.45, 0.0, 0.5, 99, 99, 99]
into servo loop...
start test new
list:  [0.56, 0.56, 1, 1, 0.98, 0.98, 0.16199999999999998, 0.16199999999999998, 0.35, 0.35, 0.35, 0.37, 0.18, 0.14999999999999997, 1, 0.25, 0.965, 0.65, 0.27, 0.95, 0.98, 0.27, 0.27, 0.67, 0.4, 0.65, 0.41, 0.04, 0.62, 99, 99, 99]
--- num:  29
list:  [0.5, 0.5, 0.93, 0.93, 1, 1, 0.16199999999999998, 0.16199999999999998, 0.39, 0.39, 0.35, 0.37, 0.16499999999999998, 0.13499999999999995, 1, 0.21, 0.99, 0.62, 0.26, 0.98, 1.0, 0.26, 0.26, 0.66, 0.4, 0.64, 0.41, 0.02, 0.52, 99, 99, 99]
--- num:  29
list:  [0.5, 0.5, 0.93, 0.93, 1, 1, 0.16199999999999998, 0.16199999999999998, 0.39, 0.39, 0.34, 0.38, 0.16499999999999998, 0.11999999999999994, 1, 0.21, 0.985, 0.62, 0.26, 0.98, 0.99, 0.26, 0.26, 0.66, 0.4, 0.63, 0.41, 0.02, 0.53, 99, 99, 99]
--- num:  29
list:  [0.56, 0.56, 1, 1, 0.98, 0.98, 0.9487447547912597, 0.9487115550041199, 0.28, 0.28, 0.36, 0.36, 0.16499999999999998, 0.16499999999999998, 1, 0.23, 0.96, 0.64, 0.28, 0.96, 0.96, 0.28, 0.28, 0.66, 0.4, 0.66, 0.4, 0.02, 0.52, 99, 99, 99]
--- num:  29
list:  [0.5, 0.5, 0.93, 0.93, 1, 1, 0.16199999999999998, 0.16199999999999998, 0.29, 0.29, 0.36, 0.36, 0.16499999999999998, 0.11999999999999994, 1, 0.23, 0.98, 0.64, 0.26, 0.98, 0.98, 0.26, 0.26, 0.66, 0.4, 0.63, 0.41, 0.02, 0.54, 99, 99, 99]
--- num:  29
list:  [0.52, 0.52, 0.97, 0.97, 1, 1, 0.16199999999999998, 0.16199999999999998, 0.29, 0.29, 0.36, 0.36, 0.14999999999999997, 0.11999999999999994, 1, 0.23, 0.985, 0.63, 0.25, 0.98, 0.99, 0.25, 0.25, 0.65, 0.4, 0.63, 0.42, 0.01, 0.55, 99, 99, 99]
--- num:  29
list:  [0.52, 0.52, 0.98, 0.98, 1, 1, 0.16199999999999998, 0.16199999999999998, 0.27, 0.27, 0.36, 0.36, 0.14999999999999997, 0.11999999999999994, 1, 0.22, 0.99, 0.63, 0.25, 0.99, 0.99, 0.25, 0.25, 0.65, 0.4, 0.63, 0.42, 0.01, 0.56, 99, 99, 99]
--- num:  29
list:  [0.53, 0.53, 0.99, 0.99, 1, 1, 0.16199999999999998, 0.16199999999999998, 0.26, 0.26, 0.36, 0.36, 0.13499999999999995, 0.10499999999999993, 1, 0.22, 0.99, 0.63, 0.25, 0.99, 0.99, 0.25, 0.25, 0.64, 0.41, 0.62, 0.42, 0.01, 0.56, 99, 99, 99]
--- num:  29
list:  [0.53, 0.53, 1.0, 1.0, 1, 1, 0.16199999999999998, 0.16199999999999998, 0.22, 0.22, 0.37, 0.35, 0.11999999999999994, 0.08999999999999991, 1, 0.22, 0.99, 0.63, 0.25, 0.99, 0.99, 0.25, 0.25, 0.63, 0.42, 0.61, 0.42, 0.01, 0.57, 99, 99, 99]
--- num:  29
list:  [0.57, 0.57, 1, 1, 0.97, 0.97, 0.48111126899719237, 0.48073903799057005, 0.12, 0.12, 0.39, 0.34, 0.13499999999999995, 0.11999999999999994, 1, 0.25, 0.955, 0.65, 0.27, 0.95, 0.96, 0.27, 0.27, 0.64, 0.41, 0.63, 0.41, 0.02, 0.58, 99, 99, 99]
--- num:  29
list:  [0.56, 0.56, 1, 1, 0.98, 0.98, 0.16199999999999998, 0.16199999999999998, 0.21, 0.21, 0.39, 0.34, 0.14999999999999997, 0.11999999999999994, 1, 0.24, 0.97, 0.64, 0.26, 0.97, 0.97, 0.26, 0.26, 0.65, 0.41, 0.63, 0.41, 0.02, 0.56, 99, 99, 99]
--- num:  29
list:  [0.51, 0.51, 0.95, 0.95, 1, 1, 0.16199999999999998, 0.16199999999999998, 0.23, 0.23, 0.37, 0.35, 0.13499999999999995, 0.11999999999999994, 1, 0.23, 0.98, 0.64, 0.26, 0.98, 0.98, 0.26, 0.26, 0.64, 0.41, 0.63, 0.42, 0.01, 0.56, 99, 99, 99]
--- num:  29
list:  [0.56, 0.56, 1, 1, 0.97, 0.97, 0.8946438837051391, 0.8945923852920532, 0.22, 0.22, 0.37, 0.36, 0.14999999999999997, 0.13499999999999995, 1, 0.25, 0.965, 0.65, 0.28, 0.96, 0.97, 0.28, 0.28, 0.65, 0.41, 0.64, 0.41, 0.02, 0.55, 99, 99, 99]
--- num:  29
list:  [0.56, 0.56, 1, 1, 0.97, 0.97, 0.3004594254493713, 0.2997280466556549, 0.19, 0.19, 0.34, 0.39, 0.16499999999999998, 0.13499999999999995, 1, 0.26, 0.96, 0.65, 0.27, 0.96, 0.96, 0.27, 0.27, 0.66, 0.4, 0.64, 0.41, 0.02, 0.55, 99, 99, 99]
--- num:  29
list:  [0.49, 0.49, 0.9, 0.9, 1, 1, 0.16199999999999998, 0.16199999999999998, 0.3, 0.3, 0.32, 0.4, 0.11999999999999994, 0.11999999999999994, 1, 0.24, 0.98, 0.64, 0.28, 0.98, 0.98, 0.28, 0.28, 0.63, 0.42, 0.63, 0.42, 0.02, 0.54, 99, 99, 99]
--- num:  29
list:  [0.48, 0.48, 0.88, 0.88, 1, 1, 0.16199999999999998, 0.16199999999999998, 0.34, 0.34, 0.33, 0.4, 0, 0, 1, 0.28, 0.95, 0.67, 0.42, 0.95, 0.95, 0.42, 0.42, 0.5, 0.55, 0.51, 0.53, 0.02, 0.56, 99, 99, 99]
--- num:  29
list:  [0.56, 0.56, 1, 1, 0.98, 0.98, 0.16199999999999998, 0.16199999999999998, 0.36, 0.36, 0.32, 0.4, 0, 0, 1, 0.32, 0.91, 0.7, 0.53, 0.91, 0.91, 0.53, 0.53, 0.45, 0.64, 0.47, 0.6, 0.03, 0.81, 99, 99, 99]
--- num:  29
list:  [0.56, 0.56, 1, 1, 0.98, 0.98, 0.16199999999999998, 0.16199999999999998, 0.36, 0.36, 0.33, 0.39, 0, 0, 1, 0.33, 0.91, 0.71, 0.53, 0.91, 0.91, 0.53, 0.53, 0.4, 0.75, 0.42, 0.7, 0.03, 0.81, 99, 99, 99]
--- num:  29
list:  [0.57, 0.57, 1, 1, 0.97, 0.97, 0.9217372941970825, 0.921729187965393, 0.28, 0.28, 0.35, 0.37, 0, 0, 1, 0.35, 0.9, 0.73, 0.46, 0.9, 0.9, 0.46, 0.46, 0.42, 0.71, 0.46, 0.63, 0.03, 0.85, 99, 99, 99]
--- num:  29
list:  [0.58, 0.58, 1, 1, 0.96, 0.96, 0.9330152678489685, 0.9330141353607178, 0.26, 0.26, 0.36, 0.37, 0, 0, 0.75, 0.36, 0.87, 0.73, 0.48, 0.87, 0.87, 0.48, 0.48, 0.43, 0.69, 0.47, 0.6, 0.03, 0.96, 99, 99, 99]
--- num:  29
list:  [0.57, 0.57, 1, 1, 0.97, 0.97, 0.19179343760013579, 0.19128991246223448, 0.31, 0.31, 0.36, 0.36, 0, 0, 1, 0.34, 0.9, 0.72, 0.54, 0.9, 0.9, 0.54, 0.54, 0.43, 0.68, 0.46, 0.62, 0.04, 0.91, 99, 99, 99]
--- num:  29
list:  [0.73, 0.73, 1, 1, 0.84, 0.84, 0.16199999999999998, 0.16199999999999998, 0.36, 0.36, 0.36, 0.36, 0, 0, 1, 0.37, 0.93, 0.74, 0.56, 0.93, 0.93, 0.56, 0.56, 0.38, 0.79, 0.4, 0.74, 0.05, 1, 99, 99, 99]
--- num:  29
list:  [0.92, 0.92, 1, 1, 0.68, 0.68, 0.16199999999999998, 0.16199999999999998, 0.3, 0.3, 0.38, 0.34, 0, 0, 1, 0.39, 0.97, 0.76, 0.53, 0.97, 0.97, 0.53, 0.53, 0.31, 0.92, 0.32, 0.9, 0.09, 1, 99, 99, 99]
--- num:  29
list:  [0.92, 0.92, 1, 1, 0.68, 0.68, 0.16199999999999998, 0.16199999999999998, 0.28, 0.28, 0.39, 0.33, 0, 0, 1, 0.4, 0.98, 0.76, 0.54, 0.98, 0.98, 0.54, 0.54, 0.31, 0.92, 0.31, 0.92, 0.11, 1, 99, 99, 99]
--- num:  29
list:  [0.92, 0.92, 1, 1, 0.68, 0.68, 0.16199999999999998, 0.16199999999999998, 0.27, 0.27, 0.39, 0.33, 0, 0, 1, 0.39, 0.98, 0.76, 0.54, 0.98, 0.98, 0.54, 0.54, 0.31, 0.92, 0.31, 0.92, 0.13, 1, 99, 99, 99]
--- num:  29
list:  [0.92, 0.92, 1, 1, 0.68, 0.68, 0.16199999999999998, 0.16199999999999998, 0.26, 0.26, 0.4, 0.32, 0, 0, 1, 0.4, 0.98, 0.76, 0.55, 0.98, 0.98, 0.55, 0.55, 0.31, 0.92, 0.31, 0.92, 0.13, 1, 99, 99, 99]
--- num:  29
list:  [0.92, 0.92, 1, 1, 0.68, 0.68, 0.16199999999999998, 0.16199999999999998, 0.26, 0.26, 0.41, 0.31, 0, 0, 1, 0.4, 0.98, 0.76, 0.56, 0.98, 0.98, 0.56, 0.56, 0.31, 0.92, 0.31, 0.92, 0.13, 1, 99, 99, 99]
--- num:  29
list:  [0.92, 0.92, 1, 1, 0.68, 0.68, 0.16199999999999998, 0.16199999999999998, 0.28, 0.28, 0.43, 0.29, 0, 0, 1, 0.4, 0.98, 0.76, 0.56, 0.98, 0.98, 0.56, 0.56, 0.31, 0.92, 0.31, 0.92, 0.11, 1, 99, 99, 99]
--- num:  29
list:  [0.92, 0.92, 1, 1, 0.68, 0.68, 0.16199999999999998, 0.16199999999999998, 0.29, 0.29, 0.44, 0.28, 0, 0, 1, 0.42, 0.98, 0.78, 0.56, 0.98, 0.98, 0.56, 0.56, 0.31, 0.92, 0.31, 0.92, 0.1, 1, 99, 99, 99]
--- num:  29
list:  [0.92, 0.92, 1, 1, 0.68, 0.68, 0.16199999999999998, 0.16199999999999998, 0.36, 0.36, 0.56, 0.17, 0, 0, 1, 0.44, 0.97, 0.79, 0.56, 0.97, 0.97, 0.56, 0.56, 0.31, 0.92, 0.32, 0.91, 0.1, 1, 99, 99, 99]
--- num:  29
list:  [0.92, 0.92, 1, 1, 0.68, 0.68, 0.16199999999999998, 0.16199999999999998, 0.43, 0.43, 0.75, -0.01, 0, 0, 1, 0.46, 0.96, 0.8, 0.56, 0.96, 0.96, 0.56, 0.56, 0.31, 0.92, 0.32, 0.89, 0.1, 1, 99, 99, 99]
--- num:  29
list:  [0.92, 0.92, 1, 1, 0.68, 0.68, 0.16199999999999998, 0.16199999999999998, 0.43, 0.43, 0.75, -0.01, 0, 0, 1, 0.47, 0.96, 0.81, 0.56, 0.96, 0.96, 0.56, 0.56, 0.31, 0.91, 0.33, 0.88, 0.1, 1, 99, 99, 99]
--- num:  29
list:  [0.92, 0.92, 1, 1, 0.68, 0.68, 0.16199999999999998, 0.16199999999999998, 0.41, 0.41, 0.74, -0.01, 0, 0, 1, 0.47, 0.96, 0.81, 0.56, 0.96, 0.96, 0.56, 0.56, 0.31, 0.91, 0.33, 0.88, 0.09, 1, 99, 99, 99]
--- num:  29
list:  [0.92, 0.92, 1, 1, 0.68, 0.68, 0.16199999999999998, 0.16199999999999998, 0.41, 0.41, 0.73, 0.01, 0, 0, 1, 0.46, 0.96, 0.81, 0.56, 0.96, 0.96, 0.56, 0.56, 0.31, 0.91, 0.33, 0.88, 0.09, 1, 99, 99, 99]
--- num:  29
list:  [0.92, 0.92, 1, 1, 0.68, 0.68, 0.16199999999999998, 0.16199999999999998, 0.31, 0.31, 0.42, 0.3, 0, 0, 1, 0.44, 0.96, 0.8, 0.56, 0.96, 0.96, 0.56, 0.56, 0.31, 0.92, 0.33, 0.89, 0.1, 1, 99, 99, 99]
--- num:  29
list:  [0.92, 0.92, 1, 1, 0.68, 0.68, 0.16199999999999998, 0.16199999999999998, 0.31, 0.31, 0.41, 0.31, 0, 0, 1, 0.44, 0.96, 0.79, 0.56, 0.96, 0.96, 0.56, 0.56, 0.31, 0.92, 0.32, 0.89, 0.11, 1, 99, 99, 99]
--- num:  29
list:  [0.92, 0.92, 1, 1, 0.68, 0.68, 0.16199999999999998, 0.16199999999999998, 0.32, 0.32, 0.4, 0.32, 0, 0, 1, 0.43, 0.96, 0.79, 0.56, 0.96, 0.96, 0.56, 0.56, 0.31, 0.92, 0.33, 0.89, 0.11, 1, 99, 99, 99]
--- num:  29
list:  [0.91, 0.91, 1, 1, 0.69, 0.69, 0.16199999999999998, 0.16199999999999998, 0.32, 0.32, 0.36, 0.36, 0, 0, 1, 0.44, 0.925, 0.8, 0.56, 0.92, 0.93, 0.56, 0.56, 0.4, 0.74, 0.42, 0.71, 0.1, 1, 99, 99, 99]
--- num:  29
list:  [0.91, 0.91, 1, 1, 0.69, 0.69, 0.16199999999999998, 0.16199999999999998, 0.36, 0.36, 0.36, 0.36, 0, 0, 1, 0.44, 0.94, 0.79, 0.56, 0.94, 0.94, 0.56, 0.56, 0.36, 0.81, 0.38, 0.77, 0.1, 1, 99, 99, 99]
--- num:  29
list:  [0.9, 0.9, 1, 1, 0.7, 0.7, 0.16199999999999998, 0.16199999999999998, 0.36, 0.36, 0.35, 0.37, 0, 0, 1, 0.43, 0.945, 0.79, 0.56, 0.94, 0.95, 0.56, 0.56, 0.37, 0.81, 0.39, 0.77, 0.08, 1, 99, 99, 99]
--- num:  29
list:  [0.89, 0.89, 1, 1, 0.71, 0.71, 0.16199999999999998, 0.16199999999999998, 0.35, 0.35, 0.35, 0.37, 0, 0, 1, 0.42, 0.95, 0.78, 0.56, 0.95, 0.95, 0.56, 0.56, 0.37, 0.8, 0.39, 0.76, 0.08, 1, 99, 99, 99]
--- num:  29
list:  [0.89, 0.89, 1, 1, 0.71, 0.71, 0.16199999999999998, 0.16199999999999998, 0.35, 0.35, 0.35, 0.37, 0, 0, 1, 0.42, 0.95, 0.78, 0.56, 0.95, 0.95, 0.56, 0.56, 0.37, 0.8, 0.39, 0.77, 0.08, 1, 99, 99, 99]
--- num:  29
list:  [0.89, 0.89, 1, 1, 0.7, 0.7, 0.16199999999999998, 0.16199999999999998, 0.34, 0.34, 0.37, 0.36, 0, 0, 1, 0.42, 0.95, 0.78, 0.56, 0.95, 0.95, 0.56, 0.56, 0.36, 0.81, 0.38, 0.77, 0.08, 1, 99, 99, 99]
--- num:  29
list:  [0.9, 0.9, 1, 1, 0.7, 0.7, 0.16199999999999998, 0.16199999999999998, 0.34, 0.34, 0.4, 0.33, 0, 0, 1, 0.42, 0.95, 0.78, 0.56, 0.95, 0.95, 0.56, 0.56, 0.36, 0.83, 0.38, 0.79, 0.09, 1, 99, 99, 99]
--- num:  29
list:  [0.9, 0.9, 1, 1, 0.7, 0.7, 0.16199999999999998, 0.16199999999999998, 0.35, 0.35, 0.41, 0.31, 0, 0, 1, 0.41, 0.945, 0.77, 0.56, 0.94, 0.95, 0.56, 0.56, 0.36, 0.82, 0.38, 0.78, 0.09, 1, 99, 99, 99]
--- num:  29
list:  [0.9, 0.9, 1, 1, 0.7, 0.7, 0.16199999999999998, 0.16199999999999998, 0.34, 0.34, 0.42, 0.3, 0, 0, 1, 0.41, 0.945, 0.77, 0.56, 0.94, 0.95, 0.56, 0.56, 0.36, 0.81, 0.38, 0.78, 0.08, 1, 99, 99, 99]
--- num:  29
list:  [0.89, 0.89, 1, 1, 0.71, 0.71, 0.37238518476486204, 0.3719403254985809, 0.27, 0.27, 0.42, 0.3, 0, 0, 1, 0.44, 0.925, 0.79, 0.56, 0.92, 0.93, 0.56, 0.56, 0.41, 0.72, 0.43, 0.69, 0.08, 0.77, 99, 99, 99]
--- num:  29
list:  [0.86, 0.86, 1, 1, 0.73, 0.73, 0.16199999999999998, 0.16199999999999998, 0.33, 0.33, 0.43, 0.29, 0, 0, 1, 0.46, 0.91, 0.81, 0.56, 0.91, 0.91, 0.56, 0.56, 0.42, 0.71, 0.43, 0.68, 0.07, 0.67, 99, 99, 99]
--- num:  29
list:  [0.87, 0.87, 1, 1, 0.72, 0.72, 0.16199999999999998, 0.16199999999999998, 0.37, 0.37, 0.43, 0.29, 0, 0, 1, 0.44, 0.92, 0.79, 0.56, 0.92, 0.92, 0.56, 0.56, 0.38, 0.77, 0.4, 0.74, 0.08, 0.95, 99, 99, 99]
--- num:  29
list:  [0.88, 0.88, 1, 1, 0.71, 0.71, 0.16199999999999998, 0.16199999999999998, 0.38, 0.38, 0.43, 0.29, 0, 0, 1, 0.42, 0.94, 0.77, 0.56, 0.94, 0.94, 0.56, 0.56, 0.36, 0.82, 0.38, 0.78, 0.08, 1, 99, 99, 99]
--- num:  29
list:  [0.87, 0.87, 1, 1, 0.72, 0.72, 0.16199999999999998, 0.16199999999999998, 0.41, 0.41, 0.38, 0.34, 0, 0, 1, 0.41, 0.95, 0.77, 0.56, 0.95, 0.95, 0.56, 0.56, 0.36, 0.81, 0.38, 0.78, 0.09, 1, 99, 99, 99]
--- num:  29
list:  [0.83, 0.83, 1, 1, 0.76, 0.76, 0.43775499939918516, 0.4375846493244171, 0.24, 0.24, 0.33, 0.4, 0, 0, 1, 0.41, 0.94, 0.77, 0.52, 0.94, 0.94, 0.52, 0.52, 0.43, 0.69, 0.45, 0.64, 0.08, 0.91, 99, 99, 99]
--- num:  29
list:  [0.84, 0.84, 1, 1, 0.75, 0.75, 0.16199999999999998, 0.16199999999999998, 0.4, 0.4, 0.29, 0.43, 0, 0, 1, 0.41, 0.94, 0.77, 0.52, 0.94, 0.94, 0.52, 0.52, 0.43, 0.69, 0.45, 0.65, 0.06, 1, 99, 99, 99]
--- num:  29
list:  [0.85, 0.85, 1, 1, 0.74, 0.74, 0.16199999999999998, 0.16199999999999998, 0.41, 0.41, 0.25, 0.47, 0, 0, 1, 0.41, 0.945, 0.77, 0.53, 0.94, 0.95, 0.53, 0.53, 0.42, 0.7, 0.43, 0.69, 0.08, 1, 99, 99, 99]
--- num:  29
list:  [0.84, 0.84, 1, 1, 0.75, 0.75, 0.16199999999999998, 0.16199999999999998, 0.41, 0.41, 0.22, 0.51, 0, 0, 1, 0.41, 0.95, 0.77, 0.54, 0.95, 0.95, 0.54, 0.54, 0.41, 0.72, 0.42, 0.7, 0.09, 1, 99, 99, 99]
--- num:  29
list:  [0.84, 0.84, 1, 1, 0.75, 0.75, 0.16199999999999998, 0.16199999999999998, 0.41, 0.41, 0.2, 0.52, 0, 0, 1, 0.41, 0.95, 0.77, 0.54, 0.95, 0.95, 0.54, 0.54, 0.4, 0.74, 0.41, 0.72, 0.09, 1, 99, 99, 99]
--- num:  29
list:  [0.84, 0.84, 1, 1, 0.75, 0.75, 0.16199999999999998, 0.16199999999999998, 0.41, 0.41, 0.2, 0.52, 0, 0, 1, 0.41, 0.955, 0.77, 0.53, 0.95, 0.96, 0.53, 0.53, 0.4, 0.75, 0.4, 0.74, 0.1, 1, 99, 99, 99]
--- num:  29
list:  [0.84, 0.84, 1, 1, 0.75, 0.75, 0.16199999999999998, 0.16199999999999998, 0.41, 0.41, 0.2, 0.52, 0, 0, 1, 0.41, 0.955, 0.77, 0.54, 0.95, 0.96, 0.54, 0.54, 0.4, 0.75, 0.4, 0.74, 0.1, 1, 99, 99, 99]
--- num:  29
list:  [0.84, 0.84, 1, 1, 0.75, 0.75, 0.22636784195899962, 0.22371470510959623, 0.34, 0.34, 0.23, 0.5, 0, 0, 1, 0.41, 0.955, 0.77, 0.52, 0.95, 0.96, 0.52, 0.52, 0.43, 0.67, 0.46, 0.63, 0.09, 1, 99, 99, 99]
--- num:  29
list:  [0.79, 0.79, 1, 1, 0.79, 0.79, 0.16199999999999998, 0.16199999999999998, 0.37, 0.37, 0.32, 0.4, 0, 0, 1, 0.41, 0.925, 0.77, 0.54, 0.92, 0.93, 0.54, 0.54, 0.44, 0.67, 0.45, 0.64, 0.07, 1, 99, 99, 99]
--- num:  29
list:  [0.8, 0.8, 1, 1, 0.78, 0.78, 0.16199999999999998, 0.16199999999999998, 0.4, 0.4, 0.45, 0.27, 0, 0, 1, 0.41, 0.935, 0.77, 0.56, 0.93, 0.94, 0.56, 0.56, 0.4, 0.74, 0.42, 0.71, 0.07, 0.86, 99, 99, 99]
--- num:  29
list:  [0.79, 0.79, 1, 1, 0.79, 0.79, 0.16199999999999998, 0.16199999999999998, 0.4, 0.4, 0.49, 0.23, 0, 0, 1, 0.41, 0.935, 0.77, 0.56, 0.93, 0.94, 0.56, 0.56, 0.39, 0.76, 0.41, 0.73, 0.06, 0.64, 99, 99, 99]
--- num:  29
list:  [0.79, 0.79, 1, 1, 0.79, 0.79, 0.16199999999999998, 0.16199999999999998, 0.4, 0.4, 0.5, 0.22, 0, 0, 1, 0.42, 0.935, 0.78, 0.56, 0.93, 0.94, 0.56, 0.56, 0.39, 0.76, 0.4, 0.73, 0.06, 0.6, 99, 99, 99]
--- num:  29
list:  [0.79, 0.79, 1, 1, 0.79, 0.79, 0.16199999999999998, 0.16199999999999998, 0.4, 0.4, 0.5, 0.22, 0, 0, 1, 0.42, 0.93, 0.78, 0.56, 0.93, 0.93, 0.56, 0.56, 0.39, 0.76, 0.4, 0.73, 0.07, 0.59, 99, 99, 99]
--- num:  29
list:  [0.73, 0.73, 1, 1, 0.84, 0.84, 0.955625991821289, 0.9556132960319519, 0.35, 0.35, 0.46, 0.26, 0, 0, 1, 0.45, 0.9, 0.8, 0.52, 0.9, 0.9, 0.52, 0.52, 0.42, 0.71, 0.44, 0.66, 0.06, 0.44, 99, 99, 99]
--- num:  29
list:  [0.7, 0.7, 1, 1, 0.86, 0.86, 0.16199999999999998, 0.16199999999999998, 0.38, 0.38, 0.5, 0.22, 0, 0, 1, 0.43, 0.91, 0.78, 0.56, 0.91, 0.91, 0.56, 0.56, 0.42, 0.7, 0.43, 0.68, 0.05, 0.41, 99, 99, 99]
--- num:  29
list:  [0.71, 0.71, 1, 1, 0.85, 0.85, 0.16199999999999998, 0.16199999999999998, 0.4, 0.4, 0.51, 0.21, 0, 0, 1, 0.42, 0.92, 0.78, 0.56, 0.92, 0.92, 0.56, 0.56, 0.41, 0.73, 0.42, 0.7, 0.05, 0.47, 99, 99, 99]
--- num:  29
list:  [0.72, 0.72, 1, 1, 0.85, 0.85, 0.16199999999999998, 0.16199999999999998, 0.4, 0.4, 0.51, 0.21, 0, 0, 1, 0.42, 0.92, 0.77, 0.56, 0.92, 0.92, 0.56, 0.56, 0.41, 0.73, 0.42, 0.71, 0.06, 0.46, 99, 99, 99]
--- num:  29
list:  [0.72, 0.72, 1, 1, 0.84, 0.84, 0.16199999999999998, 0.16199999999999998, 0.4, 0.4, 0.5, 0.22, 0, 0, 1, 0.41, 0.92, 0.77, 0.56, 0.92, 0.92, 0.56, 0.56, 0.41, 0.72, 0.42, 0.7, 0.06, 0.56, 99, 99, 99]
--- num:  29
list:  [0.73, 0.73, 1, 1, 0.83, 0.83, 0.16199999999999998, 0.16199999999999998, 0.4, 0.4, 0.47, 0.25, 0, 0, 1, 0.4, 0.92, 0.76, 0.56, 0.92, 0.92, 0.56, 0.56, 0.41, 0.72, 0.42, 0.7, 0.06, 0.7, 99, 99, 99]
--- num:  29
list:  [0.67, 0.67, 1, 1, 0.89, 0.89, 0.8752654600143432, 0.8751038122177124, 0.28, 0.28, 0.41, 0.31, 0, 0, 1, 0.4, 0.895, 0.76, 0.52, 0.89, 0.9, 0.52, 0.52, 0.46, 0.62, 0.49, 0.56, 0.06, 0.51, 99, 99, 99]
--- num:  29
list:  [0.65, 0.65, 1, 1, 0.9, 0.9, 0.16199999999999998, 0.16199999999999998, 0.44, 0.44, 0.6, 0.13, 0, 0, 1, 0.41, 0.92, 0.77, 0.51, 0.92, 0.92, 0.51, 0.51, 0.45, 0.64, 0.46, 0.62, 0.05, 0.55, 99, 99, 99]
--- num:  29
list:  [0.66, 0.66, 1, 1, 0.9, 0.9, 0.16199999999999998, 0.16199999999999998, 0.46, 0.46, 0.55, 0.17, 0, 0, 1, 0.41, 0.93, 0.77, 0.55, 0.93, 0.93, 0.55, 0.55, 0.44, 0.66, 0.45, 0.64, 0.06, 0.88, 99, 99, 99]
--- num:  29
list:  [0.67, 0.67, 1, 1, 0.89, 0.89, 0.16199999999999998, 0.16199999999999998, 0.47, 0.47, 0.52, 0.2, 0, 0, 1, 0.4, 0.93, 0.76, 0.55, 0.93, 0.93, 0.55, 0.55, 0.46, 0.63, 0.46, 0.62, 0.06, 0.97, 99, 99, 99]
--- num:  29
list:  [0.65, 0.65, 1, 1, 0.9, 0.9, 0.5123746800422668, 0.5060645747184753, 0.26, 0.26, 0.4, 0.32, 0, 0, 1, 0.4, 0.925, 0.76, 0.51, 0.92, 0.93, 0.51, 0.51, 0.51, 0.52, 0.53, 0.48, 0.07, 1, 99, 99, 99]
--- num:  29
list:  [0.64, 0.64, 1, 1, 0.91, 0.91, 0.16199999999999998, 0.16199999999999998, 0.48, 0.48, 0.43, 0.3, 0, 0, 1, 0.4, 0.925, 0.76, 0.52, 0.92, 0.93, 0.52, 0.52, 0.5, 0.55, 0.5, 0.55, 0.07, 1, 99, 99, 99]
--- num:  29
list:  [0.65, 0.65, 1, 1, 0.9, 0.9, 0.16199999999999998, 0.16199999999999998, 0.49, 0.49, 0.41, 0.32, 0, 0, 1, 0.39, 0.935, 0.76, 0.53, 0.93, 0.94, 0.53, 0.53, 0.5, 0.56, 0.49, 0.56, 0.08, 1, 99, 99, 99]
--- num:  29
list:  [0.64, 0.64, 1, 1, 0.91, 0.91, 0.16199999999999998, 0.16199999999999998, 0.48, 0.48, 0.4, 0.33, 0, 0, 1, 0.39, 0.935, 0.76, 0.48, 0.93, 0.94, 0.48, 0.48, 0.54, 0.47, 0.52, 0.51, 0.08, 0.84, 99, 99, 99]
--- num:  29
list:  [0.64, 0.64, 1, 1, 0.91, 0.91, 0.16199999999999998, 0.16199999999999998, 0.48, 0.48, 0.39, 0.33, 0, 0, 1, 0.38, 0.945, 0.75, 0.46, 0.94, 0.95, 0.46, 0.46, 0.55, 0.46, 0.53, 0.49, 0.08, 0.74, 99, 99, 99]
--- num:  29
list:  [0.64, 0.64, 1, 1, 0.91, 0.91, 0.16199999999999998, 0.16199999999999998, 0.48, 0.48, 0.4, 0.33, 0, 0, 1, 0.38, 0.945, 0.75, 0.48, 0.94, 0.95, 0.48, 0.48, 0.55, 0.45, 0.53, 0.48, 0.08, 0.73, 99, 99, 99]
--- num:  29
list:  [0.62, 0.62, 1, 1, 0.93, 0.93, 0.453688542842865, 0.4491171050071716, 0.27, 0.27, 0.2, 0.52, 0.10499999999999993, 0.11999999999999994, 1, 0.37, 0.935, 0.74, 0.44, 0.93, 0.94, 0.44, 0.44, 0.62, 0.42, 0.63, 0.41, 0.08, 0.71, 99, 99, 99]
--- num:  29
list:  [0.6, 0.6, 1, 1, 0.94, 0.94, 0.16199999999999998, 0.16199999999999998, 0.38, 0.38, 0.27, 0.45, 0.11999999999999994, 0.08999999999999991, 1, 0.33, 0.95, 0.71, 0.38, 0.95, 0.95, 0.38, 0.38, 0.63, 0.42, 0.61, 0.42, 0.06, 0.6, 99, 99, 99]
--- num:  29
list:  [0.57, 0.57, 1, 1, 0.97, 0.97, 0.16199999999999998, 0.16199999999999998, 0.39, 0.39, 0.34, 0.38, 0.11999999999999994, 0.08999999999999991, 1, 0.25, 0.97, 0.65, 0.3, 0.97, 0.97, 0.3, 0.3, 0.63, 0.41, 0.61, 0.42, 0.04, 0.55, 99, 99, 99]
--- num:  29
list:  [0.53, 0.53, 1.0, 1.0, 1, 1, 0.16199999999999998, 0.16199999999999998, 0.4, 0.4, 0.39, 0.33, 0.14999999999999997, 0.10499999999999993, 1, 0.23, 0.98, 0.64, 0.27, 0.98, 0.98, 0.27, 0.27, 0.65, 0.41, 0.62, 0.42, 0.03, 0.55, 99, 99, 99]
--- num:  29
list:  [0.53, 0.53, 1.0, 1.0, 1, 1, 0.16199999999999998, 0.16199999999999998, 0.4, 0.4, 0.41, 0.31, 0.18, 0.11999999999999994, 1, 0.23, 0.99, 0.63, 0.26, 0.99, 0.99, 0.26, 0.26, 0.67, 0.4, 0.63, 0.41, 0.02, 0.56, 99, 99, 99]
--- num:  29
list:  [0.53, 0.53, 1.0, 1.0, 1, 1, 0.16199999999999998, 0.16199999999999998, 0.4, 0.4, 0.41, 0.31, 0.195, 0.11999999999999994, 1, 0.22, 0.99, 0.63, 0.26, 0.99, 0.99, 0.26, 0.26, 0.68, 0.39, 0.63, 0.41, 0.02, 0.56, 99, 99, 99]
--- num:  29
list:  [0.53, 0.53, 0.99, 0.99, 1, 1, 0.16199999999999998, 0.16199999999999998, 0.38, 0.38, 0.42, 0.31, 0.195, 0.13499999999999995, 1, 0.22, 0.99, 0.63, 0.26, 0.99, 0.99, 0.26, 0.26, 0.68, 0.39, 0.64, 0.41, 0.01, 0.55, 99, 99, 99]
--- num:  29
list:  [0.48, 0.48, 0.88, 0.88, 1, 1, 0.18790813863277434, 0.1870312350988388, 0.29, 0.29, 0.41, 0.31, 0.16499999999999998, 0.13499999999999995, 1, 0.22, 0.99, 0.63, 0.27, 0.99, 0.99, 0.27, 0.27, 0.66, 0.4, 0.64, 0.41, 0.02, 0.55, 99, 99, 99]
--- num:  29
list:  [0.5, 0.5, 0.94, 0.94, 1, 1, 0.16199999999999998, 0.16199999999999998, 0.38, 0.38, 0.38, 0.34, 0.14999999999999997, 0.13499999999999995, 1, 0.22, 0.99, 0.63, 0.26, 0.99, 0.99, 0.26, 0.26, 0.65, 0.4, 0.64, 0.41, 0.01, 0.54, 99, 99, 99]
--- num:  29
list:  [0.51, 0.51, 0.95, 0.95, 1, 1, 0.16199999999999998, 0.16199999999999998, 0.39, 0.39, 0.37, 0.35, 0.14999999999999997, 0.13499999999999995, 1, 0.22, 0.99, 0.63, 0.25, 0.99, 0.99, 0.25, 0.25, 0.65, 0.4, 0.64, 0.41, 0.01, 0.55, 99, 99, 99]
--- num:  29
list:  [0.51, 0.51, 0.94, 0.94, 1, 1, 0.16199999999999998, 0.16199999999999998, 0.39, 0.39, 0.36, 0.36, 0.16499999999999998, 0.13499999999999995, 1, 0.22, 0.99, 0.62, 0.25, 0.99, 0.99, 0.25, 0.25, 0.66, 0.4, 0.64, 0.41, 0.01, 0.55, 99, 99, 99]
--- num:  29
list:  [0.5, 0.5, 0.94, 0.94, 1, 1, 0.16199999999999998, 0.16199999999999998, 0.42, 0.42, 0.34, 0.38, 0.18, 0.11999999999999994, 1, 0.22, 0.99, 0.62, 0.25, 0.99, 0.99, 0.25, 0.25, 0.67, 0.4, 0.63, 0.41, 0.01, 0.55, 99, 99, 99]
--- num:  29
list:  [0.5, 0.5, 0.94, 0.94, 1, 1, 0.16199999999999998, 0.16199999999999998, 0.43, 0.43, 0.32, 0.4, 0.16499999999999998, 0.11999999999999994, 1, 0.22, 0.99, 0.62, 0.25, 0.99, 0.99, 0.25, 0.25, 0.66, 0.4, 0.63, 0.42, 0.01, 0.55, 99, 99, 99]
--- num:  29
list:  [0.5, 0.5, 0.93, 0.93, 1, 1, 0.16199999999999998, 0.16199999999999998, 0.45, 0.45, 0.31, 0.41, 0.16499999999999998, 0.10499999999999993, 1, 0.22, 0.99, 0.62, 0.25, 0.99, 0.99, 0.25, 0.25, 0.66, 0.4, 0.62, 0.42, 0.01, 0.56, 99, 99, 99]
--- num:  29
list:  [0.5, 0.5, 0.94, 0.94, 1, 1, 0.16199999999999998, 0.16199999999999998, 0.45, 0.45, 0.29, 0.43, 0.16499999999999998, 0.08999999999999991, 1, 0.22, 0.99, 0.62, 0.25, 0.99, 0.99, 0.25, 0.25, 0.66, 0.4, 0.61, 0.42, 0.01, 0.58, 99, 99, 99]
--- num:  29
list:  [0.51, 0.51, 0.95, 0.95, 1, 1, 0.16199999999999998, 0.16199999999999998, 0.45, 0.45, 0.28, 0.44, 0.16499999999999998, 0.08999999999999991, 1, 0.22, 0.99, 0.62, 0.25, 0.99, 0.99, 0.25, 0.25, 0.66, 0.4, 0.61, 0.42, 0.01, 0.59, 99, 99, 99]
--- num:  29
list:  [0.51, 0.51, 0.95, 0.95, 1, 1, 0.16199999999999998, 0.16199999999999998, 0.44, 0.44, 0.33, 0.39, 0.14999999999999997, 0.08999999999999991, 1, 0.22, 0.99, 0.62, 0.25, 0.99, 0.99, 0.25, 0.25, 0.65, 0.41, 0.61, 0.43, 0.01, 0.6, 99, 99, 99]
--- num:  29
list:  [0.49, 0.49, 0.91, 0.91, 1, 1, 0.16199999999999998, 0.16199999999999998, 0.43, 0.43, 0.45, 0.27, 0.14999999999999997, 0.08999999999999991, 1, 0.22, 0.99, 0.62, 0.25, 0.99, 0.99, 0.25, 0.25, 0.65, 0.41, 0.61, 0.42, 0.01, 0.59, 99, 99, 99]
--- num:  29
list:  [0.49, 0.49, 0.92, 0.92, 1, 1, 0.16199999999999998, 0.16199999999999998, 0.42, 0.42, 0.48, 0.24, 0.11999999999999994, 0.08999999999999991, 1, 0.22, 0.99, 0.62, 0.25, 0.99, 0.99, 0.25, 0.25, 0.63, 0.41, 0.61, 0.43, 0.01, 0.58, 99, 99, 99]
--- num:  29
list:  [0.49, 0.49, 0.92, 0.92, 1, 1, 0.16199999999999998, 0.16199999999999998, 0.42, 0.42, 0.48, 0.24, 0.11999999999999994, 0.0749999999999999, 1, 0.22, 0.99, 0.62, 0.25, 0.99, 0.99, 0.25, 0.25, 0.63, 0.41, 0.6, 0.43, 0.01, 0.56, 99, 99, 99]
--- num:  29
list:  [0.5, 0.5, 0.92, 0.92, 1, 1, 0.16199999999999998, 0.16199999999999998, 0.41, 0.41, 0.47, 0.25, 0.11999999999999994, 0.0749999999999999, 1, 0.21, 0.99, 0.62, 0.25, 0.99, 0.99, 0.25, 0.25, 0.63, 0.41, 0.6, 0.43, 0.01, 0.55, 99, 99, 99]
--- num:  29
list:  [0.47, 0.47, 0.86, 0.86, 1, 1, 0.16199999999999998, 0.16199999999999998, 0.39, 0.39, 0.66, 0.07, 0.11999999999999994, 0.0749999999999999, 1, 0.22, 0.99, 0.63, 0.26, 0.99, 0.99, 0.26, 0.26, 0.63, 0.42, 0.6, 0.43, 0.01, 0.54, 99, 99, 99]
--- num:  29
list:  [0.48, 0.48, 0.88, 0.88, 1, 1, 0.16199999999999998, 0.16199999999999998, 0.41, 0.41, 0.64, 0.09, 0.195, 0.08999999999999991, 1, 0.22, 0.99, 0.63, 0.26, 0.99, 0.99, 0.26, 0.26, 0.68, 0.39, 0.61, 0.42, 0.01, 0.53, 99, 99, 99]
--- num:  29
list:  [0.47, 0.47, 0.87, 0.87, 1, 1, 0.16199999999999998, 0.16199999999999998, 0.41, 0.41, 0.63, 0.1, 0.16499999999999998, 0.11999999999999994, 1, 0.23, 0.985, 0.64, 0.26, 0.98, 0.99, 0.26, 0.26, 0.66, 0.4, 0.63, 0.42, 0.02, 0.52, 99, 99, 99]
--- num:  29
list:  [0.49, 0.49, 0.91, 0.91, 1, 1, 0.16199999999999998, 0.16199999999999998, 0.41, 0.41, 0.58, 0.15, 0.13499999999999995, 0.08999999999999991, 1, 0.22, 0.99, 0.63, 0.25, 0.99, 0.99, 0.25, 0.25, 0.64, 0.41, 0.61, 0.42, 0.02, 0.54, 99, 99, 99]
--- num:  29
list:  [0.49, 0.49, 0.91, 0.91, 1, 1, 0.16199999999999998, 0.16199999999999998, 0.31, 0.31, 0.68, 0.05, 0.13499999999999995, 0.10499999999999993, 1, 0.23, 0.985, 0.63, 0.26, 0.98, 0.99, 0.26, 0.26, 0.64, 0.41, 0.62, 0.42, 0.02, 0.56, 99, 99, 99]
--- num:  29
list:  [0.5, 0.5, 0.93, 0.93, 1, 1, 0.16199999999999998, 0.16199999999999998, 0.35, 0.35, 0.71, 0.03, 0.13499999999999995, 0.0749999999999999, 1, 0.22, 0.99, 0.63, 0.26, 0.99, 0.99, 0.26, 0.26, 0.64, 0.41, 0.6, 0.43, 0.02, 0.57, 99, 99, 99]
--- num:  29
list:  [0.56, 0.56, 1, 1, 0.98, 0.98, 0.9390545892715454, 0.9362581777572632, 0.32, 0.32, 0.29, 0.43, 0.13499999999999995, 0.11999999999999994, 1, 0.23, 0.98, 0.64, 0.28, 0.98, 0.98, 0.28, 0.28, 0.64, 0.41, 0.63, 0.41, 0.02, 0.62, 99, 99, 99]
--- num:  29
list:  [0.57, 0.57, 1, 1, 0.97, 0.97, 0.16199999999999998, 0.16199999999999998, 0.35, 0.35, 0.27, 0.45, 0.14999999999999997, 0.11999999999999994, 1, 0.24, 0.97, 0.64, 0.29, 0.97, 0.97, 0.29, 0.29, 0.65, 0.41, 0.63, 0.42, 0.03, 0.63, 99, 99, 99]
--- num:  29
list:  [0.83, 0.83, 1, 1, 0.76, 0.76, 0.16199999999999998, 0.16199999999999998, 0.42, 0.42, 0.3, 0.42, 0.10499999999999993, 0.04499999999999987, 1, 0.24, 0.98, 0.65, 0.33, 0.98, 0.98, 0.33, 0.33, 0.62, 0.42, 0.58, 0.44, 0.04, 0.64, 99, 99, 99]
--- num:  29
list:  [0.85, 0.85, 1, 1, 0.74, 0.74, 0.16199999999999998, 0.16199999999999998, 0.49, 0.49, 0.28, 0.44, 0.0749999999999999, 0.015000000000000013, 1, 0.25, 0.98, 0.65, 0.32, 0.98, 0.98, 0.32, 0.32, 0.6, 0.43, 0.56, 0.44, 0.05, 0.65, 99, 99, 99]
--- num:  29
list:  [0.92, 0.92, 1, 1, 0.68, 0.68, 0.16199999999999998, 0.16199999999999998, 0.49, 0.49, 0.3, 0.42, 0.015000000000000013, 0, 1, 0.26, 0.985, 0.66, 0.33, 0.98, 0.99, 0.33, 0.33, 0.56, 0.45, 0.54, 0.47, 0.07, 0.81, 99, 99, 99]
--- num:  29
list:  [0.92, 0.92, 1, 1, 0.68, 0.68, 0.16199999999999998, 0.16199999999999998, 0.49, 0.49, 0.31, 0.42, 0, 0, 1, 0.27, 0.99, 0.66, 0.34, 0.99, 0.99, 0.34, 0.34, 0.53, 0.49, 0.52, 0.51, 0.08, 0.82, 99, 99, 99]
--- num:  29
list:  [0.92, 0.92, 1, 1, 0.69, 0.69, 0.16199999999999998, 0.16199999999999998, 0.51, 0.51, 0.36, 0.36, 0.04499999999999987, 0.015000000000000013, 1, 0.27, 0.99, 0.66, 0.35, 0.99, 0.99, 0.35, 0.35, 0.58, 0.44, 0.56, 0.45, 0.09, 0.54, 99, 99, 99]
--- num:  29
list:  [0.71, 0.71, 1, 1, 0.85, 0.85, 0.16199999999999998, 0.16199999999999998, 0.48, 0.48, 0.36, 0.36, 0.0749999999999999, 0.015000000000000013, 1, 0.26, 0.99, 0.66, 0.33, 0.99, 0.99, 0.33, 0.33, 0.6, 0.43, 0.56, 0.45, 0.09, 0.65, 99, 99, 99]
--- num:  29
list:  [0.6, 0.6, 1, 1, 0.94, 0.94, 0.16199999999999998, 0.16199999999999998, 0.46, 0.46, 0.35, 0.37, 0.0749999999999999, 0, 1, 0.25, 0.99, 0.65, 0.29, 0.99, 0.99, 0.29, 0.29, 0.6, 0.43, 0.55, 0.45, 0.06, 0.69, 99, 99, 99]
--- num:  29
list:  [0.59, 0.59, 1, 1, 0.95, 0.95, 0.16199999999999998, 0.16199999999999998, 0.46, 0.46, 0.33, 0.39, 0.08999999999999991, 0.02999999999999986, 1, 0.24, 0.99, 0.64, 0.28, 0.99, 0.99, 0.28, 0.28, 0.61, 0.43, 0.57, 0.44, 0.04, 0.61, 99, 99, 99]
--- num:  29
list:  [0.56, 0.56, 1, 1, 0.98, 0.98, 0.16199999999999998, 0.16199999999999998, 0.44, 0.44, 0.33, 0.39, 0.08999999999999991, 0.015000000000000013, 1, 0.23, 0.99, 0.64, 0.27, 0.99, 0.99, 0.27, 0.27, 0.61, 0.42, 0.56, 0.45, 0.03, 0.61, 99, 99, 99]
--- num:  29
list:  [0.56, 0.56, 1, 1, 0.97, 0.97, 0.16199999999999998, 0.16199999999999998, 0.41, 0.41, 0.34, 0.38, 0.14999999999999997, 0.04499999999999987, 1, 0.24, 0.975, 0.64, 0.27, 0.97, 0.98, 0.27, 0.27, 0.65, 0.41, 0.58, 0.44, 0.04, 0.57, 99, 99, 99]
--- num:  29
