start livelink
[-0.042, 0.001, -0.067]
[-0.042, 0.002, -0.069]
[-0.044, 0.002, -0.072]
[-0.045, 0.002, -0.073]
[-0.048, 0.002, -0.073]
[-0.026, 0.003, -0.073]
[-0.018, 0.009, -0.066]
[0.005, 0.018, -0.054]
[0.021, 0.019, -0.049]
[0.017, 0.017, -0.051]
[0.01, 0.014, -0.057]
[0.001, 0.012, -0.063]
[-0.008, 0.013, -0.067]
[-0.017, 0.015, -0.07]
[-0.022, 0.018, -0.073]
[-0.025, 0.02, -0.073]
[-0.027, 0.02, -0.072]
[-0.026, 0.02, -0.067]
[-0.024, 0.018, -0.06]
[-0.025, 0.014, -0.054]
[-0.025, 0.011, -0.047]
[-0.025, 0.007, -0.042]
[-0.023, 0.004, -0.037]
[-0.019, 0.003, -0.031]
[-0.016, 0.001, -0.026]
[-0.012, -0.0, -0.021]
[-0.007, -0.001, -0.016]
[-0.003, -0.002, -0.013]
[0.001, -0.002, -0.012]
[0.003, -0.001, -0.011]
[0.005, -0.001, -0.011]
[0.005, 0.0, -0.01]
[0.004, 0.001, -0.006]
[0.004, 0.001, -0.006]
[0.003, 0.001, -0.004]
[0.002, 0.001, -0.002]
[0.002, 0.001, -0.0]
[0.001, 0.001, 0.002]
[0.0, 0.002, 0.005]
[-0.003, 0.003, 0.008]
[-0.007, 0.003, 0.01]
[-0.01, 0.004, 0.013]
[-0.013, 0.004, 0.015]
[-0.013, 0.005, 0.017]
[-0.027, 0.007, 0.023]
[-0.027, 0.007, 0.023]
[-0.039, 0.008, 0.027]
[-0.045, 0.009, 0.029]
[-0.051, 0.01, 0.03]
[-0.048, 0.012, 0.028]
[-0.034, 0.014, 0.025]
[-0.022, 0.016, 0.023]
[-0.013, 0.019, 0.022]
[-0.006, 0.02, 0.022]
[-0.002, 0.021, 0.022]
[0.002, 0.022, 0.024]
[0.008, 0.022, 0.025]
[0.017, 0.021, 0.027]
[0.028, 0.021, 0.028]
[0.041, 0.02, 0.029]
[0.053, 0.02, 0.031]
[0.075, 0.019, 0.035]
[0.075, 0.019, 0.035]
[0.087, 0.019, 0.037]
[0.097, 0.019, 0.037]
[0.107, 0.019, 0.036]
[0.116, 0.018, 0.035]
[0.124, 0.017, 0.034]
[0.132, 0.016, 0.034]
[0.141, 0.015, 0.034]
[0.149, 0.014, 0.033]
[0.157, 0.014, 0.032]
[0.165, 0.013, 0.031]
[0.171, 0.013, 0.031]
[0.177, 0.013, 0.031]
[0.181, 0.013, 0.031]
[0.185, 0.012, 0.031]
[0.19, 0.012, 0.032]
[0.196, 0.011, 0.031]
[0.201, 0.011, 0.031]
[0.207, 0.01, 0.03]
[0.212, 0.009, 0.03]
[0.22, 0.008, 0.031]
[0.227, 0.007, 0.031]
[0.229, 0.006, 0.033]
[0.229, 0.005, 0.037]
[0.229, 0.005, 0.038]
[0.23, 0.004, 0.039]
[0.235, 0.003, 0.038]
[0.239, 0.003, 0.037]
[0.243, 0.002, 0.037]
[0.244, 0.0, 0.037]
[0.245, -0.001, 0.036]
[0.244, -0.002, 0.036]
[0.244, -0.003, 0.036]
[0.242, -0.003, 0.036]
[0.239, -0.004, 0.037]
[0.237, -0.004, 0.037]
[0.233, -0.004, 0.037]
[0.23, -0.005, 0.037]
[0.227, -0.005, 0.036]
[0.223, -0.006, 0.035]
[0.219, -0.006, 0.034]
[0.215, -0.006, 0.033]
[0.209, -0.007, 0.031]
[0.202, -0.007, 0.03]
[0.196, -0.006, 0.031]
[0.187, -0.006, 0.031]
[0.177, -0.006, 0.031]
[0.169, -0.006, 0.03]
[0.157, -0.006, 0.029]
[0.143, -0.007, 0.029]
[0.132, -0.008, 0.029]
[0.119, -0.008, 0.029]
[0.11, -0.008, 0.03]
[0.102, -0.008, 0.031]
[0.092, -0.008, 0.032]
[0.086, -0.009, 0.032]
[0.082, -0.008, 0.031]
[0.078, -0.008, 0.031]
[0.077, -0.007, 0.03]
[0.075, -0.008, 0.03]
[0.073, -0.009, 0.029]
[0.07, -0.009, 0.028]
[0.066, -0.011, 0.026]
[0.064, -0.011, 0.024]
[0.061, -0.012, 0.022]
[0.06, -0.012, 0.021]
[0.06, -0.011, 0.022]
[0.06, -0.011, 0.022]
[0.06, -0.01, 0.023]
[0.06, -0.01, 0.024]
[0.06, -0.01, 0.025]
[0.06, -0.01, 0.026]
[0.06, -0.01, 0.027]
[0.062, -0.01, 0.028]
[0.064, -0.011, 0.028]
[0.066, -0.011, 0.028]
[0.068, -0.012, 0.028]
[0.069, -0.012, 0.028]
[0.07, -0.012, 0.027]
[0.072, -0.012, 0.026]
[0.073, -0.012, 0.026]
[0.074, -0.012, 0.026]
[0.077, -0.013, 0.026]
[0.079, -0.013, 0.026]
[0.082, -0.013, 0.027]
[0.084, -0.013, 0.028]
[0.086, -0.014, 0.029]
[0.088, -0.014, 0.03]
[0.091, -0.014, 0.03]
[0.094, -0.013, 0.032]
[0.097, -0.012, 0.033]
[0.1, -0.012, 0.035]
[0.101, -0.011, 0.037]
[0.103, -0.011, 0.039]
[0.105, -0.01, 0.04]
[0.106, -0.01, 0.041]
[0.108, -0.009, 0.043]
[0.109, -0.009, 0.045]
[0.111, -0.008, 0.046]
[0.113, -0.008, 0.049]
[0.115, -0.007, 0.051]
[0.118, -0.007, 0.052]
[0.121, -0.007, 0.054]
[0.125, -0.007, 0.056]
[0.129, -0.007, 0.057]
[0.133, -0.007, 0.059]
[0.138, -0.007, 0.059]
[0.142, -0.006, 0.059]
[0.145, -0.006, 0.059]
[0.148, -0.005, 0.058]
[0.152, -0.005, 0.058]
[0.156, -0.005, 0.059]
[0.159, -0.005, 0.059]
[0.16, -0.005, 0.06]
[0.159, -0.005, 0.061]
[0.154, -0.006, 0.061]
[0.152, -0.007, 0.062]
[0.148, -0.008, 0.062]
[0.146, -0.008, 0.062]
[0.144, -0.009, 0.061]
[0.139, -0.009, 0.06]
[0.135, -0.01, 0.06]
[0.128, -0.01, 0.06]
[0.117, -0.011, 0.058]
[0.117, -0.011, 0.058]
[0.111, -0.012, 0.057]
[0.108, -0.012, 0.056]
[0.1, -0.014, 0.056]
[0.1, -0.014, 0.056]
[0.096, -0.015, 0.057]
[0.091, -0.015, 0.059]
[0.088, -0.016, 0.06]
[0.087, -0.015, 0.063]
[0.085, -0.014, 0.064]
[0.085, -0.012, 0.064]
[0.084, -0.011, 0.064]
[0.083, -0.009, 0.064]
[0.08, -0.008, 0.066]
[0.078, -0.007, 0.069]
[0.075, -0.006, 0.072]
[0.074, -0.005, 0.074]
[0.074, -0.004, 0.076]
[0.074, -0.002, 0.079]
[0.075, -0.001, 0.083]
[0.078, 0.001, 0.087]
[0.081, 0.002, 0.092]
[0.084, 0.003, 0.095]
[0.087, 0.004, 0.1]
[0.09, 0.005, 0.104]
[0.094, 0.005, 0.108]
[0.097, 0.005, 0.112]
[0.098, 0.005, 0.115]
[0.098, 0.005, 0.118]
[0.098, 0.005, 0.12]
[0.098, 0.006, 0.123]
[0.1, 0.007, 0.125]
[0.101, 0.008, 0.127]
[0.103, 0.008, 0.129]
[0.105, 0.008, 0.131]
[0.106, 0.009, 0.132]
[0.106, 0.009, 0.134]
[0.106, 0.009, 0.136]
[0.107, 0.008, 0.138]
[0.108, 0.008, 0.14]
[0.11, 0.007, 0.141]
[0.111, 0.007, 0.143]
[0.112, 0.007, 0.145]
[0.112, 0.007, 0.147]
[0.111, 0.008, 0.148]
[0.111, 0.007, 0.15]
[0.11, 0.007, 0.151]
[0.11, 0.007, 0.151]
[0.109, 0.007, 0.152]
[0.107, 0.006, 0.152]
[0.107, 0.006, 0.152]
[0.106, 0.006, 0.152]
[0.107, 0.006, 0.152]
[0.107, 0.005, 0.153]
[0.107, 0.005, 0.154]
[0.109, 0.004, 0.156]
[0.111, 0.004, 0.157]
[0.113, 0.004, 0.158]
[0.114, 0.004, 0.158]
[0.115, 0.005, 0.159]
[0.116, 0.005, 0.159]
[0.117, 0.005, 0.16]
[0.118, 0.005, 0.16]
[0.118, 0.005, 0.16]
[0.116, 0.004, 0.159]
[0.114, 0.004, 0.157]
[0.112, 0.004, 0.155]
[0.111, 0.003, 0.154]
[0.111, 0.002, 0.152]
[0.112, 0.002, 0.151]
[0.113, 0.001, 0.15]
[0.114, 0.001, 0.149]
[0.114, 0.001, 0.148]
[0.113, 0.0, 0.145]
[0.113, -0.001, 0.142]
[0.114, -0.002, 0.138]
[0.115, -0.004, 0.133]
[0.115, -0.005, 0.128]
[0.114, -0.006, 0.124]
[0.113, -0.007, 0.119]
[0.112, -0.006, 0.114]
[0.11, -0.006, 0.109]
[0.11, -0.006, 0.105]
[0.11, -0.006, 0.101]
[0.108, -0.006, 0.097]
[0.105, -0.006, 0.093]
[0.102, -0.006, 0.088]
[0.1, -0.006, 0.084]
[0.099, -0.007, 0.08]
[0.097, -0.007, 0.076]
[0.095, -0.008, 0.071]
[0.095, -0.009, 0.065]
[0.094, -0.01, 0.06]
[0.093, -0.011, 0.053]
[0.092, -0.012, 0.046]
[0.089, -0.013, 0.041]
[0.087, -0.013, 0.035]
[0.082, -0.014, 0.025]
[0.082, -0.014, 0.025]
[0.082, -0.015, 0.021]
[0.081, -0.016, 0.018]
[0.08, -0.017, 0.013]
[0.08, -0.017, 0.013]
[0.077, -0.018, 0.011]
[0.076, -0.018, 0.009]
[0.076, -0.019, 0.007]
[0.077, -0.019, 0.006]
[0.078, -0.019, 0.004]
[0.079, -0.02, 0.002]
[0.082, -0.021, -0.001]
[0.083, -0.022, -0.004]
[0.085, -0.023, -0.006]
[0.086, -0.024, -0.008]
[0.088, -0.025, -0.01]
[0.088, -0.026, -0.012]
[0.088, -0.026, -0.014]
[0.088, -0.026, -0.016]
[0.09, -0.028, -0.017]
[0.09, -0.028, -0.017]
[0.091, -0.029, -0.018]
[0.091, -0.03, -0.018]
[0.092, -0.032, -0.019]
[0.092, -0.032, -0.019]
[0.092, -0.032, -0.02]
[0.092, -0.033, -0.022]
[0.094, -0.034, -0.027]
[0.094, -0.034, -0.027]
[0.095, -0.034, -0.031]
[0.096, -0.034, -0.036]
[0.098, -0.035, -0.043]
[0.098, -0.035, -0.043]
[0.099, -0.036, -0.046]
[0.101, -0.037, -0.049]
[0.101, -0.038, -0.052]
[0.1, -0.04, -0.055]
[0.099, -0.041, -0.058]
[0.096, -0.043, -0.062]
[0.093, -0.044, -0.066]
[0.091, -0.045, -0.069]
[0.091, -0.046, -0.071]
[0.09, -0.046, -0.073]
[0.092, -0.047, -0.075]
[0.092, -0.047, -0.075]
[0.094, -0.047, -0.077]
[0.094, -0.048, -0.079]
[0.094, -0.048, -0.08]
[0.092, -0.048, -0.082]
[0.091, -0.048, -0.084]
[0.089, -0.049, -0.085]
[0.088, -0.049, -0.085]
[0.086, -0.049, -0.086]
[0.083, -0.048, -0.086]
[0.081, -0.048, -0.087]
[0.078, -0.047, -0.088]
[0.079, -0.047, -0.089]
[0.079, -0.047, -0.091]
[0.08, -0.047, -0.094]
[0.081, -0.048, -0.097]
[0.082, -0.048, -0.099]
[0.081, -0.047, -0.101]
[0.079, -0.046, -0.102]
[0.077, -0.045, -0.102]
[0.077, -0.044, -0.102]
[0.078, -0.044, -0.101]
[0.078, -0.044, -0.101]
[0.077, -0.045, -0.101]
[0.074, -0.045, -0.102]
[0.072, -0.046, -0.103]
[0.07, -0.046, -0.103]
[0.065, -0.046, -0.104]
[0.065, -0.046, -0.104]
[0.063, -0.046, -0.104]
[0.061, -0.046, -0.104]
[0.059, -0.046, -0.103]
[0.059, -0.046, -0.103]
[0.059, -0.046, -0.103]
[0.058, -0.046, -0.102]
[0.058, -0.045, -0.102]
[0.057, -0.045, -0.101]
[0.055, -0.045, -0.101]
[0.053, -0.045, -0.1]
[0.052, -0.044, -0.099]
[0.05, -0.044, -0.098]
[0.049, -0.044, -0.097]
[0.047, -0.043, -0.097]
[0.043, -0.043, -0.097]
[0.04, -0.044, -0.096]
[0.037, -0.043, -0.095]
[0.035, -0.042, -0.094]
[0.032, -0.041, -0.09]
[0.03, -0.04, -0.086]
[0.032, -0.037, -0.081]
[0.032, -0.037, -0.081]
[0.035, -0.035, -0.079]
[0.037, -0.034, -0.077]
[0.037, -0.033, -0.073]
[0.037, -0.032, -0.071]
[0.037, -0.031, -0.07]
[0.036, -0.03, -0.07]
[0.034, -0.029, -0.073]
[0.031, -0.028, -0.077]
[0.025, -0.028, -0.084]
[0.021, -0.029, -0.094]
[0.019, -0.029, -0.106]
[0.018, -0.03, -0.118]
[0.017, -0.03, -0.129]
[0.011, -0.028, -0.143]
[0.008, -0.027, -0.156]
[0.003, -0.025, -0.167]
[0.004, -0.024, -0.176]
[0.005, -0.023, -0.184]
[0.003, -0.023, -0.191]
[-0.0, -0.024, -0.197]
[-0.005, -0.025, -0.202]
[-0.007, -0.026, -0.208]
[-0.005, -0.027, -0.212]
[0.0, -0.027, -0.217]
[0.002, -0.028, -0.222]
[0.0, -0.028, -0.226]
[-0.002, -0.028, -0.23]
[-0.007, -0.028, -0.231]
[-0.008, -0.027, -0.231]
[-0.004, -0.027, -0.227]
[0.001, -0.027, -0.22]
[0.004, -0.026, -0.214]
[0.004, -0.026, -0.209]
[0.002, -0.026, -0.206]
[-0.002, -0.025, -0.203]
[-0.006, -0.026, -0.2]
[-0.005, -0.026, -0.196]
[-0.002, -0.026, -0.194]
[-0.002, -0.026, -0.192]
[-0.009, -0.026, -0.182]
[-0.02, -0.026, -0.168]
[-0.027, -0.026, -0.153]
[-0.018, -0.021, -0.125]
[-0.018, -0.021, -0.125]
[-0.002, -0.019, -0.108]
[0.009, -0.016, -0.095]
[0.02, -0.014, -0.078]
[0.028, -0.012, -0.064]
[0.035, -0.01, -0.052]
[0.04, -0.009, -0.04]
[0.043, -0.006, -0.029]
[0.045, -0.004, -0.018]
[0.049, -0.002, -0.009]
[0.051, 0.0, -0.002]
[0.053, 0.002, 0.005]
[0.056, 0.004, 0.012]
[0.063, 0.007, 0.028]
[0.063, 0.007, 0.028]
[0.066, 0.008, 0.04]
[0.069, 0.011, 0.054]
[0.077, 0.013, 0.091]
[0.077, 0.013, 0.091]
[0.081, 0.012, 0.109]
[0.088, 0.012, 0.126]
[0.095, 0.011, 0.153]
[0.095, 0.011, 0.153]
[0.095, 0.011, 0.164]
[0.094, 0.011, 0.174]
[0.089, 0.012, 0.188]
[0.089, 0.012, 0.188]
[0.087, 0.013, 0.192]
[0.084, 0.014, 0.194]
[0.082, 0.015, 0.193]
[0.079, 0.016, 0.192]
[0.076, 0.016, 0.189]
[0.074, 0.016, 0.187]
[0.073, 0.017, 0.186]
[0.072, 0.017, 0.184]
[0.072, 0.017, 0.181]
[0.073, 0.017, 0.179]
[0.074, 0.017, 0.177]
[0.075, 0.016, 0.175]
[0.076, 0.015, 0.173]
[0.076, 0.014, 0.171]
[0.076, 0.012, 0.167]
[0.076, 0.012, 0.167]
[0.076, 0.012, 0.165]
[0.076, 0.011, 0.164]
[0.075, 0.011, 0.162]
[0.074, 0.011, 0.161]
[0.073, 0.011, 0.159]
[0.072, 0.011, 0.158]
[0.072, 0.011, 0.15]
[0.072, 0.011, 0.15]
[0.072, 0.01, 0.145]
[0.073, 0.009, 0.142]
[0.075, 0.007, 0.131]
[0.075, 0.007, 0.131]
[0.073, 0.005, 0.127]
[0.07, 0.004, 0.124]
[0.07, 0.001, 0.115]
[0.07, 0.001, 0.115]
[0.077, -0.0, 0.11]
[0.084, -0.001, 0.105]
[0.087, -0.003, 0.097]
[0.087, -0.003, 0.097]
[0.086, -0.004, 0.094]
[0.084, -0.005, 0.091]
[0.083, -0.007, 0.087]
[0.084, -0.008, 0.084]
[0.084, -0.01, 0.081]
[0.084, -0.012, 0.078]
[0.084, -0.014, 0.075]
[0.084, -0.016, 0.072]
[0.082, -0.019, 0.069]
[0.082, -0.021, 0.066]
[0.082, -0.024, 0.064]
[0.081, -0.026, 0.062]
[0.082, -0.029, 0.06]
[0.082, -0.033, 0.058]
[0.083, -0.035, 0.055]
[0.085, -0.038, 0.051]
[0.085, -0.041, 0.047]
[0.083, -0.043, 0.042]
[0.077, -0.046, 0.039]
[0.07, -0.049, 0.036]
[0.066, -0.052, 0.034]
[0.067, -0.054, 0.031]
[0.07, -0.057, 0.028]
[0.074, -0.058, 0.024]
[0.077, -0.059, 0.023]
[0.074, -0.06, 0.021]
[0.067, -0.061, 0.019]
[0.06, -0.061, 0.017]
[0.053, -0.062, 0.015]
[0.048, -0.063, 0.013]
[0.045, -0.064, 0.012]
[0.042, -0.066, 0.011]
[0.038, -0.067, 0.011]
[0.034, -0.068, 0.011]
[0.027, -0.069, 0.01]
[0.027, -0.069, 0.01]
[0.024, -0.069, 0.011]
[0.023, -0.069, 0.012]
[0.018, -0.069, 0.013]
[0.018, -0.069, 0.013]
[0.016, -0.068, 0.013]
[0.015, -0.068, 0.014]
[0.016, -0.068, 0.016]
[0.016, -0.068, 0.016]
[0.019, -0.067, 0.018]
[0.021, -0.067, 0.019]
[0.028, -0.065, 0.022]
[0.028, -0.065, 0.022]
[0.032, -0.064, 0.023]
[0.034, -0.063, 0.025]
[0.04, -0.059, 0.031]
[0.04, -0.059, 0.031]
[0.045, -0.056, 0.036]
[0.053, -0.053, 0.041]
[0.061, -0.05, 0.046]
[0.07, -0.048, 0.051]
[0.078, -0.045, 0.055]
[0.084, -0.043, 0.059]
[0.092, -0.041, 0.062]
[0.098, -0.039, 0.063]
[0.105, -0.036, 0.064]
[0.111, -0.034, 0.065]
[0.116, -0.031, 0.065]
[0.121, -0.029, 0.063]
[0.128, -0.026, 0.063]
[0.134, -0.024, 0.062]
[0.148, -0.023, 0.062]
[0.148, -0.023, 0.062]
[0.155, -0.022, 0.062]
[0.162, -0.022, 0.063]
[0.177, -0.022, 0.067]
[0.177, -0.022, 0.067]
[0.186, -0.023, 0.068]
[0.195, -0.023, 0.069]
[0.211, -0.021, 0.067]
[0.211, -0.021, 0.067]
[0.219, -0.02, 0.065]
[0.225, -0.02, 0.064]
[0.235, -0.019, 0.065]
[0.235, -0.019, 0.065]
[0.238, -0.017, 0.065]
[0.241, -0.016, 0.066]
[0.246, -0.012, 0.067]
[0.246, -0.012, 0.067]
[0.249, -0.011, 0.067]
[0.252, -0.01, 0.067]
[0.257, -0.009, 0.067]
[0.264, -0.009, 0.065]
[0.269, -0.009, 0.064]
[0.273, -0.009, 0.064]
[0.275, -0.009, 0.063]
[0.276, -0.008, 0.063]
[0.278, -0.008, 0.064]
[0.281, -0.008, 0.063]
[0.283, -0.007, 0.062]
[0.284, -0.007, 0.062]
[0.284, -0.008, 0.061]
[0.285, -0.008, 0.062]
[0.285, -0.009, 0.062]
[0.287, -0.009, 0.062]
[0.29, -0.008, 0.061]
[0.288, -0.008, 0.061]
[0.287, -0.008, 0.062]
[0.285, -0.008, 0.062]
[0.283, -0.009, 0.062]
[0.283, -0.009, 0.061]
[0.283, -0.008, 0.059]
[0.283, -0.008, 0.059]
[0.284, -0.007, 0.057]
[0.283, -0.007, 0.056]
[0.282, -0.008, 0.054]
[0.282, -0.008, 0.054]
[0.281, -0.008, 0.054]
[0.282, -0.009, 0.054]
[0.283, -0.01, 0.052]
[0.284, -0.011, 0.05]
[0.284, -0.011, 0.048]
[0.284, -0.012, 0.045]
[0.283, -0.013, 0.042]
[0.283, -0.014, 0.038]
[0.283, -0.015, 0.034]
[0.283, -0.016, 0.03]
[0.283, -0.017, 0.026]
[0.283, -0.018, 0.022]
[0.285, -0.02, 0.018]
[0.285, -0.021, 0.015]
[0.285, -0.023, 0.011]
[0.283, -0.025, 0.008]
[0.278, -0.028, 0.006]
[0.272, -0.031, 0.003]
[0.264, -0.034, -0.0]
[0.257, -0.036, -0.003]
[0.249, -0.038, -0.007]
[0.239, -0.041, -0.01]
[0.231, -0.043, -0.013]
[0.224, -0.045, -0.016]
[0.219, -0.046, -0.017]
[0.217, -0.046, -0.018]
[0.214, -0.047, -0.019]
[0.212, -0.046, -0.019]
[0.209, -0.047, -0.02]
[0.205, -0.047, -0.021]
[0.2, -0.047, -0.022]
[0.196, -0.048, -0.023]
[0.191, -0.047, -0.023]
[0.187, -0.047, -0.024]
[0.185, -0.046, -0.025]
[0.179, -0.046, -0.023]
[0.173, -0.046, -0.02]
[0.166, -0.046, -0.017]
[0.159, -0.046, -0.015]
[0.156, -0.046, -0.015]
[0.155, -0.045, -0.016]
[0.155, -0.045, -0.018]
[0.155, -0.044, -0.021]
[0.155, -0.044, -0.021]
[0.152, -0.043, -0.02]
[0.149, -0.043, -0.019]
[0.144, -0.041, -0.018]
[0.144, -0.041, -0.018]
[0.142, -0.04, -0.018]
[0.139, -0.039, -0.018]
[0.133, -0.037, -0.018]
[0.128, -0.035, -0.017]
[0.124, -0.033, -0.017]
[0.12, -0.032, -0.016]
[0.117, -0.03, -0.015]
[0.113, -0.029, -0.014]
[0.108, -0.027, -0.013]
[0.103, -0.024, -0.013]
[0.098, -0.022, -0.012]
[0.093, -0.02, -0.011]
[0.086, -0.017, -0.011]
[0.08, -0.015, -0.009]
[0.073, -0.013, -0.008]
[0.066, -0.011, -0.006]
[0.061, -0.01, -0.004]
[0.054, -0.008, -0.003]
[0.05, -0.007, -0.002]
[0.045, -0.006, -0.002]
[0.04, -0.005, -0.002]
[0.037, -0.004, -0.001]
[0.035, -0.003, -0.0]
[0.032, -0.003, 0.0]
[0.03, -0.002, 0.001]
[0.029, -0.002, 0.001]
[0.028, -0.002, 0.002]
[0.028, -0.002, 0.003]
[0.029, -0.002, 0.004]
[0.03, -0.002, 0.004]
[0.03, -0.002, 0.005]
[0.029, -0.001, 0.006]
[0.029, -0.001, 0.006]
[0.029, -0.001, 0.005]
[0.031, -0.002, 0.004]
[0.035, -0.003, 0.002]
[0.038, -0.004, -0.0]
[0.04, -0.005, -0.002]
[0.041, -0.004, -0.003]
[0.041, -0.004, -0.003]
[0.041, -0.005, -0.002]
[0.042, -0.006, -0.002]
[0.044, -0.008, -0.003]
[0.045, -0.008, -0.002]
[0.045, -0.007, -0.004]
[0.045, -0.005, -0.005]
[0.045, -0.003, -0.008]
[0.043, -0.001, -0.011]
[0.043, 0.001, -0.014]
[0.041, 0.003, -0.016]
[0.039, 0.004, -0.018]
[0.039, 0.005, -0.019]
[0.037, 0.007, -0.02]
[0.037, 0.007, -0.02]
[0.036, 0.007, -0.019]
[0.035, 0.007, -0.018]
[0.032, 0.006, -0.016]
[0.032, 0.006, -0.016]
[0.031, 0.006, -0.015]
[0.03, 0.006, -0.014]
[0.031, 0.007, -0.013]
[0.032, 0.008, -0.013]
[0.033, 0.009, -0.013]
[0.034, 0.01, -0.012]
[0.037, 0.01, -0.012]
[0.04, 0.009, -0.011]
[0.043, 0.008, -0.011]
[0.045, 0.009, -0.01]
[0.044, 0.009, -0.011]
[0.042, 0.011, -0.013]
[0.042, 0.011, -0.013]
[0.042, 0.012, -0.015]
[0.043, 0.013, -0.017]
