start livelink
[0.075, 0.018, -0.014]
[0.075, 0.019, -0.014]
[0.077, 0.02, -0.014]
[0.079, 0.021, -0.014]
[0.077, 0.021, -0.014]
[0.074, 0.02, -0.014]
[0.074, 0.02, -0.017]
[0.074, 0.02, -0.017]
[0.081, 0.02, -0.017]
[0.082, 0.02, -0.018]
[0.079, 0.018, -0.021]
[0.074, 0.017, -0.025]
[0.071, 0.016, -0.027]
[0.071, 0.015, -0.029]
[0.072, 0.015, -0.029]
[0.073, 0.016, -0.027]
[0.072, 0.016, -0.026]
[0.072, 0.017, -0.024]
[0.073, 0.018, -0.021]
[0.075, 0.019, -0.016]
[0.077, 0.019, -0.01]
[0.078, 0.019, -0.004]
[0.078, 0.018, 0.001]
[0.078, 0.018, 0.006]
[0.076, 0.017, 0.009]
[0.075, 0.017, 0.013]
[0.073, 0.016, 0.017]
[0.073, 0.016, 0.021]
[0.067, 0.015, 0.027]
[0.062, 0.016, 0.031]
[0.06, 0.016, 0.034]
[0.057, 0.017, 0.037]
[0.057, 0.018, 0.037]
[0.059, 0.019, 0.036]
[0.058, 0.02, 0.034]
[0.056, 0.021, 0.032]
[0.054, 0.022, 0.03]
[0.052, 0.022, 0.03]
[0.05, 0.023, 0.032]
[0.049, 0.023, 0.034]
[0.048, 0.024, 0.037]
[0.045, 0.024, 0.038]
[0.041, 0.024, 0.039]
[0.037, 0.024, 0.04]
[0.032, 0.024, 0.041]
[0.028, 0.024, 0.042]
[0.024, 0.023, 0.043]
[0.021, 0.023, 0.044]
[0.018, 0.022, 0.046]
[0.016, 0.021, 0.046]
[0.016, 0.02, 0.047]
[0.016, 0.02, 0.047]
[0.018, 0.02, 0.047]
[0.019, 0.021, 0.047]
[0.019, 0.021, 0.046]
[0.02, 0.02, 0.045]
[0.022, 0.02, 0.044]
[0.025, 0.02, 0.044]
[0.028, 0.02, 0.043]
[0.029, 0.021, 0.042]
[0.027, 0.022, 0.039]
[0.024, 0.023, 0.036]
[0.021, 0.023, 0.033]
[0.019, 0.022, 0.029]
[0.019, 0.022, 0.025]
[0.019, 0.022, 0.025]
[0.02, 0.022, 0.023]
[0.02, 0.022, 0.023]
[0.018, 0.022, 0.022]
[0.02, 0.022, 0.022]
[0.021, 0.021, 0.022]
[0.022, 0.02, 0.022]
[0.025, 0.018, 0.022]
[0.027, 0.017, 0.02]
[0.029, 0.016, 0.02]
[0.032, 0.015, 0.019]
[0.037, 0.014, 0.018]
[0.043, 0.014, 0.018]
[0.05, 0.013, 0.017]
[0.056, 0.012, 0.016]
[0.061, 0.012, 0.016]
[0.065, 0.011, 0.016]
[0.068, 0.011, 0.015]
[0.068, 0.01, 0.014]
[0.068, 0.009, 0.013]
[0.066, 0.007, 0.011]
[0.062, 0.007, 0.01]
[0.058, 0.006, 0.009]
[0.053, 0.005, 0.01]
[0.048, 0.005, 0.01]
[0.044, 0.004, 0.01]
[0.038, 0.004, 0.01]
[0.03, 0.004, 0.011]
[0.022, 0.004, 0.01]
[0.016, 0.003, 0.009]
[0.012, 0.001, 0.008]
[0.01, 0.0, 0.008]
[0.009, -0.0, 0.009]
[0.013, -0.001, 0.012]
[0.019, -0.002, 0.014]
[0.031, -0.002, 0.017]
[0.041, -0.003, 0.02]
[0.05, -0.003, 0.023]
[0.06, -0.003, 0.026]
[0.068, -0.003, 0.03]
[0.078, -0.004, 0.032]
[0.089, -0.006, 0.035]
[0.102, -0.006, 0.036]
[0.114, -0.006, 0.037]
[0.125, -0.005, 0.038]
[0.137, -0.005, 0.038]
[0.147, -0.006, 0.037]
[0.158, -0.007, 0.036]
[0.168, -0.008, 0.034]
[0.176, -0.009, 0.033]
[0.185, -0.009, 0.033]
[0.193, -0.008, 0.032]
[0.199, -0.008, 0.032]
[0.204, -0.007, 0.031]
[0.208, -0.005, 0.03]
[0.211, -0.004, 0.03]
[0.215, -0.003, 0.03]
[0.221, -0.002, 0.029]
[0.226, -0.002, 0.029]
[0.232, -0.001, 0.03]
[0.238, -0.001, 0.029]
[0.242, -0.001, 0.03]
[0.246, -0.001, 0.032]
[0.25, -0.0, 0.034]
[0.254, 0.001, 0.036]
[0.257, 0.002, 0.039]
[0.26, 0.003, 0.04]
[0.263, 0.004, 0.041]
[0.266, 0.005, 0.042]
[0.27, 0.006, 0.042]
[0.274, 0.007, 0.044]
[0.277, 0.007, 0.046]
[0.278, 0.008, 0.05]
[0.279, 0.009, 0.053]
[0.279, 0.01, 0.056]
[0.28, 0.01, 0.059]
[0.28, 0.011, 0.062]
[0.28, 0.011, 0.065]
[0.28, 0.011, 0.067]
[0.28, 0.011, 0.07]
[0.28, 0.01, 0.072]
[0.28, 0.01, 0.073]
[0.279, 0.009, 0.074]
[0.273, 0.009, 0.074]
[0.273, 0.009, 0.074]
[0.268, 0.008, 0.073]
[0.264, 0.008, 0.071]
[0.261, 0.008, 0.07]
[0.257, 0.009, 0.068]
[0.253, 0.01, 0.069]
[0.251, 0.011, 0.07]
[0.248, 0.013, 0.071]
[0.247, 0.014, 0.073]
[0.246, 0.015, 0.075]
[0.243, 0.016, 0.077]
[0.239, 0.016, 0.079]
[0.235, 0.016, 0.081]
[0.231, 0.016, 0.083]
[0.226, 0.016, 0.085]
[0.223, 0.015, 0.087]
[0.219, 0.014, 0.089]
[0.216, 0.014, 0.091]
[0.207, 0.014, 0.092]
[0.207, 0.014, 0.092]
[0.202, 0.014, 0.093]
[0.197, 0.015, 0.095]
[0.193, 0.015, 0.098]
[0.187, 0.016, 0.101]
[0.182, 0.016, 0.104]
[0.179, 0.016, 0.107]
[0.174, 0.016, 0.109]
[0.17, 0.017, 0.112]
[0.166, 0.018, 0.114]
[0.16, 0.019, 0.115]
[0.154, 0.02, 0.117]
[0.147, 0.02, 0.12]
[0.141, 0.02, 0.123]
[0.134, 0.02, 0.127]
[0.128, 0.019, 0.13]
[0.122, 0.019, 0.133]
[0.118, 0.018, 0.136]
[0.114, 0.018, 0.137]
[0.111, 0.018, 0.139]
[0.106, 0.018, 0.139]
[0.101, 0.018, 0.139]
[0.096, 0.018, 0.138]
[0.093, 0.018, 0.137]
[0.089, 0.018, 0.135]
[0.088, 0.018, 0.134]
[0.087, 0.018, 0.133]
[0.085, 0.017, 0.132]
[0.086, 0.017, 0.131]
[0.085, 0.016, 0.129]
[0.084, 0.016, 0.127]
[0.082, 0.015, 0.123]
[0.081, 0.014, 0.119]
[0.079, 0.013, 0.114]
[0.077, 0.012, 0.108]
[0.075, 0.011, 0.103]
[0.073, 0.01, 0.095]
[0.07, 0.011, 0.087]
[0.066, 0.011, 0.075]
[0.061, 0.011, 0.062]
[0.057, 0.01, 0.049]
[0.056, 0.009, 0.038]
[0.057, 0.008, 0.027]
[0.058, 0.006, 0.017]
[0.06, 0.005, 0.006]
[0.061, 0.005, -0.005]
[0.064, 0.004, -0.015]
[0.067, 0.003, -0.024]
[0.068, 0.001, -0.031]
[0.069, -0.001, -0.038]
[0.07, -0.003, -0.045]
[0.071, -0.005, -0.051]
[0.071, -0.008, -0.057]
[0.07, -0.01, -0.062]
[0.07, -0.012, -0.066]
[0.071, -0.014, -0.07]
[0.074, -0.016, -0.073]
[0.077, -0.017, -0.076]
[0.08, -0.019, -0.079]
[0.084, -0.021, -0.082]
[0.087, -0.024, -0.088]
[0.087, -0.024, -0.088]
[0.088, -0.025, -0.09]
[0.088, -0.026, -0.093]
[0.087, -0.028, -0.097]
[0.088, -0.028, -0.1]
[0.089, -0.029, -0.101]
[0.09, -0.03, -0.101]
[0.091, -0.03, -0.099]
[0.091, -0.03, -0.097]
[0.093, -0.031, -0.094]
[0.096, -0.031, -0.091]
[0.099, -0.032, -0.089]
[0.102, -0.032, -0.087]
[0.105, -0.032, -0.084]
[0.108, -0.033, -0.082]
[0.112, -0.033, -0.079]
[0.117, -0.033, -0.075]
[0.121, -0.032, -0.071]
[0.124, -0.032, -0.068]
[0.126, -0.031, -0.064]
[0.129, -0.031, -0.061]
[0.131, -0.029, -0.056]
[0.134, -0.028, -0.051]
[0.134, -0.026, -0.046]
[0.134, -0.025, -0.039]
[0.133, -0.023, -0.032]
[0.133, -0.021, -0.026]
[0.134, -0.02, -0.019]
[0.136, -0.018, -0.013]
[0.138, -0.017, -0.007]
[0.139, -0.017, -0.001]
[0.14, -0.016, 0.005]
[0.14, -0.015, 0.012]
[0.139, -0.014, 0.019]
[0.136, -0.013, 0.024]
[0.136, -0.011, 0.029]
[0.138, -0.009, 0.031]
[0.139, -0.007, 0.032]
[0.14, -0.005, 0.032]
[0.135, -0.002, 0.034]
[0.135, -0.002, 0.034]
[0.133, -0.0, 0.036]
[0.132, 0.001, 0.038]
[0.132, 0.002, 0.041]
[0.133, 0.003, 0.043]
[0.131, 0.004, 0.045]
[0.126, 0.006, 0.049]
[0.126, 0.006, 0.049]
[0.123, 0.006, 0.05]
[0.121, 0.007, 0.05]
[0.116, 0.008, 0.051]
[0.116, 0.008, 0.051]
[0.115, 0.008, 0.052]
[0.114, 0.009, 0.054]
[0.113, 0.011, 0.062]
[0.113, 0.011, 0.062]
[0.113, 0.012, 0.066]
[0.113, 0.013, 0.07]
[0.113, 0.013, 0.074]
[0.112, 0.014, 0.078]
[0.111, 0.014, 0.084]
[0.11, 0.015, 0.09]
[0.108, 0.016, 0.101]
[0.109, 0.016, 0.107]
[0.11, 0.017, 0.113]
[0.111, 0.018, 0.118]
[0.113, 0.019, 0.121]
[0.113, 0.021, 0.125]
[0.113, 0.022, 0.126]
[0.112, 0.023, 0.128]
[0.112, 0.022, 0.129]
[0.111, 0.022, 0.133]
[0.111, 0.022, 0.137]
[0.11, 0.023, 0.144]
[0.109, 0.024, 0.151]
[0.111, 0.024, 0.157]
[0.113, 0.024, 0.163]
[0.117, 0.024, 0.168]
[0.121, 0.023, 0.171]
[0.122, 0.022, 0.173]
[0.123, 0.022, 0.176]
[0.124, 0.023, 0.178]
[0.123, 0.023, 0.181]
[0.123, 0.023, 0.184]
[0.122, 0.024, 0.185]
[0.119, 0.024, 0.187]
[0.119, 0.024, 0.187]
[0.118, 0.023, 0.186]
[0.116, 0.023, 0.185]
[0.114, 0.023, 0.184]
[0.111, 0.023, 0.181]
[0.109, 0.023, 0.178]
[0.108, 0.023, 0.176]
[0.107, 0.023, 0.173]
[0.105, 0.023, 0.171]
[0.104, 0.024, 0.17]
[0.101, 0.024, 0.17]
[0.097, 0.025, 0.171]
[0.097, 0.025, 0.171]
[0.096, 0.025, 0.171]
[0.097, 0.025, 0.172]
[0.1, 0.025, 0.173]
[0.103, 0.023, 0.174]
[0.104, 0.023, 0.173]
[0.104, 0.023, 0.171]
[0.099, 0.025, 0.168]
[0.095, 0.027, 0.166]
[0.093, 0.029, 0.164]
[0.093, 0.029, 0.163]
[0.095, 0.029, 0.161]
[0.098, 0.029, 0.16]
[0.1, 0.028, 0.159]
[0.101, 0.028, 0.159]
[0.102, 0.029, 0.159]
[0.1, 0.029, 0.16]
[0.098, 0.029, 0.159]
[0.093, 0.029, 0.157]
[0.088, 0.029, 0.155]
[0.084, 0.029, 0.152]
[0.08, 0.029, 0.15]
[0.076, 0.029, 0.148]
[0.071, 0.029, 0.147]
[0.071, 0.029, 0.147]
[0.069, 0.03, 0.148]
[0.066, 0.03, 0.148]
[0.064, 0.029, 0.148]
[0.062, 0.028, 0.146]
[0.061, 0.027, 0.144]
[0.06, 0.026, 0.141]
[0.058, 0.026, 0.138]
[0.056, 0.026, 0.135]
[0.054, 0.025, 0.133]
[0.053, 0.025, 0.13]
[0.051, 0.026, 0.126]
[0.048, 0.026, 0.123]
[0.046, 0.026, 0.119]
[0.044, 0.026, 0.117]
[0.043, 0.026, 0.114]
[0.042, 0.026, 0.112]
[0.041, 0.025, 0.11]
[0.039, 0.025, 0.107]
[0.037, 0.024, 0.105]
[0.035, 0.023, 0.103]
[0.033, 0.023, 0.101]
[0.032, 0.022, 0.099]
[0.032, 0.022, 0.097]
[0.033, 0.021, 0.094]
[0.033, 0.021, 0.089]
[0.032, 0.02, 0.085]
[0.028, 0.019, 0.078]
[0.014, 0.011, 0.06]
[0.014, 0.011, 0.06]
[0.0, 0.004, 0.046]
[-0.025, -0.002, 0.03]
[-0.05, -0.008, 0.017]
[-0.067, -0.012, 0.006]
[-0.077, -0.016, -0.002]
[-0.085, -0.019, -0.009]
[-0.093, -0.022, -0.016]
[-0.104, -0.024, -0.025]
[-0.112, -0.025, -0.035]
[-0.118, -0.027, -0.044]
[-0.122, -0.029, -0.054]
[-0.121, -0.032, -0.065]
[-0.122, -0.035, -0.074]
[-0.129, -0.039, -0.086]
[-0.14, -0.041, -0.098]
[-0.147, -0.043, -0.111]
[-0.152, -0.046, -0.122]
[-0.154, -0.048, -0.133]
[-0.152, -0.051, -0.142]
[-0.151, -0.054, -0.151]
[-0.152, -0.057, -0.158]
[-0.153, -0.061, -0.164]
[-0.156, -0.065, -0.168]
[-0.156, -0.068, -0.173]
[-0.155, -0.07, -0.176]
[-0.154, -0.071, -0.18]
[-0.154, -0.072, -0.182]
[-0.156, -0.072, -0.184]
[-0.157, -0.073, -0.185]
[-0.158, -0.074, -0.184]
[-0.158, -0.074, -0.184]
[-0.157, -0.075, -0.182]
[-0.157, -0.075, -0.182]
[-0.157, -0.076, -0.181]
[-0.159, -0.077, -0.18]
[-0.16, -0.078, -0.181]
[-0.159, -0.079, -0.18]
[-0.154, -0.082, -0.178]
[-0.151, -0.084, -0.177]
[-0.151, -0.084, -0.177]
[-0.151, -0.084, -0.177]
[-0.152, -0.085, -0.177]
[-0.152, -0.085, -0.177]
[-0.154, -0.085, -0.177]
[-0.153, -0.085, -0.177]
[-0.153, -0.084, -0.177]
[-0.153, -0.085, -0.177]
[-0.152, -0.085, -0.178]
[-0.152, -0.085, -0.179]
[-0.153, -0.086, -0.179]
[-0.153, -0.086, -0.18]
[-0.153, -0.086, -0.18]
[-0.15, -0.087, -0.178]
[-0.15, -0.087, -0.178]
[-0.146, -0.087, -0.177]
[-0.143, -0.087, -0.176]
[-0.141, -0.087, -0.176]
[-0.14, -0.087, -0.175]
[-0.137, -0.088, -0.176]
[-0.134, -0.088, -0.18]
[-0.124, -0.087, -0.185]
[-0.124, -0.087, -0.185]
[-0.119, -0.086, -0.185]
[-0.115, -0.085, -0.18]
[-0.107, -0.084, -0.172]
[-0.103, -0.084, -0.164]
[-0.094, -0.083, -0.157]
[-0.085, -0.083, -0.152]
[-0.078, -0.082, -0.147]
[-0.069, -0.081, -0.143]
[-0.061, -0.08, -0.139]
[-0.053, -0.079, -0.135]
[-0.047, -0.078, -0.13]
[-0.039, -0.076, -0.124]
[-0.033, -0.075, -0.118]
[-0.027, -0.073, -0.112]
[-0.019, -0.072, -0.107]
[-0.009, -0.07, -0.102]
[-0.002, -0.068, -0.097]
[0.003, -0.067, -0.093]
[0.008, -0.065, -0.088]
[0.013, -0.063, -0.084]
[0.017, -0.062, -0.08]
[0.023, -0.06, -0.075]
[0.026, -0.058, -0.071]
[0.029, -0.057, -0.066]
[0.029, -0.055, -0.06]
[0.033, -0.052, -0.054]
[0.037, -0.049, -0.05]
[0.044, -0.046, -0.045]
[0.05, -0.043, -0.041]
[0.057, -0.04, -0.037]
[0.066, -0.038, -0.034]
[0.077, -0.036, -0.032]
[0.086, -0.035, -0.031]
[0.095, -0.034, -0.03]
[0.111, -0.032, -0.028]
[0.111, -0.032, -0.028]
[0.119, -0.031, -0.026]
[0.127, -0.031, -0.025]
[0.142, -0.03, -0.02]
[0.142, -0.03, -0.02]
[0.149, -0.03, -0.018]
[0.154, -0.029, -0.016]
[0.161, -0.028, -0.013]
[0.166, -0.027, -0.011]
[0.174, -0.026, -0.008]
[0.181, -0.025, -0.006]
[0.188, -0.023, -0.004]
[0.194, -0.022, -0.001]
[0.199, -0.021, 0.002]
[0.204, -0.02, 0.005]
[0.209, -0.02, 0.006]
[0.214, -0.02, 0.007]
[0.218, -0.02, 0.008]
[0.225, -0.021, 0.01]
[0.234, -0.021, 0.013]
[0.24, -0.021, 0.016]
[0.246, -0.02, 0.018]
[0.25, -0.019, 0.02]
[0.251, -0.019, 0.022]
[0.253, -0.019, 0.022]
[0.256, -0.018, 0.023]
[0.258, -0.018, 0.023]
[0.261, -0.018, 0.022]
[0.263, -0.017, 0.022]
[0.265, -0.017, 0.023]
[0.268, -0.017, 0.023]
[0.27, -0.017, 0.022]
[0.275, -0.017, 0.021]
[0.28, -0.017, 0.019]
[0.285, -0.018, 0.018]
[0.291, -0.017, 0.017]
[0.295, -0.018, 0.017]
[0.298, -0.018, 0.016]
[0.301, -0.017, 0.015]
[0.309, -0.016, 0.011]
[0.309, -0.016, 0.011]
[0.313, -0.015, 0.01]
[0.324, -0.013, 0.01]
[0.324, -0.013, 0.01]
[0.327, -0.013, 0.011]
[0.328, -0.013, 0.011]
[0.328, -0.014, 0.012]
[0.329, -0.014, 0.012]
[0.329, -0.014, 0.012]
[0.329, -0.014, 0.012]
[0.328, -0.014, 0.012]
[0.325, -0.013, 0.012]
[0.322, -0.012, 0.012]
[0.319, -0.011, 0.012]
[0.316, -0.01, 0.013]
[0.313, -0.009, 0.015]
[0.312, -0.007, 0.016]
[0.309, -0.006, 0.018]
[0.305, -0.006, 0.018]
[0.303, -0.006, 0.018]
[0.301, -0.007, 0.018]
[0.3, -0.007, 0.017]
[0.3, -0.007, 0.018]
[0.299, -0.007, 0.019]
[0.297, -0.008, 0.019]
[0.294, -0.008, 0.019]
[0.29, -0.009, 0.019]
[0.287, -0.009, 0.019]
[0.284, -0.008, 0.019]
[0.282, -0.007, 0.019]
[0.281, -0.006, 0.02]
[0.278, -0.005, 0.022]
[0.276, -0.004, 0.024]
[0.273, -0.003, 0.026]
[0.27, -0.003, 0.027]
[0.27, -0.003, 0.027]
[0.268, -0.003, 0.028]
[0.267, -0.005, 0.029]
[0.26, -0.005, 0.032]
[0.26, -0.005, 0.032]
[0.255, -0.004, 0.032]
[0.251, -0.004, 0.033]
[0.245, -0.003, 0.035]
[0.245, -0.003, 0.035]
[0.242, -0.003, 0.037]
[0.238, -0.003, 0.038]
[0.232, -0.003, 0.038]
[0.229, -0.003, 0.038]
[0.225, -0.003, 0.039]
[0.222, -0.002, 0.039]
[0.219, -0.002, 0.041]
[0.216, -0.001, 0.042]
[0.213, -0.001, 0.042]
[0.211, 0.0, 0.043]
[0.209, 0.001, 0.043]
[0.207, 0.002, 0.044]
[0.205, 0.003, 0.045]
[0.202, 0.003, 0.045]
[0.2, 0.004, 0.047]
[0.198, 0.005, 0.048]
[0.196, 0.005, 0.049]
[0.194, 0.006, 0.05]
[0.191, 0.006, 0.05]
[0.188, 0.007, 0.049]
[0.187, 0.007, 0.049]
[0.187, 0.008, 0.05]
[0.186, 0.009, 0.052]
[0.186, 0.01, 0.054]
[0.185, 0.011, 0.055]
[0.181, 0.011, 0.056]
[0.178, 0.012, 0.054]
[0.174, 0.011, 0.053]
[0.17, 0.011, 0.052]
[0.166, 0.011, 0.053]
[0.163, 0.011, 0.053]
[0.159, 0.011, 0.053]
[0.153, 0.012, 0.053]
[0.148, 0.013, 0.051]
[0.14, 0.014, 0.049]
[0.14, 0.014, 0.049]
[0.137, 0.014, 0.048]
[0.134, 0.014, 0.047]
[0.129, 0.012, 0.043]
[0.129, 0.012, 0.043]
[0.128, 0.011, 0.042]
[0.128, 0.01, 0.042]
[0.126, 0.01, 0.044]
[0.125, 0.01, 0.045]
[0.122, 0.01, 0.046]
[0.12, 0.011, 0.047]
[0.118, 0.012, 0.046]
[0.117, 0.012, 0.046]
[0.115, 0.013, 0.046]
[0.114, 0.014, 0.045]
[0.114, 0.014, 0.046]
[0.117, 0.015, 0.048]
[0.118, 0.016, 0.049]
[0.118, 0.017, 0.05]
[0.118, 0.017, 0.051]
[0.118, 0.017, 0.051]
[0.119, 0.017, 0.051]
[0.119, 0.017, 0.05]
[0.12, 0.018, 0.049]
[0.12, 0.018, 0.049]
[0.119, 0.019, 0.048]
[0.117, 0.02, 0.047]
[0.114, 0.021, 0.047]
[0.112, 0.021, 0.046]
[0.111, 0.022, 0.045]
[0.113, 0.022, 0.045]
[0.115, 0.022, 0.045]
[0.118, 0.023, 0.045]
[0.119, 0.023, 0.045]
[0.119, 0.023, 0.045]
[0.118, 0.023, 0.044]
[0.116, 0.022, 0.042]
[0.116, 0.022, 0.041]
[0.118, 0.021, 0.042]
[0.118, 0.021, 0.044]
[0.116, 0.02, 0.044]
[0.107, 0.018, 0.037]
[0.101, 0.018, 0.031]
[0.096, 0.017, 0.026]
[0.095, 0.017, 0.022]
[0.098, 0.016, 0.019]
[0.103, 0.015, 0.015]
[0.105, 0.014, 0.012]
[0.103, 0.012, 0.008]
[0.097, 0.01, 0.002]
[0.089, 0.007, -0.001]
[0.083, 0.005, -0.004]
[0.079, 0.003, -0.005]
[0.076, 0.001, -0.005]
[0.071, -0.001, -0.003]
[0.066, -0.003, -0.001]
[0.061, -0.005, -0.001]
[0.055, -0.006, -0.001]
[0.05, -0.007, -0.004]
[0.044, -0.008, -0.009]
[0.039, -0.01, -0.012]
[0.036, -0.011, -0.014]
[0.034, -0.013, -0.013]
[0.032, -0.014, -0.01]
[0.03, -0.014, -0.009]
[0.024, -0.015, -0.008]
[0.015, -0.015, -0.01]
[0.009, -0.016, -0.011]
[0.005, -0.016, -0.013]
[0.005, -0.017, -0.013]
[0.005, -0.017, -0.013]
[0.006, -0.017, -0.013]
[0.005, -0.017, -0.014]
[0.003, -0.018, -0.015]
[0.001, -0.019, -0.017]
[-0.001, -0.02, -0.018]
[0.0, -0.021, -0.018]
[0.001, -0.022, -0.016]
[0.003, -0.022, -0.013]
[0.004, -0.022, -0.011]
[0.004, -0.023, -0.01]
[0.003, -0.023, -0.011]
[0.001, -0.023, -0.013]
[-0.001, -0.023, -0.015]
[-0.001, -0.024, -0.014]
[0.001, -0.024, -0.012]
[0.003, -0.024, -0.01]
[0.004, -0.024, -0.008]
[0.004, -0.024, -0.008]
[0.002, -0.023, -0.009]
[0.002, -0.023, -0.011]
[0.002, -0.024, -0.011]
[0.004, -0.024, -0.009]
[0.006, -0.024, -0.006]
[0.007, -0.024, -0.003]
[0.008, -0.023, -0.002]
[0.006, -0.022, -0.002]
[0.006, -0.021, -0.003]
[0.008, -0.02, -0.003]
[0.011, -0.02, -0.0]
[0.016, -0.019, 0.003]
[0.018, -0.017, 0.007]
[0.019, -0.016, 0.009]
[0.018, -0.014, 0.01]
[0.016, -0.014, 0.01]
[0.017, -0.014, 0.01]
[0.019, -0.012, 0.016]
[0.019, -0.012, 0.016]
[0.02, -0.01, 0.024]
[0.02, -0.009, 0.031]
[0.027, -0.006, 0.037]
[0.027, -0.006, 0.037]
[0.032, -0.004, 0.037]
[0.036, -0.002, 0.038]
[0.041, 0.004, 0.046]
[0.041, 0.004, 0.046]
[0.042, 0.007, 0.051]
[0.043, 0.01, 0.056]
[0.044, 0.013, 0.057]
[0.045, 0.016, 0.058]
[0.046, 0.02, 0.057]
[0.049, 0.023, 0.056]
[0.052, 0.025, 0.056]
[0.056, 0.028, 0.056]
[0.062, 0.031, 0.058]
[0.067, 0.033, 0.059]
[0.072, 0.036, 0.059]
[0.077, 0.038, 0.059]
[0.081, 0.041, 0.059]
[0.086, 0.043, 0.058]
[0.09, 0.045, 0.058]
[0.095, 0.047, 0.057]
[0.099, 0.048, 0.056]
[0.104, 0.05, 0.056]
[0.11, 0.051, 0.054]
[0.117, 0.051, 0.053]
[0.121, 0.052, 0.051]
[0.126, 0.051, 0.048]
[0.129, 0.05, 0.043]
[0.131, 0.05, 0.038]
[0.135, 0.05, 0.033]
[0.139, 0.049, 0.027]
[0.141, 0.048, 0.021]
[0.141, 0.047, 0.015]
[0.141, 0.045, 0.01]
[0.14, 0.042, 0.004]
[0.139, 0.038, -0.001]
[0.141, 0.034, -0.007]
[0.145, 0.03, -0.013]
[0.15, 0.025, -0.019]
[0.165, 0.016, -0.031]
[0.165, 0.016, -0.031]
[0.171, 0.012, -0.036]
[0.175, 0.008, -0.042]
[0.174, 0.003, -0.051]
[0.174, 0.003, -0.051]
[0.173, 0.0, -0.054]
[0.171, -0.002, -0.057]
[0.173, -0.007, -0.062]
[0.175, -0.01, -0.064]
[0.177, -0.012, -0.065]
[0.178, -0.014, -0.066]
[0.178, -0.017, -0.067]
[0.178, -0.02, -0.068]
[0.178, -0.022, -0.069]
[0.178, -0.024, -0.07]
[0.179, -0.026, -0.071]
[0.182, -0.027, -0.072]
[0.185, -0.028, -0.072]
[0.188, -0.029, -0.073]
[0.19, -0.028, -0.073]
[0.192, -0.028, -0.071]
[0.193, -0.027, -0.07]
[0.194, -0.026, -0.067]
[0.195, -0.025, -0.065]
[0.198, -0.024, -0.063]
[0.201, -0.022, -0.06]
[0.203, -0.02, -0.058]
[0.206, -0.018, -0.055]
[0.207, -0.015, -0.052]
[0.205, -0.012, -0.049]
[0.201, -0.008, -0.047]
[0.196, -0.005, -0.044]
[0.189, -0.003, -0.04]
[0.181, 0.0, -0.037]
[0.172, 0.003, -0.033]
[0.161, 0.005, -0.031]
[0.15, 0.007, -0.028]
[0.139, 0.008, -0.027]
[0.117, 0.01, -0.024]
[0.117, 0.01, -0.024]
[0.107, 0.012, -0.022]
[0.097, 0.014, -0.021]
[0.089, 0.015, -0.02]
[0.081, 0.016, -0.019]
[0.072, 0.017, -0.018]
[0.064, 0.018, -0.016]
[0.057, 0.019, -0.015]
[0.052, 0.02, -0.014]
[0.049, 0.021, -0.013]
[0.047, 0.021, -0.009]
[0.047, 0.021, -0.009]
[0.047, 0.021, -0.007]
[0.046, 0.02, -0.004]
[0.045, 0.02, -0.002]
[0.045, 0.02, 0.0]
[0.044, 0.02, 0.002]
[0.044, 0.02, 0.003]
[0.044, 0.021, 0.004]
[0.043, 0.021, 0.005]
[0.043, 0.022, 0.007]
[0.042, 0.022, 0.007]
[0.042, 0.023, 0.008]
[0.042, 0.023, 0.009]
[0.043, 0.024, 0.009]
[0.044, 0.024, 0.01]
[0.045, 0.024, 0.01]
[0.046, 0.024, 0.01]
[0.046, 0.025, 0.01]
[0.047, 0.025, 0.01]
[0.047, 0.026, 0.009]
[0.046, 0.026, 0.009]
[0.046, 0.027, 0.008]
[0.045, 0.028, 0.008]
[0.044, 0.028, 0.007]
[0.045, 0.028, 0.006]
[0.045, 0.028, 0.005]
[0.047, 0.029, 0.005]
[0.048, 0.028, 0.004]
[0.052, 0.027, 0.004]
[0.052, 0.027, 0.004]
[0.054, 0.026, 0.004]
[0.055, 0.026, 0.003]
[0.057, 0.027, 0.002]
[0.057, 0.028, -0.0]
[0.057, 0.028, -0.003]
[0.056, 0.029, -0.007]
[0.056, 0.03, -0.009]
[0.057, 0.03, -0.012]
[0.059, 0.032, -0.015]
[0.061, 0.033, -0.017]
[0.062, 0.035, -0.02]
[0.062, 0.036, -0.023]
[0.061, 0.037, -0.025]
[0.059, 0.038, -0.028]
[0.058, 0.038, -0.029]
[0.057, 0.039, -0.03]
[0.056, 0.039, -0.031]
[0.055, 0.04, -0.03]
[0.055, 0.04, -0.03]
[0.054, 0.04, -0.029]
[0.054, 0.04, -0.029]
