A0
A1
A2
A3
A4
A5
A6
A7
A8
A9
A10
A11
A12
A13
A14
A15
A16
A17
A18
A19
A20
A21
A22
A23
A24
A25
A26
A27
A28
--- [0.87, 0.67, 1.0, 1.0, 0.24, 0.24, 0.05, 0.13, 0.51, 0.54, 0.4, 0.38, 0.0, -0.0, 1.0, 0.21, 0.75, 0.6, 0.49, 0.8, 0.75, 0.46, 0.86, 0.55, 0.43, 0.55, 0.45, 0.0, 0.5, 99, 99, 99]
into servo loop...
start test new
list:  [0.46, 0.46, 0.83, 0.83, 1, 1, 0.4544811654090881, 0.4529171097278595, 0.26, 0.26, 0.34, 0.39, 0.195, 0.195, 1, 0.23, 0.97, 0.63, 0.27, 0.97, 0.97, 0.27, 0.27, 0.68, 0.39, 0.68, 0.39, 0.02, 0.56, 99, 99, 99]
--- num:  29
list:  [0.44, 0.44, 0.79, 0.79, 1, 1, 0.16199999999999998, 0.16199999999999998, 0.4, 0.4, 0.33, 0.39, 0.18, 0.14999999999999997, 1, 0.24, 0.97, 0.65, 0.26, 0.97, 0.97, 0.26, 0.26, 0.67, 0.4, 0.65, 0.41, 0.03, 0.62, 99, 99, 99]
--- num:  29
list:  [0.48, 0.48, 0.88, 0.88, 1, 1, 0.16199999999999998, 0.16199999999999998, 0.41, 0.41, 0.34, 0.39, 0.14999999999999997, 0.13499999999999995, 1, 0.23, 0.99, 0.63, 0.26, 0.99, 0.99, 0.26, 0.26, 0.65, 0.4, 0.64, 0.41, 0.02, 0.58, 99, 99, 99]
--- num:  29
list:  [0.47, 0.47, 0.87, 0.87, 1, 1, 0.16199999999999998, 0.16199999999999998, 0.42, 0.42, 0.33, 0.39, 0.14999999999999997, 0.13499999999999995, 1, 0.22, 0.99, 0.63, 0.26, 0.99, 0.99, 0.26, 0.26, 0.65, 0.4, 0.64, 0.41, 0.02, 0.56, 99, 99, 99]
--- num:  29
list:  [0.48, 0.48, 0.89, 0.89, 1, 1, 0.16199999999999998, 0.16199999999999998, 0.42, 0.42, 0.34, 0.38, 0.16499999999999998, 0.13499999999999995, 1, 0.22, 0.99, 0.63, 0.26, 0.99, 0.99, 0.26, 0.26, 0.66, 0.4, 0.64, 0.41, 0.01, 0.58, 99, 99, 99]
--- num:  29
list:  [0.46, 0.46, 0.83, 0.83, 1, 1, 0.7423122930526733, 0.7398389983177185, 0.2, 0.2, 0.35, 0.38, 0.16499999999999998, 0.16499999999999998, 1, 0.24, 0.955, 0.64, 0.27, 0.95, 0.96, 0.27, 0.27, 0.66, 0.4, 0.66, 0.4, 0.02, 0.58, 99, 99, 99]
--- num:  29
list:  [0.46, 0.46, 0.84, 0.84, 1, 1, 0.16199999999999998, 0.16199999999999998, 0.41, 0.41, 0.36, 0.37, 0.14999999999999997, 0.14999999999999997, 1, 0.24, 0.97, 0.64, 0.27, 0.97, 0.97, 0.27, 0.27, 0.65, 0.4, 0.65, 0.41, 0.02, 0.56, 99, 99, 99]
--- num:  29
list:  [0.47, 0.47, 0.87, 0.87, 1, 1, 0.16199999999999998, 0.16199999999999998, 0.42, 0.42, 0.38, 0.34, 0.16499999999999998, 0.14999999999999997, 1, 0.23, 0.98, 0.64, 0.26, 0.98, 0.98, 0.26, 0.26, 0.66, 0.4, 0.65, 0.41, 0.02, 0.55, 99, 99, 99]
--- num:  29
list:  [0.48, 0.48, 0.88, 0.88, 1, 1, 0.16199999999999998, 0.16199999999999998, 0.42, 0.42, 0.38, 0.34, 0.16499999999999998, 0.13499999999999995, 1, 0.23, 0.98, 0.63, 0.26, 0.98, 0.98, 0.26, 0.26, 0.66, 0.4, 0.64, 0.41, 0.01, 0.56, 99, 99, 99]
--- num:  29
list:  [0.49, 0.49, 0.9, 0.9, 1, 1, 0.16199999999999998, 0.16199999999999998, 0.41, 0.41, 0.38, 0.35, 0.16499999999999998, 0.13499999999999995, 1, 0.22, 0.98, 0.63, 0.26, 0.98, 0.98, 0.26, 0.26, 0.66, 0.4, 0.64, 0.41, 0.01, 0.56, 99, 99, 99]
--- num:  29
list:  [0.56, 0.56, 1, 1, 0.98, 0.98, 0.90603200674057, 0.9058968234062195, 0.3, 0.3, 0.37, 0.36, 0.16499999999999998, 0.18, 1, 0.24, 0.945, 0.65, 0.29, 0.94, 0.95, 0.29, 0.29, 0.66, 0.4, 0.67, 0.4, 0.02, 0.55, 99, 99, 99]
--- num:  29
list:  [0.46, 0.46, 0.83, 0.83, 1, 1, 0.16199999999999998, 0.16199999999999998, 0.47, 0.47, 0.59, 0.14, 0.16499999999999998, 0.14999999999999997, 1, 0.25, 0.965, 0.65, 0.28, 0.96, 0.97, 0.28, 0.28, 0.66, 0.4, 0.65, 0.41, 0.02, 0.55, 99, 99, 99]
--- num:  29
list:  [0.45, 0.45, 0.81, 0.81, 1, 1, 0.16199999999999998, 0.16199999999999998, 0.51, 0.51, 0.6, 0.13, 0.18, 0.14999999999999997, 1, 0.24, 0.97, 0.64, 0.28, 0.97, 0.97, 0.28, 0.28, 0.67, 0.4, 0.65, 0.41, 0.02, 0.56, 99, 99, 99]
--- num:  29
list:  [0.44, 0.44, 0.79, 0.79, 1, 1, 0.16199999999999998, 0.16199999999999998, 0.52, 0.52, 0.61, 0.13, 0.18, 0.14999999999999997, 1, 0.24, 0.97, 0.64, 0.28, 0.97, 0.97, 0.28, 0.28, 0.67, 0.4, 0.65, 0.41, 0.03, 0.56, 99, 99, 99]
--- num:  29
list:  [0.42, 0.42, 0.74, 0.74, 1, 1, 0.70133469581604, 0.6863709497451782, 0.28, 0.28, 0.33, 0.39, 0.22499999999999987, 0.23999999999999988, 1, 0.24, 0.97, 0.64, 0.29, 0.97, 0.97, 0.29, 0.29, 0.7, 0.38, 0.71, 0.38, 0.03, 0.55, 99, 99, 99]
--- num:  29
list:  [0.41, 0.41, 0.71, 0.71, 1, 1, 0.16199999999999998, 0.16199999999999998, 0.52, 0.52, 0.31, 0.41, 0.22499999999999987, 0.23999999999999988, 1, 0.24, 0.96, 0.64, 0.29, 0.96, 0.96, 0.29, 0.29, 0.7, 0.38, 0.71, 0.38, 0.03, 0.53, 99, 99, 99]
--- num:  29
list:  [0.41, 0.41, 0.73, 0.73, 1, 1, 0.16199999999999998, 0.16199999999999998, 0.54, 0.54, 0.31, 0.41, 0.22499999999999987, 0.20999999999999985, 1, 0.24, 0.96, 0.64, 0.29, 0.96, 0.96, 0.29, 0.29, 0.7, 0.38, 0.69, 0.39, 0.03, 0.51, 99, 99, 99]
--- num:  29
list:  [0.43, 0.43, 0.78, 0.78, 1, 1, 0.5942321228981018, 0.5933896708488464, 0.32, 0.32, 0.35, 0.37, 0.20999999999999985, 0.22499999999999987, 1, 0.24, 0.95, 0.64, 0.31, 0.95, 0.95, 0.31, 0.31, 0.69, 0.39, 0.7, 0.38, 0.03, 0.49, 99, 99, 99]
--- num:  29
list:  [0.42, 0.42, 0.73, 0.73, 1, 1, 0.21514811694622038, 0.2148455488681793, 0.4, 0.4, 0.39, 0.33, 0.18, 0.20999999999999985, 1, 0.25, 0.94, 0.65, 0.32, 0.94, 0.94, 0.32, 0.32, 0.67, 0.39, 0.69, 0.39, 0.03, 0.48, 99, 99, 99]
--- num:  29
list:  [0.44, 0.44, 0.78, 0.78, 1, 1, 0.16199999999999998, 0.16199999999999998, 0.49, 0.49, 0.44, 0.28, 0.11999999999999994, 0.11999999999999994, 1, 0.25, 0.96, 0.65, 0.3, 0.96, 0.96, 0.3, 0.3, 0.63, 0.41, 0.63, 0.41, 0.03, 0.47, 99, 99, 99]
--- num:  29
list:  [0.44, 0.44, 0.8, 0.8, 1, 1, 0.16199999999999998, 0.16199999999999998, 0.49, 0.49, 0.45, 0.27, 0.05999999999999989, 0.08999999999999991, 1, 0.25, 0.965, 0.65, 0.31, 0.96, 0.97, 0.31, 0.31, 0.59, 0.43, 0.61, 0.42, 0.03, 0.46, 99, 99, 99]
--- num:  29
list:  [0.45, 0.45, 0.81, 0.81, 1, 1, 0.16199999999999998, 0.16199999999999998, 0.48, 0.48, 0.45, 0.27, 0, 0, 1, 0.25, 0.97, 0.65, 0.3, 0.97, 0.97, 0.3, 0.3, 0.49, 0.57, 0.49, 0.56, 0.03, 0.46, 99, 99, 99]
--- num:  29
list:  [0.57, 0.57, 1, 1, 0.97, 0.97, 0.5951341199874878, 0.5945251989364624, 0.26, 0.26, 0.42, 0.31, 0, 0, 0.75, 0.27, 0.96, 0.67, 0.31, 0.96, 0.96, 0.31, 0.31, 0.31, 0.92, 0.31, 0.92, 0.03, 0.51, 99, 99, 99]
--- num:  29
list:  [0.56, 0.56, 1, 1, 0.97, 0.97, 0.16199999999999998, 0.16199999999999998, 0.44, 0.44, 0.38, 0.34, 0, 0, 1, 0.27, 0.97, 0.67, 0.3, 0.97, 0.97, 0.3, 0.3, 0.31, 0.92, 0.31, 0.92, 0.03, 0.54, 99, 99, 99]
--- num:  29
list:  [0.56, 0.56, 1, 1, 0.98, 0.98, 0.16199999999999998, 0.16199999999999998, 0.46, 0.46, 0.35, 0.38, 0, 0, 1, 0.27, 0.97, 0.67, 0.3, 0.97, 0.97, 0.3, 0.3, 0.31, 0.92, 0.31, 0.92, 0.03, 0.58, 99, 99, 99]
--- num:  29
list:  [0.56, 0.56, 1, 1, 0.98, 0.98, 0.16199999999999998, 0.16199999999999998, 0.46, 0.46, 0.3, 0.42, 0, 0, 1, 0.27, 0.97, 0.66, 0.29, 0.97, 0.97, 0.29, 0.29, 0.31, 0.92, 0.31, 0.92, 0.03, 0.66, 99, 99, 99]
--- num:  29
list:  [0.56, 0.56, 1, 1, 0.98, 0.98, 0.16199999999999998, 0.16199999999999998, 0.48, 0.48, 0.27, 0.46, 0, 0, 1, 0.26, 0.97, 0.66, 0.31, 0.97, 0.97, 0.31, 0.31, 0.31, 0.92, 0.32, 0.9, 0.03, 0.67, 99, 99, 99]
--- num:  29
list:  [0.55, 0.55, 1, 1, 0.98, 0.98, 0.16199999999999998, 0.16199999999999998, 0.5, 0.5, 0.27, 0.45, 0, 0, 1, 0.27, 0.965, 0.67, 0.35, 0.97, 0.96, 0.35, 0.35, 0.31, 0.92, 0.35, 0.85, 0.03, 0.72, 99, 99, 99]
--- num:  29
list:  [0.4, 0.4, 0.7, 0.7, 1, 1, 0.16199999999999998, 0.16199999999999998, 0.55, 0.55, 0.61, 0.12, 0, 0, 1, 0.33, 0.92, 0.71, 0.45, 0.92, 0.92, 0.45, 0.45, 0.43, 0.68, 0.47, 0.61, 0.03, 0.89, 99, 99, 99]
--- num:  29
list:  [0.4, 0.4, 0.7, 0.7, 1, 1, 0.16199999999999998, 0.16199999999999998, 0.55, 0.55, 0.63, 0.1, 0, 0, 1, 0.33, 0.9, 0.71, 0.49, 0.9, 0.9, 0.49, 0.49, 0.45, 0.64, 0.49, 0.57, 0.04, 1, 99, 99, 99]
--- num:  29
list:  [0.4, 0.4, 0.7, 0.7, 1, 1, 0.16199999999999998, 0.16199999999999998, 0.54, 0.54, 0.64, 0.09, 0, 0, 1, 0.34, 0.875, 0.72, 0.52, 0.87, 0.88, 0.52, 0.52, 0.48, 0.58, 0.51, 0.52, 0.04, 1, 99, 99, 99]
--- num:  29
list:  [0.4, 0.4, 0.71, 0.71, 1, 1, 0.16199999999999998, 0.16199999999999998, 0.54, 0.54, 0.67, 0.07, 0, 0, 1, 0.35, 0.87, 0.73, 0.53, 0.87, 0.87, 0.53, 0.53, 0.52, 0.51, 0.54, 0.47, 0.05, 1, 99, 99, 99]
--- num:  29
list:  [0.55, 0.55, 1, 1, 0.98, 0.98, 0.16199999999999998, 0.16199999999999998, 0.53, 0.53, 0.67, 0.07, 0, 0, 1, 0.36, 0.87, 0.73, 0.53, 0.87, 0.87, 0.53, 0.53, 0.51, 0.52, 0.52, 0.5, 0.07, 1, 99, 99, 99]
--- num:  29
list:  [0.58, 0.58, 1, 1, 0.96, 0.96, 0.16199999999999998, 0.16199999999999998, 0.51, 0.51, 0.66, 0.07, 0, 0, 1, 0.38, 0.885, 0.75, 0.54, 0.88, 0.89, 0.54, 0.54, 0.48, 0.58, 0.48, 0.58, 0.08, 1, 99, 99, 99]
--- num:  29
list:  [0.66, 0.66, 1, 1, 0.9, 0.9, 0.16199999999999998, 0.16199999999999998, 0.46, 0.46, 0.4, 0.32, 0, 0, 1, 0.4, 0.91, 0.76, 0.54, 0.91, 0.91, 0.54, 0.54, 0.39, 0.77, 0.39, 0.76, 0.11, 1, 99, 99, 99]
--- num:  29
list:  [0.81, 0.81, 1, 1, 0.77, 0.77, 0.16199999999999998, 0.16199999999999998, 0.41, 0.41, 0.34, 0.39, 0, 0, 1, 0.42, 0.94, 0.77, 0.53, 0.94, 0.94, 0.53, 0.53, 0.37, 0.8, 0.37, 0.8, 0.14, 1, 99, 99, 99]
--- num:  29
list:  [0.84, 0.84, 1, 1, 0.75, 0.75, 0.16199999999999998, 0.16199999999999998, 0.4, 0.4, 0.34, 0.38, 0, 0, 1, 0.42, 0.945, 0.78, 0.56, 0.94, 0.95, 0.56, 0.56, 0.36, 0.82, 0.36, 0.83, 0.17, 1, 99, 99, 99]
--- num:  29
list:  [0.83, 0.83, 1, 1, 0.75, 0.75, 0.16199999999999998, 0.16199999999999998, 0.4, 0.4, 0.35, 0.37, 0, 0, 1, 0.43, 0.945, 0.78, 0.56, 0.94, 0.95, 0.56, 0.56, 0.34, 0.85, 0.34, 0.86, 0.19, 1, 99, 99, 99]
--- num:  29
list:  [0.83, 0.83, 1, 1, 0.75, 0.75, 0.16199999999999998, 0.16199999999999998, 0.4, 0.4, 0.35, 0.37, 0, 0, 1, 0.43, 0.935, 0.78, 0.56, 0.93, 0.94, 0.56, 0.56, 0.34, 0.87, 0.34, 0.86, 0.19, 1, 99, 99, 99]
--- num:  29
list:  [0.83, 0.83, 1, 1, 0.75, 0.75, 0.16199999999999998, 0.16199999999999998, 0.4, 0.4, 0.35, 0.37, 0, 0, 1, 0.43, 0.935, 0.78, 0.56, 0.93, 0.94, 0.56, 0.56, 0.34, 0.86, 0.34, 0.86, 0.2, 1, 99, 99, 99]
--- num:  29
list:  [0.83, 0.83, 1, 1, 0.76, 0.76, 0.16199999999999998, 0.16199999999999998, 0.4, 0.4, 0.36, 0.36, 0, 0, 1, 0.42, 0.915, 0.78, 0.56, 0.91, 0.92, 0.56, 0.56, 0.33, 0.88, 0.33, 0.87, 0.22, 1, 99, 99, 99]
--- num:  29
list:  [0.83, 0.83, 1, 1, 0.76, 0.76, 0.16199999999999998, 0.16199999999999998, 0.39, 0.39, 0.36, 0.36, 0, 0, 1, 0.4, 0.905, 0.76, 0.56, 0.9, 0.91, 0.56, 0.56, 0.31, 0.91, 0.33, 0.88, 0.24, 1, 99, 99, 99]
--- num:  29
list:  [0.77, 0.77, 1, 1, 0.8, 0.8, 0.16199999999999998, 0.16199999999999998, 0.43, 0.43, 0.69, 0.05, 0, 0, 1, 0.4, 0.855, 0.76, 0.56, 0.85, 0.86, 0.56, 0.56, 0.36, 0.82, 0.37, 0.81, 0.22, 1, 99, 99, 99]
--- num:  29
list:  [0.76, 0.76, 1, 1, 0.81, 0.81, 0.16199999999999998, 0.16199999999999998, 0.45, 0.45, 0.71, 0.02, 0, 0, 1, 0.39, 0.845, 0.75, 0.56, 0.84, 0.85, 0.56, 0.56, 0.38, 0.79, 0.38, 0.78, 0.21, 1, 99, 99, 99]
--- num:  29
list:  [0.75, 0.75, 1, 1, 0.82, 0.82, 0.16199999999999998, 0.16199999999999998, 0.44, 0.44, 0.71, 0.02, 0, 0, 1, 0.38, 0.835, 0.75, 0.56, 0.83, 0.84, 0.56, 0.56, 0.39, 0.76, 0.4, 0.75, 0.21, 1, 99, 99, 99]
--- num:  29
list:  [0.75, 0.75, 1, 1, 0.83, 0.83, 0.16199999999999998, 0.16199999999999998, 0.44, 0.44, 0.71, 0.03, 0, 0, 1, 0.38, 0.845, 0.75, 0.56, 0.84, 0.85, 0.56, 0.56, 0.38, 0.78, 0.39, 0.77, 0.22, 1, 99, 99, 99]
--- num:  29
list:  [0.74, 0.74, 1, 1, 0.83, 0.83, 0.16199999999999998, 0.16199999999999998, 0.45, 0.45, 0.73, 0.01, 0, 0, 1, 0.38, 0.845, 0.75, 0.56, 0.84, 0.85, 0.56, 0.56, 0.39, 0.76, 0.4, 0.75, 0.24, 1, 99, 99, 99]
--- num:  29
list:  [0.74, 0.74, 1, 1, 0.83, 0.83, 0.16199999999999998, 0.16199999999999998, 0.45, 0.45, 0.74, 0.0, 0, 0, 1, 0.38, 0.835, 0.75, 0.56, 0.83, 0.84, 0.56, 0.56, 0.37, 0.8, 0.38, 0.79, 0.24, 1, 99, 99, 99]
--- num:  29
list:  [0.75, 0.75, 1, 1, 0.82, 0.82, 0.16199999999999998, 0.16199999999999998, 0.41, 0.41, 0.41, 0.31, 0, 0, 1, 0.39, 0.85, 0.76, 0.56, 0.85, 0.85, 0.56, 0.56, 0.31, 0.92, 0.31, 0.91, 0.26, 1.0, 99, 99, 99]
--- num:  29
list:  [0.77, 0.77, 1, 1, 0.8, 0.8, 0.16199999999999998, 0.16199999999999998, 0.4, 0.4, 0.39, 0.33, 0, 0, 1, 0.39, 0.87, 0.76, 0.56, 0.87, 0.87, 0.56, 0.56, 0.31, 0.91, 0.32, 0.9, 0.29, 1, 99, 99, 99]
--- num:  29
list:  [0.92, 0.92, 1, 1, 0.69, 0.69, 0.16199999999999998, 0.16199999999999998, 0.4, 0.4, 0.38, 0.34, 0, 0, 1, 0.4, 0.9, 0.76, 0.56, 0.9, 0.9, 0.56, 0.56, 0.32, 0.91, 0.33, 0.88, 0.35, 1, 99, 99, 99]
--- num:  29
list:  [0.92, 0.92, 1, 1, 0.68, 0.68, 0.16199999999999998, 0.16199999999999998, 0.39, 0.39, 0.37, 0.35, 0, 0, 1, 0.41, 0.915, 0.77, 0.56, 0.91, 0.92, 0.56, 0.56, 0.32, 0.91, 0.33, 0.87, 0.36, 1, 99, 99, 99]
--- num:  29
list:  [0.92, 0.92, 1, 1, 0.68, 0.68, 0.16199999999999998, 0.16199999999999998, 0.38, 0.38, 0.37, 0.35, 0, 0, 1, 0.41, 0.92, 0.77, 0.56, 0.92, 0.92, 0.56, 0.56, 0.32, 0.9, 0.34, 0.86, 0.36, 1, 99, 99, 99]
--- num:  29
list:  [0.92, 0.92, 1, 1, 0.68, 0.68, 0.16199999999999998, 0.16199999999999998, 0.38, 0.38, 0.36, 0.36, 0, 0, 1, 0.41, 0.92, 0.77, 0.56, 0.92, 0.92, 0.56, 0.56, 0.32, 0.89, 0.34, 0.86, 0.36, 1, 99, 99, 99]
--- num:  29
list:  [0.92, 0.92, 1, 1, 0.68, 0.68, 0.4075875687599182, 0.40294898629188536, 0.3, 0.3, 0.34, 0.38, 0, 0, 1, 0.42, 0.865, 0.77, 0.56, 0.85, 0.88, 0.56, 0.56, 0.39, 0.76, 0.39, 0.76, 0.36, 0.94, 99, 99, 99]
--- num:  29
list:  [0.92, 0.92, 1, 1, 0.68, 0.68, 0.16199999999999998, 0.16199999999999998, 0.42, 0.42, 0.32, 0.4, 0, 0, 1, 0.41, 0.895, 0.77, 0.56, 0.89, 0.9, 0.56, 0.56, 0.39, 0.76, 0.4, 0.75, 0.37, 1, 99, 99, 99]
--- num:  29
list:  [0.92, 0.92, 1, 1, 0.68, 0.68, 0.16199999999999998, 0.16199999999999998, 0.41, 0.41, 0.32, 0.41, 0, 0, 1, 0.41, 0.91, 0.77, 0.56, 0.9, 0.92, 0.56, 0.56, 0.36, 0.82, 0.37, 0.8, 0.38, 1, 99, 99, 99]
--- num:  29
list:  [0.92, 0.92, 1, 1, 0.68, 0.68, 0.16199999999999998, 0.16199999999999998, 0.4, 0.4, 0.32, 0.4, 0, 0, 1, 0.41, 0.915, 0.77, 0.56, 0.91, 0.92, 0.56, 0.56, 0.36, 0.81, 0.37, 0.81, 0.38, 1, 99, 99, 99]
--- num:  29
list:  [0.92, 0.92, 1, 1, 0.68, 0.68, 0.16199999999999998, 0.16199999999999998, 0.41, 0.41, 0.35, 0.38, 0, 0, 1, 0.41, 0.915, 0.77, 0.56, 0.91, 0.92, 0.56, 0.56, 0.36, 0.82, 0.37, 0.81, 0.37, 1, 99, 99, 99]
--- num:  29
list:  [0.92, 0.92, 1, 1, 0.68, 0.68, 0.16199999999999998, 0.16199999999999998, 0.4, 0.4, 0.38, 0.35, 0, 0, 1, 0.41, 0.915, 0.77, 0.56, 0.91, 0.92, 0.56, 0.56, 0.35, 0.83, 0.37, 0.8, 0.35, 1, 99, 99, 99]
--- num:  29
list:  [0.92, 0.92, 1, 1, 0.68, 0.68, 0.16199999999999998, 0.16199999999999998, 0.38, 0.38, 0.41, 0.31, 0, 0, 1, 0.41, 0.915, 0.77, 0.56, 0.91, 0.92, 0.56, 0.56, 0.37, 0.8, 0.38, 0.78, 0.35, 0.99, 99, 99, 99]
--- num:  29
list:  [0.92, 0.92, 1, 1, 0.69, 0.69, 0.16199999999999998, 0.16199999999999998, 0.38, 0.38, 0.41, 0.31, 0, 0, 1, 0.41, 0.915, 0.77, 0.56, 0.91, 0.92, 0.56, 0.56, 0.37, 0.81, 0.38, 0.79, 0.36, 0.71, 99, 99, 99]
--- num:  29
list:  [0.9, 0.9, 1, 1, 0.7, 0.7, 0.16199999999999998, 0.16199999999999998, 0.38, 0.38, 0.41, 0.31, 0, 0, 1, 0.42, 0.91, 0.77, 0.56, 0.91, 0.91, 0.56, 0.56, 0.34, 0.85, 0.34, 0.86, 0.35, 0.16, 99, 99, 99]
--- num:  29
list:  [0.92, 0.92, 1, 1, 0.68, 0.68, 0.16199999999999998, 0.16199999999999998, 0.31, 0.31, 0.39, 0.33, 0, 0, 1, 0.42, 0.92, 0.78, 0.56, 0.92, 0.92, 0.56, 0.56, 0.31, 0.92, 0.33, 0.87, 0.41, 1, 99, 99, 99]
--- num:  29
list:  [0.92, 0.92, 1, 1, 0.68, 0.68, 0.16199999999999998, 0.16199999999999998, 0.3, 0.3, 0.38, 0.34, 0, 0, 1, 0.43, 0.92, 0.78, 0.56, 0.92, 0.92, 0.56, 0.56, 0.31, 0.92, 0.32, 0.9, 0.41, 1, 99, 99, 99]
--- num:  29
list:  [0.92, 0.92, 1, 1, 0.68, 0.68, 0.16199999999999998, 0.16199999999999998, 0.28, 0.28, 0.38, 0.35, 0, 0, 1, 0.42, 0.925, 0.78, 0.56, 0.92, 0.93, 0.56, 0.56, 0.31, 0.92, 0.33, 0.88, 0.4, 1, 99, 99, 99]
--- num:  29
list:  [0.92, 0.92, 1, 1, 0.68, 0.68, 0.16199999999999998, 0.16199999999999998, 0.28, 0.28, 0.38, 0.34, 0, 0, 1, 0.41, 0.925, 0.77, 0.56, 0.92, 0.93, 0.56, 0.56, 0.32, 0.91, 0.34, 0.87, 0.39, 1, 99, 99, 99]
--- num:  29
list:  [0.92, 0.92, 1, 1, 0.68, 0.68, 0.16199999999999998, 0.16199999999999998, 0.27, 0.27, 0.39, 0.34, 0, 0, 1, 0.4, 0.925, 0.76, 0.56, 0.92, 0.93, 0.56, 0.56, 0.32, 0.9, 0.34, 0.87, 0.39, 1, 99, 99, 99]
--- num:  29
list:  [0.92, 0.92, 1, 1, 0.68, 0.68, 0.16199999999999998, 0.16199999999999998, 0.28, 0.28, 0.39, 0.33, 0, 0, 1, 0.4, 0.925, 0.76, 0.56, 0.92, 0.93, 0.56, 0.56, 0.32, 0.9, 0.34, 0.87, 0.38, 1, 99, 99, 99]
--- num:  29
list:  [0.92, 0.92, 1, 1, 0.68, 0.68, 0.16199999999999998, 0.16199999999999998, 0.28, 0.28, 0.38, 0.34, 0, 0, 1, 0.4, 0.92, 0.76, 0.56, 0.92, 0.92, 0.56, 0.56, 0.32, 0.89, 0.35, 0.84, 0.38, 1, 99, 99, 99]
--- num:  29
list:  [0.9, 0.9, 1, 1, 0.7, 0.7, 0.7802522587776184, 0.7804773259162903, 0.17, 0.17, 0.37, 0.36, 0, 0, 1, 0.43, 0.775, 0.78, 0.56, 0.75, 0.8, 0.56, 0.56, 0.42, 0.7, 0.42, 0.7, 0.37, 0.85, 99, 99, 99]
--- num:  29
list:  [0.89, 0.89, 1, 1, 0.7, 0.7, 0.16199999999999998, 0.16199999999999998, 0.32, 0.32, 0.36, 0.36, 0, 0, 1, 0.41, 0.83, 0.77, 0.56, 0.82, 0.84, 0.56, 0.56, 0.4, 0.73, 0.42, 0.7, 0.37, 0.85, 99, 99, 99]
--- num:  29
list:  [0.9, 0.9, 1, 1, 0.7, 0.7, 0.16199999999999998, 0.16199999999999998, 0.33, 0.33, 0.37, 0.35, 0, 0, 1, 0.41, 0.865, 0.77, 0.56, 0.86, 0.87, 0.56, 0.56, 0.37, 0.8, 0.39, 0.76, 0.38, 0.91, 99, 99, 99]
--- num:  29
list:  [0.91, 0.91, 1, 1, 0.69, 0.69, 0.16199999999999998, 0.16199999999999998, 0.34, 0.34, 0.42, 0.3, 0, 0, 1, 0.38, 0.88, 0.75, 0.56, 0.88, 0.88, 0.56, 0.56, 0.37, 0.8, 0.39, 0.77, 0.36, 0.74, 99, 99, 99]
--- num:  29
list:  [0.91, 0.91, 1, 1, 0.69, 0.69, 0.16199999999999998, 0.16199999999999998, 0.34, 0.34, 0.49, 0.24, 0, 0, 1, 0.37, 0.875, 0.74, 0.56, 0.87, 0.88, 0.56, 0.56, 0.38, 0.79, 0.38, 0.79, 0.36, 0.49, 99, 99, 99]
--- num:  29
list:  [0.87, 0.87, 1, 1, 0.72, 0.72, 0.16199999999999998, 0.16199999999999998, 0.39, 0.39, 0.48, 0.24, 0, 0, 1, 0.4, 0.87, 0.76, 0.56, 0.87, 0.87, 0.56, 0.56, 0.37, 0.8, 0.37, 0.79, 0.37, 0.57, 99, 99, 99]
--- num:  29
list:  [0.87, 0.87, 1, 1, 0.72, 0.72, 0.16199999999999998, 0.16199999999999998, 0.4, 0.4, 0.49, 0.23, 0, 0, 1, 0.4, 0.87, 0.77, 0.56, 0.87, 0.87, 0.56, 0.56, 0.37, 0.81, 0.37, 0.79, 0.37, 0.54, 99, 99, 99]
--- num:  29
list:  [0.87, 0.87, 1, 1, 0.72, 0.72, 0.16199999999999998, 0.16199999999999998, 0.42, 0.42, 0.47, 0.26, 0, 0, 1, 0.41, 0.88, 0.77, 0.56, 0.88, 0.88, 0.56, 0.56, 0.36, 0.82, 0.36, 0.81, 0.37, 0.55, 99, 99, 99]
--- num:  29
list:  [0.87, 0.87, 1, 1, 0.73, 0.73, 0.16199999999999998, 0.16199999999999998, 0.42, 0.42, 0.42, 0.31, 0, 0, 1, 0.41, 0.88, 0.77, 0.56, 0.88, 0.88, 0.56, 0.56, 0.36, 0.82, 0.37, 0.8, 0.37, 0.69, 99, 99, 99]
--- num:  29
list:  [0.81, 0.81, 1, 1, 0.77, 0.77, 0.7906856942176819, 0.788880865573883, 0.29, 0.29, 0.37, 0.36, 0, 0, 1, 0.43, 0.78, 0.78, 0.56, 0.77, 0.79, 0.56, 0.56, 0.43, 0.68, 0.45, 0.65, 0.32, 0.55, 99, 99, 99]
--- num:  29
list:  [0.83, 0.83, 1, 1, 0.75, 0.75, 0.16199999999999998, 0.16199999999999998, 0.44, 0.44, 0.64, 0.09, 0, 0, 1, 0.44, 0.835, 0.79, 0.56, 0.83, 0.84, 0.56, 0.56, 0.38, 0.78, 0.39, 0.76, 0.32, 0.83, 99, 99, 99]
--- num:  29
list:  [0.85, 0.85, 1, 1, 0.74, 0.74, 0.16199999999999998, 0.16199999999999998, 0.46, 0.46, 0.63, 0.1, 0, 0, 1, 0.44, 0.865, 0.8, 0.56, 0.86, 0.87, 0.56, 0.56, 0.38, 0.79, 0.39, 0.77, 0.34, 1, 99, 99, 99]
--- num:  29
list:  [0.85, 0.85, 1, 1, 0.74, 0.74, 0.16199999999999998, 0.16199999999999998, 0.46, 0.46, 0.58, 0.15, 0, 0, 1, 0.44, 0.895, 0.79, 0.56, 0.89, 0.9, 0.56, 0.56, 0.4, 0.74, 0.41, 0.72, 0.38, 0.99, 99, 99, 99]
--- num:  29
list:  [0.85, 0.85, 1, 1, 0.74, 0.74, 0.16199999999999998, 0.16199999999999998, 0.47, 0.47, 0.55, 0.18, 0, 0, 1, 0.45, 0.895, 0.8, 0.56, 0.89, 0.9, 0.56, 0.56, 0.39, 0.76, 0.41, 0.73, 0.39, 1, 99, 99, 99]
--- num:  29
list:  [0.85, 0.85, 1, 1, 0.74, 0.74, 0.16199999999999998, 0.16199999999999998, 0.46, 0.46, 0.54, 0.19, 0, 0, 1, 0.45, 0.895, 0.8, 0.56, 0.89, 0.9, 0.56, 0.56, 0.42, 0.7, 0.42, 0.7, 0.42, 1, 99, 99, 99]
--- num:  29
list:  [0.85, 0.85, 1, 1, 0.74, 0.74, 0.16199999999999998, 0.16199999999999998, 0.46, 0.46, 0.52, 0.21, 0, 0, 1, 0.45, 0.9, 0.8, 0.56, 0.89, 0.91, 0.56, 0.56, 0.41, 0.72, 0.42, 0.71, 0.43, 1, 99, 99, 99]
--- num:  29
list:  [0.85, 0.85, 1, 1, 0.74, 0.74, 0.16199999999999998, 0.16199999999999998, 0.47, 0.47, 0.5, 0.23, 0, 0, 1, 0.45, 0.905, 0.8, 0.56, 0.9, 0.91, 0.56, 0.56, 0.41, 0.72, 0.42, 0.71, 0.44, 1, 99, 99, 99]
--- num:  29
list:  [0.86, 0.86, 1, 1, 0.73, 0.73, 0.16199999999999998, 0.16199999999999998, 0.4, 0.4, 0.19, 0.53, 0, 0, 1, 0.45, 0.905, 0.8, 0.56, 0.9, 0.91, 0.56, 0.56, 0.41, 0.73, 0.41, 0.73, 0.47, 0.5, 99, 99, 99]
--- num:  29
list:  [0.86, 0.86, 1, 1, 0.73, 0.73, 0.16199999999999998, 0.16199999999999998, 0.4, 0.4, 0.19, 0.53, 0, 0, 1, 0.45, 0.905, 0.8, 0.56, 0.9, 0.91, 0.56, 0.56, 0.41, 0.72, 0.41, 0.72, 0.48, 0.5, 99, 99, 99]
--- num:  29
list:  [0.86, 0.86, 1, 1, 0.73, 0.73, 0.16199999999999998, 0.16199999999999998, 0.38, 0.38, 0.19, 0.53, 0, 0, 1, 0.46, 0.91, 0.81, 0.56, 0.9, 0.92, 0.56, 0.56, 0.41, 0.71, 0.41, 0.71, 0.48, 0.5, 99, 99, 99]
--- num:  29
list:  [0.87, 0.87, 1, 1, 0.73, 0.73, 0.16199999999999998, 0.16199999999999998, 0.38, 0.38, 0.2, 0.53, 0, 0, 1, 0.46, 0.915, 0.81, 0.56, 0.91, 0.92, 0.56, 0.56, 0.41, 0.71, 0.42, 0.71, 0.49, 0.5, 99, 99, 99]
--- num:  29
list:  [0.87, 0.87, 1, 1, 0.72, 0.72, 0.16199999999999998, 0.16199999999999998, 0.38, 0.38, 0.2, 0.52, 0, 0, 1, 0.47, 0.915, 0.81, 0.56, 0.91, 0.92, 0.56, 0.56, 0.41, 0.72, 0.41, 0.71, 0.49, 0.5, 99, 99, 99]
--- num:  29
list:  [0.87, 0.87, 1, 1, 0.72, 0.72, 0.16199999999999998, 0.16199999999999998, 0.39, 0.39, 0.23, 0.49, 0, 0, 1, 0.46, 0.92, 0.81, 0.56, 0.92, 0.92, 0.56, 0.56, 0.42, 0.71, 0.42, 0.7, 0.49, 0.5, 99, 99, 99]
--- num:  29
list:  [0.87, 0.87, 1, 1, 0.72, 0.72, 0.16199999999999998, 0.16199999999999998, 0.38, 0.38, 0.26, 0.46, 0, 0, 1, 0.46, 0.92, 0.81, 0.56, 0.92, 0.92, 0.56, 0.56, 0.42, 0.71, 0.42, 0.7, 0.48, 0.5, 99, 99, 99]
--- num:  29
list:  [0.87, 0.87, 1, 1, 0.72, 0.72, 0.16199999999999998, 0.16199999999999998, 0.38, 0.38, 0.29, 0.44, 0, 0, 1, 0.46, 0.915, 0.81, 0.56, 0.91, 0.92, 0.56, 0.56, 0.4, 0.73, 0.41, 0.71, 0.46, 0.5, 99, 99, 99]
--- num:  29
list:  [0.86, 0.86, 1, 1, 0.73, 0.73, 0.16199999999999998, 0.16199999999999998, 0.38, 0.38, 0.3, 0.42, 0, 0, 1, 0.45, 0.915, 0.8, 0.56, 0.91, 0.92, 0.56, 0.56, 0.41, 0.73, 0.42, 0.71, 0.44, 0.48, 99, 99, 99]
--- num:  29
list:  [0.77, 0.77, 1, 1, 0.81, 0.81, 0.29800559163093565, 0.29700170040130613, 0.29, 0.29, 0.31, 0.41, 0, 0, 1, 0.45, 0.805, 0.8, 0.56, 0.8, 0.81, 0.56, 0.56, 0.48, 0.58, 0.49, 0.57, 0.41, 0.38, 99, 99, 99]
--- num:  29
list:  [0.83, 0.83, 1, 1, 0.76, 0.76, 0.16199999999999998, 0.16199999999999998, 0.39, 0.39, 0.31, 0.41, 0, 0, 1, 0.44, 0.855, 0.79, 0.56, 0.85, 0.86, 0.56, 0.56, 0.45, 0.64, 0.46, 0.63, 0.41, 0.36, 99, 99, 99]
--- num:  29
list:  [0.83, 0.83, 1, 1, 0.75, 0.75, 0.16199999999999998, 0.16199999999999998, 0.39, 0.39, 0.31, 0.41, 0, 0, 1, 0.43, 0.855, 0.78, 0.56, 0.85, 0.86, 0.56, 0.56, 0.44, 0.67, 0.45, 0.65, 0.41, 0.37, 99, 99, 99]
--- num:  29
list:  [0.83, 0.83, 1, 1, 0.75, 0.75, 0.16199999999999998, 0.16199999999999998, 0.39, 0.39, 0.32, 0.4, 0, 0, 1, 0.42, 0.855, 0.78, 0.56, 0.85, 0.86, 0.56, 0.56, 0.42, 0.7, 0.43, 0.69, 0.4, 0.37, 99, 99, 99]
--- num:  29
list:  [0.84, 0.84, 1, 1, 0.75, 0.75, 0.16199999999999998, 0.16199999999999998, 0.38, 0.38, 0.33, 0.39, 0, 0, 1, 0.42, 0.855, 0.78, 0.56, 0.85, 0.86, 0.56, 0.56, 0.42, 0.69, 0.43, 0.68, 0.39, 0.39, 99, 99, 99]
--- num:  29
list:  [0.87, 0.87, 1, 1, 0.72, 0.72, 0.16199999999999998, 0.16199999999999998, 0.37, 0.37, 0.33, 0.39, 0, 0, 1, 0.42, 0.88, 0.78, 0.56, 0.88, 0.88, 0.56, 0.56, 0.39, 0.75, 0.41, 0.73, 0.38, 0.61, 99, 99, 99]
--- num:  29
list:  [0.92, 0.92, 1, 1, 0.68, 0.68, 0.16199999999999998, 0.16199999999999998, 0.37, 0.37, 0.33, 0.39, 0, 0, 1, 0.4, 0.93, 0.77, 0.56, 0.93, 0.93, 0.56, 0.56, 0.32, 0.89, 0.34, 0.86, 0.34, 0.71, 99, 99, 99]
--- num:  29
list:  [0.92, 0.92, 1, 1, 0.68, 0.68, 0.16199999999999998, 0.16199999999999998, 0.35, 0.35, 0.34, 0.39, 0, 0, 1, 0.4, 0.94, 0.77, 0.56, 0.94, 0.94, 0.56, 0.56, 0.31, 0.92, 0.33, 0.88, 0.37, 0.85, 99, 99, 99]
--- num:  29
list:  [0.92, 0.92, 1, 1, 0.68, 0.68, 0.16199999999999998, 0.16199999999999998, 0.35, 0.35, 0.34, 0.39, 0, 0, 1, 0.41, 0.95, 0.77, 0.56, 0.95, 0.95, 0.56, 0.56, 0.32, 0.9, 0.33, 0.88, 0.39, 0.83, 99, 99, 99]
--- num:  29
list:  [0.92, 0.92, 1, 1, 0.68, 0.68, 0.16199999999999998, 0.16199999999999998, 0.35, 0.35, 0.33, 0.39, 0, 0, 1, 0.41, 0.95, 0.77, 0.56, 0.95, 0.95, 0.56, 0.56, 0.32, 0.9, 0.33, 0.88, 0.39, 0.84, 99, 99, 99]
--- num:  29
list:  [0.92, 0.92, 1, 1, 0.68, 0.68, 0.16199999999999998, 0.16199999999999998, 0.35, 0.35, 0.34, 0.38, 0, 0, 1, 0.41, 0.96, 0.77, 0.56, 0.96, 0.96, 0.56, 0.56, 0.32, 0.91, 0.33, 0.89, 0.39, 0.87, 99, 99, 99]
--- num:  29
list:  [0.92, 0.92, 1, 1, 0.68, 0.68, 0.16199999999999998, 0.16199999999999998, 0.34, 0.34, 0.34, 0.38, 0, 0, 1, 0.41, 0.96, 0.77, 0.56, 0.96, 0.96, 0.56, 0.56, 0.31, 0.91, 0.33, 0.89, 0.37, 0.93, 99, 99, 99]
--- num:  29
list:  [0.92, 0.92, 1, 1, 0.68, 0.68, 0.16199999999999998, 0.16199999999999998, 0.34, 0.34, 0.34, 0.38, 0, 0, 1, 0.4, 0.95, 0.77, 0.56, 0.95, 0.95, 0.56, 0.56, 0.32, 0.89, 0.34, 0.87, 0.37, 0.94, 99, 99, 99]
--- num:  29
list:  [0.92, 0.92, 1, 1, 0.68, 0.68, 0.16199999999999998, 0.16199999999999998, 0.35, 0.35, 0.34, 0.38, 0, 0, 1, 0.4, 0.95, 0.77, 0.56, 0.95, 0.95, 0.56, 0.56, 0.35, 0.84, 0.36, 0.82, 0.37, 0.84, 99, 99, 99]
--- num:  29
list:  [0.92, 0.92, 1, 1, 0.68, 0.68, 0.16199999999999998, 0.16199999999999998, 0.36, 0.36, 0.34, 0.39, 0, 0, 1, 0.4, 0.95, 0.76, 0.56, 0.95, 0.95, 0.56, 0.56, 0.35, 0.84, 0.36, 0.82, 0.37, 0.97, 99, 99, 99]
--- num:  29
list:  [0.92, 0.92, 1, 1, 0.69, 0.69, 0.16199999999999998, 0.16199999999999998, 0.42, 0.42, 0.49, 0.24, 0, 0, 1, 0.41, 0.94, 0.77, 0.56, 0.94, 0.94, 0.56, 0.56, 0.36, 0.82, 0.37, 0.8, 0.36, 0.96, 99, 99, 99]
--- num:  29
list:  [0.89, 0.89, 1, 1, 0.71, 0.71, 0.16199999999999998, 0.16199999999999998, 0.44, 0.44, 0.66, 0.07, 0, 0, 1, 0.41, 0.935, 0.77, 0.56, 0.93, 0.94, 0.56, 0.56, 0.39, 0.75, 0.4, 0.75, 0.35, 0.71, 99, 99, 99]
--- num:  29
list:  [0.83, 0.83, 1, 1, 0.76, 0.76, 0.16199999999999998, 0.16199999999999998, 0.43, 0.43, 0.6, 0.13, 0, 0, 1, 0.4, 0.89, 0.77, 0.56, 0.88, 0.9, 0.56, 0.56, 0.45, 0.64, 0.46, 0.63, 0.29, 0.85, 99, 99, 99]
--- num:  29
list:  [0.67, 0.67, 1, 1, 0.89, 0.89, 0.30018151879310606, 0.29933921575546263, 0.33, 0.33, 0.34, 0.38, 0.0749999999999999, 0.0749999999999999, 1, 0.37, 0.83, 0.74, 0.56, 0.82, 0.84, 0.56, 0.56, 0.6, 0.43, 0.6, 0.43, 0.22, 0.58, 99, 99, 99]
--- num:  29
list:  [0.66, 0.66, 1, 1, 0.89, 0.89, 0.16199999999999998, 0.16199999999999998, 0.44, 0.44, 0.33, 0.39, 0.0749999999999999, 0.05999999999999989, 1, 0.37, 0.865, 0.74, 0.56, 0.86, 0.87, 0.56, 0.56, 0.6, 0.43, 0.59, 0.43, 0.24, 0.51, 99, 99, 99]
--- num:  29
list:  [0.61, 0.61, 1, 1, 0.93, 0.93, 0.16199999999999998, 0.16199999999999998, 0.44, 0.44, 0.33, 0.39, 0.13499999999999995, 0.11999999999999994, 1, 0.37, 0.885, 0.74, 0.54, 0.88, 0.89, 0.54, 0.54, 0.64, 0.41, 0.63, 0.41, 0.19, 0.5, 99, 99, 99]
--- num:  29
list:  [0.58, 0.58, 1, 1, 0.96, 0.96, 0.16199999999999998, 0.16199999999999998, 0.45, 0.45, 0.33, 0.39, 0.22499999999999987, 0.20999999999999985, 1, 0.32, 0.93, 0.7, 0.4, 0.93, 0.93, 0.4, 0.4, 0.7, 0.38, 0.69, 0.39, 0.1, 0.48, 99, 99, 99]
--- num:  29
list:  [0.57, 0.57, 1, 1, 0.97, 0.97, 0.16199999999999998, 0.16199999999999998, 0.5, 0.5, 0.32, 0.4, 0.195, 0.16499999999999998, 1, 0.27, 0.965, 0.66, 0.32, 0.96, 0.97, 0.32, 0.32, 0.68, 0.39, 0.66, 0.4, 0.06, 0.47, 99, 99, 99]
--- num:  29
list:  [0.56, 0.56, 1, 1, 0.97, 0.97, 0.16199999999999998, 0.16199999999999998, 0.51, 0.51, 0.33, 0.39, 0.2549999999999999, 0.20999999999999985, 1, 0.25, 0.97, 0.65, 0.3, 0.97, 0.97, 0.3, 0.3, 0.72, 0.38, 0.69, 0.39, 0.05, 0.48, 99, 99, 99]
--- num:  29
list:  [0.56, 0.56, 1, 1, 0.97, 0.97, 0.16199999999999998, 0.16199999999999998, 0.51, 0.51, 0.33, 0.39, 0.29999999999999993, 0.23999999999999988, 1, 0.24, 0.98, 0.64, 0.29, 0.98, 0.98, 0.29, 0.29, 0.75, 0.36, 0.71, 0.38, 0.04, 0.49, 99, 99, 99]
--- num:  29
list:  [0.56, 0.56, 1, 1, 0.98, 0.98, 0.16199999999999998, 0.16199999999999998, 0.52, 0.52, 0.33, 0.39, 0.29999999999999993, 0.23999999999999988, 1, 0.24, 0.98, 0.64, 0.29, 0.98, 0.98, 0.29, 0.29, 0.75, 0.36, 0.71, 0.38, 0.04, 0.49, 99, 99, 99]
--- num:  29
list:  [0.56, 0.56, 1, 1, 0.98, 0.98, 0.16199999999999998, 0.16199999999999998, 0.53, 0.53, 0.33, 0.39, 0.29999999999999993, 0.2549999999999999, 1, 0.23, 0.98, 0.64, 0.29, 0.98, 0.98, 0.29, 0.29, 0.75, 0.36, 0.72, 0.38, 0.04, 0.49, 99, 99, 99]
--- num:  29
list:  [0.56, 0.56, 1, 1, 0.98, 0.98, 0.16199999999999998, 0.16199999999999998, 0.59, 0.59, 0.33, 0.39, 0.2699999999999999, 0.20999999999999985, 1, 0.23, 0.98, 0.64, 0.29, 0.98, 0.98, 0.29, 0.29, 0.73, 0.37, 0.69, 0.39, 0.04, 0.48, 99, 99, 99]
--- num:  29
list:  [0.56, 0.56, 1, 1, 0.97, 0.97, 0.16199999999999998, 0.16199999999999998, 0.59, 0.59, 0.34, 0.38, 0.2549999999999999, 0.20999999999999985, 1, 0.23, 0.98, 0.64, 0.3, 0.98, 0.98, 0.3, 0.3, 0.72, 0.38, 0.69, 0.39, 0.04, 0.49, 99, 99, 99]
--- num:  29
list:  [0.57, 0.57, 1, 1, 0.97, 0.97, 0.16199999999999998, 0.16199999999999998, 0.6, 0.6, 0.34, 0.38, 0.23999999999999988, 0.20999999999999985, 1, 0.23, 0.98, 0.64, 0.3, 0.98, 0.98, 0.3, 0.3, 0.71, 0.38, 0.69, 0.39, 0.04, 0.49, 99, 99, 99]
--- num:  29
list:  [0.57, 0.57, 1, 1, 0.97, 0.97, 0.16199999999999998, 0.16199999999999998, 0.59, 0.59, 0.34, 0.39, 0.23999999999999988, 0.20999999999999985, 1, 0.23, 0.98, 0.64, 0.3, 0.98, 0.98, 0.3, 0.3, 0.71, 0.38, 0.69, 0.39, 0.05, 0.5, 99, 99, 99]
--- num:  29
list:  [0.57, 0.57, 1, 1, 0.97, 0.97, 0.16199999999999998, 0.16199999999999998, 0.59, 0.59, 0.34, 0.39, 0.22499999999999987, 0.18, 1, 0.23, 0.985, 0.64, 0.3, 0.98, 0.99, 0.3, 0.3, 0.7, 0.38, 0.67, 0.4, 0.05, 0.5, 99, 99, 99]
--- num:  29
list:  [0.57, 0.57, 1, 1, 0.97, 0.97, 0.16199999999999998, 0.16199999999999998, 0.57, 0.57, 0.34, 0.38, 0.22499999999999987, 0.18, 1, 0.23, 0.985, 0.64, 0.3, 0.98, 0.99, 0.3, 0.3, 0.7, 0.38, 0.67, 0.4, 0.05, 0.5, 99, 99, 99]
--- num:  29
