A0
A1
A2
A3
A4
A5
A6
A7
A8
A9
A10
A11
A12
A13
A14
A15
A16
A17
A18
A19
A20
A21
A22
A23
A24
A25
A26
A27
A28
--- [0.87, 0.67, 1.0, 1.0, 0.24, 0.24, 0.05, 0.13, 0.51, 0.54, 0.4, 0.38, 0.0, -0.0, 1.0, 0.21, 0.75, 0.6, 0.49, 0.8, 0.75, 0.46, 0.86, 0.55, 0.43, 0.55, 0.45, 0.0, 0.5, 99, 99, 99]
into servo loop...
start test new
list:  [0.48, 0.48, 0.89, 0.89, 1, 1, 0.16199999999999998, 0.16199999999999998, 0.42, 0.42, 0.34, 0.38, 0.04499999999999987, 0.04499999999999987, 1, 0.22, 0.99, 0.63, 0.25, 0.99, 0.99, 0.25, 0.25, 0.58, 0.44, 0.58, 0.44, 0.01, 0.58, 99, 99, 99]
--- num:  29
list:  [0.56, 0.56, 1, 1, 0.98, 0.98, 0.16199999999999998, 0.16199999999999998, 0.31, 0.31, 0.37, 0.35, 0.22499999999999987, 0.18, 1, 0.26, 0.905, 0.66, 0.27, 0.9, 0.91, 0.27, 0.27, 0.7, 0.38, 0.67, 0.4, 0.04, 0.49, 99, 99, 99]
--- num:  29
list:  [0.5, 0.5, 0.93, 0.93, 1, 1, 0.16199999999999998, 0.16199999999999998, 0.39, 0.39, 0.36, 0.36, 0.05999999999999989, 0.04499999999999987, 1, 0.21, 1.0, 0.62, 0.25, 1.0, 1.0, 0.25, 0.25, 0.59, 0.43, 0.58, 0.44, 0.02, 0.53, 99, 99, 99]
--- num:  29
list:  [0.49, 0.49, 0.92, 0.92, 1, 1, 0.16199999999999998, 0.16199999999999998, 0.39, 0.39, 0.35, 0.37, 0.05999999999999989, 0.02999999999999986, 1, 0.21, 1.0, 0.62, 0.25, 1.0, 1.0, 0.25, 0.25, 0.59, 0.43, 0.57, 0.44, 0.01, 0.52, 99, 99, 99]
--- num:  29
list:  [0.49, 0.49, 0.91, 0.91, 1, 1, 0.16199999999999998, 0.16199999999999998, 0.42, 0.42, 0.35, 0.37, 0.02999999999999986, 0.015000000000000013, 1, 0.22, 0.99, 0.62, 0.26, 0.99, 0.99, 0.26, 0.26, 0.57, 0.44, 0.56, 0.44, 0.01, 0.52, 99, 99, 99]
--- num:  29
list:  [0.49, 0.49, 0.91, 0.91, 1, 1, 0.16199999999999998, 0.16199999999999998, 0.42, 0.42, 0.34, 0.38, 0.02999999999999986, 0.02999999999999986, 1, 0.22, 0.99, 0.63, 0.26, 0.99, 0.99, 0.26, 0.26, 0.57, 0.44, 0.57, 0.44, 0.02, 0.53, 99, 99, 99]
--- num:  29
list:  [0.49, 0.49, 0.92, 0.92, 1, 1, 0.29077021360397337, 0.2898360002040863, 0.3, 0.3, 0.37, 0.36, 0.04499999999999987, 0.04499999999999987, 1, 0.23, 0.99, 0.63, 0.28, 0.99, 0.99, 0.28, 0.28, 0.58, 0.44, 0.58, 0.44, 0.02, 0.53, 99, 99, 99]
--- num:  29
list:  [0.56, 0.56, 1, 1, 0.98, 0.98, 0.5383266019821167, 0.5368019151687622, 0.22, 0.22, 0.37, 0.36, 0.0749999999999999, 0.08999999999999991, 1, 0.25, 0.96, 0.65, 0.29, 0.96, 0.96, 0.29, 0.29, 0.6, 0.43, 0.61, 0.42, 0.02, 0.53, 99, 99, 99]
--- num:  29
list:  [0.52, 0.52, 0.98, 0.98, 1, 1, 0.16199999999999998, 0.16199999999999998, 0.36, 0.36, 0.36, 0.36, 0.04499999999999987, 0.02999999999999986, 1, 0.23, 0.99, 0.64, 0.25, 0.99, 0.99, 0.25, 0.25, 0.58, 0.44, 0.57, 0.44, 0.02, 0.55, 99, 99, 99]
--- num:  29
list:  [0.56, 0.56, 1, 1, 0.98, 0.98, 0.16199999999999998, 0.16199999999999998, 0.3, 0.3, 0.38, 0.34, 0.04499999999999987, 0.02999999999999986, 1, 0.23, 0.99, 0.63, 0.25, 0.99, 0.99, 0.25, 0.25, 0.58, 0.44, 0.57, 0.44, 0.02, 0.56, 99, 99, 99]
--- num:  29
list:  [0.75, 0.75, 1, 1, 0.82, 0.82, 0.16199999999999998, 0.16199999999999998, 0.24, 0.24, 0.37, 0.36, 0.04499999999999987, 0.02999999999999986, 1, 0.23, 0.99, 0.64, 0.27, 0.99, 0.99, 0.27, 0.27, 0.58, 0.44, 0.57, 0.44, 0.02, 0.62, 99, 99, 99]
--- num:  29
list:  [0.79, 0.79, 1, 1, 0.79, 0.79, 0.16199999999999998, 0.16199999999999998, 0.22, 0.22, 0.36, 0.36, 0.02999999999999986, 0.015000000000000013, 1, 0.25, 0.99, 0.65, 0.28, 0.99, 0.99, 0.28, 0.28, 0.57, 0.44, 0.56, 0.45, 0.03, 0.64, 99, 99, 99]
--- num:  29
list:  [0.65, 0.65, 1, 1, 0.91, 0.91, 0.22652801454067228, 0.226186688542366, 0.18, 0.18, 0.36, 0.37, 0.05999999999999989, 0.02999999999999986, 1, 0.25, 0.985, 0.65, 0.26, 0.98, 0.99, 0.26, 0.26, 0.59, 0.43, 0.57, 0.44, 0.03, 0.64, 99, 99, 99]
--- num:  29
list:  [0.66, 0.66, 1, 1, 0.9, 0.9, 0.7566666412353515, 0.7551033306121826, 0.08, 0.08, 0.37, 0.37, 0.0749999999999999, 0.04499999999999987, 1, 0.34, 0.97, 0.71, 0.29, 0.97, 0.97, 0.29, 0.29, 0.6, 0.43, 0.58, 0.44, 0.03, 0.63, 99, 99, 99]
--- num:  29
list:  [0.71, 0.71, 1, 1, 0.85, 0.85, 0.16199999999999998, 0.16199999999999998, 0.22, 0.22, 0.35, 0.37, 0.0749999999999999, 0.04499999999999987, 1, 0.4, 0.895, 0.76, 0.45, 0.89, 0.9, 0.45, 0.45, 0.6, 0.43, 0.58, 0.44, 0.14, 0.54, 99, 99, 99]
--- num:  29
list:  [0.8, 0.8, 1, 1, 0.78, 0.78, 0.16199999999999998, 0.16199999999999998, 0.23, 0.23, 0.34, 0.38, 0.015000000000000013, 0.015000000000000013, 1, 0.37, 0.89, 0.74, 0.56, 0.88, 0.9, 0.56, 0.56, 0.56, 0.45, 0.56, 0.45, 0.18, 0.68, 99, 99, 99]
--- num:  29
list:  [0.92, 0.92, 1, 1, 0.68, 0.68, 0.16199999999999998, 0.16199999999999998, 0.22, 0.22, 0.35, 0.38, 0, 0, 1, 0.37, 0.925, 0.74, 0.56, 0.92, 0.93, 0.56, 0.56, 0.43, 0.69, 0.43, 0.67, 0.15, 0.81, 99, 99, 99]
--- num:  29
list:  [0.92, 0.92, 1, 1, 0.68, 0.68, 0.16199999999999998, 0.16199999999999998, 0.28, 0.28, 0.37, 0.36, 0, 0, 1, 0.38, 0.96, 0.74, 0.56, 0.96, 0.96, 0.56, 0.56, 0.34, 0.86, 0.35, 0.83, 0.18, 1, 99, 99, 99]
--- num:  29
list:  [0.92, 0.92, 1, 1, 0.68, 0.68, 0.16199999999999998, 0.16199999999999998, 0.28, 0.28, 0.37, 0.36, 0, 0, 1, 0.39, 0.97, 0.76, 0.56, 0.97, 0.97, 0.56, 0.56, 0.33, 0.89, 0.34, 0.86, 0.18, 1, 99, 99, 99]
--- num:  29
list:  [0.92, 0.92, 1, 1, 0.68, 0.68, 0.16199999999999998, 0.16199999999999998, 0.28, 0.28, 0.36, 0.37, 0, 0, 1, 0.4, 0.98, 0.76, 0.56, 0.98, 0.98, 0.56, 0.56, 0.32, 0.9, 0.33, 0.88, 0.19, 1, 99, 99, 99]
--- num:  29
list:  [0.92, 0.92, 1, 1, 0.68, 0.68, 0.16199999999999998, 0.16199999999999998, 0.27, 0.27, 0.36, 0.36, 0, 0, 1, 0.4, 0.98, 0.76, 0.56, 0.98, 0.98, 0.56, 0.56, 0.32, 0.9, 0.32, 0.89, 0.21, 1, 99, 99, 99]
--- num:  29
list:  [0.92, 0.92, 1, 1, 0.68, 0.68, 0.16199999999999998, 0.16199999999999998, 0.26, 0.26, 0.36, 0.36, 0, 0, 1, 0.39, 0.98, 0.76, 0.56, 0.98, 0.98, 0.56, 0.56, 0.32, 0.91, 0.31, 0.92, 0.22, 1, 99, 99, 99]
--- num:  29
list:  [0.92, 0.92, 1, 1, 0.68, 0.68, 0.16199999999999998, 0.16199999999999998, 0.25, 0.25, 0.36, 0.36, 0, 0, 1, 0.38, 0.98, 0.75, 0.56, 0.98, 0.98, 0.56, 0.56, 0.32, 0.91, 0.31, 0.92, 0.22, 1, 99, 99, 99]
--- num:  29
list:  [0.92, 0.92, 1, 1, 0.68, 0.68, 0.16199999999999998, 0.16199999999999998, 0.24, 0.24, 0.37, 0.35, 0, 0, 1, 0.38, 0.985, 0.75, 0.56, 0.98, 0.99, 0.56, 0.56, 0.31, 0.91, 0.31, 0.92, 0.23, 1, 99, 99, 99]
--- num:  29
list:  [0.92, 0.92, 1, 1, 0.68, 0.68, 0.16199999999999998, 0.16199999999999998, 0.24, 0.24, 0.38, 0.34, 0, 0, 1, 0.37, 0.985, 0.74, 0.56, 0.98, 0.99, 0.56, 0.56, 0.31, 0.92, 0.31, 0.92, 0.23, 1, 99, 99, 99]
--- num:  29
list:  [0.92, 0.92, 1, 1, 0.68, 0.68, 0.16199999999999998, 0.16199999999999998, 0.22, 0.22, 0.39, 0.33, 0, 0, 1, 0.37, 0.98, 0.74, 0.56, 0.98, 0.98, 0.56, 0.56, 0.31, 0.92, 0.31, 0.92, 0.24, 1, 99, 99, 99]
--- num:  29
list:  [0.92, 0.92, 1, 1, 0.68, 0.68, 0.16199999999999998, 0.16199999999999998, 0.22, 0.22, 0.39, 0.33, 0, 0, 1, 0.37, 0.98, 0.74, 0.56, 0.98, 0.98, 0.56, 0.56, 0.31, 0.92, 0.31, 0.92, 0.24, 1, 99, 99, 99]
--- num:  29
list:  [0.92, 0.92, 1, 1, 0.68, 0.68, 0.16199999999999998, 0.16199999999999998, 0.22, 0.22, 0.4, 0.33, 0, 0, 1, 0.36, 0.98, 0.73, 0.56, 0.98, 0.98, 0.56, 0.56, 0.31, 0.92, 0.31, 0.92, 0.24, 1, 99, 99, 99]
--- num:  29
list:  [0.92, 0.92, 1, 1, 0.68, 0.68, 0.16199999999999998, 0.16199999999999998, 0.25, 0.25, 0.4, 0.33, 0, 0, 1, 0.35, 0.98, 0.73, 0.56, 0.98, 0.98, 0.56, 0.56, 0.31, 0.92, 0.31, 0.92, 0.21, 1, 99, 99, 99]
--- num:  29
list:  [0.92, 0.92, 1, 1, 0.68, 0.68, 0.16199999999999998, 0.16199999999999998, 0.28, 0.28, 0.4, 0.33, 0, 0, 1, 0.35, 0.98, 0.73, 0.56, 0.98, 0.98, 0.56, 0.56, 0.31, 0.92, 0.31, 0.92, 0.2, 1, 99, 99, 99]
--- num:  29
list:  [0.92, 0.92, 1, 1, 0.68, 0.68, 0.16199999999999998, 0.16199999999999998, 0.3, 0.3, 0.41, 0.32, 0, 0, 1, 0.38, 0.98, 0.74, 0.56, 0.98, 0.98, 0.56, 0.56, 0.31, 0.92, 0.31, 0.92, 0.2, 1, 99, 99, 99]
--- num:  29
list:  [0.92, 0.92, 1, 1, 0.68, 0.68, 0.16199999999999998, 0.16199999999999998, 0.29, 0.29, 0.44, 0.29, 0, 0, 1, 0.38, 0.98, 0.75, 0.56, 0.98, 0.98, 0.56, 0.56, 0.31, 0.92, 0.31, 0.92, 0.2, 1, 99, 99, 99]
--- num:  29
list:  [0.92, 0.92, 1, 1, 0.68, 0.68, 0.16199999999999998, 0.16199999999999998, 0.31, 0.31, 0.49, 0.23, 0, 0, 1, 0.38, 0.98, 0.75, 0.56, 0.98, 0.98, 0.56, 0.56, 0.31, 0.92, 0.31, 0.92, 0.19, 1, 99, 99, 99]
--- num:  29
list:  [0.92, 0.92, 1, 1, 0.68, 0.68, 0.16199999999999998, 0.16199999999999998, 0.38, 0.38, 0.75, -0.01, 0, 0, 1, 0.43, 0.97, 0.79, 0.56, 0.97, 0.97, 0.56, 0.56, 0.31, 0.92, 0.31, 0.92, 0.16, 1, 99, 99, 99]
--- num:  29
list:  [0.92, 0.92, 1, 1, 0.68, 0.68, 0.16199999999999998, 0.16199999999999998, 0.37, 0.37, 0.76, -0.02, 0, 0, 1, 0.43, 0.97, 0.79, 0.56, 0.97, 0.97, 0.56, 0.56, 0.31, 0.92, 0.31, 0.92, 0.15, 0.95, 99, 99, 99]
--- num:  29
list:  [0.92, 0.92, 1, 1, 0.68, 0.68, 0.16199999999999998, 0.16199999999999998, 0.38, 0.38, 0.78, -0.03, 0, 0, 1, 0.44, 0.97, 0.79, 0.56, 0.97, 0.97, 0.56, 0.56, 0.31, 0.92, 0.31, 0.92, 0.15, 0.9, 99, 99, 99]
--- num:  29
list:  [0.92, 0.92, 1, 1, 0.68, 0.68, 0.16199999999999998, 0.16199999999999998, 0.3, 0.3, 0.56, 0.17, 0, 0, 1, 0.43, 0.97, 0.79, 0.56, 0.97, 0.97, 0.56, 0.56, 0.31, 0.92, 0.31, 0.92, 0.16, 1, 99, 99, 99]
--- num:  29
list:  [0.92, 0.92, 1, 1, 0.68, 0.68, 0.16199999999999998, 0.16199999999999998, 0.28, 0.28, 0.52, 0.2, 0, 0, 1, 0.4, 0.98, 0.77, 0.56, 0.98, 0.98, 0.56, 0.56, 0.31, 0.92, 0.31, 0.92, 0.17, 1, 99, 99, 99]
--- num:  29
list:  [0.92, 0.92, 1, 1, 0.68, 0.68, 0.16199999999999998, 0.16199999999999998, 0.27, 0.27, 0.52, 0.21, 0, 0, 1, 0.39, 0.98, 0.76, 0.56, 0.98, 0.98, 0.56, 0.56, 0.31, 0.92, 0.31, 0.92, 0.18, 1, 99, 99, 99]
--- num:  29
list:  [0.92, 0.92, 1, 1, 0.68, 0.68, 0.16199999999999998, 0.16199999999999998, 0.26, 0.26, 0.5, 0.23, 0, 0, 1, 0.38, 0.98, 0.75, 0.56, 0.98, 0.98, 0.56, 0.56, 0.31, 0.92, 0.31, 0.92, 0.18, 1, 99, 99, 99]
--- num:  29
list:  [0.92, 0.92, 1, 1, 0.68, 0.68, 0.16199999999999998, 0.16199999999999998, 0.26, 0.26, 0.46, 0.27, 0, 0, 1, 0.36, 0.98, 0.74, 0.56, 0.98, 0.98, 0.56, 0.56, 0.31, 0.92, 0.31, 0.92, 0.18, 1, 99, 99, 99]
--- num:  29
list:  [0.92, 0.92, 1, 1, 0.68, 0.68, 0.16199999999999998, 0.16199999999999998, 0.27, 0.27, 0.43, 0.29, 0, 0, 1, 0.37, 0.98, 0.74, 0.56, 0.98, 0.98, 0.56, 0.56, 0.31, 0.92, 0.31, 0.92, 0.18, 1, 99, 99, 99]
--- num:  29
list:  [0.92, 0.92, 1, 1, 0.68, 0.68, 0.16199999999999998, 0.16199999999999998, 0.28, 0.28, 0.38, 0.34, 0, 0, 1, 0.36, 0.975, 0.73, 0.56, 0.97, 0.98, 0.56, 0.56, 0.31, 0.92, 0.31, 0.92, 0.18, 1, 99, 99, 99]
--- num:  29
list:  [0.92, 0.92, 1, 1, 0.68, 0.68, 0.16199999999999998, 0.16199999999999998, 0.29, 0.29, 0.35, 0.37, 0, 0, 1, 0.36, 0.975, 0.73, 0.56, 0.97, 0.98, 0.56, 0.56, 0.31, 0.92, 0.31, 0.92, 0.18, 1, 99, 99, 99]
--- num:  29
list:  [0.92, 0.92, 1, 1, 0.68, 0.68, 0.16199999999999998, 0.16199999999999998, 0.33, 0.33, 0.34, 0.39, 0, 0, 1, 0.36, 0.98, 0.73, 0.56, 0.98, 0.98, 0.56, 0.56, 0.31, 0.92, 0.31, 0.92, 0.2, 1, 99, 99, 99]
--- num:  29
list:  [0.92, 0.92, 1, 1, 0.68, 0.68, 0.16199999999999998, 0.16199999999999998, 0.32, 0.32, 0.32, 0.4, 0, 0, 1, 0.36, 0.98, 0.74, 0.56, 0.98, 0.98, 0.56, 0.56, 0.31, 0.92, 0.31, 0.92, 0.19, 1, 99, 99, 99]
--- num:  29
list:  [0.92, 0.92, 1, 1, 0.68, 0.68, 0.16199999999999998, 0.16199999999999998, 0.32, 0.32, 0.31, 0.41, 0, 0, 1, 0.36, 0.98, 0.74, 0.56, 0.98, 0.98, 0.56, 0.56, 0.31, 0.92, 0.31, 0.92, 0.19, 1, 99, 99, 99]
--- num:  29
list:  [0.92, 0.92, 1, 1, 0.68, 0.68, 0.16199999999999998, 0.16199999999999998, 0.32, 0.32, 0.3, 0.43, 0, 0, 1, 0.36, 0.975, 0.73, 0.56, 0.97, 0.98, 0.56, 0.56, 0.31, 0.92, 0.31, 0.92, 0.19, 1, 99, 99, 99]
--- num:  29
list:  [0.92, 0.92, 1, 1, 0.68, 0.68, 0.16199999999999998, 0.16199999999999998, 0.31, 0.31, 0.28, 0.44, 0, 0, 1, 0.36, 0.97, 0.73, 0.56, 0.97, 0.97, 0.56, 0.56, 0.31, 0.92, 0.31, 0.92, 0.18, 1, 99, 99, 99]
--- num:  29
list:  [0.92, 0.92, 1, 1, 0.68, 0.68, 0.16199999999999998, 0.16199999999999998, 0.31, 0.31, 0.26, 0.47, 0, 0, 1, 0.36, 0.97, 0.73, 0.56, 0.97, 0.97, 0.56, 0.56, 0.31, 0.92, 0.31, 0.92, 0.19, 1, 99, 99, 99]
--- num:  29
list:  [0.92, 0.92, 1, 1, 0.68, 0.68, 0.16199999999999998, 0.16199999999999998, 0.3, 0.3, 0.24, 0.48, 0, 0, 1, 0.36, 0.97, 0.73, 0.56, 0.97, 0.97, 0.56, 0.56, 0.31, 0.92, 0.31, 0.92, 0.18, 1, 99, 99, 99]
--- num:  29
list:  [0.92, 0.92, 1, 1, 0.68, 0.68, 0.16199999999999998, 0.16199999999999998, 0.3, 0.3, 0.23, 0.49, 0, 0, 1, 0.36, 0.97, 0.73, 0.56, 0.97, 0.97, 0.56, 0.56, 0.31, 0.92, 0.31, 0.92, 0.18, 1, 99, 99, 99]
--- num:  29
list:  [0.92, 0.92, 1, 1, 0.68, 0.68, 0.16199999999999998, 0.16199999999999998, 0.34, 0.34, 0.71, 0.03, 0, 0, 1, 0.39, 0.945, 0.75, 0.56, 0.94, 0.95, 0.56, 0.56, 0.35, 0.83, 0.37, 0.8, 0.14, 1, 99, 99, 99]
--- num:  29
list:  [0.92, 0.92, 1, 1, 0.68, 0.68, 0.16199999999999998, 0.16199999999999998, 0.38, 0.38, 0.81, -0.06, 0, 0, 1, 0.4, 0.945, 0.76, 0.56, 0.94, 0.95, 0.56, 0.56, 0.31, 0.92, 0.33, 0.88, 0.13, 1, 99, 99, 99]
--- num:  29
list:  [0.92, 0.92, 1, 1, 0.68, 0.68, 0.16199999999999998, 0.16199999999999998, 0.38, 0.38, 0.81, -0.07, 0, 0, 1, 0.4, 0.95, 0.77, 0.56, 0.95, 0.95, 0.56, 0.56, 0.31, 0.92, 0.32, 0.89, 0.13, 1, 99, 99, 99]
--- num:  29
list:  [0.92, 0.92, 1, 1, 0.68, 0.68, 0.16199999999999998, 0.16199999999999998, 0.38, 0.38, 0.82, -0.08, 0, 0, 1, 0.41, 0.955, 0.77, 0.56, 0.95, 0.96, 0.56, 0.56, 0.31, 0.92, 0.32, 0.89, 0.13, 1, 99, 99, 99]
--- num:  29
list:  [0.92, 0.92, 1, 1, 0.68, 0.68, 0.36899815082550047, 0.3691083300113678, 0.3, 0.3, 0.58, 0.15, 0, 0, 1, 0.42, 0.94, 0.78, 0.56, 0.93, 0.95, 0.56, 0.56, 0.37, 0.79, 0.39, 0.76, 0.13, 1, 99, 99, 99]
--- num:  29
list:  [0.92, 0.92, 1, 1, 0.68, 0.68, 0.4264389085769653, 0.4258843469619751, 0.28, 0.28, 0.26, 0.47, 0, 0, 1, 0.42, 0.925, 0.78, 0.56, 0.92, 0.93, 0.56, 0.56, 0.38, 0.79, 0.4, 0.73, 0.13, 1, 99, 99, 99]
--- num:  29
list:  [0.92, 0.92, 1, 1, 0.68, 0.68, 0.16199999999999998, 0.16199999999999998, 0.35, 0.35, 0.28, 0.45, 0, 0, 1, 0.41, 0.935, 0.77, 0.56, 0.93, 0.94, 0.56, 0.56, 0.34, 0.86, 0.36, 0.81, 0.14, 1, 99, 99, 99]
--- num:  29
list:  [0.92, 0.92, 1, 1, 0.68, 0.68, 0.16199999999999998, 0.16199999999999998, 0.37, 0.37, 0.84, -0.1, 0, 0, 1, 0.43, 0.935, 0.79, 0.56, 0.93, 0.94, 0.56, 0.56, 0.34, 0.85, 0.36, 0.83, 0.13, 1, 99, 99, 99]
--- num:  29
list:  [0.92, 0.92, 1, 1, 0.68, 0.68, 0.16199999999999998, 0.16199999999999998, 0.36, 0.36, 0.92, -0.16, 0, 0, 1, 0.43, 0.935, 0.79, 0.56, 0.93, 0.94, 0.56, 0.56, 0.35, 0.84, 0.35, 0.84, 0.13, 1, 99, 99, 99]
--- num:  29
list:  [0.92, 0.92, 1, 1, 0.68, 0.68, 0.6351188230514526, 0.6346018719673157, 0.26, 0.26, 0.47, 0.26, 0, 0, 1, 0.44, 0.9299999999999999, 0.79, 0.56, 0.92, 0.94, 0.56, 0.56, 0.4, 0.75, 0.42, 0.7, 0.15, 1, 99, 99, 99]
--- num:  29
list:  [0.92, 0.92, 1, 1, 0.68, 0.68, 0.16199999999999998, 0.16199999999999998, 0.37, 0.37, 0.87, -0.12, 0, 0, 1, 0.45, 0.92, 0.8, 0.56, 0.91, 0.93, 0.56, 0.56, 0.38, 0.77, 0.39, 0.77, 0.15, 1, 99, 99, 99]
--- num:  29
list:  [0.92, 0.92, 1, 1, 0.68, 0.68, 0.6230811882019043, 0.6218269276618957, 0.26, 0.26, 0.38, 0.35, 0, 0, 1, 0.46, 0.92, 0.81, 0.56, 0.91, 0.93, 0.56, 0.56, 0.38, 0.78, 0.42, 0.71, 0.14, 1, 99, 99, 99]
--- num:  29
list:  [0.92, 0.92, 1, 1, 0.68, 0.68, 0.16199999999999998, 0.16199999999999998, 0.35, 0.35, 0.27, 0.45, 0, 0, 1, 0.41, 0.895, 0.77, 0.56, 0.89, 0.9, 0.56, 0.56, 0.4, 0.75, 0.42, 0.7, 0.14, 1, 99, 99, 99]
--- num:  29
list:  [0.92, 0.92, 1, 1, 0.68, 0.68, 0.16199999999999998, 0.16199999999999998, 0.37, 0.37, 0.36, 0.37, 0, 0, 1, 0.39, 0.91, 0.76, 0.56, 0.91, 0.91, 0.56, 0.56, 0.34, 0.86, 0.36, 0.82, 0.14, 1, 99, 99, 99]
--- num:  29
list:  [0.92, 0.92, 1, 1, 0.68, 0.68, 0.7453149366378784, 0.7468601870536804, 0.21, 0.21, 0.3, 0.43, 0, 0, 1, 0.4, 0.89, 0.76, 0.56, 0.89, 0.89, 0.56, 0.56, 0.46, 0.63, 0.49, 0.58, 0.12, 0.68, 99, 99, 99]
--- num:  29
list:  [0.91, 0.91, 1, 1, 0.69, 0.69, 0.16199999999999998, 0.16199999999999998, 0.35, 0.35, -0.04, 0.78, 0, 0, 1, 0.42, 0.87, 0.78, 0.56, 0.87, 0.87, 0.56, 0.56, 0.45, 0.64, 0.47, 0.61, 0.11, 0.35, 99, 99, 99]
--- num:  29
list:  [0.92, 0.92, 1, 1, 0.69, 0.69, 0.16199999999999998, 0.16199999999999998, 0.34, 0.34, -0.06, 0.81, 0, 0, 1, 0.37, 0.86, 0.74, 0.56, 0.87, 0.85, 0.56, 0.56, 0.47, 0.61, 0.49, 0.56, 0.11, 0.3, 99, 99, 99]
--- num:  29
list:  [0.92, 0.92, 1, 1, 0.68, 0.68, 0.16199999999999998, 0.16199999999999998, 0.36, 0.36, -0.06, 0.81, 0, 0, 1, 0.37, 0.86, 0.74, 0.56, 0.87, 0.85, 0.56, 0.56, 0.48, 0.59, 0.5, 0.56, 0.12, 0.29, 99, 99, 99]
--- num:  29
list:  [0.92, 0.92, 1, 1, 0.68, 0.68, 0.16199999999999998, 0.16199999999999998, 0.35, 0.35, -0.1, 0.84, 0, 0, 1, 0.37, 0.845, 0.74, 0.56, 0.85, 0.84, 0.56, 0.56, 0.49, 0.56, 0.5, 0.54, 0.12, 0.27, 99, 99, 99]
--- num:  29
list:  [0.92, 0.92, 1, 1, 0.68, 0.68, 0.16199999999999998, 0.16199999999999998, 0.34, 0.34, -0.1, 0.85, 0, 0, 0.75, 0.37, 0.825, 0.74, 0.56, 0.83, 0.82, 0.56, 0.56, 0.52, 0.5, 0.54, 0.47, 0.13, 0.26, 99, 99, 99]
--- num:  29
list:  [0.89, 0.89, 1, 1, 0.71, 0.71, 0.9519694852828979, 0.951969723701477, 0.34, 0.34, 0.44, 0.28, 0, 0.015000000000000013, 0.75, 0.42, 0.725, 0.78, 0.56, 0.73, 0.72, 0.56, 0.56, 0.55, 0.45, 0.56, 0.45, 0.13, 0.4, 99, 99, 99]
--- num:  29
list:  [0.88, 0.88, 1, 1, 0.72, 0.72, 0.16199999999999998, 0.16199999999999998, 0.33, 0.33, 0.44, 0.28, 0, 0, 1, 0.38, 0.785, 0.74, 0.56, 0.78, 0.79, 0.56, 0.56, 0.5, 0.54, 0.54, 0.47, 0.13, 0.74, 99, 99, 99]
--- num:  29
list:  [0.88, 0.88, 1, 1, 0.71, 0.71, 0.16199999999999998, 0.16199999999999998, 0.36, 0.36, 0.43, 0.3, 0, 0, 1, 0.37, 0.83, 0.74, 0.56, 0.83, 0.83, 0.56, 0.56, 0.44, 0.66, 0.46, 0.63, 0.12, 0.93, 99, 99, 99]
--- num:  29
list:  [0.89, 0.89, 1, 1, 0.71, 0.71, 0.16199999999999998, 0.16199999999999998, 0.36, 0.36, 0.4, 0.32, 0, 0, 1, 0.37, 0.845, 0.74, 0.56, 0.84, 0.85, 0.56, 0.56, 0.43, 0.69, 0.44, 0.66, 0.12, 1, 99, 99, 99]
--- num:  29
list:  [0.82, 0.82, 1, 1, 0.77, 0.77, 0.8683301019668579, 0.8683324861526489, 0.24, 0.24, 0.36, 0.36, 0, 0, 0.75, 0.42, 0.745, 0.78, 0.56, 0.73, 0.76, 0.56, 0.56, 0.52, 0.5, 0.55, 0.45, 0.12, 1, 99, 99, 99]
--- num:  29
list:  [0.84, 0.84, 1, 1, 0.75, 0.75, 0.16199999999999998, 0.16199999999999998, 0.37, 0.37, 0.35, 0.38, 0, 0, 1, 0.39, 0.815, 0.76, 0.56, 0.8, 0.83, 0.56, 0.56, 0.45, 0.64, 0.46, 0.62, 0.13, 1, 99, 99, 99]
--- num:  29
list:  [0.84, 0.84, 1, 1, 0.75, 0.75, 0.16199999999999998, 0.16199999999999998, 0.39, 0.39, 0.34, 0.39, 0, 0, 1, 0.38, 0.825, 0.75, 0.56, 0.81, 0.84, 0.56, 0.56, 0.45, 0.65, 0.45, 0.64, 0.12, 1, 99, 99, 99]
--- num:  29
list:  [0.84, 0.84, 1, 1, 0.75, 0.75, 0.16199999999999998, 0.16199999999999998, 0.4, 0.4, 0.33, 0.39, 0, 0, 1, 0.38, 0.845, 0.75, 0.56, 0.83, 0.86, 0.56, 0.56, 0.43, 0.69, 0.44, 0.67, 0.12, 1, 99, 99, 99]
--- num:  29
list:  [0.89, 0.89, 1, 1, 0.71, 0.71, 0.16199999999999998, 0.16199999999999998, 0.39, 0.39, 0.35, 0.38, 0, 0, 1, 0.38, 0.87, 0.75, 0.56, 0.86, 0.88, 0.56, 0.56, 0.39, 0.75, 0.41, 0.72, 0.12, 1, 99, 99, 99]
--- num:  29
list:  [0.92, 0.92, 1, 1, 0.68, 0.68, 0.16199999999999998, 0.16199999999999998, 0.35, 0.35, 0.37, 0.36, 0, 0, 1, 0.37, 0.905, 0.74, 0.56, 0.9, 0.91, 0.56, 0.56, 0.36, 0.81, 0.38, 0.78, 0.13, 1, 99, 99, 99]
--- num:  29
list:  [0.92, 0.92, 1, 1, 0.68, 0.68, 0.16199999999999998, 0.16199999999999998, 0.29, 0.29, 0.4, 0.32, 0, 0, 1, 0.35, 0.905, 0.72, 0.56, 0.9, 0.91, 0.56, 0.56, 0.37, 0.81, 0.38, 0.79, 0.14, 1, 99, 99, 99]
--- num:  29
list:  [0.92, 0.92, 1, 1, 0.68, 0.68, 0.16199999999999998, 0.16199999999999998, 0.27, 0.27, 0.39, 0.33, 0, 0, 1, 0.34, 0.91, 0.72, 0.56, 0.91, 0.91, 0.56, 0.56, 0.35, 0.83, 0.36, 0.82, 0.14, 1, 99, 99, 99]
--- num:  29
list:  [0.92, 0.92, 1, 1, 0.68, 0.68, 0.16199999999999998, 0.16199999999999998, 0.24, 0.24, 0.41, 0.32, 0, 0, 1, 0.33, 0.91, 0.71, 0.56, 0.91, 0.91, 0.56, 0.56, 0.38, 0.78, 0.39, 0.77, 0.14, 1, 99, 99, 99]
--- num:  29
list:  [0.92, 0.92, 1, 1, 0.68, 0.68, 0.16199999999999998, 0.16199999999999998, 0.22, 0.22, 0.4, 0.33, 0, 0, 1, 0.33, 0.91, 0.71, 0.56, 0.91, 0.91, 0.56, 0.56, 0.39, 0.75, 0.41, 0.73, 0.14, 1, 99, 99, 99]
--- num:  29
list:  [0.92, 0.92, 1, 1, 0.68, 0.68, 0.16199999999999998, 0.16199999999999998, 0.2, 0.2, 0.4, 0.33, 0, 0, 0.75, 0.32, 0.88, 0.7, 0.56, 0.88, 0.88, 0.56, 0.56, 0.41, 0.71, 0.43, 0.69, 0.14, 1, 99, 99, 99]
--- num:  29
list:  [0.92, 0.92, 1, 1, 0.68, 0.68, 0.16199999999999998, 0.16199999999999998, 0.2, 0.2, 0.39, 0.33, 0, 0, 0.75, 0.32, 0.88, 0.7, 0.56, 0.88, 0.88, 0.56, 0.56, 0.43, 0.68, 0.44, 0.66, 0.13, 1, 99, 99, 99]
--- num:  29
list:  [0.92, 0.92, 1, 1, 0.68, 0.68, 0.16199999999999998, 0.16199999999999998, 0.2, 0.2, 0.39, 0.33, 0, 0, 0.75, 0.32, 0.85, 0.7, 0.56, 0.85, 0.85, 0.56, 0.56, 0.46, 0.63, 0.47, 0.61, 0.13, 0.97, 99, 99, 99]
--- num:  29
list:  [0.92, 0.92, 1, 1, 0.68, 0.68, 0.16199999999999998, 0.16199999999999998, 0.2, 0.2, 0.39, 0.34, 0, 0, 0.75, 0.33, 0.85, 0.71, 0.56, 0.85, 0.85, 0.56, 0.56, 0.42, 0.7, 0.43, 0.68, 0.13, 1, 99, 99, 99]
--- num:  29
list:  [0.92, 0.92, 1, 1, 0.68, 0.68, 0.16199999999999998, 0.16199999999999998, 0.23, 0.23, 0.39, 0.33, 0, 0, 0.75, 0.35, 0.85, 0.72, 0.56, 0.85, 0.85, 0.56, 0.56, 0.41, 0.72, 0.43, 0.69, 0.12, 0.99, 99, 99, 99]
--- num:  29
list:  [0.88, 0.88, 1, 1, 0.71, 0.71, 0.16199999999999998, 0.16199999999999998, 0.24, 0.24, 0.38, 0.35, 0, 0, 0.75, 0.35, 0.825, 0.72, 0.56, 0.82, 0.83, 0.56, 0.56, 0.48, 0.58, 0.49, 0.57, 0.12, 0.84, 99, 99, 99]
--- num:  29
list:  [0.79, 0.79, 1, 1, 0.79, 0.79, 0.48796276330947874, 0.4874259638786316, 0.17, 0.17, 0.35, 0.37, 0.18, 0.195, 0.75, 0.33, 0.8049999999999999, 0.71, 0.56, 0.79, 0.82, 0.56, 0.56, 0.67, 0.39, 0.68, 0.39, 0.11, 0.61, 99, 99, 99]
--- num:  29
list:  [0.66, 0.66, 1, 1, 0.89, 0.89, 0.18740571618080137, 0.1873206156492233, 0.27, 0.27, 0.32, 0.4, 0.02999999999999986, 0.02999999999999986, 0.75, 0.33, 0.8, 0.71, 0.56, 0.79, 0.81, 0.56, 0.56, 0.57, 0.44, 0.57, 0.44, 0.11, 0.7, 99, 99, 99]
--- num:  29
list:  [0.62, 0.62, 1, 1, 0.93, 0.93, 0.16199999999999998, 0.16199999999999998, 0.3, 0.3, 0.31, 0.41, 0.2549999999999999, 0.22499999999999987, 1, 0.32, 0.86, 0.7, 0.53, 0.85, 0.87, 0.53, 0.53, 0.72, 0.37, 0.7, 0.38, 0.1, 0.53, 99, 99, 99]
--- num:  29
list:  [0.57, 0.57, 1, 1, 0.97, 0.97, 0.16199999999999998, 0.16199999999999998, 0.29, 0.29, 0.31, 0.41, 0.2849999999999999, 0.23999999999999988, 1, 0.26, 0.955, 0.66, 0.32, 0.95, 0.96, 0.32, 0.32, 0.74, 0.37, 0.71, 0.38, 0.04, 0.5, 99, 99, 99]
--- num:  29
list:  [0.57, 0.57, 1, 1, 0.97, 0.97, 0.7732271361351013, 0.7600218462944031, 0.17, 0.17, 0.32, 0.4, 0.20999999999999985, 0.195, 1, 0.26, 0.955, 0.66, 0.31, 0.95, 0.96, 0.31, 0.31, 0.69, 0.39, 0.68, 0.39, 0.03, 0.54, 99, 99, 99]
--- num:  29
list:  [0.48, 0.48, 0.89, 0.89, 1, 1, 0.16199999999999998, 0.16199999999999998, 0.31, 0.31, 0.32, 0.4, 0.22499999999999987, 0.18, 1, 0.24, 0.97, 0.64, 0.27, 0.97, 0.97, 0.27, 0.27, 0.7, 0.38, 0.67, 0.4, 0.03, 0.54, 99, 99, 99]
--- num:  29
list:  [0.5, 0.5, 0.94, 0.94, 1, 1, 0.16199999999999998, 0.16199999999999998, 0.35, 0.35, 0.32, 0.4, 0.18, 0.14999999999999997, 1, 0.23, 0.98, 0.63, 0.26, 0.98, 0.98, 0.26, 0.26, 0.67, 0.4, 0.65, 0.41, 0.02, 0.56, 99, 99, 99]
--- num:  29
list:  [0.5, 0.5, 0.94, 0.94, 1, 1, 0.16199999999999998, 0.16199999999999998, 0.39, 0.39, 0.33, 0.4, 0.11999999999999994, 0.08999999999999991, 1, 0.23, 0.98, 0.63, 0.26, 0.98, 0.98, 0.26, 0.26, 0.63, 0.41, 0.61, 0.42, 0.02, 0.56, 99, 99, 99]
--- num:  29
list:  [0.5, 0.5, 0.93, 0.93, 1, 1, 0.16199999999999998, 0.16199999999999998, 0.43, 0.43, 0.33, 0.39, 0.11999999999999994, 0.08999999999999991, 1, 0.23, 0.985, 0.63, 0.26, 0.98, 0.99, 0.26, 0.26, 0.63, 0.41, 0.61, 0.42, 0.02, 0.55, 99, 99, 99]
--- num:  29
list:  [0.49, 0.49, 0.9, 0.9, 1, 1, 0.16199999999999998, 0.16199999999999998, 0.44, 0.44, 0.34, 0.38, 0.11999999999999994, 0.08999999999999991, 1, 0.22, 0.99, 0.63, 0.26, 0.99, 0.99, 0.26, 0.26, 0.63, 0.41, 0.61, 0.42, 0.02, 0.55, 99, 99, 99]
--- num:  29
list:  [0.49, 0.49, 0.9, 0.9, 1, 1, 0.16199999999999998, 0.16199999999999998, 0.45, 0.45, 0.34, 0.38, 0.18, 0.10499999999999993, 1, 0.22, 0.99, 0.63, 0.26, 0.99, 0.99, 0.26, 0.26, 0.67, 0.4, 0.62, 0.42, 0.02, 0.55, 99, 99, 99]
--- num:  29
list:  [0.48, 0.48, 0.89, 0.89, 1, 1, 0.16199999999999998, 0.16199999999999998, 0.47, 0.47, 0.35, 0.38, 0.195, 0.11999999999999994, 1, 0.22, 0.99, 0.63, 0.26, 0.99, 0.99, 0.26, 0.26, 0.68, 0.39, 0.63, 0.42, 0.02, 0.56, 99, 99, 99]
--- num:  29
list:  [0.49, 0.49, 0.9, 0.9, 1, 1, 0.16199999999999998, 0.16199999999999998, 0.47, 0.47, 0.35, 0.38, 0.14999999999999997, 0.08999999999999991, 1, 0.22, 0.99, 0.63, 0.26, 0.99, 0.99, 0.26, 0.26, 0.65, 0.41, 0.61, 0.43, 0.02, 0.57, 99, 99, 99]
--- num:  29
list:  [0.5, 0.5, 0.92, 0.92, 1, 1, 0.16199999999999998, 0.16199999999999998, 0.46, 0.46, 0.34, 0.38, 0.14999999999999997, 0.05999999999999989, 1, 0.22, 0.99, 0.63, 0.26, 0.99, 0.99, 0.26, 0.26, 0.65, 0.41, 0.59, 0.43, 0.02, 0.62, 99, 99, 99]
--- num:  29
list:  [0.5, 0.5, 0.94, 0.94, 1, 1, 0.16199999999999998, 0.16199999999999998, 0.45, 0.45, 0.35, 0.37, 0.11999999999999994, 0.05999999999999989, 1, 0.22, 0.99, 0.63, 0.26, 0.99, 0.99, 0.26, 0.26, 0.63, 0.41, 0.59, 0.43, 0.02, 0.61, 99, 99, 99]
--- num:  29
list:  [0.5, 0.5, 0.94, 0.94, 1, 1, 0.16199999999999998, 0.16199999999999998, 0.45, 0.45, 0.36, 0.37, 0.11999999999999994, 0.05999999999999989, 1, 0.22, 0.99, 0.63, 0.26, 0.99, 0.99, 0.26, 0.26, 0.63, 0.41, 0.59, 0.43, 0.01, 0.6, 99, 99, 99]
--- num:  29
list:  [0.5, 0.5, 0.93, 0.93, 1, 1, 0.16199999999999998, 0.16199999999999998, 0.45, 0.45, 0.36, 0.36, 0.11999999999999994, 0.05999999999999989, 1, 0.22, 0.99, 0.63, 0.26, 0.99, 0.99, 0.26, 0.26, 0.63, 0.41, 0.59, 0.43, 0.01, 0.58, 99, 99, 99]
--- num:  29
