start livelink
[-0.024, 0.024, -0.062]
[-0.026, 0.025, -0.064]
[-0.027, 0.025, -0.066]
[-0.027, 0.024, -0.068]
[-0.027, 0.024, -0.066]
[-0.027, 0.024, -0.066]
[-0.037, 0.032, -0.061]
[-0.024, 0.032, -0.049]
[-0.035, 0.027, -0.054]
[-0.04, 0.023, -0.055]
[-0.038, 0.017, -0.054]
[-0.04, 0.013, -0.055]
[-0.037, 0.012, -0.051]
[-0.036, 0.011, -0.048]
[-0.036, 0.01, -0.046]
[-0.038, 0.01, -0.045]
[-0.039, 0.009, -0.044]
[-0.04, 0.009, -0.044]
[-0.041, 0.009, -0.044]
[-0.04, 0.009, -0.043]
[-0.039, 0.009, -0.041]
[-0.037, 0.008, -0.038]
[-0.034, 0.007, -0.035]
[-0.034, 0.007, -0.033]
[-0.032, 0.007, -0.031]
[-0.03, 0.007, -0.029]
[-0.029, 0.007, -0.027]
[-0.026, 0.007, -0.025]
[-0.023, 0.006, -0.025]
[-0.02, 0.006, -0.025]
[-0.014, 0.006, -0.026]
[-0.008, 0.006, -0.027]
[-0.001, 0.006, -0.027]
[0.008, 0.006, -0.026]
[0.008, 0.006, -0.026]
[0.01, 0.006, -0.025]
[0.012, 0.007, -0.024]
[0.012, 0.008, -0.022]
[0.012, 0.008, -0.022]
[0.013, 0.008, -0.021]
[0.013, 0.008, -0.02]
[0.018, 0.007, -0.02]
[0.018, 0.007, -0.02]
[0.021, 0.007, -0.019]
[0.023, 0.006, -0.019]
[0.023, 0.006, -0.018]
[0.021, 0.005, -0.017]
[0.018, 0.005, -0.014]
[0.011, 0.006, -0.008]
[0.007, 0.006, -0.003]
[0.004, 0.007, 0.001]
[0.003, 0.007, 0.005]
[0.005, 0.007, 0.007]
[0.009, 0.007, 0.009]
[0.016, 0.007, 0.008]
[0.024, 0.008, 0.008]
[0.031, 0.009, 0.008]
[0.039, 0.01, 0.008]
[0.045, 0.01, 0.01]
[0.052, 0.011, 0.011]
[0.059, 0.011, 0.014]
[0.063, 0.011, 0.016]
[0.065, 0.012, 0.018]
[0.067, 0.013, 0.021]
[0.068, 0.015, 0.023]
[0.07, 0.016, 0.025]
[0.073, 0.017, 0.027]
[0.076, 0.018, 0.029]
[0.079, 0.019, 0.03]
[0.081, 0.02, 0.029]
[0.083, 0.021, 0.029]
[0.085, 0.022, 0.028]
[0.088, 0.024, 0.029]
[0.098, 0.027, 0.033]
[0.098, 0.027, 0.033]
[0.102, 0.028, 0.035]
[0.105, 0.03, 0.037]
[0.112, 0.035, 0.036]
[0.112, 0.035, 0.036]
[0.116, 0.036, 0.036]
[0.12, 0.038, 0.036]
[0.125, 0.04, 0.037]
[0.129, 0.042, 0.039]
[0.133, 0.044, 0.04]
[0.133, 0.045, 0.04]
[0.135, 0.046, 0.04]
[0.136, 0.047, 0.04]
[0.137, 0.048, 0.04]
[0.141, 0.051, 0.042]
[0.141, 0.051, 0.042]
[0.142, 0.052, 0.043]
[0.143, 0.053, 0.045]
[0.143, 0.054, 0.046]
[0.144, 0.056, 0.048]
[0.147, 0.059, 0.05]
[0.154, 0.063, 0.053]
[0.154, 0.063, 0.053]
[0.156, 0.064, 0.054]
[0.158, 0.065, 0.053]
[0.159, 0.066, 0.053]
[0.159, 0.066, 0.052]
[0.161, 0.067, 0.052]
[0.163, 0.067, 0.052]
[0.166, 0.067, 0.051]
[0.169, 0.068, 0.051]
[0.172, 0.068, 0.052]
[0.176, 0.068, 0.051]
[0.179, 0.067, 0.05]
[0.182, 0.066, 0.049]
[0.184, 0.064, 0.048]
[0.184, 0.063, 0.046]
[0.184, 0.061, 0.043]
[0.183, 0.059, 0.04]
[0.182, 0.058, 0.037]
[0.181, 0.056, 0.034]
[0.177, 0.055, 0.03]
[0.174, 0.053, 0.026]
[0.171, 0.051, 0.023]
[0.167, 0.049, 0.02]
[0.165, 0.048, 0.016]
[0.163, 0.046, 0.012]
[0.161, 0.045, 0.009]
[0.16, 0.044, 0.005]
[0.159, 0.043, 0.002]
[0.153, 0.039, -0.002]
[0.153, 0.039, -0.002]
[0.15, 0.037, -0.003]
[0.149, 0.036, -0.004]
[0.147, 0.034, -0.005]
[0.146, 0.032, -0.007]
[0.144, 0.03, -0.008]
[0.142, 0.029, -0.009]
[0.139, 0.027, -0.009]
[0.137, 0.025, -0.01]
[0.135, 0.024, -0.011]
[0.133, 0.022, -0.012]
[0.132, 0.02, -0.014]
[0.131, 0.019, -0.016]
[0.129, 0.017, -0.018]
[0.128, 0.015, -0.019]
[0.126, 0.014, -0.021]
[0.125, 0.012, -0.023]
[0.124, 0.01, -0.024]
[0.121, 0.009, -0.025]
[0.119, 0.007, -0.025]
[0.116, 0.005, -0.026]
[0.113, 0.004, -0.027]
[0.11, 0.002, -0.028]
[0.109, 0.001, -0.029]
[0.108, -0.0, -0.03]
[0.108, -0.002, -0.031]
[0.108, -0.003, -0.033]
[0.108, -0.005, -0.036]
[0.108, -0.006, -0.038]
[0.108, -0.007, -0.04]
[0.109, -0.009, -0.041]
[0.11, -0.01, -0.041]
[0.111, -0.012, -0.041]
[0.111, -0.014, -0.041]
[0.112, -0.016, -0.041]
[0.112, -0.018, -0.04]
[0.112, -0.019, -0.039]
[0.114, -0.021, -0.038]
[0.116, -0.023, -0.037]
[0.121, -0.025, -0.033]
[0.121, -0.025, -0.033]
[0.123, -0.026, -0.031]
[0.124, -0.027, -0.029]
[0.126, -0.03, -0.024]
[0.126, -0.03, -0.024]
[0.127, -0.03, -0.021]
[0.129, -0.031, -0.018]
[0.133, -0.032, -0.015]
[0.138, -0.033, -0.012]
[0.142, -0.034, -0.01]
[0.146, -0.034, -0.008]
[0.15, -0.034, -0.006]
[0.153, -0.035, -0.004]
[0.155, -0.035, -0.003]
[0.158, -0.035, -0.002]
[0.16, -0.035, -0.002]
[0.162, -0.035, -0.001]
[0.163, -0.035, 0.0]
[0.163, -0.034, 0.001]
[0.163, -0.033, 0.001]
[0.164, -0.033, 0.002]
[0.164, -0.033, 0.002]
[0.164, -0.032, 0.002]
[0.162, -0.032, 0.001]
[0.159, -0.031, 0.001]
[0.156, -0.031, 0.0]
[0.153, -0.03, 0.0]
[0.15, -0.03, 0.001]
[0.147, -0.029, 0.0]
[0.145, -0.029, -0.0]
[0.144, -0.029, -0.001]
[0.143, -0.029, 0.0]
[0.143, -0.029, 0.0]
[0.143, -0.028, 0.001]
[0.143, -0.028, 0.001]
[0.142, -0.026, 0.001]
[0.142, -0.026, 0.001]
[0.141, -0.024, 0.001]
[0.139, -0.023, 0.001]
[0.137, -0.021, -0.001]
[0.137, -0.021, -0.001]
[0.137, -0.02, -0.001]
[0.137, -0.019, -0.001]
[0.139, -0.017, -0.0]
[0.139, -0.017, -0.0]
[0.14, -0.016, -0.0]
[0.142, -0.016, -0.0]
[0.148, -0.015, 0.001]
[0.148, -0.015, 0.001]
[0.151, -0.014, 0.001]
[0.152, -0.013, 0.002]
[0.154, -0.012, 0.002]
[0.154, -0.01, 0.001]
[0.154, -0.009, 0.001]
[0.155, -0.007, 0.001]
[0.155, -0.006, 0.001]
[0.156, -0.004, 0.001]
[0.156, -0.003, 0.001]
[0.157, -0.001, 0.002]
[0.158, 0.0, 0.002]
[0.159, 0.002, 0.002]
[0.16, 0.003, 0.003]
[0.161, 0.005, 0.004]
[0.163, 0.006, 0.005]
[0.164, 0.008, 0.006]
[0.165, 0.01, 0.008]
[0.165, 0.012, 0.011]
[0.165, 0.014, 0.014]
[0.165, 0.016, 0.016]
[0.166, 0.017, 0.016]
[0.166, 0.019, 0.017]
[0.166, 0.021, 0.017]
[0.165, 0.024, 0.018]
[0.165, 0.026, 0.019]
[0.164, 0.028, 0.02]
[0.162, 0.034, 0.024]
[0.162, 0.034, 0.024]
[0.162, 0.036, 0.026]
[0.161, 0.039, 0.027]
[0.161, 0.041, 0.028]
[0.16, 0.043, 0.029]
[0.158, 0.046, 0.029]
[0.156, 0.048, 0.03]
[0.154, 0.051, 0.03]
[0.154, 0.051, 0.03]
[0.155, 0.052, 0.029]
[0.156, 0.054, 0.028]
[0.156, 0.055, 0.026]
[0.156, 0.056, 0.025]
[0.156, 0.056, 0.024]
[0.157, 0.056, 0.023]
[0.158, 0.056, 0.023]
[0.16, 0.056, 0.024]
[0.162, 0.056, 0.024]
[0.162, 0.056, 0.025]
[0.164, 0.057, 0.026]
[0.164, 0.057, 0.027]
[0.164, 0.058, 0.028]
[0.165, 0.059, 0.03]
[0.164, 0.06, 0.03]
[0.164, 0.061, 0.029]
[0.165, 0.062, 0.028]
[0.166, 0.063, 0.026]
[0.168, 0.064, 0.024]
[0.168, 0.063, 0.023]
[0.168, 0.063, 0.021]
[0.169, 0.063, 0.021]
[0.173, 0.063, 0.023]
[0.177, 0.064, 0.024]
[0.181, 0.065, 0.024]
[0.183, 0.067, 0.023]
[0.183, 0.071, 0.021]
[0.183, 0.074, 0.02]
[0.184, 0.078, 0.016]
[0.186, 0.08, 0.015]
[0.19, 0.083, 0.013]
[0.196, 0.086, 0.012]
[0.199, 0.086, 0.012]
[0.203, 0.087, 0.012]
[0.207, 0.088, 0.013]
[0.21, 0.088, 0.014]
[0.212, 0.089, 0.016]
[0.212, 0.09, 0.017]
[0.209, 0.09, 0.018]
[0.206, 0.089, 0.018]
[0.203, 0.088, 0.018]
[0.2, 0.087, 0.02]
[0.198, 0.086, 0.024]
[0.198, 0.085, 0.025]
[0.198, 0.085, 0.025]
[0.197, 0.085, 0.025]
[0.194, 0.084, 0.024]
[0.194, 0.084, 0.024]
[0.193, 0.084, 0.024]
[0.192, 0.083, 0.024]
[0.192, 0.083, 0.025]
[0.191, 0.082, 0.025]
[0.192, 0.082, 0.025]
[0.194, 0.081, 0.025]
[0.195, 0.08, 0.025]
[0.196, 0.08, 0.024]
[0.192, 0.079, 0.021]
[0.192, 0.079, 0.021]
[0.192, 0.079, 0.021]
[0.193, 0.079, 0.021]
[0.193, 0.078, 0.021]
[0.192, 0.078, 0.021]
[0.19, 0.077, 0.02]
[0.189, 0.077, 0.019]
[0.188, 0.078, 0.018]
[0.189, 0.078, 0.018]
[0.19, 0.079, 0.021]
[0.19, 0.079, 0.021]
[0.19, 0.079, 0.021]
[0.189, 0.079, 0.021]
[0.186, 0.078, 0.02]
[0.182, 0.078, 0.018]
[0.175, 0.078, 0.016]
[0.17, 0.078, 0.014]
[0.165, 0.077, 0.012]
[0.157, 0.076, 0.009]
[0.149, 0.074, 0.005]
[0.137, 0.072, -0.0]
[0.125, 0.07, -0.005]
[0.114, 0.069, -0.009]
[0.102, 0.068, -0.014]
[0.091, 0.066, -0.017]
[0.081, 0.065, -0.019]
[0.071, 0.063, -0.021]
[0.06, 0.061, -0.024]
[0.05, 0.06, -0.026]
[0.031, 0.058, -0.031]
[0.031, 0.058, -0.031]
[0.016, 0.056, -0.032]
[-0.005, 0.054, -0.031]
[-0.041, 0.053, -0.032]
[-0.068, 0.052, -0.033]
[-0.095, 0.051, -0.035]
[-0.116, 0.049, -0.038]
[-0.143, 0.046, -0.04]
[-0.165, 0.043, -0.04]
[-0.197, 0.04, -0.038]
[-0.197, 0.04, -0.038]
[-0.228, 0.039, -0.04]
[-0.228, 0.039, -0.04]
[-0.241, 0.039, -0.04]
[-0.252, 0.04, -0.038]
[-0.262, 0.041, -0.036]
[-0.269, 0.042, -0.036]
[-0.274, 0.042, -0.034]
[-0.278, 0.043, -0.034]
[-0.281, 0.043, -0.034]
[-0.282, 0.044, -0.033]
[-0.284, 0.043, -0.033]
[-0.285, 0.043, -0.034]
[-0.284, 0.041, -0.035]
[-0.284, 0.04, -0.036]
[-0.281, 0.038, -0.036]
[-0.281, 0.037, -0.036]
[-0.28, 0.036, -0.037]
[-0.278, 0.036, -0.036]
[-0.279, 0.036, -0.036]
[-0.277, 0.036, -0.036]
[-0.279, 0.039, -0.036]
[-0.279, 0.039, -0.036]
[-0.279, 0.04, -0.036]
[-0.281, 0.042, -0.035]
[-0.28, 0.042, -0.035]
[-0.279, 0.042, -0.034]
[-0.275, 0.042, -0.033]
[-0.27, 0.042, -0.034]
[-0.264, 0.044, -0.035]
[-0.264, 0.044, -0.035]
[-0.262, 0.044, -0.036]
[-0.259, 0.044, -0.036]
[-0.256, 0.045, -0.036]
[-0.251, 0.045, -0.035]
[-0.244, 0.047, -0.033]
[-0.239, 0.048, -0.029]
[-0.234, 0.05, -0.027]
[-0.23, 0.05, -0.027]
[-0.228, 0.05, -0.029]
[-0.225, 0.05, -0.031]
[-0.22, 0.051, -0.031]
[-0.22, 0.051, -0.031]
[-0.217, 0.052, -0.03]
[-0.215, 0.054, -0.031]
[-0.207, 0.059, -0.027]
[-0.207, 0.059, -0.027]
[-0.201, 0.06, -0.023]
[-0.197, 0.061, -0.02]
[-0.192, 0.061, -0.016]
[-0.188, 0.061, -0.014]
[-0.182, 0.061, -0.011]
[-0.179, 0.06, -0.008]
[-0.179, 0.06, -0.004]
[-0.179, 0.06, -0.004]
[-0.181, 0.06, -0.003]
[-0.181, 0.06, -0.001]
[-0.172, 0.064, 0.013]
[-0.172, 0.064, 0.013]
[-0.166, 0.067, 0.024]
[-0.161, 0.07, 0.036]
[-0.15, 0.076, 0.057]
[-0.15, 0.076, 0.057]
[-0.144, 0.078, 0.067]
[-0.136, 0.08, 0.078]
[-0.13, 0.082, 0.089]
[-0.122, 0.083, 0.099]
[-0.116, 0.084, 0.106]
[-0.112, 0.085, 0.11]
[-0.109, 0.087, 0.113]
[-0.109, 0.087, 0.113]
[-0.109, 0.088, 0.113]
[-0.11, 0.089, 0.112]
[-0.111, 0.09, 0.112]
[-0.111, 0.09, 0.112]
[-0.11, 0.09, 0.112]
[-0.107, 0.09, 0.111]
[-0.102, 0.09, 0.11]
[-0.096, 0.09, 0.112]
[-0.09, 0.089, 0.114]
[-0.091, 0.087, 0.116]
[-0.093, 0.085, 0.117]
[-0.096, 0.083, 0.116]
[-0.097, 0.082, 0.113]
[-0.09, 0.082, 0.11]
[-0.08, 0.085, 0.1]
[-0.08, 0.085, 0.1]
[-0.076, 0.086, 0.092]
[-0.073, 0.086, 0.082]
[-0.069, 0.084, 0.059]
[-0.069, 0.084, 0.059]
[-0.066, 0.082, 0.05]
[-0.064, 0.08, 0.041]
[-0.067, 0.077, 0.024]
[-0.067, 0.077, 0.024]
[-0.069, 0.075, 0.012]
[-0.071, 0.074, 0.002]
[-0.07, 0.071, -0.014]
[-0.07, 0.071, -0.014]
[-0.07, 0.069, -0.02]
[-0.07, 0.068, -0.025]
[-0.067, 0.066, -0.033]
[-0.067, 0.066, -0.033]
[-0.067, 0.064, -0.036]
[-0.07, 0.062, -0.04]
[-0.073, 0.059, -0.044]
[-0.074, 0.057, -0.049]
[-0.073, 0.055, -0.053]
[-0.069, 0.052, -0.056]
[-0.059, 0.048, -0.061]
[-0.059, 0.048, -0.061]
[-0.055, 0.046, -0.063]
[-0.052, 0.044, -0.067]
[-0.052, 0.04, -0.073]
[-0.052, 0.04, -0.073]
[-0.052, 0.037, -0.075]
[-0.051, 0.034, -0.076]
[-0.049, 0.031, -0.076]
[-0.046, 0.029, -0.077]
[-0.039, 0.026, -0.079]
[-0.039, 0.026, -0.079]
[-0.036, 0.024, -0.08]
[-0.034, 0.022, -0.08]
[-0.032, 0.019, -0.082]
[-0.032, 0.019, -0.082]
[-0.031, 0.017, -0.083]
[-0.029, 0.015, -0.083]
[-0.028, 0.014, -0.083]
[-0.024, 0.012, -0.083]
[-0.023, 0.01, -0.083]
[-0.021, 0.008, -0.084]
[-0.019, 0.007, -0.085]
[-0.018, 0.005, -0.085]
[-0.015, 0.003, -0.085]
[-0.012, 0.002, -0.085]
[-0.009, -0.0, -0.084]
[-0.006, -0.002, -0.084]
[0.004, -0.007, -0.084]
[0.004, -0.007, -0.084]
[0.009, -0.009, -0.084]
[0.013, -0.01, -0.083]
[0.018, -0.012, -0.083]
[0.018, -0.012, -0.083]
[0.02, -0.013, -0.083]
[0.022, -0.014, -0.083]
[0.023, -0.015, -0.082]
[0.025, -0.017, -0.081]
[0.027, -0.018, -0.079]
[0.029, -0.019, -0.077]
[0.033, -0.021, -0.075]
[0.036, -0.022, -0.072]
[0.038, -0.024, -0.069]
[0.04, -0.025, -0.066]
[0.042, -0.027, -0.062]
[0.045, -0.028, -0.057]
[0.048, -0.03, -0.051]
[0.054, -0.031, -0.046]
[0.06, -0.033, -0.042]
[0.066, -0.034, -0.038]
[0.07, -0.034, -0.036]
[0.072, -0.034, -0.035]
[0.073, -0.034, -0.033]
[0.072, -0.034, -0.031]
[0.072, -0.034, -0.029]
[0.074, -0.034, -0.026]
[0.077, -0.033, -0.022]
[0.081, -0.033, -0.02]
[0.084, -0.033, -0.017]
[0.087, -0.032, -0.014]
[0.089, -0.032, -0.01]
[0.09, -0.032, -0.005]
[0.092, -0.032, -0.0]
[0.093, -0.032, 0.005]
[0.094, -0.032, 0.009]
[0.095, -0.032, 0.013]
[0.096, -0.032, 0.017]
[0.096, -0.031, 0.021]
[0.097, -0.031, 0.027]
[0.098, -0.031, 0.031]
[0.099, -0.031, 0.035]
[0.101, -0.03, 0.04]
[0.102, -0.029, 0.045]
[0.102, -0.029, 0.045]
[0.103, -0.029, 0.047]
[0.103, -0.029, 0.048]
[0.103, -0.028, 0.05]
[0.103, -0.028, 0.05]
[0.102, -0.027, 0.051]
[0.102, -0.027, 0.052]
[0.103, -0.026, 0.054]
[0.104, -0.025, 0.056]
[0.104, -0.024, 0.057]
[0.103, -0.023, 0.058]
[0.101, -0.022, 0.059]
[0.099, -0.021, 0.059]
[0.097, -0.02, 0.06]
[0.096, -0.018, 0.06]
[0.094, -0.017, 0.061]
[0.092, -0.015, 0.063]
[0.091, -0.013, 0.065]
[0.092, -0.011, 0.066]
[0.092, -0.009, 0.067]
[0.092, -0.007, 0.068]
[0.091, -0.005, 0.068]
[0.089, -0.003, 0.069]
[0.087, -0.001, 0.068]
[0.082, 0.001, 0.067]
[0.08, 0.004, 0.066]
[0.079, 0.006, 0.066]
[0.076, 0.008, 0.063]
[0.073, 0.013, 0.059]
[0.073, 0.013, 0.059]
[0.072, 0.016, 0.057]
[0.072, 0.018, 0.054]
[0.074, 0.021, 0.049]
[0.075, 0.024, 0.044]
[0.077, 0.026, 0.039]
[0.078, 0.028, 0.035]
[0.077, 0.03, 0.03]
[0.076, 0.032, 0.024]
[0.072, 0.034, 0.016]
[0.07, 0.037, 0.004]
[0.07, 0.037, 0.004]
[0.07, 0.039, -0.002]
[0.07, 0.042, -0.009]
[0.075, 0.045, -0.013]
[0.079, 0.048, -0.017]
[0.086, 0.054, -0.027]
[0.086, 0.054, -0.027]
[0.085, 0.056, -0.032]
[0.083, 0.057, -0.039]
[0.081, 0.057, -0.045]
[0.079, 0.057, -0.05]
[0.076, 0.058, -0.056]
[0.075, 0.06, -0.061]
[0.075, 0.061, -0.066]
[0.074, 0.063, -0.07]
[0.074, 0.064, -0.073]
[0.075, 0.065, -0.076]
[0.075, 0.066, -0.078]
[0.075, 0.067, -0.08]
[0.075, 0.068, -0.082]
[0.075, 0.068, -0.084]
[0.077, 0.069, -0.086]
[0.079, 0.07, -0.087]
[0.081, 0.07, -0.088]
[0.082, 0.07, -0.088]
[0.081, 0.07, -0.088]
[0.081, 0.071, -0.088]
[0.084, 0.071, -0.09]
[0.084, 0.071, -0.09]
[0.085, 0.071, -0.091]
[0.086, 0.071, -0.093]
[0.09, 0.072, -0.095]
[0.09, 0.072, -0.095]
[0.093, 0.072, -0.096]
[0.096, 0.073, -0.097]
[0.097, 0.073, -0.099]
[0.098, 0.074, -0.1]
[0.098, 0.074, -0.102]
[0.097, 0.074, -0.105]
[0.096, 0.074, -0.108]
[0.095, 0.075, -0.112]
[0.094, 0.075, -0.115]
[0.094, 0.076, -0.117]
[0.094, 0.077, -0.119]
[0.094, 0.077, -0.121]
[0.094, 0.078, -0.123]
[0.094, 0.078, -0.125]
[0.093, 0.078, -0.125]
[0.091, 0.078, -0.125]
[0.088, 0.078, -0.126]
[0.086, 0.077, -0.126]
[0.084, 0.077, -0.125]
[0.082, 0.077, -0.125]
[0.079, 0.077, -0.124]
[0.079, 0.077, -0.124]
[0.076, 0.076, -0.124]
[0.071, 0.076, -0.124]
[0.065, 0.076, -0.124]
[0.06, 0.076, -0.124]
[0.055, 0.076, -0.122]
[0.05, 0.077, -0.119]
[0.048, 0.077, -0.117]
[0.047, 0.077, -0.116]
[0.046, 0.076, -0.115]
[0.046, 0.076, -0.115]
[0.046, 0.077, -0.115]
[0.043, 0.077, -0.115]
[0.043, 0.077, -0.115]
[0.042, 0.078, -0.115]
[0.04, 0.078, -0.116]
[0.039, 0.079, -0.117]
[0.038, 0.079, -0.117]
[0.037, 0.08, -0.118]
[0.035, 0.08, -0.119]
[0.035, 0.081, -0.12]
[0.034, 0.081, -0.122]
[0.034, 0.082, -0.123]
[0.035, 0.082, -0.124]
[0.036, 0.082, -0.125]
[0.038, 0.082, -0.126]
[0.04, 0.082, -0.126]
[0.043, 0.082, -0.126]
[0.046, 0.081, -0.125]
[0.048, 0.081, -0.124]
[0.05, 0.082, -0.123]
[0.051, 0.082, -0.122]
[0.053, 0.082, -0.122]
[0.054, 0.082, -0.121]
[0.056, 0.081, -0.121]
[0.059, 0.08, -0.116]
[0.059, 0.08, -0.116]
[0.06, 0.079, -0.113]
[0.058, 0.079, -0.11]
[0.055, 0.08, -0.107]
[0.055, 0.08, -0.107]
[0.053, 0.079, -0.107]
[0.053, 0.078, -0.107]
[0.052, 0.076, -0.108]
[0.052, 0.075, -0.108]
[0.053, 0.075, -0.108]
[0.054, 0.075, -0.108]
[0.055, 0.075, -0.108]
[0.056, 0.075, -0.108]
[0.056, 0.076, -0.108]
[0.057, 0.076, -0.107]
[0.057, 0.076, -0.107]
[0.058, 0.076, -0.107]
[0.058, 0.076, -0.106]
[0.058, 0.076, -0.106]
[0.059, 0.076, -0.105]
[0.059, 0.076, -0.103]
[0.062, 0.076, -0.101]
[0.062, 0.076, -0.101]
[0.065, 0.076, -0.099]
[0.066, 0.076, -0.098]
[0.067, 0.076, -0.097]
[0.067, 0.076, -0.096]
[0.066, 0.076, -0.096]
[0.064, 0.076, -0.095]
[0.063, 0.076, -0.094]
[0.063, 0.076, -0.093]
[0.064, 0.075, -0.091]
[0.065, 0.076, -0.09]
[0.066, 0.075, -0.089]
[0.067, 0.075, -0.088]
[0.067, 0.075, -0.087]
[0.067, 0.074, -0.086]
[0.067, 0.074, -0.086]
[0.066, 0.073, -0.087]
[0.065, 0.072, -0.087]
[0.065, 0.072, -0.086]
[0.065, 0.072, -0.085]
[0.065, 0.071, -0.084]
[0.065, 0.071, -0.084]
[0.066, 0.072, -0.083]
[0.066, 0.071, -0.083]
[0.067, 0.072, -0.083]
[0.067, 0.072, -0.082]
[0.068, 0.072, -0.081]
[0.069, 0.072, -0.08]
[0.069, 0.071, -0.079]
[0.07, 0.071, -0.079]
[0.069, 0.07, -0.078]
[0.069, 0.07, -0.078]
[0.068, 0.069, -0.076]
[0.068, 0.068, -0.074]
[0.069, 0.068, -0.072]
[0.07, 0.068, -0.07]
[0.073, 0.068, -0.068]
[0.076, 0.068, -0.068]
[0.077, 0.068, -0.069]
[0.079, 0.066, -0.071]
[0.079, 0.066, -0.071]
[0.079, 0.065, -0.071]
[0.079, 0.063, -0.071]
[0.08, 0.061, -0.071]
[0.081, 0.058, -0.071]
[0.082, 0.057, -0.07]
[0.083, 0.055, -0.068]
[0.084, 0.055, -0.067]
[0.084, 0.054, -0.066]
[0.083, 0.054, -0.065]
[0.084, 0.054, -0.065]
[0.085, 0.054, -0.064]
[0.087, 0.054, -0.063]
[0.089, 0.055, -0.062]
[0.092, 0.055, -0.06]
[0.092, 0.055, -0.06]
[0.093, 0.055, -0.059]
[0.095, 0.055, -0.058]
[0.098, 0.055, -0.057]
[0.101, 0.055, -0.055]
[0.103, 0.055, -0.054]
[0.107, 0.055, -0.049]
[0.107, 0.055, -0.049]
[0.107, 0.054, -0.045]
[0.109, 0.053, -0.041]
[0.111, 0.051, -0.039]
[0.115, 0.049, -0.038]
[0.118, 0.047, -0.038]
[0.12, 0.044, -0.038]
[0.122, 0.041, -0.036]
[0.123, 0.038, -0.035]
[0.125, 0.035, -0.034]
[0.126, 0.032, -0.034]
[0.128, 0.029, -0.034]
[0.13, 0.026, -0.033]
[0.131, 0.023, -0.032]
[0.132, 0.021, -0.032]
[0.131, 0.018, -0.031]
[0.13, 0.015, -0.031]
[0.129, 0.012, -0.031]
[0.128, 0.01, -0.031]
[0.128, 0.007, -0.032]
[0.128, 0.005, -0.033]
[0.127, 0.003, -0.033]
[0.128, 0.001, -0.034]
[0.128, -0.0, -0.034]
[0.128, -0.001, -0.034]
[0.129, -0.003, -0.034]
[0.129, -0.004, -0.033]
[0.13, -0.005, -0.034]
[0.131, -0.006, -0.034]
[0.131, -0.007, -0.034]
[0.13, -0.009, -0.035]
[0.128, -0.011, -0.035]
[0.127, -0.013, -0.036]
[0.126, -0.015, -0.036]
[0.124, -0.017, -0.037]
[0.119, -0.02, -0.038]
[0.119, -0.02, -0.038]
[0.115, -0.021, -0.039]
[0.112, -0.023, -0.039]
[0.109, -0.024, -0.039]
[0.107, -0.025, -0.037]
[0.104, -0.027, -0.035]
[0.101, -0.028, -0.033]
[0.097, -0.029, -0.032]
[0.093, -0.03, -0.032]
[0.089, -0.03, -0.032]
[0.085, -0.029, -0.032]
[0.081, -0.028, -0.031]
[0.078, -0.027, -0.03]
[0.074, -0.027, -0.03]
[0.071, -0.029, -0.031]
[0.069, -0.032, -0.031]
[0.069, -0.037, -0.033]
[0.069, -0.037, -0.033]
[0.069, -0.038, -0.033]
[0.067, -0.039, -0.033]
[0.064, -0.039, -0.032]
[0.063, -0.037, -0.03]
[0.063, -0.035, -0.029]
[0.062, -0.033, -0.028]
[0.062, -0.032, -0.028]
[0.06, -0.031, -0.03]
[0.057, -0.031, -0.032]
[0.056, -0.031, -0.033]
[0.053, -0.032, -0.037]
[0.053, -0.032, -0.037]
[0.052, -0.032, -0.038]
[0.051, -0.033, -0.04]
[0.05, -0.033, -0.042]
[0.05, -0.033, -0.042]
[0.049, -0.032, -0.043]
[0.047, -0.031, -0.044]
[0.046, -0.031, -0.045]
[0.044, -0.03, -0.046]
[0.041, -0.029, -0.046]
[0.041, -0.028, -0.047]
[0.041, -0.025, -0.049]
[0.041, -0.025, -0.049]
[0.043, -0.023, -0.051]
[0.044, -0.022, -0.053]
[0.045, -0.02, -0.054]
[0.045, -0.019, -0.055]
[0.043, -0.018, -0.055]
[0.108, -0.018, -0.063]
[0.043, -0.021, -0.067]
[0.06, -0.024, -0.065]
[0.076, -0.025, -0.056]
[0.091, -0.023, -0.05]
[0.109, -0.021, -0.045]
[0.131, -0.02, -0.042]
[0.158, -0.018, -0.041]
[0.185, -0.018, -0.039]
[0.2, -0.02, -0.034]
[0.213, -0.02, -0.026]
[0.222, -0.021, -0.022]
[0.244, -0.023, -0.009]
[0.244, -0.023, -0.009]
[0.25, -0.023, -0.004]
[0.25, -0.021, 0.0]
[0.258, -0.014, 0.002]
[0.258, -0.014, 0.002]
[0.257, -0.01, 0.001]
[0.249, -0.006, 0.001]
[0.237, -0.003, 0.001]
[0.225, 0.0, -0.0]
[0.215, 0.004, -0.004]
[0.198, 0.008, -0.016]
[0.179, 0.01, -0.031]
[0.16, 0.012, -0.045]
[0.147, 0.012, -0.055]
[0.13, 0.012, -0.067]
[0.111, 0.012, -0.078]
[0.101, 0.012, -0.085]
[0.09, 0.014, -0.088]
[0.079, 0.016, -0.091]
[0.067, 0.018, -0.094]
