A0
A1
A2
A3
A4
A5
A6
A7
A8
A9
A10
A11
A12
A13
A14
A15
A16
A17
A18
A19
A20
A21
A22
A23
A24
A25
A26
A27
A28
--- [0.87, 0.67, 1.0, 1.0, 0.24, 0.24, 0.05, 0.13, 0.51, 0.54, 0.4, 0.38, 0.0, -0.0, 1.0, 0.21, 0.75, 0.6, 0.49, 0.8, 0.75, 0.46, 0.86, 0.55, 0.43, 0.55, 0.45, 0.0, 0.5, 99, 99, 99]
into servo loop...
start test new
list:  [0.36, 0.36, 0.6, 0.6, 1, 1, 0.16199999999999998, 0.16199999999999998, 0.44, 0.44, 0.34, 0.38, 0.08999999999999991, 0.05999999999999989, 1, 0.22, 0.985, 0.63, 0.26, 0.98, 0.99, 0.26, 0.26, 0.61, 0.42, 0.59, 0.43, 0.01, 0.59, 99, 99, 99]
--- num:  29
list:  [0.5, 0.5, 0.93, 0.93, 1, 1, 0.16199999999999998, 0.16199999999999998, 0.48, 0.48, 0.36, 0.37, 0, 0, 1, 0.22, 0.98, 0.62, 0.25, 0.98, 0.98, 0.25, 0.25, 0.51, 0.53, 0.5, 0.55, 0.0, 0.54, 99, 99, 99]
--- num:  29
list:  [0.43, 0.43, 0.76, 0.76, 1, 1, 0.18763315260410307, 0.18750030875205992, 0.34, 0.34, 0.35, 0.37, 0.05999999999999989, 0.0749999999999999, 1, 0.23, 0.98, 0.63, 0.26, 0.98, 0.98, 0.26, 0.26, 0.59, 0.43, 0.6, 0.43, 0.01, 0.57, 99, 99, 99]
--- num:  29
list:  [0.43, 0.43, 0.78, 0.78, 1, 1, 0.16199999999999998, 0.16199999999999998, 0.42, 0.42, 0.34, 0.38, 0.10499999999999993, 0.08999999999999991, 1, 0.23, 0.98, 0.63, 0.27, 0.98, 0.98, 0.27, 0.27, 0.62, 0.42, 0.61, 0.42, 0.01, 0.57, 99, 99, 99]
--- num:  29
list:  [0.44, 0.44, 0.79, 0.79, 1, 1, 0.16199999999999998, 0.16199999999999998, 0.43, 0.43, 0.34, 0.38, 0.08999999999999991, 0.0749999999999999, 1, 0.23, 0.98, 0.63, 0.27, 0.98, 0.98, 0.27, 0.27, 0.61, 0.42, 0.6, 0.43, 0.01, 0.57, 99, 99, 99]
--- num:  29
list:  [0.42, 0.42, 0.75, 0.75, 1, 1, 0.36241028785705565, 0.36060367107391356, 0.28, 0.28, 0.35, 0.37, 0.0749999999999999, 0.0749999999999999, 1, 0.23, 0.98, 0.63, 0.28, 0.98, 0.98, 0.28, 0.28, 0.6, 0.43, 0.6, 0.43, 0.01, 0.57, 99, 99, 99]
--- num:  29
list:  [0.56, 0.56, 1, 1, 0.98, 0.98, 0.19331648528575895, 0.19276700496673582, 0.34, 0.34, 0.34, 0.38, 0.08999999999999991, 0.10499999999999993, 1, 0.24, 0.96, 0.65, 0.28, 0.96, 0.96, 0.28, 0.28, 0.61, 0.42, 0.62, 0.42, 0.02, 0.57, 99, 99, 99]
--- num:  29
list:  [0.44, 0.44, 0.8, 0.8, 1, 1, 0.16199999999999998, 0.16199999999999998, 0.4, 0.4, 0.35, 0.37, 0.08999999999999991, 0.08999999999999991, 1, 0.24, 0.97, 0.64, 0.27, 0.97, 0.97, 0.27, 0.27, 0.61, 0.43, 0.61, 0.42, 0.02, 0.57, 99, 99, 99]
--- num:  29
list:  [0.43, 0.43, 0.77, 0.77, 1, 1, 0.16199999999999998, 0.16199999999999998, 0.41, 0.41, 0.36, 0.36, 0.0749999999999999, 0.0749999999999999, 1, 0.23, 0.98, 0.64, 0.27, 0.98, 0.98, 0.27, 0.27, 0.6, 0.43, 0.6, 0.43, 0.01, 0.56, 99, 99, 99]
--- num:  29
list:  [0.37, 0.37, 0.63, 0.63, 1, 1, 0.16199999999999998, 0.16199999999999998, 0.41, 0.41, 0.38, 0.34, 0.0749999999999999, 0.0749999999999999, 1, 0.23, 0.98, 0.63, 0.26, 0.98, 0.98, 0.26, 0.26, 0.6, 0.43, 0.6, 0.43, 0.01, 0.56, 99, 99, 99]
--- num:  29
list:  [0.32, 0.32, 0.52, 0.52, 1, 1, 0.16199999999999998, 0.16199999999999998, 0.4, 0.4, 0.4, 0.32, 0.08999999999999991, 0.0749999999999999, 1, 0.23, 0.98, 0.63, 0.26, 0.98, 0.98, 0.26, 0.26, 0.61, 0.42, 0.6, 0.43, 0.01, 0.55, 99, 99, 99]
--- num:  29
list:  [0.38, 0.38, 0.66, 0.66, 1, 1, 0.16199999999999998, 0.16199999999999998, 0.4, 0.4, 0.41, 0.31, 0.08999999999999991, 0.08999999999999991, 1, 0.22, 0.98, 0.63, 0.26, 0.98, 0.98, 0.26, 0.26, 0.61, 0.42, 0.61, 0.42, 0.01, 0.55, 99, 99, 99]
--- num:  29
list:  [0.35, 0.35, 0.57, 0.57, 1, 1, 0.6811960744857788, 0.6688233423233032, 0.18, 0.18, 0.39, 0.33, 0.10499999999999993, 0.11999999999999994, 1, 0.24, 0.96, 0.64, 0.3, 0.96, 0.96, 0.3, 0.3, 0.62, 0.42, 0.63, 0.42, 0.01, 0.53, 99, 99, 99]
--- num:  29
list:  [0.36, 0.36, 0.6, 0.6, 1, 1, 0.16199999999999998, 0.16199999999999998, 0.35, 0.35, 0.43, 0.29, 0.11999999999999994, 0.11999999999999994, 1, 0.24, 0.97, 0.64, 0.27, 0.97, 0.97, 0.27, 0.27, 0.63, 0.42, 0.63, 0.42, 0.02, 0.52, 99, 99, 99]
--- num:  29
list:  [0.39, 0.39, 0.67, 0.67, 1, 1, 0.16199999999999998, 0.16199999999999998, 0.37, 0.37, 0.42, 0.3, 0.10499999999999993, 0.10499999999999993, 1, 0.23, 0.98, 0.64, 0.27, 0.98, 0.98, 0.27, 0.27, 0.62, 0.42, 0.62, 0.42, 0.01, 0.52, 99, 99, 99]
--- num:  29
list:  [0.4, 0.4, 0.69, 0.69, 1, 1, 0.16199999999999998, 0.16199999999999998, 0.38, 0.38, 0.4, 0.32, 0.10499999999999993, 0.10499999999999993, 1, 0.23, 0.98, 0.63, 0.26, 0.98, 0.98, 0.26, 0.26, 0.62, 0.42, 0.62, 0.42, 0.01, 0.52, 99, 99, 99]
--- num:  29
list:  [0.43, 0.43, 0.76, 0.76, 1, 1, 0.16199999999999998, 0.16199999999999998, 0.39, 0.39, 0.38, 0.34, 0.10499999999999993, 0.10499999999999993, 1, 0.22, 0.98, 0.63, 0.26, 0.98, 0.98, 0.26, 0.26, 0.62, 0.42, 0.62, 0.42, 0.01, 0.53, 99, 99, 99]
--- num:  29
list:  [0.43, 0.43, 0.77, 0.77, 1, 1, 0.16199999999999998, 0.16199999999999998, 0.39, 0.39, 0.34, 0.38, 0.0749999999999999, 0.0749999999999999, 1, 0.22, 0.98, 0.63, 0.26, 0.98, 0.98, 0.26, 0.26, 0.6, 0.43, 0.6, 0.43, 0.01, 0.54, 99, 99, 99]
--- num:  29
list:  [0.4, 0.4, 0.71, 0.71, 1, 1, 0.3046263861656189, 0.30235455513000487, 0.26, 0.26, 0.32, 0.4, 0.0749999999999999, 0.0749999999999999, 1, 0.22, 0.99, 0.63, 0.26, 0.99, 0.99, 0.26, 0.26, 0.6, 0.43, 0.6, 0.43, 0.01, 0.56, 99, 99, 99]
--- num:  29
list:  [0.42, 0.42, 0.75, 0.75, 1, 1, 0.16199999999999998, 0.16199999999999998, 0.34, 0.34, 0.31, 0.41, 0.0749999999999999, 0.08999999999999991, 1, 0.22, 0.99, 0.63, 0.26, 0.99, 0.99, 0.26, 0.26, 0.6, 0.43, 0.61, 0.42, 0.01, 0.58, 99, 99, 99]
--- num:  29
list:  [0.45, 0.45, 0.82, 0.82, 1, 1, 0.16199999999999998, 0.16199999999999998, 0.36, 0.36, 0.3, 0.42, 0.08999999999999991, 0.0749999999999999, 1, 0.22, 0.99, 0.63, 0.26, 0.99, 0.99, 0.26, 0.26, 0.61, 0.43, 0.6, 0.43, 0.01, 0.6, 99, 99, 99]
--- num:  29
list:  [0.45, 0.45, 0.82, 0.82, 1, 1, 0.16199999999999998, 0.16199999999999998, 0.36, 0.36, 0.3, 0.42, 0.08999999999999991, 0.0749999999999999, 1, 0.22, 0.99, 0.63, 0.26, 0.99, 0.99, 0.26, 0.26, 0.61, 0.42, 0.6, 0.43, 0.01, 0.61, 99, 99, 99]
--- num:  29
list:  [0.46, 0.46, 0.84, 0.84, 1, 1, 0.16199999999999998, 0.16199999999999998, 0.37, 0.37, 0.31, 0.41, 0.08999999999999991, 0.0749999999999999, 1, 0.22, 0.99, 0.63, 0.26, 0.99, 0.99, 0.26, 0.26, 0.61, 0.42, 0.6, 0.43, 0.01, 0.62, 99, 99, 99]
--- num:  29
list:  [0.45, 0.45, 0.8, 0.8, 1, 1, 0.16199999999999998, 0.16199999999999998, 0.38, 0.38, 0.31, 0.41, 0.08999999999999991, 0.0749999999999999, 1, 0.22, 0.99, 0.63, 0.26, 0.99, 0.99, 0.26, 0.26, 0.61, 0.42, 0.6, 0.43, 0.01, 0.63, 99, 99, 99]
--- num:  29
list:  [0.44, 0.44, 0.79, 0.79, 1, 1, 0.16199999999999998, 0.16199999999999998, 0.38, 0.38, 0.31, 0.41, 0.08999999999999991, 0.0749999999999999, 1, 0.22, 0.99, 0.63, 0.25, 0.99, 0.99, 0.25, 0.25, 0.61, 0.42, 0.6, 0.43, 0.01, 0.64, 99, 99, 99]
--- num:  29
list:  [0.45, 0.45, 0.82, 0.82, 1, 1, 0.16199999999999998, 0.16199999999999998, 0.38, 0.38, 0.32, 0.4, 0.08999999999999991, 0.05999999999999989, 1, 0.22, 0.99, 0.63, 0.25, 0.99, 0.99, 0.25, 0.25, 0.61, 0.43, 0.59, 0.43, 0.01, 0.64, 99, 99, 99]
--- num:  29
list:  [0.45, 0.45, 0.8, 0.8, 1, 1, 0.16199999999999998, 0.16199999999999998, 0.36, 0.36, 0.33, 0.4, 0.08999999999999991, 0.05999999999999989, 1, 0.22, 0.99, 0.62, 0.25, 0.99, 0.99, 0.25, 0.25, 0.61, 0.43, 0.59, 0.43, 0.01, 0.64, 99, 99, 99]
--- num:  29
list:  [0.44, 0.44, 0.79, 0.79, 1, 1, 0.16199999999999998, 0.16199999999999998, 0.34, 0.34, 0.34, 0.39, 0.0749999999999999, 0.05999999999999989, 1, 0.22, 0.99, 0.63, 0.25, 0.99, 0.99, 0.25, 0.25, 0.6, 0.43, 0.59, 0.43, 0.01, 0.63, 99, 99, 99]
--- num:  29
list:  [0.43, 0.43, 0.78, 0.78, 1, 1, 0.16199999999999998, 0.16199999999999998, 0.31, 0.31, 0.35, 0.37, 0.05999999999999989, 0.04499999999999987, 1, 0.22, 0.99, 0.63, 0.25, 0.99, 0.99, 0.25, 0.25, 0.59, 0.43, 0.58, 0.44, 0.01, 0.62, 99, 99, 99]
--- num:  29
list:  [0.44, 0.44, 0.78, 0.78, 1, 1, 0.16199999999999998, 0.16199999999999998, 0.31, 0.31, 0.35, 0.37, 0.0749999999999999, 0.05999999999999989, 1, 0.22, 0.99, 0.63, 0.25, 0.99, 0.99, 0.25, 0.25, 0.6, 0.43, 0.59, 0.43, 0.01, 0.61, 99, 99, 99]
--- num:  29
list:  [0.4, 0.4, 0.69, 0.69, 1, 1, 0.28205699801445006, 0.2817410635948181, 0.21, 0.21, 0.35, 0.37, 0.08999999999999991, 0.08999999999999991, 1, 0.23, 0.98, 0.63, 0.27, 0.98, 0.98, 0.27, 0.27, 0.61, 0.42, 0.61, 0.42, 0.01, 0.61, 99, 99, 99]
--- num:  29
list:  [0.43, 0.43, 0.76, 0.76, 1, 1, 0.16199999999999998, 0.16199999999999998, 0.29, 0.29, 0.35, 0.37, 0.10499999999999993, 0.08999999999999991, 1, 0.23, 0.98, 0.63, 0.27, 0.98, 0.98, 0.27, 0.27, 0.62, 0.42, 0.61, 0.42, 0.01, 0.59, 99, 99, 99]
--- num:  29
list:  [0.56, 0.56, 1, 1, 0.97, 0.97, 0.16199999999999998, 0.16199999999999998, 0.29, 0.29, 0.34, 0.38, 0.5849999999999999, 0.5700000000000001, 1, 0.33, 0.845, 0.71, 0.51, 0.84, 0.85, 0.51, 0.51, 0.94, 0.28, 0.93, 0.28, 0.13, 0.49, 99, 99, 99]
--- num:  29
list:  [0.57, 0.57, 1, 1, 0.97, 0.97, 0.3005156922340393, 0.30056495547294615, 0.24, 0.24, 0.35, 0.38, 0.81, 0.81, 0.75, 0.29, 0.76, 0.68, 0.56, 0.76, 0.76, 0.56, 0.56, 1.09, 0.21, 1.09, 0.21, 0.16, 0.41, 99, 99, 99]
--- num:  29
list:  [0.56, 0.56, 1, 1, 0.97, 0.97, 0.20324980795383452, 0.2031727987527847, 0.29, 0.29, 0.34, 0.38, 0.81, 0.81, 0.75, 0.27, 0.72, 0.67, 0.56, 0.72, 0.72, 0.56, 0.56, 1.09, 0.21, 1.09, 0.21, 0.15, 0.39, 99, 99, 99]
--- num:  29
list:  [0.56, 0.56, 1, 1, 0.98, 0.98, 0.16199999999999998, 0.16199999999999998, 0.31, 0.31, 0.35, 0.38, 0.81, 0.81, 0.75, 0.26, 0.69, 0.66, 0.56, 0.69, 0.69, 0.56, 0.56, 1.09, 0.21, 1.09, 0.21, 0.14, 0.38, 99, 99, 99]
--- num:  29
list:  [0.56, 0.56, 1, 1, 0.98, 0.98, 0.16199999999999998, 0.16199999999999998, 0.32, 0.32, 0.35, 0.38, 0.81, 0.81, 0.75, 0.26, 0.6799999999999999, 0.66, 0.56, 0.6799999999999999, 0.6799999999999999, 0.56, 0.56, 1.09, 0.21, 1.09, 0.21, 0.14, 0.37, 99, 99, 99]
--- num:  29
list:  [0.56, 0.56, 1, 1, 0.98, 0.98, 0.16199999999999998, 0.16199999999999998, 0.33, 0.33, 0.35, 0.37, 0.81, 0.81, 0.75, 0.25, 0.635, 0.65, 0.56, 0.64, 0.63, 0.56, 0.56, 1.09, 0.21, 1.09, 0.21, 0.14, 0.33, 99, 99, 99]
--- num:  29
list:  [0.56, 0.56, 1, 1, 0.98, 0.98, 0.16199999999999998, 0.16199999999999998, 0.33, 0.33, 0.35, 0.37, 0.81, 0.81, 0.75, 0.25, 0.61, 0.65, 0.56, 0.62, 0.6, 0.56, 0.56, 1.09, 0.21, 1.09, 0.21, 0.15, 0.24, 99, 99, 99]
--- num:  29
list:  [0.56, 0.56, 1, 1, 0.98, 0.98, 0.16199999999999998, 0.16199999999999998, 0.37, 0.37, 0.4, 0.33, 0.81, 0.81, 0.75, 0.25, 0.5900000000000001, 0.65, 0.56, 0.6, 0.5800000000000001, 0.56, 0.56, 1.09, 0.21, 1.09, 0.21, 0.14, 0.23, 99, 99, 99]
--- num:  29
list:  [0.56, 0.56, 1, 1, 0.98, 0.98, 0.16199999999999998, 0.16199999999999998, 0.38, 0.38, 0.41, 0.32, 0.81, 0.81, 0.75, 0.25, 0.545, 0.65, 0.56, 0.55, 0.54, 0.56, 0.56, 1.09, 0.21, 1.09, 0.21, 0.14, 0.23, 99, 99, 99]
--- num:  29
list:  [0.56, 0.56, 1, 1, 0.98, 0.98, 0.16199999999999998, 0.16199999999999998, 0.42, 0.42, 0.4, 0.32, 0.81, 0.81, 0.75, 0.24, 0.525, 0.64, 0.56, 0.53, 0.52, 0.56, 0.56, 1.09, 0.21, 1.09, 0.21, 0.17, 0.23, 99, 99, 99]
--- num:  29
list:  [0.24, 0.24, 0.33, 0.33, 1, 1, 0.16199999999999998, 0.16199999999999998, 0.48, 0.48, 0.4, 0.32, 0.81, 0.81, 0.75, 0.24, 0.5, 0.64, 0.56, 0.51, 0.49, 0.56, 0.56, 1.09, 0.21, 1.09, 0.21, 0.18, 0.23, 99, 99, 99]
--- num:  29
list:  [0.29, 0.29, 0.44, 0.44, 1, 1, 0.16199999999999998, 0.16199999999999998, 0.46, 0.46, 0.41, 0.31, 0.81, 0.81, 0.75, 0.24, 0.45499999999999996, 0.64, 0.56, 0.45999999999999996, 0.45, 0.56, 0.56, 1.09, 0.21, 1.09, 0.21, 0.19, 0.21, 99, 99, 99]
--- num:  29
list:  [0.28, 0.28, 0.42, 0.42, 1, 1, 0.16199999999999998, 0.16199999999999998, 0.45, 0.45, 0.41, 0.31, 0.81, 0.81, 0.75, 0.24, 0.445, 0.64, 0.56, 0.45, 0.44, 0.56, 0.56, 1.09, 0.21, 1.09, 0.21, 0.19, 0.19, 99, 99, 99]
--- num:  29
list:  [0.26, 0.26, 0.36, 0.36, 1, 1, 0.41040275573730467, 0.41034178018569945, 0.26, 0.26, 0.37, 0.35, 0.81, 0.81, 0.75, 0.24, 0.35, 0.64, 0.56, 0.36, 0.33999999999999997, 0.56, 0.56, 1.09, 0.21, 1.09, 0.21, 0.19, 0.17, 99, 99, 99]
--- num:  29
list:  [0.28, 0.28, 0.41, 0.41, 1, 1, 0.2472305405139923, 0.24725611090660093, 0.31, 0.31, 0.36, 0.36, 0.81, 0.81, 0.75, 0.24, 0.35, 0.64, 0.56, 0.36, 0.33999999999999997, 0.56, 0.56, 1.09, 0.21, 1.09, 0.21, 0.19, 0.13, 99, 99, 99]
--- num:  29
list:  [0.29, 0.29, 0.43, 0.43, 1, 1, 0.18221531391143797, 0.1822307366132736, 0.34, 0.34, 0.36, 0.36, 0.81, 0.81, 0.75, 0.24, 0.365, 0.64, 0.56, 0.37, 0.36, 0.56, 0.56, 1.09, 0.21, 1.09, 0.21, 0.2, 0.11, 99, 99, 99]
--- num:  29
list:  [0.29, 0.29, 0.44, 0.44, 1, 1, 0.16199999999999998, 0.16199999999999998, 0.35, 0.35, 0.37, 0.35, 0.81, 0.81, 0.75, 0.24, 0.35, 0.64, 0.56, 0.36, 0.33999999999999997, 0.56, 0.56, 1.09, 0.21, 1.09, 0.21, 0.19, 0.1, 99, 99, 99]
--- num:  29
list:  [0.27, 0.27, 0.39, 0.39, 1, 1, 0.16199999999999998, 0.16199999999999998, 0.44, 0.44, 0.47, 0.25, 0.81, 0.81, 0.75, 0.24, 0.35, 0.64, 0.56, 0.36, 0.33999999999999997, 0.56, 0.56, 1.09, 0.21, 1.09, 0.21, 0.19, 0.1, 99, 99, 99]
--- num:  29
list:  [0.24, 0.24, 0.33, 0.33, 1, 1, 0.16199999999999998, 0.16199999999999998, 0.48, 0.48, 0.5, 0.23, 0.81, 0.81, 0.75, 0.24, 0.405, 0.64, 0.56, 0.42000000000000004, 0.39, 0.56, 0.56, 1.09, 0.21, 1.09, 0.21, 0.21, 0.13, 99, 99, 99]
--- num:  29
list:  [0.25, 0.25, 0.35, 0.35, 1, 1, 0.16199999999999998, 0.16199999999999998, 0.5, 0.5, 0.48, 0.24, 0.81, 0.81, 0.75, 0.24, 0.435, 0.64, 0.56, 0.45999999999999996, 0.41000000000000003, 0.56, 0.56, 1.09, 0.21, 1.09, 0.21, 0.23, 0.15, 99, 99, 99]
--- num:  29
list:  [0.23, 0.23, 0.31, 0.31, 1, 1, 0.16199999999999998, 0.16199999999999998, 0.51, 0.51, 0.51, 0.21, 0.81, 0.81, 0.75, 0.24, 0.41500000000000004, 0.64, 0.56, 0.44, 0.39, 0.56, 0.56, 1.09, 0.21, 1.09, 0.21, 0.22, 0.14, 99, 99, 99]
--- num:  29
list:  [0.23, 0.23, 0.31, 0.31, 1, 1, 0.16199999999999998, 0.16199999999999998, 0.52, 0.52, 0.5, 0.22, 0.81, 0.81, 0.75, 0.24, 0.435, 0.64, 0.56, 0.45999999999999996, 0.41000000000000003, 0.56, 0.56, 1.09, 0.21, 1.09, 0.21, 0.22, 0.14, 99, 99, 99]
--- num:  29
list:  [0.3, 0.3, 0.46, 0.46, 1, 1, 0.16199999999999998, 0.16199999999999998, 0.55, 0.55, 0.51, 0.22, 0.81, 0.81, 0.75, 0.24, 0.48, 0.64, 0.56, 0.51, 0.45, 0.56, 0.56, 1.09, 0.21, 1.09, 0.21, 0.21, 0.14, 99, 99, 99]
--- num:  29
list:  [0.25, 0.25, 0.34, 0.34, 1, 1, 0.16199999999999998, 0.16199999999999998, 0.51, 0.51, 0.49, 0.23, 0.81, 0.81, 0.75, 0.24, 0.45999999999999996, 0.64, 0.56, 0.49, 0.43, 0.56, 0.56, 1.09, 0.21, 1.09, 0.21, 0.21, 0.14, 99, 99, 99]
--- num:  29
list:  [0.56, 0.56, 1, 1, 0.98, 0.98, 0.16199999999999998, 0.16199999999999998, 0.47, 0.47, 0.48, 0.24, 0.81, 0.81, 0.75, 0.24, 0.44, 0.65, 0.56, 0.47, 0.41000000000000003, 0.56, 0.56, 1.09, 0.21, 1.09, 0.21, 0.24, 0.13, 99, 99, 99]
--- num:  29
list:  [0.56, 0.56, 1, 1, 0.98, 0.98, 0.16199999999999998, 0.16199999999999998, 0.49, 0.49, 0.49, 0.23, 0.81, 0.81, 0.75, 0.25, 0.45, 0.65, 0.56, 0.48, 0.42000000000000004, 0.56, 0.56, 1.09, 0.21, 1.09, 0.21, 0.24, 0.12, 99, 99, 99]
--- num:  29
list:  [0.56, 0.56, 1, 1, 0.97, 0.97, 0.16199999999999998, 0.16199999999999998, 0.49, 0.49, 0.49, 0.23, 0.81, 0.81, 0.75, 0.25, 0.44, 0.65, 0.56, 0.47, 0.41000000000000003, 0.56, 0.56, 1.09, 0.21, 1.09, 0.21, 0.24, 0.11, 99, 99, 99]
--- num:  29
list:  [0.56, 0.56, 1, 1, 0.98, 0.98, 0.16199999999999998, 0.16199999999999998, 0.49, 0.49, 0.51, 0.22, 0.81, 0.81, 0.75, 0.25, 0.435, 0.65, 0.56, 0.45999999999999996, 0.41000000000000003, 0.56, 0.56, 1.09, 0.21, 1.09, 0.21, 0.24, 0.1, 99, 99, 99]
--- num:  29
list:  [0.56, 0.56, 1, 1, 0.98, 0.98, 0.16199999999999998, 0.16199999999999998, 0.48, 0.48, 0.52, 0.2, 0.81, 0.81, 0.75, 0.25, 0.42500000000000004, 0.65, 0.56, 0.45, 0.4, 0.56, 0.56, 1.09, 0.21, 1.09, 0.21, 0.23, 0.1, 99, 99, 99]
--- num:  29
list:  [0.56, 0.56, 1, 1, 0.98, 0.98, 0.16199999999999998, 0.16199999999999998, 0.49, 0.49, 0.54, 0.18, 0.81, 0.81, 0.75, 0.24, 0.42000000000000004, 0.65, 0.56, 0.45, 0.39, 0.56, 0.56, 1.09, 0.21, 1.09, 0.21, 0.22, 0.1, 99, 99, 99]
--- num:  29
list:  [0.56, 0.56, 1, 1, 0.98, 0.98, 0.16199999999999998, 0.16199999999999998, 0.51, 0.51, 0.55, 0.17, 0.81, 0.81, 0.75, 0.24, 0.44, 0.64, 0.56, 0.47, 0.41000000000000003, 0.56, 0.56, 1.09, 0.21, 1.09, 0.21, 0.27, 0.1, 99, 99, 99]
--- num:  29
list:  [0.56, 0.56, 1, 1, 0.98, 0.98, 0.16199999999999998, 0.16199999999999998, 0.51, 0.51, 0.55, 0.17, 0.81, 0.81, 0.75, 0.24, 0.44, 0.64, 0.56, 0.47, 0.41000000000000003, 0.56, 0.56, 1.09, 0.21, 1.09, 0.21, 0.23, 0.1, 99, 99, 99]
--- num:  29
list:  [0.56, 0.56, 1, 1, 0.98, 0.98, 0.16199999999999998, 0.16199999999999998, 0.52, 0.52, 0.53, 0.19, 0.81, 0.81, 0.75, 0.24, 0.45, 0.64, 0.56, 0.48, 0.42000000000000004, 0.56, 0.56, 1.09, 0.21, 1.09, 0.21, 0.22, 0.11, 99, 99, 99]
--- num:  29
list:  [0.56, 0.56, 1, 1, 0.98, 0.98, 0.16199999999999998, 0.16199999999999998, 0.52, 0.52, 0.43, 0.29, 0.81, 0.81, 0.75, 0.24, 0.53, 0.65, 0.56, 0.55, 0.51, 0.56, 0.56, 1.09, 0.21, 1.09, 0.21, 0.26, 0.1, 99, 99, 99]
--- num:  29
list:  [0.56, 0.56, 1, 1, 0.98, 0.98, 0.16199999999999998, 0.16199999999999998, 0.51, 0.51, 0.41, 0.31, 0.81, 0.81, 0.75, 0.25, 0.52, 0.65, 0.56, 0.54, 0.5, 0.56, 0.56, 1.09, 0.21, 1.09, 0.21, 0.27, 0.09, 99, 99, 99]
--- num:  29
list:  [0.56, 0.56, 1, 1, 0.98, 0.98, 0.16199999999999998, 0.16199999999999998, 0.5, 0.5, 0.38, 0.34, 0.81, 0.81, 0.75, 0.25, 0.51, 0.65, 0.56, 0.53, 0.49, 0.56, 0.56, 1.09, 0.21, 1.09, 0.21, 0.25, 0.08, 99, 99, 99]
--- num:  29
list:  [0.56, 0.56, 1, 1, 0.98, 0.98, 0.16199999999999998, 0.16199999999999998, 0.53, 0.53, 0.35, 0.37, 0.81, 0.81, 0.75, 0.25, 0.55, 0.65, 0.56, 0.5700000000000001, 0.53, 0.56, 0.56, 1.09, 0.21, 1.09, 0.21, 0.26, 0.08, 99, 99, 99]
--- num:  29
list:  [0.56, 0.56, 1, 1, 0.98, 0.98, 0.16199999999999998, 0.16199999999999998, 0.53, 0.53, 0.32, 0.4, 0.81, 0.81, 0.75, 0.25, 0.56, 0.65, 0.56, 0.5800000000000001, 0.54, 0.56, 0.56, 1.09, 0.21, 1.09, 0.21, 0.25, 0.07, 99, 99, 99]
--- num:  29
list:  [0.56, 0.56, 1, 1, 0.98, 0.98, 0.16199999999999998, 0.16199999999999998, 0.54, 0.54, 0.31, 0.41, 0.81, 0.81, 0.75, 0.26, 0.56, 0.65, 0.56, 0.5800000000000001, 0.54, 0.56, 0.56, 1.09, 0.21, 1.09, 0.21, 0.28, 0.07, 99, 99, 99]
--- num:  29
list:  [0.56, 0.56, 1, 1, 0.98, 0.98, 0.16199999999999998, 0.16199999999999998, 0.53, 0.53, 0.31, 0.41, 0.81, 0.81, 0.75, 0.26, 0.56, 0.65, 0.56, 0.5800000000000001, 0.54, 0.56, 0.56, 1.09, 0.21, 1.09, 0.21, 0.27, 0.08, 99, 99, 99]
--- num:  29
list:  [0.56, 0.56, 1, 1, 0.98, 0.98, 0.16199999999999998, 0.16199999999999998, 0.54, 0.54, 0.3, 0.42, 0.81, 0.81, 0.75, 0.26, 0.5750000000000001, 0.65, 0.56, 0.5900000000000001, 0.56, 0.56, 0.56, 1.09, 0.21, 1.09, 0.21, 0.29, 0.09, 99, 99, 99]
--- num:  29
list:  [0.56, 0.56, 1, 1, 0.98, 0.98, 0.16199999999999998, 0.16199999999999998, 0.54, 0.54, 0.29, 0.43, 0.81, 0.81, 0.75, 0.25, 0.5650000000000001, 0.65, 0.56, 0.5800000000000001, 0.55, 0.56, 0.56, 1.09, 0.21, 1.09, 0.21, 0.31, 0.11, 99, 99, 99]
--- num:  29
list:  [0.3, 0.3, 0.46, 0.46, 1, 1, 0.16199999999999998, 0.16199999999999998, 0.53, 0.53, 0.26, 0.46, 0.81, 0.81, 0.75, 0.25, 0.555, 0.65, 0.56, 0.5700000000000001, 0.54, 0.56, 0.56, 1.09, 0.21, 1.09, 0.21, 0.32, 0.13, 99, 99, 99]
--- num:  29
list:  [0.3, 0.3, 0.47, 0.47, 1, 1, 0.16199999999999998, 0.16199999999999998, 0.53, 0.53, 0.25, 0.47, 0.81, 0.81, 0.75, 0.25, 0.5650000000000001, 0.65, 0.56, 0.5800000000000001, 0.55, 0.56, 0.56, 1.09, 0.21, 1.09, 0.21, 0.33, 0.14, 99, 99, 99]
--- num:  29
list:  [0.3, 0.3, 0.46, 0.46, 1, 1, 0.16199999999999998, 0.16199999999999998, 0.43, 0.43, 0.25, 0.47, 0.81, 0.81, 0.75, 0.25, 0.495, 0.65, 0.56, 0.51, 0.48, 0.56, 0.56, 1.09, 0.21, 1.09, 0.21, 0.33, 0.17, 99, 99, 99]
--- num:  29
list:  [0.29, 0.29, 0.44, 0.44, 1, 1, 0.16199999999999998, 0.16199999999999998, 0.52, 0.52, 0.25, 0.48, 0.81, 0.81, 0.75, 0.25, 0.505, 0.65, 0.56, 0.52, 0.49, 0.56, 0.56, 1.09, 0.21, 1.09, 0.21, 0.32, 0.19, 99, 99, 99]
--- num:  29
list:  [0.3, 0.3, 0.47, 0.47, 1, 1, 0.16199999999999998, 0.16199999999999998, 0.54, 0.54, 0.26, 0.46, 0.81, 0.81, 0.75, 0.25, 0.535, 0.65, 0.56, 0.55, 0.52, 0.56, 0.56, 1.09, 0.21, 1.09, 0.21, 0.33, 0.18, 99, 99, 99]
--- num:  29
list:  [0.3, 0.3, 0.46, 0.46, 1, 1, 0.16199999999999998, 0.16199999999999998, 0.53, 0.53, 0.27, 0.46, 0.81, 0.81, 0.75, 0.25, 0.535, 0.65, 0.56, 0.55, 0.52, 0.56, 0.56, 1.09, 0.21, 1.09, 0.21, 0.34, 0.16, 99, 99, 99]
--- num:  29
list:  [0.28, 0.28, 0.43, 0.43, 1, 1, 0.16199999999999998, 0.16199999999999998, 0.53, 0.53, 0.28, 0.45, 0.81, 0.81, 0.75, 0.25, 0.54, 0.65, 0.56, 0.56, 0.52, 0.56, 0.56, 1.09, 0.21, 1.09, 0.21, 0.35, 0.14, 99, 99, 99]
--- num:  29
list:  [0.29, 0.29, 0.44, 0.44, 1, 1, 0.16199999999999998, 0.16199999999999998, 0.53, 0.53, 0.28, 0.44, 0.81, 0.81, 0.75, 0.25, 0.55, 0.65, 0.56, 0.5700000000000001, 0.53, 0.56, 0.56, 1.09, 0.21, 1.09, 0.21, 0.32, 0.14, 99, 99, 99]
--- num:  29
list:  [0.56, 0.56, 1, 1, 0.98, 0.98, 0.9065558123588562, 0.906158607006073, 0.34, 0.34, 0.34, 0.38, 0.81, 0.81, 0.75, 0.25, 0.37, 0.65, 0.56, 0.38, 0.36, 0.56, 0.56, 1.09, 0.21, 1.09, 0.21, 0.28, 0.16, 99, 99, 99]
--- num:  29
list:  [0.56, 0.56, 1, 1, 0.98, 0.98, 0.16199999999999998, 0.16199999999999998, 0.52, 0.52, 0.33, 0.39, 0.81, 0.81, 0.75, 0.25, 0.525, 0.65, 0.56, 0.54, 0.51, 0.56, 0.56, 1.09, 0.21, 1.09, 0.21, 0.27, 0.16, 99, 99, 99]
--- num:  29
list:  [0.55, 0.55, 1, 1, 0.98, 0.98, 0.16199999999999998, 0.16199999999999998, 0.54, 0.54, 0.34, 0.39, 0.81, 0.81, 0.75, 0.25, 0.535, 0.65, 0.56, 0.55, 0.52, 0.56, 0.56, 1.09, 0.21, 1.09, 0.21, 0.27, 0.14, 99, 99, 99]
--- num:  29
list:  [0.29, 0.29, 0.45, 0.45, 1, 1, 0.16199999999999998, 0.16199999999999998, 0.51, 0.51, 0.35, 0.37, 0.81, 0.81, 0.75, 0.25, 0.53, 0.65, 0.56, 0.55, 0.51, 0.56, 0.56, 1.09, 0.21, 1.09, 0.21, 0.27, 0.12, 99, 99, 99]
--- num:  29
list:  [0.3, 0.3, 0.47, 0.47, 1, 1, 0.16199999999999998, 0.16199999999999998, 0.49, 0.49, 0.37, 0.35, 0.81, 0.81, 0.75, 0.25, 0.495, 0.65, 0.56, 0.51, 0.48, 0.56, 0.56, 1.09, 0.21, 1.09, 0.21, 0.24, 0.11, 99, 99, 99]
--- num:  29
list:  [0.31, 0.31, 0.48, 0.48, 1, 1, 0.16199999999999998, 0.16199999999999998, 0.46, 0.46, 0.38, 0.34, 0.81, 0.81, 0.75, 0.25, 0.48, 0.65, 0.56, 0.5, 0.45999999999999996, 0.56, 0.56, 1.09, 0.21, 1.09, 0.21, 0.24, 0.1, 99, 99, 99]
--- num:  29
list:  [0.56, 0.56, 1, 1, 0.97, 0.97, 0.6364531326293945, 0.6312981057167053, 0.25, 0.25, 0.39, 0.33, 0.81, 0.81, 0.75, 0.25, 0.39, 0.65, 0.56, 0.41000000000000003, 0.37, 0.56, 0.56, 1.09, 0.21, 1.09, 0.21, 0.23, 0.13, 99, 99, 99]
--- num:  29
list:  [0.56, 0.56, 1, 1, 0.98, 0.98, 0.16199999999999998, 0.16199999999999998, 0.45, 0.45, 0.39, 0.33, 0.81, 0.81, 0.75, 0.24, 0.46499999999999997, 0.65, 0.56, 0.48, 0.45, 0.56, 0.56, 1.09, 0.21, 1.09, 0.21, 0.23, 0.13, 99, 99, 99]
--- num:  29
list:  [0.56, 0.56, 1, 1, 0.98, 0.98, 0.16199999999999998, 0.16199999999999998, 0.47, 0.47, 0.39, 0.34, 0.81, 0.81, 0.75, 0.24, 0.48, 0.65, 0.56, 0.5, 0.45999999999999996, 0.56, 0.56, 1.09, 0.21, 1.09, 0.21, 0.23, 0.12, 99, 99, 99]
--- num:  29
list:  [0.56, 0.56, 1, 1, 0.98, 0.98, 0.16199999999999998, 0.16199999999999998, 0.47, 0.47, 0.38, 0.34, 0.81, 0.81, 0.75, 0.24, 0.48, 0.65, 0.56, 0.5, 0.45999999999999996, 0.56, 0.56, 1.09, 0.21, 1.09, 0.21, 0.23, 0.11, 99, 99, 99]
--- num:  29
list:  [0.56, 0.56, 1, 1, 0.98, 0.98, 0.16199999999999998, 0.16199999999999998, 0.46, 0.46, 0.38, 0.34, 0.81, 0.81, 0.75, 0.24, 0.475, 0.65, 0.56, 0.5, 0.45, 0.56, 0.56, 1.09, 0.21, 1.09, 0.21, 0.22, 0.1, 99, 99, 99]
--- num:  29
list:  [0.56, 0.56, 1, 1, 0.98, 0.98, 0.16199999999999998, 0.16199999999999998, 0.53, 0.53, 0.41, 0.31, 0.81, 0.81, 0.75, 0.24, 0.515, 0.65, 0.56, 0.54, 0.49, 0.56, 0.56, 1.09, 0.21, 1.09, 0.21, 0.24, 0.09, 99, 99, 99]
--- num:  29
list:  [0.31, 0.31, 0.5, 0.5, 1, 1, 0.16199999999999998, 0.16199999999999998, 0.53, 0.53, 0.4, 0.32, 0.81, 0.81, 0.75, 0.24, 0.54, 0.65, 0.56, 0.56, 0.52, 0.56, 0.56, 1.09, 0.21, 1.09, 0.21, 0.25, 0.09, 99, 99, 99]
--- num:  29
list:  [0.34, 0.34, 0.55, 0.55, 1, 1, 0.16199999999999998, 0.16199999999999998, 0.52, 0.52, 0.41, 0.31, 0.81, 0.81, 0.75, 0.24, 0.54, 0.64, 0.56, 0.56, 0.52, 0.56, 0.56, 1.09, 0.21, 1.09, 0.21, 0.25, 0.1, 99, 99, 99]
--- num:  29
list:  [0.34, 0.34, 0.55, 0.55, 1, 1, 0.16199999999999998, 0.16199999999999998, 0.51, 0.51, 0.42, 0.3, 0.81, 0.81, 0.75, 0.24, 0.53, 0.64, 0.56, 0.55, 0.51, 0.56, 0.56, 1.09, 0.21, 1.09, 0.21, 0.25, 0.1, 99, 99, 99]
--- num:  29
list:  [0.33, 0.33, 0.54, 0.54, 1, 1, 0.16199999999999998, 0.16199999999999998, 0.51, 0.51, 0.43, 0.29, 0.81, 0.81, 0.75, 0.24, 0.51, 0.64, 0.56, 0.53, 0.49, 0.56, 0.56, 1.09, 0.21, 1.09, 0.21, 0.24, 0.1, 99, 99, 99]
--- num:  29
list:  [0.33, 0.33, 0.53, 0.53, 1, 1, 0.16199999999999998, 0.16199999999999998, 0.51, 0.51, 0.43, 0.29, 0.81, 0.81, 0.75, 0.24, 0.49, 0.64, 0.56, 0.51, 0.47, 0.56, 0.56, 1.09, 0.21, 1.09, 0.21, 0.24, 0.1, 99, 99, 99]
--- num:  29
list:  [0.29, 0.29, 0.45, 0.45, 1, 1, 0.16199999999999998, 0.16199999999999998, 0.42, 0.42, 0.45, 0.27, 0.81, 0.81, 0.75, 0.24, 0.44, 0.64, 0.56, 0.45, 0.43, 0.56, 0.56, 1.09, 0.21, 1.09, 0.21, 0.21, 0.1, 99, 99, 99]
--- num:  29
list:  [0.33, 0.33, 0.52, 0.52, 1, 1, 0.16199999999999998, 0.16199999999999998, 0.5, 0.5, 0.43, 0.29, 0.81, 0.81, 0.75, 0.24, 0.43500000000000005, 0.64, 0.56, 0.45, 0.42000000000000004, 0.56, 0.56, 1.09, 0.21, 1.09, 0.21, 0.22, 0.09, 99, 99, 99]
--- num:  29
list:  [0.33, 0.33, 0.55, 0.55, 1, 1, 0.16199999999999998, 0.16199999999999998, 0.51, 0.51, 0.4, 0.32, 0.81, 0.81, 0.75, 0.24, 0.47, 0.64, 0.56, 0.49, 0.45, 0.56, 0.56, 1.09, 0.21, 1.09, 0.21, 0.21, 0.1, 99, 99, 99]
--- num:  29
list:  [0.33, 0.33, 0.53, 0.53, 1, 1, 0.16199999999999998, 0.16199999999999998, 0.5, 0.5, 0.38, 0.35, 0.81, 0.81, 0.75, 0.24, 0.48, 0.64, 0.56, 0.5, 0.45999999999999996, 0.56, 0.56, 1.09, 0.21, 1.09, 0.21, 0.2, 0.11, 99, 99, 99]
--- num:  29
list:  [0.56, 0.56, 1, 1, 0.98, 0.98, 0.16199999999999998, 0.16199999999999998, 0.42, 0.42, 0.34, 0.38, 0.81, 0.81, 0.75, 0.24, 0.4, 0.64, 0.56, 0.41000000000000003, 0.39, 0.56, 0.56, 1.09, 0.21, 1.09, 0.21, 0.2, 0.11, 99, 99, 99]
--- num:  29
list:  [0.56, 0.56, 1, 1, 0.98, 0.98, 0.16199999999999998, 0.16199999999999998, 0.42, 0.42, 0.32, 0.4, 0.81, 0.81, 0.75, 0.24, 0.39, 0.64, 0.56, 0.4, 0.38, 0.56, 0.56, 1.09, 0.21, 1.09, 0.21, 0.22, 0.12, 99, 99, 99]
--- num:  29
list:  [0.56, 0.56, 1, 1, 0.98, 0.98, 0.16199999999999998, 0.16199999999999998, 0.41, 0.41, 0.31, 0.41, 0.81, 0.81, 0.75, 0.24, 0.41500000000000004, 0.64, 0.56, 0.42000000000000004, 0.41000000000000003, 0.56, 0.56, 1.09, 0.21, 1.09, 0.21, 0.3, 0.17, 99, 99, 99]
--- num:  29
list:  [0.56, 0.56, 1, 1, 0.98, 0.98, 0.16199999999999998, 0.16199999999999998, 0.42, 0.42, 0.3, 0.43, 0.81, 0.81, 0.75, 0.24, 0.42500000000000004, 0.64, 0.56, 0.43, 0.42000000000000004, 0.56, 0.56, 1.09, 0.21, 1.09, 0.21, 0.33, 0.21, 99, 99, 99]
--- num:  29
list:  [0.56, 0.56, 1, 1, 0.98, 0.98, 0.16199999999999998, 0.16199999999999998, 0.42, 0.42, 0.29, 0.43, 0.81, 0.81, 0.75, 0.24, 0.42500000000000004, 0.65, 0.56, 0.43, 0.42000000000000004, 0.56, 0.56, 1.09, 0.21, 1.09, 0.21, 0.31, 0.24, 99, 99, 99]
--- num:  29
list:  [0.56, 0.56, 1, 1, 0.98, 0.98, 0.16199999999999998, 0.16199999999999998, 0.43, 0.43, 0.29, 0.43, 0.81, 0.81, 0.75, 0.24, 0.42500000000000004, 0.65, 0.56, 0.43, 0.42000000000000004, 0.56, 0.56, 1.09, 0.21, 1.09, 0.21, 0.29, 0.31, 99, 99, 99]
--- num:  29
list:  [0.31, 0.31, 0.5, 0.5, 1, 1, 0.16199999999999998, 0.16199999999999998, 0.45, 0.45, 0.32, 0.4, 0.81, 0.81, 0.75, 0.24, 0.44, 0.65, 0.56, 0.44, 0.44, 0.56, 0.56, 1.09, 0.21, 1.09, 0.21, 0.28, 0.45, 99, 99, 99]
--- num:  29
list:  [0.29, 0.29, 0.45, 0.45, 1, 1, 0.16199999999999998, 0.16199999999999998, 0.45, 0.45, 0.34, 0.38, 0.81, 0.81, 0.75, 0.24, 0.44, 0.65, 0.56, 0.44, 0.44, 0.56, 0.56, 1.09, 0.21, 1.09, 0.21, 0.27, 0.48, 99, 99, 99]
--- num:  29
list:  [0.22, 0.22, 0.29, 0.29, 1, 1, 0.16199999999999998, 0.16199999999999998, 0.5, 0.5, 0.4, 0.32, 0.81, 0.81, 0.75, 0.24, 0.475, 0.65, 0.56, 0.48, 0.47, 0.56, 0.56, 1.09, 0.21, 1.09, 0.21, 0.24, 0.54, 99, 99, 99]
--- num:  29
list:  [0.24, 0.24, 0.33, 0.33, 1, 1, 0.16199999999999998, 0.16199999999999998, 0.51, 0.51, 0.45, 0.27, 0.81, 0.81, 0.75, 0.24, 0.53, 0.65, 0.56, 0.54, 0.52, 0.56, 0.56, 1.09, 0.21, 1.09, 0.21, 0.19, 0.33, 99, 99, 99]
--- num:  29
list:  [0.26, 0.26, 0.37, 0.37, 1, 1, 0.16199999999999998, 0.16199999999999998, 0.5, 0.5, 0.47, 0.25, 0.81, 0.81, 0.75, 0.24, 0.53, 0.65, 0.56, 0.54, 0.52, 0.56, 0.56, 1.09, 0.21, 1.09, 0.21, 0.18, 0.29, 99, 99, 99]
--- num:  29
list:  [0.23, 0.23, 0.29, 0.29, 1, 1, 0.48098896026611326, 0.47777516722679136, 0.27, 0.27, 0.43, 0.3, 0.81, 0.81, 0.75, 0.24, 0.44499999999999995, 0.64, 0.56, 0.45999999999999996, 0.43, 0.56, 0.56, 1.09, 0.21, 1.09, 0.21, 0.16, 0.27, 99, 99, 99]
--- num:  29
list:  [0.27, 0.27, 0.39, 0.39, 1, 1, 0.16199999999999998, 0.16199999999999998, 0.41, 0.41, 0.42, 0.3, 0.81, 0.81, 0.75, 0.24, 0.5, 0.64, 0.56, 0.51, 0.49, 0.56, 0.56, 1.09, 0.21, 1.09, 0.21, 0.15, 0.18, 99, 99, 99]
--- num:  29
list:  [0.3, 0.3, 0.47, 0.47, 1, 1, 0.16199999999999998, 0.16199999999999998, 0.44, 0.44, 0.41, 0.32, 0.81, 0.81, 0.75, 0.24, 0.6699999999999999, 0.65, 0.56, 0.6799999999999999, 0.6599999999999999, 0.56, 0.56, 1.09, 0.21, 1.09, 0.21, 0.11, 0.22, 99, 99, 99]
--- num:  29
list:  [0.32, 0.32, 0.52, 0.52, 1, 1, 0.16199999999999998, 0.16199999999999998, 0.46, 0.46, 0.41, 0.31, 0.81, 0.81, 0.75, 0.25, 0.755, 0.65, 0.55, 0.76, 0.75, 0.55, 0.55, 1.09, 0.21, 1.09, 0.21, 0.09, 0.25, 99, 99, 99]
--- num:  29
list:  [0.35, 0.35, 0.57, 0.57, 1, 1, 0.23557163357734678, 0.23493270158767698, 0.37, 0.37, 0.42, 0.3, 0.81, 0.81, 0.75, 0.25, 0.865, 0.65, 0.43, 0.87, 0.86, 0.43, 0.43, 1.09, 0.21, 1.09, 0.21, 0.06, 0.34, 99, 99, 99]
--- num:  29
list:  [0.38, 0.38, 0.65, 0.65, 1, 1, 0.16199999999999998, 0.16199999999999998, 0.5, 0.5, 0.41, 0.31, 0.705, 0.72, 1, 0.25, 0.93, 0.65, 0.35, 0.93, 0.93, 0.35, 0.35, 1.02, 0.24, 1.03, 0.24, 0.05, 0.38, 99, 99, 99]
--- num:  29
list:  [0.38, 0.38, 0.66, 0.66, 1, 1, 0.16199999999999998, 0.16199999999999998, 0.53, 0.53, 0.4, 0.32, 0.54, 0.5249999999999999, 1, 0.25, 0.96, 0.65, 0.31, 0.96, 0.96, 0.31, 0.31, 0.91, 0.29, 0.9, 0.29, 0.05, 0.42, 99, 99, 99]
--- num:  29
list:  [0.39, 0.39, 0.67, 0.67, 1, 1, 0.16199999999999998, 0.16199999999999998, 0.53, 0.53, 0.38, 0.34, 0.40499999999999986, 0.375, 1, 0.24, 0.965, 0.64, 0.31, 0.96, 0.97, 0.31, 0.31, 0.82, 0.33, 0.8, 0.34, 0.05, 0.43, 99, 99, 99]
--- num:  29
list:  [0.4, 0.4, 0.69, 0.69, 1, 1, 0.16199999999999998, 0.16199999999999998, 0.52, 0.52, 0.37, 0.35, 0.345, 0.29999999999999993, 1, 0.24, 0.97, 0.64, 0.3, 0.97, 0.97, 0.3, 0.3, 0.78, 0.35, 0.75, 0.36, 0.04, 0.45, 99, 99, 99]
--- num:  29
list:  [0.39, 0.39, 0.68, 0.68, 1, 1, 0.16199999999999998, 0.16199999999999998, 0.52, 0.52, 0.36, 0.36, 0.375, 0.29999999999999993, 1, 0.24, 0.97, 0.64, 0.3, 0.97, 0.97, 0.3, 0.3, 0.8, 0.34, 0.75, 0.36, 0.04, 0.46, 99, 99, 99]
--- num:  29
list:  [0.39, 0.39, 0.67, 0.67, 1, 1, 0.16199999999999998, 0.16199999999999998, 0.51, 0.51, 0.35, 0.37, 0.345, 0.2849999999999999, 1, 0.24, 0.97, 0.64, 0.3, 0.97, 0.97, 0.3, 0.3, 0.78, 0.35, 0.74, 0.36, 0.04, 0.47, 99, 99, 99]
--- num:  29
list:  [0.4, 0.4, 0.71, 0.71, 1, 1, 0.16199999999999998, 0.16199999999999998, 0.53, 0.53, 0.34, 0.38, 0.31499999999999995, 0.20999999999999985, 1, 0.24, 0.975, 0.64, 0.3, 0.97, 0.98, 0.3, 0.3, 0.76, 0.36, 0.69, 0.39, 0.04, 0.53, 99, 99, 99]
--- num:  29
list:  [0.39, 0.39, 0.67, 0.67, 1, 1, 0.16199999999999998, 0.16199999999999998, 0.53, 0.53, 0.34, 0.38, 0.31499999999999995, 0.2549999999999999, 1, 0.23, 0.98, 0.64, 0.3, 0.98, 0.98, 0.3, 0.3, 0.76, 0.36, 0.72, 0.37, 0.04, 0.53, 99, 99, 99]
--- num:  29
list:  [0.37, 0.37, 0.62, 0.62, 1, 1, 0.16199999999999998, 0.16199999999999998, 0.53, 0.53, 0.35, 0.37, 0.29999999999999993, 0.2549999999999999, 1, 0.23, 0.98, 0.64, 0.29, 0.98, 0.98, 0.29, 0.29, 0.75, 0.36, 0.72, 0.37, 0.03, 0.53, 99, 99, 99]
--- num:  29
list:  [0.37, 0.37, 0.64, 0.64, 1, 1, 0.16199999999999998, 0.16199999999999998, 0.54, 0.54, 0.35, 0.37, 0.2549999999999999, 0.22499999999999987, 1, 0.23, 0.98, 0.64, 0.29, 0.98, 0.98, 0.29, 0.29, 0.72, 0.37, 0.7, 0.38, 0.03, 0.52, 99, 99, 99]
--- num:  29
list:  [0.38, 0.38, 0.66, 0.66, 1, 1, 0.16199999999999998, 0.16199999999999998, 0.55, 0.55, 0.35, 0.37, 0.23999999999999988, 0.20999999999999985, 1, 0.23, 0.98, 0.64, 0.3, 0.98, 0.98, 0.3, 0.3, 0.71, 0.38, 0.69, 0.39, 0.03, 0.5, 99, 99, 99]
--- num:  29
list:  [0.37, 0.37, 0.63, 0.63, 1, 1, 0.16199999999999998, 0.16199999999999998, 0.55, 0.55, 0.34, 0.38, 0.23999999999999988, 0.20999999999999985, 1, 0.23, 0.98, 0.64, 0.3, 0.98, 0.98, 0.3, 0.3, 0.71, 0.38, 0.69, 0.39, 0.03, 0.49, 99, 99, 99]
--- num:  29
list:  [0.4, 0.4, 0.7, 0.7, 1, 1, 0.16199999999999998, 0.16199999999999998, 0.58, 0.58, 0.33, 0.39, 0.20999999999999985, 0.18, 1, 0.23, 0.98, 0.64, 0.29, 0.98, 0.98, 0.29, 0.29, 0.69, 0.39, 0.67, 0.4, 0.04, 0.5, 99, 99, 99]
--- num:  29
list:  [0.41, 0.41, 0.72, 0.72, 1, 1, 0.16199999999999998, 0.16199999999999998, 0.58, 0.58, 0.29, 0.43, 0.195, 0.16499999999999998, 1, 0.23, 0.98, 0.64, 0.29, 0.98, 0.98, 0.29, 0.29, 0.68, 0.39, 0.66, 0.4, 0.04, 0.5, 99, 99, 99]
--- num:  29
list:  [0.41, 0.41, 0.72, 0.72, 1, 1, 0.16199999999999998, 0.16199999999999998, 0.58, 0.58, 0.28, 0.45, 0.195, 0.16499999999999998, 1, 0.24, 0.98, 0.64, 0.3, 0.98, 0.98, 0.3, 0.3, 0.68, 0.39, 0.66, 0.4, 0.04, 0.51, 99, 99, 99]
--- num:  29
list:  [0.42, 0.42, 0.74, 0.74, 1, 1, 0.16199999999999998, 0.16199999999999998, 0.59, 0.59, 0.28, 0.44, 0.14999999999999997, 0.13499999999999995, 1, 0.24, 0.98, 0.64, 0.29, 0.98, 0.98, 0.29, 0.29, 0.65, 0.4, 0.64, 0.41, 0.05, 0.54, 99, 99, 99]
--- num:  29
list:  [0.42, 0.42, 0.74, 0.74, 1, 1, 0.16199999999999998, 0.16199999999999998, 0.59, 0.59, 0.28, 0.44, 0.14999999999999997, 0.11999999999999994, 1, 0.23, 0.98, 0.64, 0.28, 0.98, 0.98, 0.28, 0.28, 0.65, 0.41, 0.63, 0.41, 0.04, 0.56, 99, 99, 99]
--- num:  29
list:  [0.42, 0.42, 0.74, 0.74, 1, 1, 0.16199999999999998, 0.16199999999999998, 0.59, 0.59, 0.29, 0.43, 0.14999999999999997, 0.11999999999999994, 1, 0.23, 0.98, 0.64, 0.28, 0.98, 0.98, 0.28, 0.28, 0.65, 0.41, 0.63, 0.41, 0.04, 0.56, 99, 99, 99]
--- num:  29
list:  [0.41, 0.41, 0.72, 0.72, 1, 1, 0.16199999999999998, 0.16199999999999998, 0.59, 0.59, 0.29, 0.43, 0.14999999999999997, 0.11999999999999994, 1, 0.24, 0.98, 0.64, 0.29, 0.98, 0.98, 0.29, 0.29, 0.65, 0.41, 0.63, 0.41, 0.04, 0.57, 99, 99, 99]
--- num:  29
list:  [0.41, 0.41, 0.72, 0.72, 1, 1, 0.16199999999999998, 0.16199999999999998, 0.57, 0.57, 0.24, 0.48, 0.22499999999999987, 0.16499999999999998, 1, 0.24, 0.98, 0.64, 0.3, 0.98, 0.98, 0.3, 0.3, 0.7, 0.38, 0.66, 0.4, 0.04, 0.57, 99, 99, 99]
--- num:  29
list:  [0.43, 0.43, 0.76, 0.76, 1, 1, 0.16199999999999998, 0.16199999999999998, 0.6, 0.6, 0.14, 0.58, 0.16499999999999998, 0.10499999999999993, 1, 0.24, 0.98, 0.65, 0.28, 0.98, 0.98, 0.28, 0.28, 0.66, 0.4, 0.62, 0.42, 0.05, 0.65, 99, 99, 99]
--- num:  29
list:  [0.43, 0.43, 0.76, 0.76, 1, 1, 0.16199999999999998, 0.16199999999999998, 0.58, 0.58, 0.07, 0.66, 0.16499999999999998, 0.10499999999999993, 1, 0.25, 0.98, 0.65, 0.28, 0.98, 0.98, 0.28, 0.28, 0.66, 0.4, 0.62, 0.42, 0.05, 0.66, 99, 99, 99]
--- num:  29
list:  [0.42, 0.42, 0.75, 0.75, 1, 1, 0.16199999999999998, 0.16199999999999998, 0.59, 0.59, 0.03, 0.7, 0.13499999999999995, 0.10499999999999993, 1, 0.25, 0.98, 0.65, 0.28, 0.98, 0.98, 0.28, 0.28, 0.64, 0.41, 0.62, 0.42, 0.05, 0.67, 99, 99, 99]
--- num:  29
list:  [0.41, 0.41, 0.73, 0.73, 1, 1, 0.16199999999999998, 0.16199999999999998, 0.56, 0.56, 0.03, 0.7, 0.13499999999999995, 0.10499999999999993, 1, 0.25, 0.98, 0.65, 0.28, 0.98, 0.98, 0.28, 0.28, 0.64, 0.41, 0.62, 0.42, 0.05, 0.68, 99, 99, 99]
--- num:  29
list:  [0.4, 0.4, 0.7, 0.7, 1, 1, 0.16199999999999998, 0.16199999999999998, 0.52, 0.52, 0.13, 0.6, 0.18, 0.14999999999999997, 1, 0.25, 0.98, 0.65, 0.29, 0.98, 0.98, 0.29, 0.29, 0.67, 0.4, 0.65, 0.41, 0.05, 0.67, 99, 99, 99]
--- num:  29
list:  [0.43, 0.43, 0.76, 0.76, 1, 1, 0.16199999999999998, 0.16199999999999998, 0.51, 0.51, 0.3, 0.42, 0.13499999999999995, 0.11999999999999994, 1, 0.24, 0.98, 0.64, 0.27, 0.98, 0.98, 0.27, 0.27, 0.64, 0.41, 0.63, 0.41, 0.03, 0.63, 99, 99, 99]
--- num:  29
list:  [0.42, 0.42, 0.75, 0.75, 1, 1, 0.16199999999999998, 0.16199999999999998, 0.5, 0.5, 0.37, 0.35, 0.13499999999999995, 0.11999999999999994, 1, 0.23, 0.985, 0.64, 0.27, 0.98, 0.99, 0.27, 0.27, 0.64, 0.41, 0.63, 0.41, 0.03, 0.6, 99, 99, 99]
--- num:  29
list:  [0.43, 0.43, 0.76, 0.76, 1, 1, 0.16199999999999998, 0.16199999999999998, 0.5, 0.5, 0.38, 0.34, 0.13499999999999995, 0.11999999999999994, 1, 0.23, 0.99, 0.63, 0.26, 0.99, 0.99, 0.26, 0.26, 0.64, 0.41, 0.63, 0.41, 0.02, 0.59, 99, 99, 99]
--- num:  29
list:  [0.43, 0.43, 0.77, 0.77, 1, 1, 0.16199999999999998, 0.16199999999999998, 0.49, 0.49, 0.38, 0.34, 0.13499999999999995, 0.11999999999999994, 1, 0.22, 0.99, 0.63, 0.26, 0.99, 0.99, 0.26, 0.26, 0.64, 0.41, 0.63, 0.41, 0.02, 0.57, 99, 99, 99]
--- num:  29
