A0
A1
A2
A3
A4
A5
A6
A7
A8
A9
A10
A11
A12
A13
A14
A15
A16
A17
A18
A19
A20
A21
A22
A23
A24
A25
A26
A27
A28
--- [0.87, 0.67, 1.0, 1.0, 0.24, 0.24, 0.05, 0.13, 0.51, 0.54, 0.4, 0.38, 0.0, -0.0, 1.0, 0.21, 0.75, 0.6, 0.49, 0.8, 0.75, 0.46, 0.86, 0.55, 0.43, 0.55, 0.45, 0.0, 0.5, 99, 99, 99]
into servo loop...
start test new
list:  [0.41, 0.41, 0.73, 0.73, 1, 1, 0.16199999999999998, 0.16199999999999998, 0.49, 0.49, 0.33, 0.38, 0, 0, 1, 0.22, 0.99, 0.63, 0.26, 0.99, 0.99, 0.26, 0.26, 0.54, 0.47, 0.52, 0.5, 0.02, 0.52, 99, 99, 99]
--- num:  29
list:  [0.56, 0.56, 1, 1, 0.98, 0.98, 0.16199999999999998, 0.16199999999999998, 0.49, 0.49, 0.36, 0.37, 0, 0, 1, 0.27, 0.99, 0.67, 0.26, 0.99, 0.99, 0.26, 0.26, 0.5, 0.54, 0.49, 0.56, 0.03, 0.57, 99, 99, 99]
--- num:  29
list:  [0.43, 0.43, 0.76, 0.76, 1, 1, 0.16199999999999998, 0.16199999999999998, 0.43, 0.43, 0.34, 0.38, 0.05999999999999989, 0.015000000000000013, 1, 0.24, 0.99, 0.64, 0.26, 0.99, 0.99, 0.26, 0.26, 0.59, 0.43, 0.56, 0.45, 0.02, 0.53, 99, 99, 99]
--- num:  29
list:  [0.56, 0.56, 1, 1, 0.98, 0.98, 0.35105703353881834, 0.35042924761772154, 0.3, 0.3, 0.34, 0.38, 0.0749999999999999, 0.0749999999999999, 1, 0.25, 0.955, 0.65, 0.29, 0.95, 0.96, 0.29, 0.29, 0.6, 0.43, 0.6, 0.43, 0.02, 0.53, 99, 99, 99]
--- num:  29
list:  [0.44, 0.44, 0.8, 0.8, 1, 1, 0.16199999999999998, 0.16199999999999998, 0.4, 0.4, 0.33, 0.39, 0.0749999999999999, 0.05999999999999989, 1, 0.24, 0.97, 0.64, 0.27, 0.97, 0.97, 0.27, 0.27, 0.6, 0.43, 0.59, 0.43, 0.02, 0.52, 99, 99, 99]
--- num:  29
list:  [0.45, 0.45, 0.82, 0.82, 1, 1, 0.16199999999999998, 0.16199999999999998, 0.41, 0.41, 0.33, 0.39, 0.0749999999999999, 0.05999999999999989, 1, 0.23, 0.98, 0.64, 0.26, 0.98, 0.98, 0.26, 0.26, 0.6, 0.43, 0.59, 0.43, 0.02, 0.51, 99, 99, 99]
--- num:  29
list:  [0.47, 0.47, 0.86, 0.86, 1, 1, 0.16199999999999998, 0.16199999999999998, 0.41, 0.41, 0.33, 0.39, 0.0749999999999999, 0.04499999999999987, 1, 0.23, 0.98, 0.63, 0.26, 0.98, 0.98, 0.26, 0.26, 0.6, 0.43, 0.58, 0.44, 0.02, 0.51, 99, 99, 99]
--- num:  29
list:  [0.46, 0.46, 0.84, 0.84, 1, 1, 0.16199999999999998, 0.16199999999999998, 0.41, 0.41, 0.33, 0.39, 0.0749999999999999, 0.04499999999999987, 1, 0.23, 0.98, 0.63, 0.26, 0.98, 0.98, 0.26, 0.26, 0.6, 0.43, 0.58, 0.44, 0.02, 0.52, 99, 99, 99]
--- num:  29
list:  [0.56, 0.56, 1, 1, 0.98, 0.98, 0.7634991812705993, 0.7531527090072632, 0.21, 0.21, 0.35, 0.38, 0.0749999999999999, 0.0749999999999999, 1, 0.24, 0.955, 0.64, 0.29, 0.95, 0.96, 0.29, 0.29, 0.6, 0.43, 0.6, 0.43, 0.02, 0.52, 99, 99, 99]
--- num:  29
list:  [0.39, 0.39, 0.68, 0.68, 1, 1, 0.16199999999999998, 0.16199999999999998, 0.39, 0.39, 0.38, 0.34, 0.0749999999999999, 0.0749999999999999, 1, 0.24, 0.965, 0.64, 0.28, 0.96, 0.97, 0.28, 0.28, 0.6, 0.43, 0.6, 0.43, 0.02, 0.51, 99, 99, 99]
--- num:  29
list:  [0.39, 0.39, 0.68, 0.68, 1, 1, 0.16199999999999998, 0.16199999999999998, 0.47, 0.47, 0.38, 0.34, 0.08999999999999991, 0.0749999999999999, 1, 0.23, 0.97, 0.64, 0.27, 0.97, 0.97, 0.27, 0.27, 0.61, 0.42, 0.6, 0.43, 0.02, 0.49, 99, 99, 99]
--- num:  29
list:  [0.38, 0.38, 0.64, 0.64, 1, 1, 0.16199999999999998, 0.16199999999999998, 0.49, 0.49, 0.37, 0.35, 0.08999999999999991, 0.05999999999999989, 1, 0.23, 0.975, 0.64, 0.28, 0.97, 0.98, 0.28, 0.28, 0.61, 0.42, 0.59, 0.43, 0.02, 0.47, 99, 99, 99]
--- num:  29
list:  [0.34, 0.34, 0.56, 0.56, 1, 1, 0.16199999999999998, 0.16199999999999998, 0.5, 0.5, 0.36, 0.36, 0.08999999999999991, 0.0749999999999999, 1, 0.24, 0.97, 0.64, 0.29, 0.97, 0.97, 0.29, 0.29, 0.61, 0.42, 0.6, 0.43, 0.03, 0.45, 99, 99, 99]
--- num:  29
list:  [0.35, 0.35, 0.58, 0.58, 1, 1, 0.16199999999999998, 0.16199999999999998, 0.52, 0.52, 0.35, 0.37, 0.13499999999999995, 0.10499999999999993, 1, 0.24, 0.97, 0.64, 0.3, 0.97, 0.97, 0.3, 0.3, 0.64, 0.41, 0.62, 0.42, 0.03, 0.43, 99, 99, 99]
--- num:  29
list:  [0.34, 0.34, 0.55, 0.55, 1, 1, 0.16199999999999998, 0.16199999999999998, 0.48, 0.48, 0.37, 0.35, 0.13499999999999995, 0.13499999999999995, 1, 0.24, 0.97, 0.64, 0.31, 0.97, 0.97, 0.31, 0.31, 0.64, 0.41, 0.64, 0.41, 0.03, 0.41, 99, 99, 99]
--- num:  29
list:  [0.34, 0.34, 0.56, 0.56, 1, 1, 0.35509870529174803, 0.3545160698890686, 0.33, 0.33, 0.38, 0.34, 0.14999999999999997, 0.16499999999999998, 1, 0.25, 0.94, 0.65, 0.33, 0.94, 0.94, 0.33, 0.33, 0.65, 0.41, 0.66, 0.4, 0.04, 0.41, 99, 99, 99]
--- num:  29
list:  [0.38, 0.38, 0.64, 0.64, 1, 1, 0.16199999999999998, 0.16199999999999998, 0.45, 0.45, 0.36, 0.35, 0.14999999999999997, 0.11999999999999994, 1, 0.26, 0.94, 0.66, 0.32, 0.94, 0.94, 0.32, 0.32, 0.65, 0.41, 0.63, 0.41, 0.04, 0.4, 99, 99, 99]
--- num:  29
list:  [0.43, 0.43, 0.76, 0.76, 1, 1, 0.16199999999999998, 0.16199999999999998, 0.44, 0.44, 0.37, 0.35, 0.13499999999999995, 0.08999999999999991, 1, 0.26, 0.95, 0.65, 0.3, 0.95, 0.95, 0.3, 0.3, 0.64, 0.41, 0.61, 0.42, 0.03, 0.4, 99, 99, 99]
--- num:  29
list:  [0.45, 0.45, 0.81, 0.81, 1, 1, 0.16199999999999998, 0.16199999999999998, 0.37, 0.37, 0.35, 0.37, 0.11999999999999994, 0.0749999999999999, 1, 0.24, 0.97, 0.64, 0.27, 0.97, 0.97, 0.27, 0.27, 0.63, 0.41, 0.6, 0.43, 0.03, 0.41, 99, 99, 99]
--- num:  29
list:  [0.45, 0.45, 0.8, 0.8, 1, 1, 0.16199999999999998, 0.16199999999999998, 0.44, 0.44, 0.33, 0.39, 0.10499999999999993, 0.0749999999999999, 1, 0.24, 0.98, 0.64, 0.27, 0.98, 0.98, 0.27, 0.27, 0.62, 0.42, 0.6, 0.43, 0.03, 0.45, 99, 99, 99]
--- num:  29
list:  [0.45, 0.45, 0.82, 0.82, 1, 1, 0.16199999999999998, 0.16199999999999998, 0.46, 0.46, 0.32, 0.4, 0.10499999999999993, 0.05999999999999989, 1, 0.23, 0.98, 0.63, 0.26, 0.98, 0.98, 0.26, 0.26, 0.62, 0.42, 0.59, 0.43, 0.02, 0.48, 99, 99, 99]
--- num:  29
list:  [0.45, 0.45, 0.81, 0.81, 1, 1, 0.16199999999999998, 0.16199999999999998, 0.46, 0.46, 0.32, 0.4, 0.11999999999999994, 0.0749999999999999, 1, 0.26, 0.96, 0.66, 0.37, 0.96, 0.96, 0.37, 0.37, 0.63, 0.41, 0.6, 0.43, 0.05, 0.46, 99, 99, 99]
--- num:  29
list:  [0.43, 0.43, 0.76, 0.76, 1, 1, 0.16199999999999998, 0.16199999999999998, 0.46, 0.46, 0.32, 0.4, 0.13499999999999995, 0.08999999999999991, 1, 0.36, 0.895, 0.73, 0.45, 0.89, 0.9, 0.45, 0.45, 0.64, 0.41, 0.61, 0.42, 0.11, 0.44, 99, 99, 99]
--- num:  29
list:  [0.57, 0.57, 1, 1, 0.97, 0.97, 0.7653317260742187, 0.7308066296577453, 0.21, 0.21, 0.33, 0.4, 0.22499999999999987, 0.22499999999999987, 1, 0.36, 0.77, 0.74, 0.55, 0.76, 0.78, 0.55, 0.55, 0.7, 0.38, 0.7, 0.38, 0.24, 0.82, 99, 99, 99]
--- num:  29
list:  [0.57, 0.57, 1, 1, 0.97, 0.97, 0.22386389553546904, 0.22226900935173033, 0.33, 0.33, 0.33, 0.39, 0.78, 0.72, 0.75, 0.3, 0.735, 0.69, 0.56, 0.7, 0.77, 0.56, 0.56, 1.07, 0.22, 1.03, 0.24, 0.41, 0.98, 99, 99, 99]
--- num:  29
list:  [0.58, 0.58, 1, 1, 0.96, 0.96, 0.16199999999999998, 0.16199999999999998, 0.34, 0.34, 0.33, 0.39, 0.81, 0.81, 0.75, 0.26, 0.5850000000000001, 0.66, 0.56, 0.5800000000000001, 0.5900000000000001, 0.56, 0.56, 1.09, 0.21, 1.09, 0.21, 0.55, 0.5, 99, 99, 99]
--- num:  29
list:  [0.58, 0.58, 1, 1, 0.96, 0.96, 0.16199999999999998, 0.16199999999999998, 0.33, 0.33, 0.33, 0.39, 0.81, 0.81, 0.75, 0.26, 0.515, 0.65, 0.56, 0.51, 0.52, 0.56, 0.56, 1.09, 0.21, 1.09, 0.21, 0.58, 0.5, 99, 99, 99]
--- num:  29
list:  [0.58, 0.58, 1, 1, 0.96, 0.96, 0.16199999999999998, 0.16199999999999998, 0.31, 0.31, 0.34, 0.38, 0.81, 0.81, 0.5, 0.25, 0.45, 0.65, 0.56, 0.45, 0.45, 0.56, 0.56, 1.09, 0.21, 1.09, 0.21, 0.58, 0.5, 99, 99, 99]
--- num:  29
list:  [0.58, 0.58, 1, 1, 0.96, 0.96, 0.2004724848270416, 0.20042058408260344, 0.29, 0.29, 0.36, 0.37, 0.81, 0.81, 0.5, 0.25, 0.41500000000000004, 0.65, 0.56, 0.42000000000000004, 0.41000000000000003, 0.56, 0.56, 1.09, 0.21, 1.09, 0.21, 0.5, 0.5, 99, 99, 99]
--- num:  29
list:  [0.58, 0.58, 1, 1, 0.96, 0.96, 0.5565901207923889, 0.5555558013916015, 0.16, 0.16, 0.38, 0.34, 0.81, 0.81, 0.75, 0.25, 0.37, 0.65, 0.56, 0.37, 0.37, 0.56, 0.56, 1.09, 0.21, 1.09, 0.21, 0.44, 0.05, 99, 99, 99]
--- num:  29
list:  [0.58, 0.58, 1, 1, 0.96, 0.96, 0.3958608615398407, 0.3957874286174774, 0.19, 0.19, 0.38, 0.34, 0.81, 0.81, 0.75, 0.26, 0.355, 0.66, 0.56, 0.35, 0.36, 0.56, 0.56, 1.09, 0.21, 1.09, 0.21, 0.43, 0.02, 99, 99, 99]
--- num:  29
list:  [0.58, 0.58, 1, 1, 0.96, 0.96, 0.2971638250350952, 0.2971536922454834, 0.23, 0.23, 0.39, 0.33, 0.81, 0.81, 0.75, 0.26, 0.38, 0.65, 0.56, 0.38, 0.38, 0.56, 0.56, 1.09, 0.21, 1.09, 0.21, 0.41, 0.02, 99, 99, 99]
--- num:  29
list:  [0.58, 0.58, 1, 1, 0.96, 0.96, 0.22770370125770567, 0.2276486563682556, 0.26, 0.26, 0.4, 0.33, 0.81, 0.81, 0.75, 0.25, 0.39, 0.65, 0.56, 0.39, 0.39, 0.56, 0.56, 1.09, 0.21, 1.09, 0.21, 0.37, 0.17, 99, 99, 99]
--- num:  29
list:  [0.58, 0.58, 1, 1, 0.96, 0.96, 0.21092131316661833, 0.21084473609924315, 0.26, 0.26, 0.4, 0.32, 0.81, 0.81, 0.75, 0.25, 0.39, 0.65, 0.56, 0.39, 0.39, 0.56, 0.56, 1.09, 0.21, 1.09, 0.21, 0.36, 0.3, 99, 99, 99]
--- num:  29
list:  [0.57, 0.57, 1, 1, 0.96, 0.96, 0.20035853564739226, 0.20020263969898222, 0.26, 0.26, 0.41, 0.31, 0.81, 0.81, 0.75, 0.25, 0.385, 0.65, 0.56, 0.38, 0.39, 0.56, 0.56, 1.09, 0.21, 1.09, 0.21, 0.34, 0.55, 99, 99, 99]
--- num:  29
list:  [0.57, 0.57, 1, 1, 0.96, 0.96, 0.18879723131656645, 0.18844885706901549, 0.27, 0.27, 0.42, 0.3, 0.81, 0.81, 0.75, 0.25, 0.37, 0.65, 0.56, 0.37, 0.37, 0.56, 0.56, 1.09, 0.21, 1.09, 0.21, 0.34, 0.62, 99, 99, 99]
--- num:  29
list:  [0.57, 0.57, 1, 1, 0.97, 0.97, 0.16199999999999998, 0.16199999999999998, 0.29, 0.29, 0.46, 0.27, 0.81, 0.81, 0.75, 0.25, 0.4, 0.65, 0.56, 0.4, 0.4, 0.56, 0.56, 1.09, 0.21, 1.09, 0.21, 0.26, 0.37, 99, 99, 99]
--- num:  29
list:  [0.56, 0.56, 1, 1, 0.97, 0.97, 0.16199999999999998, 0.16199999999999998, 0.29, 0.29, 0.51, 0.22, 0.81, 0.81, 0.75, 0.25, 0.395, 0.65, 0.56, 0.4, 0.39, 0.56, 0.56, 1.09, 0.21, 1.09, 0.21, 0.22, 0.16, 99, 99, 99]
--- num:  29
list:  [0.56, 0.56, 1, 1, 0.98, 0.98, 0.16199999999999998, 0.16199999999999998, 0.31, 0.31, 0.54, 0.18, 0.81, 0.81, 0.75, 0.25, 0.355, 0.65, 0.56, 0.36, 0.35, 0.56, 0.56, 1.09, 0.21, 1.09, 0.21, 0.21, 0.06, 99, 99, 99]
--- num:  29
list:  [0.56, 0.56, 1, 1, 0.98, 0.98, 0.16199999999999998, 0.16199999999999998, 0.34, 0.34, 0.55, 0.18, 0.81, 0.81, 0.75, 0.25, 0.32, 0.65, 0.56, 0.33, 0.31, 0.56, 0.56, 1.09, 0.21, 1.09, 0.21, 0.21, 0.04, 99, 99, 99]
--- num:  29
list:  [0.56, 0.56, 1, 1, 0.98, 0.98, 0.16199999999999998, 0.16199999999999998, 0.36, 0.36, 0.54, 0.18, 0.81, 0.81, 0.75, 0.25, 0.28, 0.65, 0.56, 0.29, 0.27, 0.56, 0.56, 1.09, 0.21, 1.09, 0.21, 0.18, 0.02, 99, 99, 99]
--- num:  29
list:  [0.26, 0.26, 0.37, 0.37, 1, 1, 0.16199999999999998, 0.16199999999999998, 0.37, 0.37, 0.52, 0.2, 0.81, 0.81, 0.75, 0.24, 0.28, 0.65, 0.56, 0.29, 0.27, 0.56, 0.56, 1.09, 0.21, 1.09, 0.21, 0.15, 0.1, 99, 99, 99]
--- num:  29
list:  [0.25, 0.25, 0.34, 0.34, 1, 1, 0.16199999999999998, 0.16199999999999998, 0.39, 0.39, 0.5, 0.22, 0.81, 0.81, 0.75, 0.24, 0.28, 0.64, 0.56, 0.29, 0.27, 0.56, 0.56, 1.09, 0.21, 1.09, 0.21, 0.15, 0.14, 99, 99, 99]
--- num:  29
list:  [0.28, 0.28, 0.42, 0.42, 1, 1, 0.1891015577316284, 0.18882648229598997, 0.33, 0.33, 0.46, 0.26, 0.81, 0.81, 0.75, 0.24, 0.27, 0.64, 0.56, 0.28, 0.26, 0.56, 0.56, 1.09, 0.21, 1.09, 0.21, 0.15, 0.14, 99, 99, 99]
--- num:  29
list:  [0.56, 0.56, 1, 1, 0.98, 0.98, 0.19678477525711058, 0.19656279265880583, 0.34, 0.34, 0.43, 0.29, 0.81, 0.81, 0.75, 0.24, 0.265, 0.64, 0.56, 0.28, 0.25, 0.56, 0.56, 1.09, 0.21, 1.09, 0.21, 0.15, 0.12, 99, 99, 99]
--- num:  29
list:  [0.56, 0.56, 1, 1, 0.98, 0.98, 0.19991427242755888, 0.19974317729473112, 0.34, 0.34, 0.39, 0.33, 0.81, 0.81, 0.75, 0.24, 0.26, 0.64, 0.56, 0.27, 0.25, 0.56, 0.56, 1.09, 0.21, 1.09, 0.21, 0.12, 0.12, 99, 99, 99]
--- num:  29
list:  [0.56, 0.56, 1, 1, 0.98, 0.98, 0.19739254891872404, 0.19727268397808073, 0.34, 0.34, 0.35, 0.37, 0.81, 0.81, 0.75, 0.24, 0.27, 0.64, 0.56, 0.28, 0.26, 0.56, 0.56, 1.09, 0.21, 1.09, 0.21, 0.12, 0.13, 99, 99, 99]
--- num:  29
list:  [0.56, 0.56, 1, 1, 0.98, 0.98, 0.18721355080604551, 0.1871743160486221, 0.34, 0.34, 0.34, 0.38, 0.81, 0.81, 0.75, 0.23, 0.28, 0.64, 0.56, 0.29, 0.27, 0.56, 0.56, 1.09, 0.21, 1.09, 0.21, 0.12, 0.14, 99, 99, 99]
--- num:  29
list:  [0.56, 0.56, 1, 1, 0.98, 0.98, 0.1884061652421951, 0.18836973190307615, 0.33, 0.33, 0.32, 0.4, 0.81, 0.81, 0.75, 0.24, 0.265, 0.64, 0.56, 0.27, 0.26, 0.56, 0.56, 1.09, 0.21, 1.09, 0.21, 0.15, 0.15, 99, 99, 99]
--- num:  29
list:  [0.56, 0.56, 1, 1, 0.98, 0.98, 0.21114946484565733, 0.21107720911502836, 0.32, 0.32, 0.32, 0.4, 0.81, 0.81, 0.75, 0.24, 0.26, 0.64, 0.56, 0.27, 0.25, 0.56, 0.56, 1.09, 0.21, 1.09, 0.21, 0.21, 0.16, 99, 99, 99]
--- num:  29
list:  [0.56, 0.56, 1, 1, 0.98, 0.98, 0.2227672743797302, 0.22270012974739073, 0.29, 0.29, 0.32, 0.4, 0.81, 0.81, 0.75, 0.24, 0.255, 0.64, 0.56, 0.26, 0.25, 0.56, 0.56, 1.09, 0.21, 1.09, 0.21, 0.24, 0.16, 99, 99, 99]
--- num:  29
list:  [0.56, 0.56, 1, 1, 0.98, 0.98, 0.20804130613803862, 0.20796937823295591, 0.31, 0.31, 0.32, 0.4, 0.81, 0.81, 0.75, 0.25, 0.25, 0.65, 0.56, 0.25, 0.25, 0.56, 0.56, 1.09, 0.21, 1.09, 0.21, 0.24, 0.09, 99, 99, 99]
--- num:  29
list:  [0.56, 0.56, 1, 1, 0.98, 0.98, 0.16199999999999998, 0.16199999999999998, 0.32, 0.32, 0.31, 0.41, 0.81, 0.81, 0.75, 0.25, 0.255, 0.65, 0.56, 0.26, 0.25, 0.56, 0.56, 1.09, 0.21, 1.09, 0.21, 0.3, 0.02, 99, 99, 99]
--- num:  29
list:  [0.56, 0.56, 1, 1, 0.97, 0.97, 0.16199999999999998, 0.16199999999999998, 0.31, 0.31, 0.32, 0.41, 0.81, 0.81, 0.75, 0.25, 0.26, 0.65, 0.56, 0.26, 0.26, 0.56, 0.56, 1.09, 0.21, 1.09, 0.21, 0.34, 0.01, 99, 99, 99]
--- num:  29
list:  [0.56, 0.56, 1, 1, 0.97, 0.97, 0.16199999999999998, 0.16199999999999998, 0.3, 0.3, 0.32, 0.4, 0.81, 0.81, 0.75, 0.25, 0.275, 0.65, 0.56, 0.27, 0.28, 0.56, 0.56, 1.09, 0.21, 1.09, 0.21, 0.36, 0.01, 99, 99, 99]
--- num:  29
list:  [0.57, 0.57, 1, 1, 0.97, 0.97, 0.16199999999999998, 0.16199999999999998, 0.29, 0.29, 0.32, 0.4, 0.81, 0.81, 0.75, 0.25, 0.275, 0.65, 0.56, 0.27, 0.28, 0.56, 0.56, 1.09, 0.21, 1.09, 0.21, 0.39, 0.03, 99, 99, 99]
--- num:  29
list:  [0.57, 0.57, 1, 1, 0.97, 0.97, 0.16199999999999998, 0.16199999999999998, 0.28, 0.28, 0.33, 0.4, 0.81, 0.81, 0.75, 0.25, 0.29000000000000004, 0.65, 0.56, 0.28, 0.3, 0.56, 0.56, 1.09, 0.21, 1.09, 0.21, 0.41, 0.29, 99, 99, 99]
--- num:  29
list:  [0.57, 0.57, 1, 1, 0.97, 0.97, 0.16199999999999998, 0.16199999999999998, 0.28, 0.28, 0.33, 0.39, 0.81, 0.81, 0.75, 0.25, 0.305, 0.65, 0.56, 0.29, 0.32, 0.56, 0.56, 1.09, 0.21, 1.09, 0.21, 0.43, 0.53, 99, 99, 99]
--- num:  29
list:  [0.57, 0.57, 1, 1, 0.97, 0.97, 0.16199999999999998, 0.16199999999999998, 0.28, 0.28, 0.33, 0.39, 0.81, 0.81, 0.75, 0.25, 0.31, 0.65, 0.56, 0.3, 0.32, 0.56, 0.56, 1.09, 0.21, 1.09, 0.21, 0.45, 0.5, 99, 99, 99]
--- num:  29
list:  [0.57, 0.57, 1, 1, 0.96, 0.96, 0.16199999999999998, 0.16199999999999998, 0.28, 0.28, 0.35, 0.37, 0.81, 0.81, 0.75, 0.25, 0.3, 0.65, 0.56, 0.29, 0.31, 0.56, 0.56, 1.09, 0.21, 1.09, 0.21, 0.48, 0.5, 99, 99, 99]
--- num:  29
list:  [0.57, 0.57, 1, 1, 0.96, 0.96, 0.16199999999999998, 0.16199999999999998, 0.29, 0.29, 0.36, 0.36, 0.81, 0.81, 0.75, 0.25, 0.295, 0.65, 0.56, 0.29, 0.3, 0.56, 0.56, 1.09, 0.21, 1.09, 0.21, 0.51, 0.5, 99, 99, 99]
--- num:  29
list:  [0.57, 0.57, 1, 1, 0.96, 0.96, 0.16199999999999998, 0.16199999999999998, 0.3, 0.3, 0.38, 0.34, 0.81, 0.81, 0.75, 0.25, 0.295, 0.65, 0.56, 0.29, 0.3, 0.56, 0.56, 1.09, 0.21, 1.09, 0.21, 0.54, 0.5, 99, 99, 99]
--- num:  29
list:  [0.57, 0.57, 1, 1, 0.96, 0.96, 0.16199999999999998, 0.16199999999999998, 0.31, 0.31, 0.39, 0.33, 0.81, 0.81, 0.75, 0.25, 0.3, 0.65, 0.56, 0.3, 0.3, 0.56, 0.56, 1.09, 0.21, 1.09, 0.21, 0.55, 0.5, 99, 99, 99]
--- num:  29
list:  [0.57, 0.57, 1, 1, 0.96, 0.96, 0.16199999999999998, 0.16199999999999998, 0.3, 0.3, 0.4, 0.32, 0.81, 0.81, 0.75, 0.25, 0.31, 0.65, 0.56, 0.31, 0.31, 0.56, 0.56, 1.09, 0.21, 1.09, 0.21, 0.56, 0.5, 99, 99, 99]
--- num:  29
list:  [0.57, 0.57, 1, 1, 0.96, 0.96, 0.16199999999999998, 0.16199999999999998, 0.31, 0.31, 0.42, 0.3, 0.81, 0.81, 0.75, 0.25, 0.315, 0.65, 0.56, 0.32, 0.31, 0.56, 0.56, 1.09, 0.21, 1.09, 0.21, 0.56, 0.5, 99, 99, 99]
--- num:  29
list:  [0.57, 0.57, 1, 1, 0.96, 0.96, 0.16199999999999998, 0.16199999999999998, 0.32, 0.32, 0.48, 0.24, 0.81, 0.81, 0.75, 0.26, 0.315, 0.65, 0.56, 0.32, 0.31, 0.56, 0.56, 1.09, 0.21, 1.09, 0.21, 0.56, 0.5, 99, 99, 99]
--- num:  29
list:  [0.57, 0.57, 1, 1, 0.97, 0.97, 0.16199999999999998, 0.16199999999999998, 0.33, 0.33, 0.51, 0.21, 0.81, 0.81, 0.75, 0.26, 0.35, 0.66, 0.56, 0.36, 0.33999999999999997, 0.56, 0.56, 1.09, 0.21, 1.09, 0.21, 0.56, 0.5, 99, 99, 99]
--- num:  29
list:  [0.57, 0.57, 1, 1, 0.97, 0.97, 0.16199999999999998, 0.16199999999999998, 0.33, 0.33, 0.52, 0.2, 0.81, 0.81, 0.75, 0.26, 0.36, 0.66, 0.56, 0.37, 0.35, 0.56, 0.56, 1.09, 0.21, 1.09, 0.21, 0.56, 0.5, 99, 99, 99]
--- num:  29
list:  [0.57, 0.57, 1, 1, 0.97, 0.97, 0.16199999999999998, 0.16199999999999998, 0.34, 0.34, 0.52, 0.2, 0.81, 0.81, 0.75, 0.26, 0.36, 0.66, 0.56, 0.37, 0.35, 0.56, 0.56, 1.09, 0.21, 1.09, 0.21, 0.56, 0.5, 99, 99, 99]
--- num:  29
list:  [0.57, 0.57, 1, 1, 0.97, 0.97, 0.16199999999999998, 0.16199999999999998, 0.35, 0.35, 0.51, 0.21, 0.81, 0.81, 0.75, 0.26, 0.38, 0.66, 0.56, 0.39, 0.37, 0.56, 0.56, 1.09, 0.21, 1.09, 0.21, 0.53, 0.5, 99, 99, 99]
--- num:  29
list:  [0.57, 0.57, 1, 1, 0.97, 0.97, 0.16199999999999998, 0.16199999999999998, 0.37, 0.37, 0.5, 0.22, 0.81, 0.81, 0.75, 0.26, 0.38, 0.66, 0.56, 0.39, 0.37, 0.56, 0.56, 1.09, 0.21, 1.09, 0.21, 0.49, 0.5, 99, 99, 99]
--- num:  29
list:  [0.57, 0.57, 1, 1, 0.97, 0.97, 0.16199999999999998, 0.16199999999999998, 0.34, 0.34, 0.49, 0.23, 0.81, 0.81, 0.75, 0.26, 0.37, 0.66, 0.56, 0.38, 0.36, 0.56, 0.56, 1.09, 0.21, 1.09, 0.21, 0.46, 0.5, 99, 99, 99]
--- num:  29
list:  [0.57, 0.57, 1, 1, 0.97, 0.97, 0.2179617691040039, 0.21709988594055174, 0.32, 0.32, 0.51, 0.21, 0.81, 0.81, 0.75, 0.26, 0.32999999999999996, 0.66, 0.56, 0.33999999999999997, 0.32, 0.56, 0.56, 1.09, 0.21, 1.09, 0.21, 0.44, 0.26, 99, 99, 99]
--- num:  29
list:  [0.56, 0.56, 1, 1, 0.98, 0.98, 0.16199999999999998, 0.16199999999999998, 0.4, 0.4, 0.51, 0.21, 0.81, 0.81, 0.75, 0.26, 0.33499999999999996, 0.66, 0.56, 0.33999999999999997, 0.33, 0.56, 0.56, 1.09, 0.21, 1.09, 0.21, 0.41, 0.21, 99, 99, 99]
--- num:  29
list:  [0.56, 0.56, 1, 1, 0.98, 0.98, 0.16199999999999998, 0.16199999999999998, 0.4, 0.4, 0.47, 0.25, 0.81, 0.81, 0.75, 0.26, 0.41500000000000004, 0.66, 0.56, 0.42000000000000004, 0.41000000000000003, 0.56, 0.56, 1.09, 0.21, 1.09, 0.21, 0.33, 0.2, 99, 99, 99]
--- num:  29
list:  [0.56, 0.56, 1, 1, 0.98, 0.98, 0.16199999999999998, 0.16199999999999998, 0.41, 0.41, 0.44, 0.28, 0.81, 0.81, 0.75, 0.26, 0.5, 0.66, 0.56, 0.48, 0.52, 0.56, 0.56, 1.09, 0.21, 1.09, 0.21, 0.27, 0.22, 99, 99, 99]
--- num:  29
list:  [0.56, 0.56, 1, 1, 0.98, 0.98, 0.16199999999999998, 0.16199999999999998, 0.41, 0.41, 0.41, 0.3, 0.81, 0.81, 0.75, 0.26, 0.535, 0.66, 0.56, 0.52, 0.55, 0.56, 0.56, 1.09, 0.21, 1.09, 0.21, 0.19, 0.23, 99, 99, 99]
--- num:  29
list:  [0.28, 0.28, 0.41, 0.41, 1, 1, 0.16199999999999998, 0.16199999999999998, 0.43, 0.43, 0.4, 0.32, 0.81, 0.81, 0.75, 0.26, 0.6599999999999999, 0.66, 0.56, 0.62, 0.7, 0.56, 0.56, 1.09, 0.21, 1.09, 0.21, 0.16, 0.59, 99, 99, 99]
--- num:  29
list:  [0.55, 0.55, 1, 1, 0.98, 0.98, 0.16199999999999998, 0.16199999999999998, 0.43, 0.43, 0.39, 0.33, 0.6749999999999999, 0.5549999999999999, 1, 0.27, 0.755, 0.66, 0.56, 0.73, 0.78, 0.56, 0.56, 1.0, 0.25, 0.92, 0.28, 0.12, 0.47, 99, 99, 99]
--- num:  29
list:  [0.56, 0.56, 1, 1, 0.98, 0.98, 0.16199999999999998, 0.16199999999999998, 0.44, 0.44, 0.39, 0.33, 0.5549999999999999, 0.4499999999999999, 1, 0.28, 0.8, 0.67, 0.54, 0.78, 0.82, 0.54, 0.54, 0.92, 0.28, 0.85, 0.32, 0.1, 0.45, 99, 99, 99]
--- num:  29
list:  [0.56, 0.56, 1, 1, 0.98, 0.98, 0.16199999999999998, 0.16199999999999998, 0.43, 0.43, 0.4, 0.32, 0.51, 0.40499999999999986, 1, 0.28, 0.87, 0.68, 0.46, 0.86, 0.88, 0.46, 0.46, 0.89, 0.3, 0.82, 0.33, 0.07, 0.42, 99, 99, 99]
--- num:  29
list:  [0.56, 0.56, 1, 1, 0.98, 0.98, 0.16199999999999998, 0.16199999999999998, 0.42, 0.42, 0.41, 0.31, 0.4799999999999999, 0.40499999999999986, 1, 0.28, 0.915, 0.67, 0.39, 0.91, 0.92, 0.39, 0.39, 0.87, 0.31, 0.82, 0.33, 0.05, 0.41, 99, 99, 99]
--- num:  29
list:  [0.56, 0.56, 1, 1, 0.98, 0.98, 0.16199999999999998, 0.16199999999999998, 0.42, 0.42, 0.4, 0.32, 0.39, 0.31499999999999995, 1, 0.25, 0.95, 0.65, 0.32, 0.95, 0.95, 0.32, 0.32, 0.81, 0.33, 0.76, 0.36, 0.04, 0.42, 99, 99, 99]
--- num:  29
list:  [0.42, 0.42, 0.76, 0.76, 1, 1, 0.16199999999999998, 0.16199999999999998, 0.42, 0.42, 0.4, 0.32, 0.29999999999999993, 0.22499999999999987, 1, 0.24, 0.965, 0.65, 0.29, 0.96, 0.97, 0.29, 0.29, 0.75, 0.36, 0.7, 0.39, 0.03, 0.43, 99, 99, 99]
--- num:  29
list:  [0.43, 0.43, 0.76, 0.76, 1, 1, 0.16199999999999998, 0.16199999999999998, 0.43, 0.43, 0.39, 0.33, 0.2849999999999999, 0.195, 1, 0.24, 0.97, 0.64, 0.28, 0.97, 0.97, 0.28, 0.28, 0.74, 0.37, 0.68, 0.39, 0.03, 0.43, 99, 99, 99]
--- num:  29
list:  [0.43, 0.43, 0.76, 0.76, 1, 1, 0.16199999999999998, 0.16199999999999998, 0.45, 0.45, 0.36, 0.36, 0.2699999999999999, 0.18, 1, 0.24, 0.97, 0.64, 0.29, 0.97, 0.97, 0.29, 0.29, 0.73, 0.37, 0.67, 0.4, 0.03, 0.43, 99, 99, 99]
--- num:  29
list:  [0.43, 0.43, 0.77, 0.77, 1, 1, 0.16199999999999998, 0.16199999999999998, 0.47, 0.47, 0.36, 0.36, 0.22499999999999987, 0.14999999999999997, 1, 0.23, 0.975, 0.64, 0.28, 0.97, 0.98, 0.28, 0.28, 0.7, 0.38, 0.65, 0.41, 0.02, 0.44, 99, 99, 99]
--- num:  29
list:  [0.44, 0.44, 0.78, 0.78, 1, 1, 0.16199999999999998, 0.16199999999999998, 0.38, 0.38, 0.36, 0.36, 0.20999999999999985, 0.13499999999999995, 1, 0.23, 0.98, 0.63, 0.28, 0.98, 0.98, 0.28, 0.28, 0.69, 0.39, 0.64, 0.41, 0.02, 0.46, 99, 99, 99]
--- num:  29
list:  [0.55, 0.55, 1, 1, 0.98, 0.98, 0.16199999999999998, 0.16199999999999998, 0.38, 0.38, 0.35, 0.37, 0.20999999999999985, 0.14999999999999997, 1, 0.24, 0.97, 0.64, 0.29, 0.97, 0.97, 0.29, 0.29, 0.69, 0.39, 0.65, 0.41, 0.03, 0.47, 99, 99, 99]
--- num:  29
list:  [0.45, 0.45, 0.82, 0.82, 1, 1, 0.16199999999999998, 0.16199999999999998, 0.43, 0.43, 0.35, 0.37, 0.195, 0.10499999999999993, 1, 0.23, 0.98, 0.63, 0.27, 0.98, 0.98, 0.27, 0.27, 0.68, 0.39, 0.62, 0.42, 0.02, 0.48, 99, 99, 99]
--- num:  29
list:  [0.46, 0.46, 0.83, 0.83, 1, 1, 0.16199999999999998, 0.16199999999999998, 0.43, 0.43, 0.36, 0.36, 0.195, 0.10499999999999993, 1, 0.23, 0.98, 0.63, 0.27, 0.98, 0.98, 0.27, 0.27, 0.68, 0.39, 0.62, 0.42, 0.02, 0.49, 99, 99, 99]
--- num:  29
list:  [0.46, 0.46, 0.84, 0.84, 1, 1, 0.16199999999999998, 0.16199999999999998, 0.43, 0.43, 0.37, 0.35, 0.18, 0.10499999999999993, 1, 0.22, 0.98, 0.63, 0.27, 0.98, 0.98, 0.27, 0.27, 0.67, 0.4, 0.62, 0.42, 0.02, 0.49, 99, 99, 99]
--- num:  29
list:  [0.46, 0.46, 0.84, 0.84, 1, 1, 0.16199999999999998, 0.16199999999999998, 0.42, 0.42, 0.38, 0.34, 0.18, 0.10499999999999993, 1, 0.22, 0.98, 0.63, 0.27, 0.98, 0.98, 0.27, 0.27, 0.67, 0.4, 0.62, 0.42, 0.02, 0.49, 99, 99, 99]
--- num:  29
list:  [0.46, 0.46, 0.84, 0.84, 1, 1, 0.16199999999999998, 0.16199999999999998, 0.41, 0.41, 0.38, 0.34, 0.18, 0.10499999999999993, 1, 0.22, 0.98, 0.63, 0.27, 0.98, 0.98, 0.27, 0.27, 0.67, 0.4, 0.62, 0.42, 0.02, 0.49, 99, 99, 99]
--- num:  29
list:  [0.46, 0.46, 0.84, 0.84, 1, 1, 0.16199999999999998, 0.16199999999999998, 0.4, 0.4, 0.37, 0.34, 0.14999999999999997, 0.10499999999999993, 1, 0.22, 0.985, 0.63, 0.26, 0.98, 0.99, 0.26, 0.26, 0.65, 0.4, 0.62, 0.42, 0.01, 0.49, 99, 99, 99]
--- num:  29
list:  [0.46, 0.46, 0.84, 0.84, 1, 1, 0.16199999999999998, 0.16199999999999998, 0.4, 0.4, 0.38, 0.34, 0.14999999999999997, 0.10499999999999993, 1, 0.22, 0.985, 0.63, 0.26, 0.98, 0.99, 0.26, 0.26, 0.65, 0.41, 0.62, 0.42, 0.01, 0.5, 99, 99, 99]
--- num:  29
