start livelink
[-0.02, 0.021, -0.067]
[-0.018, 0.022, -0.068]
[-0.017, 0.022, -0.07]
[-0.017, 0.022, -0.072]
[-0.018, 0.021, -0.073]
[0.004, 0.023, -0.071]
[0.098, 0.068, -0.076]
[-0.057, 0.014, -0.059]
[-0.055, 0.013, -0.057]
[-0.052, 0.012, -0.056]
[-0.048, 0.013, -0.054]
[-0.044, 0.013, -0.052]
[-0.035, 0.013, -0.049]
[-0.025, 0.013, -0.046]
[-0.012, 0.014, -0.043]
[0.0, 0.014, -0.041]
[0.009, 0.015, -0.04]
[0.016, 0.016, -0.039]
[0.022, 0.017, -0.039]
[0.027, 0.017, -0.039]
[0.035, 0.017, -0.04]
[0.035, 0.017, -0.04]
[0.038, 0.017, -0.039]
[0.04, 0.017, -0.038]
[0.042, 0.018, -0.038]
[0.045, 0.018, -0.037]
[0.048, 0.018, -0.037]
[0.051, 0.018, -0.037]
[0.054, 0.018, -0.037]
[0.057, 0.019, -0.036]
[0.06, 0.02, -0.035]
[0.061, 0.021, -0.033]
[0.062, 0.022, -0.033]
[0.063, 0.024, -0.033]
[0.063, 0.025, -0.032]
[0.064, 0.026, -0.032]
[0.065, 0.027, -0.032]
[0.066, 0.027, -0.032]
[0.075, 0.029, -0.033]
[0.075, 0.029, -0.033]
[0.08, 0.031, -0.033]
[0.083, 0.033, -0.033]
[0.086, 0.034, -0.032]
[0.088, 0.035, -0.03]
[0.088, 0.037, -0.027]
[0.09, 0.038, -0.025]
[0.091, 0.041, -0.023]
[0.092, 0.043, -0.021]
[0.095, 0.045, -0.02]
[0.096, 0.047, -0.019]
[0.098, 0.048, -0.019]
[0.1, 0.05, -0.018]
[0.103, 0.052, -0.018]
[0.105, 0.054, -0.017]
[0.108, 0.055, -0.016]
[0.109, 0.056, -0.014]
[0.11, 0.058, -0.012]
[0.11, 0.059, -0.01]
[0.11, 0.06, -0.009]
[0.111, 0.062, -0.007]
[0.119, 0.065, -0.002]
[0.119, 0.065, -0.002]
[0.124, 0.067, 0.002]
[0.128, 0.069, 0.005]
[0.132, 0.073, 0.011]
[0.132, 0.073, 0.011]
[0.134, 0.075, 0.013]
[0.136, 0.076, 0.015]
[0.141, 0.08, 0.02]
[0.141, 0.08, 0.02]
[0.143, 0.081, 0.022]
[0.144, 0.083, 0.024]
[0.145, 0.084, 0.025]
[0.146, 0.085, 0.025]
[0.147, 0.086, 0.026]
[0.148, 0.087, 0.027]
[0.148, 0.088, 0.029]
[0.15, 0.088, 0.032]
[0.152, 0.089, 0.035]
[0.155, 0.09, 0.037]
[0.157, 0.091, 0.038]
[0.16, 0.091, 0.039]
[0.159, 0.09, 0.039]
[0.159, 0.089, 0.038]
[0.159, 0.089, 0.037]
[0.158, 0.09, 0.037]
[0.159, 0.091, 0.037]
[0.159, 0.092, 0.038]
[0.158, 0.093, 0.039]
[0.159, 0.094, 0.041]
[0.159, 0.094, 0.042]
[0.16, 0.094, 0.042]
[0.162, 0.094, 0.042]
[0.163, 0.093, 0.042]
[0.166, 0.093, 0.041]
[0.168, 0.092, 0.04]
[0.17, 0.091, 0.038]
[0.171, 0.09, 0.036]
[0.172, 0.09, 0.034]
[0.173, 0.088, 0.032]
[0.174, 0.087, 0.03]
[0.175, 0.086, 0.027]
[0.175, 0.084, 0.025]
[0.175, 0.082, 0.023]
[0.176, 0.079, 0.021]
[0.177, 0.077, 0.02]
[0.178, 0.074, 0.017]
[0.178, 0.072, 0.015]
[0.179, 0.069, 0.012]
[0.179, 0.067, 0.009]
[0.18, 0.064, 0.005]
[0.18, 0.061, 0.001]
[0.181, 0.057, -0.004]
[0.181, 0.053, -0.008]
[0.181, 0.049, -0.012]
[0.181, 0.044, -0.015]
[0.182, 0.04, -0.019]
[0.182, 0.036, -0.022]
[0.181, 0.031, -0.026]
[0.18, 0.027, -0.03]
[0.181, 0.023, -0.034]
[0.182, 0.019, -0.037]
[0.185, 0.016, -0.041]
[0.187, 0.013, -0.045]
[0.19, 0.009, -0.048]
[0.191, 0.005, -0.052]
[0.191, 0.001, -0.055]
[0.191, -0.004, -0.057]
[0.189, -0.008, -0.059]
[0.19, -0.012, -0.061]
[0.191, -0.015, -0.062]
[0.192, -0.018, -0.063]
[0.194, -0.02, -0.064]
[0.195, -0.023, -0.065]
[0.196, -0.025, -0.066]
[0.198, -0.028, -0.069]
[0.199, -0.03, -0.071]
[0.201, -0.033, -0.073]
[0.202, -0.035, -0.075]
[0.203, -0.037, -0.077]
[0.204, -0.041, -0.077]
[0.204, -0.041, -0.077]
[0.205, -0.043, -0.075]
[0.206, -0.045, -0.074]
[0.208, -0.047, -0.071]
[0.21, -0.048, -0.07]
[0.212, -0.049, -0.069]
[0.213, -0.05, -0.067]
[0.213, -0.05, -0.066]
[0.212, -0.051, -0.064]
[0.209, -0.051, -0.062]
[0.207, -0.051, -0.061]
[0.204, -0.051, -0.059]
[0.203, -0.051, -0.058]
[0.203, -0.052, -0.058]
[0.203, -0.053, -0.058]
[0.205, -0.055, -0.058]
[0.207, -0.057, -0.058]
[0.207, -0.06, -0.058]
[0.207, -0.063, -0.056]
[0.208, -0.066, -0.054]
[0.209, -0.069, -0.052]
[0.213, -0.075, -0.048]
[0.213, -0.075, -0.048]
[0.213, -0.077, -0.047]
[0.215, -0.079, -0.045]
[0.217, -0.081, -0.043]
[0.218, -0.082, -0.042]
[0.22, -0.083, -0.041]
[0.223, -0.084, -0.04]
[0.226, -0.085, -0.039]
[0.229, -0.085, -0.038]
[0.232, -0.086, -0.036]
[0.235, -0.086, -0.034]
[0.237, -0.087, -0.032]
[0.241, -0.089, -0.03]
[0.244, -0.091, -0.028]
[0.248, -0.094, -0.027]
[0.252, -0.098, -0.026]
[0.257, -0.102, -0.023]
[0.262, -0.106, -0.021]
[0.268, -0.111, -0.017]
[0.275, -0.117, -0.011]
[0.282, -0.122, -0.006]
[0.285, -0.126, -0.003]
[0.289, -0.13, 0.0]
[0.294, -0.133, 0.001]
[0.3, -0.136, 0.001]
[0.306, -0.137, 0.002]
[0.311, -0.138, 0.003]
[0.315, -0.138, 0.006]
[0.32, -0.138, 0.007]
[0.322, -0.138, 0.007]
[0.325, -0.137, 0.007]
[0.326, -0.135, 0.006]
[0.327, -0.134, 0.006]
[0.33, -0.132, 0.006]
[0.331, -0.131, 0.007]
[0.332, -0.13, 0.007]
[0.333, -0.129, 0.007]
[0.334, -0.127, 0.008]
[0.335, -0.125, 0.008]
[0.337, -0.123, 0.01]
[0.339, -0.121, 0.01]
[0.342, -0.119, 0.011]
[0.344, -0.118, 0.012]
[0.346, -0.116, 0.013]
[0.347, -0.113, 0.013]
[0.346, -0.111, 0.014]
[0.344, -0.108, 0.014]
[0.339, -0.105, 0.013]
[0.333, -0.103, 0.014]
[0.328, -0.1, 0.015]
[0.32, -0.098, 0.016]
[0.312, -0.095, 0.017]
[0.305, -0.091, 0.018]
[0.298, -0.087, 0.018]
[0.294, -0.083, 0.018]
[0.292, -0.079, 0.019]
[0.289, -0.075, 0.02]
[0.286, -0.07, 0.02]
[0.285, -0.067, 0.02]
[0.282, -0.062, 0.018]
[0.28, -0.059, 0.017]
[0.278, -0.055, 0.017]
[0.276, -0.052, 0.017]
[0.275, -0.049, 0.017]
[0.274, -0.046, 0.017]
[0.273, -0.043, 0.017]
[0.271, -0.04, 0.017]
[0.269, -0.037, 0.015]
[0.267, -0.034, 0.014]
[0.266, -0.031, 0.013]
[0.265, -0.028, 0.012]
[0.265, -0.026, 0.011]
[0.265, -0.023, 0.01]
[0.264, -0.02, 0.009]
[0.263, -0.018, 0.009]
[0.262, -0.015, 0.008]
[0.261, -0.012, 0.007]
[0.261, -0.009, 0.006]
[0.263, -0.007, 0.005]
[0.265, -0.002, 0.004]
[0.265, -0.002, 0.004]
[0.266, 0.001, 0.004]
[0.267, 0.004, 0.003]
[0.267, 0.007, 0.002]
[0.268, 0.01, 0.002]
[0.267, 0.013, 0.001]
[0.269, 0.015, 0.0]
[0.269, 0.018, 0.0]
[0.269, 0.02, -0.001]
[0.27, 0.022, -0.001]
[0.268, 0.023, -0.001]
[0.264, 0.025, 0.002]
[0.264, 0.025, 0.002]
[0.262, 0.026, 0.004]
[0.261, 0.027, 0.006]
[0.26, 0.028, 0.006]
[0.26, 0.03, 0.006]
[0.26, 0.031, 0.005]
[0.26, 0.032, 0.005]
[0.26, 0.033, 0.005]
[0.261, 0.034, 0.006]
[0.261, 0.036, 0.007]
[0.261, 0.036, 0.008]
[0.26, 0.038, 0.008]
[0.259, 0.039, 0.008]
[0.257, 0.039, 0.007]
[0.256, 0.04, 0.006]
[0.255, 0.04, 0.006]
[0.251, 0.041, 0.005]
[0.246, 0.042, 0.005]
[0.241, 0.042, 0.005]
[0.237, 0.044, 0.005]
[0.234, 0.045, 0.004]
[0.231, 0.046, 0.003]
[0.229, 0.047, 0.002]
[0.226, 0.048, 0.002]
[0.224, 0.049, 0.002]
[0.225, 0.049, 0.001]
[0.228, 0.05, 0.001]
[0.23, 0.051, 0.002]
[0.234, 0.051, 0.002]
[0.237, 0.051, 0.002]
[0.239, 0.051, 0.002]
[0.241, 0.052, 0.001]
[0.241, 0.053, 0.0]
[0.243, 0.054, -0.0]
[0.244, 0.055, -0.001]
[0.248, 0.055, -0.001]
[0.252, 0.055, -0.001]
[0.254, 0.054, 0.0]
[0.257, 0.054, 0.002]
[0.259, 0.053, 0.003]
[0.262, 0.052, 0.005]
[0.265, 0.052, 0.007]
[0.274, 0.052, 0.014]
[0.274, 0.052, 0.014]
[0.281, 0.053, 0.017]
[0.285, 0.052, 0.02]
[0.287, 0.051, 0.023]
[0.285, 0.05, 0.026]
[0.28, 0.049, 0.03]
[0.274, 0.048, 0.032]
[0.269, 0.048, 0.033]
[0.264, 0.048, 0.033]
[0.26, 0.047, 0.033]
[0.256, 0.048, 0.032]
[0.251, 0.048, 0.032]
[0.245, 0.049, 0.031]
[0.241, 0.049, 0.031]
[0.238, 0.05, 0.032]
[0.235, 0.05, 0.032]
[0.235, 0.051, 0.034]
[0.232, 0.052, 0.034]
[0.229, 0.052, 0.034]
[0.227, 0.053, 0.034]
[0.224, 0.053, 0.035]
[0.223, 0.054, 0.037]
[0.22, 0.055, 0.039]
[0.216, 0.057, 0.04]
[0.21, 0.059, 0.044]
[0.21, 0.059, 0.044]
[0.207, 0.059, 0.047]
[0.202, 0.06, 0.05]
[0.192, 0.06, 0.055]
[0.192, 0.06, 0.055]
[0.187, 0.061, 0.058]
[0.181, 0.063, 0.06]
[0.175, 0.065, 0.061]
[0.168, 0.067, 0.061]
[0.161, 0.069, 0.06]
[0.155, 0.07, 0.06]
[0.148, 0.072, 0.059]
[0.142, 0.072, 0.057]
[0.135, 0.072, 0.057]
[0.127, 0.072, 0.056]
[0.12, 0.072, 0.055]
[0.114, 0.071, 0.056]
[0.107, 0.072, 0.055]
[0.1, 0.072, 0.056]
[0.093, 0.073, 0.056]
[0.087, 0.073, 0.056]
[0.081, 0.074, 0.057]
[0.076, 0.074, 0.057]
[0.071, 0.075, 0.057]
[0.066, 0.076, 0.056]
[0.061, 0.076, 0.055]
[0.056, 0.077, 0.053]
[0.051, 0.078, 0.052]
[0.046, 0.079, 0.052]
[0.041, 0.08, 0.051]
[0.037, 0.081, 0.051]
[0.033, 0.081, 0.05]
[0.029, 0.082, 0.05]
[0.023, 0.083, 0.05]
[0.015, 0.084, 0.049]
[0.008, 0.086, 0.047]
[0.002, 0.088, 0.044]
[-0.003, 0.091, 0.043]
[-0.007, 0.094, 0.041]
[-0.009, 0.097, 0.042]
[-0.011, 0.1, 0.043]
[-0.012, 0.104, 0.045]
[-0.015, 0.107, 0.046]
[-0.019, 0.115, 0.049]
[-0.019, 0.115, 0.049]
[-0.02, 0.119, 0.051]
[-0.018, 0.123, 0.053]
[-0.021, 0.126, 0.053]
[-0.024, 0.129, 0.052]
[-0.029, 0.132, 0.051]
[-0.037, 0.134, 0.049]
[-0.043, 0.139, 0.045]
[-0.043, 0.139, 0.045]
[-0.045, 0.14, 0.042]
[-0.045, 0.142, 0.04]
[-0.047, 0.144, 0.038]
[-0.048, 0.147, 0.036]
[-0.048, 0.15, 0.034]
[-0.046, 0.152, 0.031]
[-0.044, 0.155, 0.029]
[-0.04, 0.158, 0.027]
[-0.037, 0.161, 0.026]
[-0.035, 0.164, 0.025]
[-0.029, 0.17, 0.026]
[-0.029, 0.17, 0.026]
[-0.027, 0.173, 0.026]
[-0.024, 0.175, 0.027]
[-0.022, 0.178, 0.027]
[-0.018, 0.181, 0.026]
[-0.014, 0.184, 0.025]
[-0.008, 0.187, 0.025]
[-0.002, 0.189, 0.026]
[0.003, 0.192, 0.028]
[0.007, 0.194, 0.029]
[0.01, 0.196, 0.031]
[0.013, 0.198, 0.032]
[0.017, 0.2, 0.033]
[0.02, 0.201, 0.035]
[0.023, 0.202, 0.037]
[0.025, 0.204, 0.039]
[0.026, 0.205, 0.041]
[0.026, 0.206, 0.042]
[0.026, 0.207, 0.043]
[0.026, 0.208, 0.045]
[0.027, 0.21, 0.048]
[0.028, 0.211, 0.051]
[0.029, 0.213, 0.053]
[0.031, 0.215, 0.054]
[0.033, 0.217, 0.053]
[0.035, 0.219, 0.051]
[0.037, 0.22, 0.051]
[0.038, 0.221, 0.051]
[0.041, 0.222, 0.051]
[0.043, 0.223, 0.051]
[0.045, 0.223, 0.05]
[0.045, 0.223, 0.049]
[0.045, 0.222, 0.048]
[0.045, 0.221, 0.047]
[0.048, 0.216, 0.043]
[0.048, 0.216, 0.043]
[0.05, 0.214, 0.042]
[0.051, 0.211, 0.041]
[0.053, 0.207, 0.039]
[0.054, 0.201, 0.035]
[0.053, 0.195, 0.03]
[0.052, 0.189, 0.023]
[0.048, 0.183, 0.016]
[0.047, 0.175, 0.005]
[0.041, 0.168, -0.005]
[0.036, 0.161, -0.016]
[0.03, 0.155, -0.023]
[0.024, 0.148, -0.029]
[0.02, 0.143, -0.032]
[0.015, 0.137, -0.035]
[0.011, 0.131, -0.038]
[0.005, 0.124, -0.04]
[-0.006, 0.112, -0.037]
[-0.006, 0.112, -0.037]
[-0.012, 0.107, -0.032]
[-0.016, 0.102, -0.029]
[-0.016, 0.098, -0.028]
[-0.015, 0.093, -0.029]
[-0.015, 0.089, -0.032]
[-0.017, 0.086, -0.036]
[-0.021, 0.083, -0.039]
[-0.032, 0.08, -0.044]
[-0.04, 0.075, -0.047]
[-0.051, 0.068, -0.052]
[-0.051, 0.068, -0.052]
[-0.052, 0.064, -0.052]
[-0.055, 0.06, -0.052]
[-0.062, 0.052, -0.054]
[-0.062, 0.052, -0.054]
[-0.069, 0.048, -0.056]
[-0.075, 0.043, -0.056]
[-0.086, 0.035, -0.054]
[-0.086, 0.035, -0.054]
[-0.087, 0.031, -0.052]
[-0.088, 0.027, -0.05]
[-0.088, 0.023, -0.047]
[-0.091, 0.019, -0.043]
[-0.093, 0.014, -0.039]
[-0.094, 0.009, -0.036]
[-0.092, 0.004, -0.031]
[-0.089, -0.001, -0.029]
[-0.087, -0.006, -0.026]
[-0.085, -0.012, -0.022]
[-0.083, -0.017, -0.019]
[-0.082, -0.021, -0.015]
[-0.08, -0.025, -0.011]
[-0.074, -0.029, -0.007]
[-0.07, -0.032, -0.004]
[-0.064, -0.035, -0.002]
[-0.06, -0.038, -0.0]
[-0.054, -0.044, 0.001]
[-0.054, -0.044, 0.001]
[-0.051, -0.048, 0.001]
[-0.045, -0.051, 0.002]
[-0.04, -0.053, 0.002]
[-0.037, -0.055, 0.002]
[-0.035, -0.057, -0.0]
[-0.034, -0.059, -0.003]
[-0.03, -0.063, -0.008]
[-0.03, -0.063, -0.008]
[-0.025, -0.065, -0.009]
[-0.02, -0.067, -0.009]
[-0.016, -0.069, -0.009]
[-0.013, -0.071, -0.009]
[-0.012, -0.073, -0.008]
[-0.014, -0.075, -0.008]
[-0.014, -0.077, -0.009]
[-0.014, -0.081, -0.011]
[-0.014, -0.081, -0.011]
[-0.012, -0.084, -0.011]
[-0.014, -0.086, -0.011]
[-0.014, -0.088, -0.011]
[-0.016, -0.09, -0.01]
[-0.016, -0.092, -0.01]
[-0.015, -0.093, -0.009]
[-0.016, -0.095, -0.009]
[-0.013, -0.096, -0.008]
[-0.01, -0.098, -0.007]
[-0.006, -0.099, -0.008]
[0.002, -0.099, -0.009]
[0.005, -0.099, -0.01]
[0.008, -0.098, -0.011]
[0.011, -0.098, -0.01]
[0.012, -0.098, -0.01]
[0.013, -0.097, -0.009]
[0.014, -0.097, -0.008]
[0.013, -0.096, -0.006]
[0.012, -0.095, -0.005]
[0.011, -0.094, -0.004]
[0.01, -0.093, -0.004]
[0.007, -0.09, -0.003]
[0.007, -0.09, -0.003]
[0.005, -0.089, -0.002]
[0.004, -0.087, -0.001]
[0.003, -0.085, -0.0]
[0.004, -0.082, 0.001]
[0.004, -0.08, 0.003]
[0.003, -0.078, 0.004]
[0.001, -0.076, 0.005]
[-0.0, -0.074, 0.005]
[-0.003, -0.072, 0.006]
[-0.006, -0.07, 0.006]
[-0.007, -0.069, 0.006]
[-0.006, -0.068, 0.007]
[-0.007, -0.066, 0.007]
[-0.006, -0.065, 0.008]
[-0.004, -0.065, 0.008]
[-0.003, -0.064, 0.008]
[0.001, -0.064, 0.009]
[0.003, -0.064, 0.009]
[0.003, -0.064, 0.01]
[0.003, -0.064, 0.01]
[0.003, -0.063, 0.011]
[0.001, -0.062, 0.012]
[0.001, -0.061, 0.014]
[0.003, -0.06, 0.014]
[0.007, -0.058, 0.016]
[0.011, -0.058, 0.019]
[0.015, -0.056, 0.024]
[0.018, -0.056, 0.029]
[0.023, -0.053, 0.036]
[0.023, -0.053, 0.036]
[0.029, -0.049, 0.036]
[0.031, -0.045, 0.036]
[0.033, -0.042, 0.036]
[0.036, -0.039, 0.036]
[0.035, -0.037, 0.039]
[0.037, -0.035, 0.043]
[0.039, -0.032, 0.046]
[0.04, -0.029, 0.048]
[0.041, -0.026, 0.05]
[0.04, -0.022, 0.05]
[0.035, -0.014, 0.049]
[0.035, -0.014, 0.049]
[0.032, -0.01, 0.047]
[0.028, -0.006, 0.046]
[0.027, -0.001, 0.044]
[0.027, 0.003, 0.044]
[0.031, 0.007, 0.043]
[0.035, 0.011, 0.044]
[0.042, 0.018, 0.044]
[0.042, 0.018, 0.044]
[0.044, 0.022, 0.044]
[0.045, 0.025, 0.044]
[0.045, 0.028, 0.045]
[0.046, 0.031, 0.044]
[0.047, 0.036, 0.043]
[0.047, 0.036, 0.043]
[0.048, 0.039, 0.043]
[0.05, 0.041, 0.045]
[0.051, 0.043, 0.046]
[0.055, 0.045, 0.046]
[0.055, 0.048, 0.046]
[0.055, 0.05, 0.048]
[0.055, 0.052, 0.051]
[0.055, 0.052, 0.051]
[0.056, 0.053, 0.053]
[0.057, 0.054, 0.052]
[0.061, 0.061, 0.05]
[0.061, 0.061, 0.05]
[0.062, 0.063, 0.049]
[0.062, 0.065, 0.047]
[0.062, 0.066, 0.045]
[0.061, 0.066, 0.043]
[0.062, 0.066, 0.041]
[0.063, 0.066, 0.039]
[0.063, 0.067, 0.038]
[0.064, 0.067, 0.037]
[0.065, 0.067, 0.036]
[0.065, 0.067, 0.036]
[0.065, 0.066, 0.035]
[0.064, 0.065, 0.033]
[0.064, 0.064, 0.03]
[0.064, 0.064, 0.03]
[0.064, 0.064, 0.029]
[0.065, 0.065, 0.029]
[0.066, 0.066, 0.028]
[0.07, 0.068, 0.028]
[0.07, 0.068, 0.028]
[0.071, 0.068, 0.028]
[0.073, 0.069, 0.028]
[0.075, 0.07, 0.028]
[0.075, 0.07, 0.028]
[0.077, 0.071, 0.03]
[0.078, 0.073, 0.032]
[0.08, 0.074, 0.034]
[0.078, 0.076, 0.038]
[0.078, 0.076, 0.038]
[0.076, 0.077, 0.04]
[0.074, 0.078, 0.042]
[0.073, 0.08, 0.045]
[0.073, 0.08, 0.045]
[0.075, 0.081, 0.045]
[0.076, 0.081, 0.044]
[0.076, 0.082, 0.042]
[0.076, 0.082, 0.042]
[0.075, 0.082, 0.041]
[0.075, 0.083, 0.041]
[0.076, 0.084, 0.04]
[0.078, 0.085, 0.04]
[0.079, 0.086, 0.041]
[0.08, 0.088, 0.043]
[0.078, 0.089, 0.044]
[0.077, 0.09, 0.046]
[0.075, 0.09, 0.046]
[0.073, 0.091, 0.047]
[0.072, 0.091, 0.047]
[0.071, 0.092, 0.047]
[0.072, 0.093, 0.047]
[0.073, 0.095, 0.047]
[0.075, 0.096, 0.049]
[0.075, 0.096, 0.049]
[0.077, 0.096, 0.049]
[0.078, 0.096, 0.047]
[0.079, 0.096, 0.046]
[0.08, 0.096, 0.045]
[0.08, 0.096, 0.045]
[0.082, 0.096, 0.045]
[0.083, 0.096, 0.046]
[0.084, 0.096, 0.047]
[0.084, 0.096, 0.048]
[0.083, 0.096, 0.05]
[0.083, 0.096, 0.052]
[0.083, 0.097, 0.054]
[0.083, 0.097, 0.055]
[0.084, 0.098, 0.056]
[0.089, 0.098, 0.06]
[0.089, 0.098, 0.06]
[0.093, 0.097, 0.063]
[0.097, 0.097, 0.066]
[0.101, 0.097, 0.067]
[0.101, 0.097, 0.067]
[0.101, 0.096, 0.065]
[0.102, 0.094, 0.065]
[0.103, 0.091, 0.065]
[0.103, 0.088, 0.065]
[0.102, 0.086, 0.063]
[0.1, 0.083, 0.063]
[0.1, 0.077, 0.059]
[0.1, 0.077, 0.059]
[0.101, 0.074, 0.056]
[0.101, 0.071, 0.052]
[0.101, 0.068, 0.05]
[0.102, 0.065, 0.047]
[0.102, 0.063, 0.045]
[0.103, 0.06, 0.043]
[0.103, 0.057, 0.042]
[0.102, 0.054, 0.041]
[0.102, 0.051, 0.04]
[0.102, 0.048, 0.04]
[0.103, 0.045, 0.038]
[0.102, 0.043, 0.037]
[0.1, 0.04, 0.036]
[0.1, 0.037, 0.035]
[0.098, 0.034, 0.034]
[0.098, 0.031, 0.033]
[0.1, 0.027, 0.032]
[0.103, 0.023, 0.03]
[0.111, 0.02, 0.028]
[0.115, 0.017, 0.026]
[0.118, 0.014, 0.022]
[0.117, 0.011, 0.018]
[0.115, 0.008, 0.013]
[0.113, 0.006, 0.008]
[0.113, 0.003, 0.005]
[0.114, -0.001, 0.001]
[0.117, -0.005, -0.004]
[0.121, -0.009, -0.007]
[0.125, -0.012, -0.01]
[0.13, -0.016, -0.011]
[0.131, -0.02, -0.012]
[0.132, -0.023, -0.012]
[0.132, -0.026, -0.012]
[0.131, -0.029, -0.011]
[0.131, -0.031, -0.011]
[0.131, -0.033, -0.01]
[0.129, -0.034, -0.01]
[0.126, -0.035, -0.01]
[0.124, -0.036, -0.011]
[0.121, -0.037, -0.01]
[0.117, -0.038, -0.009]
[0.114, -0.038, -0.009]
[0.111, -0.038, -0.009]
[0.108, -0.038, -0.009]
[0.108, -0.038, -0.009]
[0.108, -0.038, -0.009]
[0.108, -0.037, -0.008]
[0.108, -0.037, -0.007]
[0.108, -0.037, -0.006]
[0.108, -0.037, -0.004]
[0.108, -0.036, -0.003]
[0.109, -0.036, -0.002]
[0.109, -0.035, -0.001]
[0.11, -0.034, 0.0]
[0.11, -0.033, 0.001]
[0.11, -0.033, 0.002]
[0.108, -0.032, 0.003]
[0.104, -0.031, 0.004]
[0.101, -0.029, 0.005]
[0.1, -0.027, 0.005]
[0.101, -0.025, 0.005]
[0.102, -0.023, 0.006]
[0.103, -0.022, 0.007]
[0.104, -0.02, 0.008]
[0.105, -0.018, 0.009]
[0.105, -0.016, 0.01]
[0.105, -0.013, 0.01]
[0.106, -0.01, 0.013]
[0.104, -0.006, 0.016]
[0.103, -0.002, 0.018]
[0.103, 0.005, 0.023]
[0.103, 0.005, 0.023]
[0.104, 0.009, 0.026]
[0.107, 0.014, 0.029]
[0.112, 0.022, 0.035]
[0.112, 0.022, 0.035]
[0.116, 0.027, 0.038]
[0.119, 0.031, 0.04]
[0.121, 0.035, 0.041]
[0.123, 0.039, 0.041]
[0.123, 0.043, 0.041]
[0.122, 0.047, 0.04]
[0.121, 0.051, 0.041]
[0.122, 0.056, 0.042]
[0.124, 0.06, 0.043]
[0.13, 0.064, 0.046]
[0.135, 0.068, 0.047]
[0.142, 0.071, 0.047]
[0.147, 0.075, 0.046]
[0.15, 0.078, 0.043]
[0.154, 0.081, 0.041]
[0.157, 0.085, 0.04]
[0.16, 0.09, 0.041]
[0.16, 0.094, 0.041]
[0.161, 0.098, 0.041]
[0.162, 0.101, 0.041]
[0.164, 0.103, 0.041]
[0.167, 0.105, 0.04]
[0.169, 0.106, 0.039]
[0.171, 0.107, 0.037]
[0.171, 0.108, 0.035]
[0.17, 0.108, 0.032]
[0.168, 0.108, 0.029]
[0.167, 0.108, 0.026]
[0.165, 0.108, 0.023]
[0.163, 0.107, 0.021]
[0.159, 0.107, 0.019]
[0.153, 0.106, 0.017]
[0.147, 0.105, 0.016]
[0.142, 0.104, 0.014]
[0.139, 0.102, 0.013]
[0.137, 0.102, 0.013]
[0.136, 0.101, 0.012]
[0.135, 0.101, 0.012]
[0.127, 0.101, 0.008]
[0.127, 0.101, 0.008]
[0.122, 0.102, 0.005]
[0.117, 0.102, 0.003]
[0.112, 0.101, 0.001]
[0.108, 0.101, 0.001]
[0.103, 0.1, 0.001]
[0.1, 0.1, 0.001]
[0.098, 0.099, 0.002]
[0.095, 0.098, 0.002]
[0.093, 0.097, 0.001]
[0.091, 0.096, -0.0]
[0.089, 0.094, -0.002]
[0.088, 0.093, -0.004]
[0.087, 0.091, -0.005]
[0.085, 0.09, -0.007]
[0.083, 0.088, -0.008]
[0.081, 0.087, -0.009]
[0.081, 0.086, -0.01]
[0.081, 0.085, -0.012]
[0.081, 0.083, -0.014]
[0.08, 0.081, -0.017]
[0.079, 0.079, -0.018]
[0.077, 0.078, -0.02]
[0.075, 0.077, -0.021]
[0.075, 0.076, -0.022]
[0.075, 0.075, -0.023]
[0.076, 0.074, -0.024]
[0.077, 0.073, -0.024]
[0.077, 0.072, -0.025]
[0.076, 0.071, -0.025]
[0.076, 0.07, -0.026]
[0.077, 0.068, -0.027]
[0.078, 0.067, -0.027]
[0.08, 0.066, -0.027]
[0.08, 0.064, -0.028]
[0.083, 0.061, -0.027]
[0.083, 0.061, -0.027]
[0.086, 0.058, -0.028]
[0.088, 0.055, -0.027]
[0.088, 0.049, -0.025]
[0.088, 0.049, -0.025]
[0.085, 0.047, -0.024]
[0.083, 0.046, -0.024]
[0.082, 0.045, -0.024]
[0.077, 0.044, -0.026]
[0.072, 0.043, -0.028]
[0.067, 0.044, -0.03]
[0.062, 0.044, -0.032]
[0.057, 0.046, -0.034]
[0.054, 0.048, -0.038]
[0.053, 0.05, -0.041]
[0.054, 0.051, -0.045]
[0.056, 0.052, -0.049]
[0.058, 0.052, -0.052]
[0.061, 0.052, -0.055]
[0.06, 0.053, -0.057]
[0.06, 0.055, -0.058]
[0.059, 0.059, -0.06]
[0.057, 0.064, -0.062]
[0.053, 0.069, -0.064]
[0.052, 0.074, -0.066]
[0.052, 0.078, -0.069]
[0.053, 0.081, -0.072]
[0.056, 0.085, -0.075]
[0.058, 0.088, -0.079]
[0.057, 0.091, -0.081]
[0.055, 0.093, -0.084]
[0.051, 0.096, -0.087]
[0.045, 0.097, -0.09]
[0.042, 0.097, -0.092]
[0.038, 0.098, -0.093]
[0.036, 0.097, -0.094]
[0.036, 0.097, -0.093]
[0.036, 0.095, -0.091]
[0.033, 0.093, -0.089]
[0.029, 0.089, -0.086]
[0.025, 0.086, -0.085]
[0.021, 0.084, -0.084]
[0.018, 0.082, -0.083]
[0.015, 0.079, -0.083]
[0.014, 0.076, -0.084]
[0.012, 0.073, -0.086]
[0.011, 0.07, -0.088]
[0.009, 0.066, -0.091]
[0.004, 0.061, -0.094]
[0.001, 0.056, -0.096]
[0.0, 0.052, -0.098]
[-0.0, 0.047, -0.1]
[-0.001, 0.042, -0.102]
[-0.003, 0.037, -0.105]
[-0.007, 0.033, -0.108]
[-0.009, 0.029, -0.111]
[-0.011, 0.025, -0.113]
[-0.013, 0.021, -0.113]
[-0.015, 0.018, -0.113]
[-0.017, 0.014, -0.113]
[-0.019, 0.01, -0.114]
[-0.02, 0.005, -0.115]
[-0.021, 0.0, -0.115]
[-0.021, -0.004, -0.115]
[-0.02, -0.007, -0.113]
[-0.019, -0.009, -0.111]
[-0.016, -0.011, -0.107]
[-0.011, -0.013, -0.103]
[0.001, -0.016, -0.094]
[0.001, -0.016, -0.094]
[0.003, -0.017, -0.091]
[-0.0, -0.019, -0.088]
[-0.005, -0.022, -0.083]
[-0.005, -0.022, -0.083]
[-0.003, -0.025, -0.081]
[-0.001, -0.029, -0.08]
[0.002, -0.034, -0.08]
[0.003, -0.038, -0.079]
[0.003, -0.044, -0.077]
[0.004, -0.048, -0.072]
[0.005, -0.052, -0.067]
[0.007, -0.055, -0.063]
[0.009, -0.058, -0.059]
[0.01, -0.059, -0.055]
[0.01, -0.06, -0.054]
[0.01, -0.06, -0.052]
[0.01, -0.06, -0.049]
[0.011, -0.06, -0.048]
[0.012, -0.061, -0.047]
[0.014, -0.062, -0.047]
[0.015, -0.063, -0.047]
[0.018, -0.065, -0.048]
[0.023, -0.067, -0.049]
[0.029, -0.069, -0.053]
[0.036, -0.07, -0.058]
[0.044, -0.072, -0.061]
[0.047, -0.073, -0.065]
[0.049, -0.074, -0.067]
[0.051, -0.074, -0.07]
[0.051, -0.073, -0.078]
[0.051, -0.071, -0.091]
[0.044, -0.066, -0.109]
[0.037, -0.062, -0.128]
[0.028, -0.057, -0.145]
[0.025, -0.055, -0.156]
[0.022, -0.051, -0.166]
[0.023, -0.048, -0.176]
[0.027, -0.045, -0.185]
[0.031, -0.042, -0.194]
[0.036, -0.038, -0.202]
[0.042, -0.035, -0.21]
[0.048, -0.032, -0.217]
[0.06, -0.022, -0.236]
[0.06, -0.022, -0.236]
[0.068, -0.017, -0.245]
[0.074, -0.014, -0.252]
[0.085, -0.01, -0.264]
[0.085, -0.01, -0.264]
[0.088, -0.008, -0.268]
[0.088, -0.006, -0.27]
[0.089, -0.002, -0.272]
[0.088, 0.002, -0.273]
[0.087, 0.006, -0.272]
[0.088, 0.011, -0.271]
[0.088, 0.014, -0.268]
[0.092, 0.017, -0.263]
[0.096, 0.02, -0.261]
[0.102, 0.024, -0.258]
[0.103, 0.029, -0.253]
[0.099, 0.033, -0.242]
[0.088, 0.037, -0.225]
[0.08, 0.041, -0.206]
[0.077, 0.044, -0.183]
[0.079, 0.045, -0.154]
[0.082, 0.047, -0.127]
[0.087, 0.048, -0.097]
[0.088, 0.05, -0.073]
[0.092, 0.053, -0.053]
[0.096, 0.056, -0.035]
[0.1, 0.059, -0.019]
[0.103, 0.062, -0.006]
[0.104, 0.065, 0.003]
[0.107, 0.069, 0.012]
[0.109, 0.072, 0.018]
[0.112, 0.074, 0.023]
[0.114, 0.077, 0.027]
[0.116, 0.08, 0.03]
[0.117, 0.082, 0.032]
[0.117, 0.085, 0.034]
[0.115, 0.088, 0.035]
[0.115, 0.09, 0.033]
[0.114, 0.092, 0.03]
[0.113, 0.095, 0.024]
[0.112, 0.097, 0.018]
[0.11, 0.099, 0.011]
[0.108, 0.101, 0.006]
[0.106, 0.104, -0.0]
[0.103, 0.106, -0.006]
[0.099, 0.109, -0.013]
[0.094, 0.111, -0.02]
[0.09, 0.114, -0.027]
[0.086, 0.117, -0.034]
