A0
A1
A2
A3
A4
A5
A6
A7
A8
A9
A10
A11
A12
A13
A14
A15
A16
A17
A18
A19
A20
A21
A22
A23
A24
A25
A26
A27
A28
--- [0.87, 0.67, 1.0, 1.0, 0.24, 0.24, 0.05, 0.13, 0.51, 0.54, 0.4, 0.38, 0.0, -0.0, 1.0, 0.21, 0.75, 0.6, 0.49, 0.8, 0.75, 0.46, 0.86, 0.55, 0.43, 0.55, 0.45, 0.0, 0.5, 99, 99, 99]
into servo loop...
start test new
list:  [0.49, 0.49, 0.91, 0.91, 1, 1, 0.16199999999999998, 0.16199999999999998, 0.42, 0.42, 0.34, 0.38, 0.05999999999999989, 0, 1, 0.23, 0.98, 0.63, 0.27, 0.98, 0.98, 0.27, 0.27, 0.59, 0.43, 0.55, 0.46, 0.01, 0.53, 99, 99, 99]
--- num:  29
list:  [0.32, 0.32, 0.5, 0.5, 1, 1, 0.16199999999999998, 0.16199999999999998, 0.39, 0.39, 0.35, 0.37, 0.14999999999999997, 0.10499999999999993, 1, 0.26, 0.895, 0.65, 0.26, 0.89, 0.9, 0.26, 0.26, 0.65, 0.41, 0.62, 0.42, 0.05, 0.63, 99, 99, 99]
--- num:  29
list:  [0.45, 0.45, 0.81, 0.81, 1, 1, 0.3410353171825409, 0.3381990599632263, 0.29, 0.29, 0.36, 0.36, 0.08999999999999991, 0.05999999999999989, 1, 0.23, 0.985, 0.64, 0.29, 0.98, 0.99, 0.29, 0.29, 0.61, 0.42, 0.59, 0.43, 0.02, 0.57, 99, 99, 99]
--- num:  29
list:  [0.48, 0.48, 0.89, 0.89, 1, 1, 0.16199999999999998, 0.16199999999999998, 0.36, 0.36, 0.35, 0.36, 0.0749999999999999, 0.04499999999999987, 1, 0.23, 0.97, 0.64, 0.27, 0.97, 0.97, 0.27, 0.27, 0.6, 0.43, 0.58, 0.44, 0.02, 0.52, 99, 99, 99]
--- num:  29
list:  [0.48, 0.48, 0.89, 0.89, 1, 1, 0.16199999999999998, 0.16199999999999998, 0.37, 0.37, 0.34, 0.37, 0.0749999999999999, 0.04499999999999987, 1, 0.23, 0.98, 0.64, 0.27, 0.98, 0.98, 0.27, 0.27, 0.6, 0.43, 0.58, 0.44, 0.02, 0.52, 99, 99, 99]
--- num:  29
list:  [0.56, 0.56, 1, 1, 0.97, 0.97, 0.6587300109863281, 0.6562793660163879, 0.19, 0.19, 0.35, 0.38, 0.08999999999999991, 0.0749999999999999, 1, 0.26, 0.945, 0.66, 0.31, 0.94, 0.95, 0.31, 0.31, 0.61, 0.42, 0.6, 0.43, 0.02, 0.51, 99, 99, 99]
--- num:  29
list:  [0.42, 0.42, 0.74, 0.74, 1, 1, 0.16199999999999998, 0.16199999999999998, 0.35, 0.35, 0.35, 0.37, 0.08999999999999991, 0.0749999999999999, 1, 0.25, 0.96, 0.65, 0.28, 0.96, 0.96, 0.28, 0.28, 0.61, 0.42, 0.6, 0.43, 0.02, 0.5, 99, 99, 99]
--- num:  29
list:  [0.42, 0.42, 0.73, 0.73, 1, 1, 0.16199999999999998, 0.16199999999999998, 0.38, 0.38, 0.35, 0.37, 0.08999999999999991, 0.0749999999999999, 1, 0.24, 0.97, 0.64, 0.27, 0.97, 0.97, 0.27, 0.27, 0.61, 0.42, 0.6, 0.43, 0.02, 0.5, 99, 99, 99]
--- num:  29
list:  [0.42, 0.42, 0.74, 0.74, 1, 1, 0.24359984278678892, 0.24295527815818785, 0.35, 0.35, 0.35, 0.36, 0.08999999999999991, 0.05999999999999989, 1, 0.24, 0.98, 0.64, 0.29, 0.98, 0.98, 0.29, 0.29, 0.61, 0.42, 0.59, 0.43, 0.02, 0.46, 99, 99, 99]
--- num:  29
list:  [0.56, 0.56, 1, 1, 0.98, 0.98, 0.3715107250213623, 0.3701694118976593, 0.27, 0.27, 0.34, 0.38, 0.10499999999999993, 0.08999999999999991, 1, 0.28, 0.935, 0.67, 0.32, 0.93, 0.94, 0.32, 0.32, 0.62, 0.42, 0.61, 0.42, 0.02, 0.46, 99, 99, 99]
--- num:  29
list:  [0.42, 0.42, 0.74, 0.74, 1, 1, 0.16199999999999998, 0.16199999999999998, 0.41, 0.41, 0.34, 0.38, 0.08999999999999991, 0.0749999999999999, 1, 0.25, 0.97, 0.65, 0.27, 0.97, 0.97, 0.27, 0.27, 0.61, 0.42, 0.6, 0.43, 0.02, 0.46, 99, 99, 99]
--- num:  29
list:  [0.43, 0.43, 0.76, 0.76, 1, 1, 0.16199999999999998, 0.16199999999999998, 0.42, 0.42, 0.33, 0.39, 0.08999999999999991, 0.05999999999999989, 1, 0.24, 0.98, 0.64, 0.27, 0.98, 0.98, 0.27, 0.27, 0.61, 0.42, 0.59, 0.43, 0.02, 0.47, 99, 99, 99]
--- num:  29
list:  [0.43, 0.43, 0.76, 0.76, 1, 1, 0.16199999999999998, 0.16199999999999998, 0.44, 0.44, 0.33, 0.39, 0.0749999999999999, 0.02999999999999986, 1, 0.23, 0.98, 0.64, 0.27, 0.98, 0.98, 0.27, 0.27, 0.6, 0.43, 0.57, 0.44, 0.02, 0.47, 99, 99, 99]
--- num:  29
list:  [0.43, 0.43, 0.77, 0.77, 1, 1, 0.16199999999999998, 0.16199999999999998, 0.47, 0.47, 0.34, 0.38, 0.05999999999999989, 0.02999999999999986, 1, 0.23, 0.98, 0.63, 0.26, 0.98, 0.98, 0.26, 0.26, 0.59, 0.43, 0.57, 0.44, 0.02, 0.5, 99, 99, 99]
--- num:  29
list:  [0.43, 0.43, 0.76, 0.76, 1, 1, 0.16199999999999998, 0.16199999999999998, 0.45, 0.45, 0.34, 0.39, 0.0749999999999999, 0.02999999999999986, 1, 0.23, 0.985, 0.63, 0.27, 0.98, 0.99, 0.27, 0.27, 0.6, 0.43, 0.57, 0.44, 0.02, 0.53, 99, 99, 99]
--- num:  29
list:  [0.44, 0.44, 0.8, 0.8, 1, 1, 0.16199999999999998, 0.16199999999999998, 0.45, 0.45, 0.35, 0.38, 0.0749999999999999, 0.02999999999999986, 1, 0.22, 0.99, 0.63, 0.26, 0.99, 0.99, 0.26, 0.26, 0.6, 0.43, 0.57, 0.44, 0.02, 0.55, 99, 99, 99]
--- num:  29
list:  [0.42, 0.42, 0.74, 0.74, 1, 1, 0.2947221505641937, 0.2926329481601715, 0.31, 0.31, 0.37, 0.35, 0.0749999999999999, 0.05999999999999989, 1, 0.23, 0.975, 0.64, 0.28, 0.97, 0.98, 0.28, 0.28, 0.6, 0.43, 0.59, 0.43, 0.02, 0.55, 99, 99, 99]
--- num:  29
list:  [0.46, 0.46, 0.83, 0.83, 1, 1, 0.16199999999999998, 0.16199999999999998, 0.36, 0.36, 0.37, 0.35, 0.0749999999999999, 0.05999999999999989, 1, 0.23, 0.98, 0.63, 0.26, 0.98, 0.98, 0.26, 0.26, 0.6, 0.43, 0.59, 0.43, 0.02, 0.55, 99, 99, 99]
--- num:  29
list:  [0.49, 0.49, 0.9, 0.9, 1, 1, 0.16199999999999998, 0.16199999999999998, 0.35, 0.35, 0.37, 0.35, 0.0749999999999999, 0.05999999999999989, 1, 0.22, 0.98, 0.63, 0.26, 0.98, 0.98, 0.26, 0.26, 0.6, 0.43, 0.59, 0.43, 0.01, 0.55, 99, 99, 99]
--- num:  29
list:  [0.49, 0.49, 0.91, 0.91, 1, 1, 0.16199999999999998, 0.16199999999999998, 0.35, 0.35, 0.37, 0.36, 0.08999999999999991, 0.05999999999999989, 1, 0.22, 0.985, 0.63, 0.26, 0.98, 0.99, 0.26, 0.26, 0.61, 0.42, 0.59, 0.43, 0.01, 0.54, 99, 99, 99]
--- num:  29
list:  [0.56, 0.56, 1, 1, 0.98, 0.98, 0.6576038408279419, 0.6108923363685608, 0.22, 0.22, 0.37, 0.36, 0.13499999999999995, 0.13499999999999995, 1, 0.27, 0.95, 0.67, 0.32, 0.95, 0.95, 0.32, 0.32, 0.64, 0.41, 0.64, 0.41, 0.03, 0.53, 99, 99, 99]
--- num:  29
list:  [0.57, 0.57, 1, 1, 0.97, 0.97, 0.25873259782791136, 0.25836158871650694, 0.31, 0.31, 0.35, 0.38, 0.81, 0.81, 0.75, 0.28, 0.755, 0.67, 0.56, 0.76, 0.75, 0.56, 0.56, 1.09, 0.21, 1.09, 0.21, 0.12, 0.45, 99, 99, 99]
--- num:  29
list:  [0.56, 0.56, 1, 1, 0.97, 0.97, 0.16199999999999998, 0.16199999999999998, 0.34, 0.34, 0.33, 0.39, 0.81, 0.81, 0.75, 0.25, 0.605, 0.65, 0.56, 0.61, 0.6, 0.56, 0.56, 1.09, 0.21, 1.09, 0.21, 0.12, 0.4, 99, 99, 99]
--- num:  29
list:  [0.56, 0.56, 1, 1, 0.98, 0.98, 0.16199999999999998, 0.16199999999999998, 0.4, 0.4, 0.33, 0.39, 0.81, 0.81, 0.75, 0.24, 0.55, 0.64, 0.56, 0.56, 0.54, 0.56, 0.56, 1.09, 0.21, 1.09, 0.21, 0.12, 0.37, 99, 99, 99]
--- num:  29
list:  [0.31, 0.31, 0.48, 0.48, 1, 1, 0.16199999999999998, 0.16199999999999998, 0.43, 0.43, 0.33, 0.39, 0.81, 0.81, 0.75, 0.24, 0.55, 0.64, 0.56, 0.56, 0.54, 0.56, 0.56, 1.09, 0.21, 1.09, 0.21, 0.12, 0.38, 99, 99, 99]
--- num:  29
list:  [0.3, 0.3, 0.47, 0.47, 1, 1, 0.16199999999999998, 0.16199999999999998, 0.43, 0.43, 0.33, 0.39, 0.81, 0.81, 0.75, 0.24, 0.52, 0.64, 0.56, 0.53, 0.51, 0.56, 0.56, 1.09, 0.21, 1.09, 0.21, 0.13, 0.37, 99, 99, 99]
--- num:  29
list:  [0.3, 0.3, 0.46, 0.46, 1, 1, 0.16199999999999998, 0.16199999999999998, 0.41, 0.41, 0.34, 0.38, 0.81, 0.81, 0.75, 0.24, 0.47, 0.64, 0.56, 0.48, 0.45999999999999996, 0.56, 0.56, 1.09, 0.21, 1.09, 0.21, 0.14, 0.33, 99, 99, 99]
--- num:  29
list:  [0.31, 0.31, 0.48, 0.48, 1, 1, 0.16199999999999998, 0.16199999999999998, 0.39, 0.39, 0.35, 0.38, 0.81, 0.81, 0.75, 0.24, 0.445, 0.64, 0.56, 0.45, 0.44, 0.56, 0.56, 1.09, 0.21, 1.09, 0.21, 0.15, 0.32, 99, 99, 99]
--- num:  29
list:  [0.28, 0.28, 0.41, 0.41, 1, 1, 0.16199999999999998, 0.16199999999999998, 0.39, 0.39, 0.45, 0.28, 0.81, 0.81, 0.75, 0.24, 0.42500000000000004, 0.64, 0.56, 0.43, 0.42000000000000004, 0.56, 0.56, 1.09, 0.21, 1.09, 0.21, 0.15, 0.31, 99, 99, 99]
--- num:  29
list:  [0.3, 0.3, 0.47, 0.47, 1, 1, 0.16199999999999998, 0.16199999999999998, 0.37, 0.37, 0.4, 0.32, 0.81, 0.81, 0.75, 0.24, 0.43, 0.64, 0.56, 0.43, 0.43, 0.56, 0.56, 1.09, 0.21, 1.09, 0.21, 0.17, 0.3, 99, 99, 99]
--- num:  29
list:  [0.31, 0.31, 0.48, 0.48, 1, 1, 0.16199999999999998, 0.16199999999999998, 0.36, 0.36, 0.39, 0.34, 0.81, 0.81, 0.75, 0.24, 0.43, 0.64, 0.56, 0.43, 0.43, 0.56, 0.56, 1.09, 0.21, 1.09, 0.21, 0.19, 0.28, 99, 99, 99]
--- num:  29
list:  [0.32, 0.32, 0.5, 0.5, 1, 1, 0.16199999999999998, 0.16199999999999998, 0.36, 0.36, 0.38, 0.34, 0.81, 0.81, 0.75, 0.24, 0.42500000000000004, 0.64, 0.56, 0.42000000000000004, 0.43, 0.56, 0.56, 1.09, 0.21, 1.09, 0.21, 0.2, 0.26, 99, 99, 99]
--- num:  29
list:  [0.55, 0.55, 1, 1, 0.98, 0.98, 0.16199999999999998, 0.16199999999999998, 0.38, 0.38, 0.36, 0.36, 0.81, 0.81, 0.75, 0.24, 0.435, 0.64, 0.56, 0.43, 0.44, 0.56, 0.56, 1.09, 0.21, 1.09, 0.21, 0.2, 0.24, 99, 99, 99]
--- num:  29
list:  [0.55, 0.55, 1, 1, 0.98, 0.98, 0.21986224830150602, 0.21980082571506498, 0.36, 0.36, 0.31, 0.41, 0.81, 0.81, 0.75, 0.24, 0.45499999999999996, 0.64, 0.56, 0.45, 0.45999999999999996, 0.56, 0.56, 1.09, 0.21, 1.09, 0.21, 0.21, 0.24, 99, 99, 99]
--- num:  29
list:  [0.56, 0.56, 1, 1, 0.98, 0.98, 0.22014404416084288, 0.22015145003795622, 0.35, 0.35, 0.3, 0.42, 0.81, 0.81, 0.75, 0.24, 0.41000000000000003, 0.64, 0.56, 0.41000000000000003, 0.41000000000000003, 0.56, 0.56, 1.09, 0.21, 1.09, 0.21, 0.22, 0.23, 99, 99, 99]
--- num:  29
list:  [0.55, 0.55, 1, 1, 0.98, 0.98, 0.16199999999999998, 0.16199999999999998, 0.4, 0.4, 0.34, 0.38, 0.81, 0.81, 0.75, 0.24, 0.41500000000000004, 0.64, 0.56, 0.42000000000000004, 0.41000000000000003, 0.56, 0.56, 1.09, 0.21, 1.09, 0.21, 0.21, 0.19, 99, 99, 99]
--- num:  29
list:  [0.3, 0.3, 0.47, 0.47, 1, 1, 0.16199999999999998, 0.16199999999999998, 0.42, 0.42, 0.4, 0.32, 0.81, 0.81, 0.75, 0.24, 0.385, 0.64, 0.56, 0.4, 0.37, 0.56, 0.56, 1.09, 0.21, 1.09, 0.21, 0.21, 0.11, 99, 99, 99]
--- num:  29
list:  [0.27, 0.27, 0.39, 0.39, 1, 1, 0.16199999999999998, 0.16199999999999998, 0.42, 0.42, 0.45, 0.27, 0.81, 0.81, 0.75, 0.24, 0.38, 0.64, 0.56, 0.4, 0.36, 0.56, 0.56, 1.09, 0.21, 1.09, 0.21, 0.21, 0.09, 99, 99, 99]
--- num:  29
list:  [0.26, 0.26, 0.38, 0.38, 1, 1, 0.16199999999999998, 0.16199999999999998, 0.42, 0.42, 0.46, 0.26, 0.81, 0.81, 0.75, 0.24, 0.37, 0.64, 0.56, 0.39, 0.35, 0.56, 0.56, 1.09, 0.21, 1.09, 0.21, 0.21, 0.07, 99, 99, 99]
--- num:  29
list:  [0.27, 0.27, 0.39, 0.39, 1, 1, 0.16199999999999998, 0.16199999999999998, 0.43, 0.43, 0.45, 0.27, 0.81, 0.81, 0.75, 0.24, 0.39, 0.64, 0.56, 0.41000000000000003, 0.37, 0.56, 0.56, 1.09, 0.21, 1.09, 0.21, 0.21, 0.06, 99, 99, 99]
--- num:  29
list:  [0.3, 0.3, 0.46, 0.46, 1, 1, 0.16199999999999998, 0.16199999999999998, 0.43, 0.43, 0.41, 0.31, 0.81, 0.81, 0.75, 0.24, 0.43000000000000005, 0.64, 0.56, 0.45, 0.41000000000000003, 0.56, 0.56, 1.09, 0.21, 1.09, 0.21, 0.22, 0.07, 99, 99, 99]
--- num:  29
list:  [0.56, 0.56, 1, 1, 0.98, 0.98, 0.7021763134002685, 0.6892916965484619, 0.24, 0.24, 0.34, 0.39, 0.81, 0.81, 0.75, 0.24, 0.4, 0.64, 0.56, 0.41000000000000003, 0.39, 0.56, 0.56, 1.09, 0.21, 1.09, 0.21, 0.19, 0.15, 99, 99, 99]
--- num:  29
list:  [0.56, 0.56, 1, 1, 0.98, 0.98, 0.16199999999999998, 0.16199999999999998, 0.42, 0.42, 0.25, 0.47, 0.81, 0.81, 0.75, 0.24, 0.46499999999999997, 0.64, 0.56, 0.47, 0.45999999999999996, 0.56, 0.56, 1.09, 0.21, 1.09, 0.21, 0.19, 0.18, 99, 99, 99]
--- num:  29
list:  [0.32, 0.32, 0.52, 0.52, 1, 1, 0.16199999999999998, 0.16199999999999998, 0.45, 0.45, 0.21, 0.51, 0.81, 0.81, 0.75, 0.24, 0.485, 0.64, 0.56, 0.49, 0.48, 0.56, 0.56, 1.09, 0.21, 1.09, 0.21, 0.21, 0.19, 99, 99, 99]
--- num:  29
list:  [0.32, 0.32, 0.52, 0.52, 1, 1, 0.16199999999999998, 0.16199999999999998, 0.46, 0.46, 0.17, 0.55, 0.81, 0.81, 0.75, 0.24, 0.47, 0.64, 0.56, 0.47, 0.47, 0.56, 0.56, 1.09, 0.21, 1.09, 0.21, 0.2, 0.21, 99, 99, 99]
--- num:  29
list:  [0.32, 0.32, 0.52, 0.52, 1, 1, 0.16199999999999998, 0.16199999999999998, 0.46, 0.46, 0.15, 0.58, 0.81, 0.81, 0.75, 0.24, 0.47, 0.64, 0.56, 0.47, 0.47, 0.56, 0.56, 1.09, 0.21, 1.09, 0.21, 0.19, 0.22, 99, 99, 99]
--- num:  29
list:  [0.32, 0.32, 0.52, 0.52, 1, 1, 0.16199999999999998, 0.16199999999999998, 0.45, 0.45, 0.14, 0.59, 0.81, 0.81, 0.75, 0.24, 0.475, 0.64, 0.56, 0.47, 0.48, 0.56, 0.56, 1.09, 0.21, 1.09, 0.21, 0.19, 0.24, 99, 99, 99]
--- num:  29
list:  [0.56, 0.56, 1, 1, 0.98, 0.98, 0.6840971517562866, 0.5977837252616882, 0.27, 0.27, 0.14, 0.58, 0.81, 0.81, 0.75, 0.24, 0.44499999999999995, 0.64, 0.56, 0.43, 0.45999999999999996, 0.56, 0.56, 1.09, 0.21, 1.09, 0.21, 0.2, 0.29, 99, 99, 99]
--- num:  29
list:  [0.56, 0.56, 1, 1, 0.98, 0.98, 0.16199999999999998, 0.16199999999999998, 0.4, 0.4, 0.13, 0.6, 0.81, 0.81, 0.75, 0.24, 0.46499999999999997, 0.64, 0.56, 0.45999999999999996, 0.47, 0.56, 0.56, 1.09, 0.21, 1.09, 0.21, 0.21, 0.29, 99, 99, 99]
--- num:  29
list:  [0.56, 0.56, 1, 1, 0.98, 0.98, 0.16199999999999998, 0.16199999999999998, 0.41, 0.41, 0.16, 0.56, 0.81, 0.81, 0.75, 0.24, 0.52, 0.64, 0.56, 0.52, 0.52, 0.56, 0.56, 1.09, 0.21, 1.09, 0.21, 0.22, 0.29, 99, 99, 99]
--- num:  29
list:  [0.56, 0.56, 1, 1, 0.98, 0.98, 0.16199999999999998, 0.16199999999999998, 0.41, 0.41, 0.19, 0.54, 0.81, 0.81, 0.75, 0.24, 0.525, 0.64, 0.56, 0.52, 0.53, 0.56, 0.56, 1.09, 0.21, 1.09, 0.21, 0.22, 0.29, 99, 99, 99]
--- num:  29
list:  [0.56, 0.56, 1, 1, 0.98, 0.98, 0.327508430480957, 0.3264233875274658, 0.32, 0.32, 0.28, 0.44, 0.81, 0.81, 0.75, 0.24, 0.52, 0.64, 0.56, 0.51, 0.53, 0.56, 0.56, 1.09, 0.21, 1.09, 0.21, 0.23, 0.28, 99, 99, 99]
--- num:  29
list:  [0.56, 0.56, 1, 1, 0.98, 0.98, 0.32952807426452635, 0.32951207041740416, 0.31, 0.31, 0.35, 0.38, 0.81, 0.81, 0.75, 0.24, 0.45, 0.64, 0.56, 0.45, 0.45, 0.56, 0.56, 1.09, 0.21, 1.09, 0.21, 0.22, 0.19, 99, 99, 99]
--- num:  29
list:  [0.56, 0.56, 1, 1, 0.98, 0.98, 0.16199999999999998, 0.16199999999999998, 0.37, 0.37, 0.39, 0.34, 0.81, 0.81, 0.75, 0.24, 0.45, 0.65, 0.56, 0.45, 0.45, 0.56, 0.56, 1.09, 0.21, 1.09, 0.21, 0.2, 0.14, 99, 99, 99]
--- num:  29
list:  [0.56, 0.56, 1, 1, 0.98, 0.98, 0.16199999999999998, 0.16199999999999998, 0.37, 0.37, 0.39, 0.33, 0.81, 0.81, 0.75, 0.25, 0.45, 0.65, 0.56, 0.45, 0.45, 0.56, 0.56, 1.09, 0.21, 1.09, 0.21, 0.19, 0.15, 99, 99, 99]
--- num:  29
list:  [0.56, 0.56, 1, 1, 0.98, 0.98, 0.16199999999999998, 0.16199999999999998, 0.37, 0.37, 0.39, 0.33, 0.81, 0.81, 0.75, 0.25, 0.45, 0.65, 0.56, 0.45, 0.45, 0.56, 0.56, 1.09, 0.21, 1.09, 0.21, 0.19, 0.16, 99, 99, 99]
--- num:  29
list:  [0.56, 0.56, 1, 1, 0.98, 0.98, 0.20688446938991545, 0.2068731743097305, 0.32, 0.32, 0.39, 0.33, 0.81, 0.81, 0.75, 0.25, 0.485, 0.65, 0.56, 0.49, 0.48, 0.56, 0.56, 1.09, 0.21, 1.09, 0.21, 0.2, 0.14, 99, 99, 99]
--- num:  29
list:  [0.56, 0.56, 1, 1, 0.97, 0.97, 0.4074654984474182, 0.40744192481040953, 0.21, 0.21, 0.39, 0.34, 0.81, 0.81, 0.75, 0.25, 0.505, 0.65, 0.56, 0.5, 0.51, 0.56, 0.56, 1.09, 0.21, 1.09, 0.21, 0.23, 0.14, 99, 99, 99]
--- num:  29
list:  [0.57, 0.57, 1, 1, 0.97, 0.97, 0.2774453270435333, 0.2774345088005066, 0.24, 0.24, 0.38, 0.34, 0.81, 0.81, 0.75, 0.25, 0.52, 0.65, 0.56, 0.52, 0.52, 0.56, 0.56, 1.09, 0.21, 1.09, 0.21, 0.24, 0.14, 99, 99, 99]
--- num:  29
list:  [0.58, 0.58, 1, 1, 0.96, 0.96, 0.268778156042099, 0.26875473141670225, 0.21, 0.21, 0.4, 0.33, 0.81, 0.81, 0.75, 0.25, 0.535, 0.65, 0.56, 0.53, 0.54, 0.56, 0.56, 1.09, 0.21, 1.09, 0.21, 0.26, 0.16, 99, 99, 99]
--- num:  29
list:  [0.59, 0.59, 1, 1, 0.95, 0.95, 0.27341760277748106, 0.27339239001274107, 0.19, 0.19, 0.4, 0.33, 0.81, 0.81, 0.5, 0.25, 0.53, 0.65, 0.56, 0.52, 0.54, 0.56, 0.56, 1.09, 0.21, 1.09, 0.21, 0.3, 0.15, 99, 99, 99]
--- num:  29
list:  [0.59, 0.59, 1, 1, 0.95, 0.95, 0.284494172334671, 0.2844895231723785, 0.18, 0.18, 0.39, 0.34, 0.81, 0.81, 0.5, 0.26, 0.51, 0.65, 0.56, 0.5, 0.52, 0.56, 0.56, 1.09, 0.21, 1.09, 0.21, 0.31, 0.14, 99, 99, 99]
--- num:  29
list:  [0.59, 0.59, 1, 1, 0.95, 0.95, 0.29276407837867735, 0.2927517998218536, 0.18, 0.18, 0.39, 0.34, 0.81, 0.81, 0.5, 0.26, 0.5, 0.66, 0.56, 0.49, 0.51, 0.56, 0.56, 1.09, 0.21, 1.09, 0.21, 0.31, 0.13, 99, 99, 99]
--- num:  29
list:  [0.59, 0.59, 1, 1, 0.95, 0.95, 0.2948183822631836, 0.29480491161346434, 0.18, 0.18, 0.38, 0.34, 0.81, 0.81, 0.5, 0.26, 0.5, 0.66, 0.56, 0.49, 0.51, 0.56, 0.56, 1.09, 0.21, 1.09, 0.21, 0.31, 0.13, 99, 99, 99]
--- num:  29
list:  [0.59, 0.59, 1, 1, 0.95, 0.95, 0.2946463334560394, 0.2946352767944336, 0.18, 0.18, 0.38, 0.35, 0.81, 0.81, 0.5, 0.26, 0.51, 0.66, 0.56, 0.5, 0.52, 0.56, 0.56, 1.09, 0.21, 1.09, 0.21, 0.31, 0.14, 99, 99, 99]
--- num:  29
list:  [0.59, 0.59, 1, 1, 0.95, 0.95, 0.49856178045272825, 0.49833528280258177, 0.14, 0.14, 0.37, 0.35, 0.81, 0.81, 0.5, 0.26, 0.535, 0.66, 0.56, 0.52, 0.55, 0.56, 0.56, 1.09, 0.21, 1.09, 0.21, 0.3, 0.14, 99, 99, 99]
--- num:  29
list:  [0.58, 0.58, 1, 1, 0.96, 0.96, 0.26069475293159483, 0.26065180778503416, 0.26, 0.26, 0.36, 0.36, 0.81, 0.81, 0.75, 0.26, 0.535, 0.66, 0.56, 0.53, 0.54, 0.56, 0.56, 1.09, 0.21, 1.09, 0.21, 0.22, 0.14, 99, 99, 99]
--- num:  29
list:  [0.57, 0.57, 1, 1, 0.97, 0.97, 0.16199999999999998, 0.16199999999999998, 0.33, 0.33, 0.36, 0.36, 0.81, 0.81, 0.75, 0.26, 0.52, 0.66, 0.56, 0.52, 0.52, 0.56, 0.56, 1.09, 0.21, 1.09, 0.21, 0.19, 0.15, 99, 99, 99]
--- num:  29
list:  [0.57, 0.57, 1, 1, 0.97, 0.97, 0.16199999999999998, 0.16199999999999998, 0.37, 0.37, 0.35, 0.37, 0.81, 0.81, 0.75, 0.26, 0.52, 0.66, 0.56, 0.52, 0.52, 0.56, 0.56, 1.09, 0.21, 1.09, 0.21, 0.18, 0.16, 99, 99, 99]
--- num:  29
list:  [0.56, 0.56, 1, 1, 0.98, 0.98, 0.16199999999999998, 0.16199999999999998, 0.42, 0.42, 0.34, 0.38, 0.81, 0.81, 0.75, 0.25, 0.54, 0.65, 0.56, 0.54, 0.54, 0.56, 0.56, 1.09, 0.21, 1.09, 0.21, 0.17, 0.18, 99, 99, 99]
--- num:  29
list:  [0.56, 0.56, 1, 1, 0.98, 0.98, 0.16199999999999998, 0.16199999999999998, 0.45, 0.45, 0.33, 0.39, 0.81, 0.81, 0.75, 0.25, 0.5750000000000001, 0.65, 0.56, 0.5800000000000001, 0.5700000000000001, 0.56, 0.56, 1.09, 0.21, 1.09, 0.21, 0.18, 0.2, 99, 99, 99]
--- num:  29
list:  [0.56, 0.56, 1, 1, 0.98, 0.98, 0.16199999999999998, 0.16199999999999998, 0.49, 0.49, 0.32, 0.4, 0.81, 0.81, 0.75, 0.25, 0.61, 0.65, 0.56, 0.62, 0.6, 0.56, 0.56, 1.09, 0.21, 1.09, 0.21, 0.19, 0.21, 99, 99, 99]
--- num:  29
list:  [0.32, 0.32, 0.52, 0.52, 1, 1, 0.16199999999999998, 0.16199999999999998, 0.52, 0.52, 0.33, 0.4, 0.81, 0.81, 0.75, 0.25, 0.64, 0.65, 0.56, 0.65, 0.63, 0.56, 0.56, 1.09, 0.21, 1.09, 0.21, 0.21, 0.22, 99, 99, 99]
--- num:  29
list:  [0.33, 0.33, 0.54, 0.54, 1, 1, 0.16199999999999998, 0.16199999999999998, 0.52, 0.52, 0.33, 0.39, 0.81, 0.81, 0.75, 0.25, 0.645, 0.65, 0.56, 0.65, 0.64, 0.56, 0.56, 1.09, 0.21, 1.09, 0.21, 0.22, 0.22, 99, 99, 99]
--- num:  29
list:  [0.33, 0.33, 0.53, 0.53, 1, 1, 0.16199999999999998, 0.16199999999999998, 0.5, 0.5, 0.33, 0.39, 0.81, 0.81, 0.75, 0.25, 0.595, 0.65, 0.56, 0.6, 0.5900000000000001, 0.56, 0.56, 1.09, 0.21, 1.09, 0.21, 0.22, 0.22, 99, 99, 99]
--- num:  29
list:  [0.3, 0.3, 0.46, 0.46, 1, 1, 0.16199999999999998, 0.16199999999999998, 0.47, 0.47, 0.34, 0.38, 0.81, 0.81, 0.75, 0.25, 0.5650000000000001, 0.65, 0.56, 0.5700000000000001, 0.56, 0.56, 0.56, 1.09, 0.21, 1.09, 0.21, 0.21, 0.22, 99, 99, 99]
--- num:  29
list:  [0.32, 0.32, 0.5, 0.5, 1, 1, 0.16199999999999998, 0.16199999999999998, 0.48, 0.48, 0.33, 0.39, 0.81, 0.81, 0.75, 0.25, 0.605, 0.65, 0.56, 0.61, 0.6, 0.56, 0.56, 1.09, 0.21, 1.09, 0.21, 0.19, 0.22, 99, 99, 99]
--- num:  29
list:  [0.34, 0.34, 0.55, 0.55, 1, 1, 0.16199999999999998, 0.16199999999999998, 0.5, 0.5, 0.32, 0.4, 0.81, 0.81, 0.75, 0.25, 0.62, 0.65, 0.56, 0.63, 0.61, 0.56, 0.56, 1.09, 0.21, 1.09, 0.21, 0.2, 0.22, 99, 99, 99]
--- num:  29
list:  [0.29, 0.29, 0.45, 0.45, 1, 1, 0.16199999999999998, 0.16199999999999998, 0.51, 0.51, 0.32, 0.4, 0.81, 0.81, 0.75, 0.25, 0.6699999999999999, 0.65, 0.56, 0.6799999999999999, 0.6599999999999999, 0.56, 0.56, 1.09, 0.21, 1.09, 0.21, 0.2, 0.21, 99, 99, 99]
--- num:  29
list:  [0.31, 0.31, 0.48, 0.48, 1, 1, 0.16199999999999998, 0.16199999999999998, 0.52, 0.52, 0.33, 0.39, 0.81, 0.81, 0.75, 0.25, 0.6749999999999999, 0.65, 0.56, 0.69, 0.6599999999999999, 0.56, 0.56, 1.09, 0.21, 1.09, 0.21, 0.2, 0.2, 99, 99, 99]
--- num:  29
list:  [0.32, 0.32, 0.52, 0.52, 1, 1, 0.16199999999999998, 0.16199999999999998, 0.52, 0.52, 0.34, 0.38, 0.6149999999999999, 0.5700000000000001, 1, 0.28, 0.82, 0.67, 0.56, 0.82, 0.82, 0.56, 0.56, 0.96, 0.27, 0.93, 0.28, 0.16, 0.21, 99, 99, 99]
--- num:  29
list:  [0.35, 0.35, 0.58, 0.58, 1, 1, 0.16199999999999998, 0.16199999999999998, 0.52, 0.52, 0.35, 0.37, 0.39, 0.345, 1, 0.27, 0.95, 0.67, 0.34, 0.95, 0.95, 0.34, 0.34, 0.81, 0.33, 0.78, 0.35, 0.06, 0.33, 99, 99, 99]
--- num:  29
list:  [0.37, 0.37, 0.64, 0.64, 1, 1, 0.16199999999999998, 0.16199999999999998, 0.52, 0.52, 0.35, 0.37, 0.31499999999999995, 0.2549999999999999, 1, 0.26, 0.97, 0.65, 0.32, 0.97, 0.97, 0.32, 0.32, 0.76, 0.36, 0.72, 0.38, 0.05, 0.4, 99, 99, 99]
--- num:  29
list:  [0.39, 0.39, 0.68, 0.68, 1, 1, 0.16199999999999998, 0.16199999999999998, 0.51, 0.51, 0.35, 0.37, 0.20999999999999985, 0.16499999999999998, 1, 0.24, 0.975, 0.65, 0.28, 0.97, 0.98, 0.28, 0.28, 0.69, 0.39, 0.66, 0.4, 0.03, 0.45, 99, 99, 99]
--- num:  29
list:  [0.43, 0.43, 0.77, 0.77, 1, 1, 0.16199999999999998, 0.16199999999999998, 0.5, 0.5, 0.35, 0.37, 0.13499999999999995, 0.10499999999999993, 1, 0.24, 0.98, 0.64, 0.27, 0.98, 0.98, 0.27, 0.27, 0.64, 0.41, 0.62, 0.42, 0.03, 0.49, 99, 99, 99]
--- num:  29
list:  [0.44, 0.44, 0.8, 0.8, 1, 1, 0.16199999999999998, 0.16199999999999998, 0.49, 0.49, 0.35, 0.37, 0.13499999999999995, 0.08999999999999991, 1, 0.23, 0.98, 0.63, 0.27, 0.98, 0.98, 0.27, 0.27, 0.64, 0.41, 0.61, 0.42, 0.02, 0.52, 99, 99, 99]
--- num:  29
list:  [0.45, 0.45, 0.81, 0.81, 1, 1, 0.16199999999999998, 0.16199999999999998, 0.47, 0.47, 0.35, 0.37, 0.13499999999999995, 0.08999999999999991, 1, 0.22, 0.99, 0.63, 0.26, 0.99, 0.99, 0.26, 0.26, 0.64, 0.41, 0.61, 0.42, 0.02, 0.55, 99, 99, 99]
--- num:  29
list:  [0.46, 0.46, 0.83, 0.83, 1, 1, 0.16199999999999998, 0.16199999999999998, 0.46, 0.46, 0.36, 0.36, 0.10499999999999993, 0.08999999999999991, 1, 0.22, 0.99, 0.63, 0.26, 0.99, 0.99, 0.26, 0.26, 0.62, 0.42, 0.61, 0.43, 0.02, 0.57, 99, 99, 99]
--- num:  29
list:  [0.46, 0.46, 0.83, 0.83, 1, 1, 0.16199999999999998, 0.16199999999999998, 0.44, 0.44, 0.37, 0.35, 0.08999999999999991, 0.0749999999999999, 1, 0.22, 0.99, 0.63, 0.26, 0.99, 0.99, 0.26, 0.26, 0.61, 0.42, 0.6, 0.43, 0.01, 0.58, 99, 99, 99]
--- num:  29
list:  [0.46, 0.46, 0.84, 0.84, 1, 1, 0.16199999999999998, 0.16199999999999998, 0.43, 0.43, 0.38, 0.35, 0.10499999999999993, 0.08999999999999991, 1, 0.22, 0.99, 0.63, 0.26, 0.99, 0.99, 0.26, 0.26, 0.62, 0.42, 0.61, 0.43, 0.01, 0.59, 99, 99, 99]
--- num:  29
list:  [0.46, 0.46, 0.85, 0.85, 1, 1, 0.16199999999999998, 0.16199999999999998, 0.42, 0.42, 0.38, 0.35, 0.10499999999999993, 0.08999999999999991, 1, 0.22, 0.99, 0.63, 0.26, 0.99, 0.99, 0.26, 0.26, 0.62, 0.42, 0.61, 0.42, 0.01, 0.6, 99, 99, 99]
--- num:  29
list:  [0.46, 0.46, 0.85, 0.85, 1, 1, 0.16199999999999998, 0.16199999999999998, 0.42, 0.42, 0.37, 0.35, 0.08999999999999991, 0.0749999999999999, 1, 0.22, 0.99, 0.63, 0.25, 0.99, 0.99, 0.25, 0.25, 0.61, 0.42, 0.6, 0.43, 0.01, 0.59, 99, 99, 99]
--- num:  29
list:  [0.47, 0.47, 0.85, 0.85, 1, 1, 0.16199999999999998, 0.16199999999999998, 0.42, 0.42, 0.37, 0.35, 0.08999999999999991, 0.0749999999999999, 1, 0.22, 0.99, 0.63, 0.25, 0.99, 0.99, 0.25, 0.25, 0.61, 0.42, 0.6, 0.43, 0.01, 0.59, 99, 99, 99]
--- num:  29
list:  [0.47, 0.47, 0.85, 0.85, 1, 1, 0.16199999999999998, 0.16199999999999998, 0.42, 0.42, 0.37, 0.35, 0.08999999999999991, 0.0749999999999999, 1, 0.22, 0.99, 0.62, 0.25, 0.99, 0.99, 0.25, 0.25, 0.61, 0.42, 0.6, 0.43, 0.01, 0.59, 99, 99, 99]
--- num:  29
