start livelink
[-0.087, 0.025, -0.048]
[-0.089, 0.025, -0.048]
[-0.089, 0.025, -0.048]
[-0.091, 0.026, -0.049]
[-0.084, 0.026, -0.047]
[-0.021, 0.048, -0.027]
[-0.099, 0.015, -0.041]
[-0.099, 0.015, -0.041]
[-0.099, 0.016, -0.039]
[-0.099, 0.017, -0.037]
[-0.097, 0.018, -0.035]
[-0.093, 0.018, -0.034]
[-0.087, 0.018, -0.032]
[-0.078, 0.018, -0.03]
[-0.069, 0.018, -0.029]
[-0.058, 0.018, -0.029]
[-0.047, 0.018, -0.029]
[-0.039, 0.019, -0.03]
[-0.033, 0.021, -0.031]
[-0.029, 0.022, -0.03]
[-0.028, 0.023, -0.029]
[-0.027, 0.024, -0.028]
[-0.028, 0.023, -0.027]
[-0.029, 0.023, -0.027]
[-0.027, 0.024, -0.027]
[-0.024, 0.023, -0.027]
[-0.019, 0.023, -0.025]
[-0.013, 0.022, -0.024]
[-0.011, 0.021, -0.022]
[-0.009, 0.02, -0.02]
[-0.006, 0.019, -0.019]
[-0.003, 0.017, -0.019]
[0.003, 0.015, -0.019]
[0.007, 0.013, -0.019]
[0.011, 0.011, -0.019]
[0.014, 0.008, -0.018]
[0.015, 0.006, -0.017]
[0.016, 0.004, -0.016]
[0.017, 0.002, -0.015]
[0.018, 0.0, -0.014]
[0.019, -0.001, -0.013]
[0.02, -0.002, -0.012]
[0.021, -0.003, -0.012]
[0.021, -0.004, -0.012]
[0.021, -0.005, -0.012]
[0.022, -0.006, -0.013]
[0.023, -0.007, -0.014]
[0.025, -0.008, -0.014]
[0.025, -0.009, -0.014]
[0.024, -0.01, -0.014]
[0.023, -0.011, -0.013]
[0.022, -0.011, -0.012]
[0.022, -0.011, -0.01]
[0.022, -0.011, -0.008]
[0.023, -0.011, -0.005]
[0.023, -0.011, -0.002]
[0.022, -0.012, 0.003]
[0.018, -0.012, 0.006]
[0.013, -0.013, 0.009]
[0.01, -0.013, 0.012]
[0.007, -0.013, 0.014]
[0.007, -0.012, 0.015]
[0.01, -0.009, 0.018]
[0.011, -0.007, 0.019]
[0.012, -0.005, 0.02]
[0.011, -0.001, 0.025]
[0.011, -0.001, 0.025]
[0.01, 0.001, 0.027]
[0.008, 0.003, 0.028]
[0.005, 0.005, 0.029]
[0.001, 0.007, 0.03]
[-0.003, 0.008, 0.03]
[-0.008, 0.008, 0.03]
[-0.011, 0.008, 0.031]
[-0.016, 0.009, 0.031]
[-0.022, 0.009, 0.031]
[-0.03, 0.01, 0.032]
[-0.036, 0.011, 0.033]
[-0.044, 0.012, 0.034]
[-0.048, 0.014, 0.035]
[-0.054, 0.015, 0.034]
[-0.062, 0.016, 0.031]
[-0.067, 0.018, 0.027]
[-0.076, 0.02, 0.024]
[-0.083, 0.021, 0.021]
[-0.089, 0.023, 0.018]
[-0.095, 0.025, 0.016]
[-0.102, 0.027, 0.013]
[-0.111, 0.029, 0.01]
[-0.121, 0.031, 0.007]
[-0.128, 0.033, 0.004]
[-0.131, 0.035, 0.002]
[-0.132, 0.037, 0.001]
[-0.131, 0.038, 0.001]
[-0.131, 0.04, -0.001]
[-0.132, 0.042, -0.003]
[-0.132, 0.044, -0.005]
[-0.132, 0.046, -0.006]
[-0.13, 0.048, -0.007]
[-0.128, 0.05, -0.007]
[-0.124, 0.052, -0.007]
[-0.119, 0.053, -0.006]
[-0.117, 0.054, -0.006]
[-0.118, 0.056, -0.004]
[-0.119, 0.058, -0.002]
[-0.116, 0.058, 0.001]
[-0.114, 0.059, 0.003]
[-0.109, 0.06, 0.003]
[-0.103, 0.06, 0.002]
[-0.099, 0.061, 0.001]
[-0.091, 0.062, -0.0]
[-0.084, 0.061, -0.002]
[-0.077, 0.06, -0.004]
[-0.066, 0.06, -0.006]
[-0.054, 0.059, -0.008]
[-0.038, 0.058, -0.009]
[-0.024, 0.057, -0.009]
[-0.017, 0.056, -0.008]
[-0.01, 0.055, -0.008]
[-0.005, 0.053, -0.008]
[-0.001, 0.052, -0.007]
[0.005, 0.051, -0.007]
[0.012, 0.049, -0.007]
[0.019, 0.048, -0.008]
[0.026, 0.047, -0.01]
[0.032, 0.045, -0.012]
[0.038, 0.042, -0.013]
[0.043, 0.04, -0.015]
[0.047, 0.037, -0.017]
[0.05, 0.035, -0.019]
[0.052, 0.032, -0.021]
[0.054, 0.029, -0.023]
[0.057, 0.026, -0.024]
[0.059, 0.023, -0.024]
[0.061, 0.02, -0.024]
[0.062, 0.017, -0.024]
[0.062, 0.014, -0.023]
[0.063, 0.012, -0.023]
[0.065, 0.01, -0.023]
[0.067, 0.008, -0.023]
[0.069, 0.005, -0.023]
[0.071, 0.003, -0.022]
[0.072, 0.0, -0.022]
[0.073, -0.002, -0.021]
[0.074, -0.005, -0.021]
[0.074, -0.008, -0.02]
[0.074, -0.008, -0.02]
[0.073, -0.01, -0.019]
[0.072, -0.011, -0.018]
[0.071, -0.012, -0.016]
[0.069, -0.014, -0.015]
[0.068, -0.015, -0.014]
[0.068, -0.016, -0.013]
[0.069, -0.017, -0.014]
[0.069, -0.018, -0.014]
[0.069, -0.019, -0.014]
[0.068, -0.02, -0.014]
[0.065, -0.021, -0.014]
[0.062, -0.021, -0.014]
[0.059, -0.021, -0.014]
[0.056, -0.021, -0.013]
[0.057, -0.021, -0.013]
[0.06, -0.02, -0.012]
[0.064, -0.019, -0.01]
[0.069, -0.019, -0.007]
[0.073, -0.019, -0.003]
[0.077, -0.019, -0.0]
[0.082, -0.018, 0.001]
[0.085, -0.017, 0.002]
[0.088, -0.015, 0.001]
[0.092, -0.013, 0.002]
[0.096, -0.012, 0.002]
[0.099, -0.011, 0.002]
[0.102, -0.01, 0.001]
[0.103, -0.01, 0.0]
[0.105, -0.009, -0.001]
[0.107, -0.008, -0.001]
[0.111, -0.007, -0.001]
[0.114, -0.005, -0.0]
[0.117, -0.003, -0.0]
[0.12, -0.0, -0.001]
[0.124, 0.002, -0.001]
[0.128, 0.004, -0.002]
[0.132, 0.006, -0.002]
[0.135, 0.008, -0.001]
[0.141, 0.01, -0.001]
[0.141, 0.01, -0.001]
[0.143, 0.011, -0.001]
[0.146, 0.012, -0.001]
[0.154, 0.014, -0.001]
[0.154, 0.014, -0.001]
[0.158, 0.016, -0.0]
[0.164, 0.018, 0.001]
[0.169, 0.021, 0.003]
[0.175, 0.024, 0.004]
[0.182, 0.026, 0.005]
[0.189, 0.028, 0.006]
[0.195, 0.029, 0.006]
[0.202, 0.031, 0.007]
[0.209, 0.032, 0.007]
[0.216, 0.033, 0.007]
[0.225, 0.034, 0.008]
[0.233, 0.034, 0.01]
[0.238, 0.034, 0.013]
[0.244, 0.034, 0.014]
[0.248, 0.035, 0.015]
[0.251, 0.036, 0.014]
[0.259, 0.04, 0.013]
[0.259, 0.04, 0.013]
[0.263, 0.041, 0.013]
[0.267, 0.042, 0.014]
[0.271, 0.042, 0.016]
[0.275, 0.041, 0.018]
[0.276, 0.041, 0.02]
[0.277, 0.041, 0.021]
[0.278, 0.041, 0.022]
[0.279, 0.041, 0.022]
[0.278, 0.041, 0.022]
[0.277, 0.042, 0.02]
[0.275, 0.042, 0.018]
[0.274, 0.043, 0.016]
[0.277, 0.043, 0.016]
[0.284, 0.044, 0.018]
[0.288, 0.045, 0.02]
[0.292, 0.045, 0.022]
[0.293, 0.046, 0.024]
[0.294, 0.047, 0.025]
[0.295, 0.047, 0.025]
[0.295, 0.047, 0.025]
[0.295, 0.047, 0.024]
[0.293, 0.048, 0.024]
[0.291, 0.048, 0.025]
[0.288, 0.05, 0.025]
[0.288, 0.05, 0.025]
[0.288, 0.051, 0.026]
[0.288, 0.052, 0.025]
[0.289, 0.052, 0.025]
[0.29, 0.052, 0.025]
[0.291, 0.052, 0.025]
[0.291, 0.052, 0.026]
[0.29, 0.052, 0.027]
[0.289, 0.053, 0.028]
[0.288, 0.053, 0.03]
[0.287, 0.054, 0.032]
[0.284, 0.055, 0.035]
[0.279, 0.057, 0.037]
[0.274, 0.059, 0.038]
[0.269, 0.06, 0.04]
[0.266, 0.062, 0.041]
[0.264, 0.064, 0.043]
[0.262, 0.066, 0.045]
[0.259, 0.069, 0.051]
[0.255, 0.072, 0.057]
[0.251, 0.075, 0.065]
[0.247, 0.077, 0.07]
[0.243, 0.079, 0.076]
[0.24, 0.081, 0.079]
[0.233, 0.083, 0.083]
[0.226, 0.085, 0.085]
[0.22, 0.086, 0.088]
[0.215, 0.088, 0.091]
[0.211, 0.09, 0.093]
[0.207, 0.091, 0.095]
[0.203, 0.093, 0.097]
[0.198, 0.095, 0.098]
[0.193, 0.097, 0.099]
[0.185, 0.099, 0.099]
[0.178, 0.101, 0.098]
[0.171, 0.103, 0.097]
[0.165, 0.104, 0.096]
[0.161, 0.105, 0.094]
[0.157, 0.106, 0.093]
[0.154, 0.107, 0.092]
[0.15, 0.107, 0.09]
[0.147, 0.108, 0.088]
[0.143, 0.108, 0.086]
[0.14, 0.108, 0.08]
[0.14, 0.108, 0.08]
[0.139, 0.107, 0.077]
[0.139, 0.106, 0.075]
[0.139, 0.103, 0.071]
[0.138, 0.101, 0.068]
[0.137, 0.099, 0.066]
[0.135, 0.097, 0.064]
[0.134, 0.096, 0.062]
[0.131, 0.095, 0.06]
[0.128, 0.094, 0.058]
[0.126, 0.093, 0.055]
[0.122, 0.091, 0.05]
[0.122, 0.091, 0.05]
[0.121, 0.089, 0.047]
[0.119, 0.086, 0.044]
[0.119, 0.084, 0.04]
[0.118, 0.081, 0.036]
[0.117, 0.079, 0.031]
[0.116, 0.078, 0.028]
[0.109, 0.075, 0.02]
[0.109, 0.075, 0.02]
[0.106, 0.073, 0.016]
[0.105, 0.072, 0.013]
[0.104, 0.07, 0.011]
[0.103, 0.068, 0.009]
[0.102, 0.067, 0.007]
[0.101, 0.065, 0.006]
[0.099, 0.063, 0.005]
[0.098, 0.061, 0.003]
[0.097, 0.059, 0.001]
[0.096, 0.057, -0.001]
[0.097, 0.055, -0.003]
[0.095, 0.05, -0.008]
[0.095, 0.05, -0.008]
[0.093, 0.047, -0.011]
[0.091, 0.045, -0.013]
[0.087, 0.042, -0.017]
[0.085, 0.039, -0.02]
[0.083, 0.036, -0.024]
[0.08, 0.033, -0.027]
[0.079, 0.031, -0.03]
[0.079, 0.028, -0.032]
[0.079, 0.025, -0.033]
[0.081, 0.023, -0.034]
[0.084, 0.02, -0.035]
[0.087, 0.018, -0.037]
[0.091, 0.015, -0.038]
[0.095, 0.012, -0.038]
[0.098, 0.01, -0.039]
[0.1, 0.007, -0.04]
[0.102, 0.005, -0.041]
[0.103, 0.004, -0.041]
[0.105, 0.002, -0.041]
[0.106, 0.0, -0.041]
[0.108, -0.001, -0.041]
[0.112, -0.003, -0.041]
[0.116, -0.004, -0.042]
[0.119, -0.005, -0.043]
[0.122, -0.006, -0.044]
[0.125, -0.008, -0.044]
[0.125, -0.008, -0.044]
[0.127, -0.009, -0.044]
[0.13, -0.011, -0.043]
[0.135, -0.012, -0.043]
[0.141, -0.014, -0.042]
[0.147, -0.016, -0.042]
[0.151, -0.017, -0.041]
[0.155, -0.018, -0.04]
[0.156, -0.019, -0.039]
[0.158, -0.02, -0.038]
[0.16, -0.021, -0.038]
[0.164, -0.022, -0.037]
[0.169, -0.024, -0.036]
[0.175, -0.025, -0.036]
[0.18, -0.026, -0.035]
[0.185, -0.028, -0.035]
[0.191, -0.029, -0.035]
[0.196, -0.03, -0.035]
[0.201, -0.032, -0.035]
[0.206, -0.033, -0.035]
[0.212, -0.035, -0.035]
[0.218, -0.037, -0.036]
[0.223, -0.038, -0.036]
[0.234, -0.041, -0.036]
[0.234, -0.041, -0.036]
[0.239, -0.042, -0.036]
[0.244, -0.043, -0.035]
[0.248, -0.044, -0.035]
[0.253, -0.046, -0.035]
[0.256, -0.047, -0.034]
[0.259, -0.048, -0.034]
[0.263, -0.049, -0.034]
[0.266, -0.049, -0.033]
[0.268, -0.049, -0.032]
[0.27, -0.049, -0.032]
[0.272, -0.049, -0.031]
[0.273, -0.049, -0.031]
[0.274, -0.049, -0.03]
[0.274, -0.049, -0.03]
[0.275, -0.049, -0.03]
[0.276, -0.05, -0.029]
[0.277, -0.051, -0.029]
[0.278, -0.053, -0.029]
[0.279, -0.055, -0.029]
[0.279, -0.057, -0.029]
[0.279, -0.06, -0.029]
[0.279, -0.061, -0.028]
[0.282, -0.063, -0.026]
[0.282, -0.063, -0.026]
[0.284, -0.063, -0.025]
[0.287, -0.063, -0.024]
[0.289, -0.064, -0.023]
[0.29, -0.064, -0.022]
[0.292, -0.064, -0.02]
[0.294, -0.064, -0.018]
[0.296, -0.063, -0.016]
[0.299, -0.063, -0.014]
[0.301, -0.062, -0.012]
[0.303, -0.061, -0.009]
[0.304, -0.06, -0.007]
[0.304, -0.059, -0.004]
[0.304, -0.059, -0.001]
[0.306, -0.059, 0.002]
[0.307, -0.058, 0.006]
[0.309, -0.057, 0.009]
[0.309, -0.056, 0.011]
[0.307, -0.055, 0.013]
[0.304, -0.053, 0.016]
[0.301, -0.052, 0.018]
[0.3, -0.05, 0.019]
[0.3, -0.048, 0.022]
[0.3, -0.045, 0.025]
[0.298, -0.043, 0.027]
[0.296, -0.04, 0.03]
[0.293, -0.039, 0.033]
[0.29, -0.037, 0.035]
[0.288, -0.035, 0.037]
[0.285, -0.033, 0.039]
[0.283, -0.03, 0.041]
[0.281, -0.029, 0.041]
[0.279, -0.027, 0.042]
[0.276, -0.024, 0.043]
[0.276, -0.024, 0.043]
[0.274, -0.023, 0.044]
[0.273, -0.022, 0.044]
[0.272, -0.02, 0.043]
[0.272, -0.02, 0.043]
[0.272, -0.019, 0.043]
[0.272, -0.018, 0.042]
[0.271, -0.017, 0.042]
[0.271, -0.017, 0.043]
[0.271, -0.016, 0.045]
[0.27, -0.015, 0.047]
[0.269, -0.015, 0.05]
[0.268, -0.015, 0.052]
[0.268, -0.014, 0.054]
[0.267, -0.014, 0.056]
[0.267, -0.014, 0.057]
[0.267, -0.014, 0.058]
[0.268, -0.014, 0.064]
[0.268, -0.014, 0.064]
[0.267, -0.014, 0.068]
[0.266, -0.014, 0.074]
[0.265, -0.015, 0.08]
[0.263, -0.015, 0.087]
[0.263, -0.016, 0.102]
[0.263, -0.016, 0.102]
[0.263, -0.017, 0.108]
[0.264, -0.018, 0.113]
[0.264, -0.019, 0.118]
[0.263, -0.019, 0.124]
[0.261, -0.02, 0.129]
[0.26, -0.02, 0.133]
[0.258, -0.021, 0.138]
[0.258, -0.021, 0.138]
[0.256, -0.021, 0.14]
[0.253, -0.022, 0.141]
[0.247, -0.022, 0.142]
[0.247, -0.022, 0.142]
[0.246, -0.023, 0.143]
[0.246, -0.024, 0.143]
[0.246, -0.026, 0.144]
[0.246, -0.027, 0.145]
[0.245, -0.028, 0.146]
[0.243, -0.028, 0.146]
[0.241, -0.029, 0.145]
[0.241, -0.029, 0.145]
[0.24, -0.029, 0.144]
[0.239, -0.029, 0.143]
[0.233, -0.029, 0.14]
[0.233, -0.029, 0.14]
[0.23, -0.03, 0.139]
[0.227, -0.03, 0.138]
[0.22, -0.03, 0.135]
[0.22, -0.03, 0.135]
[0.216, -0.03, 0.133]
[0.212, -0.03, 0.132]
[0.209, -0.031, 0.131]
[0.206, -0.032, 0.131]
[0.203, -0.035, 0.132]
[0.203, -0.035, 0.132]
[0.201, -0.036, 0.133]
[0.199, -0.037, 0.134]
[0.198, -0.042, 0.137]
[0.198, -0.042, 0.137]
[0.198, -0.044, 0.139]
[0.2, -0.048, 0.139]
[0.206, -0.057, 0.139]
[0.206, -0.057, 0.139]
[0.206, -0.06, 0.141]
[0.203, -0.063, 0.142]
[0.197, -0.069, 0.15]
[0.197, -0.069, 0.15]
[0.194, -0.072, 0.154]
[0.193, -0.074, 0.157]
[0.187, -0.078, 0.161]
[0.187, -0.078, 0.161]
[0.184, -0.079, 0.162]
[0.181, -0.08, 0.161]
[0.178, -0.08, 0.16]
[0.176, -0.081, 0.159]
[0.174, -0.08, 0.156]
[0.172, -0.08, 0.153]
[0.17, -0.079, 0.148]
[0.168, -0.078, 0.144]
[0.165, -0.077, 0.139]
[0.162, -0.075, 0.135]
[0.16, -0.073, 0.131]
[0.157, -0.071, 0.127]
[0.155, -0.068, 0.122]
[0.152, -0.065, 0.115]
[0.149, -0.061, 0.107]
[0.145, -0.058, 0.1]
[0.142, -0.054, 0.094]
[0.14, -0.051, 0.088]
[0.136, -0.045, 0.078]
[0.136, -0.045, 0.078]
[0.135, -0.042, 0.074]
[0.135, -0.04, 0.071]
[0.134, -0.037, 0.068]
[0.132, -0.034, 0.065]
[0.129, -0.031, 0.061]
[0.125, -0.028, 0.056]
[0.118, -0.02, 0.047]
[0.118, -0.02, 0.047]
[0.115, -0.016, 0.043]
[0.113, -0.012, 0.038]
[0.112, -0.003, 0.032]
[0.112, -0.003, 0.032]
[0.112, 0.0, 0.03]
[0.113, 0.004, 0.029]
[0.112, 0.007, 0.027]
[0.112, 0.01, 0.024]
[0.113, 0.014, 0.021]
[0.113, 0.016, 0.018]
[0.113, 0.02, 0.017]
[0.113, 0.023, 0.016]
[0.113, 0.027, 0.015]
[0.113, 0.03, 0.014]
[0.115, 0.034, 0.013]
[0.118, 0.038, 0.013]
[0.12, 0.042, 0.012]
[0.122, 0.046, 0.012]
[0.123, 0.049, 0.012]
[0.125, 0.053, 0.012]
[0.127, 0.056, 0.011]
[0.128, 0.06, 0.011]
[0.13, 0.063, 0.009]
[0.134, 0.066, 0.009]
[0.138, 0.069, 0.008]
[0.142, 0.072, 0.007]
[0.145, 0.075, 0.006]
[0.149, 0.077, 0.005]
[0.151, 0.08, 0.003]
[0.154, 0.082, 0.002]
[0.156, 0.084, -0.001]
[0.157, 0.086, -0.003]
[0.157, 0.087, -0.006]
[0.157, 0.088, -0.007]
[0.158, 0.089, -0.008]
[0.159, 0.088, -0.009]
[0.161, 0.088, -0.009]
[0.162, 0.087, -0.01]
[0.161, 0.085, -0.011]
[0.159, 0.083, -0.012]
[0.159, 0.083, -0.012]
[0.155, 0.082, -0.013]
[0.152, 0.081, -0.013]
[0.148, 0.08, -0.014]
[0.143, 0.078, -0.014]
[0.14, 0.076, -0.015]
[0.138, 0.074, -0.015]
[0.136, 0.072, -0.016]
[0.133, 0.069, -0.018]
[0.129, 0.067, -0.02]
[0.123, 0.065, -0.023]
[0.118, 0.062, -0.025]
[0.113, 0.06, -0.026]
[0.108, 0.058, -0.026]
[0.103, 0.056, -0.025]
[0.098, 0.054, -0.025]
[0.094, 0.052, -0.025]
[0.09, 0.05, -0.024]
[0.087, 0.049, -0.023]
[0.085, 0.048, -0.022]
[0.084, 0.048, -0.022]
[0.083, 0.047, -0.023]
[0.084, 0.046, -0.024]
[0.085, 0.045, -0.025]
[0.087, 0.043, -0.026]
[0.088, 0.042, -0.027]
[0.089, 0.04, -0.027]
[0.091, 0.038, -0.029]
[0.093, 0.036, -0.029]
[0.096, 0.034, -0.029]
[0.096, 0.032, -0.029]
[0.095, 0.029, -0.029]
[0.095, 0.027, -0.028]
[0.097, 0.026, -0.027]
[0.101, 0.026, -0.025]
[0.101, 0.026, -0.025]
[0.101, 0.026, -0.025]
[0.101, 0.025, -0.023]
[0.1, 0.026, -0.021]
[0.1, 0.026, -0.021]
[0.1, 0.027, -0.02]
[0.1, 0.029, -0.018]
[0.104, 0.031, -0.015]
[0.104, 0.031, -0.015]
[0.106, 0.031, -0.014]
[0.108, 0.032, -0.014]
[0.11, 0.032, -0.013]
[0.111, 0.033, -0.012]
[0.112, 0.034, -0.011]
[0.114, 0.034, -0.009]
[0.116, 0.035, -0.007]
[0.118, 0.036, -0.005]
[0.119, 0.037, -0.003]
[0.12, 0.04, -0.001]
[0.121, 0.042, 0.001]
[0.122, 0.045, 0.001]
[0.125, 0.047, 0.002]
[0.126, 0.049, 0.003]
[0.129, 0.051, 0.004]
[0.131, 0.052, 0.005]
[0.132, 0.053, 0.005]
[0.134, 0.054, 0.005]
[0.135, 0.055, 0.004]
[0.137, 0.056, 0.004]
[0.14, 0.058, 0.002]
[0.143, 0.059, -0.001]
[0.143, 0.06, -0.005]
[0.138, 0.062, -0.013]
[0.133, 0.064, -0.021]
[0.128, 0.067, -0.028]
[0.122, 0.07, -0.04]
[0.122, 0.07, -0.04]
[0.119, 0.071, -0.045]
[0.118, 0.072, -0.049]
[0.115, 0.073, -0.054]
[0.113, 0.073, -0.059]
[0.11, 0.073, -0.065]
[0.108, 0.074, -0.069]
[0.104, 0.076, -0.077]
[0.104, 0.076, -0.077]
[0.102, 0.078, -0.081]
[0.1, 0.079, -0.084]
[0.097, 0.08, -0.087]
