start livelink
[0.01, 0.027, -0.039]
[0.012, 0.028, -0.04]
[0.015, 0.029, -0.041]
[0.016, 0.029, -0.041]
[0.015, 0.03, -0.042]
[0.012, 0.031, -0.041]
[0.016, 0.032, -0.042]
[0.024, 0.034, -0.041]
[0.038, 0.042, -0.037]
[0.038, 0.042, -0.037]
[0.033, 0.039, -0.039]
[0.031, 0.036, -0.038]
[0.032, 0.034, -0.037]
[0.032, 0.033, -0.039]
[0.034, 0.035, -0.038]
[0.035, 0.038, -0.039]
[0.035, 0.038, -0.039]
[0.035, 0.038, -0.037]
[0.036, 0.037, -0.034]
[0.037, 0.037, -0.028]
[0.037, 0.037, -0.028]
[0.04, 0.038, -0.025]
[0.042, 0.039, -0.024]
[0.045, 0.04, -0.022]
[0.047, 0.04, -0.022]
[0.049, 0.04, -0.021]
[0.053, 0.041, -0.021]
[0.055, 0.041, -0.022]
[0.06, 0.042, -0.022]
[0.063, 0.043, -0.022]
[0.066, 0.043, -0.023]
[0.07, 0.043, -0.022]
[0.073, 0.043, -0.02]
[0.074, 0.043, -0.018]
[0.076, 0.043, -0.017]
[0.075, 0.043, -0.017]
[0.075, 0.043, -0.017]
[0.073, 0.043, -0.018]
[0.073, 0.043, -0.018]
[0.072, 0.043, -0.018]
[0.071, 0.043, -0.018]
[0.071, 0.044, -0.018]
[0.072, 0.044, -0.019]
[0.073, 0.043, -0.018]
[0.07, 0.044, -0.018]
[0.067, 0.044, -0.017]
[0.061, 0.042, -0.017]
[0.055, 0.04, -0.014]
[0.055, 0.04, -0.014]
[0.056, 0.04, -0.013]
[0.059, 0.041, -0.012]
[0.062, 0.041, -0.011]
[0.065, 0.042, -0.011]
[0.069, 0.043, -0.01]
[0.071, 0.043, -0.01]
[0.079, 0.043, -0.009]
[0.079, 0.043, -0.009]
[0.081, 0.043, -0.009]
[0.083, 0.043, -0.01]
[0.084, 0.044, -0.01]
[0.084, 0.044, -0.01]
[0.083, 0.044, -0.009]
[0.081, 0.044, -0.007]
[0.079, 0.044, -0.006]
[0.078, 0.044, -0.004]
[0.079, 0.045, -0.002]
[0.081, 0.045, -0.0]
[0.084, 0.046, 0.0]
[0.087, 0.047, 0.0]
[0.09, 0.047, -0.0]
[0.092, 0.047, -0.001]
[0.094, 0.047, -0.001]
[0.095, 0.047, -0.001]
[0.096, 0.047, -0.001]
[0.097, 0.047, -0.001]
[0.098, 0.046, -0.001]
[0.098, 0.045, -0.001]
[0.096, 0.044, -0.001]
[0.091, 0.042, -0.001]
[0.085, 0.04, -0.002]
[0.076, 0.037, -0.003]
[0.069, 0.032, -0.002]
[0.064, 0.028, -0.003]
[0.063, 0.025, -0.006]
[0.065, 0.022, -0.009]
[0.067, 0.019, -0.011]
[0.07, 0.016, -0.012]
[0.071, 0.012, -0.013]
[0.072, 0.007, -0.014]
[0.07, 0.002, -0.014]
[0.067, -0.004, -0.012]
[0.064, -0.008, -0.011]
[0.062, -0.011, -0.009]
[0.062, -0.014, -0.008]
[0.065, -0.016, -0.008]
[0.067, -0.017, -0.008]
[0.069, -0.019, -0.008]
[0.071, -0.02, -0.009]
[0.071, -0.02, -0.008]
[0.071, -0.021, -0.008]
[0.068, -0.021, -0.007]
[0.063, -0.022, -0.005]
[0.058, -0.022, -0.003]
[0.052, -0.023, -0.001]
[0.047, -0.023, 0.0]
[0.04, -0.024, 0.003]
[0.035, -0.025, 0.005]
[0.031, -0.025, 0.007]
[0.028, -0.025, 0.009]
[0.026, -0.024, 0.01]
[0.023, -0.024, 0.011]
[0.018, -0.023, 0.011]
[0.015, -0.022, 0.011]
[0.011, -0.022, 0.011]
[0.009, -0.021, 0.01]
[0.01, -0.02, 0.008]
[0.016, -0.018, 0.005]
[0.026, -0.016, 0.004]
[0.033, -0.015, 0.002]
[0.038, -0.013, 0.003]
[0.038, -0.013, 0.003]
[0.034, -0.012, 0.005]
[0.028, -0.011, 0.006]
[0.022, -0.01, 0.007]
[0.019, -0.009, 0.006]
[0.018, -0.008, 0.006]
[0.02, -0.006, 0.004]
[0.022, -0.005, 0.004]
[0.022, -0.004, 0.002]
[0.023, -0.004, 0.001]
[0.023, -0.003, 0.003]
[0.027, -0.003, 0.005]
[0.033, -0.002, 0.009]
[0.04, -0.0, 0.012]
[0.048, 0.0, 0.014]
[0.069, 0.0, 0.015]
[0.069, 0.0, 0.015]
[0.08, -0.001, 0.016]
[0.091, -0.002, 0.017]
[0.101, -0.002, 0.018]
[0.11, -0.002, 0.018]
[0.119, -0.002, 0.019]
[0.128, -0.001, 0.019]
[0.141, -0.0, 0.02]
[0.141, -0.0, 0.02]
[0.146, -0.0, 0.02]
[0.152, 0.0, 0.021]
[0.157, 0.001, 0.022]
[0.161, 0.001, 0.023]
[0.164, 0.001, 0.023]
[0.167, 0.002, 0.022]
[0.167, 0.002, 0.022]
[0.168, 0.002, 0.021]
[0.169, 0.002, 0.021]
[0.17, 0.002, 0.021]
[0.171, 0.002, 0.021]
[0.171, 0.002, 0.021]
[0.169, 0.003, 0.021]
[0.165, 0.003, 0.022]
[0.157, 0.005, 0.023]
[0.157, 0.005, 0.023]
[0.154, 0.005, 0.025]
[0.149, 0.006, 0.026]
[0.139, 0.008, 0.026]
[0.139, 0.008, 0.026]
[0.133, 0.009, 0.025]
[0.129, 0.009, 0.025]
[0.126, 0.009, 0.025]
[0.123, 0.01, 0.024]
[0.119, 0.011, 0.022]
[0.116, 0.012, 0.02]
[0.114, 0.014, 0.018]
[0.112, 0.015, 0.016]
[0.111, 0.016, 0.015]
[0.108, 0.017, 0.015]
[0.103, 0.019, 0.014]
[0.103, 0.019, 0.014]
[0.1, 0.019, 0.013]
[0.1, 0.02, 0.013]
[0.097, 0.021, 0.012]
[0.097, 0.021, 0.012]
[0.094, 0.022, 0.012]
[0.091, 0.023, 0.011]
[0.087, 0.023, 0.01]
[0.087, 0.023, 0.01]
[0.086, 0.024, 0.01]
[0.087, 0.024, 0.011]
[0.087, 0.025, 0.011]
[0.088, 0.025, 0.011]
[0.088, 0.025, 0.011]
[0.086, 0.025, 0.011]
[0.084, 0.026, 0.01]
[0.084, 0.026, 0.01]
[0.085, 0.026, 0.01]
[0.087, 0.026, 0.01]
[0.091, 0.026, 0.011]
[0.094, 0.026, 0.013]
[0.097, 0.025, 0.015]
[0.101, 0.024, 0.017]
[0.108, 0.022, 0.022]
[0.108, 0.022, 0.022]
[0.113, 0.021, 0.024]
[0.116, 0.02, 0.026]
[0.121, 0.017, 0.028]
[0.121, 0.017, 0.028]
[0.124, 0.016, 0.028]
[0.128, 0.016, 0.028]
[0.131, 0.015, 0.027]
[0.133, 0.014, 0.027]
[0.136, 0.013, 0.026]
[0.137, 0.012, 0.024]
[0.14, 0.011, 0.022]
[0.143, 0.009, 0.019]
[0.147, 0.007, 0.017]
[0.152, 0.004, 0.014]
[0.157, 0.001, 0.011]
[0.162, -0.002, 0.007]
[0.165, -0.004, 0.003]
[0.167, -0.006, -0.001]
[0.172, -0.008, -0.009]
[0.172, -0.008, -0.009]
[0.175, -0.009, -0.012]
[0.18, -0.01, -0.015]
[0.19, -0.01, -0.018]
[0.19, -0.01, -0.018]
[0.194, -0.011, -0.02]
[0.197, -0.012, -0.022]
[0.2, -0.014, -0.026]
[0.2, -0.014, -0.026]
[0.203, -0.014, -0.028]
[0.205, -0.014, -0.03]
[0.209, -0.014, -0.032]
[0.209, -0.014, -0.032]
[0.211, -0.014, -0.032]
[0.212, -0.015, -0.032]
[0.215, -0.014, -0.034]
[0.215, -0.014, -0.034]
[0.216, -0.014, -0.035]
[0.217, -0.014, -0.036]
[0.214, -0.014, -0.039]
[0.214, -0.014, -0.039]
[0.212, -0.013, -0.042]
[0.208, -0.013, -0.044]
[0.199, -0.012, -0.047]
[0.199, -0.012, -0.047]
[0.193, -0.012, -0.047]
[0.186, -0.012, -0.047]
[0.179, -0.012, -0.045]
[0.174, -0.012, -0.043]
[0.169, -0.011, -0.041]
[0.162, -0.01, -0.039]
[0.149, -0.005, -0.035]
[0.149, -0.005, -0.035]
[0.142, -0.002, -0.033]
[0.138, 0.0, -0.031]
[0.133, 0.003, -0.028]
[0.127, 0.006, -0.026]
[0.124, 0.008, -0.023]
[0.12, 0.011, -0.02]
[0.118, 0.013, -0.016]
[0.118, 0.014, -0.013]
[0.119, 0.016, -0.008]
[0.12, 0.018, -0.003]
[0.121, 0.02, 0.003]
[0.121, 0.023, 0.011]
[0.122, 0.027, 0.026]
[0.122, 0.027, 0.026]
[0.121, 0.029, 0.034]
[0.12, 0.03, 0.043]
[0.116, 0.032, 0.048]
[0.113, 0.033, 0.054]
[0.108, 0.037, 0.063]
[0.108, 0.037, 0.063]
[0.107, 0.038, 0.068]
[0.108, 0.039, 0.075]
[0.108, 0.04, 0.087]
[0.108, 0.04, 0.087]
[0.106, 0.041, 0.092]
[0.104, 0.043, 0.097]
[0.103, 0.045, 0.1]
[0.103, 0.045, 0.1]
[0.103, 0.046, 0.101]
[0.103, 0.047, 0.101]
[0.104, 0.049, 0.101]
[0.104, 0.049, 0.101]
[0.105, 0.05, 0.1]
[0.107, 0.051, 0.099]
[0.108, 0.052, 0.097]
[0.109, 0.053, 0.095]
[0.109, 0.054, 0.093]
[0.107, 0.056, 0.09]
[0.103, 0.06, 0.079]
[0.103, 0.06, 0.079]
[0.104, 0.062, 0.073]
[0.107, 0.063, 0.066]
[0.112, 0.066, 0.052]
[0.112, 0.066, 0.052]
[0.111, 0.068, 0.042]
[0.109, 0.07, 0.03]
[0.107, 0.072, 0.011]
[0.107, 0.072, 0.011]
[0.107, 0.074, 0.004]
[0.107, 0.074, -0.003]
[0.1, 0.077, -0.022]
[0.1, 0.077, -0.022]
[0.096, 0.081, -0.033]
[0.096, 0.085, -0.046]
[0.104, 0.091, -0.076]
[0.104, 0.091, -0.076]
[0.11, 0.092, -0.089]
[0.115, 0.094, -0.099]
[0.124, 0.097, -0.115]
[0.124, 0.097, -0.115]
[0.128, 0.1, -0.124]
[0.132, 0.102, -0.133]
[0.136, 0.104, -0.141]
[0.138, 0.105, -0.148]
[0.139, 0.106, -0.156]
[0.14, 0.106, -0.163]
[0.141, 0.106, -0.17]
[0.144, 0.106, -0.177]
[0.146, 0.105, -0.182]
[0.149, 0.106, -0.186]
[0.154, 0.106, -0.19]
[0.158, 0.106, -0.194]
[0.161, 0.106, -0.198]
[0.164, 0.107, -0.201]
[0.166, 0.106, -0.205]
[0.169, 0.106, -0.208]
[0.17, 0.106, -0.213]
[0.172, 0.106, -0.218]
[0.173, 0.105, -0.222]
[0.173, 0.104, -0.227]
[0.173, 0.103, -0.23]
[0.173, 0.102, -0.233]
[0.173, 0.1, -0.235]
[0.174, 0.098, -0.237]
[0.175, 0.096, -0.239]
[0.176, 0.094, -0.242]
[0.177, 0.093, -0.245]
[0.178, 0.092, -0.251]
[0.177, 0.092, -0.256]
[0.176, 0.091, -0.259]
[0.177, 0.09, -0.26]
[0.179, 0.088, -0.26]
[0.183, 0.087, -0.257]
[0.185, 0.085, -0.255]
[0.187, 0.082, -0.249]
[0.188, 0.079, -0.242]
[0.19, 0.074, -0.234]
[0.191, 0.07, -0.227]
[0.193, 0.067, -0.222]
[0.193, 0.063, -0.215]
[0.192, 0.058, -0.209]
[0.194, 0.055, -0.203]
[0.196, 0.05, -0.196]
[0.196, 0.047, -0.191]
[0.196, 0.042, -0.186]
[0.195, 0.038, -0.181]
[0.195, 0.034, -0.176]
[0.195, 0.031, -0.172]
[0.193, 0.028, -0.168]
[0.193, 0.025, -0.165]
[0.191, 0.021, -0.161]
[0.192, 0.018, -0.154]
[0.194, 0.015, -0.148]
[0.196, 0.012, -0.14]
[0.199, 0.008, -0.131]
[0.203, -0.0, -0.11]
[0.203, -0.0, -0.11]
[0.203, -0.005, -0.097]
[0.206, -0.01, -0.084]
[0.211, -0.015, -0.067]
[0.211, -0.018, -0.051]
[0.214, -0.021, -0.035]
[0.213, -0.023, -0.023]
[0.215, -0.025, -0.014]
[0.219, -0.028, -0.005]
[0.222, -0.029, 0.003]
[0.227, -0.031, 0.012]
[0.23, -0.032, 0.018]
[0.233, -0.033, 0.023]
[0.236, -0.034, 0.027]
[0.239, -0.035, 0.03]
[0.241, -0.036, 0.034]
[0.243, -0.038, 0.037]
[0.243, -0.041, 0.042]
[0.243, -0.041, 0.042]
[0.242, -0.042, 0.043]
[0.242, -0.042, 0.043]
[0.242, -0.043, 0.043]
[0.243, -0.043, 0.043]
[0.244, -0.043, 0.042]
[0.245, -0.043, 0.042]
[0.246, -0.043, 0.043]
[0.249, -0.043, 0.043]
[0.251, -0.042, 0.042]
[0.254, -0.042, 0.042]
[0.257, -0.041, 0.041]
[0.261, -0.041, 0.041]
[0.27, -0.04, 0.041]
[0.27, -0.04, 0.041]
[0.278, -0.04, 0.04]
[0.289, -0.04, 0.038]
[0.317, -0.041, 0.034]
[0.317, -0.041, 0.034]
[0.327, -0.043, 0.034]
[0.335, -0.044, 0.033]
[0.36, -0.044, 0.025]
[0.36, -0.044, 0.025]
[0.37, -0.044, 0.022]
[0.379, -0.044, 0.019]
[0.393, -0.044, 0.016]
[0.393, -0.044, 0.016]
[0.4, -0.044, 0.015]
[0.406, -0.044, 0.014]
[0.414, -0.044, 0.015]
[0.422, -0.044, 0.016]
[0.43, -0.044, 0.017]
[0.438, -0.044, 0.019]
[0.448, -0.044, 0.02]
[0.459, -0.044, 0.022]
[0.474, -0.044, 0.023]
[0.485, -0.044, 0.025]
[0.493, -0.043, 0.025]
[0.5, -0.042, 0.025]
[0.511, -0.04, 0.024]
[0.511, -0.04, 0.024]
[0.518, -0.04, 0.023]
[0.524, -0.039, 0.021]
[0.531, -0.038, 0.02]
[0.536, -0.037, 0.018]
[0.543, -0.037, 0.017]
[0.548, -0.036, 0.016]
[0.552, -0.036, 0.016]
[0.555, -0.035, 0.016]
[0.558, -0.035, 0.017]
[0.559, -0.034, 0.017]
[0.559, -0.034, 0.017]
[0.559, -0.034, 0.016]
[0.559, -0.033, 0.015]
[0.56, -0.033, 0.014]
[0.56, -0.032, 0.012]
[0.561, -0.031, 0.01]
[0.56, -0.03, 0.009]
[0.559, -0.029, 0.008]
[0.558, -0.028, 0.008]
[0.556, -0.028, 0.008]
[0.556, -0.027, 0.007]
[0.555, -0.026, 0.006]
[0.554, -0.025, 0.005]
[0.551, -0.024, 0.005]
[0.544, -0.022, 0.007]
[0.544, -0.022, 0.007]
[0.541, -0.021, 0.008]
[0.539, -0.021, 0.009]
[0.538, -0.02, 0.01]
[0.538, -0.02, 0.011]
[0.537, -0.019, 0.013]
[0.534, -0.018, 0.015]
[0.529, -0.017, 0.017]
[0.519, -0.015, 0.019]
[0.507, -0.014, 0.019]
[0.494, -0.013, 0.019]
[0.484, -0.011, 0.02]
[0.47, -0.009, 0.021]
[0.44, -0.006, 0.023]
[0.44, -0.006, 0.023]
[0.424, -0.004, 0.021]
[0.414, -0.003, 0.021]
[0.399, -0.001, 0.02]
[0.386, 0.001, 0.02]
[0.372, 0.002, 0.019]
[0.359, 0.004, 0.018]
[0.349, 0.005, 0.016]
[0.338, 0.006, 0.013]
[0.329, 0.006, 0.011]
[0.319, 0.007, 0.008]
[0.311, 0.007, 0.006]
[0.304, 0.008, 0.005]
[0.297, 0.008, 0.003]
[0.288, 0.008, 0.002]
[0.278, 0.009, 0.0]
[0.259, 0.009, -0.002]
[0.259, 0.009, -0.002]
[0.252, 0.009, -0.003]
[0.244, 0.009, -0.003]
[0.23, 0.01, -0.004]
[0.23, 0.01, -0.004]
[0.223, 0.01, -0.005]
[0.217, 0.01, -0.006]
[0.212, 0.011, -0.006]
[0.207, 0.01, -0.007]
[0.204, 0.011, -0.008]
[0.201, 0.011, -0.009]
[0.198, 0.011, -0.01]
[0.195, 0.011, -0.011]
[0.192, 0.012, -0.011]
[0.188, 0.012, -0.012]
[0.184, 0.013, -0.012]
[0.179, 0.013, -0.012]
[0.175, 0.014, -0.013]
[0.169, 0.014, -0.013]
[0.162, 0.015, -0.013]
[0.156, 0.016, -0.014]
[0.151, 0.017, -0.014]
[0.148, 0.018, -0.014]
[0.145, 0.018, -0.014]
[0.142, 0.019, -0.014]
[0.138, 0.019, -0.014]
[0.135, 0.019, -0.014]
[0.133, 0.019, -0.013]
[0.134, 0.019, -0.012]
[0.137, 0.02, -0.01]
[0.138, 0.021, -0.009]
[0.14, 0.023, -0.009]
[0.14, 0.024, -0.008]
[0.141, 0.026, -0.009]
[0.144, 0.027, -0.009]
[0.148, 0.028, -0.01]
[0.152, 0.029, -0.01]
[0.156, 0.03, -0.01]
[0.161, 0.032, -0.01]
[0.163, 0.033, -0.011]
[0.165, 0.035, -0.011]
[0.165, 0.037, -0.01]
[0.165, 0.038, -0.01]
[0.164, 0.04, -0.008]
[0.164, 0.041, -0.008]
[0.164, 0.043, -0.009]
[0.164, 0.044, -0.011]
[0.166, 0.044, -0.013]
[0.166, 0.043, -0.014]
[0.166, 0.043, -0.014]
[0.166, 0.042, -0.014]
[0.165, 0.04, -0.014]
[0.163, 0.04, -0.014]
[0.16, 0.04, -0.013]
[0.156, 0.04, -0.013]
[0.149, 0.041, -0.012]
[0.143, 0.042, -0.013]
[0.136, 0.043, -0.015]
[0.131, 0.045, -0.017]
[0.122, 0.047, -0.019]
[0.113, 0.048, -0.019]
[0.1, 0.049, -0.021]
[0.089, 0.049, -0.022]
[0.082, 0.048, -0.024]
[0.077, 0.048, -0.026]
[0.075, 0.048, -0.027]
[0.072, 0.048, -0.028]
[0.068, 0.049, -0.028]
[0.063, 0.05, -0.027]
[0.057, 0.051, -0.025]
[0.05, 0.052, -0.023]
[0.046, 0.053, -0.022]
[0.043, 0.054, -0.02]
[0.041, 0.054, -0.02]
[0.041, 0.054, -0.02]
[0.039, 0.053, -0.02]
[0.036, 0.053, -0.019]
[0.033, 0.052, -0.016]
[0.032, 0.051, -0.014]
[0.032, 0.05, -0.012]
[0.037, 0.049, -0.009]
[0.041, 0.048, -0.007]
[0.045, 0.047, -0.006]
[0.048, 0.047, -0.004]
[0.051, 0.046, -0.003]
[0.054, 0.045, -0.003]
[0.057, 0.044, -0.003]
[0.059, 0.044, -0.003]
[0.061, 0.044, -0.004]
[0.061, 0.043, -0.005]
[0.063, 0.043, -0.006]
[0.064, 0.043, -0.007]
[0.067, 0.042, -0.009]
[0.071, 0.041, -0.009]
[0.074, 0.04, -0.01]
[0.074, 0.04, -0.01]
[0.074, 0.039, -0.009]
[0.075, 0.039, -0.009]
[0.082, 0.038, -0.008]
[0.082, 0.038, -0.008]
[0.086, 0.037, -0.008]
[0.089, 0.037, -0.007]
[0.093, 0.035, -0.008]
[0.093, 0.035, -0.008]
[0.095, 0.035, -0.008]
[0.098, 0.034, -0.008]
[0.1, 0.033, -0.007]
[0.103, 0.032, -0.006]
[0.105, 0.031, -0.005]
[0.108, 0.03, -0.004]
[0.111, 0.029, -0.004]
[0.113, 0.028, -0.004]
[0.115, 0.027, -0.004]
[0.117, 0.026, -0.004]
[0.119, 0.026, -0.002]
[0.12, 0.025, -0.001]
[0.119, 0.025, -0.001]
[0.12, 0.024, -0.0]
[0.12, 0.024, -0.001]
[0.123, 0.023, -0.002]
[0.126, 0.023, -0.003]
[0.128, 0.023, -0.004]
[0.129, 0.022, -0.004]
[0.129, 0.021, -0.004]
[0.131, 0.021, -0.002]
[0.134, 0.02, -0.002]
[0.137, 0.02, -0.002]
[0.14, 0.021, -0.002]
[0.143, 0.021, -0.001]
[0.149, 0.022, 0.0]
[0.149, 0.022, 0.0]
[0.153, 0.023, 0.001]
[0.157, 0.024, -0.0]
[0.162, 0.025, 0.0]
[0.172, 0.025, 0.0]
[0.172, 0.025, 0.0]
[0.177, 0.026, -0.0]
[0.184, 0.027, -0.001]
[0.184, 0.027, -0.001]
[0.186, 0.028, -0.0]
[0.187, 0.029, 0.001]
[0.189, 0.03, 0.002]
[0.191, 0.03, 0.002]
[0.193, 0.031, 0.002]
[0.193, 0.032, 0.002]
[0.193, 0.033, 0.001]
[0.193, 0.033, 0.001]
[0.193, 0.034, 0.001]
[0.192, 0.035, 0.001]
[0.189, 0.037, -0.001]
[0.189, 0.037, -0.001]
[0.186, 0.037, -0.001]
[0.184, 0.038, -0.001]
[0.182, 0.038, -0.001]
[0.18, 0.038, 0.0]
[0.18, 0.038, 0.0]
[0.181, 0.038, 0.001]
[0.184, 0.038, 0.001]
[0.188, 0.038, 0.001]
[0.191, 0.039, 0.001]
[0.193, 0.039, 0.001]
[0.192, 0.039, 0.001]
[0.19, 0.04, 0.0]
[0.186, 0.041, -0.001]
[0.183, 0.042, -0.002]
[0.179, 0.043, -0.003]
[0.178, 0.044, -0.004]
