A0
A1
A2
A3
A4
A5
A6
A7
A8
A9
A10
A11
A12
A13
A14
A15
A16
A17
A18
A19
A20
A21
A22
A23
A24
A25
A26
A27
A28
--- [0.87, 0.67, 1.0, 1.0, 0.24, 0.24, 0.05, 0.13, 0.51, 0.54, 0.4, 0.38, 0.0, -0.0, 1.0, 0.21, 0.75, 0.6, 0.49, 0.8, 0.75, 0.46, 0.86, 0.55, 0.43, 0.55, 0.45, 0.0, 0.5, 99, 99, 99]
into servo loop...
start test new
list:  [0.37, 0.37, 0.63, 0.63, 1, 1, 0.16199999999999998, 0.16199999999999998, 0.46, 0.46, 0.33, 0.39, 0.08999999999999991, 0.05999999999999989, 1, 0.22, 0.99, 0.63, 0.26, 0.99, 0.99, 0.26, 0.26, 0.61, 0.42, 0.59, 0.43, 0.01, 0.54, 99, 99, 99]
--- num:  29
list:  [0.32, 0.32, 0.5, 0.5, 1, 1, 0.16199999999999998, 0.16199999999999998, 0.46, 0.46, 0.33, 0.39, 0.13499999999999995, 0.10499999999999993, 1, 0.23, 0.99, 0.64, 0.27, 0.99, 0.99, 0.27, 0.27, 0.64, 0.41, 0.62, 0.42, 0.02, 0.58, 99, 99, 99]
--- num:  29
list:  [0.32, 0.32, 0.51, 0.51, 1, 1, 0.16199999999999998, 0.16199999999999998, 0.47, 0.47, 0.33, 0.39, 0.11999999999999994, 0.08999999999999991, 1, 0.23, 1.0, 0.63, 0.26, 1.0, 1.0, 0.26, 0.26, 0.63, 0.42, 0.61, 0.42, 0.02, 0.58, 99, 99, 99]
--- num:  29
list:  [0.35, 0.35, 0.57, 0.57, 1, 1, 0.24974853873252867, 0.2485478627681732, 0.34, 0.34, 0.32, 0.4, 0.13499999999999995, 0.10499999999999993, 1, 0.23, 0.965, 0.63, 0.28, 0.96, 0.97, 0.28, 0.28, 0.64, 0.41, 0.62, 0.42, 0.02, 0.54, 99, 99, 99]
--- num:  29
list:  [0.4, 0.4, 0.7, 0.7, 1, 1, 0.16199999999999998, 0.16199999999999998, 0.42, 0.42, 0.31, 0.41, 0.13499999999999995, 0.10499999999999993, 1, 0.23, 0.97, 0.63, 0.27, 0.97, 0.97, 0.27, 0.27, 0.64, 0.41, 0.62, 0.42, 0.02, 0.54, 99, 99, 99]
--- num:  29
list:  [0.42, 0.42, 0.74, 0.74, 1, 1, 0.16199999999999998, 0.16199999999999998, 0.43, 0.43, 0.31, 0.4, 0.11999999999999994, 0.08999999999999991, 1, 0.23, 0.98, 0.63, 0.26, 0.98, 0.98, 0.26, 0.26, 0.63, 0.41, 0.61, 0.42, 0.02, 0.54, 99, 99, 99]
--- num:  29
list:  [0.56, 0.56, 1, 1, 0.98, 0.98, 0.9168172883987427, 0.9154022741317749, 0.31, 0.31, 0.33, 0.39, 0.11999999999999994, 0.10499999999999993, 1, 0.24, 0.955, 0.65, 0.3, 0.95, 0.96, 0.3, 0.3, 0.63, 0.41, 0.62, 0.42, 0.02, 0.54, 99, 99, 99]
--- num:  29
list:  [0.57, 0.57, 1, 1, 0.97, 0.97, 0.9415322351455688, 0.9413953232765198, 0.29, 0.29, 0.33, 0.39, 0.11999999999999994, 0.11999999999999994, 0.75, 0.26, 0.935, 0.65, 0.3, 0.93, 0.94, 0.3, 0.3, 0.63, 0.41, 0.63, 0.41, 0.02, 0.53, 99, 99, 99]
--- num:  29
list:  [0.38, 0.38, 0.65, 0.65, 1, 1, 0.16199999999999998, 0.16199999999999998, 0.36, 0.36, 0.34, 0.38, 0.13499999999999995, 0.11999999999999994, 1, 0.24, 0.965, 0.64, 0.27, 0.96, 0.97, 0.27, 0.27, 0.64, 0.41, 0.63, 0.41, 0.02, 0.53, 99, 99, 99]
--- num:  29
list:  [0.42, 0.42, 0.75, 0.75, 1, 1, 0.16199999999999998, 0.16199999999999998, 0.37, 0.37, 0.35, 0.37, 0.13499999999999995, 0.10499999999999993, 1, 0.23, 0.975, 0.64, 0.27, 0.97, 0.98, 0.27, 0.27, 0.64, 0.41, 0.62, 0.42, 0.02, 0.53, 99, 99, 99]
--- num:  29
list:  [0.44, 0.44, 0.78, 0.78, 1, 1, 0.16199999999999998, 0.16199999999999998, 0.36, 0.36, 0.36, 0.36, 0.13499999999999995, 0.10499999999999993, 1, 0.23, 0.98, 0.63, 0.26, 0.98, 0.98, 0.26, 0.26, 0.64, 0.41, 0.62, 0.42, 0.01, 0.53, 99, 99, 99]
--- num:  29
list:  [0.44, 0.44, 0.78, 0.78, 1, 1, 0.16199999999999998, 0.16199999999999998, 0.35, 0.35, 0.37, 0.35, 0.13499999999999995, 0.10499999999999993, 1, 0.23, 0.98, 0.63, 0.26, 0.98, 0.98, 0.26, 0.26, 0.64, 0.41, 0.62, 0.42, 0.01, 0.53, 99, 99, 99]
--- num:  29
list:  [0.56, 0.56, 1, 1, 0.98, 0.98, 0.7991208243370056, 0.7967569041252136, 0.18, 0.18, 0.38, 0.35, 0.13499999999999995, 0.11999999999999994, 1, 0.24, 0.96, 0.64, 0.3, 0.96, 0.96, 0.3, 0.3, 0.64, 0.41, 0.63, 0.41, 0.02, 0.52, 99, 99, 99]
--- num:  29
list:  [0.56, 0.56, 1, 1, 0.98, 0.98, 0.19061125397682188, 0.18980232954025267, 0.29, 0.29, 0.39, 0.34, 0.13499999999999995, 0.13499999999999995, 1, 0.25, 0.96, 0.65, 0.28, 0.96, 0.96, 0.28, 0.28, 0.64, 0.41, 0.64, 0.41, 0.02, 0.5, 99, 99, 99]
--- num:  29
list:  [0.44, 0.44, 0.79, 0.79, 1, 1, 0.16199999999999998, 0.16199999999999998, 0.31, 0.31, 0.39, 0.33, 0.14999999999999997, 0.13499999999999995, 1, 0.23, 0.97, 0.64, 0.27, 0.97, 0.97, 0.27, 0.27, 0.65, 0.41, 0.64, 0.41, 0.02, 0.51, 99, 99, 99]
--- num:  29
list:  [0.45, 0.45, 0.81, 0.81, 1, 1, 0.16199999999999998, 0.16199999999999998, 0.31, 0.31, 0.39, 0.33, 0.14999999999999997, 0.13499999999999995, 1, 0.23, 0.98, 0.63, 0.27, 0.98, 0.98, 0.27, 0.27, 0.65, 0.41, 0.64, 0.41, 0.02, 0.5, 99, 99, 99]
--- num:  29
list:  [0.44, 0.44, 0.8, 0.8, 1, 1, 0.16199999999999998, 0.16199999999999998, 0.37, 0.37, 0.37, 0.35, 0.14999999999999997, 0.11999999999999994, 1, 0.23, 0.98, 0.63, 0.27, 0.98, 0.98, 0.27, 0.27, 0.65, 0.41, 0.63, 0.41, 0.01, 0.49, 99, 99, 99]
--- num:  29
list:  [0.46, 0.46, 0.83, 0.83, 1, 1, 0.16199999999999998, 0.16199999999999998, 0.4, 0.4, 0.35, 0.37, 0.13499999999999995, 0.10499999999999993, 1, 0.23, 0.98, 0.63, 0.27, 0.98, 0.98, 0.27, 0.27, 0.64, 0.41, 0.62, 0.42, 0.01, 0.5, 99, 99, 99]
--- num:  29
list:  [0.46, 0.46, 0.83, 0.83, 1, 1, 0.16199999999999998, 0.16199999999999998, 0.41, 0.41, 0.34, 0.38, 0.11999999999999994, 0.10499999999999993, 1, 0.23, 0.98, 0.63, 0.27, 0.98, 0.98, 0.27, 0.27, 0.63, 0.41, 0.62, 0.42, 0.01, 0.5, 99, 99, 99]
--- num:  29
list:  [0.46, 0.46, 0.84, 0.84, 1, 1, 0.16199999999999998, 0.16199999999999998, 0.43, 0.43, 0.33, 0.39, 0.11999999999999994, 0.10499999999999993, 1, 0.22, 0.98, 0.63, 0.27, 0.98, 0.98, 0.27, 0.27, 0.63, 0.42, 0.62, 0.42, 0.02, 0.51, 99, 99, 99]
--- num:  29
list:  [0.46, 0.46, 0.84, 0.84, 1, 1, 0.16199999999999998, 0.16199999999999998, 0.44, 0.44, 0.31, 0.41, 0.11999999999999994, 0.10499999999999993, 1, 0.22, 0.99, 0.63, 0.27, 0.99, 0.99, 0.27, 0.27, 0.63, 0.42, 0.62, 0.42, 0.02, 0.52, 99, 99, 99]
--- num:  29
list:  [0.46, 0.46, 0.84, 0.84, 1, 1, 0.16199999999999998, 0.16199999999999998, 0.45, 0.45, 0.3, 0.42, 0.11999999999999994, 0.08999999999999991, 1, 0.22, 0.99, 0.63, 0.27, 0.99, 0.99, 0.27, 0.27, 0.63, 0.42, 0.61, 0.42, 0.02, 0.52, 99, 99, 99]
--- num:  29
list:  [0.46, 0.46, 0.83, 0.83, 1, 1, 0.16199999999999998, 0.16199999999999998, 0.44, 0.44, 0.3, 0.42, 0.11999999999999994, 0.08999999999999991, 1, 0.22, 0.99, 0.63, 0.27, 0.99, 0.99, 0.27, 0.27, 0.63, 0.42, 0.61, 0.42, 0.02, 0.53, 99, 99, 99]
--- num:  29
list:  [0.46, 0.46, 0.84, 0.84, 1, 1, 0.16199999999999998, 0.16199999999999998, 0.44, 0.44, 0.3, 0.42, 0.10499999999999993, 0.0749999999999999, 1, 0.22, 0.99, 0.63, 0.26, 0.99, 0.99, 0.26, 0.26, 0.62, 0.42, 0.6, 0.43, 0.02, 0.55, 99, 99, 99]
--- num:  29
list:  [0.47, 0.47, 0.86, 0.86, 1, 1, 0.16199999999999998, 0.16199999999999998, 0.44, 0.44, 0.31, 0.41, 0.10499999999999993, 0.05999999999999989, 1, 0.22, 0.99, 0.63, 0.26, 0.99, 0.99, 0.26, 0.26, 0.62, 0.42, 0.59, 0.43, 0.02, 0.57, 99, 99, 99]
--- num:  29
list:  [0.47, 0.47, 0.87, 0.87, 1, 1, 0.16199999999999998, 0.16199999999999998, 0.38, 0.38, 0.34, 0.38, 0.11999999999999994, 0.05999999999999989, 1, 0.22, 0.99, 0.63, 0.26, 0.99, 0.99, 0.26, 0.26, 0.63, 0.42, 0.59, 0.43, 0.02, 0.58, 99, 99, 99]
--- num:  29
list:  [0.46, 0.46, 0.84, 0.84, 1, 1, 0.16199999999999998, 0.16199999999999998, 0.36, 0.36, 0.34, 0.38, 0.14999999999999997, 0.08999999999999991, 1, 0.22, 0.99, 0.63, 0.26, 0.99, 0.99, 0.26, 0.26, 0.65, 0.41, 0.61, 0.42, 0.02, 0.57, 99, 99, 99]
--- num:  29
list:  [0.42, 0.42, 0.73, 0.73, 1, 1, 0.16199999999999998, 0.16199999999999998, 0.36, 0.36, 0.34, 0.38, 0.29999999999999993, 0.2699999999999999, 1, 0.29, 0.865, 0.68, 0.48, 0.86, 0.87, 0.48, 0.48, 0.75, 0.36, 0.73, 0.37, 0.11, 0.54, 99, 99, 99]
--- num:  29
list:  [0.56, 0.56, 1, 1, 0.98, 0.98, 0.16199999999999998, 0.16199999999999998, 0.36, 0.36, 0.34, 0.38, 0.75, 0.735, 1, 0.29, 0.77, 0.68, 0.56, 0.77, 0.77, 0.56, 0.56, 1.05, 0.23, 1.04, 0.23, 0.14, 0.48, 99, 99, 99]
--- num:  29
list:  [0.56, 0.56, 1, 1, 0.98, 0.98, 0.16199999999999998, 0.16199999999999998, 0.36, 0.36, 0.34, 0.38, 0.81, 0.81, 0.75, 0.27, 0.74, 0.66, 0.56, 0.74, 0.74, 0.56, 0.56, 1.09, 0.21, 1.09, 0.21, 0.14, 0.44, 99, 99, 99]
--- num:  29
list:  [0.56, 0.56, 1, 1, 0.98, 0.98, 0.16199999999999998, 0.16199999999999998, 0.36, 0.36, 0.34, 0.38, 0.81, 0.81, 0.75, 0.26, 0.6749999999999999, 0.65, 0.56, 0.6799999999999999, 0.6699999999999999, 0.56, 0.56, 1.09, 0.21, 1.09, 0.21, 0.14, 0.41, 99, 99, 99]
--- num:  29
list:  [0.55, 0.55, 1, 1, 0.98, 0.98, 0.16199999999999998, 0.16199999999999998, 0.34, 0.34, 0.34, 0.39, 0.81, 0.81, 0.75, 0.25, 0.61, 0.65, 0.56, 0.62, 0.6, 0.56, 0.56, 1.09, 0.21, 1.09, 0.21, 0.12, 0.38, 99, 99, 99]
--- num:  29
list:  [0.35, 0.35, 0.57, 0.57, 1, 1, 0.16199999999999998, 0.16199999999999998, 0.34, 0.34, 0.34, 0.38, 0.81, 0.81, 0.75, 0.25, 0.605, 0.65, 0.56, 0.61, 0.6, 0.56, 0.56, 1.09, 0.21, 1.09, 0.21, 0.12, 0.36, 99, 99, 99]
--- num:  29
list:  [0.34, 0.34, 0.56, 0.56, 1, 1, 0.16199999999999998, 0.16199999999999998, 0.34, 0.34, 0.37, 0.36, 0.81, 0.81, 0.75, 0.24, 0.615, 0.64, 0.56, 0.62, 0.61, 0.56, 0.56, 1.09, 0.21, 1.09, 0.21, 0.11, 0.34, 99, 99, 99]
--- num:  29
list:  [0.28, 0.28, 0.42, 0.42, 1, 1, 0.16199999999999998, 0.16199999999999998, 0.44, 0.44, 0.58, 0.15, 0.81, 0.81, 0.75, 0.24, 0.64, 0.64, 0.56, 0.64, 0.64, 0.56, 0.56, 1.09, 0.21, 1.09, 0.21, 0.11, 0.34, 99, 99, 99]
--- num:  29
list:  [0.29, 0.29, 0.44, 0.44, 1, 1, 0.16199999999999998, 0.16199999999999998, 0.45, 0.45, 0.58, 0.15, 0.81, 0.81, 0.75, 0.24, 0.6, 0.65, 0.56, 0.6, 0.6, 0.56, 0.56, 1.09, 0.21, 1.09, 0.21, 0.13, 0.32, 99, 99, 99]
--- num:  29
list:  [0.26, 0.26, 0.37, 0.37, 1, 1, 0.16199999999999998, 0.16199999999999998, 0.44, 0.44, 0.57, 0.16, 0.81, 0.81, 0.75, 0.24, 0.525, 0.64, 0.56, 0.53, 0.52, 0.56, 0.56, 1.09, 0.21, 1.09, 0.21, 0.14, 0.31, 99, 99, 99]
--- num:  29
list:  [0.24, 0.24, 0.33, 0.33, 1, 1, 0.16199999999999998, 0.16199999999999998, 0.44, 0.44, 0.57, 0.16, 0.81, 0.81, 0.75, 0.24, 0.475, 0.64, 0.56, 0.48, 0.47, 0.56, 0.56, 1.09, 0.21, 1.09, 0.21, 0.15, 0.29, 99, 99, 99]
--- num:  29
list:  [0.24, 0.24, 0.33, 0.33, 1, 1, 0.16199999999999998, 0.16199999999999998, 0.44, 0.44, 0.57, 0.15, 0.81, 0.81, 0.75, 0.24, 0.445, 0.64, 0.56, 0.45, 0.44, 0.56, 0.56, 1.09, 0.21, 1.09, 0.21, 0.15, 0.28, 99, 99, 99]
--- num:  29
list:  [0.21, 0.21, 0.26, 0.26, 1, 1, 0.16199999999999998, 0.16199999999999998, 0.44, 0.44, 0.6, 0.13, 0.81, 0.81, 0.75, 0.24, 0.41500000000000004, 0.64, 0.56, 0.43, 0.4, 0.56, 0.56, 1.09, 0.21, 1.09, 0.21, 0.16, 0.28, 99, 99, 99]
--- num:  29
list:  [0.2, 0.2, 0.23, 0.23, 1, 1, 0.16199999999999998, 0.16199999999999998, 0.45, 0.45, 0.59, 0.14, 0.81, 0.81, 0.75, 0.24, 0.375, 0.64, 0.56, 0.39, 0.36, 0.56, 0.56, 1.09, 0.21, 1.09, 0.21, 0.17, 0.27, 99, 99, 99]
--- num:  29
list:  [0.24, 0.24, 0.32, 0.32, 1, 1, 0.3740669298171997, 0.37381146430969237, 0.29, 0.29, 0.42, 0.3, 0.81, 0.81, 0.75, 0.24, 0.365, 0.64, 0.56, 0.38, 0.35, 0.56, 0.56, 1.09, 0.21, 1.09, 0.21, 0.18, 0.26, 99, 99, 99]
--- num:  29
list:  [0.29, 0.29, 0.45, 0.45, 1, 1, 0.16199999999999998, 0.16199999999999998, 0.38, 0.38, 0.43, 0.29, 0.81, 0.81, 0.75, 0.24, 0.365, 0.64, 0.56, 0.38, 0.35, 0.56, 0.56, 1.09, 0.21, 1.09, 0.21, 0.2, 0.21, 99, 99, 99]
--- num:  29
list:  [0.31, 0.31, 0.48, 0.48, 1, 1, 0.16199999999999998, 0.16199999999999998, 0.39, 0.39, 0.42, 0.3, 0.81, 0.81, 0.75, 0.24, 0.385, 0.64, 0.56, 0.4, 0.37, 0.56, 0.56, 1.09, 0.21, 1.09, 0.21, 0.2, 0.2, 99, 99, 99]
--- num:  29
list:  [0.31, 0.31, 0.49, 0.49, 1, 1, 0.16199999999999998, 0.16199999999999998, 0.4, 0.4, 0.42, 0.3, 0.81, 0.81, 0.75, 0.23, 0.385, 0.64, 0.56, 0.4, 0.37, 0.56, 0.56, 1.09, 0.21, 1.09, 0.21, 0.19, 0.2, 99, 99, 99]
--- num:  29
list:  [0.58, 0.58, 1, 1, 0.96, 0.96, 0.16199999999999998, 0.16199999999999998, 0.39, 0.39, 0.41, 0.31, 0.81, 0.81, 0.75, 0.23, 0.42000000000000004, 0.64, 0.56, 0.43, 0.41000000000000003, 0.56, 0.56, 1.09, 0.21, 1.09, 0.21, 0.18, 0.2, 99, 99, 99]
--- num:  29
list:  [0.65, 0.65, 1, 1, 0.9, 0.9, 0.5244866418838501, 0.5242656874656677, 0.21, 0.21, 0.41, 0.32, 0.81, 0.81, 0.75, 0.24, 0.435, 0.64, 0.56, 0.44, 0.43, 0.56, 0.56, 1.09, 0.21, 1.09, 0.21, 0.18, 0.22, 99, 99, 99]
--- num:  29
list:  [0.64, 0.64, 1, 1, 0.91, 0.91, 0.16199999999999998, 0.16199999999999998, 0.36, 0.36, 0.41, 0.31, 0.81, 0.81, 0.75, 0.24, 0.42500000000000004, 0.64, 0.56, 0.43, 0.42000000000000004, 0.56, 0.56, 1.09, 0.21, 1.09, 0.21, 0.18, 0.23, 99, 99, 99]
--- num:  29
list:  [0.61, 0.61, 1, 1, 0.93, 0.93, 0.16199999999999998, 0.16199999999999998, 0.41, 0.41, 0.39, 0.33, 0.81, 0.81, 0.75, 0.24, 0.46499999999999997, 0.64, 0.56, 0.48, 0.45, 0.56, 0.56, 1.09, 0.21, 1.09, 0.21, 0.19, 0.24, 99, 99, 99]
--- num:  29
list:  [0.59, 0.59, 1, 1, 0.95, 0.95, 0.16199999999999998, 0.16199999999999998, 0.45, 0.45, 0.37, 0.35, 0.81, 0.81, 0.75, 0.24, 0.51, 0.64, 0.56, 0.53, 0.49, 0.56, 0.56, 1.09, 0.21, 1.09, 0.21, 0.19, 0.22, 99, 99, 99]
--- num:  29
list:  [0.58, 0.58, 1, 1, 0.96, 0.96, 0.16199999999999998, 0.16199999999999998, 0.47, 0.47, 0.37, 0.35, 0.81, 0.81, 0.75, 0.24, 0.495, 0.64, 0.56, 0.51, 0.48, 0.56, 0.56, 1.09, 0.21, 1.09, 0.21, 0.2, 0.21, 99, 99, 99]
--- num:  29
list:  [0.58, 0.58, 1, 1, 0.96, 0.96, 0.16199999999999998, 0.16199999999999998, 0.48, 0.48, 0.36, 0.36, 0.81, 0.81, 0.75, 0.24, 0.535, 0.65, 0.56, 0.55, 0.52, 0.56, 0.56, 1.09, 0.21, 1.09, 0.21, 0.17, 0.19, 99, 99, 99]
--- num:  29
list:  [0.6, 0.6, 1, 1, 0.95, 0.95, 0.16199999999999998, 0.16199999999999998, 0.49, 0.49, 0.35, 0.37, 0.81, 0.81, 0.75, 0.25, 0.515, 0.65, 0.56, 0.54, 0.49, 0.56, 0.56, 1.09, 0.21, 1.09, 0.21, 0.21, 0.15, 99, 99, 99]
--- num:  29
list:  [0.6, 0.6, 1, 1, 0.95, 0.95, 0.16199999999999998, 0.16199999999999998, 0.5, 0.5, 0.41, 0.31, 0.81, 0.81, 0.75, 0.25, 0.49, 0.65, 0.56, 0.51, 0.47, 0.56, 0.56, 1.09, 0.21, 1.09, 0.21, 0.21, 0.14, 99, 99, 99]
--- num:  29
list:  [0.59, 0.59, 1, 1, 0.95, 0.95, 0.16199999999999998, 0.16199999999999998, 0.5, 0.5, 0.6, 0.13, 0.81, 0.81, 0.75, 0.25, 0.48, 0.65, 0.56, 0.5, 0.45999999999999996, 0.56, 0.56, 1.09, 0.21, 1.09, 0.21, 0.21, 0.13, 99, 99, 99]
--- num:  29
list:  [0.59, 0.59, 1, 1, 0.95, 0.95, 0.16199999999999998, 0.16199999999999998, 0.51, 0.51, 0.58, 0.14, 0.81, 0.81, 0.75, 0.26, 0.47, 0.65, 0.56, 0.49, 0.45, 0.56, 0.56, 1.09, 0.21, 1.09, 0.21, 0.2, 0.12, 99, 99, 99]
--- num:  29
list:  [0.59, 0.59, 1, 1, 0.95, 0.95, 0.16199999999999998, 0.16199999999999998, 0.48, 0.48, 0.62, 0.1, 0.81, 0.81, 0.75, 0.26, 0.475, 0.65, 0.56, 0.5, 0.45, 0.56, 0.56, 1.09, 0.21, 1.09, 0.21, 0.21, 0.12, 99, 99, 99]
--- num:  29
list:  [0.59, 0.59, 1, 1, 0.95, 0.95, 0.41597102165222166, 0.4126372146606445, 0.34, 0.34, 0.39, 0.34, 0.81, 0.81, 0.75, 0.25, 0.43500000000000005, 0.65, 0.56, 0.45, 0.42000000000000004, 0.56, 0.56, 1.09, 0.21, 1.09, 0.21, 0.2, 0.2, 99, 99, 99]
--- num:  29
list:  [0.59, 0.59, 1, 1, 0.95, 0.95, 0.16199999999999998, 0.16199999999999998, 0.48, 0.48, 0.39, 0.33, 0.81, 0.81, 0.75, 0.25, 0.48, 0.65, 0.56, 0.5, 0.45999999999999996, 0.56, 0.56, 1.09, 0.21, 1.09, 0.21, 0.2, 0.19, 99, 99, 99]
--- num:  29
list:  [0.59, 0.59, 1, 1, 0.95, 0.95, 0.16199999999999998, 0.16199999999999998, 0.49, 0.49, 0.41, 0.31, 0.81, 0.81, 0.75, 0.25, 0.49, 0.65, 0.56, 0.51, 0.47, 0.56, 0.56, 1.09, 0.21, 1.09, 0.21, 0.2, 0.16, 99, 99, 99]
--- num:  29
list:  [0.59, 0.59, 1, 1, 0.95, 0.95, 0.16199999999999998, 0.16199999999999998, 0.49, 0.49, 0.42, 0.3, 0.81, 0.81, 0.75, 0.25, 0.5, 0.65, 0.56, 0.52, 0.48, 0.56, 0.56, 1.09, 0.21, 1.09, 0.21, 0.2, 0.14, 99, 99, 99]
--- num:  29
list:  [0.59, 0.59, 1, 1, 0.95, 0.95, 0.16199999999999998, 0.16199999999999998, 0.48, 0.48, 0.53, 0.2, 0.81, 0.81, 0.75, 0.25, 0.44999999999999996, 0.65, 0.56, 0.47, 0.43, 0.56, 0.56, 1.09, 0.21, 1.09, 0.21, 0.17, 0.15, 99, 99, 99]
--- num:  29
list:  [0.59, 0.59, 1, 1, 0.95, 0.95, 0.16199999999999998, 0.16199999999999998, 0.48, 0.48, 0.55, 0.17, 0.81, 0.81, 0.75, 0.25, 0.44, 0.65, 0.56, 0.45999999999999996, 0.42000000000000004, 0.56, 0.56, 1.09, 0.21, 1.09, 0.21, 0.16, 0.17, 99, 99, 99]
--- num:  29
list:  [0.59, 0.59, 1, 1, 0.95, 0.95, 0.16199999999999998, 0.16199999999999998, 0.45, 0.45, 0.54, 0.18, 0.81, 0.81, 0.75, 0.25, 0.44999999999999996, 0.65, 0.56, 0.47, 0.43, 0.56, 0.56, 1.09, 0.21, 1.09, 0.21, 0.16, 0.19, 99, 99, 99]
--- num:  29
list:  [0.58, 0.58, 1, 1, 0.96, 0.96, 0.21505885899066923, 0.21496970534324644, 0.37, 0.37, 0.5, 0.22, 0.81, 0.81, 0.75, 0.24, 0.45999999999999996, 0.65, 0.56, 0.48, 0.44, 0.56, 0.56, 1.09, 0.21, 1.09, 0.21, 0.16, 0.22, 99, 99, 99]
--- num:  29
list:  [0.58, 0.58, 1, 1, 0.96, 0.96, 0.16199999999999998, 0.16199999999999998, 0.47, 0.47, 0.42, 0.3, 0.81, 0.81, 0.75, 0.24, 0.525, 0.65, 0.56, 0.54, 0.51, 0.56, 0.56, 1.09, 0.21, 1.09, 0.21, 0.17, 0.21, 99, 99, 99]
--- num:  29
list:  [0.58, 0.58, 1, 1, 0.96, 0.96, 0.16199999999999998, 0.16199999999999998, 0.46, 0.46, 0.36, 0.36, 0.81, 0.81, 0.75, 0.24, 0.56, 0.65, 0.56, 0.5800000000000001, 0.54, 0.56, 0.56, 1.09, 0.21, 1.09, 0.21, 0.19, 0.19, 99, 99, 99]
--- num:  29
list:  [0.58, 0.58, 1, 1, 0.96, 0.96, 0.16199999999999998, 0.16199999999999998, 0.47, 0.47, 0.32, 0.4, 0.81, 0.81, 0.75, 0.24, 0.535, 0.65, 0.56, 0.55, 0.52, 0.56, 0.56, 1.09, 0.21, 1.09, 0.21, 0.19, 0.17, 99, 99, 99]
--- num:  29
list:  [0.57, 0.57, 1, 1, 0.97, 0.97, 0.16199999999999998, 0.16199999999999998, 0.47, 0.47, 0.29, 0.43, 0.81, 0.81, 0.75, 0.24, 0.52, 0.65, 0.56, 0.53, 0.51, 0.56, 0.56, 1.09, 0.21, 1.09, 0.21, 0.19, 0.17, 99, 99, 99]
--- num:  29
list:  [0.57, 0.57, 1, 1, 0.97, 0.97, 0.16199999999999998, 0.16199999999999998, 0.52, 0.52, 0.28, 0.44, 0.81, 0.81, 0.75, 0.24, 0.535, 0.65, 0.56, 0.55, 0.52, 0.56, 0.56, 1.09, 0.21, 1.09, 0.21, 0.21, 0.18, 99, 99, 99]
--- num:  29
list:  [0.57, 0.57, 1, 1, 0.97, 0.97, 0.16199999999999998, 0.16199999999999998, 0.52, 0.52, 0.27, 0.45, 0.81, 0.81, 0.75, 0.25, 0.555, 0.65, 0.56, 0.5700000000000001, 0.54, 0.56, 0.56, 1.09, 0.21, 1.09, 0.21, 0.22, 0.2, 99, 99, 99]
--- num:  29
list:  [0.57, 0.57, 1, 1, 0.97, 0.97, 0.16199999999999998, 0.16199999999999998, 0.52, 0.52, 0.26, 0.46, 0.81, 0.81, 0.75, 0.25, 0.56, 0.65, 0.56, 0.5700000000000001, 0.55, 0.56, 0.56, 1.09, 0.21, 1.09, 0.21, 0.23, 0.21, 99, 99, 99]
--- num:  29
list:  [0.57, 0.57, 1, 1, 0.97, 0.97, 0.16199999999999998, 0.16199999999999998, 0.52, 0.52, 0.26, 0.47, 0.81, 0.81, 0.75, 0.25, 0.5700000000000001, 0.65, 0.56, 0.5800000000000001, 0.56, 0.56, 0.56, 1.09, 0.21, 1.09, 0.21, 0.24, 0.28, 99, 99, 99]
--- num:  29
list:  [0.57, 0.57, 1, 1, 0.97, 0.97, 0.16199999999999998, 0.16199999999999998, 0.52, 0.52, 0.27, 0.46, 0.81, 0.81, 0.75, 0.25, 0.5750000000000001, 0.65, 0.56, 0.5900000000000001, 0.56, 0.56, 0.56, 1.09, 0.21, 1.09, 0.21, 0.25, 0.33, 99, 99, 99]
--- num:  29
list:  [0.57, 0.57, 1, 1, 0.97, 0.97, 0.16199999999999998, 0.16199999999999998, 0.52, 0.52, 0.28, 0.44, 0.81, 0.81, 0.75, 0.25, 0.595, 0.65, 0.56, 0.61, 0.5800000000000001, 0.56, 0.56, 1.09, 0.21, 1.09, 0.21, 0.24, 0.33, 99, 99, 99]
--- num:  29
list:  [0.56, 0.56, 1, 1, 0.97, 0.97, 0.16199999999999998, 0.16199999999999998, 0.44, 0.44, 0.33, 0.4, 0.81, 0.81, 0.75, 0.24, 0.55, 0.65, 0.56, 0.56, 0.54, 0.56, 0.56, 1.09, 0.21, 1.09, 0.21, 0.2, 0.28, 99, 99, 99]
--- num:  29
list:  [0.56, 0.56, 1, 1, 0.97, 0.97, 0.16199999999999998, 0.16199999999999998, 0.45, 0.45, 0.34, 0.38, 0.81, 0.81, 0.75, 0.24, 0.545, 0.64, 0.56, 0.56, 0.53, 0.56, 0.56, 1.09, 0.21, 1.09, 0.21, 0.19, 0.27, 99, 99, 99]
--- num:  29
list:  [0.56, 0.56, 1, 1, 0.98, 0.98, 0.16199999999999998, 0.16199999999999998, 0.44, 0.44, 0.38, 0.34, 0.81, 0.81, 0.75, 0.24, 0.5, 0.64, 0.56, 0.51, 0.49, 0.56, 0.56, 1.09, 0.21, 1.09, 0.21, 0.18, 0.25, 99, 99, 99]
--- num:  29
list:  [0.56, 0.56, 1, 1, 0.98, 0.98, 0.16199999999999998, 0.16199999999999998, 0.44, 0.44, 0.42, 0.3, 0.81, 0.81, 0.75, 0.24, 0.485, 0.64, 0.56, 0.5, 0.47, 0.56, 0.56, 1.09, 0.21, 1.09, 0.21, 0.17, 0.24, 99, 99, 99]
--- num:  29
list:  [0.35, 0.35, 0.57, 0.57, 1, 1, 0.16199999999999998, 0.16199999999999998, 0.44, 0.44, 0.43, 0.29, 0.81, 0.81, 0.75, 0.24, 0.475, 0.64, 0.56, 0.49, 0.45999999999999996, 0.56, 0.56, 1.09, 0.21, 1.09, 0.21, 0.17, 0.24, 99, 99, 99]
--- num:  29
list:  [0.34, 0.34, 0.57, 0.57, 1, 1, 0.16199999999999998, 0.16199999999999998, 0.44, 0.44, 0.45, 0.28, 0.81, 0.81, 0.75, 0.24, 0.45999999999999996, 0.64, 0.56, 0.47, 0.45, 0.56, 0.56, 1.09, 0.21, 1.09, 0.21, 0.16, 0.24, 99, 99, 99]
--- num:  29
list:  [0.34, 0.34, 0.55, 0.55, 1, 1, 0.16199999999999998, 0.16199999999999998, 0.44, 0.44, 0.46, 0.26, 0.81, 0.81, 0.75, 0.24, 0.44499999999999995, 0.64, 0.56, 0.45999999999999996, 0.43, 0.56, 0.56, 1.09, 0.21, 1.09, 0.21, 0.16, 0.24, 99, 99, 99]
--- num:  29
list:  [0.33, 0.33, 0.54, 0.54, 1, 1, 0.16199999999999998, 0.16199999999999998, 0.44, 0.44, 0.47, 0.25, 0.81, 0.81, 0.75, 0.24, 0.44499999999999995, 0.64, 0.56, 0.45999999999999996, 0.43, 0.56, 0.56, 1.09, 0.21, 1.09, 0.21, 0.16, 0.23, 99, 99, 99]
--- num:  29
list:  [0.33, 0.33, 0.53, 0.53, 1, 1, 0.16199999999999998, 0.16199999999999998, 0.45, 0.45, 0.46, 0.26, 0.81, 0.81, 0.75, 0.24, 0.47, 0.64, 0.56, 0.48, 0.45999999999999996, 0.56, 0.56, 1.09, 0.21, 1.09, 0.21, 0.16, 0.23, 99, 99, 99]
--- num:  29
list:  [0.33, 0.33, 0.52, 0.52, 1, 1, 0.16199999999999998, 0.16199999999999998, 0.45, 0.45, 0.43, 0.29, 0.81, 0.81, 0.75, 0.24, 0.475, 0.64, 0.56, 0.49, 0.45999999999999996, 0.56, 0.56, 1.09, 0.21, 1.09, 0.21, 0.16, 0.21, 99, 99, 99]
--- num:  29
list:  [0.29, 0.29, 0.44, 0.44, 1, 1, 0.7308533000946045, 0.6754642534255981, 0.27, 0.27, 0.39, 0.33, 0.81, 0.81, 0.75, 0.24, 0.47, 0.64, 0.56, 0.49, 0.45, 0.56, 0.56, 1.09, 0.21, 1.09, 0.21, 0.17, 0.2, 99, 99, 99]
--- num:  29
list:  [0.3, 0.3, 0.47, 0.47, 1, 1, 0.16199999999999998, 0.16199999999999998, 0.4, 0.4, 0.36, 0.36, 0.81, 0.81, 0.75, 0.24, 0.48, 0.64, 0.56, 0.49, 0.47, 0.56, 0.56, 1.09, 0.21, 1.09, 0.21, 0.16, 0.19, 99, 99, 99]
--- num:  29
list:  [0.56, 0.56, 1, 1, 0.98, 0.98, 0.16199999999999998, 0.16199999999999998, 0.44, 0.44, 0.33, 0.4, 0.81, 0.81, 0.75, 0.24, 0.495, 0.64, 0.56, 0.51, 0.48, 0.56, 0.56, 1.09, 0.21, 1.09, 0.21, 0.16, 0.16, 99, 99, 99]
--- num:  29
list:  [0.56, 0.56, 1, 1, 0.98, 0.98, 0.16199999999999998, 0.16199999999999998, 0.44, 0.44, 0.32, 0.4, 0.81, 0.81, 0.75, 0.24, 0.525, 0.64, 0.56, 0.54, 0.51, 0.56, 0.56, 1.09, 0.21, 1.09, 0.21, 0.15, 0.15, 99, 99, 99]
--- num:  29
list:  [0.29, 0.29, 0.43, 0.43, 1, 1, 0.16199999999999998, 0.16199999999999998, 0.5, 0.5, 0.5, 0.23, 0.81, 0.81, 0.75, 0.24, 0.535, 0.64, 0.56, 0.54, 0.53, 0.56, 0.56, 1.09, 0.21, 1.09, 0.21, 0.14, 0.16, 99, 99, 99]
--- num:  29
list:  [0.3, 0.3, 0.48, 0.48, 1, 1, 0.16199999999999998, 0.16199999999999998, 0.5, 0.5, 0.49, 0.24, 0.81, 0.81, 0.75, 0.24, 0.545, 0.64, 0.56, 0.56, 0.53, 0.56, 0.56, 1.09, 0.21, 1.09, 0.21, 0.14, 0.18, 99, 99, 99]
--- num:  29
list:  [0.32, 0.32, 0.51, 0.51, 1, 1, 0.16199999999999998, 0.16199999999999998, 0.5, 0.5, 0.44, 0.29, 0.81, 0.81, 0.75, 0.24, 0.53, 0.64, 0.56, 0.54, 0.52, 0.56, 0.56, 1.09, 0.21, 1.09, 0.21, 0.17, 0.19, 99, 99, 99]
--- num:  29
list:  [0.32, 0.32, 0.51, 0.51, 1, 1, 0.16199999999999998, 0.16199999999999998, 0.51, 0.51, 0.43, 0.3, 0.81, 0.81, 0.75, 0.24, 0.51, 0.64, 0.56, 0.52, 0.5, 0.56, 0.56, 1.09, 0.21, 1.09, 0.21, 0.17, 0.19, 99, 99, 99]
--- num:  29
list:  [0.32, 0.32, 0.5, 0.5, 1, 1, 0.16199999999999998, 0.16199999999999998, 0.5, 0.5, 0.4, 0.33, 0.81, 0.81, 0.75, 0.24, 0.48, 0.64, 0.56, 0.49, 0.47, 0.56, 0.56, 1.09, 0.21, 1.09, 0.21, 0.17, 0.19, 99, 99, 99]
--- num:  29
list:  [0.3, 0.3, 0.48, 0.48, 1, 1, 0.16199999999999998, 0.16199999999999998, 0.48, 0.48, 0.41, 0.32, 0.81, 0.81, 0.75, 0.24, 0.44, 0.64, 0.56, 0.45, 0.43, 0.56, 0.56, 1.09, 0.21, 1.09, 0.21, 0.18, 0.19, 99, 99, 99]
--- num:  29
list:  [0.3, 0.3, 0.46, 0.46, 1, 1, 0.16199999999999998, 0.16199999999999998, 0.53, 0.53, 0.48, 0.25, 0.81, 0.81, 0.75, 0.24, 0.44, 0.65, 0.56, 0.45, 0.43, 0.56, 0.56, 1.09, 0.21, 1.09, 0.21, 0.19, 0.18, 99, 99, 99]
--- num:  29
list:  [0.3, 0.3, 0.46, 0.46, 1, 1, 0.16199999999999998, 0.16199999999999998, 0.53, 0.53, 0.47, 0.25, 0.81, 0.81, 0.75, 0.25, 0.47, 0.65, 0.56, 0.48, 0.45999999999999996, 0.56, 0.56, 1.09, 0.21, 1.09, 0.21, 0.2, 0.17, 99, 99, 99]
--- num:  29
list:  [0.34, 0.34, 0.55, 0.55, 1, 1, 0.16199999999999998, 0.16199999999999998, 0.52, 0.52, 0.47, 0.26, 0.81, 0.81, 0.75, 0.25, 0.475, 0.65, 0.56, 0.49, 0.45999999999999996, 0.56, 0.56, 1.09, 0.21, 1.09, 0.21, 0.2, 0.16, 99, 99, 99]
--- num:  29
list:  [0.34, 0.34, 0.57, 0.57, 1, 1, 0.16199999999999998, 0.16199999999999998, 0.51, 0.51, 0.47, 0.26, 0.81, 0.81, 0.75, 0.25, 0.48, 0.65, 0.56, 0.49, 0.47, 0.56, 0.56, 1.09, 0.21, 1.09, 0.21, 0.2, 0.16, 99, 99, 99]
--- num:  29
list:  [0.57, 0.57, 1, 1, 0.96, 0.96, 0.3964343774318695, 0.3949506390094757, 0.33, 0.33, 0.3, 0.42, 0.81, 0.81, 0.75, 0.25, 0.45999999999999996, 0.65, 0.56, 0.47, 0.45, 0.56, 0.56, 1.09, 0.21, 1.09, 0.21, 0.2, 0.18, 99, 99, 99]
--- num:  29
list:  [0.75, 0.75, 1, 1, 0.82, 0.82, 0.16199999999999998, 0.16199999999999998, 0.45, 0.45, 0.29, 0.43, 0.81, 0.81, 0.75, 0.25, 0.5800000000000001, 0.65, 0.56, 0.5900000000000001, 0.5700000000000001, 0.56, 0.56, 1.09, 0.21, 1.09, 0.21, 0.22, 0.2, 99, 99, 99]
--- num:  29
list:  [0.73, 0.73, 1, 1, 0.84, 0.84, 0.16199999999999998, 0.16199999999999998, 0.45, 0.45, 0.29, 0.43, 0.81, 0.81, 0.75, 0.25, 0.5700000000000001, 0.65, 0.56, 0.5800000000000001, 0.56, 0.56, 0.56, 1.09, 0.21, 1.09, 0.21, 0.22, 0.19, 99, 99, 99]
--- num:  29
list:  [0.69, 0.69, 1, 1, 0.87, 0.87, 0.16199999999999998, 0.16199999999999998, 0.46, 0.46, 0.3, 0.43, 0.81, 0.81, 0.75, 0.25, 0.555, 0.65, 0.56, 0.5700000000000001, 0.54, 0.56, 0.56, 1.09, 0.21, 1.09, 0.21, 0.22, 0.19, 99, 99, 99]
--- num:  29
list:  [0.63, 0.63, 1, 1, 0.92, 0.92, 0.16199999999999998, 0.16199999999999998, 0.46, 0.46, 0.3, 0.42, 0.81, 0.81, 0.75, 0.25, 0.55, 0.65, 0.56, 0.56, 0.54, 0.56, 0.56, 1.09, 0.21, 1.09, 0.21, 0.22, 0.18, 99, 99, 99]
--- num:  29
list:  [0.63, 0.63, 1, 1, 0.92, 0.92, 0.16199999999999998, 0.16199999999999998, 0.46, 0.46, 0.3, 0.42, 0.81, 0.81, 0.75, 0.25, 0.545, 0.65, 0.56, 0.56, 0.53, 0.56, 0.56, 1.09, 0.21, 1.09, 0.21, 0.22, 0.17, 99, 99, 99]
--- num:  29
list:  [0.59, 0.59, 1, 1, 0.95, 0.95, 0.16199999999999998, 0.16199999999999998, 0.46, 0.46, 0.31, 0.42, 0.81, 0.81, 0.75, 0.25, 0.54, 0.65, 0.56, 0.55, 0.53, 0.56, 0.56, 1.09, 0.21, 1.09, 0.21, 0.21, 0.17, 99, 99, 99]
--- num:  29
list:  [0.57, 0.57, 1, 1, 0.97, 0.97, 0.16199999999999998, 0.16199999999999998, 0.46, 0.46, 0.31, 0.41, 0.81, 0.81, 0.75, 0.24, 0.525, 0.65, 0.56, 0.54, 0.51, 0.56, 0.56, 1.09, 0.21, 1.09, 0.21, 0.19, 0.16, 99, 99, 99]
--- num:  29
list:  [0.56, 0.56, 1, 1, 0.97, 0.97, 0.43740339159965513, 0.4369401144981384, 0.31, 0.31, 0.33, 0.39, 0.81, 0.81, 0.75, 0.24, 0.495, 0.64, 0.56, 0.51, 0.48, 0.56, 0.56, 1.09, 0.21, 1.09, 0.21, 0.18, 0.17, 99, 99, 99]
--- num:  29
list:  [0.56, 0.56, 1, 1, 0.97, 0.97, 0.16199999999999998, 0.16199999999999998, 0.44, 0.44, 0.31, 0.41, 0.81, 0.81, 0.75, 0.24, 0.585, 0.64, 0.56, 0.6, 0.5700000000000001, 0.56, 0.56, 1.09, 0.21, 1.09, 0.21, 0.17, 0.18, 99, 99, 99]
--- num:  29
list:  [0.56, 0.56, 1, 1, 0.98, 0.98, 0.16199999999999998, 0.16199999999999998, 0.47, 0.47, 0.32, 0.41, 0.49499999999999994, 0.4499999999999999, 1, 0.28, 0.84, 0.67, 0.52, 0.84, 0.84, 0.52, 0.52, 0.88, 0.3, 0.85, 0.32, 0.14, 0.2, 99, 99, 99]
--- num:  29
list:  [0.56, 0.56, 1, 1, 0.98, 0.98, 0.16199999999999998, 0.16199999999999998, 0.47, 0.47, 0.32, 0.4, 0.375, 0.345, 1, 0.29, 0.88, 0.68, 0.47, 0.88, 0.88, 0.47, 0.47, 0.8, 0.34, 0.78, 0.35, 0.09, 0.25, 99, 99, 99]
--- num:  29
list:  [0.56, 0.56, 1, 1, 0.98, 0.98, 0.45481968998908995, 0.45250929474830626, 0.31, 0.31, 0.35, 0.38, 0.36, 0.32999999999999996, 1, 0.29, 0.88, 0.68, 0.46, 0.88, 0.88, 0.46, 0.46, 0.79, 0.35, 0.77, 0.35, 0.09, 0.3, 99, 99, 99]
--- num:  29
list:  [0.56, 0.56, 1, 1, 0.98, 0.98, 0.16199999999999998, 0.16199999999999998, 0.42, 0.42, 0.35, 0.38, 0.31499999999999995, 0.29999999999999993, 1, 0.29, 0.92, 0.68, 0.39, 0.92, 0.92, 0.39, 0.39, 0.76, 0.36, 0.75, 0.36, 0.07, 0.37, 99, 99, 99]
--- num:  29
list:  [0.56, 0.56, 1, 1, 0.98, 0.98, 0.16199999999999998, 0.16199999999999998, 0.49, 0.49, 0.33, 0.39, 0.2699999999999999, 0.22499999999999987, 1, 0.27, 0.96, 0.66, 0.34, 0.96, 0.96, 0.34, 0.34, 0.73, 0.37, 0.7, 0.38, 0.06, 0.39, 99, 99, 99]
--- num:  29
list:  [0.56, 0.56, 1, 1, 0.98, 0.98, 0.16199999999999998, 0.16199999999999998, 0.51, 0.51, 0.33, 0.39, 0.2549999999999999, 0.195, 1, 0.25, 0.97, 0.65, 0.3, 0.97, 0.97, 0.3, 0.3, 0.72, 0.37, 0.68, 0.39, 0.05, 0.44, 99, 99, 99]
--- num:  29
list:  [0.43, 0.43, 0.76, 0.76, 1, 1, 0.16199999999999998, 0.16199999999999998, 0.51, 0.51, 0.32, 0.4, 0.2549999999999999, 0.16499999999999998, 1, 0.24, 0.98, 0.64, 0.29, 0.98, 0.98, 0.29, 0.29, 0.72, 0.38, 0.66, 0.4, 0.04, 0.48, 99, 99, 99]
--- num:  29
list:  [0.44, 0.44, 0.8, 0.8, 1, 1, 0.16199999999999998, 0.16199999999999998, 0.52, 0.52, 0.32, 0.4, 0.20999999999999985, 0.13499999999999995, 1, 0.24, 0.98, 0.64, 0.29, 0.98, 0.98, 0.29, 0.29, 0.69, 0.39, 0.64, 0.41, 0.04, 0.51, 99, 99, 99]
--- num:  29
list:  [0.45, 0.45, 0.82, 0.82, 1, 1, 0.16199999999999998, 0.16199999999999998, 0.52, 0.52, 0.31, 0.41, 0.195, 0.13499999999999995, 1, 0.23, 0.985, 0.64, 0.29, 0.98, 0.99, 0.29, 0.29, 0.68, 0.39, 0.64, 0.41, 0.04, 0.52, 99, 99, 99]
--- num:  29
list:  [0.45, 0.45, 0.81, 0.81, 1, 1, 0.16199999999999998, 0.16199999999999998, 0.54, 0.54, 0.31, 0.41, 0.195, 0.11999999999999994, 1, 0.23, 0.99, 0.64, 0.28, 0.99, 0.99, 0.28, 0.28, 0.68, 0.39, 0.63, 0.41, 0.04, 0.53, 99, 99, 99]
--- num:  29
list:  [0.41, 0.41, 0.73, 0.73, 1, 1, 0.16199999999999998, 0.16199999999999998, 0.55, 0.55, 0.31, 0.41, 0.195, 0.11999999999999994, 1, 0.23, 0.99, 0.64, 0.29, 0.99, 0.99, 0.29, 0.29, 0.68, 0.39, 0.63, 0.42, 0.04, 0.54, 99, 99, 99]
--- num:  29
list:  [0.41, 0.41, 0.73, 0.73, 1, 1, 0.16199999999999998, 0.16199999999999998, 0.56, 0.56, 0.31, 0.41, 0.18, 0.11999999999999994, 1, 0.23, 0.99, 0.64, 0.29, 0.99, 0.99, 0.29, 0.29, 0.67, 0.4, 0.63, 0.42, 0.04, 0.54, 99, 99, 99]
--- num:  29
list:  [0.4, 0.4, 0.7, 0.7, 1, 1, 0.16199999999999998, 0.16199999999999998, 0.57, 0.57, 0.31, 0.41, 0.195, 0.10499999999999993, 1, 0.23, 0.99, 0.64, 0.29, 0.99, 0.99, 0.29, 0.29, 0.68, 0.39, 0.62, 0.42, 0.04, 0.55, 99, 99, 99]
--- num:  29
list:  [0.42, 0.42, 0.74, 0.74, 1, 1, 0.16199999999999998, 0.16199999999999998, 0.57, 0.57, 0.32, 0.41, 0.18, 0.08999999999999991, 1, 0.23, 0.99, 0.64, 0.29, 0.99, 0.99, 0.29, 0.29, 0.67, 0.39, 0.61, 0.42, 0.04, 0.55, 99, 99, 99]
--- num:  29
list:  [0.42, 0.42, 0.74, 0.74, 1, 1, 0.16199999999999998, 0.16199999999999998, 0.56, 0.56, 0.32, 0.4, 0.18, 0.08999999999999991, 1, 0.23, 0.99, 0.64, 0.29, 0.99, 0.99, 0.29, 0.29, 0.67, 0.39, 0.61, 0.42, 0.04, 0.56, 99, 99, 99]
--- num:  29
list:  [0.32, 0.32, 0.51, 0.51, 1, 1, 0.16199999999999998, 0.16199999999999998, 0.55, 0.55, 0.33, 0.39, 0.02999999999999986, 0.015000000000000013, 1, 0.3, 0.95, 0.69, 0.28, 0.95, 0.95, 0.28, 0.28, 0.57, 0.44, 0.56, 0.44, 0.04, 0.49, 99, 99, 99]
--- num:  29
list:  [0.57, 0.57, 1, 1, 0.97, 0.97, 0.16199999999999998, 0.16199999999999998, 0.57, 0.57, 0.34, 0.39, 0.11999999999999994, 0.04499999999999987, 1, 0.26, 0.98, 0.66, 0.29, 0.98, 0.98, 0.29, 0.29, 0.63, 0.42, 0.58, 0.44, 0.06, 0.63, 99, 99, 99]
--- num:  29
list:  [0.56, 0.56, 1, 1, 0.98, 0.98, 0.16199999999999998, 0.16199999999999998, 0.43, 0.43, 0.34, 0.38, 0.14999999999999997, 0.10499999999999993, 1, 0.26, 0.98, 0.65, 0.28, 0.98, 0.98, 0.28, 0.28, 0.65, 0.41, 0.62, 0.42, 0.05, 0.58, 99, 99, 99]
--- num:  29
list:  [0.43, 0.43, 0.77, 0.77, 1, 1, 0.16199999999999998, 0.16199999999999998, 0.47, 0.47, 0.34, 0.39, 0.13499999999999995, 0.11999999999999994, 1, 0.23, 0.98, 0.64, 0.27, 0.98, 0.98, 0.27, 0.27, 0.64, 0.41, 0.63, 0.41, 0.03, 0.54, 99, 99, 99]
--- num:  29
list:  [0.44, 0.44, 0.79, 0.79, 1, 1, 0.16199999999999998, 0.16199999999999998, 0.47, 0.47, 0.34, 0.38, 0.14999999999999997, 0.08999999999999991, 1, 0.23, 0.99, 0.63, 0.26, 0.99, 0.99, 0.26, 0.26, 0.65, 0.41, 0.61, 0.42, 0.03, 0.54, 99, 99, 99]
--- num:  29
list:  [0.44, 0.44, 0.8, 0.8, 1, 1, 0.16199999999999998, 0.16199999999999998, 0.48, 0.48, 0.34, 0.38, 0.14999999999999997, 0.10499999999999993, 1, 0.22, 0.99, 0.63, 0.26, 0.99, 0.99, 0.26, 0.26, 0.65, 0.41, 0.62, 0.42, 0.02, 0.53, 99, 99, 99]
--- num:  29
list:  [0.43, 0.43, 0.77, 0.77, 1, 1, 0.16199999999999998, 0.16199999999999998, 0.48, 0.48, 0.34, 0.38, 0.14999999999999997, 0.08999999999999991, 1, 0.22, 0.99, 0.63, 0.27, 0.99, 0.99, 0.27, 0.27, 0.65, 0.4, 0.61, 0.42, 0.02, 0.53, 99, 99, 99]
--- num:  29
