start livelink
[-0.02, 0.026, -0.046]
[-0.02, 0.028, -0.047]
[-0.019, 0.029, -0.049]
[-0.021, 0.031, -0.052]
[-0.021, 0.031, -0.052]
[-0.011, 0.031, -0.053]
[-0.001, 0.03, -0.035]
[-0.083, 0.023, -0.046]
[-0.085, 0.024, -0.046]
[-0.081, 0.024, -0.039]
[-0.081, 0.024, -0.039]
[-0.077, 0.025, -0.036]
[-0.074, 0.025, -0.033]
[-0.07, 0.026, -0.03]
[-0.066, 0.026, -0.027]
[-0.064, 0.027, -0.025]
[-0.06, 0.029, -0.025]
[-0.05, 0.034, -0.028]
[-0.05, 0.034, -0.028]
[-0.047, 0.035, -0.03]
[-0.044, 0.037, -0.03]
[-0.043, 0.038, -0.03]
[-0.045, 0.04, -0.03]
[-0.046, 0.041, -0.031]
[-0.047, 0.042, -0.032]
[-0.045, 0.043, -0.032]
[-0.043, 0.044, -0.031]
[-0.042, 0.045, -0.03]
[-0.043, 0.047, -0.029]
[-0.046, 0.048, -0.029]
[-0.048, 0.049, -0.028]
[-0.051, 0.05, -0.027]
[-0.053, 0.051, -0.026]
[-0.055, 0.052, -0.025]
[-0.054, 0.054, -0.026]
[-0.048, 0.056, -0.027]
[-0.04, 0.059, -0.028]
[-0.029, 0.061, -0.028]
[-0.003, 0.066, -0.024]
[0.011, 0.066, -0.023]
[0.011, 0.066, -0.023]
[0.047, 0.066, -0.017]
[0.047, 0.066, -0.017]
[0.059, 0.065, -0.015]
[0.068, 0.064, -0.014]
[0.084, 0.061, -0.012]
[0.084, 0.061, -0.012]
[0.094, 0.059, -0.01]
[0.106, 0.056, -0.007]
[0.117, 0.053, -0.004]
[0.129, 0.05, -0.003]
[0.139, 0.048, -0.002]
[0.149, 0.046, -0.003]
[0.17, 0.041, -0.003]
[0.184, 0.039, -0.003]
[0.184, 0.039, -0.003]
[0.195, 0.037, -0.003]
[0.217, 0.034, -0.004]
[0.217, 0.034, -0.004]
[0.228, 0.032, -0.004]
[0.237, 0.031, -0.005]
[0.246, 0.03, -0.005]
[0.255, 0.028, -0.004]
[0.261, 0.027, -0.004]
[0.267, 0.026, -0.003]
[0.271, 0.025, -0.003]
[0.275, 0.023, -0.003]
[0.283, 0.02, -0.003]
[0.283, 0.02, -0.003]
[0.287, 0.018, -0.003]
[0.291, 0.016, -0.003]
[0.295, 0.014, -0.002]
[0.298, 0.013, -0.001]
[0.301, 0.011, -0.0]
[0.304, 0.01, 0.0]
[0.308, 0.009, 0.0]
[0.311, 0.007, 0.0]
[0.314, 0.006, -0.0]
[0.322, 0.003, 0.003]
[0.322, 0.003, 0.003]
[0.325, 0.002, 0.006]
[0.328, 0.0, 0.009]
[0.331, -0.002, 0.01]
[0.331, -0.002, 0.01]
[0.333, -0.004, 0.01]
[0.334, -0.006, 0.009]
[0.335, -0.007, 0.01]
[0.337, -0.009, 0.01]
[0.339, -0.011, 0.01]
[0.341, -0.012, 0.01]
[0.342, -0.012, 0.01]
[0.34, -0.012, 0.01]
[0.337, -0.013, 0.011]
[0.326, -0.013, 0.014]
[0.326, -0.013, 0.014]
[0.322, -0.014, 0.015]
[0.316, -0.014, 0.017]
[0.31, -0.014, 0.018]
[0.303, -0.014, 0.021]
[0.294, -0.014, 0.024]
[0.279, -0.013, 0.025]
[0.249, -0.011, 0.027]
[0.249, -0.011, 0.027]
[0.235, -0.01, 0.027]
[0.221, -0.008, 0.026]
[0.209, -0.007, 0.024]
[0.201, -0.006, 0.022]
[0.193, -0.005, 0.02]
[0.186, -0.004, 0.017]
[0.179, -0.004, 0.013]
[0.172, -0.004, 0.009]
[0.167, -0.005, 0.006]
[0.162, -0.006, 0.004]
[0.156, -0.008, -0.0]
[0.156, -0.008, -0.0]
[0.153, -0.009, -0.002]
[0.149, -0.009, -0.003]
[0.145, -0.009, -0.004]
[0.141, -0.01, -0.006]
[0.137, -0.01, -0.008]
[0.132, -0.01, -0.009]
[0.128, -0.01, -0.012]
[0.12, -0.01, -0.016]
[0.12, -0.01, -0.016]
[0.117, -0.01, -0.019]
[0.114, -0.01, -0.02]
[0.11, -0.011, -0.021]
[0.11, -0.011, -0.021]
[0.107, -0.011, -0.02]
[0.103, -0.011, -0.017]
[0.1, -0.011, -0.015]
[0.097, -0.011, -0.013]
[0.095, -0.01, -0.012]
[0.095, -0.01, -0.009]
[0.095, -0.01, -0.008]
[0.095, -0.01, -0.008]
[0.096, -0.009, -0.007]
[0.097, -0.008, -0.004]
[0.097, -0.008, -0.004]
[0.097, -0.007, -0.001]
[0.097, -0.006, 0.001]
[0.097, -0.005, 0.003]
[0.097, -0.004, 0.005]
[0.096, -0.002, 0.007]
[0.095, -0.001, 0.009]
[0.095, 0.001, 0.011]
[0.096, 0.003, 0.014]
[0.098, 0.005, 0.016]
[0.101, 0.007, 0.019]
[0.107, 0.011, 0.022]
[0.107, 0.011, 0.022]
[0.109, 0.012, 0.023]
[0.112, 0.013, 0.025]
[0.117, 0.015, 0.026]
[0.12, 0.016, 0.026]
[0.124, 0.018, 0.028]
[0.127, 0.021, 0.031]
[0.131, 0.025, 0.035]
[0.136, 0.033, 0.044]
[0.136, 0.033, 0.044]
[0.138, 0.036, 0.048]
[0.14, 0.04, 0.051]
[0.144, 0.046, 0.056]
[0.144, 0.046, 0.056]
[0.145, 0.049, 0.057]
[0.147, 0.052, 0.058]
[0.149, 0.054, 0.059]
[0.152, 0.057, 0.058]
[0.156, 0.059, 0.057]
[0.161, 0.061, 0.055]
[0.166, 0.064, 0.051]
[0.172, 0.067, 0.046]
[0.177, 0.069, 0.042]
[0.184, 0.073, 0.032]
[0.184, 0.073, 0.032]
[0.187, 0.075, 0.027]
[0.19, 0.076, 0.023]
[0.194, 0.08, 0.014]
[0.194, 0.08, 0.014]
[0.196, 0.081, 0.01]
[0.201, 0.083, 0.006]
[0.213, 0.088, 0.002]
[0.213, 0.088, 0.002]
[0.222, 0.09, 0.0]
[0.229, 0.092, -0.0]
[0.236, 0.093, -0.0]
[0.244, 0.094, 0.0]
[0.253, 0.094, 0.002]
[0.264, 0.093, 0.004]
[0.274, 0.092, 0.006]
[0.281, 0.09, 0.009]
[0.296, 0.089, 0.015]
[0.296, 0.089, 0.015]
[0.303, 0.088, 0.016]
[0.309, 0.088, 0.017]
[0.313, 0.087, 0.017]
[0.317, 0.085, 0.018]
[0.324, 0.082, 0.019]
[0.324, 0.082, 0.019]
[0.326, 0.081, 0.02]
[0.327, 0.079, 0.02]
[0.328, 0.078, 0.02]
[0.329, 0.074, 0.02]
[0.329, 0.074, 0.02]
[0.331, 0.072, 0.02]
[0.332, 0.07, 0.019]
[0.334, 0.068, 0.018]
[0.336, 0.066, 0.018]
[0.337, 0.065, 0.017]
[0.338, 0.063, 0.016]
[0.339, 0.061, 0.014]
[0.34, 0.059, 0.012]
[0.341, 0.057, 0.01]
[0.342, 0.056, 0.008]
[0.343, 0.054, 0.008]
[0.344, 0.052, 0.009]
[0.344, 0.051, 0.009]
[0.344, 0.05, 0.009]
[0.344, 0.049, 0.008]
[0.343, 0.048, 0.006]
[0.343, 0.046, 0.004]
[0.344, 0.045, 0.003]
[0.347, 0.043, 0.002]
[0.352, 0.041, 0.002]
[0.359, 0.04, 0.0]
[0.365, 0.038, -0.002]
[0.371, 0.036, -0.005]
[0.377, 0.034, -0.007]
[0.382, 0.032, -0.008]
[0.386, 0.03, -0.008]
[0.389, 0.028, -0.009]
[0.393, 0.026, -0.009]
[0.396, 0.024, -0.008]
[0.402, 0.02, -0.007]
[0.402, 0.02, -0.007]
[0.405, 0.018, -0.006]
[0.409, 0.015, -0.004]
[0.418, 0.011, -0.0]
[0.418, 0.011, -0.0]
[0.421, 0.008, 0.002]
[0.424, 0.005, 0.004]
[0.428, 0.003, 0.007]
[0.431, 0.001, 0.009]
[0.434, -0.001, 0.012]
[0.436, -0.003, 0.013]
[0.436, -0.004, 0.015]
[0.436, -0.006, 0.016]
[0.436, -0.008, 0.017]
[0.437, -0.011, 0.019]
[0.439, -0.014, 0.021]
[0.443, -0.017, 0.024]
[0.446, -0.019, 0.026]
[0.45, -0.021, 0.028]
[0.458, -0.024, 0.03]
[0.458, -0.024, 0.03]
[0.462, -0.025, 0.03]
[0.465, -0.026, 0.031]
[0.468, -0.026, 0.031]
[0.47, -0.026, 0.032]
[0.472, -0.027, 0.033]
[0.476, -0.027, 0.035]
[0.479, -0.027, 0.036]
[0.483, -0.027, 0.037]
[0.486, -0.027, 0.038]
[0.487, -0.027, 0.038]
[0.488, -0.027, 0.039]
[0.489, -0.028, 0.04]
[0.49, -0.029, 0.041]
[0.49, -0.029, 0.042]
[0.491, -0.03, 0.044]
[0.492, -0.03, 0.045]
[0.494, -0.03, 0.047]
[0.496, -0.031, 0.048]
[0.498, -0.031, 0.05]
[0.499, -0.032, 0.052]
[0.5, -0.032, 0.053]
[0.5, -0.033, 0.055]
[0.502, -0.035, 0.057]
[0.502, -0.035, 0.057]
[0.505, -0.036, 0.06]
[0.508, -0.038, 0.063]
[0.51, -0.039, 0.068]
[0.511, -0.04, 0.074]
[0.512, -0.04, 0.081]
[0.514, -0.04, 0.087]
[0.515, -0.039, 0.091]
[0.517, -0.038, 0.094]
[0.517, -0.037, 0.097]
[0.517, -0.036, 0.099]
[0.518, -0.035, 0.1]
[0.519, -0.033, 0.101]
[0.521, -0.031, 0.1]
[0.522, -0.029, 0.1]
[0.523, -0.026, 0.098]
[0.522, -0.025, 0.098]
[0.52, -0.023, 0.098]
[0.519, -0.022, 0.098]
[0.517, -0.022, 0.1]
[0.516, -0.021, 0.102]
[0.516, -0.021, 0.103]
[0.516, -0.019, 0.104]
[0.515, -0.013, 0.104]
[0.515, -0.013, 0.104]
[0.513, -0.01, 0.105]
[0.511, -0.008, 0.105]
[0.508, -0.006, 0.107]
[0.506, -0.004, 0.108]
[0.505, -0.002, 0.109]
[0.503, -0.001, 0.112]
[0.502, 0.002, 0.112]
[0.499, 0.004, 0.115]
[0.497, 0.007, 0.116]
[0.492, 0.01, 0.118]
[0.488, 0.013, 0.121]
[0.485, 0.016, 0.122]
[0.482, 0.018, 0.124]
[0.48, 0.021, 0.125]
[0.479, 0.023, 0.125]
[0.478, 0.025, 0.127]
[0.477, 0.027, 0.128]
[0.475, 0.028, 0.131]
[0.472, 0.03, 0.132]
[0.469, 0.032, 0.134]
[0.467, 0.033, 0.137]
[0.465, 0.034, 0.14]
[0.463, 0.035, 0.143]
[0.461, 0.036, 0.145]
[0.459, 0.036, 0.149]
[0.458, 0.037, 0.152]
[0.456, 0.037, 0.154]
[0.455, 0.038, 0.156]
[0.451, 0.039, 0.157]
[0.447, 0.04, 0.158]
[0.444, 0.042, 0.16]
[0.441, 0.043, 0.162]
[0.438, 0.045, 0.162]
[0.435, 0.046, 0.161]
[0.43, 0.049, 0.157]
[0.43, 0.049, 0.157]
[0.427, 0.051, 0.155]
[0.425, 0.052, 0.152]
[0.423, 0.054, 0.148]
[0.422, 0.056, 0.142]
[0.42, 0.057, 0.137]
[0.419, 0.058, 0.132]
[0.413, 0.06, 0.122]
[0.413, 0.06, 0.122]
[0.409, 0.061, 0.118]
[0.406, 0.061, 0.113]
[0.403, 0.062, 0.108]
[0.399, 0.062, 0.103]
[0.396, 0.061, 0.097]
[0.392, 0.061, 0.091]
[0.388, 0.061, 0.084]
[0.385, 0.062, 0.075]
[0.383, 0.063, 0.067]
[0.381, 0.064, 0.059]
[0.378, 0.066, 0.044]
[0.378, 0.066, 0.044]
[0.377, 0.067, 0.036]
[0.376, 0.068, 0.029]
[0.372, 0.071, 0.017]
[0.372, 0.071, 0.017]
[0.369, 0.072, 0.012]
[0.367, 0.072, 0.006]
[0.364, 0.073, 0.001]
[0.362, 0.074, -0.003]
[0.36, 0.074, -0.006]
[0.358, 0.074, -0.009]
[0.356, 0.075, -0.013]
[0.356, 0.075, -0.013]
[0.355, 0.075, -0.013]
[0.354, 0.075, -0.013]
[0.353, 0.076, -0.013]
[0.353, 0.076, -0.013]
[0.35, 0.076, -0.013]
[0.348, 0.077, -0.014]
[0.339, 0.078, -0.013]
[0.339, 0.078, -0.013]
[0.332, 0.079, -0.014]
[0.325, 0.08, -0.014]
[0.317, 0.081, -0.014]
[0.311, 0.082, -0.016]
[0.303, 0.084, -0.019]
[0.296, 0.085, -0.023]
[0.289, 0.086, -0.03]
[0.279, 0.088, -0.038]
[0.258, 0.092, -0.057]
[0.258, 0.092, -0.057]
[0.241, 0.094, -0.073]
[0.241, 0.094, -0.073]
[0.235, 0.094, -0.078]
[0.231, 0.094, -0.081]
[0.225, 0.092, -0.083]
[0.219, 0.09, -0.083]
[0.214, 0.087, -0.083]
[0.209, 0.084, -0.083]
[0.205, 0.083, -0.083]
[0.201, 0.081, -0.084]
[0.196, 0.08, -0.086]
[0.192, 0.078, -0.088]
[0.18, 0.072, -0.084]
[0.18, 0.072, -0.084]
[0.174, 0.069, -0.076]
[0.168, 0.067, -0.07]
[0.158, 0.062, -0.06]
[0.158, 0.062, -0.06]
[0.153, 0.06, -0.056]
[0.149, 0.057, -0.051]
[0.14, 0.052, -0.044]
[0.14, 0.052, -0.044]
[0.135, 0.05, -0.04]
[0.129, 0.046, -0.037]
[0.118, 0.041, -0.029]
[0.118, 0.041, -0.029]
[0.115, 0.037, -0.024]
[0.115, 0.034, -0.019]
[0.117, 0.028, -0.006]
[0.117, 0.028, -0.006]
[0.117, 0.025, 0.003]
[0.117, 0.023, 0.011]
[0.116, 0.021, 0.019]
[0.116, 0.018, 0.026]
[0.116, 0.014, 0.036]
[0.116, 0.014, 0.036]
[0.118, 0.012, 0.04]
[0.119, 0.01, 0.045]
[0.122, 0.007, 0.049]
[0.125, 0.005, 0.054]
[0.127, 0.003, 0.057]
[0.13, 0.002, 0.059]
[0.134, -0.001, 0.062]
[0.134, -0.001, 0.062]
[0.136, -0.002, 0.064]
[0.139, -0.002, 0.065]
[0.143, -0.003, 0.068]
[0.143, -0.003, 0.068]
[0.145, -0.004, 0.069]
[0.147, -0.004, 0.07]
[0.149, -0.004, 0.071]
[0.15, -0.004, 0.071]
[0.151, -0.004, 0.071]
[0.15, -0.004, 0.071]
[0.149, -0.004, 0.072]
[0.147, -0.004, 0.072]
[0.144, -0.004, 0.069]
[0.143, -0.004, 0.065]
[0.14, -0.005, 0.06]
[0.138, -0.005, 0.054]
[0.134, -0.005, 0.048]
[0.13, -0.005, 0.043]
[0.126, -0.004, 0.039]
[0.122, -0.004, 0.034]
[0.114, -0.003, 0.027]
[0.114, -0.003, 0.027]
[0.111, -0.002, 0.023]
[0.107, -0.002, 0.02]
[0.1, -0.001, 0.016]
[0.1, -0.001, 0.016]
[0.096, -0.0, 0.017]
[0.092, 0.001, 0.018]
[0.089, 0.005, 0.023]
[0.089, 0.005, 0.023]
[0.09, 0.007, 0.026]
[0.09, 0.008, 0.029]
[0.089, 0.009, 0.03]
[0.087, 0.009, 0.032]
[0.082, 0.008, 0.033]
[0.079, 0.007, 0.034]
[0.076, 0.006, 0.036]
[0.072, 0.004, 0.038]
[0.067, 0.002, 0.04]
[0.067, 0.002, 0.04]
[0.063, 0.001, 0.041]
[0.063, 0.001, 0.041]
[0.06, 0.0, 0.042]
[0.058, -0.0, 0.042]
[0.055, -0.001, 0.042]
[0.052, -0.002, 0.042]
[0.051, -0.002, 0.041]
[0.05, -0.003, 0.042]
[0.048, -0.004, 0.044]
[0.048, -0.004, 0.044]
[0.045, -0.005, 0.045]
[0.041, -0.005, 0.045]
[0.039, -0.006, 0.045]
[0.036, -0.006, 0.045]
[0.035, -0.006, 0.046]
[0.036, -0.006, 0.048]
[0.035, -0.005, 0.05]
[0.033, -0.005, 0.052]
[0.03, -0.004, 0.054]
[0.027, -0.003, 0.055]
[0.022, -0.002, 0.057]
[0.017, -0.001, 0.059]
[0.012, -0.001, 0.061]
[0.007, 0.001, 0.063]
[0.004, 0.002, 0.064]
[0.002, 0.003, 0.064]
[0.001, 0.005, 0.063]
[0.002, 0.007, 0.063]
[0.003, 0.009, 0.063]
[0.005, 0.01, 0.063]
[0.008, 0.012, 0.064]
[0.01, 0.014, 0.064]
[0.013, 0.015, 0.062]
[0.016, 0.017, 0.06]
[0.02, 0.019, 0.058]
[0.024, 0.02, 0.055]
[0.03, 0.021, 0.054]
[0.036, 0.022, 0.053]
[0.043, 0.024, 0.052]
[0.049, 0.026, 0.051]
[0.053, 0.029, 0.05]
[0.057, 0.031, 0.048]
[0.062, 0.034, 0.048]
[0.065, 0.036, 0.048]
[0.07, 0.038, 0.048]
[0.074, 0.04, 0.049]
[0.077, 0.043, 0.05]
[0.08, 0.045, 0.05]
[0.082, 0.048, 0.05]
[0.084, 0.05, 0.05]
[0.086, 0.053, 0.049]
[0.087, 0.055, 0.05]
[0.087, 0.057, 0.051]
[0.087, 0.059, 0.051]
[0.088, 0.061, 0.051]
[0.09, 0.062, 0.05]
[0.092, 0.064, 0.049]
[0.095, 0.065, 0.048]
[0.099, 0.066, 0.045]
[0.103, 0.067, 0.043]
[0.108, 0.068, 0.041]
[0.115, 0.069, 0.04]
[0.121, 0.07, 0.039]
[0.13, 0.07, 0.036]
[0.13, 0.07, 0.036]
[0.132, 0.071, 0.034]
[0.135, 0.071, 0.031]
[0.138, 0.071, 0.03]
[0.142, 0.071, 0.029]
[0.146, 0.071, 0.028]
[0.15, 0.071, 0.027]
[0.155, 0.071, 0.027]
[0.159, 0.07, 0.025]
[0.166, 0.069, 0.024]
[0.172, 0.068, 0.022]
[0.179, 0.066, 0.019]
[0.183, 0.065, 0.018]
[0.186, 0.064, 0.016]
[0.187, 0.064, 0.015]
[0.188, 0.063, 0.015]
[0.189, 0.063, 0.014]
[0.189, 0.062, 0.013]
[0.19, 0.061, 0.012]
[0.19, 0.061, 0.01]
[0.191, 0.06, 0.008]
[0.193, 0.06, 0.006]
[0.195, 0.059, 0.004]
[0.196, 0.058, 0.003]
[0.198, 0.058, 0.001]
[0.198, 0.057, 0.001]
[0.198, 0.057, -0.001]
[0.197, 0.058, -0.002]
[0.195, 0.057, -0.004]
[0.194, 0.058, -0.007]
[0.192, 0.057, -0.008]
[0.191, 0.057, -0.011]
[0.19, 0.057, -0.013]
[0.189, 0.057, -0.016]
[0.188, 0.056, -0.018]
[0.187, 0.056, -0.02]
[0.187, 0.056, -0.022]
[0.189, 0.056, -0.022]
[0.191, 0.055, -0.02]
[0.193, 0.052, -0.016]
[0.195, 0.05, -0.012]
[0.196, 0.047, -0.01]
[0.198, 0.046, -0.009]
[0.199, 0.046, -0.009]
[0.201, 0.048, -0.011]
[0.202, 0.05, -0.013]
[0.202, 0.052, -0.017]
[0.203, 0.054, -0.019]
[0.204, 0.056, -0.021]
[0.205, 0.057, -0.022]
[0.208, 0.058, -0.023]
[0.211, 0.059, -0.025]
[0.213, 0.06, -0.027]
[0.215, 0.06, -0.029]
[0.218, 0.06, -0.029]
[0.22, 0.06, -0.029]
[0.222, 0.06, -0.028]
[0.223, 0.06, -0.028]
[0.224, 0.061, -0.028]
[0.224, 0.062, -0.028]
[0.225, 0.062, -0.029]
[0.224, 0.063, -0.029]
[0.224, 0.063, -0.028]
[0.223, 0.063, -0.028]
[0.222, 0.063, -0.028]
[0.221, 0.062, -0.028]
[0.22, 0.062, -0.027]
[0.219, 0.062, -0.027]
[0.217, 0.062, -0.027]
[0.216, 0.061, -0.026]
[0.214, 0.062, -0.026]
[0.213, 0.062, -0.026]
[0.212, 0.063, -0.027]
[0.211, 0.064, -0.027]
[0.209, 0.064, -0.028]
[0.207, 0.064, -0.03]
[0.204, 0.065, -0.032]
[0.201, 0.065, -0.035]
[0.198, 0.066, -0.036]
[0.196, 0.066, -0.038]
[0.193, 0.066, -0.039]
