start livelink
[0.031, 0.028, -0.058]
[0.03, 0.028, -0.062]
[0.034, 0.028, -0.063]
[0.081, 0.019, -0.045]
[0.024, 0.015, -0.038]
[0.031, 0.014, -0.036]
[0.034, 0.012, -0.034]
[0.037, 0.011, -0.033]
[0.044, 0.01, -0.031]
[0.044, 0.01, -0.031]
[0.049, 0.011, -0.03]
[0.053, 0.011, -0.028]
[0.063, 0.014, -0.024]
[0.063, 0.014, -0.024]
[0.067, 0.015, -0.023]
[0.071, 0.016, -0.021]
[0.074, 0.017, -0.02]
[0.077, 0.018, -0.017]
[0.079, 0.019, -0.016]
[0.08, 0.019, -0.015]
[0.08, 0.019, -0.015]
[0.077, 0.019, -0.016]
[0.073, 0.018, -0.016]
[0.065, 0.017, -0.015]
[0.061, 0.017, -0.016]
[0.059, 0.017, -0.015]
[0.06, 0.018, -0.014]
[0.064, 0.019, -0.014]
[0.067, 0.019, -0.013]
[0.068, 0.019, -0.013]
[0.067, 0.018, -0.013]
[0.065, 0.018, -0.014]
[0.063, 0.017, -0.015]
[0.06, 0.015, -0.017]
[0.058, 0.015, -0.019]
[0.053, 0.014, -0.021]
[0.047, 0.014, -0.022]
[0.041, 0.013, -0.024]
[0.035, 0.012, -0.026]
[0.028, 0.011, -0.029]
[0.021, 0.009, -0.034]
[0.021, 0.009, -0.034]
[0.015, 0.007, -0.036]
[0.006, 0.005, -0.037]
[-0.013, 0.003, -0.037]
[-0.013, 0.003, -0.037]
[-0.02, 0.002, -0.037]
[-0.026, 0.001, -0.036]
[-0.037, -0.0, -0.032]
[-0.037, -0.0, -0.032]
[-0.041, -0.0, -0.03]
[-0.042, -0.001, -0.028]
[-0.039, -0.001, -0.028]
[-0.037, -0.001, -0.027]
[-0.037, -0.001, -0.027]
[-0.038, 0.0, -0.024]
[-0.042, 0.002, -0.021]
[-0.046, 0.003, -0.016]
[-0.047, 0.005, -0.008]
[-0.047, 0.008, -0.0]
[-0.041, 0.016, 0.017]
[-0.041, 0.016, 0.017]
[-0.038, 0.02, 0.024]
[-0.034, 0.023, 0.031]
[-0.032, 0.027, 0.037]
[-0.03, 0.032, 0.044]
[-0.027, 0.037, 0.051]
[-0.025, 0.042, 0.059]
[-0.02, 0.047, 0.066]
[-0.016, 0.051, 0.072]
[-0.017, 0.059, 0.085]
[-0.017, 0.059, 0.085]
[-0.014, 0.064, 0.092]
[-0.009, 0.07, 0.099]
[0.004, 0.079, 0.115]
[0.004, 0.079, 0.115]
[0.008, 0.083, 0.12]
[0.011, 0.086, 0.125]
[0.013, 0.089, 0.128]
[0.015, 0.091, 0.13]
[0.018, 0.093, 0.132]
[0.022, 0.094, 0.132]
[0.027, 0.095, 0.132]
[0.032, 0.097, 0.13]
[0.037, 0.098, 0.128]
[0.041, 0.1, 0.126]
[0.05, 0.102, 0.12]
[0.05, 0.102, 0.12]
[0.054, 0.103, 0.116]
[0.057, 0.104, 0.111]
[0.061, 0.104, 0.099]
[0.061, 0.104, 0.099]
[0.062, 0.103, 0.095]
[0.062, 0.101, 0.089]
[0.063, 0.099, 0.083]
[0.062, 0.098, 0.073]
[0.06, 0.098, 0.057]
[0.06, 0.099, 0.041]
[0.061, 0.103, 0.015]
[0.061, 0.103, 0.015]
[0.061, 0.103, -0.003]
[0.062, 0.102, -0.019]
[0.066, 0.101, -0.045]
[0.066, 0.101, -0.045]
[0.068, 0.101, -0.057]
[0.07, 0.101, -0.068]
[0.073, 0.101, -0.085]
[0.073, 0.101, -0.085]
[0.076, 0.1, -0.093]
[0.08, 0.1, -0.101]
[0.09, 0.099, -0.117]
[0.09, 0.099, -0.117]
[0.095, 0.098, -0.124]
[0.1, 0.098, -0.132]
[0.108, 0.097, -0.144]
[0.108, 0.097, -0.144]
[0.112, 0.096, -0.149]
[0.114, 0.095, -0.154]
[0.109, 0.091, -0.162]
[0.109, 0.091, -0.162]
[0.106, 0.089, -0.164]
[0.104, 0.086, -0.165]
[0.104, 0.083, -0.169]
[0.112, 0.08, -0.174]
[0.12, 0.077, -0.179]
[0.126, 0.075, -0.183]
[0.131, 0.073, -0.185]
[0.135, 0.07, -0.187]
[0.137, 0.067, -0.187]
[0.139, 0.064, -0.187]
[0.142, 0.057, -0.184]
[0.142, 0.057, -0.184]
[0.144, 0.055, -0.183]
[0.145, 0.052, -0.182]
[0.147, 0.049, -0.182]
[0.148, 0.046, -0.181]
[0.149, 0.043, -0.181]
[0.15, 0.04, -0.181]
[0.151, 0.037, -0.182]
[0.152, 0.034, -0.183]
[0.152, 0.031, -0.185]
[0.152, 0.027, -0.186]
[0.151, 0.024, -0.188]
[0.15, 0.02, -0.189]
[0.15, 0.016, -0.191]
[0.151, 0.012, -0.192]
[0.156, 0.008, -0.191]
[0.161, 0.004, -0.191]
[0.165, -0.0, -0.19]
[0.168, -0.008, -0.187]
[0.168, -0.008, -0.187]
[0.166, -0.012, -0.185]
[0.167, -0.015, -0.18]
[0.177, -0.023, -0.162]
[0.177, -0.023, -0.162]
[0.185, -0.026, -0.153]
[0.193, -0.028, -0.143]
[0.198, -0.031, -0.134]
[0.202, -0.033, -0.125]
[0.205, -0.034, -0.116]
[0.209, -0.034, -0.108]
[0.21, -0.035, -0.097]
[0.21, -0.035, -0.097]
[0.211, -0.035, -0.092]
[0.212, -0.035, -0.088]
[0.217, -0.033, -0.081]
[0.217, -0.033, -0.081]
[0.22, -0.032, -0.077]
[0.223, -0.031, -0.072]
[0.227, -0.03, -0.067]
[0.232, -0.028, -0.062]
[0.237, -0.026, -0.056]
[0.241, -0.024, -0.052]
[0.244, -0.021, -0.046]
[0.246, -0.017, -0.038]
[0.247, -0.013, -0.032]
[0.25, -0.01, -0.025]
[0.259, -0.004, -0.014]
[0.259, -0.004, -0.014]
[0.263, -0.001, -0.008]
[0.266, 0.002, -0.003]
[0.268, 0.007, 0.005]
[0.268, 0.007, 0.005]
[0.269, 0.01, 0.008]
[0.27, 0.012, 0.011]
[0.27, 0.015, 0.012]
[0.271, 0.018, 0.013]
[0.272, 0.021, 0.014]
[0.275, 0.023, 0.014]
[0.281, 0.027, 0.015]
[0.281, 0.027, 0.015]
[0.285, 0.027, 0.017]
[0.289, 0.028, 0.018]
[0.295, 0.03, 0.019]
[0.295, 0.03, 0.019]
[0.299, 0.032, 0.02]
[0.306, 0.035, 0.021]
[0.326, 0.04, 0.023]
[0.326, 0.04, 0.023]
[0.335, 0.042, 0.024]
[0.345, 0.044, 0.025]
[0.357, 0.048, 0.024]
[0.357, 0.048, 0.024]
[0.361, 0.05, 0.023]
[0.365, 0.052, 0.022]
[0.375, 0.055, 0.022]
[0.375, 0.055, 0.022]
[0.379, 0.056, 0.023]
[0.382, 0.057, 0.023]
[0.384, 0.058, 0.023]
[0.389, 0.06, 0.022]
[0.394, 0.063, 0.022]
[0.399, 0.065, 0.021]
[0.406, 0.07, 0.021]
[0.406, 0.07, 0.021]
[0.406, 0.073, 0.022]
[0.406, 0.076, 0.023]
[0.4, 0.081, 0.027]
[0.4, 0.081, 0.027]
[0.397, 0.084, 0.03]
[0.394, 0.087, 0.034]
[0.392, 0.09, 0.037]
[0.39, 0.094, 0.04]
[0.388, 0.097, 0.043]
[0.385, 0.099, 0.045]
[0.381, 0.101, 0.048]
[0.377, 0.103, 0.052]
[0.373, 0.105, 0.055]
[0.369, 0.106, 0.058]
[0.36, 0.107, 0.062]
[0.36, 0.107, 0.062]
[0.354, 0.108, 0.064]
[0.347, 0.109, 0.066]
[0.333, 0.11, 0.066]
[0.325, 0.111, 0.064]
[0.325, 0.111, 0.064]
[0.315, 0.112, 0.063]
[0.294, 0.112, 0.058]
[0.294, 0.112, 0.058]
[0.286, 0.113, 0.055]
[0.277, 0.114, 0.052]
[0.268, 0.114, 0.05]
[0.258, 0.114, 0.05]
[0.249, 0.114, 0.05]
[0.239, 0.113, 0.05]
[0.228, 0.113, 0.05]
[0.215, 0.112, 0.049]
[0.203, 0.111, 0.048]
[0.193, 0.11, 0.045]
[0.176, 0.108, 0.04]
[0.176, 0.108, 0.04]
[0.167, 0.108, 0.037]
[0.157, 0.108, 0.034]
[0.149, 0.108, 0.031]
[0.141, 0.108, 0.027]
[0.136, 0.108, 0.026]
[0.133, 0.108, 0.024]
[0.125, 0.108, 0.021]
[0.125, 0.108, 0.021]
[0.119, 0.108, 0.02]
[0.112, 0.107, 0.02]
[0.106, 0.106, 0.02]
[0.1, 0.105, 0.019]
[0.093, 0.103, 0.018]
[0.087, 0.101, 0.016]
[0.081, 0.1, 0.014]
[0.076, 0.098, 0.012]
[0.072, 0.096, 0.01]
[0.069, 0.094, 0.008]
[0.061, 0.088, 0.004]
[0.061, 0.088, 0.004]
[0.057, 0.084, 0.002]
[0.053, 0.081, -0.001]
[0.046, 0.072, -0.008]
[0.046, 0.072, -0.008]
[0.042, 0.068, -0.011]
[0.039, 0.064, -0.014]
[0.036, 0.06, -0.019]
[0.037, 0.056, -0.023]
[0.04, 0.052, -0.026]
[0.046, 0.049, -0.028]
[0.064, 0.043, -0.028]
[0.064, 0.043, -0.028]
[0.073, 0.04, -0.027]
[0.084, 0.036, -0.026]
[0.102, 0.029, -0.024]
[0.102, 0.029, -0.024]
[0.11, 0.025, -0.024]
[0.118, 0.022, -0.023]
[0.125, 0.02, -0.023]
[0.131, 0.017, -0.024]
[0.139, 0.015, -0.024]
[0.148, 0.013, -0.024]
[0.156, 0.009, -0.024]
[0.164, 0.006, -0.024]
[0.169, 0.004, -0.024]
[0.173, 0.001, -0.024]
[0.177, -0.002, -0.026]
[0.181, -0.004, -0.028]
[0.185, -0.006, -0.03]
[0.189, -0.007, -0.032]
[0.191, -0.008, -0.034]
[0.194, -0.009, -0.036]
[0.197, -0.01, -0.038]
[0.2, -0.012, -0.04]
[0.203, -0.013, -0.043]
[0.205, -0.015, -0.045]
[0.206, -0.016, -0.047]
[0.205, -0.018, -0.05]
[0.199, -0.022, -0.055]
[0.199, -0.022, -0.055]
[0.194, -0.024, -0.056]
[0.189, -0.024, -0.058]
[0.175, -0.022, -0.068]
[0.175, -0.022, -0.068]
[0.167, -0.02, -0.074]
[0.159, -0.019, -0.077]
[0.147, -0.016, -0.081]
[0.134, -0.013, -0.084]
[0.119, -0.01, -0.089]
[0.101, -0.007, -0.093]
[0.08, -0.003, -0.094]
[0.062, 0.0, -0.096]
[0.046, 0.003, -0.101]
[0.033, 0.006, -0.105]
[0.023, 0.01, -0.111]
[0.014, 0.014, -0.119]
[0.008, 0.019, -0.125]
[0.002, 0.025, -0.133]
[-0.005, 0.035, -0.149]
[-0.005, 0.035, -0.149]
[-0.01, 0.039, -0.158]
[-0.014, 0.042, -0.164]
[-0.018, 0.044, -0.167]
[-0.02, 0.045, -0.17]
[-0.02, 0.046, -0.171]
[-0.02, 0.047, -0.172]
[-0.006, 0.047, -0.17]
[-0.006, 0.047, -0.17]
[0.006, 0.048, -0.164]
[0.016, 0.048, -0.154]
[0.022, 0.05, -0.133]
[0.022, 0.05, -0.133]
[0.027, 0.052, -0.118]
[0.032, 0.053, -0.101]
[0.044, 0.057, -0.062]
[0.044, 0.057, -0.062]
[0.051, 0.06, -0.043]
[0.059, 0.062, -0.027]
[0.068, 0.064, -0.012]
[0.076, 0.067, 0.003]
[0.083, 0.07, 0.017]
[0.086, 0.073, 0.027]
[0.088, 0.076, 0.035]
[0.09, 0.079, 0.044]
[0.09, 0.082, 0.053]
[0.09, 0.085, 0.062]
[0.09, 0.088, 0.072]
[0.092, 0.09, 0.084]
[0.094, 0.092, 0.093]
[0.096, 0.094, 0.101]
[0.099, 0.098, 0.11]
[0.099, 0.098, 0.11]
[0.1, 0.1, 0.114]
[0.101, 0.103, 0.116]
[0.101, 0.105, 0.117]
[0.1, 0.108, 0.118]
[0.099, 0.111, 0.118]
[0.099, 0.114, 0.119]
[0.099, 0.116, 0.119]
[0.1, 0.119, 0.118]
[0.102, 0.121, 0.118]
[0.104, 0.123, 0.116]
[0.106, 0.125, 0.114]
[0.107, 0.128, 0.111]
[0.109, 0.131, 0.108]
[0.111, 0.134, 0.105]
[0.114, 0.137, 0.102]
[0.116, 0.141, 0.099]
[0.119, 0.144, 0.096]
[0.12, 0.147, 0.092]
[0.121, 0.15, 0.088]
[0.121, 0.152, 0.082]
[0.12, 0.154, 0.077]
[0.121, 0.156, 0.07]
[0.123, 0.157, 0.063]
[0.124, 0.158, 0.057]
[0.126, 0.159, 0.051]
[0.128, 0.16, 0.047]
[0.128, 0.162, 0.043]
[0.127, 0.163, 0.039]
[0.126, 0.164, 0.035]
[0.125, 0.164, 0.032]
[0.125, 0.164, 0.028]
[0.123, 0.164, 0.023]
[0.121, 0.164, 0.018]
[0.119, 0.163, 0.012]
[0.114, 0.162, 0.006]
[0.109, 0.161, -0.001]
[0.104, 0.16, -0.007]
[0.1, 0.159, -0.014]
[0.098, 0.158, -0.019]
[0.096, 0.156, -0.023]
[0.093, 0.154, -0.027]
[0.088, 0.152, -0.03]
[0.083, 0.15, -0.033]
[0.078, 0.148, -0.036]
[0.072, 0.146, -0.039]
[0.067, 0.144, -0.042]
[0.062, 0.141, -0.044]
[0.058, 0.139, -0.046]
[0.054, 0.136, -0.048]
[0.05, 0.133, -0.052]
[0.045, 0.13, -0.056]
[0.041, 0.127, -0.062]
[0.033, 0.122, -0.068]
[0.026, 0.118, -0.071]
[0.018, 0.113, -0.073]
[0.013, 0.108, -0.074]
[0.01, 0.103, -0.074]
[0.008, 0.098, -0.075]
[0.008, 0.094, -0.076]
[0.007, 0.09, -0.076]
[0.005, 0.087, -0.077]
[0.001, 0.083, -0.076]
[-0.004, 0.08, -0.075]
[-0.006, 0.077, -0.073]
[-0.011, 0.075, -0.072]
[-0.018, 0.071, -0.072]
[-0.024, 0.068, -0.071]
[-0.029, 0.064, -0.069]
[-0.035, 0.059, -0.065]
[-0.037, 0.055, -0.06]
[-0.039, 0.05, -0.055]
[-0.041, 0.044, -0.05]
[-0.045, 0.039, -0.043]
[-0.049, 0.034, -0.038]
[-0.061, 0.024, -0.026]
[-0.061, 0.024, -0.026]
[-0.067, 0.019, -0.02]
[-0.072, 0.015, -0.013]
[-0.087, 0.007, -0.003]
[-0.087, 0.007, -0.003]
[-0.096, 0.003, 0.0]
[-0.105, -0.0, 0.002]
[-0.112, -0.003, 0.003]
[-0.116, -0.006, 0.003]
[-0.121, -0.008, 0.003]
[-0.129, -0.01, 0.003]
[-0.134, -0.011, 0.001]
[-0.141, -0.013, -0.001]
[-0.148, -0.014, -0.002]
[-0.155, -0.015, -0.003]
[-0.166, -0.016, -0.005]
[-0.166, -0.016, -0.005]
[-0.169, -0.017, -0.006]
[-0.173, -0.018, -0.007]
[-0.176, -0.018, -0.008]
[-0.176, -0.019, -0.009]
[-0.175, -0.019, -0.01]
[-0.175, -0.019, -0.011]
[-0.175, -0.019, -0.012]
[-0.177, -0.019, -0.012]
[-0.176, -0.019, -0.012]
[-0.17, -0.018, -0.011]
[-0.162, -0.018, -0.009]
[-0.154, -0.017, -0.008]
[-0.144, -0.017, -0.007]
[-0.132, -0.016, -0.006]
[-0.119, -0.015, -0.005]
[-0.109, -0.013, -0.005]
[-0.099, -0.011, -0.004]
[-0.092, -0.008, -0.003]
[-0.083, -0.006, -0.001]
[-0.076, -0.004, 0.002]
[-0.069, -0.002, 0.005]
[-0.064, -0.001, 0.008]
[-0.058, 0.0, 0.009]
[-0.049, 0.002, 0.01]
[-0.038, 0.003, 0.01]
[-0.027, 0.004, 0.009]
[-0.007, 0.008, 0.008]
[-0.007, 0.008, 0.008]
[0.001, 0.01, 0.007]
[0.006, 0.012, 0.006]
[0.011, 0.015, 0.006]
[0.016, 0.017, 0.005]
[0.023, 0.02, 0.006]
[0.028, 0.022, 0.006]
[0.034, 0.024, 0.005]
[0.04, 0.027, 0.004]
[0.045, 0.03, 0.003]
[0.051, 0.032, 0.002]
[0.056, 0.035, 0.002]
[0.061, 0.038, 0.001]
[0.067, 0.04, 0.0]
[0.074, 0.043, -0.001]
[0.081, 0.046, -0.002]
[0.089, 0.049, -0.004]
[0.097, 0.052, -0.006]
[0.105, 0.055, -0.009]
[0.112, 0.057, -0.012]
[0.125, 0.061, -0.016]
[0.125, 0.061, -0.016]
[0.13, 0.063, -0.017]
[0.138, 0.066, -0.019]
[0.138, 0.066, -0.019]
[0.141, 0.067, -0.021]
[0.144, 0.068, -0.024]
[0.146, 0.068, -0.027]
[0.149, 0.069, -0.028]
[0.152, 0.07, -0.029]
[0.155, 0.071, -0.03]
[0.157, 0.072, -0.03]
[0.158, 0.073, -0.032]
[0.16, 0.073, -0.033]
[0.161, 0.073, -0.034]
[0.162, 0.073, -0.035]
[0.162, 0.073, -0.035]
[0.161, 0.073, -0.035]
[0.161, 0.073, -0.035]
[0.16, 0.072, -0.035]
[0.16, 0.071, -0.035]
[0.16, 0.069, -0.036]
[0.159, 0.068, -0.036]
[0.157, 0.067, -0.037]
[0.153, 0.065, -0.038]
[0.15, 0.063, -0.039]
[0.146, 0.061, -0.04]
[0.141, 0.06, -0.042]
[0.136, 0.057, -0.043]
[0.131, 0.055, -0.043]
[0.125, 0.053, -0.044]
[0.118, 0.051, -0.045]
[0.112, 0.049, -0.047]
[0.105, 0.047, -0.049]
[0.1, 0.044, -0.049]
[0.09, 0.039, -0.052]
[0.09, 0.039, -0.052]
[0.085, 0.036, -0.053]
[0.079, 0.034, -0.053]
[0.065, 0.029, -0.053]
[0.065, 0.029, -0.053]
[0.06, 0.027, -0.052]
[0.056, 0.025, -0.052]
[0.053, 0.023, -0.05]
[0.046, 0.019, -0.049]
[0.046, 0.019, -0.049]
[0.042, 0.018, -0.048]
[0.039, 0.016, -0.049]
[0.037, 0.015, -0.049]
[0.034, 0.014, -0.05]
[0.032, 0.013, -0.05]
[0.026, 0.011, -0.049]
[0.026, 0.011, -0.049]
[0.023, 0.01, -0.047]
[0.02, 0.009, -0.045]
[0.014, 0.007, -0.043]
[0.014, 0.007, -0.043]
[0.013, 0.007, -0.043]
[0.013, 0.006, -0.043]
[0.014, 0.006, -0.044]
[0.014, 0.006, -0.044]
[0.014, 0.005, -0.044]
[0.012, 0.005, -0.044]
[0.011, 0.005, -0.044]
[0.008, 0.005, -0.044]
[0.005, 0.004, -0.044]
[0.0, 0.004, -0.045]
[-0.005, 0.003, -0.045]
[-0.011, 0.003, -0.045]
[-0.018, 0.003, -0.045]
[-0.022, 0.003, -0.045]
[-0.026, 0.003, -0.044]
[-0.03, 0.004, -0.043]
[-0.038, 0.007, -0.043]
[-0.038, 0.007, -0.043]
[-0.042, 0.008, -0.044]
[-0.045, 0.009, -0.044]
[-0.047, 0.011, -0.044]
[-0.049, 0.012, -0.044]
[-0.05, 0.014, -0.045]
[-0.05, 0.015, -0.045]
[-0.05, 0.016, -0.046]
[-0.05, 0.018, -0.046]
[-0.051, 0.02, -0.046]
[-0.051, 0.022, -0.046]
[-0.052, 0.024, -0.047]
[-0.052, 0.031, -0.048]
[-0.052, 0.031, -0.048]
[-0.054, 0.035, -0.049]
[-0.057, 0.04, -0.05]
[-0.058, 0.044, -0.051]
[-0.059, 0.049, -0.052]
[-0.056, 0.053, -0.054]
[-0.054, 0.056, -0.055]
[-0.051, 0.06, -0.058]
[-0.048, 0.065, -0.059]
[-0.047, 0.068, -0.062]
[-0.045, 0.072, -0.065]
[-0.043, 0.076, -0.067]
[-0.041, 0.08, -0.07]
[-0.036, 0.083, -0.073]
[-0.033, 0.086, -0.076]
[-0.032, 0.091, -0.082]
[-0.032, 0.091, -0.082]
[-0.034, 0.093, -0.084]
[-0.036, 0.096, -0.085]
[-0.037, 0.1, -0.084]
[-0.037, 0.1, -0.084]
[-0.036, 0.101, -0.082]
[-0.035, 0.102, -0.081]
[-0.033, 0.102, -0.08]
[-0.031, 0.103, -0.078]
[-0.031, 0.103, -0.078]
[-0.03, 0.103, -0.078]
[-0.031, 0.103, -0.079]
[-0.032, 0.103, -0.08]
[-0.034, 0.103, -0.081]
[-0.035, 0.103, -0.082]
[-0.038, 0.103, -0.084]
[-0.039, 0.103, -0.085]
[-0.04, 0.103, -0.085]
[-0.041, 0.103, -0.086]
[-0.041, 0.103, -0.086]
[-0.04, 0.102, -0.086]
[-0.04, 0.102, -0.087]
[-0.041, 0.102, -0.087]
[-0.043, 0.101, -0.088]
[-0.045, 0.101, -0.09]
[-0.046, 0.1, -0.094]
[-0.044, 0.1, -0.097]
[-0.039, 0.1, -0.1]
[-0.038, 0.1, -0.103]
[-0.038, 0.101, -0.107]
[-0.043, 0.102, -0.11]
[-0.047, 0.102, -0.115]
