start livelink
[0.034, 0.014, -0.051]
[0.037, 0.015, -0.053]
[0.04, 0.015, -0.053]
[0.042, 0.014, -0.053]
[0.042, 0.013, -0.053]
[0.049, 0.012, -0.053]
[0.005, 0.011, -0.042]
[0.005, 0.011, -0.042]
[0.002, 0.01, -0.047]
[-0.0, 0.011, -0.049]
[0.005, 0.014, -0.049]
[0.013, 0.015, -0.05]
[0.02, 0.015, -0.05]
[0.027, 0.015, -0.05]
[0.033, 0.014, -0.051]
[0.037, 0.014, -0.051]
[0.041, 0.013, -0.052]
[0.045, 0.012, -0.052]
[0.05, 0.01, -0.052]
[0.05, 0.01, -0.052]
[0.051, 0.009, -0.052]
[0.054, 0.008, -0.049]
[0.054, 0.008, -0.049]
[0.055, 0.007, -0.048]
[0.055, 0.007, -0.047]
[0.057, 0.007, -0.046]
[0.058, 0.007, -0.045]
[0.058, 0.007, -0.043]
[0.06, 0.008, -0.042]
[0.061, 0.008, -0.04]
[0.061, 0.008, -0.039]
[0.059, 0.008, -0.034]
[0.057, 0.008, -0.03]
[0.055, 0.007, -0.026]
[0.056, 0.007, -0.022]
[0.066, 0.008, -0.018]
[0.066, 0.008, -0.018]
[0.073, 0.008, -0.016]
[0.079, 0.008, -0.014]
[0.084, 0.008, -0.012]
[0.087, 0.009, -0.009]
[0.089, 0.009, -0.004]
[0.089, 0.009, -0.004]
[0.091, 0.01, -0.002]
[0.092, 0.01, 0.0]
[0.096, 0.011, 0.004]
[0.096, 0.011, 0.004]
[0.105, 0.013, 0.008]
[0.105, 0.013, 0.008]
[0.11, 0.015, 0.009]
[0.116, 0.017, 0.011]
[0.12, 0.018, 0.012]
[0.124, 0.019, 0.013]
[0.127, 0.019, 0.014]
[0.129, 0.019, 0.014]
[0.132, 0.02, 0.014]
[0.135, 0.02, 0.013]
[0.139, 0.021, 0.011]
[0.143, 0.022, 0.01]
[0.146, 0.022, 0.009]
[0.149, 0.022, 0.008]
[0.151, 0.022, 0.009]
[0.155, 0.022, 0.008]
[0.16, 0.022, 0.009]
[0.166, 0.022, 0.009]
[0.171, 0.021, 0.008]
[0.175, 0.021, 0.008]
[0.178, 0.02, 0.008]
[0.179, 0.019, 0.008]
[0.179, 0.018, 0.008]
[0.179, 0.018, 0.008]
[0.178, 0.017, 0.007]
[0.178, 0.017, 0.006]
[0.178, 0.016, 0.004]
[0.176, 0.016, 0.001]
[0.175, 0.015, -0.001]
[0.173, 0.015, -0.003]
[0.171, 0.014, -0.005]
[0.169, 0.014, -0.007]
[0.167, 0.013, -0.009]
[0.165, 0.013, -0.01]
[0.164, 0.012, -0.012]
[0.163, 0.012, -0.014]
[0.161, 0.01, -0.018]
[0.16, 0.009, -0.022]
[0.158, 0.007, -0.025]
[0.156, 0.005, -0.028]
[0.151, 0.002, -0.032]
[0.151, 0.002, -0.032]
[0.147, 0.001, -0.033]
[0.144, -0.001, -0.035]
[0.135, -0.003, -0.037]
[0.135, -0.003, -0.037]
[0.131, -0.004, -0.037]
[0.124, -0.004, -0.036]
[0.108, -0.005, -0.035]
[0.108, -0.005, -0.035]
[0.098, -0.006, -0.035]
[0.091, -0.006, -0.035]
[0.082, -0.007, -0.036]
[0.075, -0.006, -0.038]
[0.065, -0.006, -0.039]
[0.056, -0.006, -0.041]
[0.048, -0.007, -0.041]
[0.041, -0.007, -0.042]
[0.035, -0.007, -0.042]
[0.031, -0.008, -0.042]
[0.027, -0.008, -0.042]
[0.024, -0.008, -0.042]
[0.022, -0.008, -0.042]
[0.019, -0.008, -0.043]
[0.019, -0.007, -0.044]
[0.019, -0.006, -0.044]
[0.019, -0.005, -0.044]
[0.02, -0.004, -0.042]
[0.02, -0.003, -0.041]
[0.02, -0.003, -0.04]
[0.02, -0.003, -0.038]
[0.02, -0.002, -0.036]
[0.02, -0.001, -0.034]
[0.021, 0.0, -0.031]
[0.023, 0.003, -0.025]
[0.023, 0.003, -0.025]
[0.024, 0.005, -0.023]
[0.026, 0.007, -0.02]
[0.027, 0.008, -0.017]
[0.028, 0.009, -0.013]
[0.029, 0.009, -0.009]
[0.03, 0.01, -0.005]
[0.032, 0.011, -0.002]
[0.035, 0.012, 0.002]
[0.038, 0.013, 0.005]
[0.04, 0.014, 0.009]
[0.043, 0.016, 0.013]
[0.046, 0.017, 0.018]
[0.05, 0.02, 0.023]
[0.051, 0.022, 0.028]
[0.047, 0.024, 0.035]
[0.046, 0.026, 0.041]
[0.049, 0.029, 0.047]
[0.059, 0.032, 0.053]
[0.071, 0.036, 0.058]
[0.082, 0.04, 0.063]
[0.089, 0.042, 0.066]
[0.093, 0.045, 0.07]
[0.097, 0.047, 0.073]
[0.101, 0.05, 0.076]
[0.104, 0.052, 0.08]
[0.108, 0.055, 0.083]
[0.11, 0.058, 0.087]
[0.111, 0.06, 0.091]
[0.112, 0.063, 0.095]
[0.111, 0.066, 0.1]
[0.112, 0.069, 0.111]
[0.112, 0.069, 0.111]
[0.113, 0.071, 0.118]
[0.114, 0.071, 0.125]
[0.116, 0.071, 0.132]
[0.117, 0.072, 0.138]
[0.118, 0.072, 0.143]
[0.118, 0.072, 0.147]
[0.118, 0.072, 0.15]
[0.118, 0.072, 0.153]
[0.119, 0.072, 0.155]
[0.12, 0.072, 0.157]
[0.121, 0.072, 0.157]
[0.122, 0.072, 0.158]
[0.123, 0.072, 0.158]
[0.124, 0.072, 0.158]
[0.125, 0.071, 0.158]
[0.125, 0.071, 0.158]
[0.125, 0.071, 0.158]
[0.125, 0.071, 0.157]
[0.125, 0.071, 0.156]
[0.125, 0.07, 0.155]
[0.126, 0.069, 0.154]
[0.126, 0.069, 0.152]
[0.127, 0.068, 0.151]
[0.128, 0.067, 0.149]
[0.129, 0.066, 0.146]
[0.131, 0.065, 0.143]
[0.133, 0.064, 0.14]
[0.134, 0.063, 0.137]
[0.134, 0.063, 0.133]
[0.134, 0.063, 0.133]
[0.135, 0.062, 0.13]
[0.135, 0.062, 0.128]
[0.136, 0.061, 0.124]
[0.137, 0.06, 0.121]
[0.138, 0.059, 0.116]
[0.14, 0.058, 0.11]
[0.142, 0.057, 0.104]
[0.144, 0.056, 0.098]
[0.146, 0.055, 0.092]
[0.148, 0.054, 0.086]
[0.148, 0.054, 0.079]
[0.148, 0.054, 0.072]
[0.147, 0.053, 0.066]
[0.145, 0.052, 0.06]
[0.145, 0.051, 0.053]
[0.144, 0.051, 0.047]
[0.146, 0.049, 0.033]
[0.146, 0.049, 0.033]
[0.146, 0.047, 0.022]
[0.146, 0.046, 0.012]
[0.148, 0.044, 0.004]
[0.149, 0.042, -0.006]
[0.15, 0.04, -0.017]
[0.151, 0.038, -0.029]
[0.152, 0.036, -0.041]
[0.153, 0.034, -0.052]
[0.154, 0.033, -0.064]
[0.155, 0.032, -0.076]
[0.156, 0.031, -0.089]
[0.156, 0.031, -0.102]
[0.156, 0.03, -0.113]
[0.155, 0.029, -0.125]
[0.153, 0.029, -0.135]
[0.153, 0.028, -0.144]
[0.152, 0.028, -0.151]
[0.151, 0.027, -0.157]
[0.151, 0.027, -0.162]
[0.151, 0.027, -0.167]
[0.151, 0.026, -0.172]
[0.15, 0.026, -0.177]
[0.148, 0.026, -0.181]
[0.147, 0.026, -0.184]
[0.146, 0.026, -0.186]
[0.145, 0.026, -0.188]
[0.144, 0.026, -0.191]
[0.143, 0.026, -0.194]
[0.143, 0.026, -0.196]
[0.144, 0.026, -0.198]
[0.144, 0.026, -0.199]
[0.145, 0.026, -0.199]
[0.145, 0.027, -0.199]
[0.144, 0.027, -0.199]
[0.144, 0.027, -0.199]
[0.144, 0.027, -0.198]
[0.144, 0.026, -0.197]
[0.145, 0.026, -0.197]
[0.146, 0.026, -0.196]
[0.147, 0.026, -0.196]
[0.147, 0.026, -0.195]
[0.147, 0.026, -0.194]
[0.147, 0.026, -0.193]
[0.147, 0.026, -0.193]
[0.146, 0.025, -0.192]
[0.146, 0.025, -0.191]
[0.146, 0.025, -0.19]
[0.147, 0.025, -0.189]
[0.148, 0.025, -0.188]
[0.148, 0.025, -0.187]
[0.149, 0.025, -0.187]
[0.149, 0.024, -0.186]
[0.15, 0.024, -0.186]
[0.15, 0.023, -0.185]
[0.15, 0.023, -0.185]
[0.149, 0.023, -0.184]
[0.149, 0.023, -0.183]
[0.15, 0.022, -0.182]
[0.151, 0.022, -0.18]
[0.151, 0.022, -0.18]
[0.152, 0.021, -0.179]
[0.152, 0.021, -0.179]
[0.152, 0.02, -0.178]
[0.153, 0.02, -0.176]
[0.152, 0.019, -0.174]
[0.152, 0.018, -0.171]
[0.152, 0.018, -0.168]
[0.152, 0.017, -0.165]
[0.153, 0.017, -0.161]
[0.153, 0.017, -0.157]
[0.154, 0.017, -0.153]
[0.155, 0.017, -0.15]
[0.156, 0.017, -0.146]
[0.157, 0.017, -0.143]
[0.159, 0.016, -0.14]
[0.16, 0.016, -0.137]
[0.16, 0.016, -0.135]
[0.161, 0.016, -0.133]
[0.162, 0.016, -0.131]
[0.162, 0.016, -0.129]
[0.163, 0.016, -0.128]
[0.163, 0.017, -0.127]
[0.163, 0.017, -0.125]
[0.163, 0.017, -0.125]
[0.164, 0.018, -0.124]
[0.163, 0.018, -0.123]
[0.163, 0.019, -0.122]
[0.162, 0.019, -0.121]
[0.161, 0.019, -0.12]
[0.161, 0.019, -0.12]
[0.16, 0.02, -0.12]
[0.159, 0.02, -0.12]
[0.159, 0.02, -0.12]
[0.159, 0.021, -0.121]
[0.16, 0.021, -0.121]
[0.161, 0.021, -0.121]
[0.162, 0.022, -0.12]
[0.161, 0.022, -0.119]
[0.16, 0.022, -0.117]
[0.159, 0.023, -0.116]
[0.159, 0.024, -0.114]
[0.159, 0.024, -0.113]
[0.158, 0.024, -0.112]
[0.158, 0.024, -0.111]
[0.159, 0.024, -0.111]
[0.158, 0.023, -0.11]
[0.159, 0.022, -0.109]
[0.159, 0.022, -0.108]
[0.159, 0.022, -0.106]
[0.159, 0.022, -0.105]
[0.159, 0.021, -0.104]
[0.16, 0.021, -0.104]
[0.161, 0.021, -0.103]
[0.163, 0.021, -0.102]
[0.164, 0.021, -0.1]
[0.164, 0.021, -0.099]
[0.163, 0.021, -0.098]
[0.162, 0.021, -0.097]
[0.161, 0.022, -0.096]
[0.159, 0.022, -0.095]
[0.158, 0.022, -0.095]
[0.158, 0.022, -0.094]
[0.157, 0.022, -0.093]
[0.157, 0.022, -0.092]
[0.157, 0.022, -0.09]
[0.157, 0.022, -0.089]
[0.157, 0.022, -0.087]
[0.156, 0.023, -0.086]
[0.156, 0.023, -0.084]
[0.156, 0.023, -0.081]
[0.155, 0.023, -0.08]
[0.154, 0.023, -0.077]
[0.153, 0.023, -0.075]
[0.153, 0.023, -0.072]
[0.152, 0.023, -0.07]
[0.152, 0.023, -0.066]
[0.152, 0.024, -0.063]
[0.152, 0.024, -0.06]
[0.153, 0.024, -0.057]
[0.153, 0.024, -0.054]
[0.153, 0.024, -0.051]
[0.154, 0.025, -0.047]
[0.155, 0.025, -0.044]
[0.157, 0.026, -0.04]
[0.16, 0.026, -0.036]
[0.164, 0.026, -0.033]
[0.166, 0.026, -0.028]
[0.167, 0.026, -0.024]
[0.167, 0.026, -0.02]
[0.167, 0.026, -0.017]
[0.167, 0.026, -0.014]
[0.166, 0.026, -0.011]
[0.165, 0.025, -0.008]
[0.162, 0.025, -0.004]
[0.16, 0.025, -0.001]
[0.158, 0.024, 0.002]
[0.158, 0.024, 0.004]
[0.158, 0.024, 0.007]
[0.159, 0.024, 0.009]
[0.161, 0.024, 0.012]
[0.163, 0.024, 0.014]
[0.164, 0.025, 0.017]
[0.165, 0.025, 0.02]
[0.165, 0.025, 0.022]
[0.165, 0.025, 0.025]
[0.165, 0.025, 0.028]
[0.166, 0.025, 0.033]
[0.166, 0.025, 0.033]
[0.165, 0.025, 0.036]
[0.165, 0.025, 0.038]
[0.165, 0.024, 0.039]
[0.165, 0.024, 0.041]
[0.164, 0.024, 0.042]
[0.163, 0.023, 0.044]
[0.161, 0.023, 0.045]
[0.16, 0.023, 0.047]
[0.159, 0.023, 0.049]
[0.158, 0.023, 0.052]
[0.158, 0.024, 0.055]
[0.158, 0.024, 0.059]
[0.161, 0.024, 0.064]
[0.163, 0.024, 0.068]
[0.164, 0.023, 0.074]
[0.162, 0.022, 0.079]
[0.156, 0.02, 0.087]
[0.152, 0.019, 0.094]
[0.15, 0.018, 0.1]
[0.151, 0.018, 0.106]
[0.155, 0.017, 0.113]
[0.157, 0.015, 0.123]
[0.157, 0.014, 0.143]
[0.157, 0.014, 0.143]
[0.156, 0.013, 0.151]
[0.154, 0.014, 0.159]
[0.153, 0.014, 0.165]
[0.153, 0.014, 0.173]
[0.152, 0.014, 0.179]
[0.152, 0.014, 0.185]
[0.152, 0.014, 0.192]
[0.154, 0.014, 0.196]
[0.155, 0.014, 0.201]
[0.155, 0.014, 0.204]
[0.155, 0.012, 0.207]
[0.155, 0.012, 0.207]
[0.154, 0.012, 0.209]
[0.153, 0.013, 0.211]
[0.152, 0.014, 0.212]
[0.151, 0.015, 0.212]
[0.151, 0.015, 0.212]
[0.152, 0.016, 0.212]
[0.151, 0.016, 0.21]
[0.151, 0.015, 0.209]
[0.15, 0.014, 0.208]
[0.15, 0.013, 0.208]
[0.149, 0.011, 0.208]
[0.148, 0.01, 0.207]
[0.148, 0.01, 0.205]
[0.147, 0.009, 0.203]
[0.148, 0.009, 0.2]
[0.148, 0.008, 0.196]
[0.148, 0.008, 0.193]
[0.15, 0.007, 0.19]
[0.149, 0.006, 0.186]
[0.147, 0.006, 0.181]
[0.145, 0.006, 0.175]
[0.144, 0.006, 0.17]
[0.146, 0.005, 0.164]
[0.147, 0.005, 0.158]
[0.15, 0.005, 0.152]
[0.15, 0.004, 0.147]
[0.15, 0.003, 0.142]
[0.149, 0.002, 0.138]
[0.151, 0.001, 0.133]
[0.154, 0.0, 0.129]
[0.156, -0.0, 0.125]
[0.157, -0.001, 0.12]
[0.158, -0.001, 0.116]
[0.156, -0.002, 0.113]
[0.154, -0.002, 0.11]
[0.152, -0.003, 0.108]
[0.149, -0.003, 0.106]
[0.149, -0.004, 0.104]
[0.149, -0.004, 0.104]
[0.148, -0.005, 0.104]
[0.148, -0.006, 0.105]
[0.148, -0.007, 0.105]
[0.147, -0.007, 0.104]
[0.146, -0.008, 0.104]
[0.144, -0.009, 0.102]
[0.143, -0.01, 0.099]
[0.142, -0.011, 0.096]
[0.141, -0.012, 0.093]
[0.142, -0.013, 0.089]
[0.142, -0.013, 0.086]
[0.143, -0.012, 0.084]
[0.142, -0.012, 0.083]
[0.141, -0.012, 0.081]
[0.139, -0.012, 0.08]
[0.138, -0.012, 0.08]
[0.137, -0.012, 0.08]
[0.137, -0.012, 0.08]
[0.136, -0.012, 0.08]
[0.134, -0.012, 0.079]
[0.132, -0.012, 0.079]
[0.13, -0.011, 0.078]
[0.129, -0.011, 0.078]
[0.128, -0.011, 0.079]
[0.129, -0.011, 0.08]
[0.131, -0.011, 0.081]
[0.132, -0.012, 0.084]
[0.133, -0.012, 0.087]
[0.134, -0.012, 0.092]
[0.133, -0.013, 0.1]
[0.132, -0.013, 0.109]
[0.131, -0.013, 0.12]
[0.129, -0.013, 0.139]
[0.129, -0.013, 0.139]
[0.128, -0.013, 0.149]
[0.128, -0.012, 0.16]
[0.129, -0.011, 0.17]
[0.13, -0.01, 0.178]
[0.132, -0.01, 0.185]
[0.137, -0.01, 0.197]
[0.137, -0.01, 0.197]
[0.14, -0.009, 0.203]
[0.142, -0.008, 0.208]
[0.144, -0.007, 0.212]
[0.145, -0.007, 0.215]
[0.146, -0.007, 0.216]
[0.148, -0.007, 0.217]
[0.15, -0.008, 0.219]
[0.15, -0.008, 0.219]
[0.151, -0.008, 0.221]
[0.154, -0.009, 0.222]
[0.156, -0.009, 0.223]
[0.159, -0.009, 0.224]
[0.161, -0.01, 0.226]
[0.163, -0.01, 0.228]
[0.165, -0.01, 0.23]
[0.166, -0.011, 0.233]
[0.167, -0.011, 0.236]
[0.168, -0.011, 0.239]
[0.169, -0.011, 0.241]
[0.171, -0.012, 0.244]
[0.173, -0.012, 0.246]
[0.174, -0.012, 0.249]
[0.174, -0.012, 0.252]
[0.171, -0.013, 0.256]
[0.17, -0.013, 0.26]
[0.168, -0.013, 0.263]
[0.166, -0.013, 0.266]
[0.166, -0.014, 0.27]
[0.165, -0.014, 0.274]
[0.164, -0.014, 0.277]
[0.164, -0.014, 0.281]
[0.163, -0.014, 0.284]
[0.162, -0.014, 0.287]
[0.161, -0.014, 0.289]
[0.16, -0.014, 0.291]
[0.159, -0.014, 0.292]
[0.155, -0.013, 0.293]
[0.152, -0.012, 0.293]
[0.149, -0.011, 0.292]
[0.146, -0.011, 0.292]
[0.144, -0.01, 0.292]
[0.142, -0.01, 0.293]
[0.139, -0.01, 0.293]
[0.135, -0.01, 0.294]
[0.132, -0.009, 0.294]
[0.129, -0.009, 0.293]
[0.126, -0.008, 0.293]
[0.124, -0.006, 0.292]
[0.121, -0.005, 0.291]
[0.117, -0.004, 0.291]
[0.114, -0.003, 0.291]
[0.112, -0.002, 0.291]
[0.11, -0.002, 0.291]
[0.108, -0.002, 0.29]
[0.106, -0.002, 0.29]
[0.104, -0.002, 0.29]
[0.102, -0.003, 0.291]
[0.1, -0.003, 0.291]
[0.098, -0.003, 0.292]
[0.097, -0.003, 0.292]
[0.098, -0.003, 0.293]
[0.099, -0.004, 0.294]
[0.101, -0.004, 0.295]
[0.103, -0.005, 0.297]
[0.103, -0.005, 0.298]
[0.102, -0.005, 0.298]
[0.1, -0.005, 0.298]
[0.097, -0.004, 0.297]
[0.097, -0.004, 0.295]
[0.097, -0.003, 0.294]
[0.098, -0.002, 0.291]
[0.098, -0.002, 0.291]
[0.098, -0.002, 0.288]
[0.097, -0.002, 0.284]
[0.094, -0.001, 0.28]
[0.089, -0.0, 0.274]
[0.083, 0.0, 0.268]
[0.076, 0.001, 0.261]
[0.067, 0.001, 0.254]
[0.059, 0.002, 0.248]
[0.05, 0.002, 0.241]
[0.038, 0.002, 0.234]
[0.029, 0.002, 0.228]
[0.018, 0.002, 0.222]
[0.011, 0.002, 0.217]
[0.003, 0.002, 0.211]
[-0.006, 0.003, 0.206]
[-0.014, 0.003, 0.202]
[-0.022, 0.004, 0.197]
[-0.034, 0.005, 0.19]
[-0.034, 0.005, 0.19]
[-0.042, 0.005, 0.186]
[-0.05, 0.005, 0.181]
[-0.057, 0.005, 0.176]
[-0.066, 0.005, 0.172]
[-0.071, 0.006, 0.168]
[-0.077, 0.006, 0.165]
[-0.085, 0.006, 0.162]
[-0.09, 0.007, 0.158]
[-0.097, 0.007, 0.153]
[-0.102, 0.007, 0.148]
[-0.107, 0.007, 0.143]
[-0.111, 0.007, 0.139]
[-0.114, 0.007, 0.136]
[-0.115, 0.007, 0.134]
[-0.115, 0.007, 0.131]
[-0.113, 0.007, 0.127]
[-0.111, 0.007, 0.123]
[-0.108, 0.006, 0.119]
[-0.107, 0.006, 0.117]
[-0.107, 0.006, 0.114]
[-0.108, 0.006, 0.112]
[-0.11, 0.006, 0.108]
[-0.11, 0.006, 0.104]
[-0.109, 0.006, 0.099]
[-0.108, 0.007, 0.093]
[-0.105, 0.007, 0.089]
[-0.1, 0.009, 0.08]
[-0.1, 0.009, 0.08]
[-0.098, 0.01, 0.075]
[-0.096, 0.012, 0.071]
[-0.099, 0.014, 0.061]
[-0.099, 0.014, 0.061]
[-0.098, 0.015, 0.054]
[-0.096, 0.016, 0.047]
[-0.098, 0.018, 0.038]
[-0.1, 0.02, 0.029]
[-0.098, 0.023, 0.017]
[-0.097, 0.026, 0.003]
[-0.094, 0.027, -0.009]
[-0.091, 0.028, -0.02]
[-0.088, 0.028, -0.029]
[-0.084, 0.029, -0.037]
[-0.076, 0.029, -0.044]
[-0.066, 0.028, -0.05]
[-0.052, 0.028, -0.055]
[-0.035, 0.027, -0.056]
[-0.017, 0.025, -0.058]
[-0.001, 0.024, -0.059]
[0.008, 0.022, -0.06]
[0.014, 0.021, -0.062]
[0.024, 0.02, -0.061]
[0.038, 0.019, -0.059]
[0.051, 0.019, -0.059]
[0.062, 0.019, -0.06]
[0.072, 0.019, -0.062]
[0.081, 0.019, -0.064]
[0.092, 0.018, -0.066]
[0.102, 0.018, -0.067]
[0.114, 0.018, -0.069]
[0.122, 0.018, -0.071]
[0.13, 0.018, -0.072]
[0.137, 0.017, -0.073]
[0.144, 0.016, -0.074]
[0.151, 0.016, -0.075]
[0.158, 0.015, -0.076]
[0.166, 0.014, -0.076]
[0.174, 0.014, -0.077]
[0.181, 0.013, -0.077]
[0.19, 0.013, -0.076]
[0.198, 0.013, -0.075]
[0.215, 0.013, -0.074]
[0.215, 0.013, -0.074]
[0.224, 0.013, -0.073]
[0.233, 0.012, -0.073]
[0.245, 0.012, -0.073]
[0.255, 0.011, -0.072]
[0.267, 0.011, -0.071]
[0.279, 0.011, -0.07]
[0.289, 0.011, -0.068]
[0.299, 0.012, -0.066]
[0.305, 0.012, -0.064]
[0.312, 0.012, -0.063]
[0.318, 0.012, -0.062]
[0.323, 0.012, -0.061]
[0.337, 0.011, -0.059]
[0.337, 0.011, -0.059]
[0.343, 0.01, -0.058]
[0.351, 0.01, -0.058]
[0.357, 0.009, -0.057]
[0.362, 0.009, -0.055]
[0.367, 0.009, -0.054]
[0.372, 0.009, -0.053]
[0.383, 0.009, -0.051]
[0.383, 0.009, -0.051]
[0.389, 0.009, -0.051]
[0.393, 0.009, -0.051]
[0.397, 0.009, -0.05]
[0.401, 0.009, -0.051]
[0.407, 0.01, -0.051]
[0.413, 0.009, -0.052]
[0.419, 0.009, -0.053]
[0.425, 0.008, -0.054]
[0.43, 0.008, -0.055]
[0.435, 0.007, -0.056]
[0.441, 0.006, -0.058]
[0.447, 0.005, -0.06]
[0.462, 0.004, -0.063]
[0.462, 0.004, -0.063]
[0.469, 0.003, -0.064]
[0.474, 0.003, -0.065]
[0.487, 0.002, -0.068]
[0.487, 0.002, -0.068]
[0.493, 0.003, -0.069]
[0.499, 0.002, -0.071]
[0.51, 0.002, -0.075]
[0.51, 0.002, -0.075]
[0.517, 0.001, -0.076]
[0.524, 0.0, -0.078]
[0.531, -0.0, -0.079]
[0.538, -0.0, -0.081]
[0.545, -0.001, -0.083]
[0.549, -0.001, -0.085]
[0.555, -0.001, -0.087]
[0.56, -0.002, -0.088]
[0.565, -0.002, -0.089]
[0.572, -0.003, -0.09]
[0.577, -0.003, -0.092]
[0.581, -0.003, -0.094]
[0.585, -0.002, -0.095]
[0.588, -0.002, -0.097]
[0.59, -0.002, -0.098]
[0.59, -0.002, -0.1]
[0.59, -0.002, -0.104]
[0.59, -0.002, -0.104]
[0.59, -0.002, -0.107]
[0.59, -0.002, -0.11]
[0.59, -0.002, -0.114]
[0.59, -0.001, -0.118]
[0.59, 0.0, -0.124]
[0.59, 0.001, -0.131]
[0.59, 0.002, -0.14]
[0.59, 0.003, -0.151]
[0.59, 0.005, -0.166]
[0.59, 0.007, -0.182]
[0.586, 0.011, -0.221]
[0.586, 0.011, -0.221]
[0.583, 0.013, -0.236]
[0.578, 0.015, -0.253]
[0.575, 0.017, -0.269]
[0.574, 0.018, -0.284]
[0.577, 0.02, -0.312]
[0.577, 0.02, -0.312]
[0.58, 0.021, -0.324]
[0.58, 0.021, -0.335]
[0.576, 0.023, -0.357]
[0.576, 0.023, -0.357]
[0.574, 0.023, -0.367]
[0.571, 0.024, -0.375]
[0.569, 0.024, -0.382]
[0.566, 0.024, -0.388]
[0.563, 0.024, -0.392]
[0.56, 0.024, -0.396]
[0.557, 0.024, -0.4]
[0.555, 0.024, -0.403]
[0.554, 0.025, -0.407]
[0.554, 0.025, -0.41]
[0.556, 0.027, -0.414]
[0.556, 0.027, -0.414]
[0.557, 0.027, -0.415]
[0.556, 0.027, -0.416]
[0.553, 0.028, -0.417]
[0.553, 0.028, -0.417]
[0.551, 0.028, -0.418]
[0.55, 0.028, -0.419]
[0.546, 0.028, -0.419]
[0.546, 0.028, -0.419]
[0.545, 0.028, -0.419]
[0.543, 0.028, -0.418]
[0.541, 0.028, -0.418]
[0.54, 0.027, -0.418]
[0.539, 0.027, -0.416]
[0.538, 0.026, -0.415]
[0.538, 0.026, -0.414]
[0.539, 0.027, -0.413]
[0.539, 0.027, -0.413]
[0.539, 0.028, -0.413]
[0.538, 0.027, -0.412]
[0.536, 0.027, -0.41]
[0.534, 0.027, -0.409]
[0.533, 0.026, -0.407]
[0.531, 0.024, -0.401]
[0.531, 0.024, -0.401]
[0.528, 0.023, -0.397]
[0.525, 0.023, -0.394]
[0.519, 0.022, -0.39]
[0.514, 0.021, -0.386]
[0.508, 0.02, -0.381]
[0.503, 0.02, -0.376]
[0.489, 0.019, -0.363]
[0.489, 0.019, -0.363]
[0.48, 0.019, -0.355]
[0.473, 0.019, -0.347]
[0.458, 0.017, -0.331]
[0.458, 0.017, -0.331]
[0.449, 0.015, -0.32]
[0.439, 0.014, -0.307]
[0.429, 0.014, -0.293]
[0.422, 0.014, -0.281]
[0.416, 0.014, -0.268]
[0.414, 0.014, -0.255]
[0.412, 0.013, -0.237]
[0.408, 0.011, -0.221]
[0.402, 0.01, -0.204]
[0.395, 0.01, -0.191]
[0.39, 0.011, -0.176]
[0.388, 0.012, -0.163]
[0.385, 0.013, -0.148]
[0.383, 0.014, -0.135]
[0.38, 0.015, -0.122]
[0.377, 0.016, -0.11]
[0.375, 0.016, -0.099]
[0.372, 0.017, -0.087]
[0.37, 0.018, -0.068]
[0.37, 0.018, -0.068]
[0.368, 0.018, -0.059]
[0.368, 0.018, -0.051]
[0.367, 0.018, -0.045]
[0.366, 0.018, -0.039]
[0.365, 0.019, -0.034]
[0.364, 0.019, -0.029]
[0.363, 0.019, -0.025]
[0.363, 0.019, -0.021]
[0.362, 0.018, -0.017]
[0.361, 0.018, -0.014]
[0.358, 0.018, -0.005]
[0.358, 0.018, -0.005]
[0.357, 0.018, -0.002]
[0.356, 0.017, 0.001]
[0.355, 0.017, 0.004]
[0.356, 0.017, 0.006]
[0.356, 0.017, 0.009]
[0.355, 0.017, 0.012]
[0.353, 0.017, 0.014]
[0.352, 0.017, 0.017]
[0.349, 0.016, 0.02]
[0.347, 0.016, 0.023]
[0.345, 0.015, 0.026]
[0.343, 0.015, 0.029]
[0.342, 0.015, 0.031]
[0.341, 0.015, 0.033]
[0.341, 0.015, 0.035]
[0.342, 0.015, 0.036]
[0.342, 0.016, 0.037]
[0.342, 0.016, 0.038]
[0.339, 0.016, 0.04]
[0.337, 0.016, 0.042]
[0.335, 0.016, 0.044]
[0.333, 0.016, 0.046]
[0.332, 0.016, 0.048]
[0.329, 0.016, 0.05]
[0.327, 0.016, 0.052]
[0.325, 0.016, 0.053]
[0.322, 0.017, 0.055]
[0.32, 0.017, 0.055]
[0.318, 0.017, 0.056]
[0.315, 0.017, 0.056]
[0.313, 0.018, 0.056]
[0.31, 0.019, 0.056]
[0.306, 0.019, 0.057]
[0.302, 0.02, 0.057]
[0.293, 0.019, 0.056]
[0.293, 0.019, 0.056]
[0.289, 0.019, 0.056]
[0.286, 0.02, 0.057]
[0.28, 0.021, 0.059]
[0.28, 0.021, 0.059]
[0.278, 0.021, 0.06]
[0.275, 0.021, 0.061]
[0.273, 0.022, 0.062]
[0.273, 0.022, 0.062]
[0.271, 0.021, 0.062]
[0.27, 0.02, 0.063]
[0.265, 0.018, 0.068]
[0.265, 0.018, 0.068]
[0.262, 0.017, 0.071]
[0.259, 0.016, 0.075]
[0.255, 0.016, 0.077]
[0.251, 0.015, 0.078]
[0.248, 0.014, 0.078]
[0.244, 0.014, 0.078]
[0.242, 0.014, 0.077]
[0.24, 0.014, 0.075]
[0.239, 0.013, 0.074]
[0.237, 0.013, 0.071]
[0.235, 0.013, 0.069]
[0.233, 0.013, 0.066]
[0.23, 0.013, 0.063]
[0.228, 0.012, 0.061]
[0.226, 0.012, 0.058]
[0.224, 0.012, 0.056]
[0.221, 0.012, 0.053]
[0.219, 0.011, 0.05]
[0.217, 0.011, 0.046]
[0.214, 0.011, 0.041]
[0.213, 0.011, 0.036]
[0.211, 0.011, 0.031]
[0.209, 0.011, 0.025]
[0.209, 0.011, 0.02]
[0.211, 0.01, 0.014]
[0.216, 0.009, 0.003]
[0.221, 0.006, -0.019]
[0.221, 0.006, -0.019]
[0.218, 0.005, -0.033]
[0.215, 0.005, -0.047]
[0.211, 0.006, -0.065]
[0.208, 0.007, -0.081]
[0.205, 0.008, -0.097]
[0.203, 0.009, -0.11]
[0.201, 0.01, -0.122]
[0.2, 0.009, -0.133]
[0.199, 0.009, -0.143]
[0.199, 0.008, -0.153]
[0.2, 0.008, -0.162]
[0.202, 0.007, -0.171]
[0.204, 0.006, -0.178]
[0.206, 0.006, -0.185]
[0.208, 0.006, -0.191]
[0.211, 0.006, -0.195]
[0.214, 0.006, -0.197]
[0.217, 0.005, -0.198]
[0.22, 0.005, -0.197]
[0.222, 0.005, -0.196]
[0.222, 0.004, -0.195]
[0.222, 0.004, -0.194]
[0.22, 0.003, -0.193]
[0.218, 0.003, -0.193]
[0.215, 0.003, -0.192]
[0.213, 0.003, -0.192]
[0.211, 0.003, -0.191]
[0.21, 0.003, -0.191]
[0.21, 0.003, -0.19]
[0.21, 0.004, -0.19]
[0.211, 0.003, -0.19]
[0.211, 0.003, -0.19]
[0.21, 0.003, -0.19]
[0.209, 0.003, -0.19]
[0.209, 0.003, -0.19]
[0.209, 0.003, -0.19]
[0.209, 0.002, -0.19]
[0.211, 0.002, -0.19]
[0.211, 0.002, -0.19]
[0.212, 0.002, -0.19]
[0.212, 0.002, -0.19]
[0.213, 0.002, -0.19]
[0.213, 0.003, -0.191]
[0.214, 0.003, -0.191]
[0.213, 0.002, -0.191]
[0.212, 0.002, -0.191]
[0.21, 0.001, -0.191]
[0.209, 0.001, -0.19]
[0.208, 0.001, -0.189]
[0.207, 0.0, -0.187]
[0.205, 0.0, -0.186]
[0.204, -0.0, -0.185]
[0.204, 0.0, -0.185]
[0.206, 0.0, -0.185]
[0.209, 0.001, -0.185]
[0.213, 0.001, -0.185]
[0.217, 0.001, -0.185]
[0.224, 0.001, -0.185]
[0.224, 0.001, -0.185]
[0.228, 0.0, -0.184]
[0.231, 0.0, -0.183]
[0.234, 0.0, -0.182]
[0.236, 0.0, -0.181]
[0.237, -0.0, -0.18]
[0.239, -0.001, -0.18]
[0.241, -0.002, -0.18]
[0.243, -0.003, -0.18]
[0.246, -0.003, -0.18]
[0.247, -0.004, -0.18]
[0.248, -0.004, -0.18]
[0.248, -0.003, -0.18]
[0.248, -0.003, -0.179]
[0.247, -0.003, -0.179]
[0.246, -0.003, -0.178]
[0.246, -0.003, -0.178]
[0.247, -0.003, -0.178]
[0.249, -0.004, -0.179]
[0.25, -0.004, -0.18]
[0.251, -0.004, -0.181]
[0.252, -0.004, -0.181]
[0.252, -0.003, -0.181]
[0.252, -0.003, -0.181]
[0.252, -0.003, -0.181]
[0.251, -0.003, -0.18]
[0.251, -0.002, -0.18]
[0.251, -0.002, -0.179]
[0.252, -0.002, -0.178]
[0.254, -0.002, -0.178]
[0.254, -0.002, -0.178]
[0.253, -0.001, -0.179]
[0.252, -0.001, -0.18]
[0.251, -0.001, -0.18]
[0.253, -0.001, -0.182]
[0.256, -0.001, -0.182]
[0.258, -0.001, -0.183]
[0.259, -0.001, -0.183]
[0.257, -0.001, -0.183]
[0.256, -0.001, -0.183]
[0.255, -0.001, -0.182]
[0.255, -0.001, -0.182]
[0.256, -0.001, -0.181]
[0.257, -0.001, -0.18]
[0.257, -0.001, -0.18]
[0.257, -0.001, -0.178]
[0.256, -0.001, -0.176]
[0.254, -0.001, -0.174]
[0.252, -0.0, -0.172]
[0.25, -0.0, -0.17]
[0.248, 0.0, -0.168]
[0.245, 0.0, -0.166]
[0.244, 0.001, -0.163]
[0.242, 0.001, -0.16]
[0.241, 0.002, -0.157]
[0.241, 0.003, -0.152]
[0.243, 0.005, -0.147]
[0.248, 0.006, -0.143]
[0.254, 0.007, -0.14]
[0.26, 0.007, -0.136]
[0.262, 0.007, -0.132]
[0.262, 0.007, -0.126]
[0.261, 0.007, -0.118]
[0.26, 0.007, -0.108]
[0.259, 0.006, -0.099]
[0.258, 0.005, -0.089]
[0.258, 0.004, -0.082]
[0.258, 0.003, -0.075]
[0.256, 0.003, -0.069]
[0.255, 0.002, -0.063]
[0.255, 0.002, -0.058]
[0.254, 0.002, -0.053]
[0.255, 0.001, -0.048]
[0.257, 0.001, -0.045]
[0.259, 0.001, -0.042]
[0.261, 0.001, -0.039]
[0.262, 0.001, -0.036]
[0.263, 0.002, -0.034]
[0.264, 0.002, -0.031]
[0.265, 0.002, -0.028]
[0.267, 0.002, -0.025]
[0.269, 0.003, -0.021]
[0.269, 0.003, -0.018]
[0.269, 0.003, -0.016]
[0.269, 0.003, -0.013]
[0.269, 0.003, -0.009]
[0.27, 0.003, -0.005]
[0.272, 0.003, -0.0]
[0.272, 0.003, 0.005]
[0.274, 0.004, 0.011]
[0.275, 0.004, 0.017]
[0.278, 0.005, 0.025]
[0.282, 0.006, 0.034]
[0.286, 0.006, 0.042]
[0.289, 0.005, 0.049]
[0.292, 0.005, 0.056]
[0.294, 0.004, 0.064]
[0.295, 0.003, 0.071]
[0.296, 0.001, 0.077]
[0.296, 0.0, 0.082]
[0.296, -0.001, 0.088]
[0.296, -0.002, 0.094]
[0.296, -0.003, 0.099]
[0.295, -0.005, 0.104]
[0.294, -0.006, 0.108]
[0.292, -0.007, 0.112]
[0.292, -0.008, 0.116]
[0.291, -0.009, 0.12]
[0.292, -0.01, 0.124]
[0.293, -0.011, 0.128]
[0.295, -0.011, 0.132]
[0.297, -0.012, 0.136]
[0.298, -0.013, 0.14]
[0.299, -0.014, 0.144]
[0.3, -0.014, 0.146]
[0.3, -0.015, 0.149]
[0.301, -0.016, 0.152]
[0.303, -0.016, 0.155]
[0.304, -0.017, 0.158]
[0.305, -0.017, 0.161]
[0.305, -0.017, 0.166]
[0.305, -0.017, 0.166]
[0.305, -0.018, 0.168]
[0.305, -0.018, 0.17]
[0.305, -0.018, 0.172]
[0.304, -0.018, 0.174]
[0.303, -0.018, 0.175]
[0.302, -0.018, 0.177]
[0.301, -0.019, 0.179]
[0.301, -0.019, 0.182]
[0.301, -0.02, 0.184]
[0.301, -0.02, 0.185]
[0.301, -0.02, 0.186]
[0.301, -0.02, 0.186]
[0.301, -0.021, 0.187]
[0.302, -0.021, 0.187]
[0.303, -0.021, 0.188]
[0.304, -0.021, 0.188]
[0.304, -0.021, 0.188]
[0.303, -0.021, 0.187]
[0.302, -0.021, 0.187]
[0.302, -0.02, 0.186]
[0.302, -0.021, 0.186]
[0.303, -0.022, 0.186]
[0.303, -0.023, 0.185]
[0.304, -0.025, 0.185]
[0.306, -0.027, 0.186]
[0.307, -0.029, 0.187]
[0.308, -0.03, 0.187]
[0.307, -0.03, 0.188]
[0.306, -0.031, 0.188]
[0.305, -0.031, 0.189]
[0.305, -0.03, 0.189]
[0.305, -0.03, 0.189]
[0.305, -0.03, 0.189]
[0.304, -0.029, 0.188]
[0.303, -0.029, 0.188]
[0.302, -0.028, 0.187]
[0.301, -0.028, 0.186]
[0.299, -0.027, 0.185]
[0.298, -0.027, 0.184]
[0.296, -0.027, 0.183]
[0.295, -0.028, 0.182]
[0.294, -0.029, 0.181]
[0.294, -0.031, 0.18]
[0.295, -0.032, 0.179]
[0.294, -0.033, 0.178]
[0.293, -0.034, 0.177]
[0.292, -0.035, 0.175]
[0.292, -0.036, 0.171]
[0.293, -0.037, 0.168]
[0.293, -0.037, 0.165]
[0.292, -0.037, 0.163]
[0.291, -0.037, 0.161]
[0.29, -0.038, 0.158]
[0.289, -0.038, 0.154]
[0.289, -0.038, 0.149]
[0.289, -0.038, 0.145]
[0.288, -0.038, 0.141]
[0.287, -0.039, 0.138]
[0.285, -0.039, 0.136]
[0.283, -0.039, 0.135]
[0.281, -0.038, 0.134]
[0.28, -0.038, 0.133]
[0.279, -0.038, 0.132]
[0.277, -0.039, 0.131]
[0.277, -0.039, 0.131]
[0.278, -0.04, 0.131]
[0.278, -0.04, 0.132]
[0.278, -0.04, 0.132]
[0.275, -0.04, 0.134]
[0.273, -0.041, 0.136]
[0.272, -0.042, 0.137]
[0.271, -0.043, 0.14]
[0.272, -0.043, 0.144]
[0.27, -0.043, 0.15]
[0.268, -0.042, 0.156]
[0.267, -0.042, 0.162]
[0.266, -0.042, 0.167]
[0.265, -0.042, 0.171]
[0.264, -0.041, 0.174]
[0.262, -0.04, 0.177]
[0.257, -0.039, 0.181]
[0.257, -0.039, 0.181]
[0.255, -0.038, 0.18]
[0.253, -0.038, 0.179]
[0.251, -0.038, 0.178]
[0.25, -0.038, 0.176]
[0.249, -0.038, 0.176]
[0.247, -0.038, 0.175]
[0.245, -0.038, 0.175]
[0.244, -0.038, 0.174]
[0.242, -0.038, 0.174]
[0.24, -0.038, 0.173]
[0.24, -0.038, 0.173]
[0.239, -0.038, 0.173]
[0.238, -0.038, 0.172]
[0.236, -0.039, 0.171]
[0.235, -0.039, 0.17]
[0.234, -0.038, 0.169]
[0.233, -0.038, 0.167]
[0.232, -0.038, 0.165]
[0.231, -0.038, 0.164]
[0.23, -0.038, 0.162]
[0.231, -0.038, 0.161]
[0.232, -0.038, 0.16]
[0.232, -0.038, 0.159]
[0.233, -0.038, 0.159]
[0.232, -0.038, 0.158]
[0.231, -0.037, 0.157]
[0.229, -0.037, 0.156]
[0.228, -0.036, 0.155]
[0.226, -0.036, 0.154]
[0.224, -0.036, 0.152]
[0.223, -0.036, 0.151]
[0.222, -0.036, 0.149]
[0.221, -0.036, 0.147]
[0.22, -0.036, 0.146]
[0.218, -0.035, 0.146]
[0.215, -0.036, 0.145]
[0.212, -0.036, 0.145]
[0.209, -0.036, 0.145]
[0.206, -0.036, 0.144]
[0.204, -0.035, 0.144]
[0.203, -0.034, 0.144]
[0.201, -0.032, 0.145]
[0.2, -0.029, 0.147]
[0.2, -0.029, 0.147]
[0.199, -0.028, 0.149]
[0.198, -0.028, 0.151]
[0.196, -0.028, 0.156]
[0.196, -0.028, 0.156]
[0.196, -0.028, 0.157]
[0.197, -0.029, 0.158]
[0.198, -0.029, 0.158]
[0.198, -0.03, 0.159]
[0.198, -0.03, 0.16]
[0.197, -0.03, 0.162]
[0.196, -0.03, 0.164]
[0.195, -0.03, 0.165]
[0.194, -0.03, 0.165]
[0.192, -0.03, 0.166]
[0.192, -0.03, 0.166]
[0.191, -0.03, 0.166]
[0.19, -0.03, 0.166]
[0.189, -0.03, 0.165]
[0.188, -0.03, 0.164]
[0.188, -0.03, 0.163]
[0.188, -0.03, 0.162]
[0.188, -0.03, 0.162]
[0.189, -0.029, 0.162]
[0.189, -0.029, 0.163]
[0.19, -0.029, 0.162]
[0.19, -0.03, 0.162]
[0.19, -0.03, 0.161]
[0.19, -0.03, 0.159]
[0.191, -0.031, 0.158]
[0.191, -0.031, 0.157]
[0.192, -0.031, 0.156]
[0.192, -0.031, 0.154]
[0.193, -0.031, 0.154]
[0.195, -0.03, 0.153]
[0.197, -0.031, 0.151]
[0.196, -0.031, 0.149]
[0.192, -0.031, 0.148]
[0.187, -0.031, 0.147]
[0.183, -0.032, 0.146]
[0.182, -0.032, 0.146]
[0.184, -0.032, 0.145]
[0.188, -0.033, 0.143]
[0.192, -0.034, 0.142]
[0.197, -0.034, 0.139]
[0.2, -0.035, 0.137]
[0.203, -0.034, 0.132]
[0.203, -0.034, 0.132]
[0.203, -0.034, 0.128]
[0.203, -0.034, 0.128]
[0.201, -0.033, 0.125]
[0.201, -0.033, 0.125]
[0.2, -0.033, 0.125]
[0.199, -0.033, 0.124]
[0.196, -0.033, 0.123]
[0.196, -0.033, 0.123]
[0.196, -0.033, 0.122]
[0.196, -0.033, 0.122]
[0.196, -0.033, 0.121]
[0.197, -0.032, 0.119]
[0.196, -0.032, 0.118]
[0.195, -0.031, 0.117]
[0.193, -0.03, 0.116]
[0.191, -0.029, 0.115]
[0.189, -0.029, 0.113]
[0.189, -0.029, 0.113]
[0.189, -0.029, 0.113]
[0.19, -0.029, 0.113]
[0.192, -0.029, 0.11]
[0.192, -0.029, 0.11]
[0.192, -0.029, 0.108]
[0.191, -0.029, 0.106]
[0.188, -0.028, 0.1]
[0.188, -0.028, 0.1]
[0.187, -0.028, 0.098]
[0.186, -0.028, 0.095]
[0.187, -0.028, 0.09]
[0.187, -0.028, 0.09]
[0.188, -0.028, 0.088]
[0.191, -0.028, 0.086]
[0.197, -0.028, 0.084]
[0.197, -0.028, 0.084]
[0.2, -0.029, 0.083]
[0.203, -0.029, 0.083]
[0.206, -0.03, 0.083]
[0.209, -0.031, 0.082]
[0.211, -0.034, 0.079]
[0.211, -0.034, 0.079]
[0.212, -0.035, 0.076]
[0.212, -0.035, 0.073]
[0.21, -0.035, 0.069]
[0.208, -0.036, 0.065]
[0.206, -0.036, 0.055]
[0.206, -0.036, 0.055]
[0.205, -0.036, 0.05]
[0.205, -0.036, 0.045]
[0.204, -0.037, 0.037]
[0.204, -0.037, 0.037]
[0.204, -0.038, 0.033]
[0.204, -0.04, 0.03]
[0.206, -0.041, 0.028]
[0.209, -0.042, 0.025]
[0.211, -0.043, 0.023]
[0.212, -0.043, 0.02]
[0.212, -0.044, 0.013]
[0.212, -0.044, 0.013]
[0.211, -0.044, 0.01]
[0.211, -0.044, 0.006]
[0.212, -0.043, -0.003]
[0.212, -0.043, -0.003]
[0.212, -0.042, -0.008]
[0.213, -0.042, -0.012]
[0.213, -0.042, -0.02]
[0.213, -0.042, -0.02]
[0.212, -0.042, -0.022]
[0.213, -0.042, -0.024]
[0.214, -0.042, -0.026]
[0.216, -0.043, -0.027]
[0.22, -0.043, -0.027]
[0.224, -0.043, -0.027]
[0.231, -0.042, -0.025]
[0.231, -0.042, -0.025]
[0.233, -0.042, -0.023]
[0.234, -0.042, -0.02]
[0.234, -0.041, -0.018]
[0.234, -0.041, -0.015]
[0.232, -0.039, -0.012]
[0.232, -0.039, -0.012]
[0.232, -0.038, -0.011]
[0.233, -0.037, -0.011]
[0.233, -0.034, -0.011]
[0.231, -0.034, -0.011]
[0.231, -0.034, -0.011]
[0.227, -0.034, -0.011]
[0.222, -0.034, -0.011]
[0.217, -0.034, -0.011]
[0.211, -0.034, -0.011]
[0.204, -0.035, -0.011]
[0.197, -0.035, -0.011]
[0.19, -0.035, -0.01]
[0.178, -0.034, -0.008]
[0.178, -0.034, -0.008]
[0.172, -0.033, -0.007]
[0.167, -0.033, -0.006]
[0.153, -0.031, -0.004]
[0.153, -0.031, -0.004]
[0.146, -0.029, -0.004]
[0.139, -0.027, -0.003]
[0.127, -0.024, -0.003]
[0.121, -0.022, -0.003]
[0.121, -0.022, -0.003]
[0.116, -0.021, -0.004]
[0.106, -0.02, -0.006]
[0.106, -0.02, -0.006]
[0.101, -0.019, -0.007]
[0.097, -0.018, -0.008]
[0.094, -0.017, -0.01]
[0.089, -0.016, -0.012]
[0.086, -0.015, -0.015]
[0.083, -0.014, -0.018]
[0.075, -0.013, -0.023]
[0.075, -0.013, -0.023]
[0.072, -0.011, -0.025]
[0.069, -0.009, -0.026]
[0.066, -0.007, -0.028]
[0.063, -0.004, -0.029]
[0.06, 0.0, -0.03]
[0.057, 0.004, -0.03]
[0.054, 0.009, -0.03]
[0.054, 0.013, -0.031]
[0.059, 0.019, -0.031]
[0.065, 0.023, -0.031]
[0.076, 0.032, -0.03]
[0.076, 0.032, -0.03]
[0.081, 0.037, -0.029]
[0.086, 0.041, -0.027]
[0.09, 0.045, -0.026]
[0.093, 0.049, -0.024]
[0.095, 0.052, -0.022]
[0.097, 0.056, -0.021]
[0.098, 0.06, -0.02]
[0.099, 0.063, -0.019]
[0.1, 0.067, -0.019]
[0.101, 0.07, -0.018]
[0.104, 0.076, -0.016]
[0.104, 0.076, -0.016]
[0.105, 0.079, -0.015]
[0.105, 0.082, -0.014]
[0.105, 0.085, -0.013]
[0.105, 0.088, -0.011]
[0.106, 0.09, -0.01]
[0.108, 0.092, -0.009]
[0.11, 0.094, -0.008]
[0.111, 0.096, -0.006]
[0.111, 0.098, -0.004]
[0.112, 0.099, -0.002]
[0.112, 0.101, 0.0]
[0.113, 0.102, 0.003]
[0.115, 0.103, 0.005]
[0.116, 0.104, 0.007]
[0.117, 0.106, 0.009]
[0.117, 0.107, 0.01]
[0.117, 0.108, 0.011]
[0.118, 0.109, 0.013]
[0.119, 0.11, 0.015]
[0.12, 0.111, 0.017]
[0.123, 0.113, 0.021]
[0.123, 0.113, 0.021]
[0.123, 0.114, 0.024]
[0.125, 0.115, 0.026]
[0.126, 0.116, 0.031]
[0.126, 0.116, 0.031]
[0.127, 0.116, 0.033]
[0.128, 0.117, 0.034]
[0.128, 0.117, 0.035]
[0.128, 0.117, 0.036]
[0.128, 0.117, 0.037]
[0.128, 0.116, 0.038]
[0.128, 0.116, 0.038]
[0.128, 0.116, 0.038]
[0.128, 0.116, 0.038]
[0.128, 0.116, 0.038]
[0.128, 0.117, 0.039]
[0.126, 0.118, 0.039]
[0.125, 0.118, 0.039]
[0.124, 0.119, 0.039]
[0.124, 0.119, 0.039]
[0.124, 0.12, 0.039]
[0.125, 0.12, 0.04]
[0.125, 0.12, 0.041]
[0.125, 0.12, 0.042]
[0.125, 0.12, 0.043]
[0.125, 0.12, 0.045]
[0.126, 0.121, 0.046]
[0.127, 0.121, 0.047]
[0.128, 0.121, 0.048]
[0.128, 0.122, 0.048]
[0.129, 0.122, 0.048]
[0.131, 0.122, 0.048]
[0.132, 0.122, 0.049]
[0.133, 0.122, 0.049]
[0.134, 0.121, 0.049]
[0.136, 0.12, 0.049]
[0.137, 0.119, 0.049]
[0.139, 0.118, 0.05]
[0.142, 0.116, 0.051]
[0.149, 0.112, 0.052]
[0.149, 0.112, 0.052]
[0.152, 0.109, 0.051]
[0.155, 0.106, 0.05]
[0.161, 0.098, 0.045]
[0.161, 0.098, 0.045]
[0.164, 0.094, 0.043]
[0.167, 0.089, 0.039]
[0.172, 0.078, 0.032]
[0.173, 0.072, 0.027]
[0.173, 0.072, 0.027]
[0.174, 0.066, 0.023]
[0.177, 0.061, 0.02]
[0.18, 0.055, 0.017]
[0.183, 0.05, 0.015]
[0.186, 0.046, 0.013]
[0.189, 0.038, 0.008]
[0.189, 0.038, 0.008]
[0.191, 0.034, 0.005]
[0.193, 0.03, 0.003]
[0.193, 0.025, 0.001]
[0.195, 0.022, -0.0]
[0.195, 0.018, -0.001]
[0.194, 0.014, -0.001]
[0.192, 0.005, -0.0]
[0.192, 0.005, -0.0]
[0.192, 0.001, -0.0]
[0.191, -0.002, -0.0]
[0.193, -0.009, -0.0]
[0.193, -0.009, -0.0]
[0.194, -0.012, -0.0]
[0.195, -0.015, -0.0]
[0.196, -0.018, 0.0]
[0.198, -0.021, 0.0]
[0.201, -0.024, 0.0]
[0.203, -0.027, 0.001]
[0.204, -0.031, 0.001]
[0.205, -0.034, 0.002]
[0.208, -0.038, 0.002]
[0.21, -0.041, 0.002]
[0.213, -0.044, 0.002]
[0.215, -0.048, 0.001]
[0.217, -0.051, 0.001]
[0.219, -0.053, 0.0]
[0.222, -0.056, -0.0]
[0.224, -0.06, -0.001]
[0.226, -0.063, -0.001]
[0.227, -0.066, -0.002]
[0.228, -0.068, -0.002]
[0.23, -0.071, -0.002]
[0.233, -0.073, -0.003]
[0.24, -0.076, -0.007]
[0.247, -0.078, -0.009]
[0.254, -0.081, -0.011]
[0.259, -0.083, -0.012]
[0.261, -0.085, -0.012]
[0.261, -0.086, -0.013]
[0.259, -0.088, -0.015]
[0.256, -0.091, -0.016]
[0.253, -0.093, -0.016]
[0.25, -0.096, -0.016]
[0.249, -0.098, -0.017]
[0.247, -0.1, -0.017]
[0.247, -0.101, -0.018]
[0.247, -0.102, -0.019]
[0.247, -0.103, -0.02]
[0.246, -0.104, -0.021]
[0.246, -0.106, -0.021]
[0.245, -0.107, -0.022]
[0.246, -0.107, -0.023]
[0.246, -0.108, -0.023]
[0.246, -0.108, -0.023]
[0.247, -0.109, -0.023]
[0.247, -0.109, -0.022]
[0.247, -0.109, -0.021]
[0.247, -0.109, -0.02]
[0.246, -0.11, -0.019]
[0.246, -0.11, -0.018]
[0.246, -0.11, -0.017]
[0.245, -0.109, -0.016]
[0.245, -0.109, -0.016]
[0.245, -0.108, -0.015]
[0.244, -0.108, -0.015]
[0.244, -0.108, -0.014]
[0.243, -0.107, -0.014]
[0.243, -0.107, -0.013]
[0.242, -0.106, -0.013]
[0.241, -0.106, -0.013]
[0.241, -0.106, -0.013]
[0.242, -0.105, -0.013]
[0.243, -0.105, -0.013]
[0.245, -0.104, -0.013]
[0.248, -0.103, -0.013]
[0.248, -0.103, -0.012]
[0.248, -0.101, -0.01]
[0.249, -0.099, -0.007]
[0.248, -0.097, -0.005]
[0.249, -0.095, -0.003]
[0.25, -0.092, -0.001]
[0.251, -0.09, 0.002]
[0.253, -0.086, 0.006]
[0.259, -0.082, 0.01]
[0.264, -0.079, 0.013]
[0.269, -0.075, 0.015]
[0.273, -0.072, 0.016]
[0.277, -0.07, 0.018]
[0.282, -0.067, 0.019]
[0.287, -0.065, 0.02]
[0.292, -0.062, 0.021]
[0.296, -0.06, 0.022]
[0.298, -0.057, 0.023]
[0.3, -0.053, 0.024]
[0.302, -0.05, 0.025]
[0.304, -0.048, 0.025]
[0.307, -0.045, 0.025]
[0.311, -0.042, 0.024]
[0.314, -0.04, 0.024]
[0.317, -0.037, 0.024]
[0.32, -0.035, 0.025]
[0.323, -0.033, 0.026]
[0.326, -0.031, 0.027]
[0.329, -0.029, 0.027]
[0.332, -0.027, 0.029]
[0.335, -0.026, 0.029]
[0.337, -0.025, 0.03]
[0.338, -0.023, 0.031]
[0.339, -0.021, 0.031]
[0.34, -0.02, 0.032]
[0.342, -0.017, 0.034]
[0.342, -0.017, 0.034]
[0.343, -0.015, 0.034]
[0.344, -0.014, 0.035]
[0.345, -0.012, 0.035]
[0.347, -0.011, 0.036]
[0.348, -0.01, 0.037]
[0.349, -0.009, 0.038]
[0.351, -0.008, 0.04]
[0.351, -0.007, 0.041]
[0.352, -0.006, 0.042]
[0.353, -0.005, 0.043]
[0.354, -0.004, 0.044]
[0.354, -0.002, 0.045]
[0.354, -0.001, 0.045]
[0.354, 0.0, 0.045]
[0.355, 0.002, 0.044]
[0.355, 0.002, 0.045]
[0.355, 0.003, 0.045]
[0.356, 0.004, 0.046]
[0.356, 0.004, 0.047]
[0.356, 0.005, 0.047]
[0.356, 0.005, 0.048]
[0.356, 0.005, 0.049]
[0.355, 0.005, 0.05]
[0.354, 0.006, 0.051]
[0.354, 0.007, 0.052]
[0.353, 0.008, 0.053]
[0.353, 0.01, 0.054]
[0.352, 0.011, 0.055]
[0.349, 0.013, 0.056]
[0.343, 0.014, 0.057]
[0.338, 0.015, 0.058]
[0.332, 0.016, 0.058]
[0.324, 0.018, 0.059]
[0.316, 0.02, 0.059]
[0.301, 0.024, 0.06]
[0.301, 0.024, 0.06]
[0.293, 0.026, 0.062]
[0.284, 0.028, 0.064]
[0.267, 0.033, 0.064]
[0.267, 0.033, 0.064]
[0.259, 0.035, 0.064]
[0.252, 0.037, 0.063]
[0.246, 0.038, 0.063]
[0.242, 0.04, 0.064]
[0.239, 0.042, 0.064]
[0.236, 0.045, 0.065]
[0.233, 0.046, 0.066]
[0.227, 0.048, 0.066]
[0.222, 0.049, 0.067]
[0.217, 0.051, 0.068]
[0.211, 0.052, 0.067]
[0.2, 0.056, 0.068]
[0.2, 0.056, 0.068]
[0.197, 0.057, 0.069]
[0.193, 0.059, 0.069]
[0.19, 0.06, 0.07]
[0.187, 0.061, 0.07]
[0.186, 0.062, 0.07]
[0.186, 0.063, 0.07]
[0.186, 0.063, 0.069]
[0.186, 0.064, 0.069]
[0.185, 0.064, 0.069]
[0.182, 0.065, 0.069]
[0.18, 0.065, 0.069]
[0.178, 0.066, 0.068]
[0.174, 0.066, 0.068]
[0.169, 0.067, 0.069]
[0.165, 0.068, 0.07]
[0.162, 0.068, 0.071]
[0.16, 0.069, 0.072]
[0.158, 0.069, 0.072]
[0.157, 0.069, 0.072]
[0.156, 0.069, 0.071]
[0.156, 0.068, 0.071]
[0.157, 0.068, 0.071]
[0.158, 0.068, 0.07]
[0.158, 0.068, 0.07]
[0.159, 0.067, 0.069]
[0.159, 0.067, 0.069]
[0.159, 0.066, 0.068]
[0.159, 0.064, 0.066]
[0.158, 0.063, 0.064]
[0.157, 0.061, 0.06]
[0.157, 0.06, 0.055]
[0.158, 0.058, 0.049]
[0.16, 0.057, 0.042]
[0.162, 0.055, 0.034]
[0.164, 0.053, 0.025]
[0.166, 0.051, 0.017]
[0.168, 0.048, 0.008]
[0.17, 0.047, 0.0]
[0.171, 0.046, -0.008]
[0.173, 0.045, -0.016]
[0.175, 0.045, -0.023]
[0.176, 0.044, -0.03]
[0.179, 0.043, -0.036]
[0.181, 0.041, -0.041]
[0.183, 0.04, -0.047]
[0.184, 0.039, -0.052]
[0.184, 0.038, -0.057]
[0.182, 0.038, -0.06]
[0.18, 0.037, -0.064]
[0.177, 0.036, -0.066]
[0.174, 0.034, -0.069]
[0.174, 0.034, -0.069]
[0.173, 0.034, -0.07]
[0.172, 0.034, -0.07]
[0.171, 0.033, -0.072]
[0.171, 0.033, -0.072]
[0.17, 0.033, -0.073]
[0.17, 0.033, -0.074]
[0.17, 0.032, -0.075]
[0.17, 0.032, -0.075]
[0.171, 0.032, -0.076]
[0.171, 0.031, -0.077]
[0.171, 0.031, -0.077]
[0.17, 0.03, -0.078]
[0.17, 0.03, -0.078]
[0.169, 0.03, -0.078]
[0.169, 0.03, -0.078]
[0.169, 0.029, -0.078]
[0.17, 0.029, -0.078]
[0.172, 0.029, -0.078]
[0.173, 0.028, -0.078]
[0.174, 0.028, -0.078]
[0.174, 0.027, -0.079]
[0.174, 0.027, -0.079]
[0.173, 0.026, -0.079]
[0.172, 0.026, -0.079]
[0.171, 0.026, -0.078]
[0.17, 0.026, -0.078]
[0.17, 0.026, -0.077]
[0.17, 0.025, -0.077]
[0.17, 0.025, -0.076]
[0.171, 0.025, -0.076]
[0.172, 0.024, -0.075]
[0.173, 0.024, -0.074]
[0.173, 0.024, -0.073]
[0.173, 0.024, -0.073]
[0.173, 0.024, -0.072]
[0.174, 0.024, -0.07]
[0.175, 0.024, -0.067]
[0.175, 0.024, -0.063]
[0.174, 0.025, -0.058]
[0.171, 0.026, -0.051]
[0.165, 0.027, -0.043]
[0.157, 0.029, -0.032]
[0.148, 0.031, -0.009]
[0.148, 0.031, -0.009]
[0.149, 0.033, 0.001]
[0.154, 0.035, 0.013]
[0.162, 0.037, 0.027]
[0.171, 0.039, 0.045]
[0.179, 0.04, 0.065]
[0.184, 0.041, 0.084]
[0.188, 0.042, 0.1]
[0.189, 0.044, 0.115]
[0.189, 0.046, 0.128]
[0.188, 0.048, 0.14]
[0.186, 0.05, 0.151]
[0.186, 0.051, 0.159]
[0.186, 0.053, 0.167]
[0.186, 0.054, 0.173]
[0.187, 0.054, 0.177]
[0.187, 0.055, 0.181]
[0.187, 0.056, 0.184]
[0.187, 0.057, 0.187]
[0.188, 0.058, 0.189]
[0.189, 0.058, 0.192]
[0.191, 0.058, 0.194]
[0.192, 0.058, 0.196]
[0.193, 0.058, 0.197]
[0.195, 0.058, 0.2]
[0.195, 0.058, 0.202]
[0.196, 0.058, 0.204]
[0.196, 0.058, 0.207]
[0.196, 0.058, 0.208]
[0.195, 0.059, 0.209]
[0.194, 0.059, 0.209]
[0.193, 0.059, 0.212]
[0.193, 0.059, 0.212]
[0.193, 0.06, 0.214]
[0.193, 0.06, 0.215]
[0.194, 0.061, 0.219]
[0.194, 0.061, 0.219]
[0.195, 0.062, 0.221]
[0.197, 0.062, 0.224]
[0.198, 0.063, 0.227]
[0.201, 0.063, 0.231]
[0.204, 0.063, 0.236]
[0.207, 0.062, 0.241]
[0.211, 0.062, 0.246]
[0.214, 0.061, 0.251]
[0.219, 0.061, 0.259]
[0.223, 0.059, 0.273]
[0.228, 0.058, 0.286]
[0.23, 0.058, 0.295]
[0.231, 0.058, 0.302]
[0.231, 0.058, 0.307]
[0.23, 0.059, 0.312]
[0.23, 0.058, 0.318]
[0.23, 0.058, 0.322]
[0.232, 0.057, 0.326]
[0.232, 0.057, 0.329]
[0.233, 0.056, 0.332]
[0.233, 0.056, 0.335]
[0.233, 0.055, 0.338]
[0.234, 0.054, 0.34]
[0.236, 0.053, 0.342]
[0.238, 0.051, 0.344]
[0.24, 0.049, 0.346]
[0.241, 0.048, 0.347]
[0.243, 0.046, 0.348]
[0.246, 0.044, 0.348]
[0.249, 0.041, 0.347]
[0.255, 0.038, 0.343]
[0.26, 0.035, 0.338]
[0.263, 0.032, 0.332]
[0.266, 0.03, 0.326]
[0.266, 0.028, 0.32]
[0.265, 0.026, 0.314]
[0.263, 0.025, 0.31]
[0.262, 0.024, 0.305]
[0.261, 0.024, 0.301]
[0.263, 0.023, 0.296]
[0.264, 0.022, 0.292]
[0.266, 0.021, 0.287]
[0.268, 0.019, 0.281]
[0.27, 0.018, 0.276]
[0.271, 0.017, 0.271]
[0.27, 0.014, 0.257]
[0.27, 0.014, 0.257]
[0.269, 0.014, 0.248]
[0.267, 0.012, 0.237]
[0.265, 0.011, 0.225]
[0.264, 0.009, 0.212]
[0.265, 0.006, 0.193]
[0.269, 0.005, 0.175]
[0.269, 0.005, 0.155]
[0.27, 0.005, 0.134]
[0.27, 0.004, 0.114]
[0.269, 0.004, 0.09]
[0.269, 0.002, 0.065]
[0.268, -0.0, 0.04]
[0.263, -0.005, 0.012]
[0.253, -0.008, -0.033]
[0.253, -0.008, -0.033]
[0.248, -0.009, -0.052]
[0.243, -0.01, -0.069]
[0.24, -0.011, -0.086]
[0.236, -0.011, -0.101]
[0.233, -0.011, -0.115]
[0.231, -0.012, -0.127]
[0.229, -0.011, -0.137]
[0.229, -0.011, -0.147]
[0.23, -0.01, -0.155]
[0.231, -0.009, -0.164]
[0.232, -0.008, -0.171]
[0.232, -0.008, -0.177]
[0.232, -0.007, -0.184]
[0.232, -0.007, -0.189]
[0.231, -0.007, -0.196]
[0.232, -0.007, -0.202]
[0.231, -0.007, -0.209]
[0.233, -0.007, -0.22]
[0.233, -0.007, -0.22]
[0.234, -0.007, -0.225]
[0.234, -0.007, -0.229]
[0.233, -0.007, -0.233]
[0.233, -0.007, -0.237]
[0.233, -0.007, -0.24]
[0.233, -0.007, -0.242]
[0.234, -0.007, -0.244]
[0.234, -0.007, -0.246]
[0.235, -0.007, -0.247]
[0.236, -0.007, -0.249]
[0.237, -0.007, -0.251]
[0.238, -0.007, -0.252]
[0.238, -0.007, -0.252]
[0.238, -0.007, -0.253]
[0.238, -0.007, -0.253]
[0.237, -0.007, -0.253]
[0.237, -0.007, -0.253]
[0.236, -0.007, -0.253]
[0.235, -0.007, -0.252]
[0.234, -0.008, -0.252]
[0.234, -0.008, -0.251]
[0.234, -0.008, -0.251]
[0.233, -0.007, -0.25]
[0.233, -0.007, -0.25]
[0.234, -0.007, -0.25]
[0.235, -0.007, -0.249]
[0.238, -0.006, -0.249]
[0.24, -0.006, -0.248]
[0.242, -0.006, -0.248]
[0.243, -0.006, -0.247]
[0.244, -0.007, -0.246]
[0.245, -0.008, -0.245]
[0.247, -0.009, -0.244]
[0.252, -0.01, -0.242]
[0.252, -0.01, -0.242]
[0.255, -0.011, -0.242]
[0.259, -0.011, -0.242]
[0.262, -0.01, -0.242]
[0.267, -0.009, -0.244]
[0.273, -0.009, -0.246]
[0.279, -0.008, -0.249]
[0.285, -0.007, -0.253]
[0.292, -0.007, -0.257]
[0.298, -0.007, -0.261]
[0.304, -0.006, -0.266]
[0.309, -0.005, -0.27]
[0.314, -0.004, -0.275]
[0.318, -0.002, -0.28]
[0.322, -0.001, -0.285]
[0.326, 0.001, -0.29]
[0.333, 0.002, -0.295]
[0.341, 0.002, -0.3]
[0.35, 0.002, -0.304]
[0.358, 0.003, -0.307]
[0.365, 0.004, -0.309]
[0.369, 0.004, -0.311]
[0.37, 0.005, -0.312]
[0.37, 0.005, -0.313]
[0.369, 0.006, -0.314]
[0.369, 0.006, -0.315]
[0.37, 0.007, -0.315]
[0.37, 0.008, -0.315]
[0.369, 0.008, -0.315]
[0.368, 0.009, -0.315]
[0.368, 0.009, -0.314]
[0.369, 0.009, -0.313]
[0.37, 0.009, -0.311]
[0.37, 0.009, -0.305]
[0.367, 0.009, -0.297]
[0.357, 0.01, -0.278]
[0.357, 0.01, -0.278]
[0.351, 0.01, -0.268]
[0.347, 0.01, -0.256]
[0.342, 0.01, -0.243]
[0.338, 0.009, -0.228]
[0.334, 0.008, -0.208]
[0.326, 0.007, -0.191]
[0.319, 0.007, -0.174]
[0.314, 0.008, -0.157]
[0.311, 0.01, -0.141]
[0.307, 0.012, -0.126]
[0.305, 0.013, -0.114]
[0.302, 0.014, -0.103]
[0.299, 0.015, -0.093]
[0.298, 0.016, -0.084]
[0.297, 0.016, -0.075]
[0.296, 0.017, -0.067]
[0.29, 0.018, -0.05]
[0.29, 0.018, -0.05]
[0.288, 0.018, -0.041]
[0.287, 0.018, -0.034]
[0.288, 0.018, -0.027]
[0.289, 0.018, -0.022]
[0.288, 0.019, -0.017]
[0.285, 0.02, -0.015]
[0.283, 0.021, -0.013]
[0.282, 0.021, -0.011]
[0.282, 0.021, -0.009]
[0.282, 0.022, -0.006]
[0.283, 0.022, -0.004]
[0.281, 0.024, -0.002]
[0.281, 0.025, 0.0]
[0.28, 0.026, 0.002]
[0.279, 0.028, 0.003]
[0.278, 0.029, 0.004]
[0.277, 0.03, 0.005]
[0.275, 0.03, 0.005]
[0.273, 0.031, 0.006]
[0.27, 0.032, 0.007]
[0.267, 0.033, 0.007]
[0.266, 0.034, 0.008]
[0.265, 0.035, 0.01]
[0.265, 0.035, 0.012]
[0.264, 0.037, 0.014]
[0.262, 0.038, 0.016]
[0.261, 0.039, 0.019]
[0.258, 0.04, 0.022]
[0.256, 0.041, 0.025]
[0.255, 0.042, 0.029]
[0.254, 0.043, 0.034]
[0.252, 0.043, 0.038]
[0.245, 0.043, 0.044]
[0.239, 0.042, 0.049]
[0.233, 0.042, 0.055]
[0.228, 0.042, 0.059]
[0.222, 0.041, 0.064]
[0.215, 0.042, 0.067]
[0.2, 0.041, 0.071]
[0.2, 0.041, 0.071]
[0.195, 0.041, 0.072]
[0.19, 0.041, 0.072]
[0.18, 0.042, 0.074]
[0.18, 0.042, 0.074]
[0.175, 0.043, 0.074]
[0.17, 0.043, 0.074]
[0.163, 0.042, 0.074]
[0.163, 0.042, 0.074]
[0.161, 0.041, 0.074]
[0.159, 0.04, 0.073]
[0.155, 0.039, 0.071]
[0.151, 0.038, 0.069]
[0.149, 0.037, 0.068]
[0.147, 0.036, 0.066]
[0.146, 0.034, 0.065]
[0.146, 0.033, 0.064]
[0.147, 0.031, 0.062]
[0.147, 0.03, 0.059]
[0.147, 0.028, 0.056]
[0.146, 0.026, 0.052]
[0.145, 0.024, 0.049]
[0.145, 0.023, 0.045]
[0.144, 0.021, 0.041]
[0.143, 0.019, 0.037]
[0.142, 0.017, 0.033]
[0.141, 0.015, 0.029]
[0.139, 0.012, 0.025]
[0.138, 0.01, 0.022]
[0.138, 0.007, 0.02]
[0.136, 0.005, 0.017]
[0.134, -0.001, 0.012]
[0.134, -0.001, 0.012]
[0.133, -0.003, 0.009]
[0.133, -0.006, 0.006]
[0.134, -0.012, 0.002]
[0.134, -0.012, 0.002]
[0.134, -0.014, 0.0]
[0.135, -0.017, -0.001]
[0.137, -0.021, -0.003]
[0.138, -0.023, -0.004]
[0.14, -0.025, -0.004]
[0.144, -0.029, -0.003]
[0.144, -0.029, -0.003]
[0.145, -0.031, -0.002]
[0.146, -0.033, -0.002]
[0.148, -0.035, -0.001]
[0.149, -0.037, -0.002]
[0.15, -0.038, -0.002]
[0.153, -0.04, -0.002]
[0.154, -0.042, -0.002]
[0.154, -0.044, -0.002]
[0.155, -0.046, -0.002]
[0.156, -0.048, -0.002]
[0.158, -0.052, -0.001]
[0.16, -0.055, -0.001]
[0.162, -0.057, -0.001]
[0.164, -0.059, -0.002]
[0.166, -0.061, -0.002]
[0.169, -0.065, -0.004]
[0.169, -0.065, -0.004]
[0.172, -0.067, -0.004]
[0.176, -0.068, -0.004]
[0.184, -0.07, -0.004]
[0.184, -0.07, -0.004]
[0.188, -0.071, -0.004]
[0.191, -0.071, -0.004]
[0.193, -0.071, -0.003]
[0.194, -0.071, -0.002]
[0.196, -0.072, -0.001]
[0.199, -0.073, 0.001]
[0.202, -0.073, 0.004]
[0.206, -0.074, 0.007]
[0.209, -0.074, 0.011]
[0.212, -0.074, 0.015]
[0.216, -0.073, 0.019]
[0.22, -0.073, 0.022]
[0.224, -0.073, 0.026]
[0.228, -0.072, 0.031]
[0.232, -0.071, 0.035]
[0.235, -0.071, 0.039]
[0.244, -0.069, 0.051]
[0.245, -0.068, 0.055]
[0.245, -0.067, 0.062]
[0.245, -0.067, 0.062]
[0.245, -0.067, 0.065]
[0.245, -0.066, 0.068]
[0.245, -0.067, 0.072]
[0.245, -0.067, 0.072]
[0.243, -0.068, 0.073]
[0.242, -0.068, 0.074]
[0.24, -0.068, 0.077]
[0.239, -0.068, 0.08]
[0.239, -0.067, 0.085]
[0.239, -0.067, 0.089]
[0.242, -0.067, 0.095]
[0.244, -0.067, 0.1]
[0.248, -0.067, 0.106]
[0.25, -0.066, 0.111]
[0.256, -0.066, 0.122]
[0.256, -0.066, 0.122]
[0.26, -0.066, 0.127]
[0.264, -0.066, 0.131]
[0.266, -0.066, 0.134]
[0.268, -0.066, 0.138]
[0.27, -0.067, 0.143]
[0.271, -0.067, 0.148]
[0.273, -0.067, 0.153]
[0.274, -0.068, 0.157]
[0.275, -0.068, 0.16]
[0.276, -0.068, 0.164]
[0.278, -0.069, 0.166]
[0.281, -0.068, 0.169]
[0.284, -0.068, 0.171]
[0.285, -0.067, 0.172]
[0.285, -0.064, 0.174]
[0.285, -0.064, 0.174]
[0.284, -0.063, 0.176]
[0.284, -0.063, 0.177]
[0.283, -0.063, 0.178]
[0.283, -0.063, 0.178]
[0.283, -0.063, 0.178]
[0.283, -0.063, 0.179]
[0.284, -0.062, 0.18]
[0.284, -0.062, 0.18]
[0.284, -0.062, 0.18]
[0.284, -0.062, 0.181]
[0.285, -0.061, 0.182]
[0.285, -0.061, 0.183]
[0.285, -0.061, 0.184]
[0.285, -0.061, 0.185]
[0.285, -0.06, 0.186]
[0.286, -0.06, 0.187]
[0.287, -0.06, 0.189]
[0.287, -0.06, 0.19]
[0.287, -0.06, 0.191]
[0.286, -0.059, 0.193]
[0.286, -0.059, 0.194]
[0.286, -0.058, 0.195]
[0.286, -0.057, 0.196]
[0.286, -0.056, 0.198]
[0.285, -0.056, 0.2]
[0.286, -0.057, 0.202]
[0.286, -0.057, 0.203]
[0.288, -0.058, 0.203]
[0.289, -0.059, 0.203]
[0.291, -0.059, 0.205]
[0.292, -0.059, 0.211]
[0.292, -0.059, 0.211]
[0.292, -0.058, 0.214]
[0.293, -0.057, 0.217]
[0.295, -0.056, 0.219]
[0.296, -0.056, 0.222]
[0.298, -0.056, 0.224]
[0.297, -0.055, 0.226]
[0.297, -0.055, 0.228]
[0.296, -0.055, 0.23]
[0.295, -0.054, 0.231]
[0.294, -0.054, 0.233]
[0.292, -0.053, 0.235]
[0.292, -0.053, 0.235]
[0.291, -0.053, 0.236]
[0.291, -0.053, 0.237]
[0.292, -0.053, 0.238]
[0.292, -0.053, 0.24]
[0.293, -0.053, 0.241]
[0.294, -0.053, 0.243]
[0.294, -0.053, 0.245]
[0.294, -0.053, 0.247]
[0.294, -0.053, 0.249]
[0.295, -0.052, 0.251]
[0.296, -0.053, 0.254]
[0.297, -0.053, 0.256]
[0.299, -0.053, 0.259]
[0.3, -0.054, 0.262]
[0.3, -0.054, 0.267]
[0.3, -0.054, 0.267]
[0.299, -0.054, 0.269]
[0.297, -0.054, 0.271]
[0.297, -0.054, 0.272]
[0.296, -0.054, 0.272]
[0.296, -0.054, 0.273]
[0.296, -0.054, 0.274]
[0.296, -0.054, 0.275]
[0.296, -0.054, 0.276]
[0.295, -0.054, 0.276]
[0.295, -0.055, 0.276]
[0.295, -0.055, 0.276]
[0.295, -0.055, 0.277]
[0.295, -0.056, 0.276]
[0.295, -0.056, 0.277]
[0.295, -0.056, 0.277]
[0.294, -0.056, 0.276]
[0.294, -0.056, 0.276]
[0.294, -0.056, 0.275]
[0.294, -0.057, 0.274]
[0.294, -0.058, 0.273]
[0.294, -0.059, 0.271]
[0.295, -0.06, 0.268]
[0.293, -0.061, 0.26]
[0.293, -0.061, 0.26]
[0.29, -0.062, 0.255]
[0.288, -0.063, 0.248]
[0.284, -0.064, 0.243]
[0.274, -0.065, 0.231]
[0.274, -0.065, 0.231]
[0.268, -0.065, 0.226]
[0.264, -0.065, 0.22]
[0.262, -0.066, 0.214]
[0.261, -0.066, 0.208]
[0.26, -0.067, 0.2]
[0.259, -0.068, 0.194]
[0.257, -0.069, 0.182]
[0.257, -0.069, 0.182]
[0.256, -0.07, 0.177]
[0.255, -0.07, 0.173]
[0.253, -0.071, 0.169]
[0.252, -0.071, 0.165]
[0.251, -0.071, 0.161]
[0.249, -0.071, 0.157]
[0.249, -0.071, 0.153]
[0.247, -0.07, 0.144]
[0.247, -0.07, 0.144]
[0.246, -0.069, 0.14]
[0.245, -0.069, 0.137]
[0.245, -0.069, 0.133]
[0.245, -0.069, 0.13]
[0.245, -0.069, 0.128]
[0.244, -0.07, 0.126]
[0.244, -0.07, 0.123]
[0.244, -0.071, 0.121]
[0.243, -0.071, 0.118]
[0.244, -0.071, 0.115]
[0.243, -0.071, 0.112]
[0.244, -0.071, 0.109]
[0.243, -0.071, 0.106]
[0.243, -0.071, 0.103]
[0.243, -0.071, 0.1]
[0.243, -0.071, 0.097]
[0.244, -0.071, 0.094]
[0.244, -0.072, 0.092]
[0.245, -0.072, 0.089]
[0.245, -0.071, 0.085]
[0.244, -0.07, 0.083]
[0.243, -0.069, 0.08]
[0.242, -0.068, 0.077]
[0.241, -0.067, 0.074]
[0.241, -0.066, 0.071]
[0.24, -0.065, 0.069]
[0.239, -0.065, 0.067]
[0.239, -0.064, 0.065]
[0.238, -0.063, 0.063]
[0.236, -0.062, 0.061]
[0.235, -0.059, 0.056]
[0.235, -0.059, 0.056]
[0.236, -0.058, 0.055]
[0.238, -0.057, 0.053]
[0.238, -0.056, 0.05]
[0.237, -0.056, 0.048]
[0.236, -0.055, 0.046]
[0.234, -0.054, 0.044]
[0.231, -0.051, 0.039]
[0.231, -0.05, 0.037]
[0.23, -0.049, 0.035]
[0.229, -0.048, 0.033]
[0.229, -0.047, 0.031]
[0.229, -0.047, 0.028]
[0.228, -0.046, 0.025]
[0.228, -0.045, 0.021]
[0.226, -0.043, 0.013]
[0.225, -0.042, 0.01]
[0.224, -0.04, 0.006]
[0.223, -0.038, 0.003]
[0.223, -0.037, -0.001]
[0.222, -0.035, -0.004]
[0.221, -0.034, -0.007]
[0.221, -0.033, -0.01]
[0.221, -0.032, -0.013]
[0.222, -0.03, -0.016]
[0.222, -0.029, -0.019]
[0.223, -0.028, -0.021]
[0.224, -0.026, -0.024]
[0.224, -0.025, -0.027]
[0.226, -0.023, -0.029]
[0.229, -0.021, -0.033]
[0.233, -0.02, -0.034]
[0.236, -0.019, -0.036]
[0.236, -0.017, -0.042]
[0.232, -0.016, -0.048]
[0.227, -0.015, -0.054]
[0.221, -0.014, -0.06]
[0.216, -0.012, -0.066]
[0.213, -0.011, -0.072]
[0.211, -0.009, -0.078]
[0.212, -0.007, -0.084]
[0.215, -0.004, -0.097]
[0.215, -0.004, -0.097]
[0.217, -0.002, -0.104]
[0.22, 0.001, -0.111]
[0.226, 0.005, -0.124]
[0.226, 0.005, -0.124]
[0.228, 0.008, -0.13]
[0.229, 0.01, -0.136]
[0.231, 0.013, -0.142]
[0.233, 0.015, -0.149]
[0.234, 0.016, -0.154]
[0.236, 0.018, -0.16]
[0.236, 0.02, -0.171]
[0.236, 0.02, -0.171]
[0.237, 0.02, -0.176]
[0.239, 0.021, -0.18]
[0.24, 0.021, -0.183]
[0.243, 0.022, -0.187]
[0.244, 0.022, -0.191]
[0.246, 0.022, -0.193]
[0.248, 0.022, -0.195]
[0.25, 0.022, -0.198]
[0.252, 0.022, -0.201]
[0.254, 0.022, -0.205]
[0.256, 0.022, -0.208]
[0.256, 0.022, -0.21]
[0.257, 0.022, -0.213]
[0.255, 0.021, -0.215]
[0.254, 0.021, -0.217]
[0.252, 0.02, -0.217]
[0.251, 0.02, -0.217]
[0.25, 0.021, -0.215]
[0.248, 0.022, -0.214]
[0.245, 0.022, -0.212]
[0.241, 0.022, -0.211]
[0.238, 0.021, -0.208]
[0.236, 0.021, -0.206]
[0.233, 0.02, -0.203]
[0.228, 0.019, -0.198]
[0.219, 0.017, -0.193]
[0.21, 0.016, -0.187]
[0.202, 0.014, -0.182]
[0.194, 0.013, -0.178]
[0.185, 0.011, -0.175]
[0.176, 0.008, -0.173]
[0.167, 0.007, -0.171]
[0.16, 0.005, -0.17]
[0.153, 0.004, -0.169]
[0.147, 0.003, -0.167]
[0.142, 0.003, -0.165]
[0.138, 0.002, -0.162]
[0.133, 0.002, -0.16]
[0.129, 0.002, -0.159]
[0.122, 0.002, -0.157]
[0.117, 0.003, -0.155]
[0.109, 0.005, -0.153]
[0.101, 0.006, -0.149]
[0.093, 0.007, -0.145]
[0.088, 0.008, -0.141]
[0.084, 0.009, -0.137]
[0.083, 0.009, -0.134]
[0.081, 0.01, -0.129]
[0.08, 0.01, -0.125]
[0.079, 0.01, -0.12]
[0.078, 0.01, -0.115]
[0.077, 0.01, -0.11]
[0.076, 0.01, -0.106]
[0.076, 0.011, -0.101]
[0.077, 0.011, -0.096]
[0.077, 0.012, -0.09]
[0.08, 0.015, -0.078]
[0.08, 0.015, -0.078]
[0.081, 0.016, -0.071]
[0.082, 0.018, -0.064]
[0.085, 0.021, -0.059]
[0.087, 0.023, -0.052]
[0.09, 0.025, -0.046]
[0.092, 0.027, -0.041]
[0.094, 0.029, -0.036]
[0.096, 0.032, -0.031]
[0.101, 0.034, -0.025]
[0.109, 0.039, -0.016]
[0.109, 0.039, -0.016]
[0.113, 0.041, -0.012]
[0.115, 0.043, -0.007]
[0.118, 0.048, 0.002]
[0.119, 0.05, 0.005]
[0.12, 0.053, 0.008]
[0.12, 0.055, 0.011]
[0.121, 0.057, 0.013]
[0.122, 0.061, 0.017]
[0.123, 0.062, 0.019]
[0.124, 0.064, 0.021]
[0.125, 0.066, 0.022]
[0.129, 0.068, 0.025]
[0.129, 0.068, 0.025]
[0.13, 0.069, 0.027]
[0.131, 0.07, 0.03]
[0.131, 0.073, 0.035]
[0.131, 0.073, 0.035]
[0.131, 0.074, 0.037]
[0.13, 0.075, 0.039]
[0.131, 0.076, 0.041]
[0.133, 0.077, 0.043]
[0.134, 0.078, 0.044]
[0.135, 0.079, 0.046]
[0.137, 0.08, 0.046]
[0.138, 0.08, 0.047]
[0.139, 0.081, 0.049]
[0.141, 0.082, 0.051]
[0.139, 0.082, 0.054]
[0.137, 0.083, 0.055]
[0.135, 0.083, 0.057]
[0.132, 0.084, 0.057]
[0.131, 0.084, 0.056]
[0.13, 0.085, 0.055]
[0.129, 0.085, 0.053]
[0.129, 0.085, 0.052]
[0.129, 0.085, 0.052]
[0.129, 0.085, 0.052]
[0.13, 0.085, 0.053]
[0.131, 0.085, 0.053]
[0.131, 0.085, 0.053]
[0.131, 0.085, 0.053]
[0.132, 0.085, 0.052]
[0.133, 0.084, 0.051]
[0.135, 0.084, 0.051]
[0.135, 0.083, 0.05]
[0.135, 0.083, 0.049]
[0.134, 0.082, 0.047]
[0.134, 0.081, 0.045]
[0.135, 0.08, 0.043]
[0.136, 0.079, 0.042]
[0.138, 0.078, 0.039]
[0.139, 0.076, 0.037]
[0.142, 0.074, 0.035]
[0.145, 0.073, 0.033]
[0.148, 0.072, 0.031]
[0.151, 0.07, 0.029]
[0.153, 0.068, 0.026]
[0.155, 0.066, 0.023]
[0.156, 0.063, 0.019]
[0.157, 0.061, 0.015]
[0.159, 0.06, 0.012]
[0.159, 0.058, 0.008]
[0.158, 0.056, 0.004]
[0.157, 0.054, -0.001]
[0.155, 0.051, -0.007]
[0.154, 0.049, -0.013]
[0.154, 0.046, -0.018]
[0.153, 0.043, -0.022]
[0.151, 0.037, -0.03]
[0.151, 0.037, -0.03]
[0.15, 0.034, -0.033]
[0.149, 0.031, -0.036]
[0.147, 0.024, -0.041]
[0.147, 0.024, -0.041]
[0.146, 0.02, -0.044]
[0.145, 0.017, -0.046]
[0.145, 0.012, -0.049]
[0.145, 0.012, -0.049]
[0.146, 0.009, -0.05]
[0.146, 0.007, -0.051]
[0.146, 0.004, -0.052]
[0.146, 0.002, -0.053]
[0.146, -0.001, -0.054]
[0.146, -0.007, -0.057]
[0.146, -0.007, -0.057]
[0.146, -0.009, -0.057]
[0.145, -0.012, -0.058]
[0.145, -0.017, -0.058]
[0.145, -0.017, -0.058]
[0.144, -0.019, -0.057]
[0.143, -0.022, -0.056]
[0.142, -0.025, -0.055]
[0.141, -0.027, -0.054]
[0.142, -0.03, -0.053]
[0.142, -0.033, -0.052]
[0.142, -0.038, -0.049]
[0.142, -0.038, -0.049]
[0.143, -0.041, -0.047]
[0.144, -0.044, -0.045]
[0.145, -0.046, -0.042]
[0.147, -0.048, -0.041]
[0.148, -0.051, -0.04]
[0.149, -0.053, -0.041]
[0.151, -0.056, -0.043]
[0.152, -0.058, -0.045]
[0.154, -0.059, -0.048]
[0.155, -0.061, -0.051]
[0.156, -0.062, -0.055]
[0.157, -0.064, -0.065]
[0.157, -0.064, -0.065]
[0.156, -0.065, -0.072]
[0.155, -0.066, -0.079]
[0.151, -0.068, -0.092]
[0.151, -0.068, -0.092]
[0.15, -0.07, -0.097]
[0.151, -0.071, -0.102]
[0.157, -0.074, -0.114]
[0.157, -0.074, -0.114]
[0.158, -0.074, -0.119]
[0.159, -0.075, -0.123]
[0.158, -0.076, -0.128]
[0.158, -0.076, -0.128]
[0.157, -0.077, -0.131]
[0.157, -0.078, -0.134]
[0.156, -0.079, -0.136]
[0.156, -0.08, -0.139]
[0.157, -0.081, -0.141]
[0.159, -0.081, -0.142]
[0.161, -0.082, -0.142]
[0.162, -0.082, -0.142]
[0.163, -0.083, -0.141]
[0.162, -0.083, -0.141]
[0.162, -0.084, -0.142]
[0.162, -0.084, -0.142]
[0.162, -0.084, -0.142]
[0.163, -0.084, -0.142]
[0.162, -0.085, -0.141]
[0.162, -0.084, -0.139]
[0.163, -0.084, -0.137]
[0.165, -0.084, -0.135]
[0.168, -0.083, -0.132]
[0.167, -0.082, -0.125]
[0.165, -0.083, -0.119]
[0.163, -0.083, -0.111]
[0.163, -0.082, -0.103]
[0.165, -0.081, -0.096]
[0.169, -0.079, -0.09]
[0.172, -0.077, -0.085]
[0.174, -0.075, -0.081]
[0.173, -0.073, -0.076]
[0.172, -0.071, -0.071]
[0.172, -0.064, -0.052]
[0.172, -0.064, -0.052]
[0.173, -0.062, -0.045]
[0.175, -0.061, -0.038]
[0.178, -0.058, -0.024]
[0.178, -0.056, -0.018]
[0.177, -0.054, -0.013]
[0.177, -0.051, -0.009]
[0.178, -0.049, -0.005]
[0.18, -0.043, 0.003]
[0.18, -0.043, 0.003]
[0.182, -0.041, 0.006]
[0.184, -0.04, 0.01]
[0.185, -0.038, 0.013]
[0.185, -0.036, 0.016]
[0.184, -0.034, 0.018]
[0.184, -0.032, 0.02]
[0.184, -0.029, 0.022]
[0.184, -0.027, 0.023]
[0.184, -0.024, 0.024]
[0.183, -0.022, 0.024]
[0.183, -0.02, 0.023]
[0.184, -0.017, 0.021]
[0.185, -0.014, 0.019]
[0.186, -0.011, 0.016]
[0.185, -0.007, 0.014]
[0.187, -0.003, 0.01]
[0.187, 0.0, 0.006]
[0.187, 0.003, 0.001]
[0.187, 0.006, -0.005]
[0.185, 0.008, -0.01]
[0.183, 0.01, -0.016]
[0.18, 0.012, -0.021]
[0.177, 0.013, -0.025]
[0.176, 0.013, -0.029]
[0.177, 0.013, -0.032]
[0.178, 0.012, -0.035]
[0.179, 0.011, -0.039]
[0.179, 0.01, -0.04]
[0.176, 0.009, -0.041]
[0.176, 0.009, -0.041]
[0.174, 0.009, -0.039]
[0.172, 0.01, -0.038]
[0.17, 0.01, -0.035]
[0.17, 0.01, -0.035]
[0.168, 0.011, -0.034]
[0.166, 0.012, -0.033]
[0.164, 0.014, -0.032]
[0.161, 0.015, -0.031]
[0.159, 0.017, -0.029]
[0.158, 0.018, -0.027]
[0.157, 0.021, -0.025]
[0.159, 0.024, -0.022]
[0.16, 0.028, -0.018]
[0.161, 0.032, -0.015]
[0.16, 0.035, -0.011]
[0.159, 0.039, -0.008]
[0.159, 0.047, -0.003]
[0.159, 0.047, -0.003]
[0.16, 0.05, -0.001]
[0.161, 0.054, 0.002]
[0.16, 0.062, 0.003]
[0.16, 0.062, 0.003]
[0.158, 0.066, 0.003]
[0.157, 0.069, 0.002]
[0.156, 0.072, 0.001]
[0.158, 0.074, 0.002]
[0.161, 0.076, 0.004]
[0.161, 0.076, 0.004]
[0.162, 0.078, 0.004]
[0.163, 0.079, 0.004]
[0.164, 0.081, 0.004]
[0.166, 0.082, 0.003]
[0.168, 0.083, 0.003]
[0.17, 0.083, 0.003]
[0.171, 0.082, 0.003]
[0.171, 0.082, 0.003]
[0.172, 0.081, 0.002]
[0.172, 0.081, 0.002]
[0.173, 0.079, 0.002]
[0.173, 0.079, 0.002]
[0.174, 0.079, 0.002]
[0.174, 0.079, 0.002]
[0.172, 0.08, 0.002]
[0.172, 0.08, 0.002]
[0.171, 0.081, 0.002]
[0.171, 0.081, 0.003]
[0.171, 0.082, 0.004]
[0.172, 0.083, 0.005]
[0.175, 0.084, 0.008]
[0.175, 0.084, 0.008]
[0.176, 0.085, 0.01]
[0.176, 0.086, 0.012]
[0.176, 0.087, 0.013]
[0.175, 0.088, 0.015]
[0.176, 0.09, 0.016]
[0.176, 0.091, 0.019]
[0.177, 0.094, 0.022]
[0.177, 0.096, 0.027]
[0.177, 0.098, 0.032]
[0.177, 0.1, 0.037]
[0.178, 0.104, 0.048]
[0.178, 0.104, 0.048]
[0.178, 0.106, 0.052]
[0.178, 0.109, 0.058]
[0.177, 0.111, 0.063]
[0.176, 0.113, 0.068]
[0.174, 0.116, 0.072]
[0.172, 0.118, 0.075]
[0.171, 0.124, 0.084]
[0.171, 0.124, 0.084]
[0.173, 0.127, 0.089]
[0.175, 0.129, 0.096]
[0.176, 0.131, 0.102]
[0.176, 0.134, 0.109]
[0.175, 0.137, 0.115]
[0.173, 0.139, 0.121]
[0.172, 0.14, 0.127]
[0.17, 0.141, 0.134]
[0.168, 0.142, 0.142]
[0.166, 0.143, 0.15]
[0.164, 0.145, 0.156]
[0.162, 0.146, 0.162]
[0.16, 0.148, 0.167]
[0.159, 0.149, 0.17]
[0.158, 0.15, 0.174]
[0.157, 0.15, 0.177]
[0.156, 0.151, 0.18]
[0.155, 0.151, 0.182]
[0.154, 0.151, 0.184]
[0.154, 0.151, 0.184]
[0.155, 0.151, 0.185]
[0.156, 0.151, 0.185]
[0.159, 0.15, 0.182]
[0.159, 0.15, 0.182]
[0.161, 0.15, 0.18]
[0.162, 0.149, 0.178]
[0.164, 0.147, 0.173]
[0.164, 0.147, 0.173]
[0.165, 0.146, 0.17]
[0.166, 0.145, 0.168]
[0.168, 0.144, 0.166]
[0.169, 0.142, 0.162]
[0.171, 0.141, 0.158]
[0.172, 0.14, 0.153]
[0.173, 0.138, 0.149]
[0.175, 0.136, 0.144]
[0.177, 0.134, 0.139]
[0.18, 0.132, 0.133]
[0.183, 0.13, 0.126]
[0.184, 0.128, 0.12]
[0.185, 0.126, 0.111]
[0.186, 0.123, 0.102]
[0.186, 0.12, 0.093]
[0.185, 0.116, 0.084]
[0.185, 0.113, 0.075]
[0.186, 0.109, 0.067]
[0.185, 0.106, 0.06]
[0.185, 0.104, 0.053]
[0.185, 0.101, 0.047]
[0.185, 0.098, 0.042]
[0.185, 0.095, 0.037]
[0.185, 0.092, 0.032]
[0.184, 0.09, 0.028]
[0.182, 0.087, 0.022]
[0.181, 0.085, 0.017]
[0.18, 0.083, 0.012]
[0.179, 0.08, 0.008]
[0.178, 0.078, 0.004]
[0.178, 0.074, -0.003]
[0.178, 0.074, -0.003]
[0.177, 0.071, -0.006]
[0.177, 0.069, -0.009]
[0.176, 0.066, -0.014]
[0.176, 0.064, -0.016]
[0.176, 0.064, -0.016]
[0.177, 0.063, -0.018]
[0.177, 0.059, -0.021]
[0.178, 0.058, -0.022]
[0.178, 0.058, -0.022]
[0.178, 0.056, -0.023]
[0.178, 0.055, -0.024]
[0.178, 0.051, -0.026]
[0.177, 0.049, -0.027]
[0.175, 0.045, -0.03]
[0.175, 0.045, -0.03]
[0.175, 0.044, -0.031]
[0.175, 0.042, -0.032]
[0.175, 0.041, -0.033]
[0.175, 0.04, -0.033]
[0.176, 0.038, -0.033]
[0.177, 0.037, -0.034]
[0.176, 0.036, -0.034]
[0.175, 0.034, -0.034]
[0.173, 0.033, -0.034]
[0.171, 0.031, -0.033]
[0.169, 0.029, -0.031]
[0.167, 0.028, -0.03]
[0.166, 0.027, -0.029]
[0.166, 0.026, -0.028]
[0.165, 0.023, -0.026]
[0.165, 0.023, -0.026]
[0.165, 0.022, -0.025]
[0.166, 0.02, -0.025]
[0.167, 0.019, -0.025]
[0.17, 0.017, -0.025]
[0.173, 0.016, -0.025]
[0.176, 0.015, -0.025]
[0.179, 0.013, -0.024]
[0.18, 0.012, -0.023]
[0.18, 0.011, -0.022]
[0.181, 0.01, -0.02]
[0.181, 0.01, -0.02]
[0.182, 0.008, -0.019]
[0.183, 0.007, -0.019]
[0.186, 0.004, -0.017]
[0.186, 0.004, -0.017]
[0.188, 0.003, -0.016]
[0.193, 0.002, -0.015]
[0.196, 0.001, -0.014]
[0.2, 0.001, -0.013]
[0.202, 0.0, -0.013]
[0.205, -0.0, -0.013]
[0.209, -0.0, -0.012]
[0.214, -0.001, -0.011]
[0.218, -0.0, -0.011]
[0.222, -0.0, -0.011]
[0.224, 0.0, -0.011]
[0.229, 0.001, -0.011]
[0.231, 0.001, -0.011]
[0.232, 0.001, -0.011]
[0.233, 0.002, -0.012]
[0.233, 0.002, -0.013]
[0.233, 0.002, -0.015]
[0.232, 0.003, -0.015]
[0.231, 0.003, -0.015]
[0.23, 0.003, -0.016]
[0.227, 0.004, -0.016]
[0.224, 0.004, -0.016]
[0.221, 0.004, -0.016]
[0.22, 0.005, -0.016]
[0.219, 0.005, -0.015]
[0.218, 0.005, -0.015]
[0.217, 0.005, -0.015]
[0.216, 0.005, -0.015]
[0.214, 0.005, -0.015]
[0.212, 0.005, -0.016]
[0.21, 0.004, -0.016]
[0.207, 0.004, -0.016]
[0.204, 0.004, -0.016]
[0.198, 0.004, -0.015]
[0.198, 0.004, -0.015]
[0.195, 0.004, -0.015]
[0.193, 0.004, -0.015]
[0.191, 0.004, -0.015]
[0.188, 0.004, -0.015]
[0.186, 0.004, -0.015]
[0.183, 0.004, -0.016]
[0.181, 0.003, -0.016]
[0.18, 0.003, -0.016]
