start livelink
[-0.161, 0.015, -0.085]
[-0.16, 0.015, -0.087]
[-0.159, 0.014, -0.088]
[-0.158, 0.013, -0.088]
[-0.154, 0.011, -0.088]
[-0.143, 0.012, -0.085]
[-0.121, 0.019, -0.083]
[-0.092, 0.027, -0.047]
[-0.124, 0.011, -0.036]
[-0.116, 0.011, -0.033]
[-0.106, 0.011, -0.03]
[-0.097, 0.01, -0.026]
[-0.089, 0.009, -0.022]
[-0.08, 0.007, -0.018]
[-0.068, 0.005, -0.016]
[-0.054, 0.003, -0.014]
[-0.038, 0.001, -0.013]
[-0.021, -0.001, -0.01]
[-0.007, -0.003, -0.01]
[0.005, -0.003, -0.009]
[0.012, -0.002, -0.008]
[0.017, -0.001, -0.008]
[0.021, -0.0, -0.008]
[0.025, 0.0, -0.008]
[0.03, 0.0, -0.007]
[0.034, 0.0, -0.007]
[0.036, 0.0, -0.005]
[0.039, 0.0, -0.003]
[0.041, 0.0, -0.001]
[0.042, 0.001, 0.001]
[0.044, 0.001, 0.003]
[0.044, 0.001, 0.004]
[0.045, 0.001, 0.007]
[0.045, 0.001, 0.007]
[0.046, 0.002, 0.01]
[0.047, 0.003, 0.014]
[0.046, 0.004, 0.017]
[0.044, 0.005, 0.022]
[0.04, 0.005, 0.027]
[0.036, 0.006, 0.031]
[0.033, 0.006, 0.034]
[0.032, 0.007, 0.037]
[0.033, 0.008, 0.039]
[0.034, 0.009, 0.04]
[0.04, 0.011, 0.041]
[0.046, 0.013, 0.042]
[0.051, 0.014, 0.043]
[0.055, 0.014, 0.044]
[0.061, 0.014, 0.046]
[0.062, 0.014, 0.047]
[0.065, 0.015, 0.049]
[0.067, 0.015, 0.051]
[0.068, 0.015, 0.053]
[0.069, 0.015, 0.055]
[0.069, 0.015, 0.057]
[0.069, 0.016, 0.059]
[0.068, 0.017, 0.062]
[0.068, 0.017, 0.064]
[0.069, 0.017, 0.066]
[0.069, 0.017, 0.069]
[0.07, 0.017, 0.071]
[0.072, 0.017, 0.072]
[0.075, 0.018, 0.074]
[0.078, 0.018, 0.076]
[0.081, 0.018, 0.077]
[0.082, 0.018, 0.078]
[0.079, 0.018, 0.08]
[0.079, 0.018, 0.08]
[0.077, 0.018, 0.081]
[0.076, 0.018, 0.081]
[0.076, 0.018, 0.082]
[0.074, 0.018, 0.082]
[0.074, 0.018, 0.082]
[0.072, 0.019, 0.081]
[0.071, 0.019, 0.081]
[0.07, 0.019, 0.079]
[0.068, 0.02, 0.078]
[0.067, 0.02, 0.076]
[0.066, 0.021, 0.074]
[0.065, 0.02, 0.073]
[0.066, 0.02, 0.072]
[0.067, 0.02, 0.071]
[0.068, 0.02, 0.071]
[0.068, 0.02, 0.071]
[0.068, 0.02, 0.072]
[0.068, 0.02, 0.072]
[0.067, 0.019, 0.074]
[0.065, 0.019, 0.076]
[0.063, 0.019, 0.08]
[0.061, 0.019, 0.083]
[0.06, 0.019, 0.086]
[0.06, 0.018, 0.089]
[0.06, 0.019, 0.091]
[0.059, 0.019, 0.093]
[0.059, 0.019, 0.095]
[0.059, 0.019, 0.097]
[0.059, 0.019, 0.1]
[0.06, 0.019, 0.103]
[0.062, 0.019, 0.107]
[0.063, 0.019, 0.111]
[0.065, 0.019, 0.115]
[0.067, 0.02, 0.12]
[0.067, 0.02, 0.125]
[0.066, 0.02, 0.13]
[0.063, 0.02, 0.136]
[0.062, 0.019, 0.14]
[0.063, 0.018, 0.147]
[0.063, 0.018, 0.147]
[0.066, 0.018, 0.151]
[0.068, 0.017, 0.156]
[0.067, 0.016, 0.161]
[0.066, 0.015, 0.167]
[0.065, 0.014, 0.172]
[0.064, 0.014, 0.177]
[0.064, 0.014, 0.182]
[0.065, 0.014, 0.187]
[0.066, 0.013, 0.192]
[0.066, 0.013, 0.197]
[0.065, 0.012, 0.201]
[0.066, 0.012, 0.204]
[0.067, 0.011, 0.207]
[0.068, 0.011, 0.209]
[0.069, 0.011, 0.212]
[0.069, 0.011, 0.214]
[0.068, 0.01, 0.217]
[0.067, 0.01, 0.221]
[0.067, 0.009, 0.225]
[0.066, 0.009, 0.23]
[0.064, 0.008, 0.24]
[0.064, 0.008, 0.24]
[0.061, 0.008, 0.245]
[0.059, 0.008, 0.251]
[0.058, 0.008, 0.256]
[0.057, 0.009, 0.262]
[0.057, 0.009, 0.267]
[0.059, 0.009, 0.271]
[0.059, 0.01, 0.275]
[0.059, 0.01, 0.278]
[0.059, 0.01, 0.28]
[0.058, 0.01, 0.283]
[0.057, 0.01, 0.286]
[0.055, 0.009, 0.292]
[0.052, 0.009, 0.298]
[0.049, 0.008, 0.306]
[0.048, 0.007, 0.313]
[0.047, 0.006, 0.32]
[0.046, 0.005, 0.325]
[0.045, 0.005, 0.331]
[0.044, 0.005, 0.335]
[0.043, 0.005, 0.339]
[0.042, 0.006, 0.343]
[0.043, 0.006, 0.346]
[0.044, 0.006, 0.348]
[0.045, 0.006, 0.35]
[0.047, 0.006, 0.351]
[0.048, 0.006, 0.353]
[0.048, 0.006, 0.354]
[0.049, 0.006, 0.355]
[0.048, 0.006, 0.357]
[0.048, 0.006, 0.359]
[0.048, 0.006, 0.361]
[0.049, 0.006, 0.362]
[0.049, 0.006, 0.362]
[0.05, 0.006, 0.362]
[0.052, 0.007, 0.36]
[0.052, 0.007, 0.36]
[0.054, 0.007, 0.36]
[0.056, 0.008, 0.359]
[0.065, 0.007, 0.356]
[0.065, 0.007, 0.356]
[0.069, 0.006, 0.355]
[0.074, 0.005, 0.355]
[0.074, 0.004, 0.356]
[0.074, 0.004, 0.357]
[0.072, 0.003, 0.359]
[0.073, 0.003, 0.361]
[0.075, 0.003, 0.362]
[0.077, 0.003, 0.363]
[0.079, 0.003, 0.364]
[0.079, 0.003, 0.365]
[0.076, 0.005, 0.366]
[0.073, 0.006, 0.368]
[0.071, 0.006, 0.369]
[0.07, 0.007, 0.369]
[0.071, 0.007, 0.37]
[0.072, 0.007, 0.371]
[0.072, 0.007, 0.372]
[0.071, 0.007, 0.372]
[0.07, 0.007, 0.372]
[0.068, 0.007, 0.372]
[0.066, 0.007, 0.371]
[0.065, 0.008, 0.371]
[0.065, 0.008, 0.371]
[0.064, 0.008, 0.37]
[0.065, 0.008, 0.37]
[0.065, 0.008, 0.369]
[0.067, 0.008, 0.369]
[0.068, 0.008, 0.367]
[0.069, 0.008, 0.366]
[0.07, 0.008, 0.365]
[0.07, 0.008, 0.364]
[0.07, 0.008, 0.364]
[0.07, 0.007, 0.363]
[0.07, 0.007, 0.362]
[0.07, 0.007, 0.361]
[0.071, 0.006, 0.36]
[0.07, 0.006, 0.36]
[0.07, 0.006, 0.359]
[0.073, 0.005, 0.354]
[0.073, 0.005, 0.354]
[0.074, 0.005, 0.352]
[0.076, 0.004, 0.349]
[0.076, 0.003, 0.345]
[0.075, 0.002, 0.341]
[0.073, 0.001, 0.336]
[0.071, -0.0, 0.329]
[0.067, -0.0, 0.319]
[0.06, 0.001, 0.31]
[0.053, 0.002, 0.299]
[0.049, 0.002, 0.288]
[0.046, 0.002, 0.275]
[0.047, 0.0, 0.259]
[0.049, -0.001, 0.243]
[0.051, -0.002, 0.229]
[0.056, -0.002, 0.214]
[0.06, -0.002, 0.198]
[0.063, -0.002, 0.181]
[0.067, -0.001, 0.162]
[0.068, -0.0, 0.143]
[0.069, 0.0, 0.128]
[0.067, 0.001, 0.113]
[0.065, 0.001, 0.098]
[0.064, 0.002, 0.083]
[0.061, 0.002, 0.07]
[0.06, 0.002, 0.058]
[0.061, 0.003, 0.046]
[0.06, 0.004, 0.035]
[0.06, 0.006, 0.024]
[0.06, 0.007, 0.013]
[0.059, 0.009, 0.005]
[0.057, 0.01, -0.001]
[0.055, 0.01, -0.008]
[0.055, 0.011, -0.016]
[0.055, 0.012, -0.026]
[0.056, 0.012, -0.035]
[0.056, 0.013, -0.042]
[0.057, 0.013, -0.048]
[0.057, 0.013, -0.053]
[0.059, 0.013, -0.058]
[0.061, 0.013, -0.063]
[0.062, 0.014, -0.069]
[0.059, 0.014, -0.078]
[0.055, 0.013, -0.086]
[0.05, 0.012, -0.096]
[0.047, 0.011, -0.105]
[0.049, 0.01, -0.114]
[0.051, 0.011, -0.124]
[0.052, 0.013, -0.134]
[0.054, 0.014, -0.143]
[0.057, 0.014, -0.152]
[0.06, 0.015, -0.161]
[0.061, 0.016, -0.17]
[0.063, 0.017, -0.178]
[0.064, 0.018, -0.184]
[0.064, 0.019, -0.191]
[0.067, 0.019, -0.197]
[0.069, 0.02, -0.205]
[0.071, 0.021, -0.213]
[0.075, 0.021, -0.228]
[0.076, 0.021, -0.234]
[0.077, 0.022, -0.24]
[0.078, 0.022, -0.245]
[0.08, 0.022, -0.248]
[0.082, 0.022, -0.25]
[0.084, 0.023, -0.249]
[0.085, 0.023, -0.248]
[0.085, 0.023, -0.245]
[0.086, 0.024, -0.24]
[0.085, 0.024, -0.237]
[0.075, 0.022, -0.233]
[0.069, 0.021, -0.231]
[0.069, 0.021, -0.231]
[0.06, 0.019, -0.227]
[0.041, 0.014, -0.216]
[0.041, 0.014, -0.216]
[0.035, 0.013, -0.21]
[0.029, 0.012, -0.204]
[0.016, 0.011, -0.194]
[0.016, 0.011, -0.194]
[0.008, 0.01, -0.189]
[0.0, 0.011, -0.184]
[-0.019, 0.011, -0.176]
[-0.027, 0.011, -0.171]
[-0.036, 0.01, -0.167]
[-0.045, 0.01, -0.164]
[-0.054, 0.009, -0.162]
[-0.062, 0.009, -0.161]
[-0.07, 0.008, -0.16]
[-0.079, 0.008, -0.16]
[-0.087, 0.007, -0.16]
[-0.091, 0.007, -0.161]
[-0.097, 0.007, -0.161]
[-0.099, 0.007, -0.16]
[-0.1, 0.008, -0.157]
[-0.103, 0.009, -0.155]
[-0.105, 0.01, -0.154]
[-0.108, 0.01, -0.152]
[-0.116, 0.011, -0.151]
[-0.118, 0.012, -0.151]
[-0.119, 0.012, -0.15]
[-0.118, 0.013, -0.15]
[-0.117, 0.014, -0.149]
[-0.116, 0.014, -0.148]
[-0.117, 0.015, -0.148]
[-0.117, 0.016, -0.147]
[-0.119, 0.016, -0.146]
[-0.12, 0.016, -0.144]
[-0.121, 0.017, -0.143]
[-0.122, 0.017, -0.143]
[-0.124, 0.017, -0.142]
[-0.125, 0.018, -0.142]
[-0.125, 0.018, -0.142]
[-0.126, 0.018, -0.143]
[-0.125, 0.018, -0.143]
[-0.125, 0.017, -0.143]
[-0.124, 0.017, -0.141]
[-0.124, 0.016, -0.14]
[-0.125, 0.016, -0.137]
[-0.126, 0.016, -0.136]
[-0.128, 0.015, -0.134]
[-0.13, 0.015, -0.133]
[-0.133, 0.015, -0.131]
[-0.133, 0.015, -0.131]
[-0.134, 0.015, -0.131]
[-0.135, 0.016, -0.131]
[-0.135, 0.016, -0.131]
[-0.135, 0.016, -0.131]
[-0.136, 0.016, -0.132]
[-0.135, 0.016, -0.132]
[-0.137, 0.017, -0.129]
[-0.137, 0.017, -0.129]
[-0.137, 0.017, -0.127]
[-0.135, 0.019, -0.124]
[-0.13, 0.02, -0.122]
[-0.122, 0.02, -0.119]
[-0.115, 0.02, -0.115]
[-0.109, 0.019, -0.113]
[-0.104, 0.019, -0.109]
[-0.101, 0.019, -0.107]
[-0.099, 0.019, -0.106]
[-0.095, 0.019, -0.104]
[-0.087, 0.02, -0.102]
[-0.077, 0.021, -0.1]
[-0.052, 0.023, -0.096]
[-0.052, 0.023, -0.096]
[-0.039, 0.024, -0.095]
[-0.028, 0.024, -0.095]
[-0.015, 0.024, -0.093]
[-0.002, 0.025, -0.091]
[0.008, 0.025, -0.09]
[0.016, 0.025, -0.087]
[0.024, 0.024, -0.086]
[0.032, 0.024, -0.085]
[0.04, 0.023, -0.083]
[0.058, 0.022, -0.081]
[0.058, 0.022, -0.081]
[0.067, 0.021, -0.08]
[0.076, 0.021, -0.079]
[0.084, 0.021, -0.078]
[0.091, 0.021, -0.078]
[0.096, 0.021, -0.077]
[0.103, 0.021, -0.076]
[0.111, 0.021, -0.075]
[0.117, 0.02, -0.074]
[0.124, 0.02, -0.074]
[0.13, 0.019, -0.074]
[0.137, 0.018, -0.074]
[0.144, 0.018, -0.075]
[0.152, 0.017, -0.075]
[0.158, 0.016, -0.075]
[0.166, 0.016, -0.075]
[0.172, 0.015, -0.075]
[0.178, 0.015, -0.075]
[0.183, 0.015, -0.075]
[0.187, 0.015, -0.074]
[0.193, 0.015, -0.072]
[0.2, 0.015, -0.07]
[0.207, 0.015, -0.069]
[0.214, 0.015, -0.069]
[0.222, 0.015, -0.068]
[0.228, 0.015, -0.067]
[0.234, 0.015, -0.066]
[0.24, 0.015, -0.064]
[0.244, 0.015, -0.062]
[0.248, 0.016, -0.062]
[0.251, 0.017, -0.061]
[0.263, 0.016, -0.061]
[0.263, 0.016, -0.061]
[0.27, 0.015, -0.062]
[0.279, 0.013, -0.063]
[0.289, 0.012, -0.066]
[0.298, 0.011, -0.069]
[0.308, 0.01, -0.073]
[0.315, 0.01, -0.077]
[0.329, 0.01, -0.089]
[0.329, 0.01, -0.089]
[0.335, 0.01, -0.095]
[0.343, 0.01, -0.103]
[0.349, 0.011, -0.111]
[0.356, 0.011, -0.118]
[0.362, 0.011, -0.124]
[0.377, 0.012, -0.137]
[0.377, 0.012, -0.137]
[0.384, 0.011, -0.142]
[0.394, 0.012, -0.151]
[0.397, 0.012, -0.154]
[0.399, 0.012, -0.158]
[0.401, 0.012, -0.161]
[0.404, 0.013, -0.165]
[0.404, 0.013, -0.165]
[0.405, 0.013, -0.168]
[0.405, 0.014, -0.17]
[0.406, 0.014, -0.173]
[0.406, 0.014, -0.173]
[0.405, 0.014, -0.174]
[0.405, 0.014, -0.175]
[0.403, 0.015, -0.176]
[0.402, 0.015, -0.177]
[0.398, 0.015, -0.178]
[0.396, 0.015, -0.179]
[0.394, 0.015, -0.179]
[0.393, 0.015, -0.179]
[0.393, 0.015, -0.179]
[0.391, 0.015, -0.179]
[0.383, 0.014, -0.177]
[0.383, 0.014, -0.177]
[0.377, 0.014, -0.177]
[0.361, 0.015, -0.177]
[0.361, 0.015, -0.177]
[0.354, 0.016, -0.176]
[0.345, 0.018, -0.176]
[0.338, 0.019, -0.178]
[0.325, 0.02, -0.188]
[0.325, 0.02, -0.188]
[0.318, 0.02, -0.198]
[0.312, 0.02, -0.209]
[0.301, 0.02, -0.23]
[0.301, 0.02, -0.23]
[0.295, 0.02, -0.239]
[0.273, 0.02, -0.261]
[0.273, 0.02, -0.261]
[0.266, 0.02, -0.269]
[0.26, 0.021, -0.277]
[0.254, 0.022, -0.283]
[0.247, 0.023, -0.29]
[0.241, 0.024, -0.295]
[0.237, 0.025, -0.299]
[0.235, 0.025, -0.302]
[0.232, 0.026, -0.304]
[0.229, 0.027, -0.306]
[0.225, 0.028, -0.308]
[0.219, 0.029, -0.31]
[0.215, 0.03, -0.311]
[0.211, 0.03, -0.312]
[0.203, 0.03, -0.308]
[0.203, 0.03, -0.308]
[0.2, 0.03, -0.305]
[0.197, 0.03, -0.303]
[0.194, 0.031, -0.303]
[0.19, 0.031, -0.302]
[0.187, 0.031, -0.301]
[0.184, 0.031, -0.299]
[0.181, 0.03, -0.298]
[0.179, 0.03, -0.295]
[0.177, 0.03, -0.292]
[0.175, 0.03, -0.288]
[0.173, 0.03, -0.283]
[0.163, 0.029, -0.269]
[0.163, 0.029, -0.269]
[0.158, 0.029, -0.261]
[0.152, 0.031, -0.252]
[0.142, 0.033, -0.24]
[0.142, 0.033, -0.24]
[0.137, 0.033, -0.236]
[0.13, 0.033, -0.233]
[0.121, 0.032, -0.231]
[0.113, 0.03, -0.228]
[0.1, 0.028, -0.229]
[0.085, 0.024, -0.23]
[0.073, 0.021, -0.229]
[0.063, 0.018, -0.227]
[0.055, 0.014, -0.226]
[0.047, 0.011, -0.224]
[0.042, 0.008, -0.222]
[0.036, 0.005, -0.221]
[0.031, 0.005, -0.221]
[0.026, 0.004, -0.219]
[0.02, 0.004, -0.218]
[0.004, -0.001, -0.217]
[-0.013, -0.006, -0.219]
[-0.027, -0.007, -0.223]
[-0.043, -0.005, -0.224]
[-0.087, -0.003, -0.216]
[-0.101, 0.001, -0.205]
[-0.103, 0.003, -0.195]
[-0.112, 0.005, -0.183]
[-0.098, 0.004, -0.172]
[-0.083, 0.005, -0.165]
[-0.067, 0.008, -0.158]
[-0.059, 0.011, -0.155]
[-0.057, 0.015, -0.152]
[-0.068, 0.017, -0.15]
[-0.098, 0.018, -0.151]
[-0.136, 0.017, -0.153]
[-0.156, 0.014, -0.158]
[-0.182, 0.011, -0.164]
[-0.188, 0.01, -0.17]
[-0.204, 0.004, -0.186]
[-0.214, -0.004, -0.204]
[-0.215, -0.003, -0.206]
[-0.175, 0.003, -0.19]
[-0.163, 0.006, -0.173]
[-0.148, 0.007, -0.16]
[-0.138, 0.012, -0.153]
[-0.126, 0.018, -0.142]
[-0.119, 0.023, -0.132]
[-0.11, 0.026, -0.125]
[-0.096, 0.028, -0.118]
[-0.081, 0.029, -0.109]
[-0.073, 0.03, -0.099]
[-0.067, 0.031, -0.091]
[-0.063, 0.032, -0.082]
[-0.056, 0.033, -0.075]
[-0.05, 0.034, -0.068]
[-0.047, 0.035, -0.061]
[-0.045, 0.036, -0.055]
[-0.044, 0.036, -0.05]
[-0.042, 0.037, -0.046]
[-0.038, 0.038, -0.043]
[-0.033, 0.039, -0.039]
[-0.029, 0.039, -0.037]
[-0.024, 0.039, -0.035]
[-0.018, 0.04, -0.034]
[-0.011, 0.04, -0.033]
[0.0, 0.04, -0.03]
[0.0, 0.04, -0.03]
[0.002, 0.04, -0.028]
[0.004, 0.04, -0.027]
[0.005, 0.039, -0.026]
[0.006, 0.038, -0.025]
[0.007, 0.038, -0.023]
[0.009, 0.038, -0.021]
[0.017, 0.037, -0.015]
[0.017, 0.037, -0.015]
[0.022, 0.037, -0.011]
[0.026, 0.036, -0.008]
[0.029, 0.036, -0.004]
[0.031, 0.036, -0.0]
[0.033, 0.036, 0.004]
[0.033, 0.037, 0.009]
[0.032, 0.037, 0.013]
[0.031, 0.038, 0.016]
[0.03, 0.038, 0.019]
[0.031, 0.038, 0.022]
[0.033, 0.038, 0.026]
[0.037, 0.037, 0.03]
[0.041, 0.037, 0.034]
[0.046, 0.037, 0.037]
[0.05, 0.037, 0.039]
[0.053, 0.036, 0.041]
[0.055, 0.036, 0.042]
[0.056, 0.036, 0.044]
[0.058, 0.035, 0.047]
[0.058, 0.035, 0.047]
[0.061, 0.035, 0.049]
[0.066, 0.036, 0.05]
[0.07, 0.036, 0.051]
[0.074, 0.036, 0.052]
[0.078, 0.036, 0.054]
[0.081, 0.036, 0.056]
[0.084, 0.036, 0.058]
[0.088, 0.036, 0.06]
[0.089, 0.036, 0.063]
[0.086, 0.036, 0.066]
[0.067, 0.036, 0.074]
[0.065, 0.036, 0.076]
[0.07, 0.036, 0.079]
[0.079, 0.036, 0.082]
[0.089, 0.036, 0.085]
[0.096, 0.035, 0.088]
[0.102, 0.033, 0.091]
[0.107, 0.032, 0.093]
[0.11, 0.031, 0.096]
[0.112, 0.031, 0.098]
[0.113, 0.03, 0.1]
[0.115, 0.03, 0.103]
[0.116, 0.03, 0.105]
[0.118, 0.03, 0.106]
[0.12, 0.03, 0.108]
[0.122, 0.03, 0.109]
[0.123, 0.029, 0.111]
[0.124, 0.029, 0.113]
[0.126, 0.029, 0.115]
[0.13, 0.029, 0.122]
[0.13, 0.029, 0.122]
[0.132, 0.029, 0.126]
[0.133, 0.029, 0.13]
[0.136, 0.028, 0.137]
[0.136, 0.028, 0.137]
[0.137, 0.028, 0.139]
[0.139, 0.028, 0.142]
[0.141, 0.027, 0.148]
[0.141, 0.027, 0.148]
[0.142, 0.027, 0.15]
[0.143, 0.026, 0.152]
[0.143, 0.026, 0.154]
[0.143, 0.026, 0.155]
[0.143, 0.025, 0.157]
[0.143, 0.025, 0.158]
[0.143, 0.025, 0.16]
[0.143, 0.025, 0.16]
[0.143, 0.025, 0.161]
[0.143, 0.025, 0.162]
[0.143, 0.025, 0.162]
[0.143, 0.025, 0.162]
[0.143, 0.024, 0.163]
[0.142, 0.024, 0.165]
[0.138, 0.023, 0.168]
[0.135, 0.023, 0.17]
[0.135, 0.023, 0.171]
[0.135, 0.022, 0.172]
[0.137, 0.022, 0.172]
[0.138, 0.022, 0.172]
[0.138, 0.022, 0.172]
[0.137, 0.022, 0.171]
[0.136, 0.022, 0.17]
[0.135, 0.021, 0.169]
[0.135, 0.021, 0.168]
[0.135, 0.021, 0.167]
[0.136, 0.021, 0.165]
[0.138, 0.021, 0.163]
[0.14, 0.021, 0.16]
[0.143, 0.021, 0.157]
[0.147, 0.021, 0.155]
[0.15, 0.02, 0.152]
[0.153, 0.019, 0.149]
[0.155, 0.018, 0.146]
[0.158, 0.017, 0.143]
[0.16, 0.016, 0.14]
[0.161, 0.016, 0.136]
[0.163, 0.016, 0.132]
[0.165, 0.016, 0.125]
[0.165, 0.016, 0.125]
[0.167, 0.016, 0.122]
[0.168, 0.016, 0.12]
[0.17, 0.015, 0.117]
[0.17, 0.015, 0.117]
[0.172, 0.015, 0.115]
[0.173, 0.014, 0.114]
[0.175, 0.014, 0.113]
[0.176, 0.013, 0.112]
[0.176, 0.014, 0.112]
[0.176, 0.014, 0.111]
[0.176, 0.014, 0.111]
[0.175, 0.014, 0.11]
[0.174, 0.014, 0.109]
[0.173, 0.015, 0.109]
[0.173, 0.015, 0.109]
[0.173, 0.015, 0.11]
[0.172, 0.015, 0.11]
[0.171, 0.015, 0.11]
[0.17, 0.015, 0.111]
[0.17, 0.015, 0.111]
[0.17, 0.015, 0.112]
[0.17, 0.015, 0.113]
[0.17, 0.015, 0.114]
[0.172, 0.015, 0.116]
[0.174, 0.015, 0.119]
[0.176, 0.015, 0.122]
[0.178, 0.015, 0.125]
[0.174, 0.014, 0.132]
[0.174, 0.014, 0.132]
[0.169, 0.014, 0.137]
[0.164, 0.014, 0.142]
[0.161, 0.014, 0.15]
[0.161, 0.014, 0.15]
[0.16, 0.013, 0.157]
[0.159, 0.012, 0.165]
[0.158, 0.011, 0.174]
[0.156, 0.011, 0.184]
[0.155, 0.011, 0.194]
[0.155, 0.011, 0.203]
[0.155, 0.012, 0.213]
[0.155, 0.012, 0.221]
[0.155, 0.012, 0.229]
[0.156, 0.012, 0.243]
[0.156, 0.012, 0.243]
[0.158, 0.012, 0.25]
[0.16, 0.011, 0.256]
[0.161, 0.011, 0.261]
[0.162, 0.011, 0.266]
[0.164, 0.011, 0.27]
[0.165, 0.011, 0.274]
[0.165, 0.012, 0.277]
[0.165, 0.012, 0.28]
[0.164, 0.013, 0.283]
[0.165, 0.013, 0.285]
[0.165, 0.014, 0.286]
[0.166, 0.014, 0.286]
[0.166, 0.014, 0.287]
[0.167, 0.014, 0.286]
[0.167, 0.014, 0.287]
[0.166, 0.014, 0.287]
[0.166, 0.014, 0.288]
[0.165, 0.013, 0.288]
[0.165, 0.013, 0.288]
[0.165, 0.013, 0.289]
[0.165, 0.013, 0.289]
[0.166, 0.013, 0.29]
[0.167, 0.014, 0.291]
[0.167, 0.014, 0.291]
[0.167, 0.014, 0.291]
[0.167, 0.014, 0.292]
[0.166, 0.014, 0.293]
[0.166, 0.014, 0.295]
[0.166, 0.014, 0.295]
[0.165, 0.015, 0.296]
[0.165, 0.015, 0.296]
[0.165, 0.015, 0.295]
[0.165, 0.015, 0.293]
[0.164, 0.014, 0.291]
[0.164, 0.014, 0.289]
[0.164, 0.014, 0.287]
[0.164, 0.014, 0.286]
[0.163, 0.015, 0.285]
[0.163, 0.015, 0.284]
[0.163, 0.015, 0.283]
[0.163, 0.015, 0.281]
[0.162, 0.014, 0.279]
[0.161, 0.014, 0.276]
[0.16, 0.013, 0.275]
[0.158, 0.013, 0.273]
[0.157, 0.013, 0.271]
[0.155, 0.013, 0.269]
[0.154, 0.014, 0.267]
[0.153, 0.014, 0.265]
[0.151, 0.014, 0.262]
[0.149, 0.013, 0.258]
[0.146, 0.012, 0.248]
[0.146, 0.012, 0.248]
[0.145, 0.012, 0.243]
[0.144, 0.011, 0.237]
[0.143, 0.011, 0.232]
[0.142, 0.01, 0.227]
[0.142, 0.009, 0.222]
[0.14, 0.008, 0.217]
[0.14, 0.007, 0.211]
[0.138, 0.007, 0.205]
[0.138, 0.005, 0.197]
[0.137, 0.005, 0.19]
[0.138, 0.004, 0.183]
[0.14, 0.003, 0.176]
[0.143, 0.002, 0.17]
[0.146, 0.001, 0.164]
[0.15, -0.0, 0.159]
[0.154, -0.001, 0.153]
[0.156, -0.001, 0.151]
[0.159, -0.001, 0.149]
[0.162, -0.0, 0.146]
[0.165, 0.001, 0.142]
[0.166, 0.003, 0.137]
[0.166, 0.005, 0.131]
[0.164, 0.007, 0.125]
[0.162, 0.009, 0.12]
[0.16, 0.011, 0.112]
[0.16, 0.011, 0.112]
[0.161, 0.012, 0.11]
[0.163, 0.012, 0.108]
[0.166, 0.012, 0.106]
[0.168, 0.012, 0.104]
[0.169, 0.011, 0.101]
[0.17, 0.011, 0.098]
[0.169, 0.01, 0.094]
[0.169, 0.01, 0.089]
[0.168, 0.011, 0.084]
[0.167, 0.011, 0.078]
[0.165, 0.012, 0.073]
[0.164, 0.013, 0.067]
[0.163, 0.014, 0.061]
[0.162, 0.015, 0.056]
[0.161, 0.015, 0.051]
[0.159, 0.016, 0.046]
[0.158, 0.016, 0.042]
[0.158, 0.017, 0.038]
[0.157, 0.016, 0.034]
[0.156, 0.016, 0.029]
[0.156, 0.017, 0.026]
[0.155, 0.017, 0.022]
[0.155, 0.017, 0.018]
[0.155, 0.018, 0.015]
[0.155, 0.018, 0.011]
[0.155, 0.018, 0.006]
[0.155, 0.018, 0.002]
[0.156, 0.018, -0.003]
[0.156, 0.018, -0.008]
[0.157, 0.018, -0.012]
[0.157, 0.018, -0.016]
[0.157, 0.019, -0.019]
[0.157, 0.019, -0.022]
[0.156, 0.019, -0.025]
[0.156, 0.018, -0.027]
[0.156, 0.018, -0.028]
[0.155, 0.018, -0.029]
[0.156, 0.018, -0.03]
[0.156, 0.018, -0.032]
[0.156, 0.018, -0.032]
[0.156, 0.018, -0.032]
[0.155, 0.018, -0.033]
[0.155, 0.018, -0.034]
[0.154, 0.018, -0.035]
[0.154, 0.018, -0.037]
[0.154, 0.017, -0.039]
[0.153, 0.017, -0.042]
[0.154, 0.016, -0.044]
[0.153, 0.016, -0.048]
[0.153, 0.016, -0.052]
[0.153, 0.016, -0.057]
[0.152, 0.016, -0.061]
[0.151, 0.016, -0.065]
[0.15, 0.016, -0.07]
[0.149, 0.016, -0.072]
[0.149, 0.016, -0.075]
[0.148, 0.016, -0.078]
[0.148, 0.016, -0.08]
[0.148, 0.017, -0.082]
[0.148, 0.017, -0.084]
[0.148, 0.017, -0.086]
[0.148, 0.017, -0.088]
[0.148, 0.016, -0.09]
[0.148, 0.016, -0.091]
[0.148, 0.016, -0.092]
[0.148, 0.016, -0.092]
[0.149, 0.016, -0.092]
[0.149, 0.016, -0.092]
[0.15, 0.017, -0.092]
[0.15, 0.017, -0.093]
[0.15, 0.017, -0.093]
[0.148, 0.017, -0.093]
[0.147, 0.017, -0.093]
[0.145, 0.017, -0.093]
[0.144, 0.017, -0.092]
[0.144, 0.017, -0.092]
[0.145, 0.017, -0.092]
[0.146, 0.017, -0.092]
[0.148, 0.017, -0.092]
[0.148, 0.017, -0.092]
[0.147, 0.017, -0.092]
[0.146, 0.017, -0.092]
[0.144, 0.017, -0.092]
[0.143, 0.018, -0.093]
[0.142, 0.018, -0.094]
[0.142, 0.019, -0.095]
[0.143, 0.019, -0.096]
[0.143, 0.02, -0.097]
[0.143, 0.02, -0.098]
[0.143, 0.021, -0.099]
[0.143, 0.022, -0.102]
[0.143, 0.023, -0.105]
[0.143, 0.023, -0.109]
[0.143, 0.023, -0.113]
[0.144, 0.024, -0.117]
[0.144, 0.024, -0.121]
[0.143, 0.024, -0.125]
[0.143, 0.024, -0.128]
[0.143, 0.024, -0.131]
[0.143, 0.023, -0.133]
[0.144, 0.023, -0.133]
[0.145, 0.022, -0.134]
[0.145, 0.022, -0.134]
[0.145, 0.021, -0.134]
[0.145, 0.021, -0.134]
[0.145, 0.02, -0.134]
[0.146, 0.02, -0.133]
[0.147, 0.019, -0.13]
[0.147, 0.019, -0.13]
[0.146, 0.019, -0.129]
[0.147, 0.019, -0.128]
[0.15, 0.018, -0.125]
[0.15, 0.018, -0.125]
[0.153, 0.018, -0.125]
[0.153, 0.018, -0.124]
[0.153, 0.019, -0.124]
[0.153, 0.019, -0.124]
[0.154, 0.019, -0.124]
[0.155, 0.019, -0.123]
[0.157, 0.019, -0.123]
[0.157, 0.019, -0.122]
[0.157, 0.019, -0.123]
[0.154, 0.019, -0.124]
[0.15, 0.02, -0.126]
[0.147, 0.021, -0.128]
[0.145, 0.02, -0.13]
[0.144, 0.019, -0.133]
[0.145, 0.018, -0.134]
[0.147, 0.016, -0.135]
[0.149, 0.015, -0.137]
[0.152, 0.015, -0.138]
[0.155, 0.015, -0.139]
[0.158, 0.015, -0.141]
[0.161, 0.015, -0.143]
[0.163, 0.016, -0.145]
[0.165, 0.016, -0.147]
[0.165, 0.016, -0.149]
[0.168, 0.016, -0.154]
[0.168, 0.016, -0.154]
[0.17, 0.017, -0.156]
[0.171, 0.017, -0.157]
[0.172, 0.017, -0.158]
[0.172, 0.018, -0.159]
[0.173, 0.018, -0.16]
[0.173, 0.019, -0.161]
[0.173, 0.019, -0.162]
[0.173, 0.02, -0.163]
[0.173, 0.02, -0.164]
[0.174, 0.02, -0.164]
[0.176, 0.02, -0.164]
[0.177, 0.02, -0.164]
[0.178, 0.02, -0.164]
[0.179, 0.02, -0.164]
[0.179, 0.02, -0.164]
[0.178, 0.02, -0.164]
[0.178, 0.02, -0.164]
[0.178, 0.02, -0.164]
[0.178, 0.02, -0.163]
[0.178, 0.02, -0.163]
[0.178, 0.02, -0.162]
[0.178, 0.02, -0.162]
[0.178, 0.02, -0.162]
[0.178, 0.02, -0.161]
[0.178, 0.02, -0.161]
[0.177, 0.021, -0.161]
[0.177, 0.021, -0.161]
[0.176, 0.021, -0.16]
[0.176, 0.021, -0.16]
[0.175, 0.021, -0.159]
[0.175, 0.022, -0.159]
[0.175, 0.022, -0.159]
[0.175, 0.022, -0.16]
[0.175, 0.022, -0.16]
[0.175, 0.022, -0.16]
[0.175, 0.022, -0.159]
[0.174, 0.022, -0.159]
[0.173, 0.022, -0.159]
[0.172, 0.023, -0.159]
[0.172, 0.025, -0.161]
[0.171, 0.027, -0.163]
[0.173, 0.029, -0.165]
[0.175, 0.031, -0.166]
[0.177, 0.031, -0.165]
[0.179, 0.031, -0.165]
[0.179, 0.031, -0.164]
[0.179, 0.03, -0.163]
[0.179, 0.03, -0.162]
[0.179, 0.029, -0.162]
[0.179, 0.029, -0.163]
[0.179, 0.029, -0.163]
[0.179, 0.029, -0.163]
[0.179, 0.028, -0.163]
[0.178, 0.028, -0.163]
[0.177, 0.027, -0.162]
[0.177, 0.027, -0.161]
[0.176, 0.026, -0.16]
[0.175, 0.025, -0.159]
[0.17, 0.024, -0.157]
[0.17, 0.024, -0.157]
[0.167, 0.024, -0.157]
[0.165, 0.024, -0.157]
[0.162, 0.023, -0.157]
[0.162, 0.023, -0.157]
[0.161, 0.023, -0.157]
[0.161, 0.022, -0.157]
[0.159, 0.022, -0.158]
[0.157, 0.022, -0.159]
[0.153, 0.022, -0.16]
[0.15, 0.022, -0.16]
[0.147, 0.022, -0.161]
[0.144, 0.022, -0.161]
[0.141, 0.021, -0.162]
[0.138, 0.021, -0.163]
[0.135, 0.021, -0.164]
[0.133, 0.021, -0.166]
[0.13, 0.021, -0.168]
[0.128, 0.021, -0.17]
[0.122, 0.021, -0.175]
[0.117, 0.02, -0.18]
[0.114, 0.019, -0.182]
[0.114, 0.018, -0.184]
[0.117, 0.018, -0.184]
[0.118, 0.018, -0.183]
[0.119, 0.018, -0.184]
[0.118, 0.019, -0.184]
[0.118, 0.019, -0.184]
[0.119, 0.02, -0.184]
[0.119, 0.02, -0.184]
[0.12, 0.019, -0.184]
[0.12, 0.019, -0.184]
[0.121, 0.019, -0.185]
[0.121, 0.019, -0.185]
[0.121, 0.018, -0.185]
[0.12, 0.018, -0.185]
[0.12, 0.018, -0.186]
[0.119, 0.018, -0.187]
[0.118, 0.019, -0.188]
[0.116, 0.018, -0.188]
[0.115, 0.018, -0.188]
[0.113, 0.018, -0.188]
[0.112, 0.018, -0.188]
[0.111, 0.018, -0.188]
[0.111, 0.018, -0.188]
[0.111, 0.018, -0.188]
[0.111, 0.018, -0.188]
[0.11, 0.018, -0.187]
[0.109, 0.018, -0.187]
[0.109, 0.018, -0.187]
[0.108, 0.018, -0.186]
[0.108, 0.018, -0.186]
[0.108, 0.018, -0.185]
[0.107, 0.017, -0.185]
[0.107, 0.017, -0.184]
[0.107, 0.017, -0.183]
[0.107, 0.017, -0.182]
[0.108, 0.017, -0.181]
[0.108, 0.017, -0.181]
[0.11, 0.017, -0.178]
[0.11, 0.017, -0.178]
[0.112, 0.017, -0.176]
[0.114, 0.017, -0.173]
[0.115, 0.016, -0.171]
[0.116, 0.016, -0.169]
[0.118, 0.015, -0.167]
[0.119, 0.014, -0.165]
[0.119, 0.014, -0.163]
[0.118, 0.015, -0.161]
[0.118, 0.015, -0.161]
[0.118, 0.015, -0.16]
[0.12, 0.015, -0.159]
[0.122, 0.015, -0.157]
[0.125, 0.014, -0.156]
[0.126, 0.013, -0.155]
[0.128, 0.012, -0.154]
[0.129, 0.012, -0.153]
[0.13, 0.011, -0.152]
[0.129, 0.011, -0.152]
[0.129, 0.01, -0.151]
[0.129, 0.01, -0.151]
[0.129, 0.01, -0.15]
[0.13, 0.01, -0.149]
[0.13, 0.01, -0.149]
[0.129, 0.01, -0.148]
[0.125, 0.01, -0.149]
[0.118, 0.009, -0.149]
[0.113, 0.009, -0.147]
[0.109, 0.008, -0.144]
[0.109, 0.008, -0.14]
[0.117, 0.007, -0.132]
[0.117, 0.007, -0.132]
[0.121, 0.006, -0.128]
[0.125, 0.006, -0.124]
[0.127, 0.006, -0.12]
[0.128, 0.005, -0.115]
[0.129, 0.004, -0.11]
[0.129, 0.003, -0.105]
[0.129, 0.002, -0.1]
[0.128, 0.002, -0.095]
[0.127, 0.002, -0.09]
[0.126, 0.002, -0.085]
[0.125, 0.003, -0.081]
[0.129, 0.003, -0.068]
[0.129, 0.003, -0.068]
[0.13, 0.003, -0.063]
[0.132, 0.003, -0.058]
[0.133, 0.003, -0.054]
[0.135, 0.003, -0.05]
[0.136, 0.003, -0.047]
[0.137, 0.003, -0.043]
[0.137, 0.004, -0.04]
[0.138, 0.004, -0.037]
[0.138, 0.004, -0.035]
[0.138, 0.004, -0.032]
[0.139, 0.005, -0.03]
[0.14, 0.007, -0.028]
[0.14, 0.008, -0.027]
[0.141, 0.009, -0.027]
[0.141, 0.01, -0.026]
[0.142, 0.01, -0.026]
[0.142, 0.01, -0.026]
[0.142, 0.01, -0.026]
[0.143, 0.009, -0.027]
[0.143, 0.009, -0.028]
[0.144, 0.009, -0.029]
[0.145, 0.009, -0.029]
[0.146, 0.009, -0.03]
[0.146, 0.008, -0.03]
[0.146, 0.008, -0.029]
[0.146, 0.008, -0.029]
[0.146, 0.008, -0.029]
[0.145, 0.008, -0.029]
[0.144, 0.008, -0.029]
[0.143, 0.009, -0.03]
[0.143, 0.009, -0.03]
[0.143, 0.009, -0.031]
[0.142, 0.008, -0.032]
[0.139, 0.008, -0.033]
[0.137, 0.007, -0.034]
[0.135, 0.007, -0.035]
[0.134, 0.008, -0.035]
[0.133, 0.008, -0.035]
[0.133, 0.008, -0.035]
[0.133, 0.008, -0.036]
[0.133, 0.007, -0.036]
[0.133, 0.007, -0.036]
[0.133, 0.007, -0.036]
[0.131, 0.007, -0.037]
[0.13, 0.007, -0.038]
[0.125, 0.006, -0.04]
[0.125, 0.006, -0.04]
[0.125, 0.006, -0.039]
[0.125, 0.005, -0.039]
[0.126, 0.005, -0.039]
[0.127, 0.005, -0.038]
[0.128, 0.006, -0.037]
[0.129, 0.006, -0.037]
[0.13, 0.006, -0.036]
[0.13, 0.006, -0.036]
[0.129, 0.007, -0.036]
[0.128, 0.007, -0.035]
[0.128, 0.007, -0.035]
[0.128, 0.008, -0.035]
[0.128, 0.007, -0.036]
[0.128, 0.007, -0.037]
[0.128, 0.007, -0.037]
[0.127, 0.007, -0.037]
[0.126, 0.006, -0.038]
[0.125, 0.006, -0.038]
[0.125, 0.006, -0.038]
[0.125, 0.006, -0.038]
[0.124, 0.006, -0.038]
[0.124, 0.006, -0.038]
[0.124, 0.006, -0.038]
[0.125, 0.006, -0.037]
[0.127, 0.006, -0.037]
[0.128, 0.007, -0.036]
[0.128, 0.007, -0.036]
[0.128, 0.007, -0.035]
[0.126, 0.007, -0.034]
[0.125, 0.007, -0.034]
[0.125, 0.008, -0.032]
[0.125, 0.008, -0.031]
[0.128, 0.008, -0.031]
[0.13, 0.008, -0.031]
[0.132, 0.009, -0.03]
[0.131, 0.008, -0.03]
[0.129, 0.008, -0.03]
[0.126, 0.008, -0.03]
[0.124, 0.007, -0.031]
[0.123, 0.007, -0.032]
[0.123, 0.006, -0.033]
[0.122, 0.006, -0.033]
[0.122, 0.005, -0.033]
[0.123, 0.005, -0.034]
[0.123, 0.004, -0.035]
[0.124, 0.005, -0.036]
[0.131, 0.005, -0.041]
[0.131, 0.005, -0.041]
[0.135, 0.005, -0.044]
[0.141, 0.004, -0.048]
[0.141, 0.004, -0.048]
[0.142, 0.004, -0.049]
[0.142, 0.004, -0.051]
[0.142, 0.004, -0.054]
[0.141, 0.004, -0.056]
[0.141, 0.004, -0.059]
[0.14, 0.004, -0.062]
[0.14, 0.004, -0.066]
[0.139, 0.004, -0.069]
[0.138, 0.004, -0.072]
[0.138, 0.004, -0.076]
[0.139, 0.004, -0.079]
[0.139, 0.005, -0.083]
[0.14, 0.005, -0.085]
[0.139, 0.005, -0.087]
[0.139, 0.005, -0.088]
[0.139, 0.005, -0.091]
[0.137, 0.005, -0.094]
[0.135, 0.006, -0.102]
[0.135, 0.006, -0.102]
[0.134, 0.007, -0.105]
[0.135, 0.007, -0.109]
[0.136, 0.008, -0.112]
[0.137, 0.008, -0.116]
[0.137, 0.009, -0.119]
[0.137, 0.01, -0.122]
[0.137, 0.01, -0.126]
[0.137, 0.01, -0.129]
[0.137, 0.01, -0.133]
[0.138, 0.011, -0.137]
[0.138, 0.011, -0.141]
[0.138, 0.012, -0.145]
[0.138, 0.012, -0.149]
[0.138, 0.012, -0.153]
[0.137, 0.012, -0.157]
[0.136, 0.013, -0.16]
[0.136, 0.013, -0.162]
[0.136, 0.014, -0.163]
[0.136, 0.014, -0.166]
[0.136, 0.014, -0.168]
[0.135, 0.014, -0.171]
[0.134, 0.015, -0.174]
[0.134, 0.015, -0.176]
[0.133, 0.015, -0.177]
[0.132, 0.015, -0.178]
[0.132, 0.016, -0.179]
[0.132, 0.016, -0.179]
[0.132, 0.015, -0.18]
[0.13, 0.015, -0.182]
[0.13, 0.015, -0.182]
[0.129, 0.015, -0.183]
[0.128, 0.015, -0.184]
[0.128, 0.015, -0.184]
[0.129, 0.016, -0.184]
[0.13, 0.016, -0.184]
[0.131, 0.016, -0.184]
[0.131, 0.016, -0.184]
[0.132, 0.017, -0.184]
[0.133, 0.017, -0.184]
[0.134, 0.018, -0.183]
[0.134, 0.018, -0.184]
[0.134, 0.018, -0.183]
[0.135, 0.018, -0.183]
[0.135, 0.018, -0.183]
[0.135, 0.018, -0.183]
[0.135, 0.018, -0.182]
[0.134, 0.018, -0.182]
[0.133, 0.018, -0.181]
[0.133, 0.017, -0.18]
[0.134, 0.017, -0.179]
[0.135, 0.017, -0.178]
[0.137, 0.017, -0.177]
[0.138, 0.017, -0.175]
[0.139, 0.017, -0.174]
[0.14, 0.016, -0.173]
[0.14, 0.016, -0.172]
[0.138, 0.016, -0.17]
[0.138, 0.016, -0.17]
[0.136, 0.016, -0.169]
[0.134, 0.016, -0.167]
[0.131, 0.016, -0.165]
[0.131, 0.016, -0.165]
[0.128, 0.016, -0.165]
[0.125, 0.015, -0.166]
[0.122, 0.015, -0.167]
[0.119, 0.015, -0.167]
[0.117, 0.016, -0.167]
[0.114, 0.016, -0.166]
[0.111, 0.016, -0.164]
[0.109, 0.016, -0.162]
[0.108, 0.016, -0.159]
[0.107, 0.016, -0.157]
[0.106, 0.016, -0.156]
[0.104, 0.016, -0.155]
[0.104, 0.016, -0.153]
[0.103, 0.016, -0.151]
[0.104, 0.016, -0.147]
[0.105, 0.017, -0.144]
[0.104, 0.017, -0.142]
[0.103, 0.018, -0.14]
[0.102, 0.018, -0.139]
[0.101, 0.019, -0.137]
[0.101, 0.02, -0.134]
[0.102, 0.02, -0.131]
[0.103, 0.02, -0.128]
[0.104, 0.02, -0.125]
[0.105, 0.02, -0.121]
[0.106, 0.02, -0.118]
[0.107, 0.02, -0.113]
[0.107, 0.02, -0.11]
[0.107, 0.02, -0.104]
[0.105, 0.021, -0.096]
[0.102, 0.023, -0.086]
[0.094, 0.024, -0.062]
[0.094, 0.024, -0.062]
[0.092, 0.024, -0.05]
[0.091, 0.026, -0.041]
[0.094, 0.027, -0.032]
[0.096, 0.028, -0.023]
[0.101, 0.029, -0.013]
[0.105, 0.03, -0.004]
[0.108, 0.033, 0.005]
[0.112, 0.034, 0.011]
[0.116, 0.036, 0.018]
[0.121, 0.037, 0.024]
[0.125, 0.038, 0.029]
[0.129, 0.038, 0.032]
[0.132, 0.038, 0.037]
[0.135, 0.039, 0.041]
[0.137, 0.04, 0.046]
[0.139, 0.041, 0.05]
[0.141, 0.042, 0.053]
[0.143, 0.042, 0.055]
[0.144, 0.043, 0.058]
[0.145, 0.044, 0.06]
[0.146, 0.044, 0.063]
[0.146, 0.045, 0.067]
[0.146, 0.045, 0.07]
[0.147, 0.045, 0.074]
[0.147, 0.045, 0.077]
[0.147, 0.045, 0.081]
[0.147, 0.045, 0.084]
[0.147, 0.046, 0.091]
[0.147, 0.046, 0.091]
[0.148, 0.047, 0.094]
[0.147, 0.048, 0.097]
[0.147, 0.048, 0.1]
[0.148, 0.048, 0.102]
[0.15, 0.048, 0.104]
[0.151, 0.048, 0.107]
[0.153, 0.048, 0.11]
[0.154, 0.049, 0.113]
[0.153, 0.049, 0.117]
[0.152, 0.05, 0.121]
[0.152, 0.05, 0.124]
[0.152, 0.05, 0.127]
[0.153, 0.05, 0.13]
[0.154, 0.049, 0.134]
[0.154, 0.049, 0.137]
[0.151, 0.05, 0.144]
[0.149, 0.049, 0.147]
[0.145, 0.049, 0.15]
[0.142, 0.049, 0.152]
[0.139, 0.049, 0.154]
[0.136, 0.049, 0.156]
[0.133, 0.049, 0.157]
[0.132, 0.05, 0.161]
[0.132, 0.05, 0.161]
[0.133, 0.05, 0.165]
[0.133, 0.05, 0.169]
[0.132, 0.05, 0.175]
[0.13, 0.049, 0.18]
[0.129, 0.049, 0.185]
[0.127, 0.049, 0.19]
[0.126, 0.05, 0.194]
[0.126, 0.05, 0.198]
[0.124, 0.051, 0.2]
[0.123, 0.051, 0.203]
[0.122, 0.052, 0.205]
[0.121, 0.052, 0.207]
[0.121, 0.052, 0.209]
[0.121, 0.053, 0.21]
[0.121, 0.053, 0.211]
[0.12, 0.053, 0.211]
[0.119, 0.054, 0.21]
[0.118, 0.054, 0.211]
[0.117, 0.054, 0.211]
[0.116, 0.054, 0.211]
[0.114, 0.054, 0.211]
[0.113, 0.054, 0.211]
[0.112, 0.054, 0.21]
[0.111, 0.054, 0.21]
[0.11, 0.054, 0.21]
[0.11, 0.054, 0.21]
[0.109, 0.053, 0.21]
[0.108, 0.053, 0.21]
[0.107, 0.053, 0.21]
[0.107, 0.053, 0.211]
[0.106, 0.053, 0.213]
[0.103, 0.053, 0.214]
[0.1, 0.052, 0.214]
[0.096, 0.052, 0.215]
[0.093, 0.053, 0.214]
[0.091, 0.053, 0.214]
[0.09, 0.053, 0.213]
[0.089, 0.053, 0.212]
[0.088, 0.053, 0.212]
[0.087, 0.053, 0.212]
[0.087, 0.053, 0.212]
[0.087, 0.053, 0.213]
[0.087, 0.053, 0.214]
[0.088, 0.053, 0.215]
[0.087, 0.053, 0.215]
[0.086, 0.053, 0.215]
[0.085, 0.054, 0.216]
[0.084, 0.054, 0.216]
[0.084, 0.054, 0.216]
[0.083, 0.054, 0.215]
[0.083, 0.054, 0.215]
[0.083, 0.053, 0.215]
[0.084, 0.053, 0.215]
[0.084, 0.054, 0.215]
[0.084, 0.054, 0.215]
[0.084, 0.054, 0.215]
[0.083, 0.054, 0.214]
[0.082, 0.054, 0.214]
[0.081, 0.054, 0.213]
[0.08, 0.054, 0.212]
[0.079, 0.053, 0.21]
[0.078, 0.053, 0.208]
[0.077, 0.053, 0.206]
[0.076, 0.052, 0.204]
[0.074, 0.052, 0.201]
[0.071, 0.052, 0.199]
[0.068, 0.052, 0.196]
[0.065, 0.052, 0.193]
[0.062, 0.052, 0.191]
[0.059, 0.051, 0.189]
[0.056, 0.05, 0.188]
[0.054, 0.049, 0.188]
[0.05, 0.048, 0.187]
[0.048, 0.049, 0.185]
[0.046, 0.049, 0.182]
[0.042, 0.049, 0.18]
[0.038, 0.049, 0.177]
[0.033, 0.049, 0.174]
[0.027, 0.049, 0.172]
[0.023, 0.049, 0.17]
[0.021, 0.048, 0.168]
[0.019, 0.048, 0.167]
[0.017, 0.047, 0.166]
[0.014, 0.046, 0.165]
[0.01, 0.045, 0.164]
[0.006, 0.045, 0.164]
[0.004, 0.044, 0.163]
[0.001, 0.044, 0.163]
[-0.001, 0.043, 0.162]
[-0.002, 0.043, 0.162]
[-0.005, 0.042, 0.162]
[-0.007, 0.042, 0.162]
[-0.009, 0.041, 0.162]
[-0.011, 0.041, 0.162]
[-0.011, 0.04, 0.162]
[-0.01, 0.04, 0.162]
[-0.01, 0.039, 0.161]
[-0.011, 0.038, 0.16]
[-0.013, 0.037, 0.16]
[-0.015, 0.037, 0.159]
[-0.015, 0.036, 0.16]
[-0.017, 0.035, 0.162]
[-0.015, 0.033, 0.165]
[-0.012, 0.032, 0.167]
[-0.009, 0.03, 0.168]
[-0.006, 0.029, 0.168]
[-0.003, 0.028, 0.167]
[0.0, 0.028, 0.166]
[0.003, 0.028, 0.165]
[0.008, 0.028, 0.164]
[0.012, 0.028, 0.163]
[0.019, 0.028, 0.161]
[0.026, 0.029, 0.16]
[0.031, 0.03, 0.158]
[0.037, 0.03, 0.156]
[0.041, 0.031, 0.155]
[0.045, 0.032, 0.153]
[0.049, 0.032, 0.152]
[0.053, 0.033, 0.151]
[0.057, 0.034, 0.148]
[0.06, 0.034, 0.146]
[0.062, 0.035, 0.143]
[0.065, 0.035, 0.14]
[0.067, 0.036, 0.138]
[0.069, 0.035, 0.135]
[0.07, 0.035, 0.133]
[0.07, 0.034, 0.13]
[0.07, 0.034, 0.128]
[0.07, 0.033, 0.127]
[0.07, 0.033, 0.126]
[0.071, 0.032, 0.125]
[0.072, 0.031, 0.125]
[0.073, 0.031, 0.125]
[0.075, 0.029, 0.125]
[0.075, 0.029, 0.125]
[0.077, 0.028, 0.125]
[0.078, 0.028, 0.124]
[0.079, 0.027, 0.123]
[0.08, 0.027, 0.122]
[0.081, 0.027, 0.122]
[0.085, 0.027, 0.121]
[0.088, 0.027, 0.121]
[0.091, 0.027, 0.119]
[0.094, 0.027, 0.118]
[0.097, 0.027, 0.117]
[0.099, 0.027, 0.115]
[0.102, 0.027, 0.114]
[0.104, 0.027, 0.113]
[0.105, 0.027, 0.111]
[0.106, 0.026, 0.109]
[0.107, 0.025, 0.107]
[0.108, 0.025, 0.103]
[0.109, 0.024, 0.1]
[0.11, 0.024, 0.096]
[0.113, 0.023, 0.092]
[0.116, 0.023, 0.09]
[0.118, 0.023, 0.088]
[0.119, 0.022, 0.087]
[0.121, 0.022, 0.086]
[0.122, 0.022, 0.086]
[0.123, 0.022, 0.086]
[0.125, 0.022, 0.085]
[0.126, 0.021, 0.085]
[0.128, 0.021, 0.084]
[0.13, 0.022, 0.083]
[0.131, 0.022, 0.082]
[0.132, 0.023, 0.081]
[0.133, 0.024, 0.08]
[0.135, 0.024, 0.078]
[0.138, 0.025, 0.075]
[0.141, 0.025, 0.071]
[0.144, 0.025, 0.068]
[0.15, 0.025, 0.065]
[0.15, 0.025, 0.065]
[0.155, 0.024, 0.065]
[0.161, 0.023, 0.064]
[0.173, 0.02, 0.061]
[0.173, 0.02, 0.061]
[0.179, 0.019, 0.059]
[0.184, 0.017, 0.057]
[0.189, 0.016, 0.054]
[0.192, 0.015, 0.051]
[0.195, 0.013, 0.046]
[0.197, 0.012, 0.037]
[0.197, 0.012, 0.037]
[0.197, 0.012, 0.032]
[0.197, 0.012, 0.027]
[0.197, 0.011, 0.021]
[0.196, 0.011, 0.016]
[0.194, 0.01, 0.011]
[0.191, 0.009, 0.005]
[0.188, 0.009, -0.001]
[0.185, 0.008, -0.006]
[0.179, 0.005, -0.018]
[0.179, 0.005, -0.018]
[0.172, 0.003, -0.029]
[0.167, 0.002, -0.034]
[0.162, 0.002, -0.037]
[0.159, 0.001, -0.041]
[0.15, 0.0, -0.051]
[0.15, 0.0, -0.051]
[0.146, -0.0, -0.056]
[0.141, 0.0, -0.061]
[0.136, 0.001, -0.067]
[0.131, 0.001, -0.073]
[0.125, 0.001, -0.081]
[0.12, 0.0, -0.089]
[0.116, -0.0, -0.097]
[0.112, -0.001, -0.104]
[0.108, -0.002, -0.111]
[0.103, -0.002, -0.117]
[0.095, -0.002, -0.122]
[0.085, -0.003, -0.129]
[0.071, -0.004, -0.135]
[0.057, -0.005, -0.143]
[0.044, -0.006, -0.149]
[0.034, -0.006, -0.157]
[0.029, -0.007, -0.162]
[0.025, -0.007, -0.167]
[0.023, -0.008, -0.171]
[0.02, -0.009, -0.174]
[0.018, -0.01, -0.176]
[0.013, -0.011, -0.177]
[0.008, -0.012, -0.18]
[0.003, -0.013, -0.182]
[-0.004, -0.014, -0.185]
[-0.014, -0.017, -0.19]
[-0.014, -0.017, -0.19]
[-0.017, -0.019, -0.192]
[-0.02, -0.021, -0.195]
[-0.022, -0.021, -0.198]
[-0.023, -0.022, -0.202]
[-0.024, -0.022, -0.206]
[-0.026, -0.022, -0.209]
[-0.026, -0.021, -0.212]
[-0.029, -0.021, -0.215]
[-0.031, -0.02, -0.218]
[-0.033, -0.019, -0.221]
[-0.035, -0.017, -0.223]
[-0.034, -0.015, -0.226]
[-0.032, -0.011, -0.228]
[-0.029, -0.007, -0.232]
[-0.028, 0.0, -0.249]
[-0.028, 0.0, -0.249]
[-0.029, 0.002, -0.255]
[-0.033, 0.003, -0.259]
[-0.036, 0.003, -0.265]
[-0.041, 0.003, -0.273]
[-0.041, 0.003, -0.273]
[-0.043, 0.004, -0.277]
[-0.043, 0.006, -0.279]
[-0.043, 0.008, -0.28]
[-0.043, 0.01, -0.279]
[-0.041, 0.012, -0.275]
[-0.039, 0.015, -0.269]
[-0.031, 0.019, -0.258]
[-0.031, 0.019, -0.258]
[-0.027, 0.021, -0.252]
[-0.024, 0.022, -0.245]
[-0.024, 0.024, -0.234]
[-0.024, 0.024, -0.234]
[-0.026, 0.025, -0.23]
[-0.025, 0.028, -0.225]
[-0.024, 0.03, -0.219]
[-0.018, 0.032, -0.21]
[-0.012, 0.033, -0.2]
[-0.009, 0.035, -0.193]
[-0.006, 0.037, -0.188]
[-0.005, 0.039, -0.185]
[-0.005, 0.042, -0.184]
[-0.006, 0.044, -0.185]
[-0.005, 0.046, -0.185]
[-0.002, 0.048, -0.183]
[-0.001, 0.05, -0.182]
[0.001, 0.051, -0.179]
[0.001, 0.052, -0.175]
[0.001, 0.054, -0.171]
[0.002, 0.055, -0.168]
[0.004, 0.056, -0.165]
[0.006, 0.056, -0.162]
[0.009, 0.058, -0.158]
[0.009, 0.058, -0.158]
[0.009, 0.06, -0.157]
[0.009, 0.062, -0.156]
[0.009, 0.064, -0.154]
[0.01, 0.065, -0.152]
[0.012, 0.067, -0.15]
[0.014, 0.069, -0.148]
[0.016, 0.07, -0.145]
[0.017, 0.072, -0.143]
[0.018, 0.074, -0.14]
[0.018, 0.076, -0.138]
[0.019, 0.078, -0.135]
[0.021, 0.08, -0.13]
[0.022, 0.082, -0.123]
[0.024, 0.084, -0.111]
[0.024, 0.084, -0.111]
[0.026, 0.086, -0.105]
[0.029, 0.087, -0.099]
[0.034, 0.093, -0.09]
[0.034, 0.093, -0.09]
[0.035, 0.096, -0.086]
[0.035, 0.099, -0.082]
[0.032, 0.101, -0.078]
[0.031, 0.103, -0.072]
[0.031, 0.104, -0.067]
[0.033, 0.105, -0.062]
[0.036, 0.106, -0.058]
[0.04, 0.107, -0.054]
[0.045, 0.108, -0.051]
[0.053, 0.109, -0.046]
[0.053, 0.109, -0.046]
[0.057, 0.11, -0.043]
[0.06, 0.11, -0.04]
[0.062, 0.11, -0.037]
[0.063, 0.11, -0.034]
[0.065, 0.11, -0.028]
[0.065, 0.11, -0.025]
[0.064, 0.11, -0.019]
[0.064, 0.11, -0.019]
[0.065, 0.109, -0.015]
[0.066, 0.108, -0.013]
[0.067, 0.107, -0.01]
[0.067, 0.106, -0.008]
[0.068, 0.104, -0.006]
[0.068, 0.103, -0.005]
[0.068, 0.101, -0.003]
[0.069, 0.098, 0.001]
[0.069, 0.098, 0.001]
[0.07, 0.097, 0.004]
[0.071, 0.095, 0.007]
[0.072, 0.093, 0.011]
[0.073, 0.091, 0.015]
[0.074, 0.088, 0.019]
[0.074, 0.086, 0.025]
[0.073, 0.084, 0.031]
[0.072, 0.082, 0.038]
[0.069, 0.08, 0.045]
[0.066, 0.077, 0.051]
[0.064, 0.074, 0.057]
[0.063, 0.071, 0.063]
[0.063, 0.064, 0.071]
[0.063, 0.064, 0.071]
[0.064, 0.06, 0.076]
[0.065, 0.056, 0.08]
[0.071, 0.049, 0.089]
[0.071, 0.049, 0.089]
[0.074, 0.045, 0.092]
[0.076, 0.041, 0.094]
[0.079, 0.033, 0.099]
[0.079, 0.033, 0.099]
[0.08, 0.029, 0.1]
[0.082, 0.025, 0.102]
[0.084, 0.021, 0.103]
[0.087, 0.018, 0.104]
[0.089, 0.016, 0.105]
[0.091, 0.013, 0.107]
[0.094, 0.01, 0.108]
[0.096, 0.007, 0.108]
[0.097, 0.004, 0.108]
[0.098, 0.001, 0.108]
[0.098, -0.001, 0.107]
[0.099, -0.003, 0.107]
[0.099, -0.005, 0.106]
[0.099, -0.006, 0.106]
[0.098, -0.009, 0.105]
[0.098, -0.011, 0.104]
[0.098, -0.013, 0.104]
[0.096, -0.016, 0.103]
[0.095, -0.018, 0.103]
[0.094, -0.021, 0.102]
[0.094, -0.024, 0.102]
[0.095, -0.026, 0.101]
[0.096, -0.028, 0.101]
[0.097, -0.03, 0.1]
[0.098, -0.032, 0.101]
[0.1, -0.034, 0.101]
[0.101, -0.035, 0.102]
[0.102, -0.037, 0.103]
[0.1, -0.037, 0.105]
[0.096, -0.038, 0.107]
[0.092, -0.039, 0.108]
[0.088, -0.04, 0.11]
[0.086, -0.041, 0.111]
[0.086, -0.042, 0.112]
[0.087, -0.043, 0.113]
[0.089, -0.045, 0.114]
[0.09, -0.046, 0.114]
[0.092, -0.046, 0.113]
[0.092, -0.047, 0.111]
[0.092, -0.047, 0.108]
[0.092, -0.048, 0.104]
[0.092, -0.048, 0.1]
[0.091, -0.047, 0.097]
[0.091, -0.047, 0.093]
[0.091, -0.047, 0.09]
[0.09, -0.047, 0.088]
[0.089, -0.048, 0.086]
[0.088, -0.048, 0.086]
[0.087, -0.049, 0.085]
[0.087, -0.049, 0.086]
[0.087, -0.049, 0.087]
[0.089, -0.048, 0.089]
[0.091, -0.047, 0.092]
[0.09, -0.046, 0.096]
[0.089, -0.046, 0.1]
[0.087, -0.045, 0.103]
[0.086, -0.045, 0.107]
[0.086, -0.044, 0.109]
[0.086, -0.044, 0.112]
[0.087, -0.044, 0.114]
[0.087, -0.044, 0.117]
[0.088, -0.043, 0.119]
[0.088, -0.044, 0.121]
[0.09, -0.044, 0.124]
[0.092, -0.045, 0.127]
[0.093, -0.045, 0.131]
[0.093, -0.046, 0.135]
[0.093, -0.046, 0.138]
[0.094, -0.045, 0.141]
[0.095, -0.044, 0.144]
[0.096, -0.043, 0.147]
[0.098, -0.042, 0.151]
[0.1, -0.041, 0.154]
[0.101, -0.041, 0.158]
[0.108, -0.04, 0.168]
[0.108, -0.04, 0.168]
[0.111, -0.041, 0.173]
[0.113, -0.041, 0.181]
[0.115, -0.04, 0.187]
[0.117, -0.039, 0.193]
[0.118, -0.038, 0.199]
[0.12, -0.037, 0.206]
[0.125, -0.036, 0.213]
[0.129, -0.037, 0.222]
[0.135, -0.038, 0.229]
[0.139, -0.038, 0.236]
[0.141, -0.038, 0.243]
[0.144, -0.038, 0.25]
[0.145, -0.038, 0.257]
[0.144, -0.037, 0.263]
[0.144, -0.037, 0.269]
[0.144, -0.037, 0.277]
[0.145, -0.037, 0.28]
[0.144, -0.037, 0.284]
[0.144, -0.038, 0.287]
[0.143, -0.038, 0.29]
[0.142, -0.038, 0.292]
[0.142, -0.039, 0.294]
[0.142, -0.04, 0.296]
[0.142, -0.041, 0.298]
[0.143, -0.042, 0.3]
[0.143, -0.042, 0.301]
[0.143, -0.043, 0.302]
[0.142, -0.043, 0.303]
[0.142, -0.044, 0.304]
[0.141, -0.045, 0.305]
[0.142, -0.045, 0.306]
[0.142, -0.045, 0.307]
[0.142, -0.045, 0.309]
[0.141, -0.045, 0.31]
[0.14, -0.045, 0.31]
[0.139, -0.044, 0.311]
[0.137, -0.044, 0.311]
[0.136, -0.044, 0.312]
[0.135, -0.044, 0.314]
[0.134, -0.044, 0.315]
[0.133, -0.043, 0.317]
[0.129, -0.041, 0.327]
[0.129, -0.041, 0.327]
[0.127, -0.04, 0.333]
[0.126, -0.04, 0.337]
[0.127, -0.04, 0.341]
[0.128, -0.039, 0.345]
[0.13, -0.039, 0.347]
[0.131, -0.039, 0.35]
[0.132, -0.038, 0.352]
[0.134, -0.038, 0.355]
[0.134, -0.037, 0.357]
[0.135, -0.037, 0.359]
[0.135, -0.036, 0.361]
[0.135, -0.036, 0.362]
[0.134, -0.036, 0.363]
[0.133, -0.036, 0.364]
[0.132, -0.037, 0.364]
[0.13, -0.037, 0.367]
[0.129, -0.037, 0.368]
[0.128, -0.036, 0.37]
[0.128, -0.036, 0.371]
[0.128, -0.036, 0.37]
[0.128, -0.036, 0.37]
[0.128, -0.036, 0.368]
[0.128, -0.036, 0.367]
[0.128, -0.037, 0.365]
[0.129, -0.037, 0.364]
[0.129, -0.037, 0.362]
[0.129, -0.037, 0.361]
[0.13, -0.038, 0.36]
[0.131, -0.038, 0.359]
[0.131, -0.038, 0.358]
[0.132, -0.038, 0.357]
[0.132, -0.038, 0.357]
[0.131, -0.038, 0.357]
[0.131, -0.037, 0.357]
[0.13, -0.037, 0.355]
[0.13, -0.037, 0.355]
[0.13, -0.037, 0.354]
[0.13, -0.037, 0.353]
[0.129, -0.037, 0.351]
[0.129, -0.038, 0.35]
[0.128, -0.038, 0.349]
[0.127, -0.038, 0.347]
[0.126, -0.037, 0.345]
[0.124, -0.036, 0.343]
[0.123, -0.035, 0.341]
[0.121, -0.034, 0.338]
[0.118, -0.033, 0.335]
[0.115, -0.032, 0.332]
[0.111, -0.031, 0.33]
[0.108, -0.031, 0.328]
[0.107, -0.03, 0.327]
[0.107, -0.031, 0.325]
[0.107, -0.032, 0.323]
[0.108, -0.032, 0.322]
[0.108, -0.033, 0.32]
[0.108, -0.033, 0.318]
[0.107, -0.033, 0.317]
[0.106, -0.033, 0.315]
[0.105, -0.033, 0.312]
[0.104, -0.033, 0.31]
[0.103, -0.033, 0.307]
[0.102, -0.033, 0.303]
[0.1, -0.033, 0.3]
[0.099, -0.033, 0.295]
[0.098, -0.033, 0.292]
[0.097, -0.033, 0.287]
[0.095, -0.033, 0.283]
[0.091, -0.032, 0.279]
[0.087, -0.032, 0.274]
[0.081, -0.031, 0.269]
[0.074, -0.031, 0.264]
[0.071, -0.031, 0.257]
[0.068, -0.03, 0.247]
[0.066, -0.029, 0.237]
[0.067, -0.029, 0.229]
[0.067, -0.029, 0.222]
[0.066, -0.03, 0.216]
[0.068, -0.03, 0.21]
[0.07, -0.03, 0.203]
[0.072, -0.03, 0.197]
[0.074, -0.03, 0.192]
[0.075, -0.03, 0.187]
[0.075, -0.03, 0.183]
[0.075, -0.031, 0.179]
[0.074, -0.031, 0.175]
[0.073, -0.031, 0.171]
[0.073, -0.031, 0.167]
[0.073, -0.031, 0.164]
[0.073, -0.031, 0.161]
[0.074, -0.031, 0.158]
[0.075, -0.031, 0.156]
[0.075, -0.031, 0.154]
[0.074, -0.031, 0.151]
[0.074, -0.031, 0.15]
[0.073, -0.031, 0.148]
[0.072, -0.031, 0.147]
[0.072, -0.031, 0.147]
[0.07, -0.031, 0.146]
[0.068, -0.031, 0.145]
[0.067, -0.031, 0.144]
[0.065, -0.031, 0.144]
[0.063, -0.03, 0.143]
[0.061, -0.03, 0.141]
[0.058, -0.029, 0.139]
[0.056, -0.028, 0.137]
[0.052, -0.028, 0.132]
[0.05, -0.028, 0.128]
[0.047, -0.028, 0.123]
[0.046, -0.028, 0.119]
[0.046, -0.027, 0.116]
[0.046, -0.026, 0.11]
[0.046, -0.026, 0.11]
[0.045, -0.026, 0.107]
[0.045, -0.026, 0.104]
[0.045, -0.025, 0.099]
[0.045, -0.025, 0.099]
[0.044, -0.025, 0.097]
[0.044, -0.025, 0.094]
[0.042, -0.025, 0.092]
[0.041, -0.025, 0.089]
[0.039, -0.025, 0.086]
[0.038, -0.025, 0.084]
[0.038, -0.025, 0.082]
[0.038, -0.025, 0.08]
[0.038, -0.025, 0.077]
[0.039, -0.025, 0.074]
[0.041, -0.025, 0.071]
[0.043, -0.024, 0.069]
[0.044, -0.023, 0.067]
[0.045, -0.022, 0.065]
[0.045, -0.021, 0.064]
[0.045, -0.021, 0.063]
[0.047, -0.021, 0.062]
[0.048, -0.021, 0.06]
[0.049, -0.022, 0.058]
[0.05, -0.022, 0.056]
[0.05, -0.022, 0.054]
[0.05, -0.022, 0.052]
[0.051, -0.022, 0.051]
[0.05, -0.022, 0.05]
[0.05, -0.021, 0.049]
[0.049, -0.021, 0.048]
[0.048, -0.021, 0.047]
[0.047, -0.02, 0.044]
[0.046, -0.02, 0.041]
[0.045, -0.019, 0.037]
[0.041, -0.016, 0.031]
[0.041, -0.016, 0.031]
[0.037, -0.015, 0.027]
[0.03, -0.014, 0.022]
[0.023, -0.012, 0.015]
[0.019, -0.011, 0.009]
[0.016, -0.009, 0.001]
[0.014, -0.007, -0.01]
[0.015, -0.005, -0.025]
[0.018, -0.004, -0.039]
[0.019, -0.002, -0.05]
[0.021, 0.0, -0.06]
[0.023, 0.002, -0.07]
[0.024, 0.003, -0.079]
[0.026, 0.004, -0.088]
[0.028, 0.005, -0.095]
[0.029, 0.006, -0.102]
[0.029, 0.007, -0.109]
[0.03, 0.008, -0.116]
[0.031, 0.009, -0.121]
[0.032, 0.01, -0.126]
[0.035, 0.011, -0.129]
[0.036, 0.011, -0.132]
[0.037, 0.012, -0.135]
[0.037, 0.013, -0.139]
[0.038, 0.013, -0.142]
[0.038, 0.014, -0.144]
[0.038, 0.014, -0.146]
[0.038, 0.014, -0.148]
[0.038, 0.014, -0.149]
[0.038, 0.014, -0.151]
[0.038, 0.014, -0.151]
[0.04, 0.013, -0.152]
[0.04, 0.013, -0.153]
[0.04, 0.012, -0.153]
[0.04, 0.012, -0.154]
[0.039, 0.011, -0.156]
[0.04, 0.011, -0.157]
[0.041, 0.011, -0.159]
[0.043, 0.011, -0.16]
[0.044, 0.011, -0.16]
[0.045, 0.011, -0.161]
[0.045, 0.01, -0.161]
[0.043, 0.011, -0.161]
[0.038, 0.011, -0.162]
[0.038, 0.011, -0.162]
[0.037, 0.011, -0.163]
[0.037, 0.011, -0.163]
[0.038, 0.011, -0.163]
[0.039, 0.011, -0.164]
[0.041, 0.01, -0.164]
[0.043, 0.01, -0.165]
[0.045, 0.01, -0.165]
[0.046, 0.01, -0.166]
[0.046, 0.011, -0.165]
[0.046, 0.011, -0.165]
[0.046, 0.012, -0.164]
[0.046, 0.013, -0.164]
[0.048, 0.014, -0.162]
[0.049, 0.015, -0.162]
[0.048, 0.015, -0.161]
[0.044, 0.015, -0.16]
[0.041, 0.014, -0.159]
[0.041, 0.013, -0.156]
[0.047, 0.014, -0.149]
[0.051, 0.014, -0.144]
[0.055, 0.013, -0.138]
[0.058, 0.013, -0.133]
[0.059, 0.012, -0.129]
[0.06, 0.012, -0.124]
[0.062, 0.011, -0.119]
[0.063, 0.011, -0.115]
[0.065, 0.01, -0.11]
[0.066, 0.009, -0.106]
[0.067, 0.009, -0.101]
[0.068, 0.008, -0.097]
[0.07, 0.008, -0.093]
[0.072, 0.007, -0.088]
[0.075, 0.007, -0.083]
[0.077, 0.007, -0.078]
[0.078, 0.007, -0.073]
[0.079, 0.006, -0.07]
[0.079, 0.007, -0.067]
[0.08, 0.007, -0.063]
[0.08, 0.007, -0.06]
[0.081, 0.007, -0.056]
[0.082, 0.007, -0.053]
[0.082, 0.007, -0.051]
[0.083, 0.006, -0.048]
[0.084, 0.006, -0.045]
[0.084, 0.005, -0.042]
[0.082, 0.005, -0.037]
[0.077, 0.004, -0.031]
[0.07, 0.004, -0.023]
[0.065, 0.003, -0.017]
[0.062, 0.003, -0.012]
[0.06, 0.003, -0.008]
[0.061, 0.004, -0.006]
[0.062, 0.004, -0.004]
[0.064, 0.005, -0.003]
[0.067, 0.005, -0.001]
[0.071, 0.006, 0.002]
[0.078, 0.007, 0.007]
[0.085, 0.007, 0.011]
[0.091, 0.007, 0.015]
[0.094, 0.006, 0.018]
[0.095, 0.006, 0.021]
[0.095, 0.006, 0.025]
[0.095, 0.005, 0.029]
[0.096, 0.005, 0.033]
[0.098, 0.005, 0.036]
[0.1, 0.006, 0.039]
[0.102, 0.006, 0.041]
[0.104, 0.006, 0.043]
[0.106, 0.006, 0.045]
[0.107, 0.005, 0.048]
[0.108, 0.005, 0.052]
[0.108, 0.006, 0.056]
[0.107, 0.006, 0.06]
[0.107, 0.006, 0.064]
[0.109, 0.006, 0.068]
[0.111, 0.006, 0.072]
[0.113, 0.006, 0.075]
[0.116, 0.005, 0.077]
[0.117, 0.005, 0.079]
[0.118, 0.005, 0.081]
[0.119, 0.006, 0.083]
[0.119, 0.006, 0.085]
[0.118, 0.006, 0.088]
[0.118, 0.006, 0.09]
[0.117, 0.006, 0.092]
[0.117, 0.006, 0.093]
[0.118, 0.006, 0.094]
[0.118, 0.005, 0.094]
[0.117, 0.005, 0.095]
[0.117, 0.005, 0.095]
[0.116, 0.005, 0.095]
[0.116, 0.005, 0.095]
[0.116, 0.005, 0.096]
[0.116, 0.005, 0.096]
[0.117, 0.004, 0.096]
[0.119, 0.004, 0.097]
[0.12, 0.003, 0.098]
[0.117, 0.002, 0.1]
[0.114, 0.001, 0.102]
[0.109, 0.001, 0.105]
[0.106, 0.001, 0.108]
[0.105, 0.0, 0.111]
[0.107, -0.0, 0.111]
[0.11, -0.001, 0.113]
[0.112, -0.002, 0.115]
[0.113, -0.003, 0.121]
[0.113, -0.003, 0.128]
[0.113, -0.004, 0.134]
[0.113, -0.005, 0.141]
[0.114, -0.007, 0.147]
[0.114, -0.009, 0.153]
[0.114, -0.01, 0.157]
[0.116, -0.011, 0.161]
[0.118, -0.012, 0.164]
[0.12, -0.012, 0.167]
[0.121, -0.013, 0.174]
[0.121, -0.013, 0.174]
[0.121, -0.013, 0.178]
[0.121, -0.014, 0.18]
[0.122, -0.015, 0.183]
[0.122, -0.016, 0.186]
[0.122, -0.017, 0.189]
[0.121, -0.017, 0.192]
[0.12, -0.019, 0.194]
[0.12, -0.019, 0.195]
[0.12, -0.02, 0.196]
[0.121, -0.02, 0.198]
[0.122, -0.02, 0.199]
[0.123, -0.02, 0.2]
[0.124, -0.02, 0.201]
[0.124, -0.02, 0.201]
[0.123, -0.02, 0.202]
[0.121, -0.02, 0.202]
[0.12, -0.02, 0.203]
[0.12, -0.02, 0.203]
[0.12, -0.02, 0.203]
[0.12, -0.02, 0.203]
[0.12, -0.02, 0.203]
[0.12, -0.02, 0.202]
[0.119, -0.02, 0.202]
[0.118, -0.02, 0.201]
[0.118, -0.02, 0.2]
[0.117, -0.02, 0.199]
[0.117, -0.02, 0.199]
[0.116, -0.021, 0.198]
[0.116, -0.021, 0.199]
[0.116, -0.021, 0.198]
[0.116, -0.021, 0.198]
[0.116, -0.022, 0.198]
[0.115, -0.022, 0.198]
[0.115, -0.022, 0.198]
[0.115, -0.022, 0.198]
[0.115, -0.022, 0.198]
[0.115, -0.023, 0.198]
[0.115, -0.023, 0.198]
[0.115, -0.022, 0.197]
[0.116, -0.022, 0.196]
[0.116, -0.022, 0.194]
[0.117, -0.022, 0.193]
[0.117, -0.023, 0.191]
[0.116, -0.023, 0.19]
[0.116, -0.024, 0.19]
[0.117, -0.025, 0.19]
[0.119, -0.025, 0.189]
[0.12, -0.025, 0.188]
[0.122, -0.025, 0.187]
[0.122, -0.026, 0.186]
[0.121, -0.026, 0.186]
[0.119, -0.027, 0.185]
[0.118, -0.027, 0.185]
[0.116, -0.027, 0.184]
[0.115, -0.027, 0.183]
[0.115, -0.026, 0.182]
[0.115, -0.026, 0.18]
[0.114, -0.026, 0.178]
[0.111, -0.026, 0.176]
[0.109, -0.026, 0.174]
[0.106, -0.025, 0.173]
[0.104, -0.025, 0.172]
[0.103, -0.025, 0.17]
[0.102, -0.025, 0.169]
[0.102, -0.025, 0.168]
[0.102, -0.024, 0.166]
[0.103, -0.024, 0.164]
[0.104, -0.023, 0.162]
[0.105, -0.022, 0.16]
[0.106, -0.02, 0.156]
[0.106, -0.02, 0.156]
[0.107, -0.019, 0.154]
[0.108, -0.019, 0.153]
[0.107, -0.018, 0.15]
[0.107, -0.018, 0.15]
[0.107, -0.017, 0.148]
[0.107, -0.016, 0.146]
[0.109, -0.014, 0.141]
[0.109, -0.014, 0.141]
[0.109, -0.013, 0.138]
[0.11, -0.012, 0.136]
[0.11, -0.011, 0.134]
[0.109, -0.01, 0.131]
[0.109, -0.009, 0.129]
[0.108, -0.008, 0.126]
[0.108, -0.007, 0.123]
[0.107, -0.006, 0.122]
[0.104, -0.003, 0.119]
[0.104, -0.003, 0.119]
[0.102, -0.001, 0.117]
[0.101, -0.0, 0.115]
[0.101, 0.001, 0.113]
[0.101, 0.003, 0.11]
[0.101, 0.005, 0.106]
[0.102, 0.006, 0.102]
[0.103, 0.006, 0.098]
[0.103, 0.007, 0.096]
[0.103, 0.007, 0.094]
[0.103, 0.007, 0.092]
[0.102, 0.008, 0.089]
[0.103, 0.008, 0.085]
[0.105, 0.009, 0.08]
[0.107, 0.009, 0.075]
[0.107, 0.009, 0.07]
[0.107, 0.009, 0.066]
[0.106, 0.008, 0.062]
[0.104, 0.007, 0.059]
[0.104, 0.007, 0.057]
[0.103, 0.006, 0.054]
[0.102, 0.006, 0.052]
[0.101, 0.006, 0.049]
[0.1, 0.006, 0.046]
[0.099, 0.007, 0.044]
[0.098, 0.007, 0.038]
[0.098, 0.007, 0.038]
[0.097, 0.007, 0.036]
[0.096, 0.007, 0.034]
[0.096, 0.007, 0.032]
[0.095, 0.006, 0.03]
[0.095, 0.006, 0.028]
[0.095, 0.006, 0.026]
[0.095, 0.005, 0.023]
[0.094, 0.005, 0.02]
[0.093, 0.005, 0.017]
[0.092, 0.004, 0.014]
[0.092, 0.004, 0.011]
[0.092, 0.004, 0.008]
[0.092, 0.004, 0.005]
[0.092, 0.004, 0.003]
[0.092, 0.004, -0.0]
[0.092, 0.004, -0.004]
[0.092, 0.004, -0.007]
[0.091, 0.005, -0.01]
[0.091, 0.005, -0.013]
[0.09, 0.004, -0.015]
[0.088, 0.004, -0.018]
[0.088, 0.004, -0.018]
[0.087, 0.004, -0.019]
[0.087, 0.004, -0.021]
[0.087, 0.004, -0.024]
[0.087, 0.004, -0.026]
[0.087, 0.004, -0.028]
[0.087, 0.004, -0.03]
[0.087, 0.004, -0.031]
[0.087, 0.004, -0.033]
[0.087, 0.004, -0.034]
[0.086, 0.003, -0.036]
[0.084, 0.003, -0.039]
[0.079, 0.003, -0.043]
[0.079, 0.003, -0.043]
[0.076, 0.003, -0.046]
[0.074, 0.003, -0.049]
[0.073, 0.003, -0.052]
[0.075, 0.003, -0.057]
[0.075, 0.004, -0.063]
[0.074, 0.004, -0.07]
[0.072, 0.004, -0.077]
[0.068, 0.005, -0.087]
[0.068, 0.005, -0.087]
[0.067, 0.005, -0.092]
[0.066, 0.006, -0.097]
[0.065, 0.006, -0.102]
[0.064, 0.007, -0.107]
[0.062, 0.008, -0.112]
[0.059, 0.009, -0.12]
[0.056, 0.009, -0.125]
[0.054, 0.01, -0.13]
[0.051, 0.011, -0.136]
[0.049, 0.012, -0.141]
[0.048, 0.012, -0.146]
[0.049, 0.012, -0.155]
[0.049, 0.012, -0.155]
[0.049, 0.012, -0.16]
[0.05, 0.012, -0.164]
[0.05, 0.012, -0.169]
[0.05, 0.013, -0.174]
[0.051, 0.014, -0.179]
[0.051, 0.014, -0.182]
[0.052, 0.015, -0.186]
[0.054, 0.015, -0.188]
[0.054, 0.014, -0.191]
[0.054, 0.015, -0.195]
[0.054, 0.015, -0.197]
[0.053, 0.016, -0.2]
[0.051, 0.016, -0.202]
[0.049, 0.017, -0.205]
[0.048, 0.017, -0.208]
[0.048, 0.017, -0.21]
[0.049, 0.017, -0.212]
[0.05, 0.017, -0.213]
[0.049, 0.017, -0.214]
[0.048, 0.017, -0.215]
[0.046, 0.018, -0.217]
[0.044, 0.018, -0.218]
[0.044, 0.019, -0.219]
[0.043, 0.019, -0.22]
[0.043, 0.019, -0.221]
[0.043, 0.019, -0.221]
[0.044, 0.02, -0.221]
[0.043, 0.02, -0.221]
[0.043, 0.021, -0.221]
[0.042, 0.021, -0.221]
[0.043, 0.021, -0.222]
[0.045, 0.021, -0.222]
[0.047, 0.021, -0.222]
[0.049, 0.02, -0.222]
[0.049, 0.02, -0.221]
[0.05, 0.02, -0.221]
[0.049, 0.02, -0.221]
[0.05, 0.021, -0.221]
[0.051, 0.021, -0.221]
[0.051, 0.022, -0.223]
[0.05, 0.021, -0.226]
[0.049, 0.021, -0.227]
[0.045, 0.019, -0.229]
[0.045, 0.019, -0.229]
[0.046, 0.021, -0.228]
[0.049, 0.022, -0.226]
[0.055, 0.024, -0.219]
[0.055, 0.024, -0.219]
[0.056, 0.023, -0.215]
[0.056, 0.022, -0.212]
[0.057, 0.021, -0.208]
[0.058, 0.02, -0.205]
[0.06, 0.019, -0.204]
[0.061, 0.019, -0.203]
[0.063, 0.02, -0.205]
[0.063, 0.021, -0.205]
[0.062, 0.021, -0.206]
[0.06, 0.021, -0.206]
[0.058, 0.02, -0.203]
[0.056, 0.019, -0.197]
[0.056, 0.019, -0.197]
[0.055, 0.018, -0.193]
[0.054, 0.018, -0.189]
[0.052, 0.017, -0.185]
[0.05, 0.018, -0.181]
[0.048, 0.019, -0.177]
[0.048, 0.019, -0.172]
[0.05, 0.02, -0.166]
[0.047, 0.019, -0.161]
[0.042, 0.018, -0.153]
[0.038, 0.018, -0.145]
[0.037, 0.017, -0.138]
[0.041, 0.018, -0.129]
[0.047, 0.019, -0.119]
[0.055, 0.018, -0.108]
[0.061, 0.017, -0.098]
[0.066, 0.017, -0.09]
[0.07, 0.017, -0.082]
[0.075, 0.017, -0.075]
[0.079, 0.018, -0.07]
[0.081, 0.018, -0.065]
[0.082, 0.018, -0.059]
[0.085, 0.019, -0.049]
[0.085, 0.019, -0.049]
[0.086, 0.019, -0.044]
[0.087, 0.019, -0.039]
[0.088, 0.02, -0.034]
[0.089, 0.02, -0.03]
[0.089, 0.021, -0.026]
[0.09, 0.021, -0.022]
[0.091, 0.021, -0.019]
[0.091, 0.022, -0.015]
[0.091, 0.022, -0.012]
[0.091, 0.022, -0.01]
[0.091, 0.022, -0.007]
[0.092, 0.022, -0.005]
[0.092, 0.022, -0.003]
[0.094, 0.022, -0.001]
[0.095, 0.022, 0.001]
[0.096, 0.023, 0.003]
[0.099, 0.023, 0.005]
[0.102, 0.023, 0.009]
[0.104, 0.023, 0.012]
[0.107, 0.023, 0.016]
[0.108, 0.024, 0.021]
[0.108, 0.024, 0.021]
[0.109, 0.025, 0.024]
[0.11, 0.025, 0.025]
[0.112, 0.026, 0.027]
[0.114, 0.026, 0.028]
[0.115, 0.027, 0.029]
[0.115, 0.028, 0.029]
[0.116, 0.029, 0.03]
[0.118, 0.029, 0.031]
[0.118, 0.03, 0.033]
[0.117, 0.031, 0.034]
[0.116, 0.032, 0.035]
[0.113, 0.032, 0.036]
[0.111, 0.033, 0.037]
[0.109, 0.034, 0.039]
[0.107, 0.034, 0.04]
[0.107, 0.034, 0.042]
[0.106, 0.034, 0.043]
[0.105, 0.035, 0.045]
[0.102, 0.036, 0.047]
[0.095, 0.036, 0.05]
[0.088, 0.036, 0.055]
[0.083, 0.035, 0.06]
[0.08, 0.034, 0.067]
[0.081, 0.034, 0.078]
[0.084, 0.032, 0.093]
[0.089, 0.03, 0.107]
[0.093, 0.029, 0.12]
[0.093, 0.027, 0.131]
[0.093, 0.026, 0.14]
[0.094, 0.025, 0.15]
[0.096, 0.024, 0.159]
[0.1, 0.023, 0.167]
[0.103, 0.022, 0.173]
[0.105, 0.022, 0.179]
[0.107, 0.021, 0.183]
[0.107, 0.021, 0.188]
[0.107, 0.021, 0.192]
[0.107, 0.02, 0.195]
[0.106, 0.02, 0.198]
[0.105, 0.019, 0.201]
[0.104, 0.018, 0.203]
[0.105, 0.017, 0.203]
[0.108, 0.016, 0.202]
[0.111, 0.016, 0.201]
[0.114, 0.014, 0.2]
[0.115, 0.013, 0.199]
[0.115, 0.013, 0.199]
[0.114, 0.012, 0.199]
[0.114, 0.012, 0.198]
[0.114, 0.011, 0.198]
[0.114, 0.011, 0.198]
[0.114, 0.012, 0.199]
[0.115, 0.012, 0.198]
[0.115, 0.012, 0.198]
[0.117, 0.013, 0.198]
[0.117, 0.013, 0.198]
[0.118, 0.012, 0.197]
[0.117, 0.012, 0.197]
[0.116, 0.012, 0.197]
[0.115, 0.012, 0.197]
[0.114, 0.012, 0.197]
[0.114, 0.011, 0.196]
[0.114, 0.011, 0.196]
[0.113, 0.011, 0.196]
[0.113, 0.012, 0.194]
[0.113, 0.012, 0.194]
[0.112, 0.012, 0.193]
[0.111, 0.011, 0.192]
[0.11, 0.011, 0.191]
[0.109, 0.011, 0.19]
[0.108, 0.01, 0.189]
[0.107, 0.01, 0.188]
[0.107, 0.011, 0.187]
[0.106, 0.011, 0.186]
[0.106, 0.011, 0.184]
[0.105, 0.012, 0.182]
[0.104, 0.012, 0.18]
[0.104, 0.012, 0.179]
[0.103, 0.013, 0.178]
[0.101, 0.013, 0.177]
[0.098, 0.014, 0.174]
[0.098, 0.014, 0.174]
[0.096, 0.014, 0.172]
[0.093, 0.015, 0.17]
[0.089, 0.018, 0.165]
[0.089, 0.018, 0.165]
[0.086, 0.019, 0.163]
[0.083, 0.02, 0.161]
[0.074, 0.019, 0.158]
[0.074, 0.019, 0.158]
[0.07, 0.019, 0.157]
[0.064, 0.019, 0.156]
[0.058, 0.02, 0.155]
[0.05, 0.021, 0.154]
[0.041, 0.022, 0.153]
[0.03, 0.023, 0.153]
[0.019, 0.024, 0.152]
[0.011, 0.025, 0.152]
[0.004, 0.025, 0.152]
[-0.001, 0.026, 0.152]
[-0.008, 0.028, 0.151]
[-0.008, 0.028, 0.151]
[-0.012, 0.029, 0.149]
[-0.017, 0.03, 0.148]
[-0.022, 0.03, 0.146]
[-0.026, 0.031, 0.145]
[-0.029, 0.031, 0.144]
[-0.032, 0.031, 0.144]
[-0.034, 0.031, 0.143]
[-0.038, 0.032, 0.142]
[-0.04, 0.032, 0.141]
[-0.042, 0.032, 0.14]
[-0.043, 0.032, 0.139]
[-0.043, 0.031, 0.137]
[-0.044, 0.031, 0.136]
[-0.047, 0.031, 0.135]
[-0.05, 0.031, 0.134]
[-0.052, 0.031, 0.132]
[-0.054, 0.031, 0.131]
[-0.054, 0.031, 0.129]
[-0.054, 0.031, 0.127]
[-0.055, 0.031, 0.124]
[-0.056, 0.031, 0.12]
[-0.057, 0.032, 0.114]
[-0.056, 0.033, 0.108]
[-0.053, 0.033, 0.103]
[-0.05, 0.033, 0.099]
[-0.044, 0.032, 0.094]
[-0.039, 0.032, 0.086]
[-0.037, 0.033, 0.077]
[-0.035, 0.033, 0.066]
[-0.036, 0.033, 0.054]
[-0.049, 0.036, 0.025]
[-0.055, 0.037, 0.008]
[-0.062, 0.037, -0.008]
[-0.064, 0.038, -0.022]
[-0.065, 0.038, -0.033]
[-0.063, 0.038, -0.046]
[-0.061, 0.038, -0.058]
[-0.061, 0.038, -0.068]
[-0.059, 0.037, -0.077]
[-0.057, 0.036, -0.085]
[-0.056, 0.036, -0.092]
[-0.052, 0.036, -0.099]
[-0.048, 0.036, -0.106]
[-0.044, 0.036, -0.111]
[-0.04, 0.035, -0.116]
[-0.036, 0.035, -0.121]
[-0.032, 0.035, -0.125]
[-0.027, 0.035, -0.128]
[-0.022, 0.035, -0.131]
[-0.018, 0.035, -0.134]
[-0.012, 0.036, -0.14]
[-0.012, 0.036, -0.14]
[-0.01, 0.036, -0.143]
[-0.007, 0.036, -0.144]
[-0.002, 0.036, -0.146]
[0.002, 0.036, -0.148]
[0.004, 0.036, -0.149]
[0.006, 0.036, -0.151]
[0.01, 0.036, -0.155]
[0.013, 0.036, -0.156]
[0.014, 0.036, -0.157]
[0.016, 0.035, -0.157]
[0.017, 0.035, -0.157]
[0.018, 0.034, -0.156]
[0.023, 0.033, -0.157]
[0.023, 0.033, -0.157]
[0.025, 0.033, -0.158]
[0.027, 0.033, -0.16]
[0.028, 0.033, -0.162]
[0.03, 0.033, -0.164]
[0.032, 0.032, -0.165]
[0.033, 0.032, -0.166]
[0.036, 0.032, -0.167]
[0.037, 0.031, -0.167]
[0.041, 0.031, -0.167]
[0.047, 0.031, -0.167]
[0.052, 0.031, -0.166]
[0.057, 0.03, -0.166]
[0.06, 0.03, -0.167]
[0.059, 0.031, -0.169]
[0.058, 0.031, -0.171]
[0.056, 0.032, -0.174]
[0.055, 0.032, -0.176]
[0.056, 0.032, -0.177]
[0.058, 0.032, -0.178]
[0.061, 0.032, -0.179]
[0.063, 0.032, -0.18]
[0.065, 0.032, -0.181]
[0.066, 0.032, -0.182]
[0.068, 0.032, -0.183]
[0.07, 0.031, -0.182]
[0.072, 0.031, -0.183]
[0.072, 0.031, -0.183]
[0.072, 0.032, -0.184]
[0.07, 0.032, -0.184]
[0.069, 0.031, -0.185]
[0.068, 0.031, -0.186]
[0.068, 0.031, -0.186]
[0.069, 0.03, -0.186]
[0.069, 0.03, -0.187]
[0.069, 0.03, -0.187]
[0.069, 0.029, -0.188]
[0.068, 0.029, -0.189]
[0.068, 0.029, -0.188]
[0.069, 0.029, -0.188]
[0.07, 0.029, -0.188]
[0.07, 0.029, -0.188]
[0.07, 0.029, -0.188]
[0.07, 0.029, -0.189]
[0.07, 0.029, -0.189]
[0.071, 0.029, -0.189]
[0.071, 0.029, -0.189]
[0.072, 0.029, -0.189]
[0.072, 0.029, -0.189]
[0.072, 0.029, -0.189]
[0.071, 0.029, -0.189]
[0.071, 0.029, -0.189]
[0.071, 0.029, -0.188]
[0.071, 0.029, -0.187]
[0.072, 0.029, -0.186]
[0.072, 0.029, -0.185]
[0.072, 0.029, -0.184]
[0.071, 0.029, -0.184]
[0.069, 0.029, -0.184]
[0.068, 0.029, -0.183]
[0.067, 0.029, -0.182]
[0.066, 0.029, -0.181]
[0.065, 0.028, -0.18]
[0.059, 0.028, -0.176]
[0.057, 0.028, -0.174]
[0.058, 0.028, -0.171]
[0.058, 0.027, -0.168]
[0.054, 0.027, -0.163]
[0.051, 0.026, -0.158]
[0.048, 0.025, -0.152]
[0.046, 0.024, -0.145]
[0.048, 0.023, -0.138]
[0.051, 0.024, -0.13]
[0.057, 0.024, -0.121]
[0.064, 0.024, -0.11]
[0.072, 0.023, -0.101]
[0.079, 0.023, -0.092]
[0.086, 0.022, -0.077]
[0.086, 0.021, -0.07]
[0.086, 0.021, -0.064]
[0.087, 0.021, -0.058]
[0.091, 0.022, -0.053]
[0.096, 0.022, -0.047]
[0.099, 0.022, -0.043]
[0.102, 0.022, -0.038]
[0.105, 0.023, -0.032]
[0.105, 0.023, -0.027]
[0.105, 0.024, -0.023]
[0.103, 0.025, -0.018]
[0.103, 0.025, -0.014]
[0.104, 0.025, -0.01]
[0.106, 0.026, -0.006]
[0.107, 0.026, -0.003]
[0.108, 0.027, -0.0]
[0.108, 0.028, 0.002]
[0.11, 0.028, 0.008]
[0.11, 0.028, 0.008]
[0.11, 0.028, 0.011]
[0.108, 0.028, 0.014]
[0.105, 0.028, 0.018]
[0.105, 0.028, 0.018]
[0.106, 0.029, 0.02]
[0.107, 0.03, 0.022]
[0.108, 0.03, 0.024]
[0.109, 0.03, 0.026]
[0.109, 0.03, 0.028]
[0.11, 0.03, 0.029]
[0.112, 0.03, 0.031]
[0.116, 0.03, 0.032]
[0.118, 0.03, 0.034]
[0.12, 0.029, 0.034]
[0.121, 0.029, 0.035]
[0.12, 0.028, 0.036]
[0.118, 0.028, 0.038]
[0.117, 0.028, 0.039]
[0.115, 0.028, 0.04]
[0.113, 0.028, 0.041]
[0.11, 0.029, 0.041]
[0.108, 0.03, 0.041]
[0.105, 0.031, 0.041]
[0.101, 0.032, 0.042]
[0.096, 0.032, 0.042]
[0.091, 0.031, 0.043]
[0.088, 0.031, 0.043]
[0.086, 0.031, 0.042]
[0.084, 0.031, 0.042]
[0.084, 0.03, 0.043]
[0.084, 0.03, 0.044]
[0.084, 0.029, 0.044]
[0.085, 0.029, 0.045]
[0.087, 0.029, 0.045]
[0.09, 0.029, 0.046]
[0.094, 0.03, 0.046]
[0.096, 0.03, 0.046]
[0.097, 0.031, 0.046]
[0.097, 0.031, 0.047]
[0.097, 0.032, 0.047]
[0.096, 0.032, 0.047]
[0.097, 0.032, 0.048]
[0.097, 0.032, 0.048]
[0.098, 0.032, 0.049]
[0.099, 0.032, 0.049]
[0.099, 0.032, 0.049]
[0.1, 0.032, 0.049]
[0.1, 0.032, 0.049]
[0.101, 0.031, 0.048]
[0.101, 0.031, 0.048]
[0.101, 0.031, 0.048]
[0.101, 0.031, 0.048]
[0.1, 0.032, 0.047]
[0.103, 0.031, 0.048]
[0.103, 0.031, 0.048]
[0.107, 0.031, 0.05]
[0.112, 0.03, 0.051]
[0.117, 0.03, 0.053]
[0.12, 0.03, 0.054]
[0.117, 0.029, 0.055]
[0.111, 0.028, 0.057]
[0.105, 0.027, 0.059]
[0.102, 0.027, 0.06]
[0.105, 0.027, 0.061]
[0.11, 0.027, 0.062]
[0.114, 0.027, 0.062]
[0.116, 0.026, 0.063]
[0.116, 0.026, 0.063]
[0.117, 0.025, 0.063]
[0.117, 0.024, 0.062]
[0.117, 0.023, 0.062]
[0.117, 0.023, 0.061]
[0.117, 0.023, 0.061]
[0.117, 0.023, 0.061]
[0.117, 0.022, 0.061]
[0.117, 0.022, 0.061]
[0.116, 0.022, 0.06]
[0.115, 0.022, 0.059]
[0.113, 0.022, 0.059]
[0.112, 0.022, 0.058]
[0.112, 0.022, 0.057]
[0.113, 0.021, 0.057]
[0.113, 0.021, 0.055]
[0.113, 0.021, 0.055]
[0.113, 0.02, 0.054]
[0.111, 0.02, 0.052]
[0.109, 0.019, 0.049]
[0.107, 0.019, 0.047]
[0.106, 0.018, 0.043]
[0.104, 0.018, 0.04]
[0.103, 0.017, 0.037]
[0.102, 0.016, 0.034]
[0.099, 0.015, 0.031]
[0.096, 0.014, 0.027]
[0.093, 0.014, 0.022]
[0.092, 0.013, 0.017]
[0.091, 0.013, 0.013]
[0.088, 0.013, 0.004]
[0.088, 0.013, 0.004]
[0.086, 0.012, -0.001]
[0.084, 0.012, -0.006]
[0.082, 0.012, -0.012]
[0.079, 0.011, -0.017]
[0.075, 0.011, -0.023]
[0.067, 0.01, -0.029]
[0.059, 0.009, -0.037]
[0.057, 0.008, -0.046]
[0.058, 0.007, -0.056]
[0.06, 0.006, -0.065]
[0.062, 0.006, -0.073]
[0.063, 0.005, -0.081]
[0.061, 0.005, -0.089]
[0.057, 0.005, -0.098]
[0.051, 0.005, -0.108]
[0.044, 0.006, -0.117]
[0.041, 0.007, -0.125]
[0.038, 0.007, -0.134]
[0.037, 0.007, -0.14]
[0.036, 0.007, -0.146]
[0.035, 0.007, -0.152]
[0.037, 0.007, -0.157]
[0.04, 0.007, -0.161]
[0.044, 0.007, -0.167]
[0.044, 0.007, -0.167]
[0.046, 0.006, -0.17]
[0.048, 0.005, -0.172]
[0.048, 0.005, -0.175]
[0.05, 0.004, -0.177]
[0.051, 0.003, -0.18]
[0.051, 0.003, -0.183]
[0.052, 0.002, -0.186]
[0.051, 0.002, -0.189]
[0.05, 0.002, -0.191]
[0.049, 0.002, -0.193]
[0.048, 0.002, -0.196]
[0.048, 0.002, -0.199]
[0.049, 0.002, -0.201]
[0.05, 0.002, -0.203]
[0.051, 0.003, -0.204]
[0.051, 0.003, -0.204]
[0.051, 0.003, -0.205]
[0.053, 0.003, -0.205]
[0.053, 0.003, -0.205]
[0.055, 0.002, -0.204]
[0.056, 0.002, -0.204]
[0.056, 0.001, -0.204]
[0.056, 0.001, -0.206]
[0.055, 0.0, -0.208]
[0.054, -0.001, -0.209]
[0.052, -0.001, -0.21]
[0.05, -0.002, -0.209]
[0.05, -0.002, -0.208]
[0.049, -0.001, -0.208]
[0.049, -0.001, -0.208]
[0.049, -0.001, -0.208]
[0.049, -0.001, -0.208]
[0.05, -0.001, -0.209]
[0.051, -0.001, -0.209]
[0.053, -0.001, -0.209]
[0.054, -0.001, -0.209]
[0.056, -0.001, -0.208]
[0.057, -0.001, -0.208]
[0.056, -0.002, -0.208]
[0.056, -0.002, -0.207]
[0.055, -0.002, -0.207]
[0.053, -0.003, -0.206]
[0.052, -0.003, -0.204]
[0.052, -0.003, -0.204]
[0.052, -0.003, -0.203]
[0.053, -0.003, -0.203]
[0.054, -0.003, -0.203]
[0.056, -0.003, -0.203]
[0.056, -0.003, -0.203]
[0.056, -0.003, -0.202]
[0.055, -0.002, -0.2]
[0.055, -0.002, -0.2]
[0.055, -0.002, -0.199]
[0.053, -0.002, -0.197]
[0.053, -0.002, -0.195]
[0.052, -0.002, -0.192]
[0.051, -0.001, -0.188]
[0.05, -0.001, -0.184]
[0.048, 0.0, -0.181]
[0.047, 0.001, -0.176]
[0.047, 0.001, -0.171]
[0.041, 0.001, -0.162]
[0.036, -0.001, -0.151]
[0.032, -0.002, -0.138]
[0.03, -0.003, -0.123]
[0.033, -0.003, -0.111]
[0.04, -0.002, -0.097]
[0.05, -0.001, -0.085]
[0.058, -0.001, -0.074]
[0.064, -0.002, -0.063]
[0.069, -0.001, -0.054]
[0.072, -0.0, -0.044]
[0.075, 0.001, -0.036]
[0.079, 0.002, -0.029]
[0.082, 0.004, -0.023]
[0.084, 0.005, -0.017]
[0.086, 0.007, -0.012]
[0.092, 0.01, -0.002]
[0.092, 0.01, -0.002]
[0.095, 0.01, 0.002]
[0.098, 0.011, 0.006]
[0.101, 0.011, 0.01]
[0.103, 0.012, 0.013]
[0.105, 0.012, 0.016]
[0.107, 0.012, 0.019]
[0.107, 0.011, 0.025]
[0.107, 0.011, 0.025]
[0.106, 0.011, 0.027]
[0.104, 0.012, 0.028]
[0.101, 0.013, 0.031]
[0.101, 0.013, 0.031]
[0.102, 0.014, 0.033]
[0.103, 0.014, 0.036]
[0.107, 0.014, 0.039]
[0.107, 0.014, 0.039]
[0.109, 0.014, 0.04]
[0.11, 0.014, 0.042]
[0.11, 0.014, 0.043]
[0.112, 0.014, 0.045]
[0.112, 0.014, 0.046]
[0.112, 0.014, 0.048]
[0.112, 0.014, 0.048]
[0.112, 0.014, 0.048]
[0.111, 0.014, 0.048]
[0.111, 0.014, 0.047]
[0.111, 0.014, 0.046]
[0.11, 0.014, 0.046]
[0.11, 0.014, 0.047]
[0.111, 0.013, 0.048]
[0.112, 0.013, 0.049]
[0.113, 0.012, 0.05]
[0.115, 0.012, 0.051]
[0.116, 0.012, 0.052]
[0.112, 0.012, 0.052]
[0.106, 0.012, 0.052]
[0.101, 0.013, 0.053]
[0.098, 0.013, 0.054]
[0.096, 0.012, 0.055]
[0.095, 0.012, 0.056]
[0.095, 0.011, 0.058]
[0.094, 0.011, 0.059]
[0.094, 0.011, 0.061]
[0.093, 0.01, 0.063]
[0.092, 0.008, 0.065]
[0.092, 0.006, 0.066]
[0.094, 0.002, 0.068]
[0.094, 0.002, 0.068]
[0.096, 0.0, 0.068]
[0.099, -0.001, 0.068]
[0.1, -0.003, 0.069]
[0.101, -0.004, 0.07]
[0.101, -0.004, 0.07]
[0.102, -0.005, 0.07]
[0.103, -0.005, 0.07]
[0.104, -0.005, 0.07]
[0.105, -0.005, 0.07]
[0.105, -0.005, 0.072]
[0.105, -0.005, 0.074]
[0.105, -0.005, 0.076]
[0.106, -0.005, 0.077]
[0.106, -0.006, 0.078]
[0.107, -0.007, 0.079]
[0.108, -0.008, 0.08]
[0.11, -0.01, 0.081]
[0.112, -0.011, 0.083]
[0.113, -0.012, 0.084]
[0.114, -0.013, 0.085]
[0.115, -0.013, 0.085]
[0.116, -0.013, 0.087]
[0.119, -0.013, 0.093]
[0.119, -0.013, 0.093]
[0.121, -0.013, 0.098]
[0.125, -0.013, 0.103]
[0.129, -0.014, 0.109]
[0.131, -0.015, 0.115]
[0.127, -0.017, 0.132]
[0.125, -0.017, 0.14]
[0.123, -0.017, 0.147]
[0.125, -0.017, 0.154]
[0.128, -0.017, 0.163]
[0.132, -0.017, 0.173]
[0.136, -0.017, 0.182]
[0.14, -0.017, 0.189]
[0.144, -0.017, 0.195]
[0.152, -0.016, 0.208]
[0.152, -0.016, 0.208]
[0.155, -0.016, 0.213]
[0.156, -0.015, 0.218]
[0.156, -0.016, 0.223]
[0.156, -0.016, 0.227]
[0.156, -0.017, 0.231]
[0.158, -0.017, 0.235]
[0.159, -0.017, 0.242]
[0.159, -0.017, 0.242]
[0.16, -0.017, 0.245]
[0.161, -0.017, 0.247]
[0.161, -0.018, 0.249]
[0.162, -0.018, 0.25]
[0.162, -0.019, 0.252]
[0.161, -0.019, 0.253]
[0.16, -0.02, 0.254]
[0.159, -0.02, 0.256]
[0.157, -0.02, 0.259]
[0.156, -0.02, 0.262]
[0.155, -0.02, 0.264]
[0.153, -0.02, 0.267]
[0.152, -0.019, 0.269]
[0.151, -0.019, 0.27]
[0.15, -0.019, 0.272]
[0.151, -0.019, 0.273]
[0.151, -0.019, 0.274]
[0.151, -0.019, 0.275]
[0.151, -0.019, 0.276]
[0.151, -0.019, 0.276]
[0.15, -0.019, 0.276]
[0.15, -0.019, 0.275]
[0.15, -0.02, 0.274]
[0.15, -0.02, 0.273]
[0.151, -0.021, 0.271]
[0.151, -0.022, 0.27]
[0.15, -0.023, 0.27]
[0.148, -0.023, 0.27]
[0.147, -0.023, 0.272]
[0.145, -0.022, 0.273]
[0.144, -0.022, 0.274]
[0.144, -0.022, 0.275]
[0.143, -0.022, 0.275]
[0.141, -0.022, 0.275]
[0.139, -0.021, 0.274]
[0.137, -0.021, 0.273]
[0.135, -0.02, 0.273]
[0.133, -0.02, 0.271]
[0.132, -0.02, 0.27]
[0.131, -0.021, 0.267]
[0.13, -0.021, 0.264]
[0.129, -0.021, 0.261]
[0.125, -0.022, 0.255]
[0.125, -0.022, 0.255]
[0.123, -0.023, 0.252]
[0.123, -0.023, 0.249]
[0.122, -0.024, 0.247]
[0.121, -0.024, 0.245]
[0.12, -0.023, 0.244]
[0.119, -0.023, 0.243]
[0.117, -0.023, 0.242]
[0.115, -0.023, 0.242]
[0.112, -0.023, 0.241]
[0.108, -0.023, 0.24]
[0.105, -0.023, 0.24]
[0.101, -0.022, 0.24]
[0.097, -0.022, 0.239]
[0.094, -0.021, 0.239]
[0.091, -0.021, 0.239]
[0.089, -0.021, 0.239]
[0.086, -0.021, 0.239]
[0.084, -0.02, 0.239]
[0.081, -0.019, 0.24]
[0.078, -0.018, 0.242]
[0.075, -0.017, 0.243]
[0.073, -0.017, 0.245]
[0.07, -0.018, 0.246]
[0.068, -0.018, 0.248]
[0.064, -0.018, 0.25]
[0.06, -0.018, 0.251]
[0.058, -0.018, 0.252]
[0.056, -0.017, 0.253]
[0.056, -0.016, 0.252]
[0.056, -0.015, 0.252]
[0.056, -0.014, 0.251]
[0.056, -0.013, 0.251]
[0.055, -0.013, 0.25]
[0.054, -0.013, 0.249]
[0.052, -0.013, 0.245]
[0.052, -0.013, 0.245]
[0.052, -0.013, 0.243]
[0.052, -0.013, 0.242]
[0.053, -0.013, 0.239]
[0.053, -0.013, 0.237]
[0.051, -0.013, 0.235]
[0.05, -0.012, 0.233]
[0.047, -0.012, 0.231]
[0.045, -0.011, 0.229]
[0.042, -0.011, 0.226]
[0.038, -0.011, 0.223]
[0.035, -0.01, 0.22]
[0.031, -0.01, 0.216]
[0.027, -0.009, 0.211]
[0.024, -0.009, 0.205]
[0.016, -0.008, 0.197]
[0.016, -0.008, 0.197]
[0.014, -0.008, 0.193]
[0.012, -0.008, 0.188]
[0.01, -0.008, 0.181]
[0.008, -0.007, 0.173]
[0.004, -0.006, 0.163]
[0.001, -0.005, 0.153]
[-0.002, -0.003, 0.14]
[-0.002, -0.003, 0.128]
[-0.002, -0.002, 0.113]
[0.001, -0.002, 0.1]
[0.003, -0.002, 0.089]
[0.004, -0.001, 0.079]
[0.004, 0.0, 0.067]
[0.005, 0.001, 0.057]
[0.006, 0.002, 0.048]
[0.006, 0.003, 0.039]
[0.009, 0.004, 0.028]
[0.01, 0.005, 0.017]
[0.014, 0.007, -0.001]
[0.014, 0.007, -0.001]
[0.015, 0.008, -0.008]
[0.018, 0.008, -0.015]
[0.02, 0.009, -0.022]
[0.022, 0.009, -0.028]
[0.025, 0.01, -0.034]
[0.027, 0.01, -0.039]
[0.029, 0.01, -0.046]
[0.032, 0.01, -0.052]
[0.034, 0.01, -0.058]
[0.035, 0.01, -0.063]
[0.036, 0.011, -0.069]
[0.037, 0.012, -0.074]
[0.037, 0.012, -0.079]
[0.037, 0.012, -0.084]
[0.038, 0.012, -0.088]
[0.04, 0.012, -0.095]
[0.04, 0.012, -0.095]
[0.039, 0.012, -0.098]
[0.039, 0.012, -0.101]
[0.038, 0.013, -0.103]
[0.037, 0.012, -0.105]
[0.036, 0.012, -0.107]
[0.035, 0.012, -0.109]
[0.035, 0.013, -0.111]
[0.035, 0.013, -0.112]
[0.037, 0.013, -0.114]
[0.038, 0.013, -0.115]
[0.038, 0.013, -0.116]
[0.039, 0.013, -0.115]
[0.039, 0.013, -0.115]
[0.04, 0.014, -0.116]
[0.041, 0.015, -0.118]
[0.042, 0.016, -0.119]
[0.041, 0.017, -0.12]
[0.04, 0.018, -0.12]
[0.039, 0.019, -0.12]
[0.04, 0.02, -0.12]
[0.045, 0.019, -0.118]
[0.045, 0.019, -0.118]
[0.05, 0.019, -0.115]
[0.053, 0.018, -0.11]
[0.052, 0.019, -0.098]
[0.052, 0.019, -0.098]
[0.05, 0.018, -0.091]
[0.051, 0.017, -0.082]
[0.056, 0.015, -0.073]
[0.06, 0.014, -0.063]
[0.06, 0.014, -0.053]
[0.059, 0.012, -0.04]
[0.057, 0.011, -0.029]
[0.055, 0.01, -0.017]
[0.055, 0.009, -0.007]
[0.058, 0.009, 0.002]
[0.063, 0.009, 0.01]
[0.066, 0.009, 0.018]
[0.07, 0.009, 0.026]
[0.074, 0.007, 0.033]
[0.077, 0.006, 0.039]
[0.081, 0.005, 0.045]
[0.084, 0.004, 0.05]
[0.087, 0.003, 0.055]
[0.089, 0.001, 0.059]
[0.092, -0.0, 0.063]
[0.095, -0.002, 0.068]
[0.097, -0.004, 0.073]
[0.099, -0.005, 0.079]
[0.101, -0.005, 0.084]
[0.101, -0.006, 0.09]
[0.102, -0.006, 0.095]
[0.104, -0.006, 0.1]
[0.107, -0.007, 0.104]
[0.11, -0.007, 0.108]
[0.113, -0.007, 0.111]
[0.116, -0.008, 0.114]
[0.117, -0.009, 0.119]
[0.118, -0.01, 0.123]
[0.118, -0.011, 0.129]
[0.117, -0.012, 0.136]
[0.116, -0.013, 0.146]
[0.116, -0.014, 0.156]
[0.117, -0.016, 0.165]
[0.12, -0.018, 0.174]
[0.124, -0.02, 0.184]
[0.13, -0.021, 0.193]
[0.136, -0.021, 0.201]
[0.141, -0.021, 0.208]
[0.145, -0.021, 0.213]
[0.148, -0.022, 0.217]
[0.15, -0.022, 0.22]
[0.151, -0.022, 0.224]
[0.15, -0.022, 0.226]
[0.148, -0.022, 0.228]
[0.146, -0.023, 0.228]
[0.145, -0.023, 0.228]
[0.144, -0.023, 0.227]
[0.143, -0.024, 0.226]
[0.142, -0.024, 0.226]
[0.141, -0.025, 0.225]
[0.142, -0.025, 0.226]
[0.141, -0.025, 0.226]
[0.141, -0.024, 0.226]
[0.141, -0.024, 0.226]
[0.141, -0.023, 0.227]
[0.141, -0.023, 0.227]
[0.141, -0.023, 0.228]
[0.142, -0.023, 0.228]
[0.142, -0.022, 0.227]
[0.141, -0.022, 0.226]
[0.141, -0.022, 0.224]
[0.139, -0.023, 0.222]
[0.138, -0.023, 0.221]
[0.138, -0.023, 0.219]
[0.137, -0.023, 0.218]
[0.137, -0.023, 0.216]
[0.136, -0.022, 0.215]
[0.134, -0.021, 0.215]
[0.132, -0.021, 0.214]
[0.125, -0.021, 0.211]
[0.125, -0.021, 0.211]
[0.124, -0.021, 0.208]
[0.125, -0.021, 0.204]
[0.126, -0.021, 0.2]
[0.126, -0.021, 0.195]
[0.124, -0.021, 0.189]
[0.122, -0.022, 0.183]
[0.121, -0.022, 0.177]
[0.12, -0.022, 0.172]
[0.121, -0.022, 0.168]
[0.122, -0.022, 0.163]
[0.124, -0.022, 0.159]
[0.126, -0.022, 0.155]
[0.128, -0.023, 0.15]
[0.128, -0.023, 0.146]
[0.128, -0.022, 0.142]
[0.129, -0.022, 0.138]
[0.129, -0.021, 0.135]
[0.13, -0.02, 0.133]
[0.13, -0.02, 0.13]
[0.13, -0.02, 0.127]
[0.131, -0.02, 0.125]
[0.132, -0.021, 0.123]
[0.133, -0.021, 0.121]
[0.134, -0.022, 0.119]
[0.136, -0.022, 0.118]
[0.137, -0.023, 0.116]
[0.138, -0.023, 0.115]
[0.138, -0.022, 0.114]
[0.139, -0.022, 0.112]
[0.139, -0.022, 0.11]
[0.14, -0.022, 0.108]
[0.142, -0.022, 0.107]
[0.142, -0.022, 0.107]
[0.143, -0.022, 0.107]
[0.144, -0.022, 0.107]
[0.146, -0.023, 0.107]
[0.147, -0.023, 0.107]
[0.147, -0.023, 0.106]
[0.148, -0.023, 0.106]
[0.148, -0.023, 0.105]
[0.148, -0.023, 0.105]
[0.148, -0.023, 0.104]
[0.148, -0.023, 0.102]
[0.148, -0.023, 0.102]
[0.148, -0.023, 0.101]
[0.148, -0.023, 0.1]
[0.148, -0.023, 0.099]
[0.148, -0.023, 0.098]
[0.148, -0.023, 0.097]
[0.148, -0.023, 0.096]
[0.148, -0.023, 0.094]
[0.147, -0.023, 0.093]
[0.147, -0.022, 0.091]
[0.145, -0.022, 0.089]
[0.144, -0.021, 0.086]
[0.143, -0.021, 0.084]
[0.142, -0.021, 0.083]
[0.142, -0.02, 0.081]
[0.141, -0.02, 0.079]
[0.14, -0.02, 0.077]
[0.137, -0.02, 0.075]
[0.134, -0.019, 0.074]
[0.131, -0.019, 0.072]
[0.128, -0.018, 0.071]
[0.124, -0.018, 0.068]
[0.121, -0.018, 0.065]
[0.117, -0.017, 0.062]
[0.111, -0.016, 0.055]
[0.111, -0.016, 0.055]
[0.108, -0.016, 0.052]
[0.105, -0.015, 0.047]
[0.097, -0.013, 0.039]
[0.097, -0.013, 0.039]
[0.093, -0.012, 0.035]
[0.089, -0.012, 0.03]
[0.085, -0.012, 0.026]
[0.082, -0.012, 0.021]
[0.078, -0.011, 0.015]
[0.072, -0.011, 0.009]
[0.066, -0.009, 0.003]
[0.06, -0.008, -0.002]
[0.053, -0.008, -0.007]
[0.048, -0.007, -0.01]
[0.041, -0.004, -0.018]
[0.041, -0.004, -0.018]
[0.039, -0.002, -0.022]
[0.038, -0.001, -0.025]
[0.037, 0.0, -0.027]
[0.035, 0.002, -0.029]
[0.033, 0.003, -0.032]
[0.03, 0.004, -0.034]
[0.027, 0.005, -0.037]
[0.023, 0.006, -0.039]
[0.021, 0.006, -0.041]
[0.018, 0.007, -0.043]
[0.015, 0.008, -0.044]
[0.013, 0.009, -0.046]
[0.011, 0.01, -0.048]
[0.01, 0.01, -0.05]
[0.009, 0.011, -0.051]
[0.008, 0.012, -0.053]
[0.008, 0.012, -0.055]
[0.008, 0.013, -0.056]
[0.006, 0.014, -0.057]
[0.005, 0.014, -0.058]
[0.004, 0.014, -0.06]
[0.002, 0.015, -0.061]
[0.0, 0.015, -0.064]
[-0.002, 0.016, -0.069]
[-0.003, 0.017, -0.073]
[-0.005, 0.018, -0.077]
[-0.013, 0.019, -0.084]
[-0.028, 0.019, -0.091]
[-0.037, 0.019, -0.098]
[-0.041, 0.018, -0.103]
[-0.042, 0.018, -0.11]
[-0.039, 0.018, -0.116]
[-0.037, 0.019, -0.123]
[-0.034, 0.02, -0.13]
[-0.03, 0.02, -0.138]
[-0.025, 0.02, -0.145]
[-0.021, 0.02, -0.152]
[-0.019, 0.02, -0.158]
[-0.018, 0.02, -0.167]
[-0.018, 0.021, -0.175]
[-0.018, 0.021, -0.184]
[-0.015, 0.022, -0.191]
[-0.011, 0.024, -0.198]
[-0.006, 0.024, -0.205]
[-0.002, 0.025, -0.211]
[0.0, 0.025, -0.216]
[0.002, 0.025, -0.22]
[0.003, 0.025, -0.225]
[0.006, 0.025, -0.228]
[0.007, 0.025, -0.232]
[0.008, 0.024, -0.237]
[0.008, 0.024, -0.24]
[0.009, 0.024, -0.244]
[0.009, 0.024, -0.248]
[0.01, 0.024, -0.251]
[0.01, 0.023, -0.254]
[0.01, 0.023, -0.256]
[0.009, 0.022, -0.259]
[0.008, 0.021, -0.262]
[0.006, 0.019, -0.266]
[0.005, 0.018, -0.269]
[0.004, 0.018, -0.271]
[0.004, 0.017, -0.272]
[0.005, 0.018, -0.275]
[0.007, 0.018, -0.278]
[0.011, 0.019, -0.286]
[0.011, 0.019, -0.286]
[0.013, 0.02, -0.289]
[0.016, 0.021, -0.295]
[0.017, 0.02, -0.298]
[0.016, 0.02, -0.301]
[0.016, 0.02, -0.304]
[0.016, 0.019, -0.306]
[0.016, 0.019, -0.308]
[0.016, 0.018, -0.31]
[0.017, 0.018, -0.311]
[0.019, 0.018, -0.312]
[0.02, 0.019, -0.313]
[0.021, 0.019, -0.313]
[0.021, 0.018, -0.312]
[0.022, 0.018, -0.312]
[0.022, 0.018, -0.312]
[0.023, 0.018, -0.313]
[0.024, 0.018, -0.313]
[0.026, 0.019, -0.313]
[0.028, 0.019, -0.311]
[0.029, 0.019, -0.308]
[0.03, 0.019, -0.305]
[0.031, 0.019, -0.302]
[0.031, 0.019, -0.299]
[0.032, 0.019, -0.298]
[0.032, 0.019, -0.296]
[0.032, 0.019, -0.295]
[0.033, 0.019, -0.293]
[0.035, 0.019, -0.289]
[0.037, 0.02, -0.286]
[0.04, 0.02, -0.282]
[0.043, 0.02, -0.278]
[0.045, 0.02, -0.273]
[0.047, 0.02, -0.269]
[0.048, 0.021, -0.265]
[0.05, 0.021, -0.261]
[0.052, 0.022, -0.256]
[0.058, 0.024, -0.247]
[0.058, 0.024, -0.247]
[0.059, 0.025, -0.244]
[0.06, 0.026, -0.24]
[0.062, 0.027, -0.234]
[0.062, 0.027, -0.234]
[0.059, 0.027, -0.233]
[0.054, 0.027, -0.232]
[0.049, 0.027, -0.228]
[0.046, 0.026, -0.223]
[0.049, 0.026, -0.213]
[0.051, 0.027, -0.203]
[0.052, 0.026, -0.193]
[0.051, 0.027, -0.184]
[0.05, 0.026, -0.173]
[0.05, 0.025, -0.163]
[0.053, 0.025, -0.152]
[0.056, 0.024, -0.144]
[0.06, 0.024, -0.135]
[0.064, 0.025, -0.127]
[0.07, 0.025, -0.116]
[0.07, 0.025, -0.116]
[0.072, 0.025, -0.11]
[0.073, 0.025, -0.106]
[0.075, 0.026, -0.102]
[0.077, 0.026, -0.098]
[0.078, 0.026, -0.094]
[0.079, 0.026, -0.09]
[0.08, 0.026, -0.086]
[0.082, 0.027, -0.082]
[0.084, 0.028, -0.077]
[0.087, 0.028, -0.073]
[0.088, 0.029, -0.069]
[0.087, 0.029, -0.067]
[0.083, 0.029, -0.064]
[0.08, 0.029, -0.062]
[0.076, 0.03, -0.058]
[0.076, 0.03, -0.058]
[0.078, 0.031, -0.056]
[0.082, 0.032, -0.055]
[0.09, 0.033, -0.052]
[0.09, 0.033, -0.052]
[0.094, 0.033, -0.05]
[0.095, 0.033, -0.047]
[0.094, 0.033, -0.042]
[0.094, 0.033, -0.042]
[0.094, 0.033, -0.039]
[0.095, 0.034, -0.036]
[0.095, 0.034, -0.033]
[0.096, 0.034, -0.031]
[0.097, 0.035, -0.029]
[0.098, 0.035, -0.028]
[0.1, 0.035, -0.026]
[0.101, 0.035, -0.025]
[0.102, 0.035, -0.023]
[0.104, 0.035, -0.021]
[0.105, 0.034, -0.02]
[0.107, 0.033, -0.018]
[0.109, 0.033, -0.017]
[0.11, 0.033, -0.015]
[0.112, 0.033, -0.014]
[0.113, 0.033, -0.012]
[0.113, 0.033, -0.01]
[0.112, 0.033, -0.008]
[0.112, 0.032, -0.006]
[0.111, 0.032, -0.005]
[0.111, 0.031, -0.004]
[0.11, 0.031, -0.003]
[0.11, 0.031, -0.002]
[0.11, 0.03, -0.002]
[0.11, 0.03, -0.001]
[0.11, 0.03, -0.0]
[0.111, 0.03, 0.001]
[0.111, 0.03, 0.002]
[0.113, 0.03, 0.003]
[0.115, 0.029, 0.005]
[0.116, 0.028, 0.008]
[0.116, 0.028, 0.008]
[0.116, 0.029, 0.01]
[0.114, 0.029, 0.013]
[0.112, 0.028, 0.017]
[0.112, 0.028, 0.017]
[0.113, 0.028, 0.019]
[0.114, 0.027, 0.02]
[0.117, 0.026, 0.023]
[0.117, 0.026, 0.023]
[0.118, 0.026, 0.025]
[0.118, 0.025, 0.027]
[0.119, 0.025, 0.028]
[0.118, 0.025, 0.03]
[0.118, 0.025, 0.031]
[0.118, 0.024, 0.032]
[0.117, 0.024, 0.033]
[0.117, 0.023, 0.034]
[0.118, 0.023, 0.035]
[0.122, 0.023, 0.037]
[0.127, 0.023, 0.039]
[0.132, 0.024, 0.041]
[0.137, 0.024, 0.043]
[0.14, 0.023, 0.044]
[0.142, 0.022, 0.045]
[0.143, 0.021, 0.046]
[0.143, 0.02, 0.046]
[0.142, 0.019, 0.047]
[0.142, 0.019, 0.047]
[0.141, 0.018, 0.048]
[0.14, 0.017, 0.049]
[0.139, 0.017, 0.05]
[0.138, 0.016, 0.051]
[0.138, 0.015, 0.052]
[0.137, 0.014, 0.054]
[0.138, 0.013, 0.055]
[0.139, 0.012, 0.057]
[0.139, 0.01, 0.058]
[0.14, 0.009, 0.059]
[0.139, 0.008, 0.06]
[0.139, 0.008, 0.061]
[0.138, 0.008, 0.061]
[0.137, 0.008, 0.062]
[0.137, 0.008, 0.062]
[0.136, 0.007, 0.063]
[0.136, 0.007, 0.063]
[0.136, 0.006, 0.063]
[0.135, 0.006, 0.063]
[0.134, 0.006, 0.062]
[0.133, 0.006, 0.062]
[0.132, 0.006, 0.061]
[0.131, 0.006, 0.06]
[0.13, 0.005, 0.06]
[0.128, 0.005, 0.06]
[0.127, 0.005, 0.06]
[0.125, 0.005, 0.059]
[0.124, 0.005, 0.059]
[0.123, 0.004, 0.059]
[0.122, 0.004, 0.058]
[0.122, 0.003, 0.057]
[0.121, 0.003, 0.056]
[0.12, 0.003, 0.055]
[0.119, 0.003, 0.054]
[0.118, 0.003, 0.053]
[0.116, 0.003, 0.051]
[0.113, 0.003, 0.049]
[0.112, 0.004, 0.047]
[0.111, 0.004, 0.045]
[0.114, 0.004, 0.044]
[0.116, 0.003, 0.042]
[0.117, 0.003, 0.04]
[0.117, 0.003, 0.038]
[0.115, 0.003, 0.035]
[0.113, 0.003, 0.034]
[0.108, 0.002, 0.034]
[0.103, 0.0, 0.033]
[0.098, -0.001, 0.033]
[0.094, -0.003, 0.031]
[0.092, -0.004, 0.03]
[0.091, -0.005, 0.028]
[0.09, -0.006, 0.025]
[0.088, -0.006, 0.023]
[0.085, -0.007, 0.021]
[0.082, -0.007, 0.02]
[0.079, -0.007, 0.02]
[0.077, -0.007, 0.019]
[0.076, -0.007, 0.019]
[0.076, -0.008, 0.018]
[0.076, -0.009, 0.018]
[0.078, -0.01, 0.018]
[0.081, -0.012, 0.018]
[0.085, -0.014, 0.019]
[0.088, -0.015, 0.018]
[0.089, -0.016, 0.018]
[0.089, -0.017, 0.017]
[0.088, -0.017, 0.016]
[0.087, -0.018, 0.015]
[0.086, -0.018, 0.014]
[0.084, -0.019, 0.014]
[0.083, -0.019, 0.014]
[0.083, -0.019, 0.014]
[0.085, -0.019, 0.015]
[0.085, -0.018, 0.016]
[0.087, -0.015, 0.018]
[0.087, -0.015, 0.018]
[0.087, -0.013, 0.019]
[0.086, -0.012, 0.02]
[0.087, -0.01, 0.02]
[0.086, -0.008, 0.02]
[0.086, -0.007, 0.02]
[0.086, -0.005, 0.02]
[0.086, -0.005, 0.02]
[0.091, -0.006, 0.021]
[0.097, -0.007, 0.021]
[0.102, -0.009, 0.021]
[0.106, -0.01, 0.02]
[0.105, -0.009, 0.02]
[0.101, -0.008, 0.02]
[0.098, -0.006, 0.021]
[0.095, -0.004, 0.02]
[0.093, -0.002, 0.019]
[0.091, -0.001, 0.017]
[0.089, -0.0, 0.016]
[0.088, 0.0, 0.014]
[0.088, 0.001, 0.014]
[0.088, 0.0, 0.014]
[0.089, -0.0, 0.013]
[0.089, -0.001, 0.013]
[0.091, -0.001, 0.012]
[0.092, -0.002, 0.012]
[0.093, -0.002, 0.012]
[0.094, -0.002, 0.011]
[0.094, -0.001, 0.011]
[0.093, -0.001, 0.011]
[0.091, -0.0, 0.011]
[0.089, 0.0, 0.012]
[0.087, 0.001, 0.013]
[0.085, 0.001, 0.013]
[0.084, 0.001, 0.013]
[0.083, 0.001, 0.013]
[0.083, 0.001, 0.013]
[0.083, 0.0, 0.014]
[0.084, -0.0, 0.014]
[0.083, -0.0, 0.014]
[0.082, 0.0, 0.014]
[0.08, 0.001, 0.014]
[0.079, 0.002, 0.014]
[0.077, 0.002, 0.013]
[0.077, 0.002, 0.013]
[0.077, 0.003, 0.012]
[0.075, 0.003, 0.012]
[0.075, 0.003, 0.012]
[0.075, 0.003, 0.012]
[0.075, 0.003, 0.013]
[0.075, 0.003, 0.014]
[0.074, 0.003, 0.014]
[0.074, 0.003, 0.014]
[0.074, 0.004, 0.013]
[0.074, 0.004, 0.013]
[0.073, 0.004, 0.013]
[0.073, 0.003, 0.013]
[0.073, 0.003, 0.013]
[0.073, 0.003, 0.014]
[0.074, 0.003, 0.015]
[0.073, 0.003, 0.015]
[0.073, 0.003, 0.016]
[0.072, 0.004, 0.016]
[0.071, 0.004, 0.016]
[0.07, 0.005, 0.015]
[0.069, 0.007, 0.015]
[0.068, 0.008, 0.015]
[0.068, 0.009, 0.015]
[0.068, 0.01, 0.015]
