A0
A1
A2
A3
A4
A5
A6
A7
A8
A9
A10
A11
A12
A13
A14
A15
A16
A17
A18
A19
A20
A21
A22
A23
A24
A25
A26
A27
A28
--- [0.87, 0.67, 1.0, 1.0, 0.24, 0.24, 0.05, 0.13, 0.51, 0.54, 0.4, 0.38, 0.0, -0.0, 1.0, 0.21, 0.75, 0.6, 0.49, 0.8, 0.75, 0.46, 0.86, 0.55, 0.43, 0.55, 0.45, 0.0, 0.5, 99, 99, 99]
into servo loop...
start test new
list:  [0.51, 0.51, 0.96, 0.96, 1, 1, 0.16199999999999998, 0.16199999999999998, 0.31, 0.31, 0.35, 0.37, 0.015000000000000013, 0.015000000000000013, 1, 0.21, 0.995, 0.62, 0.24, 0.99, 1.0, 0.24, 0.24, 0.56, 0.45, 0.56, 0.45, 0.01, 0.63, 99, 99, 99]
--- num:  29
list:  [0.5, 0.5, 0.93, 0.93, 1, 1, 0.16199999999999998, 0.16199999999999998, 0.33, 0.33, 0.36, 0.36, 0.015000000000000013, 0.04499999999999987, 1, 0.21, 0.99, 0.62, 0.25, 0.99, 0.99, 0.25, 0.25, 0.56, 0.45, 0.58, 0.44, 0.01, 0.62, 99, 99, 99]
--- num:  29
list:  [0.48, 0.48, 0.88, 0.88, 1, 1, 0.3010316002368927, 0.29842559576034544, 0.23, 0.23, 0.36, 0.36, 0.04499999999999987, 0.02999999999999986, 1, 0.22, 0.99, 0.62, 0.25, 0.99, 0.99, 0.25, 0.25, 0.58, 0.44, 0.57, 0.44, 0.01, 0.57, 99, 99, 99]
--- num:  29
list:  [0.48, 0.48, 0.89, 0.89, 1, 1, 0.16199999999999998, 0.16199999999999998, 0.28, 0.28, 0.37, 0.36, 0.04499999999999987, 0.02999999999999986, 1, 0.22, 0.985, 0.63, 0.25, 0.98, 0.99, 0.25, 0.25, 0.58, 0.43, 0.57, 0.44, 0.01, 0.55, 99, 99, 99]
--- num:  29
list:  [0.5, 0.5, 0.92, 0.92, 1, 1, 0.16199999999999998, 0.16199999999999998, 0.32, 0.32, 0.36, 0.36, 0.04499999999999987, 0.02999999999999986, 1, 0.22, 0.99, 0.62, 0.25, 0.99, 0.99, 0.25, 0.25, 0.58, 0.44, 0.57, 0.44, 0.01, 0.56, 99, 99, 99]
--- num:  29
list:  [0.5, 0.5, 0.93, 0.93, 1, 1, 0.16199999999999998, 0.16199999999999998, 0.32, 0.32, 0.37, 0.35, 0.02999999999999986, 0.015000000000000013, 1, 0.21, 0.99, 0.62, 0.25, 0.99, 0.99, 0.25, 0.25, 0.57, 0.44, 0.56, 0.44, 0.01, 0.57, 99, 99, 99]
--- num:  29
list:  [0.5, 0.5, 0.93, 0.93, 1, 1, 0.16199999999999998, 0.16199999999999998, 0.29, 0.29, 0.36, 0.36, 0.02999999999999986, 0.015000000000000013, 1, 0.21, 0.99, 0.62, 0.25, 0.99, 0.99, 0.25, 0.25, 0.57, 0.44, 0.56, 0.45, 0.01, 0.57, 99, 99, 99]
--- num:  29
list:  [0.49, 0.49, 0.91, 0.91, 1, 1, 0.24363009214401243, 0.24278257369995115, 0.2, 0.2, 0.35, 0.37, 0.04499999999999987, 0.04499999999999987, 1, 0.22, 0.99, 0.63, 0.25, 0.99, 0.99, 0.25, 0.25, 0.58, 0.44, 0.58, 0.44, 0.01, 0.58, 99, 99, 99]
--- num:  29
list:  [0.49, 0.49, 0.91, 0.91, 1, 1, 0.19928744018077849, 0.19853119134902952, 0.22, 0.22, 0.35, 0.37, 0.04499999999999987, 0.04499999999999987, 1, 0.22, 0.99, 0.63, 0.25, 0.99, 0.99, 0.25, 0.25, 0.58, 0.44, 0.58, 0.44, 0.01, 0.58, 99, 99, 99]
--- num:  29
list:  [0.5, 0.5, 0.92, 0.92, 1, 1, 0.16199999999999998, 0.16199999999999998, 0.34, 0.34, 0.34, 0.38, 0.015000000000000013, 0.015000000000000013, 1, 0.22, 0.99, 0.63, 0.25, 0.99, 0.99, 0.25, 0.25, 0.56, 0.45, 0.56, 0.45, 0.01, 0.57, 99, 99, 99]
--- num:  29
list:  [0.43, 0.43, 0.77, 0.77, 1, 1, 0.16199999999999998, 0.16199999999999998, 0.37, 0.37, 0.33, 0.39, 0, 0, 1, 0.25, 0.99, 0.65, 0.28, 0.99, 0.99, 0.28, 0.28, 0.31, 0.92, 0.32, 0.9, 0.01, 0.58, 99, 99, 99]
--- num:  29
list:  [0.41, 0.41, 0.73, 0.73, 1, 1, 0.16199999999999998, 0.16199999999999998, 0.48, 0.48, 0.31, 0.41, 0, 0, 1, 0.27, 0.98, 0.67, 0.28, 0.98, 0.98, 0.28, 0.28, 0.31, 0.92, 0.31, 0.92, 0.02, 0.65, 99, 99, 99]
--- num:  29
list:  [0.41, 0.41, 0.73, 0.73, 1, 1, 0.16199999999999998, 0.16199999999999998, 0.52, 0.52, 0.32, 0.4, 0, 0, 1, 0.27, 0.98, 0.66, 0.28, 0.98, 0.98, 0.28, 0.28, 0.31, 0.92, 0.31, 0.92, 0.02, 0.66, 99, 99, 99]
--- num:  29
list:  [0.56, 0.56, 1, 1, 0.97, 0.97, 0.9581587123870849, 0.9580977368354797, 0.38, 0.38, 0.34, 0.38, 0, 0, 1, 0.26, 0.97, 0.66, 0.28, 0.97, 0.97, 0.28, 0.28, 0.31, 0.92, 0.31, 0.92, 0.02, 0.66, 99, 99, 99]
--- num:  29
list:  [0.57, 0.57, 1, 1, 0.97, 0.97, 0.9715530681610107, 0.9715537238121033, 0.37, 0.37, 0.35, 0.37, 0, 0, 1, 0.26, 0.96, 0.66, 0.28, 0.96, 0.96, 0.28, 0.28, 0.33, 0.88, 0.35, 0.84, 0.02, 0.66, 99, 99, 99]
--- num:  29
list:  [0.57, 0.57, 1, 1, 0.97, 0.97, 0.7187959957122803, 0.716476182937622, 0.21, 0.21, 0.36, 0.36, 0, 0, 1, 0.26, 0.94, 0.66, 0.29, 0.94, 0.94, 0.29, 0.29, 0.32, 0.9, 0.34, 0.86, 0.02, 0.6, 99, 99, 99]
--- num:  29
list:  [0.56, 0.56, 1, 1, 0.97, 0.97, 0.5121238040924072, 0.5106117534637451, 0.25, 0.24, 0.36, 0.35, 0, 0, 1, 0.26, 0.94, 0.65, 0.29, 0.94, 0.94, 0.29, 0.29, 0.36, 0.82, 0.38, 0.79, 0.02, 0.59, 99, 99, 99]
--- num:  29
list:  [0.57, 0.57, 1, 1, 0.97, 0.97, 0.9693574118614197, 0.9693903732299805, 0.35, 0.35, 0.38, 0.34, 0, 0, 0.75, 0.26, 0.92, 0.66, 0.29, 0.92, 0.92, 0.29, 0.29, 0.5, 0.55, 0.52, 0.51, 0.02, 0.58, 99, 99, 99]
--- num:  29
list:  [0.57, 0.57, 1, 1, 0.97, 0.97, 0.9695272254943847, 0.9695226955413818, 0.37, 0.37, 0.39, 0.33, 0, 0, 0.75, 0.26, 0.915, 0.66, 0.29, 0.92, 0.91, 0.29, 0.29, 0.48, 0.59, 0.5, 0.54, 0.02, 0.56, 99, 99, 99]
--- num:  29
list:  [0.57, 0.57, 1, 1, 0.97, 0.97, 0.9681907105445862, 0.9681847500801086, 0.36, 0.36, 0.39, 0.33, 0, 0, 0.75, 0.26, 0.91, 0.66, 0.29, 0.91, 0.91, 0.29, 0.29, 0.53, 0.49, 0.55, 0.45, 0.02, 0.56, 99, 99, 99]
--- num:  29
list:  [0.56, 0.56, 1, 1, 0.97, 0.97, 0.9271787810325622, 0.9270176696777344, 0.33, 0.33, 0.38, 0.34, 0.2849999999999999, 0.345, 0.75, 0.26, 0.905, 0.66, 0.3, 0.91, 0.9, 0.3, 0.3, 0.74, 0.36, 0.78, 0.35, 0.03, 0.53, 99, 99, 99]
--- num:  29
list:  [0.56, 0.56, 1, 1, 0.97, 0.97, 0.8962505865097046, 0.8960944819450378, 0.3, 0.3, 0.39, 0.33, 0.2699999999999999, 0.32999999999999996, 0.75, 0.26, 0.91, 0.66, 0.3, 0.91, 0.91, 0.3, 0.3, 0.73, 0.37, 0.77, 0.35, 0.03, 0.52, 99, 99, 99]
--- num:  29
list:  [0.56, 0.56, 1, 1, 0.98, 0.98, 0.8519047904014587, 0.8510153698921203, 0.26, 0.26, 0.4, 0.32, 0.20999999999999985, 0.2549999999999999, 0.75, 0.26, 0.92, 0.66, 0.31, 0.92, 0.92, 0.31, 0.31, 0.69, 0.39, 0.72, 0.37, 0.03, 0.51, 99, 99, 99]
--- num:  29
list:  [0.56, 0.56, 1, 1, 0.97, 0.97, 0.9543711352348327, 0.9544032025337219, 0.37, 0.37, 0.42, 0.3, 0.10499999999999993, 0.14999999999999997, 0.75, 0.26, 0.92, 0.66, 0.3, 0.92, 0.92, 0.3, 0.3, 0.62, 0.42, 0.65, 0.4, 0.03, 0.5, 99, 99, 99]
--- num:  29
list:  [0.57, 0.57, 1, 1, 0.97, 0.97, 0.9563045907020569, 0.9563269424438476, 0.39, 0.39, 0.44, 0.29, 0, 0.015000000000000013, 0.75, 0.27, 0.92, 0.66, 0.3, 0.92, 0.92, 0.3, 0.3, 0.54, 0.46, 0.56, 0.44, 0.03, 0.48, 99, 99, 99]
--- num:  29
list:  [0.56, 0.56, 1, 1, 0.98, 0.98, 0.4456744301319122, 0.4460727083683014, 0.26, 0.26, 0.42, 0.29, 0, 0, 1, 0.27, 0.94, 0.66, 0.3, 0.94, 0.94, 0.3, 0.3, 0.31, 0.92, 0.31, 0.92, 0.04, 0.43, 99, 99, 99]
--- num:  29
list:  [0.56, 0.56, 1, 1, 0.98, 0.98, 0.2531291353702545, 0.2531389999389648, 0.33, 0.33, 0.37, 0.34, 0, 0, 1, 0.27, 0.95, 0.67, 0.3, 0.95, 0.95, 0.3, 0.3, 0.31, 0.92, 0.31, 0.92, 0.04, 0.4, 99, 99, 99]
--- num:  29
list:  [0.56, 0.56, 1, 1, 0.98, 0.98, 0.21639740049839018, 0.2164680618047714, 0.37, 0.37, 0.51, 0.2, 0, 0, 1, 0.27, 0.955, 0.67, 0.31, 0.95, 0.96, 0.31, 0.31, 0.34, 0.86, 0.33, 0.87, 0.04, 0.4, 99, 99, 99]
--- num:  29
list:  [0.31, 0.31, 0.48, 0.48, 1, 1, 0.16199999999999998, 0.16199999999999998, 0.44, 0.44, 0.57, 0.14, 0, 0, 1, 0.28, 0.95, 0.67, 0.31, 0.95, 0.95, 0.31, 0.31, 0.49, 0.56, 0.49, 0.57, 0.04, 0.41, 99, 99, 99]
--- num:  29
list:  [0.29, 0.29, 0.45, 0.45, 1, 1, 0.16199999999999998, 0.16199999999999998, 0.45, 0.45, 0.54, 0.17, 0.015000000000000013, 0, 1, 0.28, 0.95, 0.67, 0.33, 0.95, 0.95, 0.33, 0.33, 0.56, 0.45, 0.55, 0.45, 0.05, 0.42, 99, 99, 99]
--- num:  29
list:  [0.29, 0.29, 0.43, 0.43, 1, 1, 0.16199999999999998, 0.16199999999999998, 0.43, 0.43, 0.52, 0.19, 0.32999999999999996, 0.31499999999999995, 1, 0.28, 0.94, 0.68, 0.34, 0.94, 0.94, 0.34, 0.34, 0.77, 0.35, 0.76, 0.36, 0.05, 0.43, 99, 99, 99]
--- num:  29
list:  [0.28, 0.28, 0.41, 0.41, 1, 1, 0.23844815373420714, 0.23802549719810484, 0.38, 0.38, 0.45, 0.26, 0.36, 0.39, 0.75, 0.28, 0.935, 0.67, 0.34, 0.93, 0.94, 0.34, 0.34, 0.79, 0.34, 0.81, 0.34, 0.07, 0.45, 99, 99, 99]
--- num:  29
list:  [0.31, 0.31, 0.48, 0.48, 1, 1, 0.9368116664886474, 0.9365528631210327, 0.43, 0.43, 0.45, 0.27, 0.345, 0.36, 0.75, 0.27, 0.92, 0.67, 0.33, 0.92, 0.92, 0.33, 0.33, 0.78, 0.35, 0.79, 0.34, 0.05, 0.46, 99, 99, 99]
--- num:  29
list:  [0.28, 0.28, 0.42, 0.42, 1, 1, 0.3395137298107147, 0.3381680357456207, 0.32, 0.32, 0.45, 0.26, 0.345, 0.375, 0.75, 0.27, 0.92, 0.67, 0.34, 0.92, 0.92, 0.34, 0.34, 0.78, 0.35, 0.8, 0.34, 0.05, 0.48, 99, 99, 99]
--- num:  29
list:  [0.24, 0.24, 0.33, 0.33, 1, 1, 0.22361120164394377, 0.22161770939826964, 0.35, 0.35, 0.45, 0.26, 0.32999999999999996, 0.36, 0.75, 0.27, 0.92, 0.67, 0.36, 0.92, 0.92, 0.36, 0.36, 0.77, 0.35, 0.79, 0.35, 0.06, 0.5, 99, 99, 99]
--- num:  29
list:  [0.34, 0.34, 0.56, 0.56, 1, 1, 0.9563442277908325, 0.9563899445533752, 0.45, 0.45, 0.43, 0.3, 0.2849999999999999, 0.31499999999999995, 0.75, 0.27, 0.93, 0.67, 0.34, 0.93, 0.93, 0.34, 0.34, 0.74, 0.37, 0.76, 0.36, 0.06, 0.51, 99, 99, 99]
--- num:  29
list:  [0.56, 0.56, 1, 1, 0.98, 0.98, 0.6261982131004333, 0.6265240120887756, 0.3, 0.3, 0.48, 0.24, 0, 0, 0.75, 0.27, 0.935, 0.67, 0.33, 0.94, 0.93, 0.33, 0.33, 0.52, 0.52, 0.53, 0.5, 0.06, 0.42, 99, 99, 99]
--- num:  29
list:  [0.56, 0.56, 1, 1, 0.98, 0.98, 0.22691058695316313, 0.2269460219144821, 0.35, 0.35, 0.44, 0.26, 0, 0, 1, 0.27, 0.95, 0.66, 0.33, 0.95, 0.95, 0.33, 0.33, 0.35, 0.84, 0.35, 0.83, 0.06, 0.4, 99, 99, 99]
--- num:  29
list:  [0.56, 0.56, 1, 1, 0.98, 0.98, 0.16199999999999998, 0.16199999999999998, 0.37, 0.37, 0.43, 0.28, 0, 0, 1, 0.27, 0.96, 0.67, 0.32, 0.96, 0.96, 0.32, 0.32, 0.33, 0.87, 0.33, 0.88, 0.06, 0.39, 99, 99, 99]
--- num:  29
list:  [0.56, 0.56, 1, 1, 0.98, 0.98, 0.16199999999999998, 0.16199999999999998, 0.39, 0.39, 0.39, 0.32, 0, 0, 1, 0.27, 0.96, 0.67, 0.31, 0.96, 0.96, 0.31, 0.31, 0.33, 0.88, 0.32, 0.91, 0.05, 0.39, 99, 99, 99]
--- num:  29
list:  [0.56, 0.56, 1, 1, 0.97, 0.97, 0.9536104607582092, 0.9534442234039306, 0.53, 0.53, 0.52, 0.21, 0, 0, 1, 0.27, 0.96, 0.67, 0.31, 0.96, 0.96, 0.31, 0.31, 0.38, 0.78, 0.37, 0.79, 0.05, 0.39, 99, 99, 99]
--- num:  29
list:  [0.57, 0.57, 1, 1, 0.97, 0.97, 0.8810298252105713, 0.8810242819786072, 0.42, 0.42, 0.52, 0.2, 0, 0, 1, 0.27, 0.95, 0.67, 0.31, 0.95, 0.95, 0.31, 0.31, 0.38, 0.77, 0.38, 0.79, 0.04, 0.4, 99, 99, 99]
--- num:  29
list:  [0.56, 0.56, 1, 1, 0.98, 0.98, 0.2905829656124115, 0.2902466762065887, 0.34, 0.34, 0.51, 0.2, 0, 0, 1, 0.27, 0.955, 0.67, 0.31, 0.95, 0.96, 0.31, 0.31, 0.35, 0.84, 0.34, 0.86, 0.04, 0.4, 99, 99, 99]
--- num:  29
list:  [0.56, 0.56, 1, 1, 0.98, 0.98, 0.29959754228591917, 0.2993583786487579, 0.32, 0.32, 0.5, 0.2, 0, 0, 1, 0.27, 0.96, 0.67, 0.31, 0.96, 0.96, 0.31, 0.31, 0.37, 0.8, 0.36, 0.82, 0.05, 0.4, 99, 99, 99]
--- num:  29
list:  [0.57, 0.57, 1, 1, 0.97, 0.97, 0.9665257740020752, 0.9665239858627319, 0.51, 0.51, 0.5, 0.22, 0, 0, 0.75, 0.27, 0.95, 0.67, 0.3, 0.95, 0.95, 0.3, 0.3, 0.43, 0.67, 0.43, 0.69, 0.04, 0.41, 99, 99, 99]
--- num:  29
list:  [0.57, 0.57, 1, 1, 0.97, 0.97, 0.9542770195007324, 0.9542708206176758, 0.47, 0.47, 0.49, 0.23, 0, 0, 0.75, 0.27, 0.94, 0.67, 0.3, 0.94, 0.94, 0.3, 0.3, 0.47, 0.61, 0.47, 0.61, 0.04, 0.42, 99, 99, 99]
--- num:  29
list:  [0.57, 0.57, 1, 1, 0.97, 0.97, 0.9184623765945434, 0.9184506940841675, 0.42, 0.42, 0.48, 0.24, 0, 0, 0.75, 0.27, 0.94, 0.67, 0.3, 0.94, 0.94, 0.3, 0.3, 0.49, 0.56, 0.49, 0.57, 0.04, 0.42, 99, 99, 99]
--- num:  29
list:  [0.56, 0.56, 1, 1, 0.97, 0.97, 0.7639992642402649, 0.7615065383911133, 0.29, 0.29, 0.47, 0.25, 0, 0, 0.75, 0.27, 0.945, 0.66, 0.31, 0.94, 0.95, 0.31, 0.31, 0.54, 0.47, 0.53, 0.49, 0.04, 0.42, 99, 99, 99]
--- num:  29
list:  [0.56, 0.56, 1, 1, 0.98, 0.98, 0.7480950164794922, 0.7459335136413574, 0.28, 0.28, 0.46, 0.25, 0, 0, 0.75, 0.27, 0.945, 0.66, 0.31, 0.94, 0.95, 0.31, 0.31, 0.54, 0.47, 0.54, 0.47, 0.04, 0.42, 99, 99, 99]
--- num:  29
list:  [0.56, 0.56, 1, 1, 0.98, 0.98, 0.7854075837135315, 0.7845762777328491, 0.29, 0.29, 0.44, 0.28, 0.05999999999999989, 0.05999999999999989, 0.75, 0.27, 0.95, 0.66, 0.31, 0.95, 0.95, 0.31, 0.31, 0.59, 0.43, 0.59, 0.43, 0.04, 0.43, 99, 99, 99]
--- num:  29
list:  [0.56, 0.56, 1, 1, 0.98, 0.98, 0.7915293383598327, 0.7896723556518555, 0.29, 0.29, 0.41, 0.3, 0.08999999999999991, 0.0749999999999999, 0.75, 0.26, 0.95, 0.66, 0.31, 0.95, 0.95, 0.31, 0.31, 0.61, 0.42, 0.6, 0.43, 0.04, 0.45, 99, 99, 99]
--- num:  29
list:  [0.55, 0.55, 1, 1, 0.98, 0.98, 0.788487057685852, 0.7860561418533325, 0.29, 0.29, 0.39, 0.32, 0.10499999999999993, 0.11999999999999994, 0.75, 0.26, 0.95, 0.66, 0.32, 0.95, 0.95, 0.32, 0.32, 0.62, 0.42, 0.63, 0.41, 0.05, 0.47, 99, 99, 99]
--- num:  29
list:  [0.35, 0.35, 0.58, 0.58, 1, 1, 0.8105007815361023, 0.8084993171691894, 0.3, 0.3, 0.38, 0.34, 0.11999999999999994, 0.11999999999999994, 0.75, 0.27, 0.95, 0.66, 0.32, 0.95, 0.95, 0.32, 0.32, 0.63, 0.42, 0.63, 0.41, 0.05, 0.48, 99, 99, 99]
--- num:  29
list:  [0.33, 0.33, 0.54, 0.54, 1, 1, 0.7186906743049621, 0.7160409498214722, 0.25, 0.25, 0.36, 0.36, 0.18, 0.18, 0.75, 0.27, 0.95, 0.66, 0.32, 0.95, 0.95, 0.32, 0.32, 0.67, 0.4, 0.67, 0.4, 0.05, 0.49, 99, 99, 99]
--- num:  29
list:  [0.31, 0.31, 0.49, 0.49, 1, 1, 0.7362636137008667, 0.7265214729309082, 0.26, 0.26, 0.34, 0.37, 0.18, 0.16499999999999998, 0.75, 0.26, 0.95, 0.66, 0.32, 0.95, 0.95, 0.32, 0.32, 0.67, 0.4, 0.66, 0.4, 0.05, 0.5, 99, 99, 99]
--- num:  29
list:  [0.31, 0.31, 0.49, 0.49, 1, 1, 0.748620491027832, 0.7447116780281067, 0.26, 0.26, 0.33, 0.38, 0.08999999999999991, 0.10499999999999993, 0.75, 0.26, 0.95, 0.66, 0.32, 0.95, 0.95, 0.32, 0.32, 0.61, 0.42, 0.62, 0.42, 0.05, 0.52, 99, 99, 99]
--- num:  29
list:  [0.31, 0.31, 0.49, 0.49, 1, 1, 0.7710746932029724, 0.7686067032814026, 0.27, 0.27, 0.33, 0.38, 0.10499999999999993, 0.10499999999999993, 1, 0.26, 0.95, 0.66, 0.31, 0.95, 0.95, 0.31, 0.31, 0.62, 0.42, 0.62, 0.42, 0.05, 0.52, 99, 99, 99]
--- num:  29
list:  [0.56, 0.56, 1, 1, 0.98, 0.98, 0.9392558145523071, 0.9394308137893677, 0.4, 0.4, 0.39, 0.33, 0.015000000000000013, 0.04499999999999987, 0.75, 0.26, 0.95, 0.66, 0.3, 0.95, 0.95, 0.3, 0.3, 0.56, 0.44, 0.58, 0.44, 0.04, 0.56, 99, 99, 99]
--- num:  29
list:  [0.57, 0.57, 1, 1, 0.97, 0.97, 0.9452391076087951, 0.945372622013092, 0.4, 0.4, 0.39, 0.33, 0, 0, 0.75, 0.26, 0.95, 0.66, 0.3, 0.95, 0.95, 0.3, 0.3, 0.53, 0.49, 0.55, 0.45, 0.04, 0.59, 99, 99, 99]
--- num:  29
list:  [0.57, 0.57, 1, 1, 0.97, 0.97, 0.9470353531837463, 0.9470970439910888, 0.4, 0.4, 0.39, 0.33, 0, 0, 0.75, 0.26, 0.945, 0.66, 0.3, 0.94, 0.95, 0.3, 0.3, 0.53, 0.48, 0.55, 0.45, 0.04, 0.61, 99, 99, 99]
--- num:  29
list:  [0.57, 0.57, 1, 1, 0.97, 0.97, 0.9433998274803161, 0.943327407836914, 0.38, 0.38, 0.37, 0.35, 0, 0, 0.75, 0.26, 0.945, 0.66, 0.3, 0.94, 0.95, 0.3, 0.3, 0.54, 0.47, 0.55, 0.45, 0.04, 0.61, 99, 99, 99]
--- num:  29
list:  [0.56, 0.56, 1, 1, 0.97, 0.97, 0.915566246509552, 0.9150687265396118, 0.36, 0.36, 0.36, 0.36, 0, 0.02999999999999986, 0.75, 0.26, 0.95, 0.65, 0.3, 0.95, 0.95, 0.3, 0.3, 0.55, 0.45, 0.57, 0.44, 0.04, 0.6, 99, 99, 99]
--- num:  29
list:  [0.56, 0.56, 1, 1, 0.98, 0.98, 0.905189197063446, 0.9043383407592773, 0.36, 0.36, 0.35, 0.37, 0.015000000000000013, 0.02999999999999986, 0.75, 0.25, 0.95, 0.65, 0.3, 0.95, 0.95, 0.3, 0.3, 0.56, 0.45, 0.57, 0.44, 0.04, 0.6, 99, 99, 99]
--- num:  29
list:  [0.56, 0.56, 1, 1, 0.98, 0.98, 0.8644997882843017, 0.8634882378578186, 0.32, 0.32, 0.32, 0.4, 0.04499999999999987, 0.04499999999999987, 0.75, 0.25, 0.95, 0.65, 0.3, 0.95, 0.95, 0.3, 0.3, 0.58, 0.44, 0.58, 0.44, 0.04, 0.59, 99, 99, 99]
--- num:  29
list:  [0.56, 0.56, 1, 1, 0.98, 0.98, 0.8657414722442627, 0.864818971157074, 0.34, 0.34, 0.34, 0.38, 0.02999999999999986, 0.02999999999999986, 0.75, 0.25, 0.95, 0.65, 0.3, 0.95, 0.95, 0.3, 0.3, 0.57, 0.44, 0.57, 0.44, 0.04, 0.59, 99, 99, 99]
--- num:  29
list:  [0.32, 0.32, 0.52, 0.52, 1, 1, 0.630175154209137, 0.5936617660522461, 0.24, 0.24, 0.34, 0.37, 0, 0, 1, 0.26, 0.955, 0.65, 0.3, 0.95, 0.96, 0.3, 0.3, 0.53, 0.48, 0.53, 0.5, 0.04, 0.61, 99, 99, 99]
--- num:  29
list:  [0.33, 0.33, 0.54, 0.54, 1, 1, 0.622608642578125, 0.5761596369743347, 0.25, 0.25, 0.33, 0.38, 0, 0, 1, 0.26, 0.96, 0.66, 0.3, 0.96, 0.96, 0.3, 0.3, 0.52, 0.51, 0.51, 0.53, 0.04, 0.64, 99, 99, 99]
--- num:  29
list:  [0.35, 0.35, 0.58, 0.58, 1, 1, 0.6107592391967773, 0.5675674486160278, 0.25, 0.25, 0.33, 0.38, 0, 0, 1, 0.26, 0.96, 0.66, 0.3, 0.96, 0.96, 0.3, 0.3, 0.52, 0.51, 0.51, 0.53, 0.04, 0.66, 99, 99, 99]
--- num:  29
list:  [0.35, 0.35, 0.57, 0.57, 1, 1, 0.5341490912437439, 0.5018135714530945, 0.26, 0.26, 0.33, 0.38, 0, 0, 1, 0.26, 0.96, 0.66, 0.3, 0.96, 0.96, 0.3, 0.3, 0.49, 0.57, 0.48, 0.59, 0.04, 0.67, 99, 99, 99]
--- num:  29
list:  [0.35, 0.35, 0.58, 0.58, 1, 1, 0.4679484176635742, 0.45502270340919493, 0.27, 0.27, 0.35, 0.36, 0, 0, 1, 0.26, 0.965, 0.66, 0.3, 0.96, 0.97, 0.3, 0.3, 0.49, 0.56, 0.48, 0.59, 0.04, 0.7, 99, 99, 99]
--- num:  29
list:  [0.36, 0.36, 0.6, 0.6, 1, 1, 0.5024716067314148, 0.48245654582977293, 0.27, 0.27, 0.36, 0.36, 0, 0, 1, 0.26, 0.965, 0.66, 0.3, 0.96, 0.97, 0.3, 0.3, 0.47, 0.61, 0.46, 0.63, 0.04, 0.73, 99, 99, 99]
--- num:  29
list:  [0.36, 0.36, 0.61, 0.61, 1, 1, 0.4721038746833801, 0.4502937304973602, 0.28, 0.28, 0.34, 0.37, 0, 0, 1, 0.26, 0.965, 0.66, 0.3, 0.96, 0.97, 0.3, 0.3, 0.42, 0.7, 0.41, 0.71, 0.05, 0.88, 99, 99, 99]
--- num:  29
list:  [0.37, 0.37, 0.63, 0.63, 1, 1, 0.5210662293434143, 0.4762981641292572, 0.28, 0.28, 0.31, 0.4, 0, 0, 1, 0.27, 0.97, 0.66, 0.3, 0.97, 0.97, 0.3, 0.3, 0.4, 0.75, 0.4, 0.75, 0.05, 0.99, 99, 99, 99]
--- num:  29
list:  [0.38, 0.38, 0.64, 0.64, 1, 1, 0.525748233795166, 0.49400518417358397, 0.28, 0.28, 0.42, 0.3, 0, 0, 1, 0.27, 0.97, 0.67, 0.3, 0.97, 0.97, 0.3, 0.3, 0.41, 0.72, 0.41, 0.72, 0.05, 1, 99, 99, 99]
--- num:  29
list:  [0.38, 0.38, 0.66, 0.66, 1, 1, 0.4892175006866455, 0.47547860026359556, 0.28, 0.28, 0.42, 0.29, 0, 0, 1, 0.27, 0.97, 0.67, 0.3, 0.97, 0.97, 0.3, 0.3, 0.4, 0.73, 0.41, 0.73, 0.05, 1.0, 99, 99, 99]
--- num:  29
list:  [0.4, 0.4, 0.69, 0.69, 1, 1, 0.4777813959121704, 0.4669737923145294, 0.28, 0.28, 0.42, 0.3, 0, 0, 1, 0.28, 0.97, 0.67, 0.3, 0.97, 0.97, 0.3, 0.3, 0.4, 0.75, 0.4, 0.74, 0.06, 0.91, 99, 99, 99]
--- num:  29
list:  [0.39, 0.39, 0.69, 0.69, 1, 1, 0.37753586053848265, 0.37097389578819273, 0.29, 0.29, 0.48, 0.24, 0, 0, 1, 0.29, 0.97, 0.68, 0.3, 0.97, 0.97, 0.3, 0.3, 0.4, 0.73, 0.41, 0.72, 0.06, 0.89, 99, 99, 99]
--- num:  29
list:  [0.4, 0.4, 0.69, 0.69, 1, 1, 0.3464423823356628, 0.3402257966995239, 0.3, 0.3, 0.48, 0.23, 0, 0, 1, 0.29, 0.975, 0.68, 0.3, 0.97, 0.98, 0.3, 0.3, 0.4, 0.74, 0.41, 0.72, 0.06, 0.89, 99, 99, 99]
--- num:  29
list:  [0.4, 0.4, 0.69, 0.69, 1, 1, 0.45354787588119505, 0.43061150193214415, 0.29, 0.29, 0.47, 0.25, 0, 0, 1, 0.29, 0.975, 0.68, 0.3, 0.97, 0.98, 0.3, 0.3, 0.4, 0.74, 0.41, 0.73, 0.07, 0.92, 99, 99, 99]
--- num:  29
list:  [0.56, 0.56, 1, 1, 0.98, 0.98, 0.9521382260322571, 0.9524732637405395, 0.39, 0.39, 0.39, 0.34, 0, 0, 1, 0.29, 0.975, 0.68, 0.3, 0.97, 0.98, 0.3, 0.3, 0.38, 0.77, 0.41, 0.72, 0.06, 0.94, 99, 99, 99]
--- num:  29
list:  [0.56, 0.56, 1, 1, 0.98, 0.98, 0.5879161167144775, 0.5762799191474914, 0.29, 0.29, 0.27, 0.44, 0, 0, 1, 0.3, 0.97, 0.68, 0.3, 0.97, 0.97, 0.3, 0.3, 0.39, 0.75, 0.41, 0.72, 0.05, 0.82, 99, 99, 99]
--- num:  29
list:  [0.38, 0.38, 0.65, 0.65, 1, 1, 0.16199999999999998, 0.16199999999999998, 0.41, 0.41, 0.31, 0.39, 0, 0, 1, 0.3, 0.97, 0.69, 0.3, 0.97, 0.97, 0.3, 0.3, 0.38, 0.78, 0.4, 0.75, 0.05, 0.71, 99, 99, 99]
--- num:  29
list:  [0.37, 0.37, 0.64, 0.64, 1, 1, 0.16199999999999998, 0.16199999999999998, 0.43, 0.43, 0.36, 0.35, 0, 0, 1, 0.3, 0.97, 0.69, 0.3, 0.97, 0.97, 0.3, 0.3, 0.44, 0.67, 0.45, 0.65, 0.05, 0.64, 99, 99, 99]
--- num:  29
list:  [0.38, 0.38, 0.66, 0.66, 1, 1, 0.16199999999999998, 0.16199999999999998, 0.42, 0.42, 0.39, 0.32, 0, 0, 1, 0.3, 0.97, 0.69, 0.31, 0.97, 0.97, 0.31, 0.31, 0.42, 0.71, 0.43, 0.69, 0.05, 0.61, 99, 99, 99]
--- num:  29
list:  [0.39, 0.39, 0.67, 0.67, 1, 1, 0.16199999999999998, 0.16199999999999998, 0.43, 0.43, 0.41, 0.3, 0, 0, 1, 0.3, 0.97, 0.69, 0.31, 0.97, 0.97, 0.31, 0.31, 0.41, 0.73, 0.42, 0.71, 0.05, 0.56, 99, 99, 99]
--- num:  29
list:  [0.39, 0.39, 0.69, 0.69, 1, 1, 0.16199999999999998, 0.16199999999999998, 0.43, 0.43, 0.43, 0.28, 0, 0, 1, 0.3, 0.97, 0.69, 0.31, 0.97, 0.97, 0.31, 0.31, 0.41, 0.73, 0.41, 0.72, 0.05, 0.54, 99, 99, 99]
--- num:  29
list:  [0.4, 0.4, 0.69, 0.69, 1, 1, 0.16199999999999998, 0.16199999999999998, 0.43, 0.43, 0.44, 0.26, 0, 0, 1, 0.3, 0.97, 0.69, 0.31, 0.97, 0.97, 0.31, 0.31, 0.36, 0.82, 0.36, 0.81, 0.05, 0.52, 99, 99, 99]
--- num:  29
list:  [0.41, 0.41, 0.73, 0.73, 1, 1, 0.2073563742637634, 0.20715988755226133, 0.4, 0.4, 0.45, 0.26, 0, 0, 1, 0.3, 0.97, 0.69, 0.31, 0.97, 0.97, 0.31, 0.31, 0.37, 0.8, 0.37, 0.79, 0.05, 0.51, 99, 99, 99]
--- num:  29
list:  [0.44, 0.44, 0.78, 0.78, 1, 1, 0.16199999999999998, 0.16199999999999998, 0.44, 0.44, 0.44, 0.27, 0, 0, 1, 0.31, 0.98, 0.69, 0.31, 0.98, 0.98, 0.31, 0.31, 0.31, 0.92, 0.31, 0.92, 0.05, 0.51, 99, 99, 99]
--- num:  29
list:  [0.45, 0.45, 0.81, 0.81, 1, 1, 0.16199999999999998, 0.16199999999999998, 0.53, 0.53, 0.43, 0.28, 0, 0, 1, 0.31, 0.98, 0.69, 0.3, 0.98, 0.98, 0.3, 0.3, 0.31, 0.92, 0.31, 0.92, 0.05, 0.51, 99, 99, 99]
--- num:  29
list:  [0.45, 0.45, 0.82, 0.82, 1, 1, 0.16199999999999998, 0.16199999999999998, 0.54, 0.54, 0.43, 0.28, 0, 0, 1, 0.31, 0.98, 0.69, 0.3, 0.98, 0.98, 0.3, 0.3, 0.31, 0.92, 0.31, 0.92, 0.05, 0.51, 99, 99, 99]
--- num:  29
list:  [0.45, 0.45, 0.82, 0.82, 1, 1, 0.16199999999999998, 0.16199999999999998, 0.55, 0.55, 0.43, 0.28, 0, 0, 1, 0.31, 0.985, 0.69, 0.3, 0.98, 0.99, 0.3, 0.3, 0.31, 0.92, 0.31, 0.92, 0.05, 0.51, 99, 99, 99]
--- num:  29
list:  [0.45, 0.45, 0.82, 0.82, 1, 1, 0.16199999999999998, 0.16199999999999998, 0.54, 0.54, 0.42, 0.29, 0, 0, 1, 0.31, 0.99, 0.69, 0.29, 0.99, 0.99, 0.29, 0.29, 0.31, 0.92, 0.31, 0.92, 0.05, 0.51, 99, 99, 99]
--- num:  29
list:  [0.45, 0.45, 0.83, 0.83, 1, 1, 0.16199999999999998, 0.16199999999999998, 0.54, 0.54, 0.4, 0.31, 0, 0, 1, 0.31, 0.99, 0.69, 0.29, 0.99, 0.99, 0.29, 0.29, 0.31, 0.92, 0.31, 0.92, 0.05, 0.52, 99, 99, 99]
--- num:  29
list:  [0.43, 0.43, 0.78, 0.78, 1, 1, 0.8683072733879089, 0.8646100568771362, 0.39, 0.39, 0.37, 0.35, 0, 0, 1, 0.31, 0.985, 0.69, 0.29, 0.98, 0.99, 0.29, 0.29, 0.31, 0.92, 0.31, 0.92, 0.05, 0.59, 99, 99, 99]
--- num:  29
list:  [0.56, 0.56, 1, 1, 0.98, 0.98, 0.3728338587284088, 0.3713666009902954, 0.29, 0.29, 0.38, 0.33, 0, 0, 1, 0.3, 0.98, 0.69, 0.29, 0.98, 0.98, 0.29, 0.29, 0.31, 0.92, 0.32, 0.9, 0.04, 0.64, 99, 99, 99]
--- num:  29
list:  [0.37, 0.37, 0.64, 0.64, 1, 1, 0.16199999999999998, 0.16199999999999998, 0.4, 0.4, 0.42, 0.29, 0, 0, 1, 0.3, 0.98, 0.68, 0.29, 0.98, 0.98, 0.29, 0.29, 0.31, 0.92, 0.31, 0.92, 0.04, 0.66, 99, 99, 99]
--- num:  29
list:  [0.37, 0.37, 0.64, 0.64, 1, 1, 0.16199999999999998, 0.16199999999999998, 0.48, 0.48, 0.3, 0.41, 0, 0, 1, 0.29, 0.98, 0.68, 0.29, 0.98, 0.98, 0.29, 0.29, 0.31, 0.92, 0.31, 0.92, 0.04, 0.68, 99, 99, 99]
--- num:  29
list:  [0.4, 0.4, 0.71, 0.71, 1, 1, 0.16199999999999998, 0.16199999999999998, 0.59, 0.59, 0.26, 0.45, 0, 0, 1, 0.29, 0.98, 0.68, 0.29, 0.98, 0.98, 0.29, 0.29, 0.31, 0.92, 0.31, 0.92, 0.04, 0.69, 99, 99, 99]
--- num:  29
list:  [0.43, 0.43, 0.78, 0.78, 1, 1, 0.16199999999999998, 0.16199999999999998, 0.61, 0.61, 0.28, 0.44, 0, 0, 1, 0.3, 0.985, 0.68, 0.28, 0.98, 0.99, 0.28, 0.28, 0.31, 0.92, 0.31, 0.92, 0.05, 0.76, 99, 99, 99]
--- num:  29
list:  [0.45, 0.45, 0.8, 0.8, 1, 1, 0.16199999999999998, 0.16199999999999998, 0.61, 0.61, 0.28, 0.44, 0, 0, 1, 0.3, 0.99, 0.69, 0.28, 0.99, 0.99, 0.28, 0.28, 0.31, 0.92, 0.31, 0.92, 0.05, 0.78, 99, 99, 99]
--- num:  29
list:  [0.45, 0.45, 0.81, 0.81, 1, 1, 0.16199999999999998, 0.16199999999999998, 0.61, 0.61, 0.29, 0.43, 0, 0, 1, 0.3, 0.99, 0.69, 0.28, 0.99, 0.99, 0.28, 0.28, 0.31, 0.92, 0.31, 0.92, 0.05, 0.81, 99, 99, 99]
--- num:  29
list:  [0.45, 0.45, 0.82, 0.82, 1, 1, 0.16199999999999998, 0.16199999999999998, 0.62, 0.62, 0.3, 0.42, 0, 0, 1, 0.31, 0.99, 0.69, 0.28, 0.99, 0.99, 0.28, 0.28, 0.31, 0.92, 0.31, 0.92, 0.05, 0.8, 99, 99, 99]
--- num:  29
list:  [0.45, 0.45, 0.82, 0.82, 1, 1, 0.16199999999999998, 0.16199999999999998, 0.62, 0.62, 0.31, 0.41, 0, 0, 1, 0.31, 0.99, 0.7, 0.28, 0.99, 0.99, 0.28, 0.28, 0.31, 0.92, 0.31, 0.92, 0.05, 0.76, 99, 99, 99]
--- num:  29
list:  [0.45, 0.45, 0.82, 0.82, 1, 1, 0.16199999999999998, 0.16199999999999998, 0.57, 0.57, 0.31, 0.41, 0, 0, 1, 0.32, 0.99, 0.7, 0.28, 0.99, 0.99, 0.28, 0.28, 0.31, 0.92, 0.31, 0.92, 0.05, 0.75, 99, 99, 99]
--- num:  29
list:  [0.56, 0.56, 1, 1, 0.98, 0.98, 0.24372408866882322, 0.24196348667144774, 0.38, 0.38, 0.18, 0.54, 0, 0, 1, 0.29, 0.99, 0.68, 0.3, 0.99, 0.99, 0.3, 0.3, 0.31, 0.92, 0.31, 0.92, 0.05, 0.71, 99, 99, 99]
--- num:  29
list:  [0.56, 0.56, 1, 1, 0.98, 0.98, 0.16199999999999998, 0.16199999999999998, 0.53, 0.53, 0.11, 0.61, 0, 0, 1, 0.26, 0.99, 0.66, 0.3, 0.99, 0.99, 0.3, 0.3, 0.47, 0.61, 0.45, 0.64, 0.05, 0.52, 99, 99, 99]
--- num:  29
list:  [0.56, 0.56, 1, 1, 0.98, 0.98, 0.16199999999999998, 0.16199999999999998, 0.53, 0.53, 0.15, 0.58, 0, 0, 1, 0.25, 0.985, 0.65, 0.3, 0.98, 0.99, 0.3, 0.3, 0.52, 0.5, 0.49, 0.57, 0.05, 0.49, 99, 99, 99]
--- num:  29
list:  [0.56, 0.56, 1, 1, 0.98, 0.98, 0.16199999999999998, 0.16199999999999998, 0.51, 0.51, 0.18, 0.54, 0, 0, 1, 0.25, 0.985, 0.65, 0.29, 0.98, 0.99, 0.29, 0.29, 0.51, 0.53, 0.47, 0.61, 0.04, 0.46, 99, 99, 99]
--- num:  29
list:  [0.56, 0.56, 1, 1, 0.97, 0.97, 0.9531322526931763, 0.9531321930885315, 0.39, 0.39, 0.46, 0.26, 0, 0, 1, 0.25, 0.985, 0.65, 0.29, 0.98, 0.99, 0.29, 0.29, 0.49, 0.56, 0.47, 0.61, 0.04, 0.44, 99, 99, 99]
--- num:  29
list:  [0.57, 0.57, 1, 1, 0.97, 0.97, 0.7419637250900268, 0.7415036964416504, 0.27, 0.27, 0.41, 0.31, 0, 0, 1, 0.25, 0.98, 0.65, 0.29, 0.98, 0.98, 0.29, 0.29, 0.5, 0.54, 0.49, 0.57, 0.03, 0.43, 99, 99, 99]
--- num:  29
list:  [0.46, 0.46, 0.83, 0.83, 1, 1, 0.16199999999999998, 0.16199999999999998, 0.44, 0.44, 0.38, 0.34, 0.10499999999999993, 0.04499999999999987, 1, 0.24, 0.98, 0.65, 0.27, 0.98, 0.98, 0.27, 0.27, 0.62, 0.42, 0.58, 0.44, 0.03, 0.43, 99, 99, 99]
--- num:  29
list:  [0.46, 0.46, 0.83, 0.83, 1, 1, 0.16199999999999998, 0.16199999999999998, 0.43, 0.43, 0.37, 0.35, 0.02999999999999986, 0, 1, 0.24, 0.985, 0.64, 0.26, 0.98, 0.99, 0.26, 0.26, 0.57, 0.44, 0.54, 0.46, 0.03, 0.45, 99, 99, 99]
--- num:  29
list:  [0.46, 0.46, 0.84, 0.84, 1, 1, 0.16199999999999998, 0.16199999999999998, 0.39, 0.39, 0.36, 0.36, 0.02999999999999986, 0, 1, 0.23, 0.99, 0.64, 0.26, 0.99, 0.99, 0.26, 0.26, 0.57, 0.44, 0.55, 0.45, 0.02, 0.48, 99, 99, 99]
--- num:  29
list:  [0.48, 0.48, 0.89, 0.89, 1, 1, 0.16199999999999998, 0.16199999999999998, 0.35, 0.35, 0.35, 0.37, 0.02999999999999986, 0, 1, 0.23, 0.99, 0.63, 0.25, 0.99, 0.99, 0.25, 0.25, 0.57, 0.44, 0.55, 0.45, 0.02, 0.51, 99, 99, 99]
--- num:  29
list:  [0.49, 0.49, 0.91, 0.91, 1, 1, 0.16199999999999998, 0.16199999999999998, 0.35, 0.35, 0.34, 0.38, 0.04499999999999987, 0, 1, 0.22, 0.99, 0.63, 0.25, 0.99, 0.99, 0.25, 0.25, 0.58, 0.44, 0.55, 0.45, 0.01, 0.53, 99, 99, 99]
--- num:  29
list:  [0.49, 0.49, 0.91, 0.91, 1, 1, 0.16199999999999998, 0.16199999999999998, 0.35, 0.35, 0.34, 0.38, 0.04499999999999987, 0.015000000000000013, 1, 0.22, 0.99, 0.63, 0.25, 0.99, 0.99, 0.25, 0.25, 0.58, 0.44, 0.56, 0.45, 0.01, 0.55, 99, 99, 99]
--- num:  29
list:  [0.5, 0.5, 0.92, 0.92, 1, 1, 0.16199999999999998, 0.16199999999999998, 0.36, 0.36, 0.34, 0.38, 0.02999999999999986, 0, 1, 0.22, 0.99, 0.63, 0.25, 0.99, 0.99, 0.25, 0.25, 0.57, 0.44, 0.55, 0.45, 0.01, 0.55, 99, 99, 99]
--- num:  29
list:  [0.49, 0.49, 0.91, 0.91, 1, 1, 0.16199999999999998, 0.16199999999999998, 0.38, 0.38, 0.34, 0.38, 0.015000000000000013, 0, 1, 0.22, 0.99, 0.63, 0.25, 0.99, 0.99, 0.25, 0.25, 0.56, 0.44, 0.55, 0.45, 0.01, 0.55, 99, 99, 99]
--- num:  29
list:  [0.48, 0.48, 0.88, 0.88, 1, 1, 0.16199999999999998, 0.16199999999999998, 0.41, 0.41, 0.34, 0.38, 0.015000000000000013, 0, 1, 0.22, 0.99, 0.63, 0.25, 0.99, 0.99, 0.25, 0.25, 0.56, 0.45, 0.55, 0.46, 0.01, 0.55, 99, 99, 99]
--- num:  29
list:  [0.47, 0.47, 0.86, 0.86, 1, 1, 0.16199999999999998, 0.16199999999999998, 0.44, 0.44, 0.34, 0.38, 0, 0, 1, 0.22, 0.99, 0.63, 0.25, 0.99, 0.99, 0.25, 0.25, 0.55, 0.45, 0.54, 0.48, 0.01, 0.55, 99, 99, 99]
--- num:  29
list:  [0.47, 0.47, 0.86, 0.86, 1, 1, 0.16199999999999998, 0.16199999999999998, 0.46, 0.46, 0.33, 0.39, 0, 0, 1, 0.22, 0.99, 0.63, 0.25, 0.99, 0.99, 0.25, 0.25, 0.55, 0.45, 0.54, 0.47, 0.01, 0.55, 99, 99, 99]
--- num:  29
list:  [0.47, 0.47, 0.85, 0.85, 1, 1, 0.16199999999999998, 0.16199999999999998, 0.47, 0.47, 0.32, 0.39, 0, 0, 1, 0.22, 0.99, 0.63, 0.25, 0.99, 0.99, 0.25, 0.25, 0.55, 0.45, 0.54, 0.47, 0.01, 0.55, 99, 99, 99]
--- num:  29
list:  [0.46, 0.46, 0.84, 0.84, 1, 1, 0.16199999999999998, 0.16199999999999998, 0.48, 0.48, 0.32, 0.4, 0, 0, 1, 0.22, 0.99, 0.63, 0.26, 0.99, 0.99, 0.26, 0.26, 0.54, 0.48, 0.52, 0.5, 0.01, 0.55, 99, 99, 99]
--- num:  29
list:  [0.46, 0.46, 0.84, 0.84, 1, 1, 0.16199999999999998, 0.16199999999999998, 0.48, 0.48, 0.32, 0.4, 0, 0, 1, 0.22, 0.99, 0.63, 0.26, 0.99, 0.99, 0.26, 0.26, 0.55, 0.46, 0.53, 0.48, 0.02, 0.54, 99, 99, 99]
--- num:  29
list:  [0.46, 0.46, 0.83, 0.83, 1, 1, 0.16199999999999998, 0.16199999999999998, 0.47, 0.47, 0.33, 0.39, 0, 0, 1, 0.22, 0.99, 0.63, 0.26, 0.99, 0.99, 0.26, 0.26, 0.54, 0.48, 0.53, 0.5, 0.02, 0.53, 99, 99, 99]
--- num:  29
list:  [0.47, 0.47, 0.86, 0.86, 1, 1, 0.16199999999999998, 0.16199999999999998, 0.45, 0.45, 0.33, 0.39, 0, 0, 1, 0.22, 0.99, 0.63, 0.26, 0.99, 0.99, 0.26, 0.26, 0.55, 0.45, 0.54, 0.47, 0.01, 0.54, 99, 99, 99]
--- num:  29
list:  [0.48, 0.48, 0.88, 0.88, 1, 1, 0.16199999999999998, 0.16199999999999998, 0.42, 0.42, 0.34, 0.38, 0.015000000000000013, 0, 1, 0.22, 0.99, 0.63, 0.25, 0.99, 0.99, 0.25, 0.25, 0.56, 0.45, 0.55, 0.46, 0.01, 0.55, 99, 99, 99]
--- num:  29
list:  [0.48, 0.48, 0.88, 0.88, 1, 1, 0.16199999999999998, 0.16199999999999998, 0.42, 0.42, 0.34, 0.38, 0.015000000000000013, 0, 1, 0.22, 0.99, 0.63, 0.25, 0.99, 0.99, 0.25, 0.25, 0.56, 0.45, 0.55, 0.45, 0.01, 0.55, 99, 99, 99]
--- num:  29
list:  [0.48, 0.48, 0.89, 0.89, 1, 1, 0.16199999999999998, 0.16199999999999998, 0.41, 0.41, 0.34, 0.38, 0.015000000000000013, 0, 1, 0.22, 0.99, 0.63, 0.25, 0.99, 0.99, 0.25, 0.25, 0.56, 0.45, 0.55, 0.46, 0.01, 0.56, 99, 99, 99]
--- num:  29
