start livelink
[0.237, 0.02, -0.064]
[0.235, 0.02, -0.064]
[0.233, 0.018, -0.063]
[0.233, 0.018, -0.063]
[0.228, 0.017, -0.061]
[0.221, 0.017, -0.06]
[0.219, 0.019, -0.06]
[0.226, 0.021, -0.061]
[0.233, 0.023, -0.062]
[0.234, 0.024, -0.061]
[0.226, 0.024, -0.063]
[0.219, 0.023, -0.063]
[0.216, 0.021, -0.063]
[0.219, 0.019, -0.06]
[0.225, 0.016, -0.053]
[0.229, 0.014, -0.045]
[0.233, 0.013, -0.037]
[0.235, 0.012, -0.032]
[0.235, 0.012, -0.026]
[0.231, 0.013, -0.025]
[0.231, 0.013, -0.025]
[0.226, 0.015, -0.023]
[0.217, 0.019, -0.021]
[0.217, 0.019, -0.021]
[0.213, 0.02, -0.02]
[0.209, 0.021, -0.019]
[0.203, 0.023, -0.017]
[0.2, 0.025, -0.016]
[0.2, 0.025, -0.016]
[0.197, 0.026, -0.014]
[0.194, 0.028, -0.013]
[0.193, 0.03, -0.011]
[0.193, 0.031, -0.009]
[0.193, 0.032, -0.008]
[0.192, 0.034, -0.005]
[0.192, 0.034, -0.005]
[0.191, 0.035, -0.004]
[0.189, 0.036, -0.004]
[0.185, 0.037, -0.005]
[0.18, 0.038, -0.007]
[0.177, 0.038, -0.007]
[0.176, 0.038, -0.006]
[0.18, 0.036, -0.003]
[0.18, 0.036, -0.003]
[0.181, 0.035, -0.001]
[0.182, 0.033, -0.0]
[0.18, 0.031, 0.001]
[0.18, 0.031, 0.001]
[0.179, 0.03, 0.001]
[0.179, 0.029, 0.002]
[0.179, 0.027, 0.005]
[0.179, 0.027, 0.005]
[0.178, 0.027, 0.006]
[0.175, 0.026, 0.005]
[0.172, 0.026, 0.006]
[0.17, 0.026, 0.005]
[0.168, 0.026, 0.005]
[0.167, 0.026, 0.006]
[0.168, 0.023, 0.008]
[0.168, 0.023, 0.008]
[0.168, 0.022, 0.009]
[0.168, 0.021, 0.01]
[0.164, 0.019, 0.011]
[0.164, 0.019, 0.011]
[0.16, 0.018, 0.01]
[0.152, 0.019, 0.01]
[0.137, 0.02, 0.004]
[0.137, 0.02, 0.004]
[0.133, 0.02, -0.001]
[0.13, 0.02, -0.005]
[0.127, 0.018, -0.01]
[0.127, 0.018, -0.01]
[0.128, 0.017, -0.01]
[0.129, 0.016, -0.011]
[0.131, 0.014, -0.011]
[0.133, 0.013, -0.012]
[0.135, 0.011, -0.012]
[0.137, 0.01, -0.013]
[0.139, 0.008, -0.014]
[0.14, 0.006, -0.014]
[0.142, 0.004, -0.014]
[0.144, 0.003, -0.015]
[0.147, -0.0, -0.017]
[0.147, -0.0, -0.017]
[0.148, -0.001, -0.019]
[0.149, -0.002, -0.021]
[0.155, -0.005, -0.023]
[0.155, -0.005, -0.023]
[0.158, -0.007, -0.023]
[0.159, -0.009, -0.021]
[0.162, -0.012, -0.016]
[0.162, -0.012, -0.016]
[0.165, -0.012, -0.014]
[0.173, -0.012, -0.015]
[0.191, -0.012, -0.016]
[0.191, -0.012, -0.016]
[0.204, -0.013, -0.015]
[0.213, -0.013, -0.014]
[0.223, -0.014, -0.013]
[0.223, -0.014, -0.013]
[0.226, -0.014, -0.013]
[0.228, -0.014, -0.013]
[0.233, -0.015, -0.014]
[0.233, -0.015, -0.014]
[0.236, -0.015, -0.015]
[0.239, -0.016, -0.016]
[0.246, -0.017, -0.016]
[0.246, -0.017, -0.016]
[0.248, -0.018, -0.017]
[0.25, -0.018, -0.017]
[0.252, -0.019, -0.016]
[0.252, -0.019, -0.016]
[0.254, -0.02, -0.015]
[0.256, -0.02, -0.014]
[0.259, -0.022, -0.012]
[0.259, -0.022, -0.012]
[0.26, -0.023, -0.011]
[0.262, -0.023, -0.011]
[0.265, -0.024, -0.013]
[0.265, -0.024, -0.013]
[0.265, -0.025, -0.015]
[0.263, -0.025, -0.016]
[0.262, -0.026, -0.016]
[0.261, -0.027, -0.016]
[0.26, -0.027, -0.016]
[0.261, -0.028, -0.018]
[0.261, -0.03, -0.02]
[0.261, -0.03, -0.02]
[0.261, -0.031, -0.02]
[0.261, -0.032, -0.021]
[0.249, -0.036, -0.021]
[0.249, -0.036, -0.021]
[0.243, -0.037, -0.021]
[0.238, -0.038, -0.019]
[0.235, -0.038, -0.017]
[0.233, -0.039, -0.014]
[0.232, -0.04, -0.012]
[0.232, -0.041, -0.011]
[0.23, -0.042, -0.012]
[0.227, -0.042, -0.014]
[0.223, -0.041, -0.016]
[0.22, -0.039, -0.018]
[0.218, -0.033, -0.023]
[0.218, -0.033, -0.023]
[0.219, -0.032, -0.025]
[0.219, -0.031, -0.026]
[0.22, -0.031, -0.029]
[0.219, -0.031, -0.03]
[0.22, -0.031, -0.03]
[0.224, -0.031, -0.029]
[0.243, -0.029, -0.027]
[0.243, -0.029, -0.027]
[0.25, -0.028, -0.026]
[0.257, -0.026, -0.025]
[0.263, -0.025, -0.023]
[0.267, -0.024, -0.02]
[0.271, -0.023, -0.019]
[0.273, -0.021, -0.017]
[0.273, -0.02, -0.017]
[0.273, -0.019, -0.017]
[0.274, -0.018, -0.018]
[0.275, -0.016, -0.018]
[0.277, -0.015, -0.019]
[0.278, -0.014, -0.018]
[0.279, -0.013, -0.018]
[0.281, -0.012, -0.018]
[0.285, -0.011, -0.018]
[0.285, -0.011, -0.018]
[0.286, -0.01, -0.018]
[0.286, -0.01, -0.018]
[0.287, -0.008, -0.018]
[0.287, -0.008, -0.018]
[0.288, -0.006, -0.018]
[0.291, -0.003, -0.014]
[0.291, -0.003, -0.014]
[0.291, -0.002, -0.012]
[0.29, -0.001, -0.011]
[0.287, 0.001, -0.009]
[0.287, 0.001, -0.009]
[0.288, 0.001, -0.009]
[0.29, 0.002, -0.009]
[0.296, 0.002, -0.01]
[0.296, 0.002, -0.01]
[0.3, 0.001, -0.01]
[0.303, 0.0, -0.011]
[0.307, -0.001, -0.01]
[0.313, -0.006, -0.01]
[0.313, -0.006, -0.01]
[0.317, -0.008, -0.011]
[0.323, -0.012, -0.011]
[0.323, -0.012, -0.011]
[0.326, -0.013, -0.011]
[0.329, -0.015, -0.011]
[0.334, -0.019, -0.014]
[0.334, -0.019, -0.014]
[0.335, -0.021, -0.015]
[0.336, -0.024, -0.017]
[0.336, -0.026, -0.018]
[0.336, -0.028, -0.02]
[0.337, -0.03, -0.021]
[0.337, -0.032, -0.022]
[0.336, -0.034, -0.023]
[0.337, -0.036, -0.023]
[0.339, -0.037, -0.025]
[0.339, -0.039, -0.025]
[0.338, -0.041, -0.026]
[0.335, -0.044, -0.026]
[0.332, -0.046, -0.026]
[0.33, -0.049, -0.026]
[0.328, -0.051, -0.026]
[0.328, -0.052, -0.027]
[0.329, -0.052, -0.027]
[0.331, -0.052, -0.027]
[0.331, -0.051, -0.026]
[0.332, -0.051, -0.025]
[0.331, -0.051, -0.024]
[0.328, -0.051, -0.024]
[0.321, -0.05, -0.025]
[0.321, -0.05, -0.025]
[0.317, -0.049, -0.025]
[0.313, -0.049, -0.023]
[0.308, -0.047, -0.017]
[0.308, -0.047, -0.017]
[0.305, -0.047, -0.015]
[0.303, -0.047, -0.014]
[0.299, -0.046, -0.014]
[0.298, -0.046, -0.014]
[0.298, -0.046, -0.014]
[0.298, -0.045, -0.014]
[0.296, -0.045, -0.012]
[0.295, -0.044, -0.011]
[0.295, -0.044, -0.01]
[0.295, -0.043, -0.01]
[0.295, -0.043, -0.009]
[0.294, -0.043, -0.009]
[0.294, -0.042, -0.009]
[0.294, -0.042, -0.009]
[0.294, -0.042, -0.009]
[0.295, -0.042, -0.01]
[0.296, -0.042, -0.01]
[0.297, -0.041, -0.01]
[0.299, -0.041, -0.011]
[0.3, -0.041, -0.012]
[0.301, -0.041, -0.013]
[0.303, -0.04, -0.013]
[0.303, -0.04, -0.014]
[0.304, -0.04, -0.014]
[0.303, -0.04, -0.014]
[0.303, -0.04, -0.014]
[0.303, -0.04, -0.013]
[0.302, -0.04, -0.012]
[0.303, -0.039, -0.012]
[0.303, -0.038, -0.012]
[0.305, -0.038, -0.013]
[0.306, -0.037, -0.014]
[0.307, -0.037, -0.015]
[0.309, -0.036, -0.015]
[0.31, -0.036, -0.015]
[0.31, -0.036, -0.016]
[0.312, -0.036, -0.015]
[0.313, -0.036, -0.015]
[0.313, -0.036, -0.015]
[0.314, -0.036, -0.015]
[0.314, -0.036, -0.015]
[0.314, -0.036, -0.015]
[0.315, -0.037, -0.015]
[0.314, -0.037, -0.014]
[0.313, -0.037, -0.013]
[0.311, -0.037, -0.012]
[0.31, -0.036, -0.011]
[0.309, -0.036, -0.011]
[0.308, -0.036, -0.011]
[0.307, -0.036, -0.011]
[0.306, -0.037, -0.012]
[0.305, -0.037, -0.012]
[0.305, -0.036, -0.013]
[0.305, -0.036, -0.014]
[0.306, -0.037, -0.014]
[0.306, -0.037, -0.014]
[0.306, -0.037, -0.014]
[0.306, -0.038, -0.014]
[0.306, -0.038, -0.014]
[0.306, -0.037, -0.014]
[0.307, -0.037, -0.014]
[0.309, -0.037, -0.013]
[0.31, -0.036, -0.013]
[0.311, -0.035, -0.013]
[0.312, -0.034, -0.012]
[0.311, -0.033, -0.013]
[0.31, -0.032, -0.014]
[0.31, -0.032, -0.014]
[0.311, -0.033, -0.014]
[0.313, -0.033, -0.013]
[0.314, -0.033, -0.012]
[0.315, -0.033, -0.012]
[0.314, -0.034, -0.01]
[0.313, -0.035, -0.008]
[0.314, -0.036, -0.005]
[0.314, -0.036, -0.001]
[0.315, -0.036, 0.003]
[0.315, -0.036, 0.005]
[0.316, -0.035, 0.006]
[0.315, -0.034, 0.006]
[0.314, -0.033, 0.005]
[0.313, -0.033, 0.004]
[0.311, -0.032, 0.001]
[0.31, -0.031, -0.001]
[0.31, -0.03, -0.003]
[0.31, -0.03, -0.005]
[0.311, -0.029, -0.005]
[0.311, -0.028, -0.006]
[0.311, -0.028, -0.006]
[0.31, -0.028, -0.006]
[0.308, -0.028, -0.006]
[0.307, -0.028, -0.007]
[0.305, -0.029, -0.008]
[0.304, -0.029, -0.008]
[0.303, -0.03, -0.007]
[0.302, -0.029, -0.007]
[0.301, -0.028, -0.006]
[0.299, -0.028, -0.007]
[0.297, -0.027, -0.007]
[0.295, -0.027, -0.007]
[0.292, -0.026, -0.007]
[0.292, -0.025, -0.006]
[0.292, -0.023, -0.004]
[0.292, -0.022, -0.003]
[0.293, -0.021, -0.002]
[0.292, -0.02, -0.001]
[0.289, -0.018, -0.002]
[0.289, -0.018, -0.002]
[0.288, -0.016, -0.003]
[0.287, -0.015, -0.004]
[0.288, -0.014, -0.005]
[0.289, -0.013, -0.005]
[0.289, -0.011, -0.006]
[0.289, -0.01, -0.006]
[0.289, -0.009, -0.006]
[0.289, -0.008, -0.006]
[0.297, -0.006, -0.009]
[0.304, -0.005, -0.01]
[0.309, -0.003, -0.008]
[0.313, -0.002, -0.008]
[0.314, -0.001, -0.006]
[0.314, 0.0, -0.005]
[0.314, 0.0, -0.005]
[0.314, 0.001, -0.006]
[0.312, 0.002, -0.005]
[0.31, 0.003, -0.004]
[0.308, 0.004, -0.003]
[0.307, 0.005, -0.0]
[0.305, 0.006, 0.001]
[0.304, 0.007, 0.002]
[0.303, 0.009, 0.003]
[0.305, 0.01, 0.003]
[0.308, 0.013, 0.003]
[0.312, 0.014, 0.004]
[0.315, 0.016, 0.005]
[0.317, 0.017, 0.006]
[0.319, 0.018, 0.008]
[0.32, 0.02, 0.01]
[0.322, 0.021, 0.012]
[0.322, 0.022, 0.014]
[0.322, 0.024, 0.015]
[0.322, 0.025, 0.017]
[0.321, 0.026, 0.018]
[0.321, 0.027, 0.019]
[0.321, 0.028, 0.021]
[0.32, 0.03, 0.022]
[0.321, 0.031, 0.024]
[0.322, 0.033, 0.026]
[0.322, 0.034, 0.027]
[0.321, 0.035, 0.029]
[0.32, 0.035, 0.03]
[0.319, 0.036, 0.03]
[0.319, 0.036, 0.029]
[0.319, 0.037, 0.028]
[0.32, 0.037, 0.026]
[0.32, 0.038, 0.024]
[0.32, 0.038, 0.023]
[0.319, 0.038, 0.022]
[0.318, 0.038, 0.021]
[0.318, 0.037, 0.021]
[0.318, 0.037, 0.02]
[0.318, 0.037, 0.02]
[0.318, 0.037, 0.02]
[0.317, 0.037, 0.021]
[0.315, 0.036, 0.022]
[0.312, 0.036, 0.023]
[0.309, 0.036, 0.024]
[0.307, 0.035, 0.024]
[0.306, 0.035, 0.025]
[0.306, 0.034, 0.024]
[0.308, 0.034, 0.023]
[0.311, 0.033, 0.022]
[0.313, 0.032, 0.02]
[0.315, 0.032, 0.019]
[0.316, 0.031, 0.017]
[0.318, 0.03, 0.015]
[0.32, 0.029, 0.013]
[0.322, 0.028, 0.012]
[0.324, 0.027, 0.012]
[0.325, 0.026, 0.012]
[0.327, 0.025, 0.011]
[0.327, 0.024, 0.011]
[0.328, 0.024, 0.01]
[0.329, 0.023, 0.009]
[0.328, 0.022, 0.009]
[0.327, 0.021, 0.008]
[0.327, 0.021, 0.008]
[0.326, 0.019, 0.007]
[0.325, 0.018, 0.006]
[0.322, 0.017, 0.006]
[0.32, 0.016, 0.005]
[0.318, 0.014, 0.002]
[0.318, 0.013, -0.001]
[0.318, 0.012, -0.005]
[0.317, 0.012, -0.007]
[0.317, 0.011, -0.009]
[0.315, 0.011, -0.01]
[0.312, 0.009, -0.01]
[0.312, 0.009, -0.01]
[0.311, 0.007, -0.01]
[0.308, 0.006, -0.01]
[0.303, 0.004, -0.01]
[0.303, 0.004, -0.01]
[0.301, 0.003, -0.009]
[0.298, 0.001, -0.01]
[0.291, -0.003, -0.011]
[0.291, -0.003, -0.011]
[0.286, -0.005, -0.011]
[0.283, -0.006, -0.011]
[0.28, -0.008, -0.012]
[0.278, -0.009, -0.012]
[0.276, -0.01, -0.013]
[0.275, -0.011, -0.012]
[0.273, -0.011, -0.012]
[0.273, -0.011, -0.012]
[0.272, -0.011, -0.011]
[0.27, -0.012, -0.012]
[0.267, -0.012, -0.012]
[0.265, -0.013, -0.012]
[0.264, -0.013, -0.012]
[0.264, -0.014, -0.013]
[0.264, -0.015, -0.013]
[0.263, -0.015, -0.013]
[0.263, -0.016, -0.014]
[0.265, -0.016, -0.014]
[0.268, -0.017, -0.014]
[0.271, -0.017, -0.014]
[0.273, -0.018, -0.013]
[0.275, -0.018, -0.013]
[0.276, -0.018, -0.013]
[0.277, -0.019, -0.014]
[0.277, -0.019, -0.014]
[0.277, -0.019, -0.014]
[0.277, -0.019, -0.015]
[0.277, -0.02, -0.015]
[0.278, -0.02, -0.016]
[0.279, -0.02, -0.016]
[0.281, -0.02, -0.018]
[0.284, -0.02, -0.019]
[0.286, -0.02, -0.02]
[0.287, -0.02, -0.021]
[0.288, -0.02, -0.022]
[0.288, -0.021, -0.022]
[0.288, -0.021, -0.022]
[0.289, -0.021, -0.022]
[0.289, -0.021, -0.023]
[0.291, -0.021, -0.023]
[0.293, -0.021, -0.023]
[0.294, -0.022, -0.023]
[0.296, -0.022, -0.023]
[0.299, -0.022, -0.022]
[0.301, -0.023, -0.022]
[0.303, -0.023, -0.022]
[0.305, -0.024, -0.022]
[0.309, -0.024, -0.021]
[0.312, -0.025, -0.021]
[0.315, -0.025, -0.02]
[0.318, -0.026, -0.02]
[0.32, -0.027, -0.019]
[0.321, -0.028, -0.019]
[0.322, -0.029, -0.019]
[0.323, -0.03, -0.019]
[0.324, -0.03, -0.02]
[0.325, -0.031, -0.02]
[0.326, -0.032, -0.02]
[0.328, -0.032, -0.021]
[0.33, -0.033, -0.022]
[0.333, -0.034, -0.023]
[0.336, -0.035, -0.024]
[0.34, -0.036, -0.024]
[0.343, -0.036, -0.025]
[0.347, -0.037, -0.025]
[0.352, -0.037, -0.026]
[0.363, -0.037, -0.028]
[0.363, -0.037, -0.028]
[0.367, -0.036, -0.029]
[0.371, -0.036, -0.03]
[0.373, -0.035, -0.032]
[0.376, -0.035, -0.033]
[0.381, -0.036, -0.034]
[0.385, -0.036, -0.034]
[0.388, -0.037, -0.034]
[0.391, -0.038, -0.034]
[0.395, -0.038, -0.035]
[0.397, -0.039, -0.035]
[0.4, -0.04, -0.036]
[0.403, -0.042, -0.036]
[0.405, -0.043, -0.037]
[0.408, -0.045, -0.038]
[0.409, -0.047, -0.04]
[0.409, -0.048, -0.041]
[0.409, -0.049, -0.041]
[0.408, -0.05, -0.041]
[0.406, -0.051, -0.039]
[0.404, -0.052, -0.038]
[0.402, -0.053, -0.036]
[0.4, -0.053, -0.035]
[0.399, -0.053, -0.034]
[0.398, -0.052, -0.033]
[0.397, -0.052, -0.033]
[0.397, -0.051, -0.033]
[0.399, -0.05, -0.033]
[0.401, -0.05, -0.034]
[0.403, -0.05, -0.034]
[0.404, -0.05, -0.033]
[0.404, -0.05, -0.033]
[0.405, -0.051, -0.032]
[0.406, -0.05, -0.032]
[0.408, -0.05, -0.033]
[0.409, -0.048, -0.032]
[0.41, -0.047, -0.032]
[0.41, -0.045, -0.03]
[0.409, -0.043, -0.029]
[0.408, -0.042, -0.028]
[0.406, -0.04, -0.026]
[0.404, -0.039, -0.024]
[0.402, -0.038, -0.022]
[0.4, -0.037, -0.021]
[0.399, -0.035, -0.02]
[0.398, -0.034, -0.019]
[0.397, -0.033, -0.018]
[0.395, -0.032, -0.016]
[0.392, -0.031, -0.013]
[0.388, -0.03, -0.01]
[0.383, -0.028, -0.005]
[0.383, -0.028, -0.005]
[0.382, -0.026, -0.003]
[0.382, -0.025, -0.002]
[0.383, -0.024, -0.0]
[0.382, -0.021, 0.002]
[0.382, -0.021, 0.002]
[0.381, -0.02, 0.003]
[0.379, -0.018, 0.002]
[0.377, -0.017, 0.001]
[0.375, -0.015, 0.001]
[0.372, -0.014, 0.001]
[0.367, -0.013, 0.002]
[0.361, -0.011, 0.003]
[0.356, -0.009, 0.006]
[0.349, -0.007, 0.009]
[0.343, -0.006, 0.013]
[0.337, -0.005, 0.017]
[0.33, -0.004, 0.02]
[0.325, -0.003, 0.024]
[0.319, -0.0, 0.029]
[0.308, 0.006, 0.042]
[0.308, 0.006, 0.042]
[0.301, 0.009, 0.049]
[0.291, 0.012, 0.055]
[0.26, 0.016, 0.062]
[0.26, 0.016, 0.062]
[0.242, 0.019, 0.064]
[0.232, 0.02, 0.066]
[0.226, 0.021, 0.068]
[0.221, 0.022, 0.07]
[0.219, 0.023, 0.072]
[0.216, 0.024, 0.074]
[0.21, 0.025, 0.075]
[0.202, 0.025, 0.076]
[0.195, 0.026, 0.078]
[0.192, 0.026, 0.079]
[0.188, 0.026, 0.08]
[0.188, 0.026, 0.08]
[0.188, 0.026, 0.079]
[0.185, 0.025, 0.077]
[0.183, 0.024, 0.073]
[0.179, 0.022, 0.069]
[0.173, 0.02, 0.065]
[0.166, 0.015, 0.053]
[0.166, 0.015, 0.053]
[0.166, 0.011, 0.046]
[0.167, 0.007, 0.039]
[0.167, 0.004, 0.032]
[0.166, 0.0, 0.026]
[0.164, -0.003, 0.021]
[0.161, -0.006, 0.016]
[0.159, -0.009, 0.011]
[0.158, -0.013, 0.006]
[0.156, -0.017, 0.001]
[0.155, -0.021, -0.003]
[0.153, -0.026, -0.008]
[0.149, -0.031, -0.013]
[0.144, -0.038, -0.02]
[0.139, -0.044, -0.026]
[0.129, -0.051, -0.027]
[0.119, -0.056, -0.029]
[0.113, -0.062, -0.03]
[0.108, -0.066, -0.031]
[0.104, -0.071, -0.032]
[0.103, -0.075, -0.033]
[0.1, -0.08, -0.034]
[0.099, -0.084, -0.034]
[0.1, -0.088, -0.034]
[0.101, -0.091, -0.033]
[0.103, -0.095, -0.033]
[0.104, -0.097, -0.033]
[0.106, -0.102, -0.035]
[0.106, -0.102, -0.035]
[0.107, -0.105, -0.036]
[0.109, -0.107, -0.036]
[0.109, -0.111, -0.036]
[0.109, -0.114, -0.035]
[0.11, -0.12, -0.032]
[0.11, -0.12, -0.032]
[0.112, -0.124, -0.031]
[0.113, -0.127, -0.03]
[0.113, -0.13, -0.028]
[0.113, -0.132, -0.027]
[0.114, -0.134, -0.026]
[0.114, -0.135, -0.024]
[0.115, -0.136, -0.023]
[0.117, -0.137, -0.023]
[0.119, -0.138, -0.022]
[0.121, -0.138, -0.022]
[0.123, -0.139, -0.022]
[0.126, -0.139, -0.023]
[0.128, -0.141, -0.024]
[0.128, -0.142, -0.024]
[0.125, -0.143, -0.024]
[0.118, -0.143, -0.023]
[0.112, -0.144, -0.021]
[0.11, -0.144, -0.02]
[0.112, -0.145, -0.02]
[0.12, -0.146, -0.02]
[0.128, -0.147, -0.021]
[0.138, -0.148, -0.022]
[0.146, -0.148, -0.024]
[0.152, -0.148, -0.025]
[0.158, -0.147, -0.027]
[0.162, -0.146, -0.028]
[0.164, -0.146, -0.027]
[0.167, -0.145, -0.026]
[0.17, -0.144, -0.024]
[0.174, -0.143, -0.023]
[0.177, -0.141, -0.023]
[0.18, -0.139, -0.023]
[0.183, -0.137, -0.023]
[0.186, -0.134, -0.024]
[0.19, -0.132, -0.025]
[0.193, -0.129, -0.026]
[0.198, -0.126, -0.027]
[0.202, -0.123, -0.026]
[0.207, -0.12, -0.026]
[0.211, -0.116, -0.026]
[0.214, -0.112, -0.026]
[0.223, -0.105, -0.026]
[0.223, -0.105, -0.026]
[0.226, -0.101, -0.025]
[0.231, -0.097, -0.024]
[0.234, -0.093, -0.021]
[0.238, -0.09, -0.019]
[0.242, -0.088, -0.017]
[0.247, -0.083, -0.014]
[0.247, -0.083, -0.014]
[0.249, -0.081, -0.012]
[0.25, -0.079, -0.01]
[0.253, -0.077, -0.008]
[0.257, -0.076, -0.006]
[0.261, -0.075, -0.005]
[0.265, -0.075, -0.004]
[0.267, -0.075, -0.005]
[0.269, -0.076, -0.005]
[0.27, -0.076, -0.004]
[0.267, -0.077, -0.002]
[0.263, -0.077, -0.0]
[0.259, -0.077, 0.001]
[0.256, -0.077, 0.001]
[0.255, -0.078, 0.0]
[0.255, -0.079, -0.001]
[0.255, -0.08, -0.003]
[0.257, -0.081, -0.004]
[0.259, -0.082, -0.005]
[0.261, -0.083, -0.005]
[0.263, -0.084, -0.006]
[0.265, -0.085, -0.007]
[0.269, -0.085, -0.009]
[0.272, -0.086, -0.009]
[0.275, -0.086, -0.01]
[0.276, -0.087, -0.011]
[0.276, -0.087, -0.012]
[0.276, -0.086, -0.012]
[0.276, -0.086, -0.011]
[0.276, -0.086, -0.011]
[0.277, -0.086, -0.011]
[0.276, -0.086, -0.011]
[0.278, -0.087, -0.017]
[0.278, -0.087, -0.017]
[0.279, -0.087, -0.02]
[0.28, -0.088, -0.021]
[0.28, -0.091, -0.021]
[0.277, -0.096, -0.016]
[0.274, -0.1, -0.011]
[0.271, -0.105, -0.006]
[0.268, -0.109, -0.002]
[0.265, -0.113, 0.001]
[0.262, -0.117, 0.002]
[0.259, -0.121, 0.003]
[0.257, -0.125, 0.004]
[0.254, -0.128, 0.004]
[0.25, -0.131, 0.003]
[0.244, -0.133, 0.003]
[0.242, -0.134, 0.001]
[0.24, -0.134, 0.001]
[0.238, -0.133, 0.0]
[0.238, -0.131, 0.0]
[0.236, -0.13, 0.001]
[0.233, -0.128, 0.002]
[0.23, -0.128, 0.003]
[0.229, -0.127, 0.005]
[0.229, -0.126, 0.007]
[0.23, -0.125, 0.009]
[0.231, -0.125, 0.011]
[0.229, -0.125, 0.013]
[0.228, -0.125, 0.016]
[0.226, -0.125, 0.019]
[0.224, -0.125, 0.022]
[0.224, -0.125, 0.024]
[0.224, -0.123, 0.026]
[0.224, -0.121, 0.028]
[0.222, -0.119, 0.03]
[0.22, -0.115, 0.032]
[0.217, -0.111, 0.033]
[0.218, -0.105, 0.032]
[0.219, -0.1, 0.032]
[0.221, -0.093, 0.034]
[0.222, -0.087, 0.037]
[0.223, -0.082, 0.04]
[0.224, -0.075, 0.041]
[0.225, -0.069, 0.042]
[0.226, -0.062, 0.042]
[0.224, -0.056, 0.041]
[0.225, -0.05, 0.041]
[0.221, -0.038, 0.038]
[0.221, -0.038, 0.038]
[0.219, -0.031, 0.037]
[0.216, -0.025, 0.035]
[0.214, -0.019, 0.034]
[0.211, -0.012, 0.034]
[0.208, -0.007, 0.036]
[0.205, -0.002, 0.038]
[0.203, 0.003, 0.039]
[0.201, 0.007, 0.04]
[0.199, 0.01, 0.04]
[0.198, 0.014, 0.04]
[0.198, 0.017, 0.04]
[0.197, 0.02, 0.04]
[0.198, 0.022, 0.04]
[0.2, 0.025, 0.041]
[0.203, 0.028, 0.041]
[0.205, 0.031, 0.042]
[0.206, 0.034, 0.042]
[0.205, 0.037, 0.041]
[0.204, 0.04, 0.041]
[0.202, 0.043, 0.041]
[0.201, 0.048, 0.042]
[0.201, 0.048, 0.042]
[0.202, 0.051, 0.043]
[0.204, 0.055, 0.043]
[0.203, 0.057, 0.043]
[0.202, 0.061, 0.043]
[0.199, 0.064, 0.042]
[0.196, 0.066, 0.043]
[0.195, 0.069, 0.044]
[0.195, 0.071, 0.045]
[0.196, 0.072, 0.047]
[0.196, 0.074, 0.049]
[0.195, 0.075, 0.051]
[0.194, 0.076, 0.052]
[0.192, 0.077, 0.052]
[0.191, 0.077, 0.052]
[0.191, 0.078, 0.053]
[0.192, 0.079, 0.053]
[0.192, 0.079, 0.053]
[0.193, 0.08, 0.052]
[0.194, 0.081, 0.051]
[0.194, 0.081, 0.05]
[0.197, 0.081, 0.047]
[0.197, 0.081, 0.047]
[0.196, 0.08, 0.048]
[0.195, 0.079, 0.049]
[0.194, 0.078, 0.051]
[0.193, 0.077, 0.052]
[0.196, 0.077, 0.051]
[0.2, 0.076, 0.047]
[0.204, 0.076, 0.043]
[0.208, 0.075, 0.038]
[0.211, 0.075, 0.034]
[0.213, 0.075, 0.032]
[0.214, 0.074, 0.03]
[0.212, 0.073, 0.029]
[0.21, 0.072, 0.026]
[0.21, 0.072, 0.026]
[0.212, 0.07, 0.024]
[0.214, 0.069, 0.023]
[0.218, 0.067, 0.02]
[0.22, 0.066, 0.017]
[0.221, 0.064, 0.015]
[0.223, 0.063, 0.013]
[0.224, 0.061, 0.011]
[0.226, 0.06, 0.01]
[0.228, 0.059, 0.008]
[0.231, 0.057, 0.007]
[0.234, 0.056, 0.006]
[0.237, 0.054, 0.004]
[0.239, 0.053, 0.002]
[0.241, 0.051, 0.001]
[0.242, 0.05, -0.0]
[0.244, 0.048, -0.002]
[0.245, 0.046, -0.004]
[0.247, 0.045, -0.006]
[0.25, 0.043, -0.008]
[0.253, 0.041, -0.01]
[0.257, 0.039, -0.012]
[0.26, 0.037, -0.013]
[0.262, 0.035, -0.014]
[0.263, 0.033, -0.015]
[0.264, 0.031, -0.016]
[0.264, 0.03, -0.018]
[0.267, 0.027, -0.021]
[0.267, 0.027, -0.021]
[0.268, 0.026, -0.023]
[0.27, 0.025, -0.024]
[0.271, 0.024, -0.025]
[0.271, 0.023, -0.025]
[0.271, 0.021, -0.025]
[0.271, 0.021, -0.025]
[0.27, 0.02, -0.025]
[0.271, 0.02, -0.024]
[0.272, 0.02, -0.022]
[0.272, 0.021, -0.02]
[0.272, 0.021, -0.018]
[0.271, 0.021, -0.016]
[0.27, 0.021, -0.016]
[0.269, 0.021, -0.017]
[0.267, 0.02, -0.017]
[0.267, 0.02, -0.017]
[0.266, 0.02, -0.016]
[0.265, 0.02, -0.015]
[0.263, 0.02, -0.013]
[0.261, 0.021, -0.01]
[0.259, 0.022, -0.008]
[0.257, 0.023, -0.006]
[0.253, 0.023, -0.004]
[0.249, 0.023, -0.002]
[0.245, 0.023, -0.001]
[0.241, 0.023, -0.001]
[0.236, 0.023, -0.0]
[0.232, 0.023, 0.0]
[0.227, 0.024, 0.001]
[0.223, 0.024, 0.002]
[0.219, 0.025, 0.003]
[0.211, 0.026, 0.004]
[0.205, 0.028, 0.004]
[0.197, 0.03, 0.005]
[0.19, 0.03, 0.006]
[0.186, 0.03, 0.008]
[0.184, 0.03, 0.011]
[0.183, 0.029, 0.013]
[0.183, 0.029, 0.014]
[0.182, 0.03, 0.015]
[0.179, 0.03, 0.015]
[0.176, 0.031, 0.015]
[0.173, 0.031, 0.015]
[0.171, 0.032, 0.016]
[0.17, 0.032, 0.016]
[0.169, 0.032, 0.016]
[0.169, 0.033, 0.017]
[0.17, 0.034, 0.017]
[0.17, 0.035, 0.017]
[0.171, 0.036, 0.019]
[0.171, 0.036, 0.02]
[0.172, 0.037, 0.021]
[0.172, 0.037, 0.021]
[0.173, 0.038, 0.022]
[0.174, 0.039, 0.021]
[0.174, 0.04, 0.022]
[0.172, 0.041, 0.022]
[0.171, 0.042, 0.022]
[0.17, 0.043, 0.023]
[0.17, 0.043, 0.023]
[0.171, 0.044, 0.024]
[0.172, 0.044, 0.026]
[0.173, 0.045, 0.028]
[0.172, 0.046, 0.03]
[0.17, 0.046, 0.03]
[0.168, 0.047, 0.031]
[0.166, 0.048, 0.03]
[0.165, 0.049, 0.03]
[0.166, 0.049, 0.03]
[0.167, 0.049, 0.031]
[0.169, 0.049, 0.031]
[0.17, 0.049, 0.03]
[0.172, 0.049, 0.03]
[0.175, 0.05, 0.029]
[0.177, 0.051, 0.029]
[0.18, 0.051, 0.029]
[0.185, 0.051, 0.031]
[0.185, 0.051, 0.031]
[0.188, 0.051, 0.032]
[0.191, 0.051, 0.032]
[0.191, 0.051, 0.032]
[0.192, 0.051, 0.031]
[0.193, 0.05, 0.029]
[0.202, 0.052, 0.026]
[0.202, 0.052, 0.026]
[0.208, 0.053, 0.026]
[0.212, 0.054, 0.027]
[0.216, 0.054, 0.027]
[0.218, 0.054, 0.025]
[0.22, 0.054, 0.023]
[0.223, 0.053, 0.02]
[0.225, 0.053, 0.019]
[0.228, 0.053, 0.017]
[0.23, 0.052, 0.018]
[0.232, 0.053, 0.018]
[0.233, 0.052, 0.018]
[0.232, 0.052, 0.019]
[0.23, 0.052, 0.019]
[0.227, 0.051, 0.019]
[0.225, 0.05, 0.02]
[0.224, 0.05, 0.02]
[0.222, 0.049, 0.021]
[0.22, 0.048, 0.021]
[0.217, 0.048, 0.02]
[0.213, 0.047, 0.02]
[0.209, 0.047, 0.019]
[0.204, 0.047, 0.018]
[0.201, 0.047, 0.017]
[0.198, 0.046, 0.016]
[0.197, 0.045, 0.016]
[0.197, 0.045, 0.016]
[0.196, 0.045, 0.015]
[0.196, 0.045, 0.015]
[0.195, 0.045, 0.014]
[0.194, 0.045, 0.012]
[0.195, 0.045, 0.011]
[0.197, 0.045, 0.011]
[0.199, 0.044, 0.01]
[0.201, 0.043, 0.01]
[0.203, 0.042, 0.01]
[0.204, 0.041, 0.01]
[0.204, 0.041, 0.01]
[0.202, 0.041, 0.011]
[0.199, 0.041, 0.011]
[0.197, 0.042, 0.011]
[0.195, 0.042, 0.012]
[0.195, 0.042, 0.015]
[0.194, 0.042, 0.019]
[0.192, 0.042, 0.023]
[0.191, 0.041, 0.026]
[0.189, 0.041, 0.028]
[0.187, 0.041, 0.03]
[0.187, 0.041, 0.031]
[0.186, 0.041, 0.032]
[0.186, 0.04, 0.033]
[0.186, 0.04, 0.034]
[0.187, 0.041, 0.035]
[0.188, 0.041, 0.035]
[0.19, 0.041, 0.035]
[0.191, 0.041, 0.036]
[0.192, 0.041, 0.037]
[0.193, 0.041, 0.038]
[0.194, 0.041, 0.039]
[0.195, 0.041, 0.039]
[0.196, 0.041, 0.039]
[0.197, 0.041, 0.039]
[0.198, 0.041, 0.038]
[0.2, 0.04, 0.037]
[0.202, 0.04, 0.036]
[0.206, 0.04, 0.035]
[0.21, 0.039, 0.035]
[0.214, 0.039, 0.034]
[0.219, 0.038, 0.034]
[0.222, 0.038, 0.033]
[0.225, 0.038, 0.032]
[0.228, 0.037, 0.032]
[0.23, 0.037, 0.031]
[0.233, 0.037, 0.031]
[0.237, 0.037, 0.031]
[0.24, 0.037, 0.031]
[0.242, 0.037, 0.031]
[0.243, 0.036, 0.032]
[0.244, 0.036, 0.034]
[0.244, 0.036, 0.035]
[0.247, 0.036, 0.036]
[0.25, 0.035, 0.038]
[0.254, 0.035, 0.039]
[0.258, 0.035, 0.04]
[0.26, 0.035, 0.04]
[0.262, 0.034, 0.04]
[0.263, 0.034, 0.039]
[0.264, 0.033, 0.038]
[0.265, 0.034, 0.037]
[0.265, 0.034, 0.036]
[0.265, 0.034, 0.037]
[0.266, 0.035, 0.037]
[0.267, 0.035, 0.038]
[0.269, 0.035, 0.039]
[0.271, 0.035, 0.039]
[0.273, 0.034, 0.039]
[0.275, 0.034, 0.039]
[0.276, 0.034, 0.038]
[0.276, 0.033, 0.037]
[0.276, 0.033, 0.037]
[0.276, 0.033, 0.037]
[0.276, 0.033, 0.038]
[0.277, 0.034, 0.038]
[0.28, 0.034, 0.036]
[0.284, 0.035, 0.033]
[0.287, 0.035, 0.031]
[0.288, 0.035, 0.029]
[0.287, 0.035, 0.028]
[0.286, 0.033, 0.028]
[0.285, 0.032, 0.028]
[0.285, 0.031, 0.028]
[0.287, 0.03, 0.029]
[0.286, 0.029, 0.029]
[0.285, 0.029, 0.03]
[0.283, 0.029, 0.029]
[0.28, 0.029, 0.029]
[0.279, 0.029, 0.028]
[0.278, 0.029, 0.027]
[0.278, 0.029, 0.026]
[0.277, 0.029, 0.026]
[0.277, 0.029, 0.027]
[0.276, 0.029, 0.027]
[0.276, 0.028, 0.026]
[0.276, 0.028, 0.026]
[0.276, 0.028, 0.025]
[0.275, 0.029, 0.025]
[0.275, 0.029, 0.024]
[0.274, 0.029, 0.022]
[0.273, 0.029, 0.02]
[0.272, 0.029, 0.019]
[0.271, 0.028, 0.017]
[0.271, 0.028, 0.017]
[0.271, 0.028, 0.016]
[0.272, 0.028, 0.015]
[0.272, 0.027, 0.015]
[0.271, 0.027, 0.014]
[0.27, 0.028, 0.014]
[0.268, 0.028, 0.013]
[0.265, 0.028, 0.013]
[0.263, 0.029, 0.013]
[0.261, 0.029, 0.013]
[0.262, 0.028, 0.013]
[0.267, 0.027, 0.014]
[0.267, 0.027, 0.014]
[0.268, 0.026, 0.015]
[0.268, 0.026, 0.015]
[0.267, 0.027, 0.013]
[0.267, 0.027, 0.013]
[0.265, 0.027, 0.011]
[0.262, 0.029, 0.009]
[0.258, 0.029, 0.007]
[0.254, 0.03, 0.007]
[0.251, 0.031, 0.007]
[0.248, 0.032, 0.007]
[0.244, 0.034, 0.006]
[0.239, 0.036, 0.003]
[0.234, 0.037, 0.0]
[0.227, 0.038, -0.002]
[0.219, 0.039, -0.003]
[0.208, 0.039, -0.004]
[0.2, 0.038, -0.004]
[0.192, 0.038, -0.004]
[0.186, 0.037, -0.002]
[0.181, 0.036, -0.0]
[0.175, 0.036, 0.001]
[0.17, 0.035, 0.004]
[0.164, 0.035, 0.005]
[0.159, 0.034, 0.007]
[0.154, 0.033, 0.01]
[0.15, 0.032, 0.012]
[0.144, 0.029, 0.013]
[0.144, 0.029, 0.013]
[0.141, 0.029, 0.013]
[0.139, 0.028, 0.013]
[0.135, 0.028, 0.017]
[0.135, 0.028, 0.017]
[0.135, 0.027, 0.018]
[0.134, 0.027, 0.017]
[0.133, 0.026, 0.014]
[0.128, 0.024, 0.017]
[0.12, 0.023, 0.021]
[0.112, 0.022, 0.027]
[0.112, 0.022, 0.027]
[0.113, 0.023, 0.027]
[0.116, 0.023, 0.027]
[0.12, 0.023, 0.028]
[0.124, 0.023, 0.03]
[0.128, 0.024, 0.031]
[0.131, 0.024, 0.032]
[0.133, 0.025, 0.032]
[0.135, 0.026, 0.031]
[0.136, 0.026, 0.03]
[0.138, 0.026, 0.03]
[0.14, 0.028, 0.03]
[0.14, 0.028, 0.03]
[0.14, 0.028, 0.03]
[0.139, 0.029, 0.03]
[0.139, 0.03, 0.031]
[0.139, 0.031, 0.033]
[0.138, 0.031, 0.035]
[0.134, 0.031, 0.04]
[0.126, 0.032, 0.044]
[0.118, 0.031, 0.048]
[0.112, 0.031, 0.05]
[0.107, 0.031, 0.053]
[0.104, 0.031, 0.054]
[0.102, 0.031, 0.056]
[0.097, 0.031, 0.056]
[0.088, 0.031, 0.055]
[0.065, 0.033, 0.053]
[0.065, 0.033, 0.053]
[0.053, 0.033, 0.052]
[0.039, 0.034, 0.049]
[0.014, 0.036, 0.044]
[0.002, 0.038, 0.043]
[0.002, 0.038, 0.043]
[-0.01, 0.04, 0.043]
[-0.031, 0.043, 0.038]
[-0.031, 0.043, 0.038]
[-0.046, 0.043, 0.034]
[-0.062, 0.043, 0.032]
[-0.081, 0.043, 0.03]
[-0.095, 0.043, 0.03]
[-0.106, 0.042, 0.03]
[-0.116, 0.042, 0.031]
[-0.123, 0.041, 0.032]
[-0.13, 0.041, 0.034]
[-0.135, 0.041, 0.034]
[-0.14, 0.04, 0.035]
[-0.145, 0.04, 0.035]
[-0.153, 0.039, 0.035]
[-0.16, 0.039, 0.035]
[-0.166, 0.038, 0.033]
[-0.177, 0.038, 0.03]
[-0.177, 0.038, 0.03]
[-0.18, 0.038, 0.029]
[-0.184, 0.039, 0.028]
[-0.186, 0.039, 0.027]
[-0.187, 0.039, 0.026]
[-0.191, 0.04, 0.026]
[-0.192, 0.04, 0.026]
[-0.192, 0.041, 0.026]
[-0.192, 0.041, 0.026]
[-0.189, 0.042, 0.026]
[-0.186, 0.043, 0.027]
[-0.186, 0.046, 0.026]
[-0.186, 0.046, 0.026]
[-0.189, 0.047, 0.023]
[-0.19, 0.049, 0.022]
[-0.193, 0.05, 0.021]
[-0.192, 0.051, 0.022]
[-0.19, 0.051, 0.026]
[-0.185, 0.053, 0.033]
[-0.18, 0.054, 0.041]
[-0.176, 0.055, 0.049]
[-0.166, 0.057, 0.058]
[-0.166, 0.057, 0.058]
[-0.161, 0.058, 0.062]
[-0.158, 0.059, 0.065]
[-0.158, 0.061, 0.068]
[-0.156, 0.063, 0.071]
[-0.154, 0.066, 0.076]
[-0.154, 0.066, 0.076]
[-0.154, 0.068, 0.078]
[-0.154, 0.07, 0.08]
[-0.155, 0.074, 0.082]
[-0.155, 0.074, 0.082]
[-0.155, 0.08, 0.086]
[-0.155, 0.08, 0.086]
[-0.155, 0.083, 0.088]
[-0.157, 0.085, 0.092]
[-0.165, 0.09, 0.098]
[-0.165, 0.09, 0.098]
[-0.168, 0.093, 0.101]
[-0.172, 0.095, 0.103]
[-0.177, 0.099, 0.105]
[-0.177, 0.099, 0.105]
[-0.18, 0.101, 0.106]
[-0.182, 0.102, 0.107]
[-0.183, 0.103, 0.108]
[-0.186, 0.103, 0.108]
[-0.187, 0.103, 0.108]
[-0.189, 0.102, 0.107]
[-0.191, 0.102, 0.106]
[-0.193, 0.101, 0.105]
[-0.195, 0.1, 0.103]
[-0.195, 0.099, 0.101]
[-0.196, 0.098, 0.098]
[-0.198, 0.096, 0.094]
[-0.203, 0.095, 0.09]
[-0.209, 0.094, 0.086]
[-0.216, 0.092, 0.084]
[-0.225, 0.091, 0.084]
[-0.237, 0.088, 0.086]
[-0.237, 0.088, 0.086]
[-0.242, 0.087, 0.087]
[-0.247, 0.086, 0.086]
[-0.254, 0.085, 0.084]
[-0.259, 0.084, 0.082]
[-0.265, 0.083, 0.079]
[-0.273, 0.082, 0.076]
[-0.293, 0.081, 0.067]
[-0.293, 0.081, 0.067]
[-0.299, 0.079, 0.065]
[-0.303, 0.078, 0.063]
[-0.311, 0.074, 0.057]
[-0.311, 0.074, 0.057]
[-0.313, 0.072, 0.052]
[-0.314, 0.07, 0.05]
[-0.308, 0.065, 0.048]
[-0.308, 0.065, 0.048]
[-0.305, 0.062, 0.046]
[-0.304, 0.06, 0.045]
[-0.307, 0.056, 0.038]
[-0.307, 0.056, 0.038]
[-0.309, 0.053, 0.035]
[-0.309, 0.051, 0.031]
[-0.311, 0.049, 0.027]
[-0.311, 0.047, 0.023]
[-0.311, 0.044, 0.019]
[-0.309, 0.042, 0.016]
[-0.302, 0.037, 0.011]
[-0.302, 0.037, 0.011]
[-0.299, 0.034, 0.008]
[-0.298, 0.032, 0.006]
[-0.299, 0.03, -0.001]
[-0.299, 0.03, -0.001]
[-0.299, 0.029, -0.003]
[-0.296, 0.027, -0.006]
[-0.288, 0.024, -0.01]
[-0.288, 0.024, -0.01]
[-0.285, 0.022, -0.012]
[-0.282, 0.02, -0.014]
[-0.276, 0.015, -0.019]
[-0.276, 0.015, -0.019]
[-0.273, 0.013, -0.021]
[-0.271, 0.011, -0.024]
[-0.271, 0.01, -0.026]
[-0.273, 0.008, -0.029]
[-0.274, 0.006, -0.031]
[-0.276, 0.004, -0.033]
[-0.278, 0.0, -0.037]
[-0.278, 0.0, -0.037]
[-0.276, -0.002, -0.038]
[-0.273, -0.005, -0.04]
[-0.272, -0.007, -0.044]
[-0.272, -0.007, -0.044]
[-0.274, -0.009, -0.046]
[-0.276, -0.009, -0.048]
[-0.278, -0.011, -0.052]
[-0.277, -0.013, -0.055]
[-0.277, -0.013, -0.055]
[-0.275, -0.016, -0.055]
[-0.264, -0.02, -0.053]
[-0.264, -0.02, -0.053]
[-0.261, -0.021, -0.051]
[-0.256, -0.022, -0.05]
[-0.251, -0.021, -0.049]
[-0.251, -0.021, -0.049]
[-0.248, -0.02, -0.047]
[-0.245, -0.018, -0.046]
[-0.236, -0.015, -0.043]
[-0.236, -0.015, -0.043]
[-0.233, -0.014, -0.041]
[-0.231, -0.012, -0.039]
[-0.231, -0.008, -0.034]
[-0.231, -0.008, -0.034]
[-0.231, -0.007, -0.031]
[-0.232, -0.005, -0.029]
[-0.232, -0.003, -0.022]
[-0.232, -0.003, -0.022]
[-0.236, -0.0, -0.019]
[-0.241, 0.004, -0.015]
[-0.25, 0.01, -0.01]
[-0.25, 0.01, -0.01]
[-0.248, 0.012, -0.008]
[-0.245, 0.015, -0.007]
[-0.24, 0.017, -0.006]
[-0.233, 0.02, -0.005]
[-0.218, 0.024, 0.0]
[-0.218, 0.024, 0.0]
[-0.209, 0.026, 0.003]
[-0.199, 0.027, 0.007]
[-0.187, 0.031, 0.015]
[-0.187, 0.031, 0.015]
[-0.182, 0.033, 0.019]
[-0.179, 0.036, 0.023]
[-0.176, 0.038, 0.025]
[-0.173, 0.04, 0.027]
[-0.172, 0.043, 0.028]
[-0.169, 0.045, 0.029]
[-0.164, 0.049, 0.029]
[-0.164, 0.049, 0.029]
[-0.162, 0.05, 0.029]
[-0.16, 0.052, 0.029]
[-0.155, 0.055, 0.03]
[-0.155, 0.055, 0.03]
[-0.152, 0.056, 0.03]
[-0.15, 0.057, 0.031]
[-0.148, 0.059, 0.031]
[-0.145, 0.06, 0.031]
[-0.144, 0.062, 0.032]
[-0.143, 0.063, 0.032]
[-0.14, 0.065, 0.033]
[-0.14, 0.065, 0.033]
[-0.138, 0.066, 0.034]
[-0.138, 0.067, 0.034]
[-0.138, 0.067, 0.035]
[-0.139, 0.068, 0.035]
[-0.14, 0.068, 0.036]
[-0.141, 0.069, 0.036]
[-0.141, 0.069, 0.037]
[-0.142, 0.069, 0.037]
[-0.143, 0.07, 0.038]
[-0.143, 0.07, 0.038]
[-0.143, 0.07, 0.038]
[-0.144, 0.07, 0.039]
[-0.145, 0.071, 0.039]
[-0.145, 0.072, 0.039]
[-0.145, 0.073, 0.037]
[-0.145, 0.073, 0.037]
[-0.145, 0.073, 0.037]
[-0.145, 0.074, 0.037]
[-0.145, 0.074, 0.037]
[-0.146, 0.075, 0.038]
[-0.147, 0.076, 0.038]
[-0.146, 0.077, 0.039]
[-0.144, 0.079, 0.043]
[-0.144, 0.079, 0.043]
[-0.139, 0.08, 0.046]
[-0.134, 0.082, 0.05]
[-0.128, 0.083, 0.054]
[-0.124, 0.083, 0.059]
[-0.121, 0.083, 0.063]
[-0.12, 0.085, 0.071]
[-0.12, 0.085, 0.071]
[-0.12, 0.087, 0.075]
[-0.12, 0.088, 0.08]
[-0.121, 0.09, 0.085]
[-0.12, 0.091, 0.09]
[-0.119, 0.093, 0.095]
[-0.117, 0.095, 0.1]
[-0.115, 0.097, 0.104]
[-0.113, 0.1, 0.108]
[-0.111, 0.101, 0.112]
[-0.108, 0.103, 0.116]
[-0.105, 0.104, 0.119]
[-0.102, 0.106, 0.122]
[-0.099, 0.108, 0.124]
[-0.098, 0.11, 0.125]
[-0.099, 0.112, 0.127]
[-0.101, 0.113, 0.13]
[-0.102, 0.114, 0.132]
[-0.1, 0.116, 0.133]
[-0.098, 0.118, 0.132]
[-0.095, 0.119, 0.132]
[-0.094, 0.121, 0.132]
[-0.093, 0.122, 0.133]
[-0.091, 0.123, 0.134]
[-0.088, 0.124, 0.136]
[-0.085, 0.125, 0.137]
[-0.081, 0.125, 0.139]
[-0.077, 0.126, 0.142]
[-0.073, 0.126, 0.145]
[-0.069, 0.126, 0.148]
[-0.066, 0.126, 0.151]
[-0.063, 0.126, 0.154]
[-0.06, 0.126, 0.157]
[-0.058, 0.126, 0.159]
[-0.057, 0.126, 0.163]
[-0.059, 0.125, 0.17]
[-0.059, 0.125, 0.17]
[-0.06, 0.125, 0.173]
[-0.061, 0.124, 0.175]
[-0.063, 0.125, 0.179]
[-0.063, 0.125, 0.179]
[-0.063, 0.125, 0.18]
[-0.063, 0.125, 0.181]
[-0.063, 0.125, 0.182]
[-0.063, 0.125, 0.183]
[-0.064, 0.125, 0.184]
[-0.065, 0.125, 0.184]
[-0.066, 0.125, 0.183]
[-0.068, 0.125, 0.181]
[-0.07, 0.124, 0.179]
[-0.071, 0.124, 0.177]
[-0.073, 0.123, 0.175]
[-0.074, 0.121, 0.174]
[-0.076, 0.12, 0.173]
[-0.077, 0.119, 0.171]
[-0.08, 0.118, 0.169]
[-0.084, 0.117, 0.169]
[-0.088, 0.116, 0.169]
[-0.088, 0.115, 0.167]
[-0.086, 0.114, 0.165]
[-0.084, 0.113, 0.162]
[-0.083, 0.112, 0.158]
[-0.083, 0.111, 0.154]
[-0.085, 0.11, 0.15]
[-0.086, 0.109, 0.147]
[-0.086, 0.108, 0.144]
[-0.086, 0.108, 0.141]
[-0.084, 0.107, 0.138]
[-0.082, 0.107, 0.134]
[-0.079, 0.106, 0.13]
[-0.078, 0.106, 0.124]
[-0.078, 0.105, 0.119]
[-0.078, 0.105, 0.113]
[-0.078, 0.104, 0.108]
[-0.08, 0.103, 0.103]
[-0.081, 0.102, 0.099]
[-0.081, 0.101, 0.095]
[-0.084, 0.1, 0.091]
[-0.086, 0.098, 0.085]
[-0.088, 0.097, 0.08]
[-0.091, 0.095, 0.075]
[-0.094, 0.093, 0.071]
[-0.097, 0.092, 0.067]
[-0.099, 0.09, 0.063]
[-0.1, 0.088, 0.059]
[-0.101, 0.086, 0.055]
[-0.102, 0.084, 0.051]
[-0.101, 0.083, 0.048]
[-0.102, 0.081, 0.044]
[-0.102, 0.08, 0.04]
[-0.103, 0.078, 0.037]
[-0.103, 0.076, 0.033]
[-0.102, 0.074, 0.03]
[-0.101, 0.072, 0.028]
[-0.1, 0.07, 0.025]
[-0.1, 0.068, 0.023]
[-0.1, 0.065, 0.021]
[-0.102, 0.063, 0.02]
[-0.102, 0.061, 0.019]
[-0.102, 0.058, 0.018]
[-0.1, 0.055, 0.018]
[-0.098, 0.052, 0.016]
[-0.097, 0.05, 0.015]
[-0.098, 0.046, 0.012]
[-0.099, 0.043, 0.01]
[-0.1, 0.039, 0.007]
[-0.104, 0.035, 0.003]
[-0.109, 0.031, -0.002]
[-0.115, 0.026, -0.007]
[-0.121, 0.02, -0.012]
[-0.126, 0.015, -0.016]
[-0.126, 0.01, -0.02]
[-0.125, 0.006, -0.022]
[-0.122, 0.001, -0.025]
[-0.118, -0.003, -0.027]
[-0.114, -0.007, -0.029]
[-0.111, -0.012, -0.031]
[-0.108, -0.016, -0.031]
[-0.104, -0.021, -0.031]
[-0.103, -0.028, -0.032]
[-0.103, -0.028, -0.032]
[-0.103, -0.032, -0.033]
[-0.106, -0.036, -0.033]
[-0.109, -0.039, -0.034]
[-0.113, -0.042, -0.035]
[-0.117, -0.044, -0.035]
[-0.121, -0.047, -0.035]
[-0.125, -0.048, -0.035]
[-0.129, -0.05, -0.034]
[-0.132, -0.052, -0.033]
[-0.135, -0.053, -0.032]
[-0.137, -0.054, -0.031]
[-0.14, -0.055, -0.03]
[-0.143, -0.055, -0.028]
[-0.145, -0.055, -0.025]
[-0.146, -0.056, -0.022]
[-0.147, -0.057, -0.018]
[-0.148, -0.057, -0.014]
[-0.15, -0.058, -0.01]
[-0.151, -0.058, -0.007]
[-0.151, -0.059, -0.003]
[-0.152, -0.058, 0.0]
[-0.154, -0.058, 0.002]
[-0.156, -0.057, 0.004]
[-0.16, -0.055, 0.004]
[-0.161, -0.054, 0.003]
[-0.158, -0.052, 0.002]
[-0.153, -0.05, 0.001]
[-0.147, -0.047, 0.0]
[-0.137, -0.042, -0.001]
[-0.137, -0.042, -0.001]
[-0.132, -0.04, -0.002]
[-0.126, -0.038, -0.003]
[-0.121, -0.035, -0.003]
[-0.116, -0.033, -0.003]
[-0.112, -0.032, -0.003]
[-0.11, -0.03, -0.003]
[-0.109, -0.029, -0.002]
[-0.109, -0.028, -0.002]
[-0.108, -0.027, -0.001]
[-0.107, -0.026, -0.001]
[-0.105, -0.025, -0.0]
[-0.104, -0.024, -0.001]
[-0.101, -0.022, -0.001]
[-0.098, -0.02, -0.002]
[-0.095, -0.019, -0.003]
[-0.092, -0.017, -0.003]
[-0.09, -0.015, -0.003]
[-0.09, -0.014, -0.003]
[-0.091, -0.013, -0.002]
[-0.094, -0.012, -0.001]
[-0.097, -0.012, -0.001]
[-0.1, -0.011, -0.0]
[-0.102, -0.01, -0.001]
[-0.104, -0.008, -0.001]
[-0.105, -0.006, -0.001]
[-0.107, -0.003, -0.001]
[-0.109, -0.002, 0.0]
[-0.108, -0.001, 0.001]
[-0.109, -0.001, 0.002]
[-0.107, -0.001, 0.002]
[-0.105, -0.001, 0.003]
[-0.105, -0.0, 0.003]
[-0.105, 0.001, 0.004]
[-0.107, 0.001, 0.005]
[-0.108, 0.002, 0.007]
[-0.108, 0.002, 0.008]
[-0.109, 0.003, 0.008]
[-0.104, 0.003, 0.008]
[-0.104, 0.003, 0.008]
[-0.101, 0.004, 0.007]
[-0.099, 0.005, 0.006]
[-0.098, 0.006, 0.005]
[-0.098, 0.006, 0.004]
[-0.099, 0.007, 0.003]
[-0.099, 0.008, 0.003]
[-0.098, 0.009, 0.001]
[-0.098, 0.009, 0.001]
[-0.097, 0.01, -0.0]
[-0.095, 0.011, -0.001]
[-0.093, 0.011, -0.001]
[-0.091, 0.012, -0.001]
[-0.087, 0.012, -0.001]
[-0.083, 0.013, -0.001]
[-0.079, 0.014, -0.0]
[-0.076, 0.014, 0.0]
[-0.073, 0.016, 0.0]
[-0.071, 0.017, 0.001]
[-0.068, 0.017, 0.002]
[-0.063, 0.018, 0.004]
[-0.058, 0.019, 0.006]
[-0.053, 0.019, 0.007]
[-0.05, 0.02, 0.009]
[-0.049, 0.023, 0.01]
[-0.049, 0.023, 0.01]
[-0.047, 0.024, 0.01]
[-0.042, 0.025, 0.009]
[-0.037, 0.026, 0.007]
[-0.033, 0.026, 0.006]
[-0.03, 0.026, 0.004]
[-0.027, 0.026, 0.002]
[-0.024, 0.027, -0.001]
[-0.024, 0.027, -0.001]
[-0.022, 0.027, -0.002]
[-0.021, 0.028, -0.003]
[-0.02, 0.028, -0.004]
[-0.018, 0.029, -0.005]
[-0.017, 0.03, -0.005]
[-0.014, 0.031, -0.007]
[-0.014, 0.031, -0.007]
[-0.011, 0.032, -0.007]
[-0.01, 0.032, -0.007]
[-0.008, 0.032, -0.007]
[-0.005, 0.032, -0.008]
[-0.002, 0.032, -0.008]
[0.001, 0.032, -0.008]
[0.004, 0.032, -0.009]
[0.007, 0.032, -0.01]
[0.011, 0.032, -0.01]
[0.015, 0.032, -0.011]
[0.02, 0.031, -0.013]
[0.025, 0.031, -0.014]
[0.029, 0.03, -0.016]
[0.032, 0.029, -0.017]
[0.035, 0.028, -0.019]
[0.038, 0.028, -0.019]
[0.036, 0.024, -0.019]
[0.036, 0.024, -0.019]
[0.035, 0.023, -0.019]
[0.036, 0.021, -0.02]
[0.053, 0.021, -0.026]
[0.053, 0.021, -0.026]
[0.06, 0.021, -0.028]
[0.066, 0.021, -0.03]
[0.069, 0.021, -0.032]
[0.07, 0.021, -0.034]
[0.071, 0.021, -0.036]
[0.07, 0.021, -0.037]
[0.069, 0.02, -0.038]
[0.069, 0.019, -0.039]
[0.069, 0.018, -0.04]
[0.071, 0.017, -0.041]
[0.071, 0.016, -0.041]
[0.072, 0.016, -0.042]
[0.074, 0.015, -0.043]
[0.075, 0.015, -0.043]
[0.076, 0.014, -0.043]
[0.077, 0.014, -0.043]
[0.078, 0.014, -0.042]
[0.078, 0.014, -0.042]
[0.078, 0.013, -0.042]
[0.078, 0.013, -0.042]
[0.075, 0.012, -0.041]
[0.067, 0.011, -0.04]
[0.06, 0.011, -0.039]
[0.055, 0.011, -0.038]
[0.05, 0.01, -0.039]
[0.05, 0.011, -0.04]
[0.05, 0.012, -0.04]
[0.051, 0.013, -0.041]
[0.053, 0.013, -0.04]
[0.054, 0.013, -0.038]
[0.055, 0.013, -0.037]
[0.055, 0.012, -0.036]
[0.054, 0.012, -0.036]
[0.051, 0.012, -0.035]
[0.049, 0.012, -0.035]
[0.047, 0.013, -0.035]
[0.045, 0.013, -0.036]
[0.044, 0.014, -0.035]
[0.038, 0.015, -0.034]
[0.038, 0.015, -0.034]
[0.034, 0.015, -0.033]
[0.031, 0.016, -0.033]
[0.027, 0.016, -0.033]
[0.024, 0.017, -0.034]
[0.019, 0.019, -0.034]
[0.013, 0.019, -0.035]
[0.006, 0.02, -0.035]
[-0.002, 0.021, -0.036]
[-0.008, 0.021, -0.037]
[-0.012, 0.022, -0.036]
[-0.014, 0.023, -0.034]
[-0.012, 0.024, -0.032]
[-0.01, 0.024, -0.03]
[-0.007, 0.025, -0.028]
[-0.005, 0.025, -0.028]
[-0.004, 0.024, -0.027]
[-0.004, 0.025, -0.028]
[-0.004, 0.025, -0.028]
[-0.005, 0.025, -0.028]
[-0.005, 0.026, -0.028]
[-0.005, 0.026, -0.029]
[-0.004, 0.027, -0.029]
[-0.004, 0.027, -0.029]
[-0.003, 0.027, -0.029]
[-0.004, 0.027, -0.028]
[-0.006, 0.027, -0.028]
[-0.007, 0.026, -0.028]
[-0.008, 0.026, -0.028]
[-0.008, 0.026, -0.029]
[-0.008, 0.026, -0.029]
[-0.009, 0.026, -0.029]
[-0.012, 0.026, -0.029]
[-0.012, 0.026, -0.029]
[-0.014, 0.027, -0.029]
[-0.015, 0.027, -0.029]
[-0.016, 0.028, -0.028]
[-0.017, 0.029, -0.027]
[-0.017, 0.03, -0.026]
[-0.019, 0.031, -0.025]
[-0.02, 0.031, -0.025]
[-0.022, 0.032, -0.024]
[-0.024, 0.032, -0.024]
[-0.026, 0.033, -0.023]
[-0.027, 0.033, -0.022]
[-0.028, 0.034, -0.022]
[-0.029, 0.035, -0.021]
[-0.03, 0.036, -0.02]
[-0.03, 0.036, -0.02]
[-0.032, 0.038, -0.02]
[-0.034, 0.039, -0.02]
[-0.036, 0.04, -0.02]
[-0.037, 0.041, -0.02]
[-0.037, 0.042, -0.019]
[-0.036, 0.042, -0.018]
[-0.035, 0.043, -0.017]
[-0.035, 0.044, -0.016]
[-0.036, 0.045, -0.015]
[-0.039, 0.046, -0.015]
[-0.043, 0.046, -0.016]
[-0.047, 0.046, -0.016]
[-0.05, 0.046, -0.016]
[-0.053, 0.046, -0.016]
[-0.055, 0.047, -0.016]
[-0.057, 0.047, -0.016]
[-0.059, 0.047, -0.016]
[-0.059, 0.047, -0.016]
[-0.059, 0.046, -0.018]
[-0.06, 0.045, -0.02]
[-0.062, 0.044, -0.022]
[-0.065, 0.042, -0.024]
[-0.069, 0.041, -0.025]
[-0.081, 0.037, -0.027]
[-0.081, 0.037, -0.027]
[-0.087, 0.035, -0.028]
[-0.093, 0.033, -0.029]
[-0.097, 0.031, -0.029]
[-0.101, 0.028, -0.03]
[-0.105, 0.024, -0.031]
[-0.11, 0.021, -0.032]
[-0.117, 0.018, -0.033]
[-0.121, 0.015, -0.033]
[-0.126, 0.012, -0.034]
[-0.13, 0.01, -0.034]
[-0.133, 0.006, -0.033]
[-0.136, 0.003, -0.032]
[-0.139, -0.0, -0.031]
[-0.143, -0.003, -0.03]
[-0.145, -0.007, -0.029]
[-0.147, -0.01, -0.029]
[-0.15, -0.016, -0.028]
[-0.15, -0.016, -0.028]
[-0.152, -0.019, -0.027]
[-0.154, -0.022, -0.027]
[-0.156, -0.024, -0.026]
[-0.158, -0.027, -0.026]
[-0.158, -0.027, -0.026]
[-0.163, -0.032, -0.026]
[-0.165, -0.034, -0.025]
[-0.169, -0.037, -0.025]
[-0.172, -0.04, -0.024]
[-0.174, -0.042, -0.024]
[-0.176, -0.044, -0.024]
[-0.177, -0.046, -0.023]
[-0.179, -0.048, -0.022]
[-0.183, -0.051, -0.021]
[-0.188, -0.053, -0.019]
[-0.193, -0.054, -0.017]
[-0.196, -0.056, -0.015]
[-0.199, -0.057, -0.014]
[-0.202, -0.058, -0.012]
[-0.204, -0.059, -0.011]
[-0.206, -0.059, -0.01]
[-0.205, -0.06, -0.009]
[-0.204, -0.06, -0.007]
[-0.203, -0.06, -0.006]
[-0.203, -0.06, -0.004]
[-0.204, -0.06, -0.003]
[-0.204, -0.06, -0.002]
[-0.203, -0.06, 0.0]
[-0.203, -0.06, 0.002]
[-0.204, -0.06, 0.004]
[-0.205, -0.06, 0.006]
[-0.206, -0.06, 0.007]
[-0.206, -0.061, 0.008]
[-0.206, -0.061, 0.008]
[-0.205, -0.062, 0.006]
[-0.205, -0.062, 0.006]
[-0.206, -0.064, 0.005]
[-0.206, -0.065, 0.003]
[-0.209, -0.068, 0.003]
[-0.209, -0.068, 0.003]
[-0.21, -0.069, 0.003]
[-0.21, -0.07, 0.004]
[-0.209, -0.071, 0.005]
[-0.207, -0.072, 0.007]
[-0.205, -0.073, 0.008]
[-0.203, -0.074, 0.01]
[-0.197, -0.076, 0.01]
[-0.197, -0.076, 0.01]
[-0.194, -0.077, 0.011]
[-0.191, -0.078, 0.011]
[-0.19, -0.079, 0.012]
[-0.19, -0.08, 0.014]
[-0.191, -0.081, 0.016]
[-0.193, -0.082, 0.018]
[-0.193, -0.082, 0.019]
[-0.192, -0.083, 0.02]
[-0.19, -0.084, 0.022]
[-0.188, -0.085, 0.023]
[-0.186, -0.086, 0.024]
[-0.185, -0.086, 0.025]
[-0.185, -0.087, 0.026]
[-0.185, -0.087, 0.027]
[-0.185, -0.087, 0.028]
[-0.185, -0.086, 0.029]
[-0.184, -0.086, 0.03]
[-0.182, -0.086, 0.03]
[-0.181, -0.085, 0.031]
[-0.178, -0.084, 0.031]
[-0.176, -0.084, 0.032]
[-0.174, -0.083, 0.032]
[-0.173, -0.083, 0.033]
[-0.171, -0.082, 0.034]
[-0.17, -0.082, 0.034]
[-0.169, -0.081, 0.034]
[-0.17, -0.081, 0.034]
[-0.17, -0.081, 0.034]
[-0.172, -0.08, 0.034]
[-0.174, -0.079, 0.035]
[-0.177, -0.077, 0.037]
[-0.177, -0.077, 0.037]
[-0.177, -0.077, 0.037]
[-0.177, -0.076, 0.038]
[-0.175, -0.076, 0.039]
[-0.173, -0.076, 0.039]
[-0.173, -0.076, 0.039]
[-0.175, -0.075, 0.041]
[-0.175, -0.075, 0.041]
[-0.177, -0.074, 0.042]
[-0.178, -0.074, 0.042]
[-0.18, -0.073, 0.043]
[-0.182, -0.072, 0.042]
[-0.183, -0.071, 0.042]
[-0.184, -0.07, 0.041]
[-0.185, -0.069, 0.041]
[-0.184, -0.068, 0.041]
[-0.184, -0.067, 0.041]
[-0.182, -0.065, 0.042]
[-0.181, -0.063, 0.042]
[-0.18, -0.062, 0.042]
[-0.178, -0.06, 0.042]
[-0.178, -0.059, 0.042]
[-0.178, -0.057, 0.043]
[-0.18, -0.056, 0.043]
[-0.184, -0.054, 0.045]
[-0.194, -0.051, 0.046]
[-0.197, -0.045, 0.044]
[-0.199, -0.042, 0.043]
[-0.2, -0.038, 0.043]
[-0.196, -0.035, 0.042]
[-0.193, -0.034, 0.043]
[-0.189, -0.033, 0.043]
[-0.184, -0.033, 0.044]
[-0.179, -0.034, 0.046]
[-0.175, -0.034, 0.049]
[-0.171, -0.033, 0.051]
[-0.169, -0.032, 0.052]
[-0.167, -0.031, 0.054]
[-0.164, -0.03, 0.054]
[-0.16, -0.029, 0.054]
[-0.16, -0.029, 0.054]
[-0.16, -0.029, 0.054]
[-0.164, -0.028, 0.053]
[-0.177, -0.025, 0.051]
[-0.177, -0.025, 0.051]
[-0.183, -0.023, 0.05]
[-0.187, -0.023, 0.05]
[-0.189, -0.022, 0.05]
[-0.191, -0.022, 0.05]
[-0.191, -0.022, 0.049]
[-0.19, -0.021, 0.049]
[-0.189, -0.021, 0.049]
[-0.189, -0.021, 0.049]
[-0.189, -0.021, 0.049]
[-0.189, -0.022, 0.05]
[-0.19, -0.022, 0.05]
[-0.19, -0.022, 0.049]
[-0.189, -0.023, 0.049]
[-0.188, -0.023, 0.049]
[-0.186, -0.024, 0.048]
[-0.186, -0.024, 0.048]
[-0.185, -0.024, 0.047]
[-0.184, -0.025, 0.047]
[-0.181, -0.025, 0.046]
[-0.181, -0.025, 0.046]
[-0.18, -0.026, 0.046]
[-0.18, -0.026, 0.046]
[-0.179, -0.027, 0.044]
[-0.179, -0.027, 0.044]
[-0.179, -0.028, 0.044]
[-0.179, -0.028, 0.043]
[-0.18, -0.028, 0.043]
[-0.181, -0.028, 0.044]
[-0.18, -0.029, 0.044]
[-0.178, -0.03, 0.045]
[-0.176, -0.031, 0.045]
[-0.175, -0.032, 0.045]
[-0.176, -0.034, 0.046]
[-0.177, -0.035, 0.046]
[-0.178, -0.037, 0.047]
[-0.176, -0.038, 0.048]
[-0.172, -0.039, 0.049]
[-0.168, -0.04, 0.05]
[-0.164, -0.041, 0.051]
[-0.162, -0.042, 0.052]
[-0.161, -0.043, 0.052]
[-0.16, -0.043, 0.053]
[-0.159, -0.044, 0.053]
[-0.158, -0.045, 0.053]
[-0.157, -0.045, 0.053]
[-0.157, -0.046, 0.053]
[-0.158, -0.047, 0.052]
[-0.16, -0.047, 0.05]
[-0.162, -0.046, 0.045]
[-0.165, -0.045, 0.042]
[-0.166, -0.044, 0.04]
[-0.166, -0.044, 0.039]
[-0.164, -0.044, 0.039]
[-0.161, -0.046, 0.039]
[-0.159, -0.048, 0.039]
[-0.157, -0.049, 0.039]
[-0.154, -0.051, 0.04]
[-0.151, -0.052, 0.04]
[-0.148, -0.054, 0.041]
[-0.145, -0.055, 0.041]
[-0.145, -0.056, 0.041]
[-0.145, -0.057, 0.041]
[-0.145, -0.058, 0.041]
[-0.145, -0.059, 0.04]
[-0.145, -0.06, 0.04]
[-0.146, -0.061, 0.04]
[-0.149, -0.06, 0.039]
[-0.155, -0.06, 0.038]
[-0.16, -0.058, 0.037]
[-0.164, -0.056, 0.038]
[-0.168, -0.055, 0.039]
[-0.168, -0.055, 0.042]
[-0.167, -0.056, 0.044]
[-0.165, -0.056, 0.047]
[-0.164, -0.057, 0.049]
[-0.163, -0.057, 0.051]
[-0.161, -0.058, 0.054]
[-0.16, -0.058, 0.056]
[-0.157, -0.059, 0.06]
[-0.155, -0.06, 0.066]
[-0.153, -0.062, 0.073]
[-0.152, -0.063, 0.082]
[-0.15, -0.064, 0.091]
[-0.148, -0.064, 0.099]
[-0.147, -0.064, 0.106]
[-0.148, -0.063, 0.112]
[-0.148, -0.062, 0.117]
[-0.147, -0.061, 0.121]
[-0.146, -0.06, 0.125]
[-0.145, -0.059, 0.129]
[-0.144, -0.058, 0.132]
[-0.144, -0.057, 0.135]
[-0.143, -0.056, 0.137]
[-0.144, -0.055, 0.138]
[-0.144, -0.054, 0.14]
[-0.145, -0.053, 0.14]
[-0.147, -0.052, 0.14]
[-0.149, -0.051, 0.14]
[-0.15, -0.051, 0.14]
[-0.151, -0.05, 0.139]
[-0.152, -0.05, 0.139]
[-0.153, -0.05, 0.138]
[-0.154, -0.05, 0.137]
[-0.155, -0.05, 0.135]
[-0.157, -0.05, 0.134]
[-0.158, -0.05, 0.133]
[-0.158, -0.049, 0.132]
[-0.159, -0.049, 0.131]
[-0.161, -0.048, 0.129]
[-0.162, -0.048, 0.126]
[-0.164, -0.047, 0.122]
[-0.165, -0.046, 0.118]
[-0.166, -0.045, 0.114]
[-0.167, -0.044, 0.111]
[-0.169, -0.044, 0.108]
[-0.171, -0.044, 0.105]
[-0.171, -0.044, 0.103]
[-0.171, -0.044, 0.101]
[-0.171, -0.044, 0.099]
[-0.171, -0.044, 0.097]
[-0.173, -0.044, 0.096]
[-0.175, -0.045, 0.095]
[-0.178, -0.045, 0.095]
[-0.18, -0.046, 0.094]
[-0.181, -0.046, 0.093]
[-0.182, -0.047, 0.092]
[-0.184, -0.047, 0.09]
[-0.186, -0.047, 0.088]
[-0.188, -0.048, 0.086]
[-0.191, -0.048, 0.083]
[-0.192, -0.049, 0.081]
[-0.194, -0.051, 0.079]
[-0.196, -0.052, 0.076]
[-0.198, -0.053, 0.075]
[-0.199, -0.055, 0.073]
[-0.201, -0.056, 0.071]
[-0.201, -0.058, 0.07]
[-0.202, -0.059, 0.068]
[-0.203, -0.061, 0.067]
[-0.203, -0.061, 0.066]
[-0.203, -0.062, 0.064]
[-0.202, -0.062, 0.062]
[-0.202, -0.063, 0.06]
[-0.201, -0.063, 0.059]
[-0.201, -0.064, 0.057]
[-0.2, -0.064, 0.056]
[-0.2, -0.065, 0.055]
[-0.199, -0.065, 0.053]
[-0.199, -0.065, 0.053]
[-0.199, -0.065, 0.052]
[-0.2, -0.065, 0.051]
[-0.2, -0.065, 0.05]
[-0.2, -0.065, 0.051]
[-0.2, -0.064, 0.051]
[-0.2, -0.064, 0.051]
[-0.2, -0.063, 0.051]
[-0.199, -0.063, 0.049]
[-0.197, -0.062, 0.048]
[-0.197, -0.062, 0.046]
[-0.197, -0.061, 0.045]
[-0.199, -0.061, 0.043]
[-0.2, -0.061, 0.041]
[-0.202, -0.06, 0.041]
[-0.202, -0.06, 0.04]
[-0.199, -0.059, 0.038]
[-0.196, -0.06, 0.036]
[-0.192, -0.06, 0.033]
[-0.188, -0.061, 0.03]
[-0.185, -0.061, 0.027]
[-0.183, -0.062, 0.023]
[-0.182, -0.062, 0.019]
[-0.182, -0.063, 0.015]
[-0.183, -0.064, 0.011]
[-0.185, -0.064, 0.008]
[-0.189, -0.063, 0.005]
[-0.193, -0.063, 0.002]
[-0.197, -0.062, -0.002]
[-0.201, -0.062, -0.006]
[-0.204, -0.062, -0.009]
[-0.206, -0.062, -0.013]
[-0.207, -0.062, -0.016]
[-0.208, -0.061, -0.019]
[-0.208, -0.061, -0.022]
[-0.209, -0.061, -0.024]
[-0.21, -0.061, -0.025]
[-0.211, -0.061, -0.027]
[-0.211, -0.062, -0.028]
[-0.211, -0.063, -0.032]
[-0.211, -0.063, -0.032]
[-0.21, -0.063, -0.034]
[-0.212, -0.064, -0.036]
[-0.213, -0.065, -0.038]
[-0.214, -0.065, -0.039]
[-0.214, -0.066, -0.041]
[-0.213, -0.066, -0.042]
[-0.211, -0.066, -0.042]
[-0.209, -0.066, -0.042]
[-0.207, -0.066, -0.041]
[-0.206, -0.066, -0.041]
[-0.204, -0.066, -0.04]
[-0.202, -0.066, -0.039]
[-0.202, -0.065, -0.039]
[-0.203, -0.065, -0.039]
[-0.205, -0.064, -0.039]
[-0.207, -0.064, -0.039]
[-0.21, -0.064, -0.039]
[-0.213, -0.063, -0.038]
[-0.215, -0.063, -0.038]
[-0.218, -0.063, -0.037]
[-0.22, -0.061, -0.035]
[-0.22, -0.06, -0.032]
[-0.221, -0.058, -0.03]
[-0.221, -0.057, -0.028]
[-0.221, -0.057, -0.027]
[-0.223, -0.056, -0.026]
[-0.227, -0.056, -0.026]
[-0.227, -0.056, -0.026]
[-0.229, -0.056, -0.025]
[-0.229, -0.056, -0.024]
[-0.229, -0.056, -0.024]
[-0.228, -0.056, -0.024]
[-0.227, -0.056, -0.024]
[-0.226, -0.056, -0.024]
[-0.224, -0.056, -0.024]
[-0.221, -0.056, -0.024]
[-0.22, -0.056, -0.024]
[-0.219, -0.056, -0.025]
[-0.219, -0.056, -0.026]
[-0.219, -0.056, -0.027]
[-0.219, -0.056, -0.027]
[-0.219, -0.057, -0.027]
[-0.218, -0.058, -0.027]
[-0.218, -0.058, -0.026]
[-0.217, -0.058, -0.025]
[-0.216, -0.058, -0.024]
[-0.214, -0.058, -0.024]
[-0.214, -0.058, -0.024]
[-0.214, -0.057, -0.024]
[-0.213, -0.057, -0.024]
[-0.214, -0.057, -0.025]
[-0.214, -0.057, -0.024]
[-0.214, -0.056, -0.024]
[-0.215, -0.056, -0.024]
[-0.216, -0.056, -0.025]
[-0.219, -0.055, -0.025]
[-0.221, -0.054, -0.024]
[-0.223, -0.053, -0.023]
[-0.224, -0.052, -0.022]
[-0.224, -0.051, -0.021]
[-0.223, -0.052, -0.021]
[-0.222, -0.052, -0.021]
[-0.219, -0.054, -0.02]
[-0.21, -0.055, -0.019]
[-0.21, -0.055, -0.019]
[-0.207, -0.055, -0.019]
[-0.203, -0.055, -0.018]
[-0.195, -0.055, -0.017]
[-0.195, -0.055, -0.017]
[-0.191, -0.055, -0.016]
[-0.187, -0.055, -0.015]
[-0.184, -0.055, -0.014]
[-0.183, -0.055, -0.013]
[-0.182, -0.054, -0.013]
[-0.182, -0.053, -0.012]
[-0.181, -0.053, -0.011]
[-0.182, -0.052, -0.01]
[-0.182, -0.052, -0.009]
[-0.183, -0.051, -0.008]
[-0.184, -0.05, -0.007]
[-0.184, -0.049, -0.006]
[-0.186, -0.047, -0.004]
[-0.188, -0.046, -0.002]
[-0.189, -0.045, 0.001]
[-0.188, -0.044, 0.004]
[-0.188, -0.043, 0.007]
[-0.187, -0.042, 0.01]
[-0.186, -0.042, 0.013]
[-0.185, -0.04, 0.016]
[-0.183, -0.038, 0.021]
[-0.18, -0.035, 0.026]
[-0.179, -0.033, 0.031]
[-0.178, -0.032, 0.035]
[-0.178, -0.032, 0.04]
[-0.179, -0.033, 0.045]
[-0.18, -0.033, 0.049]
[-0.182, -0.034, 0.056]
[-0.182, -0.034, 0.056]
[-0.182, -0.034, 0.059]
[-0.18, -0.034, 0.062]
[-0.176, -0.033, 0.065]
[-0.173, -0.032, 0.068]
[-0.17, -0.031, 0.07]
[-0.168, -0.029, 0.072]
[-0.166, -0.028, 0.073]
[-0.165, -0.027, 0.074]
[-0.165, -0.026, 0.074]
[-0.166, -0.023, 0.075]
[-0.166, -0.023, 0.075]
[-0.165, -0.022, 0.076]
[-0.164, -0.022, 0.077]
[-0.163, -0.021, 0.078]
[-0.161, -0.02, 0.079]
[-0.158, -0.019, 0.08]
[-0.152, -0.018, 0.082]
[-0.152, -0.018, 0.082]
[-0.15, -0.018, 0.084]
[-0.149, -0.017, 0.085]
[-0.149, -0.016, 0.087]
[-0.15, -0.015, 0.089]
[-0.152, -0.014, 0.091]
[-0.152, -0.013, 0.093]
[-0.152, -0.013, 0.093]
[-0.153, -0.011, 0.095]
[-0.154, -0.01, 0.097]
[-0.155, -0.008, 0.099]
[-0.156, -0.007, 0.101]
[-0.154, -0.006, 0.101]
[-0.153, -0.005, 0.099]
[-0.153, -0.005, 0.099]
[-0.152, -0.004, 0.098]
[-0.153, -0.003, 0.099]
[-0.152, -0.001, 0.1]
[-0.151, 0.0, 0.1]
[-0.151, 0.002, 0.1]
[-0.151, 0.003, 0.1]
[-0.151, 0.005, 0.101]
[-0.151, 0.006, 0.101]
[-0.149, 0.006, 0.101]
[-0.147, 0.007, 0.102]
[-0.145, 0.008, 0.102]
[-0.142, 0.009, 0.103]
[-0.14, 0.01, 0.104]
[-0.14, 0.01, 0.104]
[-0.139, 0.011, 0.104]
[-0.137, 0.011, 0.104]
[-0.136, 0.011, 0.106]
[-0.133, 0.011, 0.106]
[-0.129, 0.011, 0.106]
[-0.125, 0.012, 0.105]
[-0.122, 0.012, 0.104]
[-0.123, 0.013, 0.104]
[-0.124, 0.012, 0.104]
[-0.126, 0.012, 0.103]
[-0.126, 0.012, 0.102]
[-0.125, 0.012, 0.101]
[-0.124, 0.011, 0.101]
[-0.123, 0.011, 0.099]
[-0.123, 0.01, 0.098]
[-0.123, 0.009, 0.096]
[-0.122, 0.008, 0.094]
[-0.122, 0.006, 0.091]
[-0.123, 0.005, 0.089]
[-0.124, 0.004, 0.085]
[-0.126, 0.003, 0.081]
[-0.129, 0.002, 0.076]
[-0.133, 0.0, 0.073]
[-0.135, -0.001, 0.069]
[-0.138, -0.002, 0.065]
[-0.14, -0.003, 0.062]
[-0.142, -0.004, 0.058]
[-0.145, -0.006, 0.053]
[-0.148, -0.008, 0.049]
[-0.15, -0.01, 0.044]
[-0.15, -0.013, 0.039]
[-0.15, -0.015, 0.034]
[-0.152, -0.018, 0.029]
[-0.156, -0.022, 0.025]
[-0.162, -0.025, 0.022]
[-0.166, -0.028, 0.02]
[-0.169, -0.031, 0.018]
[-0.17, -0.033, 0.015]
[-0.17, -0.036, 0.013]
[-0.17, -0.038, 0.01]
[-0.17, -0.04, 0.008]
[-0.17, -0.043, 0.005]
[-0.172, -0.046, 0.003]
[-0.174, -0.048, 0.001]
[-0.176, -0.051, -0.001]
[-0.179, -0.054, -0.002]
[-0.183, -0.056, -0.005]
[-0.187, -0.059, -0.007]
[-0.191, -0.062, -0.009]
[-0.194, -0.065, -0.011]
[-0.197, -0.071, -0.016]
[-0.197, -0.071, -0.016]
[-0.199, -0.074, -0.018]
[-0.201, -0.077, -0.02]
[-0.209, -0.082, -0.023]
[-0.209, -0.082, -0.023]
[-0.213, -0.085, -0.025]
[-0.217, -0.088, -0.025]
[-0.22, -0.09, -0.026]
[-0.223, -0.092, -0.026]
[-0.226, -0.094, -0.026]
[-0.231, -0.095, -0.026]
[-0.241, -0.099, -0.025]
[-0.241, -0.099, -0.025]
[-0.248, -0.1, -0.023]
[-0.255, -0.101, -0.02]
[-0.273, -0.101, -0.016]
[-0.273, -0.101, -0.016]
[-0.284, -0.099, -0.015]
[-0.291, -0.098, -0.013]
[-0.294, -0.097, -0.011]
[-0.293, -0.095, -0.008]
[-0.289, -0.095, -0.006]
[-0.284, -0.095, -0.005]
[-0.28, -0.094, -0.005]
[-0.276, -0.094, -0.005]
[-0.274, -0.093, -0.004]
[-0.272, -0.093, -0.004]
[-0.272, -0.093, -0.003]
[-0.274, -0.093, -0.002]
[-0.276, -0.093, -0.0]
[-0.278, -0.093, 0.0]
[-0.278, -0.092, 0.001]
[-0.278, -0.092, 0.003]
[-0.279, -0.091, 0.005]
[-0.281, -0.091, 0.008]
[-0.282, -0.09, 0.013]
[-0.282, -0.09, 0.013]
[-0.281, -0.089, 0.014]
[-0.279, -0.087, 0.015]
[-0.278, -0.083, 0.013]
[-0.278, -0.083, 0.013]
[-0.278, -0.081, 0.013]
[-0.276, -0.08, 0.013]
[-0.269, -0.077, 0.016]
[-0.269, -0.077, 0.016]
[-0.265, -0.075, 0.019]
[-0.262, -0.073, 0.021]
[-0.26, -0.07, 0.022]
[-0.259, -0.067, 0.024]
[-0.257, -0.065, 0.025]
[-0.255, -0.063, 0.027]
[-0.253, -0.061, 0.028]
[-0.25, -0.059, 0.03]
[-0.247, -0.057, 0.032]
[-0.245, -0.056, 0.033]
[-0.243, -0.054, 0.034]
[-0.242, -0.053, 0.034]
[-0.243, -0.052, 0.036]
[-0.243, -0.05, 0.037]
[-0.244, -0.048, 0.039]
[-0.245, -0.046, 0.041]
[-0.244, -0.044, 0.042]
[-0.243, -0.042, 0.043]
[-0.242, -0.04, 0.045]
[-0.24, -0.038, 0.047]
[-0.24, -0.036, 0.048]
[-0.24, -0.035, 0.05]
[-0.24, -0.033, 0.051]
[-0.24, -0.031, 0.053]
[-0.238, -0.029, 0.055]
[-0.234, -0.027, 0.058]
[-0.226, -0.023, 0.064]
[-0.226, -0.023, 0.064]
[-0.222, -0.022, 0.066]
[-0.219, -0.02, 0.069]
[-0.215, -0.017, 0.074]
[-0.215, -0.017, 0.074]
[-0.214, -0.015, 0.075]
[-0.214, -0.014, 0.077]
[-0.215, -0.013, 0.078]
[-0.217, -0.012, 0.079]
[-0.219, -0.011, 0.082]
[-0.223, -0.009, 0.085]
[-0.229, -0.008, 0.088]
[-0.234, -0.007, 0.09]
[-0.237, -0.006, 0.091]
[-0.24, -0.005, 0.093]
[-0.241, -0.004, 0.094]
[-0.243, -0.003, 0.095]
[-0.246, -0.003, 0.096]
[-0.249, -0.002, 0.096]
[-0.249, -0.002, 0.097]
[-0.249, -0.002, 0.097]
[-0.247, -0.001, 0.097]
[-0.244, -0.0, 0.097]
[-0.242, 0.002, 0.101]
[-0.242, 0.002, 0.101]
[-0.242, 0.003, 0.103]
[-0.243, 0.004, 0.105]
[-0.243, 0.005, 0.107]
[-0.241, 0.006, 0.109]
[-0.24, 0.007, 0.11]
[-0.241, 0.008, 0.112]
[-0.243, 0.009, 0.114]
[-0.245, 0.01, 0.116]
[-0.247, 0.012, 0.118]
[-0.249, 0.013, 0.12]
[-0.25, 0.015, 0.122]
[-0.251, 0.017, 0.124]
[-0.251, 0.02, 0.127]
[-0.25, 0.021, 0.129]
[-0.248, 0.022, 0.131]
[-0.247, 0.023, 0.133]
[-0.247, 0.024, 0.137]
[-0.248, 0.025, 0.14]
[-0.251, 0.028, 0.146]
[-0.251, 0.028, 0.146]
[-0.254, 0.029, 0.148]
[-0.256, 0.03, 0.15]
[-0.257, 0.03, 0.15]
[-0.259, 0.031, 0.15]
[-0.259, 0.032, 0.15]
[-0.26, 0.032, 0.149]
[-0.261, 0.033, 0.148]
[-0.262, 0.032, 0.147]
[-0.258, 0.031, 0.142]
[-0.258, 0.031, 0.142]
[-0.254, 0.031, 0.139]
[-0.251, 0.03, 0.137]
[-0.249, 0.03, 0.135]
[-0.249, 0.029, 0.133]
[-0.253, 0.029, 0.13]
[-0.253, 0.029, 0.13]
[-0.254, 0.03, 0.127]
[-0.256, 0.031, 0.125]
[-0.256, 0.032, 0.123]
[-0.256, 0.032, 0.123]
[-0.257, 0.033, 0.122]
[-0.256, 0.032, 0.12]
[-0.258, 0.031, 0.116]
[-0.258, 0.03, 0.111]
[-0.258, 0.029, 0.104]
[-0.258, 0.028, 0.098]
[-0.256, 0.026, 0.091]
[-0.254, 0.025, 0.083]
[-0.254, 0.023, 0.075]
[-0.257, 0.018, 0.063]
[-0.257, 0.018, 0.063]
[-0.26, 0.016, 0.06]
[-0.263, 0.013, 0.057]
[-0.265, 0.011, 0.055]
[-0.266, 0.01, 0.052]
[-0.265, 0.009, 0.049]
[-0.264, 0.008, 0.046]
[-0.262, 0.008, 0.042]
[-0.262, 0.007, 0.039]
[-0.263, 0.006, 0.035]
[-0.263, 0.006, 0.035]
[-0.264, 0.005, 0.033]
[-0.265, 0.005, 0.033]
[-0.267, 0.004, 0.032]
[-0.269, 0.004, 0.032]
[-0.271, 0.003, 0.03]
[-0.271, 0.003, 0.03]
[-0.27, 0.002, 0.028]
[-0.27, 0.002, 0.028]
[-0.269, 0.001, 0.026]
[-0.268, -0.0, 0.025]
[-0.266, -0.001, 0.024]
[-0.263, -0.002, 0.023]
[-0.258, -0.003, 0.022]
[-0.255, -0.004, 0.021]
[-0.25, -0.004, 0.018]
[-0.25, -0.004, 0.018]
[-0.248, -0.005, 0.015]
[-0.247, -0.006, 0.013]
[-0.249, -0.01, 0.005]
[-0.249, -0.01, 0.005]
[-0.252, -0.013, 0.002]
[-0.254, -0.015, -0.002]
[-0.254, -0.018, -0.008]
[-0.254, -0.018, -0.008]
[-0.252, -0.019, -0.011]
[-0.251, -0.02, -0.014]
[-0.251, -0.023, -0.019]
[-0.251, -0.023, -0.019]
[-0.254, -0.024, -0.021]
[-0.257, -0.025, -0.024]
[-0.266, -0.028, -0.029]
[-0.266, -0.028, -0.029]
[-0.27, -0.029, -0.032]
[-0.274, -0.031, -0.035]
[-0.276, -0.033, -0.037]
[-0.276, -0.035, -0.039]
[-0.279, -0.039, -0.043]
[-0.279, -0.039, -0.043]
[-0.284, -0.041, -0.045]
[-0.289, -0.042, -0.046]
[-0.297, -0.046, -0.05]
[-0.297, -0.046, -0.05]
[-0.299, -0.048, -0.052]
[-0.301, -0.05, -0.054]
[-0.297, -0.055, -0.057]
[-0.293, -0.058, -0.058]
[-0.293, -0.058, -0.058]
[-0.29, -0.06, -0.059]
[-0.28, -0.064, -0.061]
[-0.276, -0.066, -0.063]
[-0.276, -0.066, -0.063]
[-0.274, -0.068, -0.064]
[-0.274, -0.07, -0.067]
[-0.274, -0.07, -0.067]
[-0.274, -0.071, -0.068]
[-0.275, -0.072, -0.069]
[-0.274, -0.072, -0.07]
[-0.274, -0.072, -0.07]
[-0.274, -0.072, -0.069]
[-0.274, -0.071, -0.068]
[-0.273, -0.07, -0.066]
[-0.273, -0.07, -0.066]
[-0.272, -0.07, -0.065]
[-0.273, -0.069, -0.064]
[-0.281, -0.067, -0.06]
[-0.281, -0.067, -0.06]
[-0.286, -0.065, -0.057]
[-0.289, -0.064, -0.056]
[-0.289, -0.062, -0.054]
[-0.289, -0.062, -0.054]
[-0.286, -0.062, -0.055]
[-0.284, -0.062, -0.055]
[-0.281, -0.061, -0.054]
[-0.281, -0.061, -0.054]
[-0.28, -0.06, -0.054]
[-0.278, -0.06, -0.054]
[-0.271, -0.06, -0.053]
[-0.271, -0.06, -0.053]
[-0.268, -0.06, -0.052]
[-0.266, -0.06, -0.052]
[-0.265, -0.06, -0.054]
[-0.265, -0.06, -0.054]
[-0.266, -0.061, -0.054]
[-0.267, -0.061, -0.056]
[-0.27, -0.063, -0.057]
[-0.271, -0.063, -0.058]
[-0.271, -0.063, -0.058]
[-0.273, -0.063, -0.058]
[-0.272, -0.063, -0.056]
[-0.271, -0.064, -0.056]
[-0.271, -0.064, -0.056]
[-0.269, -0.064, -0.055]
[-0.268, -0.066, -0.057]
[-0.268, -0.066, -0.057]
[-0.269, -0.067, -0.059]
[-0.27, -0.068, -0.062]
[-0.276, -0.071, -0.071]
[-0.276, -0.071, -0.071]
[-0.278, -0.072, -0.077]
[-0.281, -0.073, -0.084]
[-0.285, -0.074, -0.09]
[-0.287, -0.076, -0.099]
[-0.29, -0.077, -0.111]
[-0.292, -0.079, -0.124]
[-0.295, -0.08, -0.14]
[-0.299, -0.082, -0.156]
[-0.294, -0.086, -0.187]
[-0.294, -0.086, -0.187]
[-0.292, -0.088, -0.2]
[-0.292, -0.09, -0.209]
[-0.288, -0.091, -0.225]
[-0.288, -0.091, -0.225]
[-0.286, -0.09, -0.232]
[-0.284, -0.09, -0.239]
[-0.282, -0.09, -0.246]
[-0.282, -0.09, -0.252]
[-0.283, -0.09, -0.259]
[-0.283, -0.09, -0.265]
[-0.283, -0.09, -0.275]
[-0.283, -0.09, -0.275]
[-0.283, -0.089, -0.279]
[-0.282, -0.089, -0.283]
[-0.281, -0.088, -0.286]
[-0.28, -0.088, -0.288]
[-0.279, -0.088, -0.29]
[-0.278, -0.088, -0.29]
[-0.279, -0.088, -0.29]
[-0.28, -0.089, -0.289]
[-0.282, -0.09, -0.287]
[-0.282, -0.09, -0.287]
[-0.283, -0.09, -0.286]
[-0.284, -0.091, -0.284]
[-0.285, -0.091, -0.282]
[-0.286, -0.091, -0.281]
[-0.287, -0.091, -0.279]
[-0.289, -0.091, -0.277]
[-0.299, -0.092, -0.274]
[-0.299, -0.092, -0.274]
[-0.312, -0.091, -0.273]
[-0.324, -0.089, -0.271]
[-0.339, -0.083, -0.26]
[-0.339, -0.083, -0.26]
[-0.341, -0.081, -0.25]
[-0.341, -0.079, -0.24]
[-0.338, -0.077, -0.224]
[-0.334, -0.075, -0.209]
[-0.331, -0.072, -0.192]
[-0.33, -0.069, -0.177]
[-0.327, -0.062, -0.153]
[-0.327, -0.062, -0.153]
[-0.325, -0.06, -0.14]
[-0.322, -0.057, -0.128]
[-0.305, -0.051, -0.102]
[-0.305, -0.051, -0.102]
[-0.301, -0.047, -0.091]
[-0.299, -0.043, -0.081]
[-0.295, -0.034, -0.062]
[-0.295, -0.034, -0.062]
[-0.29, -0.03, -0.052]
[-0.286, -0.025, -0.044]
[-0.282, -0.017, -0.029]
[-0.282, -0.017, -0.029]
[-0.278, -0.014, -0.022]
[-0.273, -0.011, -0.017]
[-0.263, -0.005, -0.008]
[-0.259, -0.002, -0.004]
[-0.259, -0.002, -0.004]
[-0.256, 0.001, -0.001]
[-0.251, 0.006, 0.008]
[-0.251, 0.006, 0.008]
[-0.249, 0.008, 0.011]
[-0.249, 0.012, 0.014]
[-0.247, 0.02, 0.021]
[-0.247, 0.02, 0.021]
[-0.247, 0.023, 0.024]
[-0.247, 0.025, 0.027]
[-0.247, 0.028, 0.03]
[-0.246, 0.03, 0.032]
[-0.244, 0.031, 0.036]
[-0.241, 0.033, 0.04]
[-0.24, 0.036, 0.049]
[-0.24, 0.036, 0.049]
[-0.241, 0.038, 0.053]
[-0.243, 0.04, 0.057]
[-0.245, 0.044, 0.065]
[-0.245, 0.044, 0.065]
[-0.244, 0.045, 0.069]
[-0.243, 0.047, 0.073]
[-0.24, 0.049, 0.078]
[-0.24, 0.049, 0.078]
[-0.238, 0.051, 0.08]
[-0.236, 0.053, 0.083]
[-0.235, 0.057, 0.088]
[-0.235, 0.057, 0.088]
[-0.234, 0.059, 0.091]
[-0.233, 0.061, 0.094]
[-0.229, 0.065, 0.1]
[-0.229, 0.065, 0.1]
[-0.229, 0.067, 0.102]
[-0.23, 0.069, 0.105]
[-0.232, 0.072, 0.109]
[-0.232, 0.072, 0.109]
[-0.231, 0.073, 0.111]
[-0.229, 0.074, 0.112]
[-0.217, 0.076, 0.113]
[-0.217, 0.076, 0.113]
[-0.211, 0.077, 0.115]
[-0.206, 0.077, 0.117]
[-0.198, 0.077, 0.119]
[-0.198, 0.077, 0.119]
[-0.194, 0.078, 0.119]
[-0.19, 0.079, 0.119]
[-0.182, 0.079, 0.122]
[-0.182, 0.079, 0.122]
[-0.18, 0.079, 0.124]
[-0.179, 0.078, 0.126]
[-0.182, 0.077, 0.129]
[-0.182, 0.077, 0.129]
[-0.185, 0.078, 0.131]
[-0.187, 0.078, 0.133]
[-0.192, 0.079, 0.133]
[-0.192, 0.079, 0.133]
[-0.193, 0.079, 0.132]
[-0.195, 0.08, 0.131]
[-0.197, 0.08, 0.129]
[-0.197, 0.08, 0.129]
[-0.198, 0.08, 0.128]
[-0.199, 0.08, 0.126]
[-0.199, 0.079, 0.124]
[-0.199, 0.079, 0.124]
[-0.199, 0.079, 0.123]
[-0.198, 0.078, 0.124]
[-0.196, 0.076, 0.125]
[-0.196, 0.076, 0.125]
[-0.199, 0.075, 0.125]
[-0.202, 0.073, 0.124]
[-0.206, 0.072, 0.121]
[-0.206, 0.072, 0.121]
[-0.207, 0.071, 0.118]
[-0.208, 0.07, 0.116]
[-0.211, 0.068, 0.113]
[-0.211, 0.068, 0.113]
[-0.212, 0.067, 0.111]
[-0.212, 0.066, 0.11]
[-0.213, 0.064, 0.108]
[-0.213, 0.064, 0.108]
[-0.214, 0.063, 0.107]
[-0.213, 0.063, 0.105]
[-0.212, 0.063, 0.1]
[-0.212, 0.063, 0.1]
[-0.212, 0.063, 0.098]
[-0.212, 0.062, 0.097]
[-0.215, 0.059, 0.096]
[-0.217, 0.057, 0.094]
[-0.217, 0.057, 0.094]
[-0.219, 0.056, 0.093]
[-0.222, 0.054, 0.09]
[-0.222, 0.054, 0.09]
[-0.223, 0.053, 0.089]
[-0.224, 0.052, 0.087]
[-0.224, 0.051, 0.085]
[-0.225, 0.05, 0.083]
[-0.227, 0.049, 0.081]
[-0.229, 0.048, 0.08]
[-0.233, 0.046, 0.078]
[-0.233, 0.046, 0.078]
[-0.235, 0.045, 0.076]
[-0.236, 0.045, 0.075]
[-0.238, 0.045, 0.074]
[-0.239, 0.044, 0.073]
[-0.24, 0.044, 0.072]
[-0.241, 0.043, 0.071]
[-0.243, 0.042, 0.067]
[-0.243, 0.042, 0.067]
[-0.243, 0.041, 0.066]
[-0.244, 0.041, 0.064]
[-0.244, 0.041, 0.063]
[-0.245, 0.041, 0.061]
[-0.247, 0.04, 0.06]
[-0.249, 0.04, 0.058]
[-0.251, 0.039, 0.057]
[-0.251, 0.038, 0.057]
[-0.249, 0.037, 0.056]
[-0.248, 0.037, 0.056]
[-0.247, 0.036, 0.057]
[-0.247, 0.036, 0.057]
[-0.249, 0.035, 0.057]
[-0.25, 0.035, 0.057]
[-0.254, 0.035, 0.056]
[-0.255, 0.034, 0.055]
[-0.255, 0.034, 0.055]
[-0.257, 0.034, 0.054]
[-0.258, 0.033, 0.051]
[-0.258, 0.033, 0.051]
[-0.257, 0.033, 0.049]
[-0.256, 0.032, 0.047]
[-0.253, 0.031, 0.046]
[-0.251, 0.031, 0.045]
[-0.25, 0.03, 0.045]
[-0.25, 0.03, 0.044]
[-0.254, 0.03, 0.041]
[-0.254, 0.03, 0.041]
[-0.255, 0.03, 0.04]
[-0.256, 0.03, 0.038]
[-0.257, 0.03, 0.036]
[-0.257, 0.03, 0.034]
[-0.257, 0.029, 0.031]
[-0.257, 0.029, 0.029]
[-0.256, 0.029, 0.023]
[-0.256, 0.029, 0.023]
[-0.256, 0.028, 0.02]
[-0.258, 0.028, 0.017]
[-0.258, 0.028, 0.014]
[-0.259, 0.027, 0.01]
[-0.258, 0.026, 0.005]
[-0.257, 0.026, 0.001]
[-0.256, 0.026, -0.007]
[-0.255, 0.026, -0.01]
[-0.255, 0.026, -0.01]
[-0.254, 0.026, -0.014]
[-0.254, 0.026, -0.017]
[-0.255, 0.026, -0.02]
[-0.256, 0.026, -0.021]
[-0.256, 0.025, -0.023]
[-0.258, 0.024, -0.025]
[-0.258, 0.024, -0.025]
[-0.258, 0.024, -0.026]
[-0.258, 0.023, -0.026]
[-0.255, 0.022, -0.027]
[-0.255, 0.022, -0.027]
[-0.255, 0.021, -0.028]
[-0.255, 0.021, -0.029]
[-0.256, 0.021, -0.029]
[-0.256, 0.021, -0.03]
[-0.257, 0.021, -0.03]
[-0.257, 0.021, -0.03]
[-0.255, 0.021, -0.031]
[-0.255, 0.021, -0.031]
[-0.253, 0.02, -0.031]
[-0.253, 0.02, -0.03]
[-0.253, 0.02, -0.03]
[-0.253, 0.02, -0.029]
[-0.254, 0.02, -0.028]
[-0.254, 0.02, -0.028]
[-0.254, 0.02, -0.028]
[-0.255, 0.02, -0.028]
[-0.257, 0.021, -0.028]
[-0.258, 0.021, -0.029]
[-0.259, 0.021, -0.029]
[-0.258, 0.021, -0.029]
[-0.258, 0.02, -0.029]
[-0.257, 0.02, -0.029]
[-0.257, 0.02, -0.028]
[-0.257, 0.02, -0.028]
[-0.256, 0.021, -0.028]
[-0.255, 0.021, -0.027]
[-0.255, 0.021, -0.026]
[-0.255, 0.021, -0.025]
[-0.256, 0.021, -0.023]
[-0.258, 0.021, -0.022]
[-0.261, 0.021, -0.02]
[-0.265, 0.022, -0.015]
[-0.265, 0.022, -0.015]
[-0.266, 0.023, -0.013]
[-0.265, 0.024, -0.011]
[-0.265, 0.025, -0.009]
[-0.264, 0.026, -0.006]
[-0.263, 0.027, -0.004]
[-0.262, 0.027, -0.001]
[-0.26, 0.028, 0.002]
[-0.258, 0.028, 0.005]
[-0.256, 0.029, 0.008]
[-0.254, 0.029, 0.01]
[-0.252, 0.03, 0.012]
[-0.251, 0.031, 0.014]
[-0.249, 0.032, 0.015]
[-0.25, 0.034, 0.018]
[-0.25, 0.034, 0.018]
[-0.253, 0.036, 0.02]
[-0.255, 0.038, 0.022]
[-0.256, 0.04, 0.024]
[-0.256, 0.041, 0.026]
[-0.255, 0.043, 0.028]
[-0.253, 0.044, 0.03]
[-0.251, 0.044, 0.031]
[-0.249, 0.045, 0.033]
[-0.246, 0.045, 0.035]
[-0.244, 0.046, 0.037]
[-0.242, 0.047, 0.039]
[-0.241, 0.048, 0.041]
[-0.239, 0.048, 0.042]
[-0.235, 0.047, 0.042]
[-0.223, 0.046, 0.041]
[-0.223, 0.046, 0.041]
[-0.218, 0.045, 0.04]
[-0.213, 0.044, 0.039]
[-0.209, 0.043, 0.039]
[-0.206, 0.042, 0.039]
[-0.203, 0.041, 0.038]
[-0.201, 0.039, 0.037]
[-0.199, 0.038, 0.036]
[-0.199, 0.036, 0.035]
[-0.2, 0.034, 0.033]
[-0.201, 0.032, 0.031]
[-0.201, 0.03, 0.028]
[-0.199, 0.029, 0.026]
[-0.197, 0.027, 0.025]
[-0.195, 0.026, 0.023]
[-0.193, 0.025, 0.022]
[-0.191, 0.024, 0.021]
[-0.188, 0.023, 0.02]
[-0.185, 0.022, 0.018]
[-0.183, 0.02, 0.016]
[-0.183, 0.018, 0.014]
[-0.182, 0.016, 0.013]
[-0.182, 0.013, 0.011]
[-0.18, 0.012, 0.01]
[-0.176, 0.01, 0.008]
[-0.172, 0.008, 0.005]
[-0.168, 0.005, 0.002]
[-0.163, 0.003, -0.001]
[-0.158, 0.001, -0.003]
[-0.154, -0.001, -0.005]
[-0.149, -0.003, -0.006]
[-0.145, -0.005, -0.008]
[-0.143, -0.006, -0.01]
[-0.143, -0.008, -0.012]
[-0.144, -0.01, -0.013]
[-0.145, -0.012, -0.015]
[-0.145, -0.014, -0.017]
[-0.145, -0.016, -0.019]
[-0.145, -0.019, -0.021]
[-0.148, -0.021, -0.023]
[-0.152, -0.024, -0.025]
[-0.155, -0.027, -0.027]
[-0.158, -0.03, -0.029]
[-0.16, -0.032, -0.03]
[-0.163, -0.034, -0.032]
[-0.169, -0.037, -0.034]
[-0.177, -0.039, -0.037]
[-0.185, -0.041, -0.039]
[-0.199, -0.045, -0.044]
[-0.199, -0.045, -0.044]
[-0.203, -0.048, -0.048]
[-0.205, -0.05, -0.052]
[-0.206, -0.052, -0.057]
[-0.207, -0.055, -0.061]
[-0.207, -0.056, -0.064]
[-0.207, -0.058, -0.067]
[-0.207, -0.06, -0.07]
[-0.207, -0.061, -0.074]
[-0.208, -0.062, -0.078]
[-0.208, -0.063, -0.082]
[-0.209, -0.064, -0.086]
[-0.211, -0.065, -0.09]
[-0.214, -0.065, -0.093]
[-0.219, -0.065, -0.096]
[-0.224, -0.066, -0.099]
[-0.229, -0.067, -0.101]
[-0.233, -0.067, -0.103]
[-0.236, -0.068, -0.105]
[-0.24, -0.067, -0.106]
[-0.243, -0.067, -0.105]
[-0.244, -0.067, -0.104]
[-0.241, -0.066, -0.103]
[-0.235, -0.066, -0.102]
[-0.228, -0.065, -0.1]
[-0.223, -0.065, -0.099]
[-0.221, -0.065, -0.098]
[-0.221, -0.065, -0.096]
[-0.224, -0.065, -0.095]
[-0.228, -0.064, -0.094]
[-0.231, -0.063, -0.093]
[-0.234, -0.062, -0.093]
[-0.237, -0.061, -0.091]
[-0.239, -0.061, -0.09]
[-0.241, -0.06, -0.088]
[-0.242, -0.059, -0.086]
[-0.242, -0.058, -0.084]
[-0.242, -0.056, -0.082]
[-0.242, -0.055, -0.081]
[-0.242, -0.054, -0.079]
[-0.242, -0.052, -0.076]
[-0.242, -0.05, -0.074]
[-0.242, -0.047, -0.07]
[-0.243, -0.044, -0.066]
[-0.247, -0.041, -0.062]
[-0.26, -0.037, -0.058]
[-0.277, -0.032, -0.053]
[-0.29, -0.028, -0.048]
[-0.3, -0.025, -0.043]
[-0.306, -0.022, -0.038]
[-0.315, -0.017, -0.031]
[-0.315, -0.017, -0.031]
[-0.317, -0.014, -0.028]
[-0.317, -0.012, -0.026]
[-0.315, -0.01, -0.024]
[-0.314, -0.008, -0.022]
[-0.311, -0.006, -0.021]
[-0.308, -0.004, -0.019]
[-0.306, -0.002, -0.018]
[-0.306, -0.001, -0.017]
[-0.308, 0.0, -0.016]
[-0.308, 0.001, -0.015]
[-0.306, 0.002, -0.014]
[-0.303, 0.002, -0.014]
[-0.3, 0.003, -0.014]
[-0.3, 0.004, -0.013]
[-0.304, 0.005, -0.012]
[-0.304, 0.006, -0.011]
[-0.304, 0.007, -0.009]
[-0.303, 0.007, -0.008]
[-0.301, 0.008, -0.007]
[-0.301, 0.01, -0.007]
[-0.301, 0.011, -0.008]
[-0.301, 0.013, -0.008]
[-0.299, 0.014, -0.008]
[-0.297, 0.015, -0.008]
[-0.294, 0.016, -0.007]
[-0.293, 0.017, -0.007]
[-0.293, 0.019, -0.007]
[-0.292, 0.02, -0.006]
[-0.291, 0.022, -0.005]
[-0.29, 0.023, -0.004]
[-0.288, 0.025, -0.003]
[-0.286, 0.027, -0.0]
[-0.286, 0.027, -0.0]
[-0.287, 0.029, 0.001]
[-0.288, 0.03, 0.003]
[-0.291, 0.032, 0.005]
[-0.293, 0.034, 0.008]
[-0.294, 0.035, 0.01]
[-0.294, 0.039, 0.013]
[-0.294, 0.039, 0.013]
[-0.294, 0.04, 0.013]
[-0.293, 0.042, 0.014]
[-0.294, 0.045, 0.016]
[-0.294, 0.045, 0.016]
[-0.294, 0.046, 0.018]
[-0.293, 0.048, 0.02]
[-0.292, 0.049, 0.023]
[-0.292, 0.05, 0.025]
[-0.289, 0.051, 0.027]
[-0.288, 0.052, 0.029]
[-0.286, 0.052, 0.032]
[-0.283, 0.052, 0.036]
[-0.282, 0.052, 0.04]
[-0.28, 0.053, 0.044]
[-0.279, 0.053, 0.047]
[-0.281, 0.054, 0.05]
[-0.285, 0.055, 0.052]
[-0.291, 0.057, 0.055]
[-0.296, 0.058, 0.056]
[-0.299, 0.059, 0.058]
[-0.302, 0.06, 0.059]
[-0.302, 0.061, 0.06]
[-0.302, 0.062, 0.061]
[-0.302, 0.062, 0.062]
[-0.302, 0.063, 0.063]
[-0.303, 0.063, 0.063]
[-0.303, 0.064, 0.063]
[-0.303, 0.064, 0.063]
[-0.303, 0.064, 0.063]
[-0.303, 0.064, 0.063]
[-0.311, 0.066, 0.061]
[-0.311, 0.066, 0.061]
[-0.318, 0.066, 0.061]
[-0.325, 0.067, 0.06]
[-0.33, 0.067, 0.06]
[-0.335, 0.067, 0.059]
[-0.338, 0.066, 0.058]
[-0.339, 0.066, 0.058]
[-0.338, 0.066, 0.058]
[-0.335, 0.066, 0.059]
[-0.331, 0.066, 0.06]
[-0.326, 0.066, 0.059]
[-0.326, 0.066, 0.059]
[-0.326, 0.066, 0.06]
[-0.325, 0.066, 0.06]
[-0.326, 0.065, 0.061]
[-0.327, 0.064, 0.062]
[-0.327, 0.063, 0.062]
[-0.328, 0.063, 0.062]
[-0.328, 0.062, 0.061]
[-0.327, 0.062, 0.061]
[-0.324, 0.061, 0.06]
[-0.321, 0.06, 0.06]
[-0.318, 0.059, 0.059]
[-0.314, 0.058, 0.057]
[-0.313, 0.058, 0.055]
[-0.312, 0.058, 0.053]
[-0.312, 0.058, 0.052]
[-0.314, 0.058, 0.052]
[-0.316, 0.059, 0.051]
[-0.319, 0.059, 0.05]
[-0.323, 0.059, 0.049]
[-0.332, 0.058, 0.048]
[-0.332, 0.058, 0.048]
[-0.334, 0.057, 0.05]
[-0.337, 0.056, 0.051]
[-0.337, 0.055, 0.052]
[-0.338, 0.055, 0.052]
[-0.337, 0.054, 0.051]
[-0.336, 0.053, 0.049]
[-0.335, 0.053, 0.046]
[-0.334, 0.052, 0.043]
[-0.334, 0.05, 0.041]
[-0.335, 0.049, 0.039]
[-0.336, 0.046, 0.038]
[-0.336, 0.046, 0.038]
[-0.335, 0.045, 0.037]
[-0.335, 0.043, 0.036]
[-0.334, 0.04, 0.033]
[-0.334, 0.04, 0.033]
[-0.336, 0.039, 0.031]
[-0.337, 0.038, 0.029]
[-0.339, 0.037, 0.027]
[-0.34, 0.036, 0.025]
[-0.342, 0.035, 0.023]
[-0.344, 0.034, 0.021]
[-0.346, 0.033, 0.019]
[-0.348, 0.033, 0.017]
[-0.346, 0.032, 0.015]
[-0.343, 0.031, 0.013]
[-0.34, 0.03, 0.011]
[-0.34, 0.029, 0.008]
[-0.34, 0.027, 0.005]
[-0.341, 0.024, 0.002]
[-0.341, 0.022, -0.0]
[-0.341, 0.018, -0.003]
[-0.34, 0.015, -0.006]
[-0.335, 0.011, -0.012]
[-0.335, 0.011, -0.012]
[-0.332, 0.009, -0.013]
[-0.334, 0.006, -0.017]
[-0.334, 0.006, -0.017]
[-0.336, 0.005, -0.019]
[-0.332, 0.003, -0.023]
[-0.332, 0.003, -0.023]
[-0.329, 0.002, -0.024]
[-0.326, 0.001, -0.025]
[-0.321, -0.0, -0.026]
[-0.316, -0.002, -0.027]
[-0.311, -0.003, -0.029]
[-0.308, -0.005, -0.03]
[-0.306, -0.006, -0.031]
[-0.305, -0.007, -0.032]
[-0.303, -0.008, -0.033]
[-0.301, -0.009, -0.034]
[-0.298, -0.009, -0.034]
[-0.295, -0.009, -0.035]
[-0.295, -0.008, -0.035]
[-0.294, -0.008, -0.034]
[-0.294, -0.008, -0.034]
[-0.292, -0.008, -0.033]
[-0.288, -0.009, -0.032]
[-0.28, -0.009, -0.035]
[-0.28, -0.009, -0.035]
[-0.277, -0.01, -0.037]
[-0.277, -0.011, -0.039]
[-0.278, -0.011, -0.041]
[-0.278, -0.012, -0.042]
[-0.278, -0.013, -0.043]
[-0.277, -0.015, -0.044]
[-0.276, -0.016, -0.045]
[-0.275, -0.017, -0.045]
[-0.274, -0.017, -0.046]
[-0.273, -0.017, -0.046]
[-0.273, -0.017, -0.046]
[-0.273, -0.017, -0.047]
[-0.274, -0.017, -0.047]
[-0.274, -0.018, -0.048]
[-0.274, -0.018, -0.048]
[-0.274, -0.018, -0.048]
[-0.272, -0.019, -0.048]
[-0.27, -0.019, -0.048]
[-0.267, -0.02, -0.048]
[-0.265, -0.02, -0.048]
[-0.261, -0.021, -0.049]
[-0.258, -0.021, -0.049]
[-0.254, -0.022, -0.048]
[-0.251, -0.022, -0.047]
[-0.248, -0.023, -0.047]
[-0.246, -0.024, -0.046]
[-0.244, -0.024, -0.045]
[-0.243, -0.024, -0.044]
[-0.243, -0.024, -0.043]
[-0.245, -0.025, -0.042]
[-0.251, -0.024, -0.04]
[-0.251, -0.024, -0.04]
[-0.257, -0.024, -0.038]
[-0.262, -0.023, -0.036]
[-0.271, -0.021, -0.033]
[-0.271, -0.021, -0.033]
[-0.273, -0.02, -0.031]
[-0.273, -0.017, -0.028]
[-0.273, -0.017, -0.028]
[-0.272, -0.016, -0.026]
[-0.272, -0.015, -0.024]
[-0.272, -0.014, -0.022]
[-0.272, -0.012, -0.02]
[-0.272, -0.01, -0.018]
[-0.273, -0.007, -0.017]
[-0.275, -0.005, -0.017]
[-0.281, 0.0, -0.016]
[-0.281, 0.0, -0.016]
[-0.284, 0.004, -0.014]
[-0.288, 0.006, -0.012]
[-0.293, 0.008, -0.009]
[-0.296, 0.01, -0.007]
[-0.3, 0.012, -0.005]
[-0.303, 0.014, -0.003]
[-0.304, 0.019, 0.001]
[-0.304, 0.019, 0.001]
[-0.303, 0.021, 0.003]
[-0.303, 0.024, 0.006]
[-0.306, 0.029, 0.011]
[-0.306, 0.029, 0.011]
[-0.308, 0.032, 0.013]
[-0.308, 0.034, 0.015]
[-0.304, 0.039, 0.022]
[-0.304, 0.039, 0.022]
[-0.302, 0.04, 0.026]
[-0.301, 0.041, 0.032]
[-0.301, 0.042, 0.037]
[-0.301, 0.042, 0.043]
[-0.302, 0.043, 0.047]
[-0.302, 0.044, 0.05]
[-0.302, 0.046, 0.056]
[-0.302, 0.046, 0.056]
[-0.302, 0.047, 0.058]
[-0.302, 0.048, 0.059]
[-0.301, 0.05, 0.062]
[-0.301, 0.05, 0.062]
[-0.3, 0.05, 0.063]
[-0.298, 0.05, 0.064]
[-0.295, 0.051, 0.066]
[-0.295, 0.051, 0.066]
[-0.294, 0.051, 0.066]
[-0.292, 0.052, 0.066]
[-0.29, 0.052, 0.065]
[-0.287, 0.051, 0.064]
[-0.286, 0.051, 0.064]
[-0.285, 0.051, 0.064]
[-0.286, 0.051, 0.064]
[-0.286, 0.051, 0.064]
[-0.287, 0.051, 0.064]
[-0.288, 0.051, 0.063]
[-0.291, 0.051, 0.063]
[-0.295, 0.051, 0.062]
[-0.299, 0.051, 0.062]
[-0.302, 0.051, 0.061]
[-0.305, 0.051, 0.06]
[-0.308, 0.051, 0.059]
[-0.311, 0.051, 0.058]
[-0.314, 0.051, 0.058]
[-0.316, 0.051, 0.058]
[-0.319, 0.051, 0.058]
[-0.322, 0.052, 0.058]
[-0.328, 0.053, 0.06]
[-0.337, 0.054, 0.064]
[-0.347, 0.056, 0.07]
[-0.354, 0.058, 0.075]
[-0.359, 0.06, 0.08]
[-0.364, 0.061, 0.086]
[-0.373, 0.064, 0.095]
[-0.377, 0.066, 0.105]
[-0.386, 0.069, 0.114]
[-0.395, 0.072, 0.123]
[-0.402, 0.075, 0.131]
[-0.41, 0.077, 0.137]
[-0.413, 0.08, 0.147]
[-0.413, 0.08, 0.147]
[-0.415, 0.081, 0.151]
[-0.415, 0.082, 0.155]
[-0.415, 0.083, 0.159]
[-0.414, 0.084, 0.163]
[-0.412, 0.085, 0.168]
[-0.411, 0.086, 0.172]
[-0.41, 0.087, 0.178]
[-0.408, 0.089, 0.184]
[-0.405, 0.09, 0.189]
[-0.403, 0.092, 0.194]
[-0.399, 0.092, 0.197]
[-0.396, 0.093, 0.199]
[-0.393, 0.093, 0.202]
[-0.39, 0.093, 0.204]
[-0.387, 0.094, 0.206]
[-0.385, 0.095, 0.207]
[-0.383, 0.095, 0.208]
[-0.383, 0.096, 0.208]
[-0.382, 0.096, 0.208]
[-0.382, 0.097, 0.208]
[-0.383, 0.097, 0.208]
[-0.381, 0.098, 0.209]
[-0.377, 0.098, 0.21]
[-0.371, 0.097, 0.211]
[-0.364, 0.096, 0.212]
[-0.357, 0.096, 0.213]
[-0.351, 0.095, 0.213]
[-0.345, 0.094, 0.212]
[-0.34, 0.093, 0.211]
[-0.335, 0.092, 0.21]
[-0.332, 0.091, 0.21]
[-0.332, 0.09, 0.21]
[-0.336, 0.089, 0.21]
[-0.342, 0.088, 0.21]
[-0.346, 0.087, 0.21]
[-0.349, 0.086, 0.208]
[-0.349, 0.085, 0.205]
[-0.345, 0.083, 0.203]
[-0.343, 0.082, 0.201]
[-0.34, 0.08, 0.2]
[-0.339, 0.079, 0.198]
[-0.338, 0.078, 0.196]
[-0.335, 0.076, 0.191]
[-0.335, 0.076, 0.191]
[-0.333, 0.074, 0.188]
[-0.333, 0.073, 0.184]
[-0.334, 0.069, 0.179]
[-0.334, 0.069, 0.179]
[-0.332, 0.067, 0.176]
[-0.331, 0.065, 0.173]
[-0.329, 0.063, 0.17]
[-0.327, 0.061, 0.166]
[-0.325, 0.058, 0.161]
[-0.322, 0.055, 0.154]
[-0.322, 0.052, 0.146]
[-0.321, 0.049, 0.138]
[-0.319, 0.046, 0.131]
[-0.316, 0.041, 0.124]
[-0.313, 0.036, 0.115]
[-0.315, 0.03, 0.107]
[-0.317, 0.026, 0.099]
[-0.322, 0.022, 0.09]
[-0.322, 0.019, 0.081]
[-0.323, 0.016, 0.073]
[-0.326, 0.013, 0.066]
[-0.325, 0.01, 0.06]
[-0.326, 0.007, 0.055]
[-0.327, 0.004, 0.05]
[-0.329, 0.002, 0.044]
[-0.33, 0.0, 0.039]
[-0.33, -0.002, 0.033]
[-0.329, -0.005, 0.028]
[-0.326, -0.009, 0.023]
[-0.324, -0.012, 0.019]
[-0.323, -0.015, 0.015]
[-0.321, -0.017, 0.011]
[-0.32, -0.018, 0.007]
[-0.317, -0.02, 0.003]
[-0.313, -0.021, -0.001]
[-0.31, -0.023, -0.005]
[-0.306, -0.025, -0.008]
[-0.302, -0.027, -0.011]
[-0.298, -0.031, -0.016]
[-0.298, -0.031, -0.016]
[-0.297, -0.033, -0.018]
[-0.295, -0.035, -0.02]
[-0.292, -0.039, -0.024]
[-0.292, -0.039, -0.024]
[-0.291, -0.04, -0.028]
[-0.291, -0.042, -0.032]
[-0.291, -0.043, -0.035]
[-0.291, -0.044, -0.038]
[-0.292, -0.045, -0.04]
[-0.292, -0.046, -0.042]
[-0.292, -0.047, -0.044]
[-0.291, -0.048, -0.046]
[-0.289, -0.049, -0.048]
[-0.288, -0.051, -0.05]
[-0.285, -0.052, -0.052]
[-0.284, -0.054, -0.055]
[-0.284, -0.055, -0.058]
[-0.285, -0.057, -0.06]
[-0.286, -0.058, -0.062]
[-0.289, -0.059, -0.064]
[-0.29, -0.06, -0.066]
[-0.291, -0.062, -0.068]
[-0.292, -0.064, -0.072]
[-0.292, -0.064, -0.072]
[-0.291, -0.066, -0.074]
[-0.29, -0.067, -0.076]
[-0.289, -0.069, -0.077]
[-0.289, -0.07, -0.079]
[-0.29, -0.071, -0.081]
[-0.292, -0.072, -0.082]
[-0.296, -0.074, -0.084]
[-0.3, -0.075, -0.087]
[-0.304, -0.076, -0.09]
[-0.308, -0.077, -0.095]
[-0.312, -0.08, -0.107]
[-0.312, -0.08, -0.107]
[-0.312, -0.083, -0.114]
[-0.313, -0.086, -0.122]
[-0.318, -0.092, -0.14]
[-0.318, -0.092, -0.14]
[-0.323, -0.095, -0.149]
[-0.33, -0.098, -0.157]
[-0.336, -0.1, -0.165]
[-0.341, -0.102, -0.172]
[-0.343, -0.103, -0.178]
[-0.345, -0.105, -0.184]
[-0.347, -0.106, -0.189]
[-0.35, -0.107, -0.193]
[-0.353, -0.108, -0.197]
[-0.355, -0.109, -0.199]
[-0.357, -0.11, -0.201]
[-0.358, -0.11, -0.203]
[-0.361, -0.109, -0.204]
[-0.364, -0.109, -0.207]
[-0.367, -0.109, -0.208]
[-0.369, -0.109, -0.21]
[-0.37, -0.109, -0.212]
[-0.37, -0.109, -0.212]
[-0.37, -0.11, -0.212]
[-0.371, -0.11, -0.212]
[-0.378, -0.11, -0.212]
[-0.389, -0.108, -0.212]
[-0.397, -0.107, -0.212]
[-0.402, -0.105, -0.211]
[-0.4, -0.106, -0.21]
[-0.4, -0.106, -0.21]
[-0.395, -0.107, -0.21]
[-0.391, -0.108, -0.212]
[-0.385, -0.108, -0.213]
[-0.385, -0.108, -0.213]
[-0.383, -0.108, -0.213]
[-0.381, -0.109, -0.213]
[-0.38, -0.109, -0.213]
[-0.379, -0.109, -0.213]
[-0.379, -0.109, -0.214]
[-0.378, -0.109, -0.214]
[-0.378, -0.108, -0.214]
[-0.377, -0.107, -0.213]
[-0.376, -0.106, -0.213]
[-0.377, -0.106, -0.213]
[-0.376, -0.105, -0.212]
[-0.376, -0.104, -0.212]
[-0.375, -0.104, -0.212]
[-0.374, -0.103, -0.211]
[-0.374, -0.103, -0.21]
[-0.376, -0.102, -0.209]
[-0.378, -0.101, -0.207]
[-0.38, -0.1, -0.205]
[-0.381, -0.099, -0.203]
[-0.382, -0.097, -0.201]
[-0.383, -0.096, -0.197]
[-0.383, -0.094, -0.194]
[-0.382, -0.092, -0.19]
[-0.381, -0.091, -0.187]
[-0.38, -0.089, -0.184]
[-0.379, -0.088, -0.18]
[-0.378, -0.086, -0.177]
[-0.373, -0.083, -0.17]
[-0.373, -0.083, -0.17]
[-0.372, -0.082, -0.168]
[-0.371, -0.081, -0.166]
[-0.371, -0.079, -0.165]
[-0.371, -0.078, -0.163]
[-0.371, -0.076, -0.162]
[-0.37, -0.075, -0.161]
[-0.369, -0.074, -0.159]
[-0.368, -0.072, -0.158]
[-0.367, -0.071, -0.157]
[-0.364, -0.068, -0.154]
[-0.364, -0.068, -0.154]
[-0.365, -0.067, -0.152]
[-0.366, -0.065, -0.15]
[-0.366, -0.064, -0.148]
[-0.365, -0.063, -0.145]
[-0.364, -0.061, -0.142]
[-0.365, -0.06, -0.14]
[-0.366, -0.058, -0.138]
[-0.368, -0.057, -0.137]
[-0.368, -0.056, -0.137]
[-0.368, -0.055, -0.136]
[-0.369, -0.053, -0.134]
[-0.368, -0.052, -0.126]
[-0.368, -0.052, -0.126]
[-0.367, -0.05, -0.122]
[-0.365, -0.049, -0.119]
[-0.363, -0.048, -0.117]
[-0.357, -0.046, -0.115]
[-0.351, -0.045, -0.114]
[-0.343, -0.044, -0.112]
[-0.336, -0.042, -0.108]
[-0.331, -0.04, -0.104]
[-0.326, -0.038, -0.1]
[-0.321, -0.036, -0.096]
[-0.315, -0.035, -0.092]
[-0.31, -0.032, -0.088]
[-0.307, -0.03, -0.083]
[-0.306, -0.028, -0.079]
[-0.306, -0.026, -0.075]
[-0.308, -0.024, -0.072]
[-0.31, -0.022, -0.068]
[-0.314, -0.021, -0.064]
[-0.322, -0.019, -0.06]
[-0.328, -0.017, -0.056]
[-0.333, -0.016, -0.051]
[-0.335, -0.014, -0.047]
[-0.332, -0.01, -0.039]
[-0.332, -0.01, -0.039]
[-0.331, -0.007, -0.034]
[-0.33, -0.002, -0.026]
[-0.33, -0.002, -0.026]
[-0.331, 0.001, -0.021]
[-0.329, 0.004, -0.017]
[-0.326, 0.007, -0.012]
[-0.321, 0.01, -0.007]
[-0.314, 0.014, -0.001]
[-0.302, 0.019, 0.003]
[-0.295, 0.023, 0.007]
[-0.291, 0.026, 0.012]
[-0.289, 0.028, 0.015]
[-0.288, 0.03, 0.02]
[-0.287, 0.033, 0.025]
[-0.285, 0.035, 0.029]
[-0.281, 0.037, 0.034]
[-0.278, 0.039, 0.039]
[-0.275, 0.04, 0.044]
[-0.271, 0.041, 0.05]
[-0.269, 0.042, 0.056]
[-0.266, 0.043, 0.061]
[-0.263, 0.044, 0.065]
[-0.261, 0.046, 0.069]
[-0.258, 0.047, 0.072]
[-0.256, 0.048, 0.075]
[-0.252, 0.05, 0.079]
[-0.252, 0.05, 0.079]
[-0.251, 0.051, 0.081]
[-0.249, 0.051, 0.082]
[-0.248, 0.052, 0.082]
[-0.248, 0.053, 0.084]
[-0.249, 0.055, 0.086]
[-0.251, 0.057, 0.087]
[-0.253, 0.058, 0.088]
[-0.259, 0.057, 0.09]
[-0.259, 0.057, 0.09]
[-0.261, 0.057, 0.092]
[-0.264, 0.057, 0.094]
[-0.267, 0.058, 0.097]
[-0.268, 0.058, 0.099]
[-0.269, 0.059, 0.1]
[-0.271, 0.061, 0.1]
[-0.271, 0.061, 0.1]
[-0.272, 0.061, 0.101]
[-0.273, 0.061, 0.101]
[-0.273, 0.062, 0.102]
[-0.273, 0.062, 0.102]
[-0.276, 0.062, 0.103]
[-0.28, 0.062, 0.104]
[-0.285, 0.062, 0.105]
[-0.29, 0.062, 0.106]
[-0.294, 0.063, 0.107]
[-0.297, 0.063, 0.107]
[-0.299, 0.063, 0.108]
[-0.299, 0.064, 0.108]
[-0.299, 0.064, 0.109]
[-0.299, 0.065, 0.11]
[-0.298, 0.065, 0.111]
[-0.297, 0.066, 0.113]
[-0.296, 0.066, 0.114]
[-0.297, 0.066, 0.116]
[-0.297, 0.067, 0.117]
[-0.297, 0.067, 0.118]
[-0.297, 0.067, 0.119]
[-0.297, 0.067, 0.12]
[-0.298, 0.067, 0.121]
[-0.3, 0.067, 0.121]
[-0.301, 0.067, 0.122]
[-0.302, 0.068, 0.123]
[-0.304, 0.068, 0.124]
[-0.302, 0.069, 0.124]
[-0.298, 0.07, 0.125]
[-0.294, 0.072, 0.127]
[-0.289, 0.073, 0.13]
[-0.286, 0.073, 0.134]
[-0.283, 0.073, 0.138]
[-0.281, 0.072, 0.144]
[-0.279, 0.072, 0.151]
[-0.277, 0.071, 0.158]
[-0.275, 0.071, 0.166]
[-0.271, 0.071, 0.174]
[-0.269, 0.072, 0.181]
[-0.268, 0.073, 0.188]
[-0.269, 0.075, 0.194]
[-0.269, 0.076, 0.199]
[-0.269, 0.077, 0.203]
[-0.268, 0.078, 0.208]
[-0.266, 0.078, 0.213]
[-0.266, 0.078, 0.217]
[-0.267, 0.078, 0.221]
[-0.267, 0.078, 0.224]
[-0.267, 0.078, 0.226]
[-0.267, 0.078, 0.228]
[-0.265, 0.078, 0.229]
[-0.262, 0.078, 0.229]
[-0.26, 0.078, 0.229]
[-0.258, 0.077, 0.228]
[-0.257, 0.077, 0.228]
[-0.257, 0.077, 0.228]
[-0.259, 0.077, 0.229]
[-0.261, 0.078, 0.23]
[-0.263, 0.079, 0.231]
[-0.265, 0.079, 0.231]
[-0.266, 0.08, 0.231]
[-0.266, 0.081, 0.231]
[-0.267, 0.081, 0.231]
[-0.267, 0.08, 0.231]
[-0.268, 0.08, 0.23]
[-0.268, 0.078, 0.228]
[-0.266, 0.077, 0.226]
[-0.265, 0.076, 0.224]
[-0.263, 0.075, 0.223]
[-0.263, 0.074, 0.221]
[-0.263, 0.073, 0.22]
[-0.264, 0.072, 0.219]
[-0.266, 0.071, 0.218]
[-0.267, 0.071, 0.217]
[-0.267, 0.071, 0.216]
[-0.266, 0.07, 0.215]
[-0.263, 0.07, 0.213]
[-0.259, 0.07, 0.21]
[-0.254, 0.069, 0.207]
[-0.249, 0.067, 0.204]
[-0.244, 0.066, 0.201]
[-0.241, 0.065, 0.199]
[-0.238, 0.063, 0.197]
[-0.235, 0.062, 0.195]
[-0.233, 0.06, 0.191]
[-0.231, 0.059, 0.187]
[-0.23, 0.057, 0.183]
[-0.23, 0.056, 0.179]
[-0.23, 0.055, 0.176]
[-0.229, 0.055, 0.173]
[-0.228, 0.054, 0.169]
[-0.227, 0.053, 0.166]
[-0.226, 0.052, 0.163]
[-0.226, 0.051, 0.161]
[-0.225, 0.05, 0.159]
[-0.225, 0.049, 0.156]
[-0.223, 0.048, 0.154]
[-0.22, 0.047, 0.151]
[-0.217, 0.047, 0.147]
[-0.215, 0.046, 0.144]
[-0.212, 0.045, 0.14]
[-0.21, 0.043, 0.136]
[-0.209, 0.042, 0.131]
[-0.208, 0.041, 0.127]
[-0.208, 0.039, 0.123]
[-0.21, 0.038, 0.119]
[-0.21, 0.036, 0.115]
[-0.209, 0.034, 0.111]
[-0.209, 0.032, 0.107]
[-0.207, 0.029, 0.102]
[-0.207, 0.027, 0.098]
[-0.207, 0.025, 0.093]
[-0.208, 0.023, 0.089]
[-0.207, 0.021, 0.084]
[-0.206, 0.019, 0.08]
[-0.205, 0.017, 0.077]
[-0.204, 0.015, 0.074]
[-0.203, 0.013, 0.07]
[-0.202, 0.011, 0.067]
[-0.2, 0.01, 0.063]
[-0.198, 0.008, 0.059]
[-0.195, 0.006, 0.054]
[-0.191, 0.003, 0.045]
[-0.191, 0.003, 0.045]
[-0.189, 0.001, 0.041]
[-0.186, -0.001, 0.037]
[-0.183, -0.005, 0.027]
[-0.183, -0.005, 0.027]
[-0.184, -0.006, 0.024]
[-0.188, -0.008, 0.02]
[-0.196, -0.012, 0.012]
[-0.196, -0.012, 0.012]
[-0.201, -0.013, 0.008]
[-0.209, -0.015, 0.005]
[-0.222, -0.017, 0.001]
[-0.233, -0.017, -0.002]
[-0.242, -0.017, -0.006]
[-0.25, -0.017, -0.01]
[-0.254, -0.018, -0.013]
[-0.257, -0.019, -0.017]
[-0.259, -0.021, -0.025]
[-0.259, -0.021, -0.025]
[-0.259, -0.023, -0.029]
[-0.257, -0.024, -0.033]
[-0.256, -0.026, -0.036]
[-0.255, -0.028, -0.038]
[-0.254, -0.03, -0.041]
[-0.254, -0.032, -0.044]
[-0.252, -0.033, -0.047]
[-0.252, -0.034, -0.051]
[-0.252, -0.035, -0.058]
[-0.252, -0.035, -0.058]
[-0.254, -0.036, -0.062]
[-0.256, -0.037, -0.066]
[-0.257, -0.039, -0.071]
[-0.257, -0.039, -0.071]
[-0.257, -0.04, -0.074]
[-0.256, -0.042, -0.076]
[-0.256, -0.043, -0.077]
[-0.257, -0.044, -0.078]
[-0.257, -0.045, -0.079]
[-0.257, -0.046, -0.081]
[-0.259, -0.047, -0.083]
[-0.261, -0.048, -0.085]
[-0.263, -0.05, -0.088]
[-0.265, -0.051, -0.09]
[-0.266, -0.052, -0.092]
[-0.267, -0.053, -0.094]
[-0.266, -0.054, -0.096]
[-0.266, -0.055, -0.097]
[-0.265, -0.056, -0.098]
[-0.265, -0.057, -0.098]
[-0.264, -0.058, -0.099]
[-0.264, -0.058, -0.099]
[-0.264, -0.059, -0.1]
[-0.265, -0.06, -0.1]
[-0.265, -0.061, -0.099]
[-0.266, -0.062, -0.098]
[-0.266, -0.063, -0.098]
[-0.266, -0.064, -0.097]
[-0.268, -0.065, -0.097]
[-0.268, -0.065, -0.097]
[-0.271, -0.066, -0.097]
[-0.273, -0.066, -0.098]
[-0.275, -0.067, -0.098]
[-0.277, -0.067, -0.099]
[-0.278, -0.068, -0.1]
[-0.279, -0.068, -0.1]
[-0.279, -0.069, -0.1]
[-0.279, -0.069, -0.1]
[-0.278, -0.069, -0.1]
[-0.277, -0.069, -0.1]
[-0.276, -0.069, -0.1]
[-0.275, -0.069, -0.1]
[-0.276, -0.068, -0.101]
[-0.276, -0.068, -0.101]
[-0.277, -0.067, -0.101]
[-0.278, -0.067, -0.101]
[-0.278, -0.066, -0.1]
[-0.278, -0.065, -0.099]
[-0.278, -0.065, -0.098]
[-0.28, -0.064, -0.097]
[-0.279, -0.062, -0.094]
[-0.279, -0.062, -0.094]
[-0.277, -0.061, -0.093]
[-0.276, -0.06, -0.092]
[-0.274, -0.058, -0.089]
[-0.274, -0.058, -0.089]
[-0.273, -0.056, -0.088]
[-0.272, -0.055, -0.087]
[-0.269, -0.053, -0.085]
[-0.269, -0.053, -0.085]
[-0.268, -0.052, -0.084]
[-0.268, -0.051, -0.082]
[-0.268, -0.049, -0.079]
[-0.268, -0.049, -0.079]
[-0.268, -0.048, -0.077]
[-0.268, -0.047, -0.075]
[-0.266, -0.046, -0.072]
[-0.263, -0.046, -0.069]
[-0.257, -0.045, -0.061]
[-0.257, -0.045, -0.061]
[-0.256, -0.045, -0.058]
[-0.256, -0.044, -0.056]
[-0.262, -0.045, -0.056]
[-0.262, -0.045, -0.056]
[-0.267, -0.045, -0.057]
[-0.272, -0.045, -0.059]
[-0.276, -0.044, -0.06]
[-0.28, -0.044, -0.06]
[-0.282, -0.043, -0.059]
[-0.284, -0.043, -0.059]
[-0.284, -0.043, -0.059]
[-0.282, -0.043, -0.059]
[-0.279, -0.043, -0.058]
[-0.277, -0.042, -0.058]
[-0.274, -0.041, -0.057]
[-0.273, -0.04, -0.057]
[-0.274, -0.038, -0.058]
[-0.274, -0.038, -0.058]
[-0.274, -0.036, -0.058]
[-0.275, -0.035, -0.057]
[-0.273, -0.033, -0.056]
[-0.271, -0.031, -0.055]
[-0.269, -0.03, -0.053]
[-0.269, -0.028, -0.051]
[-0.269, -0.027, -0.048]
[-0.27, -0.025, -0.046]
[-0.271, -0.024, -0.043]
[-0.27, -0.022, -0.038]
[-0.271, -0.019, -0.029]
[-0.271, -0.019, -0.029]
[-0.273, -0.017, -0.024]
[-0.275, -0.015, -0.021]
[-0.278, -0.013, -0.017]
[-0.279, -0.012, -0.015]
[-0.283, -0.009, -0.014]
[-0.287, -0.006, -0.013]
[-0.29, -0.003, -0.013]
[-0.291, -0.001, -0.011]
[-0.29, 0.001, -0.008]
[-0.285, 0.003, -0.004]
[-0.274, 0.007, 0.003]
[-0.274, 0.007, 0.003]
[-0.27, 0.008, 0.006]
[-0.267, 0.009, 0.008]
[-0.255, 0.012, 0.012]
[-0.255, 0.012, 0.012]
[-0.249, 0.014, 0.014]
[-0.245, 0.015, 0.016]
[-0.235, 0.019, 0.019]
[-0.235, 0.019, 0.019]
[-0.228, 0.021, 0.021]
[-0.222, 0.023, 0.022]
[-0.214, 0.029, 0.024]
[-0.214, 0.029, 0.024]
[-0.21, 0.031, 0.025]
[-0.206, 0.034, 0.027]
[-0.2, 0.039, 0.03]
[-0.201, 0.041, 0.031]
[-0.201, 0.041, 0.031]
[-0.202, 0.043, 0.032]
[-0.199, 0.046, 0.034]
[-0.199, 0.046, 0.034]
[-0.198, 0.048, 0.035]
[-0.196, 0.051, 0.037]
[-0.194, 0.055, 0.041]
[-0.194, 0.055, 0.041]
[-0.192, 0.055, 0.043]
[-0.189, 0.056, 0.046]
[-0.184, 0.057, 0.053]
[-0.184, 0.057, 0.053]
[-0.183, 0.058, 0.056]
[-0.183, 0.06, 0.058]
[-0.183, 0.063, 0.063]
[-0.183, 0.063, 0.063]
[-0.183, 0.064, 0.064]
[-0.182, 0.065, 0.066]
[-0.18, 0.066, 0.068]
[-0.18, 0.066, 0.068]
[-0.179, 0.066, 0.07]
[-0.179, 0.067, 0.071]
[-0.18, 0.067, 0.072]
[-0.181, 0.067, 0.073]
[-0.183, 0.067, 0.074]
[-0.184, 0.067, 0.075]
[-0.187, 0.068, 0.077]
[-0.187, 0.068, 0.077]
[-0.188, 0.069, 0.078]
[-0.189, 0.069, 0.079]
[-0.191, 0.07, 0.08]
[-0.191, 0.07, 0.08]
[-0.194, 0.07, 0.081]
[-0.197, 0.07, 0.082]
[-0.204, 0.071, 0.087]
[-0.204, 0.071, 0.087]
[-0.206, 0.072, 0.09]
[-0.208, 0.073, 0.093]
[-0.211, 0.075, 0.1]
[-0.211, 0.075, 0.1]
[-0.213, 0.076, 0.104]
[-0.215, 0.077, 0.107]
[-0.218, 0.078, 0.111]
[-0.218, 0.078, 0.111]
[-0.218, 0.078, 0.112]
[-0.218, 0.079, 0.113]
[-0.219, 0.079, 0.113]
[-0.219, 0.079, 0.113]
[-0.22, 0.079, 0.113]
[-0.22, 0.079, 0.113]
[-0.222, 0.081, 0.113]
[-0.222, 0.081, 0.113]
[-0.223, 0.082, 0.113]
[-0.226, 0.082, 0.114]
[-0.23, 0.082, 0.115]
[-0.23, 0.082, 0.115]
[-0.233, 0.082, 0.115]
[-0.235, 0.081, 0.115]
[-0.24, 0.08, 0.113]
[-0.24, 0.08, 0.113]
[-0.242, 0.08, 0.112]
[-0.244, 0.08, 0.11]
[-0.244, 0.079, 0.108]
[-0.244, 0.079, 0.108]
[-0.242, 0.078, 0.106]
[-0.24, 0.078, 0.105]
[-0.234, 0.077, 0.103]
[-0.234, 0.077, 0.103]
[-0.233, 0.077, 0.102]
[-0.232, 0.077, 0.101]
[-0.234, 0.075, 0.099]
[-0.234, 0.075, 0.099]
[-0.236, 0.074, 0.098]
[-0.237, 0.073, 0.097]
[-0.238, 0.071, 0.096]
[-0.238, 0.071, 0.096]
[-0.236, 0.071, 0.095]
[-0.232, 0.07, 0.094]
[-0.224, 0.069, 0.092]
[-0.224, 0.069, 0.092]
[-0.221, 0.069, 0.092]
[-0.219, 0.068, 0.091]
[-0.215, 0.066, 0.09]
[-0.212, 0.065, 0.089]
[-0.212, 0.065, 0.089]
[-0.211, 0.065, 0.089]
[-0.21, 0.064, 0.088]
[-0.21, 0.064, 0.088]
[-0.211, 0.064, 0.088]
[-0.211, 0.063, 0.088]
[-0.211, 0.063, 0.087]
[-0.211, 0.063, 0.087]
[-0.21, 0.062, 0.087]
[-0.21, 0.062, 0.087]
[-0.21, 0.061, 0.086]
[-0.21, 0.061, 0.086]
[-0.211, 0.062, 0.085]
[-0.21, 0.063, 0.083]
[-0.209, 0.064, 0.082]
[-0.208, 0.065, 0.082]
[-0.206, 0.065, 0.082]
[-0.207, 0.066, 0.082]
[-0.211, 0.067, 0.084]
[-0.211, 0.067, 0.084]
[-0.215, 0.067, 0.086]
[-0.217, 0.067, 0.09]
[-0.218, 0.067, 0.095]
[-0.219, 0.067, 0.101]
[-0.22, 0.068, 0.106]
[-0.223, 0.069, 0.112]
[-0.227, 0.07, 0.117]
[-0.23, 0.071, 0.122]
[-0.232, 0.072, 0.126]
[-0.234, 0.073, 0.13]
[-0.235, 0.074, 0.134]
[-0.236, 0.075, 0.138]
[-0.236, 0.076, 0.14]
[-0.237, 0.077, 0.143]
[-0.237, 0.078, 0.145]
[-0.236, 0.079, 0.148]
[-0.237, 0.08, 0.15]
[-0.238, 0.081, 0.152]
[-0.238, 0.081, 0.152]
[-0.24, 0.081, 0.153]
[-0.241, 0.081, 0.154]
[-0.241, 0.081, 0.155]
[-0.239, 0.081, 0.156]
[-0.237, 0.08, 0.156]
[-0.234, 0.08, 0.156]
[-0.231, 0.079, 0.155]
[-0.23, 0.079, 0.153]
[-0.229, 0.078, 0.152]
[-0.229, 0.078, 0.15]
[-0.23, 0.077, 0.144]
[-0.23, 0.077, 0.144]
[-0.231, 0.077, 0.14]
[-0.233, 0.076, 0.136]
[-0.236, 0.076, 0.126]
[-0.236, 0.076, 0.126]
[-0.237, 0.076, 0.12]
[-0.235, 0.076, 0.114]
[-0.235, 0.074, 0.107]
[-0.234, 0.073, 0.1]
[-0.234, 0.071, 0.094]
[-0.232, 0.07, 0.088]
[-0.232, 0.069, 0.082]
[-0.232, 0.067, 0.074]
[-0.23, 0.065, 0.066]
[-0.229, 0.063, 0.059]
[-0.225, 0.061, 0.053]
[-0.22, 0.06, 0.047]
[-0.219, 0.058, 0.042]
[-0.217, 0.056, 0.039]
[-0.215, 0.055, 0.035]
[-0.215, 0.053, 0.032]
[-0.214, 0.052, 0.029]
[-0.212, 0.05, 0.026]
[-0.213, 0.048, 0.021]
[-0.213, 0.048, 0.021]
[-0.214, 0.047, 0.018]
[-0.216, 0.046, 0.015]
[-0.219, 0.042, 0.009]
[-0.219, 0.042, 0.009]
[-0.22, 0.04, 0.007]
[-0.221, 0.038, 0.004]
[-0.222, 0.033, -0.002]
[-0.222, 0.033, -0.002]
[-0.223, 0.031, -0.005]
[-0.222, 0.029, -0.008]
[-0.222, 0.025, -0.013]
[-0.222, 0.025, -0.013]
[-0.224, 0.022, -0.016]
[-0.227, 0.02, -0.02]
[-0.234, 0.016, -0.028]
[-0.234, 0.016, -0.028]
[-0.235, 0.014, -0.032]
[-0.236, 0.012, -0.035]
[-0.237, 0.009, -0.039]
[-0.238, 0.007, -0.042]
[-0.238, 0.005, -0.044]
[-0.239, 0.003, -0.047]
[-0.24, 0.001, -0.049]
[-0.243, -0.001, -0.05]
[-0.246, -0.002, -0.052]
[-0.248, -0.005, -0.053]
[-0.25, -0.009, -0.057]
[-0.25, -0.009, -0.057]
[-0.248, -0.012, -0.058]
[-0.244, -0.014, -0.06]
[-0.24, -0.016, -0.063]
[-0.237, -0.018, -0.064]
[-0.235, -0.02, -0.067]
[-0.234, -0.022, -0.068]
[-0.235, -0.023, -0.07]
[-0.235, -0.025, -0.072]
[-0.235, -0.026, -0.073]
[-0.234, -0.028, -0.075]
[-0.231, -0.031, -0.076]
[-0.231, -0.031, -0.076]
[-0.231, -0.032, -0.077]
[-0.231, -0.033, -0.077]
[-0.232, -0.036, -0.078]
[-0.232, -0.036, -0.078]
[-0.233, -0.037, -0.079]
[-0.233, -0.038, -0.079]
[-0.233, -0.039, -0.079]
[-0.233, -0.041, -0.079]
[-0.232, -0.042, -0.079]
[-0.233, -0.043, -0.079]
[-0.234, -0.044, -0.08]
[-0.236, -0.045, -0.08]
[-0.237, -0.046, -0.081]
[-0.238, -0.047, -0.083]
[-0.239, -0.047, -0.084]
[-0.238, -0.048, -0.085]
[-0.239, -0.049, -0.086]
[-0.239, -0.05, -0.088]
[-0.24, -0.051, -0.089]
[-0.239, -0.052, -0.09]
[-0.238, -0.052, -0.091]
[-0.237, -0.053, -0.092]
[-0.236, -0.053, -0.092]
[-0.236, -0.054, -0.092]
[-0.235, -0.054, -0.092]
[-0.234, -0.055, -0.092]
[-0.233, -0.055, -0.092]
[-0.232, -0.056, -0.092]
[-0.232, -0.056, -0.092]
[-0.231, -0.056, -0.092]
[-0.23, -0.057, -0.092]
[-0.229, -0.057, -0.092]
[-0.229, -0.057, -0.092]
[-0.23, -0.056, -0.092]
[-0.232, -0.056, -0.091]
[-0.234, -0.055, -0.09]
[-0.237, -0.055, -0.089]
[-0.239, -0.054, -0.087]
[-0.241, -0.053, -0.086]
[-0.242, -0.052, -0.086]
[-0.242, -0.051, -0.086]
[-0.241, -0.05, -0.086]
[-0.238, -0.049, -0.087]
[-0.235, -0.047, -0.087]
[-0.231, -0.046, -0.086]
[-0.226, -0.045, -0.084]
[-0.221, -0.044, -0.082]
[-0.217, -0.043, -0.08]
[-0.214, -0.042, -0.077]
[-0.211, -0.039, -0.074]
[-0.211, -0.039, -0.074]
[-0.213, -0.038, -0.074]
[-0.216, -0.036, -0.073]
[-0.22, -0.034, -0.072]
[-0.224, -0.032, -0.07]
[-0.226, -0.03, -0.069]
[-0.227, -0.029, -0.067]
[-0.226, -0.027, -0.065]
[-0.224, -0.025, -0.063]
[-0.223, -0.023, -0.061]
[-0.223, -0.021, -0.059]
[-0.225, -0.02, -0.058]
[-0.225, -0.018, -0.057]
[-0.226, -0.016, -0.054]
[-0.226, -0.015, -0.051]
[-0.226, -0.014, -0.048]
[-0.227, -0.013, -0.045]
[-0.229, -0.011, -0.042]
[-0.231, -0.01, -0.039]
[-0.232, -0.009, -0.035]
[-0.234, -0.007, -0.032]
[-0.236, -0.005, -0.029]
[-0.239, -0.003, -0.027]
[-0.239, 0.0, -0.025]
[-0.243, 0.005, -0.023]
[-0.243, 0.009, -0.019]
[-0.241, 0.014, -0.014]
[-0.24, 0.018, -0.009]
[-0.238, 0.021, -0.004]
[-0.235, 0.022, 0.001]
[-0.234, 0.022, 0.008]
[-0.232, 0.022, 0.017]
[-0.228, 0.023, 0.024]
[-0.227, 0.023, 0.031]
[-0.225, 0.025, 0.038]
[-0.224, 0.026, 0.043]
[-0.224, 0.028, 0.05]
[-0.224, 0.03, 0.055]
[-0.224, 0.031, 0.06]
[-0.224, 0.033, 0.065]
[-0.226, 0.034, 0.068]
[-0.227, 0.036, 0.072]
[-0.228, 0.037, 0.074]
[-0.23, 0.038, 0.076]
[-0.23, 0.039, 0.078]
[-0.23, 0.04, 0.079]
[-0.229, 0.04, 0.08]
[-0.228, 0.041, 0.081]
[-0.227, 0.042, 0.082]
[-0.227, 0.043, 0.083]
[-0.228, 0.044, 0.084]
[-0.229, 0.045, 0.085]
[-0.228, 0.046, 0.084]
[-0.227, 0.048, 0.083]
[-0.226, 0.049, 0.083]
[-0.225, 0.05, 0.082]
[-0.226, 0.049, 0.083]
[-0.229, 0.049, 0.085]
[-0.233, 0.048, 0.086]
[-0.237, 0.048, 0.086]
[-0.241, 0.048, 0.086]
[-0.244, 0.048, 0.085]
[-0.246, 0.048, 0.084]
[-0.249, 0.049, 0.084]
[-0.252, 0.05, 0.083]
[-0.255, 0.05, 0.081]
[-0.259, 0.051, 0.08]
[-0.26, 0.051, 0.079]
[-0.261, 0.051, 0.078]
[-0.261, 0.051, 0.078]
[-0.259, 0.05, 0.077]
[-0.259, 0.05, 0.077]
[-0.259, 0.049, 0.077]
[-0.258, 0.048, 0.076]
[-0.258, 0.048, 0.076]
[-0.258, 0.047, 0.076]
[-0.258, 0.047, 0.075]
[-0.258, 0.047, 0.074]
[-0.259, 0.047, 0.073]
[-0.261, 0.047, 0.072]
[-0.263, 0.047, 0.071]
[-0.263, 0.046, 0.07]
[-0.263, 0.045, 0.07]
[-0.263, 0.045, 0.069]
[-0.263, 0.046, 0.067]
[-0.263, 0.047, 0.066]
[-0.266, 0.048, 0.064]
[-0.269, 0.048, 0.062]
[-0.274, 0.047, 0.059]
[-0.277, 0.045, 0.054]
[-0.275, 0.043, 0.048]
[-0.273, 0.041, 0.043]
[-0.271, 0.039, 0.039]
[-0.269, 0.038, 0.035]
[-0.27, 0.036, 0.032]
[-0.27, 0.035, 0.028]
[-0.269, 0.034, 0.024]
[-0.271, 0.032, 0.021]
[-0.273, 0.031, 0.017]
[-0.275, 0.03, 0.014]
[-0.276, 0.029, 0.011]
[-0.278, 0.026, 0.006]
[-0.278, 0.026, 0.006]
[-0.279, 0.024, 0.003]
[-0.28, 0.023, -0.0]
[-0.279, 0.022, -0.004]
[-0.276, 0.02, -0.007]
[-0.273, 0.019, -0.011]
[-0.27, 0.019, -0.015]
[-0.271, 0.018, -0.019]
[-0.273, 0.016, -0.022]
[-0.277, 0.015, -0.024]
[-0.279, 0.014, -0.027]
[-0.28, 0.014, -0.029]
[-0.279, 0.013, -0.032]
[-0.275, 0.011, -0.036]
[-0.261, 0.006, -0.042]
[-0.261, 0.006, -0.042]
[-0.253, 0.004, -0.044]
[-0.246, 0.002, -0.047]
[-0.237, -0.002, -0.055]
[-0.237, -0.002, -0.055]
[-0.232, -0.005, -0.061]
[-0.232, -0.008, -0.065]
[-0.235, -0.011, -0.069]
[-0.239, -0.014, -0.073]
[-0.246, -0.017, -0.076]
[-0.25, -0.019, -0.079]
[-0.252, -0.022, -0.082]
[-0.252, -0.025, -0.084]
[-0.25, -0.027, -0.085]
[-0.248, -0.029, -0.087]
[-0.245, -0.031, -0.088]
[-0.242, -0.033, -0.091]
[-0.24, -0.034, -0.094]
[-0.237, -0.035, -0.096]
[-0.234, -0.036, -0.098]
[-0.231, -0.036, -0.099]
[-0.228, -0.036, -0.099]
[-0.225, -0.036, -0.098]
[-0.224, -0.036, -0.098]
[-0.224, -0.035, -0.097]
[-0.224, -0.034, -0.096]
[-0.224, -0.033, -0.095]
[-0.223, -0.033, -0.092]
[-0.22, -0.033, -0.089]
[-0.218, -0.032, -0.086]
[-0.218, -0.031, -0.084]
[-0.217, -0.03, -0.082]
[-0.217, -0.028, -0.08]
[-0.216, -0.027, -0.078]
[-0.215, -0.026, -0.076]
[-0.212, -0.024, -0.074]
[-0.209, -0.023, -0.073]
[-0.207, -0.021, -0.071]
[-0.205, -0.02, -0.07]
[-0.205, -0.018, -0.069]
[-0.204, -0.017, -0.068]
[-0.202, -0.016, -0.068]
[-0.2, -0.016, -0.067]
[-0.199, -0.016, -0.067]
[-0.195, -0.017, -0.068]
[-0.19, -0.018, -0.068]
[-0.188, -0.019, -0.069]
[-0.187, -0.02, -0.07]
[-0.187, -0.02, -0.071]
[-0.188, -0.019, -0.073]
[-0.187, -0.018, -0.074]
[-0.186, -0.017, -0.074]
[-0.185, -0.017, -0.071]
[-0.174, -0.015, -0.058]
[-0.174, -0.015, -0.058]
[-0.167, -0.014, -0.052]
[-0.162, -0.013, -0.047]
[-0.159, -0.012, -0.043]
[-0.158, -0.01, -0.041]
[-0.158, -0.008, -0.038]
[-0.158, -0.004, -0.036]
[-0.156, -0.001, -0.033]
[-0.155, 0.002, -0.031]
[-0.154, 0.005, -0.029]
[-0.153, 0.008, -0.027]
[-0.151, 0.01, -0.026]
[-0.149, 0.013, -0.024]
[-0.147, 0.015, -0.022]
[-0.145, 0.02, -0.02]
[-0.145, 0.02, -0.02]
[-0.143, 0.022, -0.021]
[-0.142, 0.024, -0.021]
[-0.14, 0.026, -0.022]
[-0.138, 0.028, -0.023]
[-0.137, 0.029, -0.025]
[-0.134, 0.031, -0.026]
[-0.132, 0.032, -0.027]
[-0.13, 0.033, -0.029]
[-0.127, 0.034, -0.03]
[-0.12, 0.034, -0.032]
[-0.12, 0.034, -0.032]
[-0.117, 0.033, -0.033]
[-0.114, 0.033, -0.035]
[-0.112, 0.032, -0.036]
[-0.11, 0.031, -0.038]
[-0.107, 0.031, -0.039]
[-0.104, 0.031, -0.04]
[-0.101, 0.031, -0.041]
[-0.098, 0.031, -0.041]
[-0.096, 0.031, -0.041]
[-0.094, 0.031, -0.041]
[-0.093, 0.031, -0.041]
[-0.091, 0.031, -0.041]
[-0.09, 0.031, -0.041]
[-0.09, 0.031, -0.041]
[-0.09, 0.031, -0.041]
[-0.092, 0.031, -0.041]
[-0.095, 0.031, -0.041]
[-0.098, 0.032, -0.04]
[-0.099, 0.032, -0.04]
[-0.1, 0.033, -0.04]
[-0.1, 0.033, -0.04]
[-0.1, 0.034, -0.04]
[-0.102, 0.034, -0.041]
[-0.102, 0.034, -0.041]
[-0.103, 0.035, -0.041]
[-0.104, 0.035, -0.041]
[-0.104, 0.036, -0.041]
[-0.104, 0.036, -0.041]
[-0.103, 0.036, -0.042]
[-0.101, 0.035, -0.042]
[-0.1, 0.034, -0.042]
[-0.099, 0.034, -0.043]
[-0.099, 0.033, -0.043]
[-0.099, 0.033, -0.044]
[-0.098, 0.033, -0.044]
[-0.095, 0.034, -0.044]
[-0.091, 0.034, -0.044]
[-0.086, 0.033, -0.044]
[-0.08, 0.033, -0.044]
[-0.074, 0.033, -0.045]
[-0.069, 0.032, -0.045]
[-0.064, 0.032, -0.046]
[-0.06, 0.032, -0.046]
[-0.055, 0.031, -0.047]
[-0.051, 0.031, -0.048]
[-0.047, 0.03, -0.049]
[-0.039, 0.029, -0.051]
[-0.039, 0.029, -0.051]
[-0.034, 0.028, -0.051]
[-0.026, 0.027, -0.052]
[-0.026, 0.027, -0.052]
[-0.023, 0.027, -0.052]
