A0
A1
A2
A3
A4
A5
A6
A7
A8
A9
A10
A11
A12
A13
A14
A15
A16
A17
A18
A19
A20
A21
A22
A23
A24
A25
A26
A27
A28
--- [0.87, 0.67, 1.0, 1.0, 0.24, 0.24, 0.05, 0.13, 0.51, 0.54, 0.4, 0.38, 0.0, -0.0, 1.0, 0.21, 0.75, 0.6, 0.49, 0.8, 0.75, 0.46, 0.86, 0.55, 0.43, 0.55, 0.45, 0.0, 0.5, 99, 99, 99]
into servo loop...
start test new
list:  [0.48, 0.48, 0.88, 0.88, 1, 1, 0.16199999999999998, 0.16199999999999998, 0.43, 0.43, 0.33, 0.39, 0.05999999999999989, 0.02999999999999986, 1, 0.22, 0.99, 0.62, 0.25, 0.99, 0.99, 0.25, 0.25, 0.59, 0.43, 0.57, 0.44, 0.01, 0.6, 99, 99, 99]
--- num:  29
list:  [0.51, 0.51, 0.94, 0.94, 1, 1, 0.16199999999999998, 0.16199999999999998, 0.5, 0.5, 0.35, 0.38, 0, 0, 1, 0.21, 0.99, 0.62, 0.25, 1.0, 0.98, 0.25, 0.25, 0.52, 0.51, 0.51, 0.53, 0.01, 0.55, 99, 99, 99]
--- num:  29
list:  [0.46, 0.46, 0.85, 0.85, 1, 1, 0.16199999999999998, 0.16199999999999998, 0.38, 0.38, 0.36, 0.36, 0.015000000000000013, 0, 1, 0.22, 0.995, 0.62, 0.25, 1.0, 0.99, 0.25, 0.25, 0.56, 0.45, 0.55, 0.45, 0.01, 0.57, 99, 99, 99]
--- num:  29
list:  [0.42, 0.42, 0.75, 0.75, 1, 1, 0.9398769545555115, 0.939669291973114, 0.29, 0.29, 0.36, 0.36, 0.04499999999999987, 0.0749999999999999, 1, 0.22, 0.98, 0.63, 0.26, 0.98, 0.98, 0.26, 0.26, 0.58, 0.43, 0.6, 0.43, 0.01, 0.56, 99, 99, 99]
--- num:  29
list:  [0.46, 0.46, 0.83, 0.83, 1, 1, 0.16199999999999998, 0.16199999999999998, 0.36, 0.36, 0.36, 0.36, 0.04499999999999987, 0.04499999999999987, 1, 0.22, 0.98, 0.63, 0.26, 0.98, 0.98, 0.26, 0.26, 0.58, 0.44, 0.58, 0.44, 0.01, 0.54, 99, 99, 99]
--- num:  29
list:  [0.46, 0.46, 0.85, 0.85, 1, 1, 0.16199999999999998, 0.16199999999999998, 0.41, 0.41, 0.36, 0.36, 0.02999999999999986, 0.015000000000000013, 1, 0.22, 0.985, 0.63, 0.26, 0.98, 0.99, 0.26, 0.26, 0.57, 0.44, 0.56, 0.44, 0.01, 0.54, 99, 99, 99]
--- num:  29
list:  [0.47, 0.47, 0.85, 0.85, 1, 1, 0.16199999999999998, 0.16199999999999998, 0.43, 0.43, 0.36, 0.36, 0.02999999999999986, 0.015000000000000013, 1, 0.22, 0.99, 0.63, 0.25, 0.99, 0.99, 0.25, 0.25, 0.57, 0.44, 0.56, 0.45, 0.01, 0.53, 99, 99, 99]
--- num:  29
list:  [0.47, 0.47, 0.86, 0.86, 1, 1, 0.16199999999999998, 0.16199999999999998, 0.44, 0.44, 0.36, 0.36, 0.02999999999999986, 0.015000000000000013, 1, 0.22, 0.99, 0.63, 0.25, 0.99, 0.99, 0.25, 0.25, 0.57, 0.44, 0.56, 0.45, 0.01, 0.53, 99, 99, 99]
--- num:  29
list:  [0.46, 0.46, 0.84, 0.84, 1, 1, 0.23830820202827452, 0.23780317187309263, 0.35, 0.35, 0.35, 0.37, 0.02999999999999986, 0.02999999999999986, 1, 0.22, 0.99, 0.63, 0.26, 0.99, 0.99, 0.26, 0.26, 0.57, 0.44, 0.57, 0.44, 0.01, 0.52, 99, 99, 99]
--- num:  29
list:  [0.4, 0.4, 0.7, 0.7, 1, 1, 0.9248602795600891, 0.9244531202316284, 0.31, 0.31, 0.35, 0.37, 0.04499999999999987, 0.0749999999999999, 1, 0.25, 0.96, 0.65, 0.29, 0.96, 0.96, 0.29, 0.29, 0.58, 0.44, 0.6, 0.43, 0.02, 0.51, 99, 99, 99]
--- num:  29
list:  [0.41, 0.41, 0.72, 0.72, 1, 1, 0.48187784433364866, 0.48174075365066527, 0.27, 0.27, 0.35, 0.37, 0.10499999999999993, 0.10499999999999993, 1, 0.25, 0.96, 0.65, 0.29, 0.96, 0.96, 0.29, 0.29, 0.62, 0.42, 0.62, 0.42, 0.02, 0.49, 99, 99, 99]
--- num:  29
list:  [0.39, 0.39, 0.67, 0.67, 1, 1, 0.23376641750335692, 0.23330138206481932, 0.35, 0.35, 0.35, 0.36, 0.11999999999999994, 0.11999999999999994, 1, 0.24, 0.96, 0.65, 0.28, 0.96, 0.96, 0.28, 0.28, 0.63, 0.42, 0.63, 0.42, 0.02, 0.48, 99, 99, 99]
--- num:  29
list:  [0.36, 0.36, 0.6, 0.6, 1, 1, 0.21072019219398497, 0.2102093356847763, 0.37, 0.37, 0.35, 0.37, 0.11999999999999994, 0.13499999999999995, 1, 0.24, 0.96, 0.64, 0.28, 0.96, 0.96, 0.28, 0.28, 0.63, 0.41, 0.64, 0.41, 0.03, 0.47, 99, 99, 99]
--- num:  29
list:  [0.35, 0.35, 0.59, 0.59, 1, 1, 0.16199999999999998, 0.16199999999999998, 0.39, 0.39, 0.34, 0.38, 0.11999999999999994, 0.13499999999999995, 1, 0.24, 0.96, 0.64, 0.28, 0.96, 0.96, 0.28, 0.28, 0.63, 0.41, 0.64, 0.41, 0.03, 0.46, 99, 99, 99]
--- num:  29
list:  [0.36, 0.36, 0.6, 0.6, 1, 1, 0.6590612936019897, 0.6479301857948303, 0.25, 0.25, 0.34, 0.38, 0.13499999999999995, 0.16499999999999998, 1, 0.24, 0.96, 0.64, 0.29, 0.96, 0.96, 0.29, 0.29, 0.64, 0.41, 0.66, 0.4, 0.03, 0.47, 99, 99, 99]
--- num:  29
list:  [0.56, 0.56, 1, 1, 0.98, 0.98, 0.9501249599456787, 0.9501106548309326, 0.38, 0.38, 0.39, 0.33, 0.10499999999999993, 0.16499999999999998, 0.75, 0.24, 0.95, 0.65, 0.28, 0.95, 0.95, 0.28, 0.28, 0.62, 0.42, 0.66, 0.4, 0.03, 0.48, 99, 99, 99]
--- num:  29
list:  [0.56, 0.56, 1, 1, 0.98, 0.98, 0.9412163305282593, 0.9411141681671142, 0.38, 0.38, 0.4, 0.33, 0.11999999999999994, 0.16499999999999998, 0.75, 0.24, 0.95, 0.65, 0.28, 0.95, 0.95, 0.28, 0.28, 0.63, 0.42, 0.66, 0.4, 0.03, 0.5, 99, 99, 99]
--- num:  29
list:  [0.56, 0.56, 1, 1, 0.98, 0.98, 0.9386014747619629, 0.9384994912147522, 0.38, 0.38, 0.4, 0.32, 0.13499999999999995, 0.18, 0.75, 0.25, 0.945, 0.65, 0.28, 0.95, 0.94, 0.28, 0.28, 0.64, 0.41, 0.67, 0.4, 0.03, 0.51, 99, 99, 99]
--- num:  29
list:  [0.56, 0.56, 1, 1, 0.98, 0.98, 0.9090945529937744, 0.9086783933639526, 0.34, 0.34, 0.36, 0.36, 0.14999999999999997, 0.195, 0.75, 0.25, 0.94, 0.65, 0.29, 0.94, 0.94, 0.29, 0.29, 0.65, 0.41, 0.68, 0.39, 0.03, 0.52, 99, 99, 99]
--- num:  29
list:  [0.56, 0.56, 1, 1, 0.98, 0.98, 0.9403027701377868, 0.9402711200714111, 0.37, 0.37, 0.39, 0.33, 0.18, 0.20999999999999985, 0.75, 0.25, 0.935, 0.65, 0.29, 0.94, 0.93, 0.29, 0.29, 0.67, 0.4, 0.69, 0.39, 0.03, 0.52, 99, 99, 99]
--- num:  29
list:  [0.57, 0.57, 1, 1, 0.97, 0.97, 0.9492795872688293, 0.9492569971084595, 0.38, 0.38, 0.39, 0.34, 0.16499999999999998, 0.20999999999999985, 0.75, 0.25, 0.93, 0.65, 0.29, 0.93, 0.93, 0.29, 0.29, 0.66, 0.4, 0.69, 0.39, 0.03, 0.52, 99, 99, 99]
--- num:  29
list:  [0.57, 0.57, 1, 1, 0.96, 0.96, 0.9499301719665527, 0.9499012637138367, 0.4, 0.4, 0.38, 0.34, 0.08999999999999991, 0.14999999999999997, 0.75, 0.25, 0.94, 0.65, 0.29, 0.94, 0.94, 0.29, 0.29, 0.61, 0.42, 0.65, 0.41, 0.03, 0.52, 99, 99, 99]
--- num:  29
list:  [0.56, 0.56, 1, 1, 0.98, 0.98, 0.5293466854095459, 0.5291929650306701, 0.25, 0.25, 0.36, 0.36, 0.10499999999999993, 0.14999999999999997, 1, 0.25, 0.95, 0.65, 0.3, 0.95, 0.95, 0.3, 0.3, 0.62, 0.42, 0.65, 0.41, 0.03, 0.49, 99, 99, 99]
--- num:  29
list:  [0.56, 0.56, 1, 1, 0.98, 0.98, 0.4996678638458252, 0.49976454257965086, 0.27, 0.27, 0.36, 0.35, 0.0749999999999999, 0.10499999999999993, 1, 0.25, 0.95, 0.65, 0.3, 0.95, 0.95, 0.3, 0.3, 0.6, 0.43, 0.62, 0.42, 0.04, 0.47, 99, 99, 99]
--- num:  29
list:  [0.57, 0.57, 1, 1, 0.97, 0.97, 0.9693451333045959, 0.9693468022346496, 0.43, 0.43, 0.44, 0.28, 0, 0.015000000000000013, 0.75, 0.26, 0.95, 0.65, 0.29, 0.95, 0.95, 0.29, 0.29, 0.55, 0.46, 0.56, 0.44, 0.04, 0.47, 99, 99, 99]
--- num:  29
list:  [0.57, 0.57, 1, 1, 0.97, 0.97, 0.9635363030433655, 0.9635298657417297, 0.44, 0.44, 0.45, 0.27, 0, 0, 0.75, 0.26, 0.95, 0.66, 0.29, 0.95, 0.95, 0.29, 0.29, 0.5, 0.54, 0.52, 0.52, 0.04, 0.48, 99, 99, 99]
--- num:  29
list:  [0.57, 0.57, 1, 1, 0.97, 0.97, 0.960268120765686, 0.9602632927894592, 0.46, 0.46, 0.46, 0.26, 0, 0, 0.75, 0.26, 0.95, 0.66, 0.29, 0.95, 0.95, 0.29, 0.29, 0.49, 0.57, 0.5, 0.55, 0.04, 0.48, 99, 99, 99]
--- num:  29
list:  [0.57, 0.57, 1, 1, 0.97, 0.97, 0.9010821986198425, 0.9010336804389953, 0.37, 0.37, 0.46, 0.25, 0, 0, 1, 0.27, 0.96, 0.66, 0.3, 0.96, 0.96, 0.3, 0.3, 0.46, 0.63, 0.47, 0.6, 0.05, 0.47, 99, 99, 99]
--- num:  29
list:  [0.56, 0.56, 1, 1, 0.98, 0.98, 0.6160734105110168, 0.6153760957717895, 0.27, 0.27, 0.45, 0.27, 0, 0, 1, 0.28, 0.97, 0.67, 0.31, 0.97, 0.97, 0.31, 0.31, 0.46, 0.62, 0.48, 0.6, 0.06, 0.48, 99, 99, 99]
--- num:  29
list:  [0.56, 0.56, 1, 1, 0.98, 0.98, 0.4926962065696716, 0.4921949315071106, 0.29, 0.29, 0.43, 0.28, 0, 0, 1, 0.28, 0.97, 0.67, 0.31, 0.97, 0.97, 0.31, 0.31, 0.45, 0.64, 0.46, 0.62, 0.06, 0.49, 99, 99, 99]
--- num:  29
list:  [0.56, 0.56, 1, 1, 0.98, 0.98, 0.4628597009181976, 0.4624216365814209, 0.3, 0.3, 0.42, 0.3, 0, 0, 1, 0.28, 0.97, 0.67, 0.31, 0.97, 0.97, 0.31, 0.31, 0.44, 0.66, 0.45, 0.64, 0.06, 0.5, 99, 99, 99]
--- num:  29
list:  [0.56, 0.56, 1, 1, 0.98, 0.98, 0.44225515007972716, 0.4416510272026062, 0.3, 0.3, 0.4, 0.32, 0, 0, 1, 0.28, 0.975, 0.68, 0.31, 0.97, 0.98, 0.31, 0.31, 0.44, 0.66, 0.46, 0.63, 0.06, 0.52, 99, 99, 99]
--- num:  29
list:  [0.55, 0.55, 1, 1, 0.98, 0.98, 0.4283177363872528, 0.4267637538909912, 0.3, 0.3, 0.37, 0.34, 0, 0, 1, 0.28, 0.975, 0.67, 0.31, 0.97, 0.98, 0.31, 0.31, 0.45, 0.64, 0.47, 0.61, 0.06, 0.54, 99, 99, 99]
--- num:  29
list:  [0.55, 0.55, 1, 1, 0.98, 0.98, 0.4432157981395721, 0.44177104115486143, 0.29, 0.29, 0.35, 0.36, 0, 0, 1, 0.28, 0.97, 0.67, 0.31, 0.97, 0.97, 0.31, 0.31, 0.48, 0.6, 0.48, 0.58, 0.06, 0.54, 99, 99, 99]
--- num:  29
list:  [0.57, 0.57, 1, 1, 0.97, 0.97, 0.48018709897994993, 0.4777090060710907, 0.26, 0.26, 0.33, 0.39, 0, 0, 1, 0.27, 0.97, 0.67, 0.3, 0.97, 0.97, 0.3, 0.3, 0.54, 0.48, 0.54, 0.47, 0.05, 0.55, 99, 99, 99]
--- num:  29
list:  [0.57, 0.57, 1, 1, 0.97, 0.97, 0.91946772813797, 0.9187860298156738, 0.38, 0.38, 0.31, 0.41, 0, 0, 0.75, 0.27, 0.96, 0.66, 0.3, 0.96, 0.96, 0.3, 0.3, 0.54, 0.47, 0.54, 0.46, 0.04, 0.55, 99, 99, 99]
--- num:  29
list:  [0.61, 0.61, 1, 1, 0.94, 0.94, 0.9038691926002502, 0.9022499132156372, 0.39, 0.39, 0.29, 0.43, 0, 0, 0.75, 0.26, 0.95, 0.66, 0.29, 0.95, 0.95, 0.29, 0.29, 0.54, 0.47, 0.55, 0.46, 0.04, 0.59, 99, 99, 99]
--- num:  29
list:  [0.59, 0.59, 1, 1, 0.96, 0.96, 0.4972476768493652, 0.4984808373451233, 0.24, 0.24, 0.28, 0.43, 0.02999999999999986, 0.02999999999999986, 0.75, 0.26, 0.95, 0.66, 0.29, 0.95, 0.95, 0.29, 0.29, 0.57, 0.44, 0.57, 0.44, 0.03, 0.59, 99, 99, 99]
--- num:  29
list:  [0.58, 0.58, 1, 1, 0.96, 0.96, 0.4458829867839813, 0.44293264627456663, 0.26, 0.26, 0.29, 0.43, 0.04499999999999987, 0.04499999999999987, 0.75, 0.26, 0.95, 0.66, 0.29, 0.95, 0.95, 0.29, 0.29, 0.58, 0.44, 0.58, 0.44, 0.03, 0.59, 99, 99, 99]
--- num:  29
list:  [0.57, 0.57, 1, 1, 0.96, 0.96, 0.36064950704574583, 0.35707141041755674, 0.28, 0.28, 0.29, 0.43, 0.05999999999999989, 0.05999999999999989, 0.75, 0.26, 0.95, 0.66, 0.29, 0.95, 0.95, 0.29, 0.29, 0.59, 0.43, 0.59, 0.43, 0.03, 0.59, 99, 99, 99]
--- num:  29
list:  [0.57, 0.57, 1, 1, 0.97, 0.97, 0.3552346038818359, 0.35204355001449583, 0.29, 0.29, 0.28, 0.43, 0.05999999999999989, 0.05999999999999989, 0.75, 0.26, 0.95, 0.66, 0.29, 0.95, 0.95, 0.29, 0.29, 0.59, 0.43, 0.59, 0.43, 0.03, 0.6, 99, 99, 99]
--- num:  29
list:  [0.57, 0.57, 1, 1, 0.96, 0.96, 0.384758483171463, 0.3795726704597473, 0.28, 0.28, 0.25, 0.46, 0.05999999999999989, 0.05999999999999989, 0.75, 0.26, 0.95, 0.66, 0.29, 0.95, 0.95, 0.29, 0.29, 0.59, 0.43, 0.59, 0.43, 0.03, 0.63, 99, 99, 99]
--- num:  29
list:  [0.57, 0.57, 1, 1, 0.96, 0.96, 0.3925491380691528, 0.38671515464782713, 0.28, 0.28, 0.23, 0.48, 0.015000000000000013, 0.015000000000000013, 0.75, 0.26, 0.95, 0.66, 0.29, 0.95, 0.95, 0.29, 0.29, 0.56, 0.44, 0.56, 0.45, 0.03, 0.68, 99, 99, 99]
--- num:  29
list:  [0.57, 0.57, 1, 1, 0.97, 0.97, 0.3610285925865173, 0.3453925061225891, 0.28, 0.28, 0.33, 0.38, 0.015000000000000013, 0.015000000000000013, 0.75, 0.26, 0.95, 0.66, 0.29, 0.95, 0.95, 0.29, 0.29, 0.56, 0.45, 0.56, 0.45, 0.03, 0.77, 99, 99, 99]
--- num:  29
list:  [0.57, 0.57, 1, 1, 0.97, 0.97, 0.31945122361183165, 0.30643136382102965, 0.3, 0.3, 0.35, 0.37, 0, 0, 0.75, 0.26, 0.95, 0.66, 0.29, 0.95, 0.95, 0.29, 0.29, 0.53, 0.49, 0.52, 0.5, 0.03, 0.9, 99, 99, 99]
--- num:  29
list:  [0.57, 0.57, 1, 1, 0.97, 0.97, 0.3203845727443695, 0.3048661756515503, 0.28, 0.28, 0.44, 0.28, 0, 0, 0.75, 0.27, 0.95, 0.66, 0.29, 0.95, 0.95, 0.29, 0.29, 0.51, 0.52, 0.5, 0.54, 0.04, 1, 99, 99, 99]
--- num:  29
list:  [0.57, 0.57, 1, 1, 0.97, 0.97, 0.3000477063655853, 0.2903782534599304, 0.29, 0.29, 0.46, 0.26, 0, 0, 0.75, 0.27, 0.955, 0.66, 0.3, 0.95, 0.96, 0.3, 0.3, 0.52, 0.51, 0.51, 0.53, 0.04, 1, 99, 99, 99]
--- num:  29
list:  [0.6, 0.6, 1, 1, 0.95, 0.95, 0.9447027254104614, 0.94410071849823, 0.4, 0.4, 0.2, 0.52, 0, 0, 0.75, 0.27, 0.95, 0.66, 0.29, 0.95, 0.95, 0.29, 0.29, 0.48, 0.58, 0.49, 0.57, 0.04, 1, 99, 99, 99]
--- num:  29
list:  [0.61, 0.61, 1, 1, 0.94, 0.94, 0.944324414730072, 0.9442189145088196, 0.41, 0.41, 0.21, 0.52, 0, 0, 0.75, 0.27, 0.95, 0.66, 0.29, 0.95, 0.95, 0.29, 0.29, 0.48, 0.58, 0.49, 0.56, 0.04, 0.88, 99, 99, 99]
--- num:  29
list:  [0.62, 0.62, 1, 1, 0.93, 0.93, 0.9436082053184509, 0.9435151028633117, 0.41, 0.41, 0.23, 0.5, 0, 0, 0.75, 0.27, 0.95, 0.66, 0.29, 0.95, 0.95, 0.29, 0.29, 0.47, 0.61, 0.48, 0.59, 0.03, 0.85, 99, 99, 99]
--- num:  29
list:  [0.61, 0.61, 1, 1, 0.93, 0.93, 0.941483359336853, 0.9413262414932251, 0.4, 0.4, 0.23, 0.49, 0, 0, 0.75, 0.27, 0.95, 0.66, 0.29, 0.95, 0.95, 0.29, 0.29, 0.51, 0.54, 0.52, 0.52, 0.03, 0.78, 99, 99, 99]
--- num:  29
list:  [0.57, 0.57, 1, 1, 0.97, 0.97, 0.22850286543369291, 0.22612960219383238, 0.38, 0.38, 0.2, 0.52, 0, 0, 0.75, 0.27, 0.95, 0.66, 0.29, 0.95, 0.95, 0.29, 0.29, 0.51, 0.52, 0.51, 0.52, 0.03, 0.73, 99, 99, 99]
--- num:  29
list:  [0.56, 0.56, 1, 1, 0.97, 0.97, 0.16199999999999998, 0.16199999999999998, 0.43, 0.43, 0.21, 0.51, 0, 0, 0.75, 0.27, 0.95, 0.66, 0.3, 0.95, 0.95, 0.3, 0.3, 0.51, 0.52, 0.52, 0.52, 0.03, 0.69, 99, 99, 99]
--- num:  29
list:  [0.56, 0.56, 1, 1, 0.97, 0.97, 0.16199999999999998, 0.16199999999999998, 0.43, 0.43, 0.22, 0.5, 0, 0, 0.75, 0.27, 0.95, 0.66, 0.3, 0.95, 0.95, 0.3, 0.3, 0.54, 0.48, 0.54, 0.47, 0.04, 0.66, 99, 99, 99]
--- num:  29
list:  [0.57, 0.57, 1, 1, 0.97, 0.97, 0.8398043918609619, 0.8383497405052185, 0.35, 0.35, 0.25, 0.47, 0, 0, 0.75, 0.27, 0.95, 0.66, 0.3, 0.95, 0.95, 0.3, 0.3, 0.52, 0.51, 0.53, 0.48, 0.03, 0.65, 99, 99, 99]
--- num:  29
list:  [0.62, 0.62, 1, 1, 0.93, 0.93, 0.9659048128128052, 0.9658933687210083, 0.41, 0.41, 0.29, 0.43, 0, 0, 0.5, 0.27, 0.94, 0.66, 0.28, 0.94, 0.94, 0.28, 0.28, 0.52, 0.52, 0.53, 0.48, 0.03, 0.65, 99, 99, 99]
--- num:  29
list:  [0.61, 0.61, 1, 1, 0.94, 0.94, 0.9507035422325134, 0.9506048369407654, 0.41, 0.41, 0.3, 0.42, 0, 0.015000000000000013, 0.5, 0.26, 0.94, 0.66, 0.28, 0.94, 0.94, 0.28, 0.28, 0.55, 0.46, 0.56, 0.44, 0.03, 0.64, 99, 99, 99]
--- num:  29
list:  [0.58, 0.58, 1, 1, 0.96, 0.96, 0.7982518482208252, 0.7962777423858642, 0.27, 0.27, 0.34, 0.38, 0, 0.015000000000000013, 0.75, 0.26, 0.94, 0.66, 0.29, 0.94, 0.94, 0.29, 0.29, 0.55, 0.46, 0.56, 0.45, 0.03, 0.56, 99, 99, 99]
--- num:  29
list:  [0.58, 0.58, 1, 1, 0.96, 0.96, 0.5263892221450805, 0.5277556586265564, 0.24, 0.24, 0.36, 0.36, 0, 0, 0.75, 0.26, 0.94, 0.66, 0.29, 0.94, 0.94, 0.29, 0.29, 0.52, 0.51, 0.53, 0.49, 0.03, 0.52, 99, 99, 99]
--- num:  29
list:  [0.58, 0.58, 1, 1, 0.96, 0.96, 0.49364558935165403, 0.4930466818809509, 0.26, 0.26, 0.38, 0.34, 0, 0, 0.75, 0.26, 0.945, 0.66, 0.29, 0.95, 0.94, 0.29, 0.29, 0.54, 0.46, 0.54, 0.46, 0.03, 0.48, 99, 99, 99]
--- num:  29
list:  [0.57, 0.57, 1, 1, 0.97, 0.97, 0.2948246705532074, 0.29459659337997435, 0.33, 0.33, 0.42, 0.3, 0, 0.015000000000000013, 0.75, 0.26, 0.95, 0.66, 0.29, 0.95, 0.95, 0.29, 0.29, 0.55, 0.45, 0.56, 0.45, 0.03, 0.45, 99, 99, 99]
--- num:  29
list:  [0.56, 0.56, 1, 1, 0.97, 0.97, 0.16199999999999998, 0.16199999999999998, 0.42, 0.42, 0.43, 0.28, 0.13499999999999995, 0.13499999999999995, 0.75, 0.26, 0.95, 0.66, 0.29, 0.95, 0.95, 0.29, 0.29, 0.64, 0.41, 0.64, 0.41, 0.03, 0.44, 99, 99, 99]
--- num:  29
list:  [0.56, 0.56, 1, 1, 0.98, 0.98, 0.16199999999999998, 0.16199999999999998, 0.44, 0.44, 0.43, 0.27, 0.195, 0.195, 0.75, 0.27, 0.94, 0.66, 0.3, 0.94, 0.94, 0.3, 0.3, 0.68, 0.39, 0.68, 0.39, 0.04, 0.43, 99, 99, 99]
--- num:  29
list:  [0, 0, 0, 0, 1, 1, 0.16199999999999998, 0.16199999999999998, 0.42, 0.42, 0.44, 0.26, 0.23999999999999988, 0.23999999999999988, 0.75, 0.27, 0.94, 0.66, 0.31, 0.94, 0.94, 0.31, 0.31, 0.71, 0.38, 0.71, 0.38, 0.05, 0.41, 99, 99, 99]
--- num:  29
list:  [0, 0, 0, 0, 1, 1, 0.16199999999999998, 0.16199999999999998, 0.43, 0.43, 0.48, 0.23, 0.18, 0.16499999999999998, 0.75, 0.27, 0.94, 0.66, 0.31, 0.94, 0.94, 0.31, 0.31, 0.67, 0.4, 0.66, 0.4, 0.05, 0.39, 99, 99, 99]
--- num:  29
list:  [0, 0, 0, 0, 1, 1, 0.16199999999999998, 0.16199999999999998, 0.41, 0.41, 0.55, 0.16, 0, 0, 0.75, 0.27, 0.94, 0.67, 0.31, 0.94, 0.94, 0.31, 0.31, 0.54, 0.46, 0.53, 0.48, 0.05, 0.36, 99, 99, 99]
--- num:  29
list:  [0.56, 0.56, 1, 1, 0.97, 0.97, 0.6742980885505676, 0.6743033933639526, 0.46, 0.46, 0.56, 0.17, 0, 0, 0.75, 0.27, 0.94, 0.67, 0.32, 0.94, 0.94, 0.32, 0.32, 0.49, 0.57, 0.49, 0.57, 0.05, 0.34, 99, 99, 99]
--- num:  29
list:  [0.59, 0.59, 1, 1, 0.95, 0.95, 0.9255795288085937, 0.9256251263618469, 0.6, 0.6, 0.59, 0.14, 0, 0, 0.5, 0.27, 0.925, 0.67, 0.3, 0.93, 0.92, 0.3, 0.3, 0.47, 0.6, 0.48, 0.58, 0.05, 0.32, 99, 99, 99]
--- num:  29
list:  [0.58, 0.58, 1, 1, 0.96, 0.96, 0.45468596696853636, 0.4729473102092743, 0.33, 0.33, 0.53, 0.19, 0, 0, 0.75, 0.27, 0.935, 0.67, 0.31, 0.94, 0.93, 0.31, 0.31, 0.41, 0.73, 0.41, 0.73, 0.06, 0.28, 99, 99, 99]
--- num:  29
list:  [0.57, 0.57, 1, 1, 0.97, 0.97, 0.16199999999999998, 0.16199999999999998, 0.36, 0.36, 0.43, 0.27, 0, 0, 0.75, 0.28, 0.94, 0.67, 0.31, 0.94, 0.94, 0.31, 0.31, 0.37, 0.8, 0.38, 0.78, 0.07, 0.26, 99, 99, 99]
--- num:  29
list:  [0.57, 0.57, 1, 1, 0.97, 0.97, 0.16199999999999998, 0.16199999999999998, 0.39, 0.39, 0.4, 0.3, 0, 0, 0.75, 0.28, 0.945, 0.67, 0.31, 0.95, 0.94, 0.31, 0.31, 0.35, 0.84, 0.35, 0.83, 0.08, 0.24, 99, 99, 99]
--- num:  29
list:  [0.57, 0.57, 1, 1, 0.97, 0.97, 0.16199999999999998, 0.16199999999999998, 0.38, 0.38, 0.4, 0.3, 0, 0, 0.75, 0.28, 0.95, 0.68, 0.31, 0.95, 0.95, 0.31, 0.31, 0.35, 0.84, 0.36, 0.83, 0.08, 0.24, 99, 99, 99]
--- num:  29
list:  [0.57, 0.57, 1, 1, 0.97, 0.97, 0.16199999999999998, 0.16199999999999998, 0.38, 0.38, 0.38, 0.32, 0, 0, 0.75, 0.29, 0.95, 0.68, 0.31, 0.95, 0.95, 0.31, 0.31, 0.34, 0.85, 0.35, 0.84, 0.08, 0.24, 99, 99, 99]
--- num:  29
list:  [0.56, 0.56, 1, 1, 0.97, 0.97, 0.16199999999999998, 0.16199999999999998, 0.38, 0.38, 0.37, 0.33, 0, 0, 0.75, 0.29, 0.95, 0.68, 0.31, 0.95, 0.95, 0.31, 0.31, 0.34, 0.86, 0.34, 0.86, 0.07, 0.24, 99, 99, 99]
--- num:  29
list:  [0.56, 0.56, 1, 1, 0.97, 0.97, 0.16199999999999998, 0.16199999999999998, 0.37, 0.37, 0.39, 0.31, 0, 0, 0.75, 0.29, 0.95, 0.68, 0.31, 0.95, 0.95, 0.31, 0.31, 0.34, 0.87, 0.34, 0.87, 0.07, 0.25, 99, 99, 99]
--- num:  29
list:  [0.58, 0.58, 1, 1, 0.96, 0.96, 0.9180632638931274, 0.9181263852119446, 0.53, 0.53, 0.55, 0.17, 0, 0, 0.75, 0.28, 0.95, 0.68, 0.31, 0.95, 0.95, 0.31, 0.31, 0.41, 0.71, 0.41, 0.72, 0.06, 0.27, 99, 99, 99]
--- num:  29
list:  [0.58, 0.58, 1, 1, 0.96, 0.96, 0.898212890625, 0.8982087182998657, 0.48, 0.48, 0.51, 0.21, 0, 0, 0.75, 0.28, 0.95, 0.67, 0.3, 0.95, 0.95, 0.3, 0.3, 0.38, 0.77, 0.38, 0.78, 0.04, 0.34, 99, 99, 99]
--- num:  29
list:  [0.56, 0.56, 1, 1, 0.98, 0.98, 0.16199999999999998, 0.16199999999999998, 0.46, 0.46, 0.51, 0.21, 0, 0, 0.75, 0.28, 0.95, 0.67, 0.3, 0.95, 0.95, 0.3, 0.3, 0.36, 0.81, 0.36, 0.81, 0.04, 0.36, 99, 99, 99]
--- num:  29
list:  [0.02, 0.02, 0, 0, 1, 1, 0.16199999999999998, 0.16199999999999998, 0.5, 0.5, 0.44, 0.27, 0, 0, 1, 0.27, 0.96, 0.67, 0.3, 0.96, 0.96, 0.3, 0.3, 0.42, 0.7, 0.42, 0.7, 0.04, 0.38, 99, 99, 99]
--- num:  29
list:  [0, 0, 0, 0, 1, 1, 0.16199999999999998, 0.16199999999999998, 0.5, 0.5, 0.4, 0.31, 0, 0, 1, 0.27, 0.96, 0.67, 0.3, 0.96, 0.96, 0.3, 0.3, 0.52, 0.5, 0.52, 0.52, 0.04, 0.4, 99, 99, 99]
--- num:  29
list:  [0, 0, 0, 0, 1, 1, 0.16199999999999998, 0.16199999999999998, 0.5, 0.5, 0.38, 0.33, 0.10499999999999993, 0.0749999999999999, 1, 0.27, 0.955, 0.66, 0.3, 0.95, 0.96, 0.3, 0.3, 0.62, 0.42, 0.6, 0.43, 0.04, 0.42, 99, 99, 99]
--- num:  29
list:  [0, 0, 0, 0, 1, 1, 0.16199999999999998, 0.16199999999999998, 0.51, 0.51, 0.36, 0.35, 0.13499999999999995, 0.11999999999999994, 0.75, 0.27, 0.95, 0.66, 0.3, 0.95, 0.95, 0.3, 0.3, 0.64, 0.41, 0.63, 0.41, 0.04, 0.43, 99, 99, 99]
--- num:  29
list:  [0, 0, 0, 0, 1, 1, 0.16199999999999998, 0.16199999999999998, 0.51, 0.51, 0.35, 0.37, 0.14999999999999997, 0.13499999999999995, 0.75, 0.27, 0.95, 0.66, 0.3, 0.95, 0.95, 0.3, 0.3, 0.65, 0.41, 0.64, 0.41, 0.04, 0.47, 99, 99, 99]
--- num:  29
list:  [0, 0, 0, 0, 1, 1, 0.16199999999999998, 0.16199999999999998, 0.53, 0.53, 0.33, 0.38, 0.11999999999999994, 0.10499999999999993, 0.75, 0.27, 0.94, 0.67, 0.31, 0.94, 0.94, 0.31, 0.31, 0.63, 0.41, 0.62, 0.42, 0.04, 0.49, 99, 99, 99]
--- num:  29
list:  [0, 0, 0, 0, 1, 1, 0.16199999999999998, 0.16199999999999998, 0.53, 0.53, 0.32, 0.39, 0.16499999999999998, 0.16499999999999998, 0.75, 0.27, 0.94, 0.67, 0.32, 0.94, 0.94, 0.32, 0.32, 0.66, 0.4, 0.66, 0.4, 0.04, 0.51, 99, 99, 99]
--- num:  29
list:  [0, 0, 0, 0, 1, 1, 0.4375405418872833, 0.4313879120349884, 0.51, 0.51, 0.34, 0.38, 0.20999999999999985, 0.20999999999999985, 0.75, 0.27, 0.93, 0.67, 0.31, 0.93, 0.93, 0.31, 0.31, 0.69, 0.39, 0.69, 0.39, 0.04, 0.53, 99, 99, 99]
--- num:  29
list:  [0.58, 0.58, 1, 1, 0.96, 0.96, 0.9275635886192322, 0.9274251270294189, 0.53, 0.53, 0.32, 0.4, 0.195, 0.20999999999999985, 0.5, 0.26, 0.93, 0.66, 0.29, 0.93, 0.93, 0.29, 0.29, 0.68, 0.39, 0.69, 0.39, 0.04, 0.57, 99, 99, 99]
--- num:  29
list:  [0.57, 0.57, 1, 1, 0.97, 0.97, 0.7315373229980469, 0.717407386302948, 0.4, 0.4, 0.34, 0.38, 0.14999999999999997, 0.14999999999999997, 0.75, 0.26, 0.93, 0.66, 0.3, 0.93, 0.93, 0.3, 0.3, 0.65, 0.41, 0.65, 0.41, 0.03, 0.61, 99, 99, 99]
--- num:  29
list:  [0.56, 0.56, 1, 1, 0.97, 0.97, 0.18254744589328764, 0.16199999999999998, 0.32, 0.32, 0.55, 0.16, 0.0749999999999999, 0.05999999999999989, 0.75, 0.26, 0.93, 0.66, 0.31, 0.93, 0.93, 0.31, 0.31, 0.6, 0.43, 0.59, 0.43, 0.04, 0.64, 99, 99, 99]
--- num:  29
list:  [0.56, 0.56, 1, 1, 0.97, 0.97, 0.16199999999999998, 0.16199999999999998, 0.35, 0.35, 0.64, 0.08, 0.0749999999999999, 0.05999999999999989, 0.75, 0.27, 0.935, 0.66, 0.31, 0.93, 0.94, 0.31, 0.31, 0.6, 0.43, 0.59, 0.43, 0.04, 0.67, 99, 99, 99]
--- num:  29
list:  [0.56, 0.56, 1, 1, 0.98, 0.98, 0.16199999999999998, 0.16199999999999998, 0.36, 0.36, 0.63, 0.08, 0.02999999999999986, 0.015000000000000013, 0.75, 0.27, 0.94, 0.66, 0.31, 0.94, 0.94, 0.31, 0.31, 0.57, 0.44, 0.56, 0.44, 0.04, 0.7, 99, 99, 99]
--- num:  29
list:  [0.56, 0.56, 1, 1, 0.98, 0.98, 0.16199999999999998, 0.16199999999999998, 0.37, 0.37, 0.63, 0.09, 0.015000000000000013, 0, 0.75, 0.27, 0.94, 0.66, 0.3, 0.94, 0.94, 0.3, 0.3, 0.56, 0.45, 0.55, 0.45, 0.04, 0.75, 99, 99, 99]
--- num:  29
list:  [0.56, 0.56, 1, 1, 0.97, 0.97, 0.9299394297599792, 0.9266729164123535, 0.49, 0.49, 0.33, 0.4, 0, 0, 0.75, 0.27, 0.94, 0.66, 0.29, 0.94, 0.94, 0.29, 0.29, 0.48, 0.58, 0.5, 0.55, 0.03, 0.77, 99, 99, 99]
--- num:  29
list:  [0.56, 0.56, 1, 1, 0.97, 0.97, 0.2219016361236572, 0.21467785120010374, 0.41, 0.41, 0.26, 0.45, 0, 0, 0.75, 0.26, 0.95, 0.66, 0.29, 0.95, 0.95, 0.29, 0.29, 0.53, 0.49, 0.53, 0.49, 0.03, 0.73, 99, 99, 99]
--- num:  29
list:  [0.08, 0.08, 0, 0, 1, 1, 0.16199999999999998, 0.16199999999999998, 0.55, 0.55, 0.31, 0.41, 0, 0, 1, 0.27, 0.96, 0.66, 0.29, 0.96, 0.96, 0.29, 0.29, 0.47, 0.61, 0.46, 0.62, 0.03, 0.62, 99, 99, 99]
--- num:  29
list:  [0.23, 0.23, 0.29, 0.29, 1, 1, 0.16199999999999998, 0.16199999999999998, 0.62, 0.62, 0.35, 0.37, 0, 0, 1, 0.27, 0.97, 0.67, 0.29, 0.97, 0.97, 0.29, 0.29, 0.31, 0.92, 0.31, 0.92, 0.04, 0.55, 99, 99, 99]
--- num:  29
list:  [0.28, 0.28, 0.42, 0.42, 1, 1, 0.16199999999999998, 0.16199999999999998, 0.63, 0.63, 0.39, 0.33, 0, 0, 1, 0.27, 0.97, 0.67, 0.29, 0.97, 0.97, 0.29, 0.29, 0.31, 0.92, 0.31, 0.92, 0.04, 0.54, 99, 99, 99]
--- num:  29
list:  [0.31, 0.31, 0.5, 0.5, 1, 1, 0.16199999999999998, 0.16199999999999998, 0.63, 0.63, 0.41, 0.31, 0, 0, 1, 0.28, 0.98, 0.67, 0.29, 0.98, 0.98, 0.29, 0.29, 0.31, 0.92, 0.31, 0.92, 0.04, 0.52, 99, 99, 99]
--- num:  29
list:  [0.36, 0.36, 0.61, 0.61, 1, 1, 0.16199999999999998, 0.16199999999999998, 0.62, 0.62, 0.42, 0.3, 0, 0, 1, 0.29, 0.98, 0.68, 0.29, 0.98, 0.98, 0.29, 0.29, 0.31, 0.92, 0.31, 0.92, 0.04, 0.51, 99, 99, 99]
--- num:  29
list:  [0.56, 0.56, 1, 1, 0.98, 0.98, 0.6793816494941711, 0.6792565393447876, 0.36, 0.36, 0.39, 0.33, 0, 0, 1, 0.29, 0.98, 0.68, 0.29, 0.98, 0.98, 0.29, 0.29, 0.31, 0.92, 0.31, 0.92, 0.04, 0.5, 99, 99, 99]
--- num:  29
list:  [0.56, 0.56, 1, 1, 0.97, 0.97, 0.16199999999999998, 0.16199999999999998, 0.48, 0.48, 0.07, 0.66, 0, 0, 1, 0.28, 0.98, 0.67, 0.28, 0.98, 0.98, 0.28, 0.28, 0.31, 0.92, 0.31, 0.92, 0.03, 0.47, 99, 99, 99]
--- num:  29
list:  [0.56, 0.56, 1, 1, 0.97, 0.97, 0.16199999999999998, 0.16199999999999998, 0.53, 0.53, 0.06, 0.67, 0, 0, 1, 0.28, 0.98, 0.67, 0.3, 0.98, 0.98, 0.3, 0.3, 0.37, 0.81, 0.36, 0.82, 0.04, 0.35, 99, 99, 99]
--- num:  29
list:  [0.56, 0.56, 1, 1, 0.98, 0.98, 0.16199999999999998, 0.16199999999999998, 0.52, 0.52, 0.08, 0.65, 0, 0, 1, 0.27, 0.98, 0.67, 0.3, 0.98, 0.98, 0.3, 0.3, 0.44, 0.65, 0.43, 0.67, 0.04, 0.32, 99, 99, 99]
--- num:  29
list:  [0.56, 0.56, 1, 1, 0.98, 0.98, 0.16199999999999998, 0.16199999999999998, 0.46, 0.46, 0.12, 0.61, 0, 0, 1, 0.26, 0.98, 0.66, 0.3, 0.98, 0.98, 0.3, 0.3, 0.52, 0.5, 0.52, 0.52, 0.04, 0.32, 99, 99, 99]
--- num:  29
list:  [0.56, 0.56, 1, 1, 0.98, 0.98, 0.4769338774681091, 0.47594995379447935, 0.33, 0.33, 0.52, 0.2, 0, 0, 1, 0.26, 0.975, 0.66, 0.31, 0.97, 0.98, 0.31, 0.31, 0.54, 0.48, 0.53, 0.49, 0.04, 0.33, 99, 99, 99]
--- num:  29
list:  [0.34, 0.34, 0.57, 0.57, 1, 1, 0.16199999999999998, 0.16199999999999998, 0.5, 0.5, 0.52, 0.2, 0.015000000000000013, 0, 1, 0.25, 0.975, 0.65, 0.28, 0.97, 0.98, 0.28, 0.28, 0.56, 0.45, 0.55, 0.46, 0.04, 0.35, 99, 99, 99]
--- num:  29
list:  [0.36, 0.36, 0.6, 0.6, 1, 1, 0.16199999999999998, 0.16199999999999998, 0.5, 0.5, 0.47, 0.25, 0.02999999999999986, 0, 1, 0.24, 0.98, 0.64, 0.28, 0.98, 0.98, 0.28, 0.28, 0.57, 0.44, 0.55, 0.45, 0.03, 0.37, 99, 99, 99]
--- num:  29
list:  [0.36, 0.36, 0.61, 0.61, 1, 1, 0.16199999999999998, 0.16199999999999998, 0.5, 0.5, 0.44, 0.28, 0.04499999999999987, 0.015000000000000013, 1, 0.23, 0.985, 0.64, 0.27, 0.98, 0.99, 0.27, 0.27, 0.58, 0.44, 0.56, 0.44, 0.03, 0.41, 99, 99, 99]
--- num:  29
list:  [0.4, 0.4, 0.7, 0.7, 1, 1, 0.16199999999999998, 0.16199999999999998, 0.48, 0.48, 0.41, 0.31, 0.015000000000000013, 0, 1, 0.23, 0.99, 0.63, 0.27, 0.99, 0.99, 0.27, 0.27, 0.56, 0.45, 0.55, 0.45, 0.02, 0.43, 99, 99, 99]
--- num:  29
list:  [0.42, 0.42, 0.76, 0.76, 1, 1, 0.16199999999999998, 0.16199999999999998, 0.47, 0.47, 0.38, 0.34, 0, 0, 1, 0.23, 0.99, 0.63, 0.26, 0.99, 0.99, 0.26, 0.26, 0.55, 0.45, 0.54, 0.46, 0.02, 0.45, 99, 99, 99]
--- num:  29
list:  [0.43, 0.43, 0.76, 0.76, 1, 1, 0.16199999999999998, 0.16199999999999998, 0.47, 0.47, 0.37, 0.35, 0, 0, 1, 0.22, 0.99, 0.63, 0.26, 0.99, 0.99, 0.26, 0.26, 0.55, 0.46, 0.54, 0.47, 0.02, 0.46, 99, 99, 99]
--- num:  29
list:  [0.43, 0.43, 0.76, 0.76, 1, 1, 0.16199999999999998, 0.16199999999999998, 0.47, 0.47, 0.35, 0.37, 0, 0, 1, 0.22, 0.99, 0.63, 0.26, 0.99, 0.99, 0.26, 0.26, 0.55, 0.45, 0.54, 0.46, 0.02, 0.48, 99, 99, 99]
--- num:  29
list:  [0.43, 0.43, 0.76, 0.76, 1, 1, 0.16199999999999998, 0.16199999999999998, 0.48, 0.48, 0.35, 0.37, 0, 0, 1, 0.22, 0.99, 0.63, 0.26, 0.99, 0.99, 0.26, 0.26, 0.55, 0.45, 0.54, 0.47, 0.02, 0.49, 99, 99, 99]
--- num:  29
list:  [0.44, 0.44, 0.78, 0.78, 1, 1, 0.16199999999999998, 0.16199999999999998, 0.48, 0.48, 0.35, 0.37, 0, 0, 1, 0.22, 0.99, 0.63, 0.26, 0.99, 0.99, 0.26, 0.26, 0.54, 0.47, 0.54, 0.48, 0.01, 0.5, 99, 99, 99]
--- num:  29
list:  [0.44, 0.44, 0.79, 0.79, 1, 1, 0.16199999999999998, 0.16199999999999998, 0.48, 0.48, 0.34, 0.38, 0, 0, 1, 0.22, 0.99, 0.63, 0.25, 0.99, 0.99, 0.25, 0.25, 0.54, 0.47, 0.54, 0.47, 0.01, 0.51, 99, 99, 99]
--- num:  29
list:  [0.44, 0.44, 0.78, 0.78, 1, 1, 0.16199999999999998, 0.16199999999999998, 0.48, 0.48, 0.33, 0.38, 0, 0, 1, 0.22, 0.99, 0.63, 0.25, 0.99, 0.99, 0.25, 0.25, 0.55, 0.46, 0.54, 0.47, 0.01, 0.51, 99, 99, 99]
--- num:  29
list:  [0.44, 0.44, 0.78, 0.78, 1, 1, 0.16199999999999998, 0.16199999999999998, 0.48, 0.48, 0.33, 0.39, 0, 0, 1, 0.22, 0.99, 0.63, 0.25, 0.99, 0.99, 0.25, 0.25, 0.55, 0.46, 0.54, 0.46, 0.01, 0.52, 99, 99, 99]
--- num:  29
