A0
A1
A2
A3
A4
A5
A6
A7
A8
A9
A10
A11
A12
A13
A14
A15
A16
A17
A18
A19
A20
A21
A22
A23
A24
A25
A26
A27
A28
--- [0.87, 0.67, 1.0, 1.0, 0.24, 0.24, 0.05, 0.13, 0.51, 0.54, 0.4, 0.38, 0.0, -0.0, 1.0, 0.21, 0.75, 0.6, 0.49, 0.8, 0.75, 0.46, 0.86, 0.55, 0.43, 0.55, 0.45, 0.0, 0.5, 99, 99, 99]
into servo loop...
start test new
list:  [0.45, 0.45, 0.8, 0.8, 1, 1, 0.16199999999999998, 0.16199999999999998, 0.4, 0.4, 0.33, 0.39, 0.04499999999999987, 0.02999999999999986, 1, 0.22, 0.99, 0.63, 0.26, 0.99, 0.99, 0.26, 0.26, 0.58, 0.44, 0.57, 0.44, 0.01, 0.54, 99, 99, 99]
--- num:  29
list:  [0.43, 0.43, 0.76, 0.76, 1, 1, 0.16199999999999998, 0.16199999999999998, 0.36, 0.36, 0.34, 0.38, 0.02999999999999986, 0.02999999999999986, 1, 0.24, 0.98, 0.65, 0.27, 0.99, 0.97, 0.27, 0.27, 0.57, 0.44, 0.57, 0.44, 0.02, 0.54, 99, 99, 99]
--- num:  29
list:  [0.44, 0.44, 0.79, 0.79, 1, 1, 0.16199999999999998, 0.16199999999999998, 0.4, 0.4, 0.34, 0.37, 0.05999999999999989, 0.04499999999999987, 1, 0.23, 0.985, 0.64, 0.27, 0.99, 0.98, 0.27, 0.27, 0.59, 0.43, 0.58, 0.44, 0.02, 0.51, 99, 99, 99]
--- num:  29
list:  [0.44, 0.44, 0.79, 0.79, 1, 1, 0.16199999999999998, 0.16199999999999998, 0.4, 0.4, 0.35, 0.36, 0.05999999999999989, 0.04499999999999987, 1, 0.23, 0.985, 0.63, 0.27, 0.99, 0.98, 0.27, 0.27, 0.59, 0.43, 0.58, 0.44, 0.02, 0.51, 99, 99, 99]
--- num:  29
list:  [0.45, 0.45, 0.81, 0.81, 1, 1, 0.16199999999999998, 0.16199999999999998, 0.38, 0.38, 0.38, 0.33, 0.04499999999999987, 0.02999999999999986, 1, 0.23, 0.985, 0.63, 0.26, 0.99, 0.98, 0.26, 0.26, 0.58, 0.44, 0.57, 0.44, 0.02, 0.51, 99, 99, 99]
--- num:  29
list:  [0.45, 0.45, 0.82, 0.82, 1, 1, 0.16199999999999998, 0.16199999999999998, 0.35, 0.35, 0.41, 0.31, 0.05999999999999989, 0.04499999999999987, 1, 0.22, 0.98, 0.63, 0.26, 0.98, 0.98, 0.26, 0.26, 0.59, 0.43, 0.58, 0.44, 0.01, 0.5, 99, 99, 99]
--- num:  29
list:  [0.45, 0.45, 0.81, 0.81, 1, 1, 0.48775301456451414, 0.486744384765625, 0.19, 0.19, 0.41, 0.32, 0.0749999999999999, 0.0749999999999999, 1, 0.23, 0.97, 0.63, 0.27, 0.97, 0.97, 0.27, 0.27, 0.6, 0.43, 0.6, 0.43, 0.01, 0.5, 99, 99, 99]
--- num:  29
list:  [0.42, 0.42, 0.74, 0.74, 1, 1, 0.27962262511253355, 0.27939636588096617, 0.25, 0.25, 0.39, 0.33, 0.0749999999999999, 0.08999999999999991, 1, 0.24, 0.95, 0.64, 0.27, 0.95, 0.95, 0.27, 0.27, 0.6, 0.43, 0.61, 0.42, 0.01, 0.49, 99, 99, 99]
--- num:  29
list:  [0.45, 0.45, 0.8, 0.8, 1, 1, 0.16199999999999998, 0.16199999999999998, 0.36, 0.36, 0.36, 0.36, 0.05999999999999989, 0.05999999999999989, 1, 0.24, 0.97, 0.64, 0.27, 0.97, 0.97, 0.27, 0.27, 0.59, 0.43, 0.59, 0.43, 0.01, 0.49, 99, 99, 99]
--- num:  29
list:  [0.41, 0.41, 0.72, 0.72, 1, 1, 0.16199999999999998, 0.16199999999999998, 0.42, 0.42, 0.33, 0.39, 0.0749999999999999, 0.04499999999999987, 1, 0.23, 0.98, 0.64, 0.26, 0.98, 0.98, 0.26, 0.26, 0.6, 0.43, 0.58, 0.44, 0.01, 0.5, 99, 99, 99]
--- num:  29
list:  [0.41, 0.41, 0.73, 0.73, 1, 1, 0.16199999999999998, 0.16199999999999998, 0.49, 0.49, 0.31, 0.41, 0, 0, 1, 0.23, 0.98, 0.63, 0.27, 0.98, 0.98, 0.27, 0.27, 0.5, 0.55, 0.48, 0.59, 0.01, 0.49, 99, 99, 99]
--- num:  29
list:  [0.56, 0.56, 1, 1, 0.98, 0.98, 0.9615492033958435, 0.9615114736557007, 0.36, 0.36, 0.35, 0.37, 0, 0, 1, 0.23, 0.97, 0.64, 0.28, 0.97, 0.97, 0.28, 0.28, 0.51, 0.53, 0.51, 0.53, 0.02, 0.53, 99, 99, 99]
--- num:  29
list:  [0.56, 0.56, 1, 1, 0.97, 0.97, 0.9670714545249939, 0.9670546460151672, 0.36, 0.36, 0.36, 0.37, 0, 0, 1, 0.24, 0.96, 0.64, 0.28, 0.96, 0.96, 0.28, 0.28, 0.52, 0.5, 0.53, 0.49, 0.02, 0.55, 99, 99, 99]
--- num:  29
list:  [0.56, 0.56, 1, 1, 0.97, 0.97, 0.6937022614479065, 0.6895475792884826, 0.21, 0.21, 0.34, 0.38, 0, 0, 1, 0.24, 0.955, 0.65, 0.29, 0.95, 0.96, 0.29, 0.29, 0.48, 0.58, 0.49, 0.56, 0.02, 0.56, 99, 99, 99]
--- num:  29
list:  [0.56, 0.56, 1, 1, 0.98, 0.98, 0.48437545776367186, 0.4853674578666687, 0.26, 0.26, 0.35, 0.36, 0, 0, 1, 0.25, 0.955, 0.65, 0.31, 0.95, 0.96, 0.31, 0.31, 0.53, 0.5, 0.54, 0.47, 0.03, 0.54, 99, 99, 99]
--- num:  29
list:  [0.56, 0.56, 1, 1, 0.98, 0.98, 0.5008860039710998, 0.500090639591217, 0.27, 0.27, 0.35, 0.37, 0, 0, 1, 0.25, 0.96, 0.65, 0.31, 0.96, 0.96, 0.31, 0.31, 0.51, 0.53, 0.52, 0.51, 0.03, 0.53, 99, 99, 99]
--- num:  29
list:  [0.56, 0.56, 1, 1, 0.98, 0.98, 0.6281800675392151, 0.6234631943702698, 0.24, 0.24, 0.35, 0.37, 0, 0, 1, 0.25, 0.96, 0.65, 0.31, 0.96, 0.96, 0.31, 0.31, 0.47, 0.6, 0.49, 0.57, 0.03, 0.53, 99, 99, 99]
--- num:  29
list:  [0.56, 0.56, 1, 1, 0.98, 0.98, 0.5446392107009888, 0.544324140548706, 0.24, 0.24, 0.35, 0.37, 0, 0, 1, 0.25, 0.96, 0.65, 0.3, 0.96, 0.96, 0.3, 0.3, 0.44, 0.67, 0.45, 0.64, 0.02, 0.54, 99, 99, 99]
--- num:  29
list:  [0.56, 0.56, 1, 1, 0.97, 0.97, 0.9753426718711853, 0.9753022599220276, 0.39, 0.39, 0.34, 0.38, 0, 0, 1, 0.26, 0.96, 0.66, 0.29, 0.96, 0.96, 0.29, 0.29, 0.31, 0.92, 0.31, 0.92, 0.02, 0.66, 99, 99, 99]
--- num:  29
list:  [0.56, 0.56, 1, 1, 0.97, 0.97, 0.9640384125709534, 0.9640297102928161, 0.4, 0.4, 0.35, 0.37, 0, 0, 1, 0.29, 0.96, 0.68, 0.29, 0.96, 0.96, 0.29, 0.29, 0.31, 0.92, 0.31, 0.92, 0.03, 0.68, 99, 99, 99]
--- num:  29
list:  [0.56, 0.56, 1, 1, 0.98, 0.98, 0.4993333625793457, 0.49876986026763914, 0.28, 0.28, 0.36, 0.36, 0, 0, 1, 0.34, 0.97, 0.72, 0.29, 0.97, 0.97, 0.29, 0.29, 0.31, 0.92, 0.31, 0.92, 0.04, 0.69, 99, 99, 99]
--- num:  29
list:  [0.4, 0.4, 0.69, 0.69, 1, 1, 0.20314170002937315, 0.20273288667201994, 0.38, 0.38, 0.37, 0.34, 0, 0, 1, 0.35, 0.98, 0.72, 0.29, 0.98, 0.98, 0.29, 0.29, 0.31, 0.92, 0.31, 0.92, 0.05, 0.65, 99, 99, 99]
--- num:  29
list:  [0.4, 0.4, 0.7, 0.7, 1, 1, 0.3903947281837463, 0.3897745418548584, 0.33, 0.33, 0.38, 0.33, 0, 0, 1, 0.36, 0.98, 0.73, 0.29, 0.98, 0.98, 0.29, 0.29, 0.31, 0.92, 0.31, 0.92, 0.05, 0.61, 99, 99, 99]
--- num:  29
list:  [0.42, 0.42, 0.74, 0.74, 1, 1, 0.9556054878234863, 0.9555973815917969, 0.38, 0.38, 0.4, 0.32, 0, 0, 1, 0.37, 0.98, 0.74, 0.29, 0.98, 0.98, 0.29, 0.29, 0.31, 0.92, 0.31, 0.92, 0.05, 0.6, 99, 99, 99]
--- num:  29
list:  [0.36, 0.36, 0.61, 0.61, 1, 1, 0.44396484971046446, 0.4431761312484741, 0.25, 0.25, 0.22, 0.5, 0, 0, 1, 0.37, 0.98, 0.74, 0.29, 0.98, 0.98, 0.29, 0.29, 0.31, 0.92, 0.31, 0.92, 0.04, 0.54, 99, 99, 99]
--- num:  29
list:  [0.37, 0.37, 0.62, 0.62, 1, 1, 0.3001300799846649, 0.29981679797172545, 0.3, 0.3, 0.21, 0.51, 0, 0, 1, 0.36, 0.99, 0.73, 0.29, 0.99, 0.99, 0.29, 0.29, 0.31, 0.92, 0.31, 0.92, 0.04, 0.49, 99, 99, 99]
--- num:  29
list:  [0.37, 0.37, 0.62, 0.62, 1, 1, 0.16199999999999998, 0.16199999999999998, 0.46, 0.46, 0.47, 0.25, 0, 0, 1, 0.36, 0.99, 0.73, 0.29, 0.99, 0.99, 0.29, 0.29, 0.31, 0.92, 0.31, 0.92, 0.04, 0.49, 99, 99, 99]
--- num:  29
list:  [0.37, 0.37, 0.62, 0.62, 1, 1, 0.16199999999999998, 0.16199999999999998, 0.49, 0.49, 0.45, 0.27, 0, 0, 1, 0.36, 0.99, 0.74, 0.29, 0.99, 0.99, 0.29, 0.29, 0.31, 0.92, 0.31, 0.92, 0.05, 0.51, 99, 99, 99]
--- num:  29
list:  [0.37, 0.37, 0.62, 0.62, 1, 1, 0.16199999999999998, 0.16199999999999998, 0.62, 0.62, 0.72, 0.01, 0, 0, 1, 0.37, 0.99, 0.74, 0.28, 0.99, 0.99, 0.28, 0.28, 0.31, 0.92, 0.31, 0.92, 0.05, 0.55, 99, 99, 99]
--- num:  29
list:  [0.37, 0.37, 0.63, 0.63, 1, 1, 0.16199999999999998, 0.16199999999999998, 0.64, 0.64, 0.68, 0.05, 0, 0, 1, 0.38, 0.99, 0.75, 0.28, 0.99, 0.99, 0.28, 0.28, 0.31, 0.92, 0.31, 0.92, 0.06, 0.87, 99, 99, 99]
--- num:  29
list:  [0.4, 0.4, 0.69, 0.69, 1, 1, 0.16199999999999998, 0.16199999999999998, 0.51, 0.51, 0.57, 0.15, 0, 0, 1, 0.38, 0.99, 0.75, 0.28, 0.99, 0.99, 0.28, 0.28, 0.31, 0.92, 0.31, 0.92, 0.07, 0.92, 99, 99, 99]
--- num:  29
list:  [0.56, 0.56, 1, 1, 0.98, 0.98, 0.9508147048950195, 0.9507882404327392, 0.4, 0.4, 0.35, 0.37, 0, 0, 1, 0.36, 0.99, 0.73, 0.28, 0.99, 0.99, 0.28, 0.28, 0.31, 0.92, 0.31, 0.92, 0.06, 0.81, 99, 99, 99]
--- num:  29
list:  [0.56, 0.56, 1, 1, 0.98, 0.98, 0.6549958395957947, 0.6526729273796081, 0.23, 0.23, 0.35, 0.37, 0, 0, 1, 0.35, 0.99, 0.72, 0.28, 0.99, 0.99, 0.28, 0.28, 0.31, 0.92, 0.31, 0.92, 0.04, 0.79, 99, 99, 99]
--- num:  29
list:  [0.42, 0.42, 0.74, 0.74, 1, 1, 0.528244297504425, 0.5273522543907165, 0.27, 0.27, 0.34, 0.38, 0, 0, 1, 0.35, 0.99, 0.73, 0.28, 0.99, 0.99, 0.28, 0.28, 0.31, 0.92, 0.31, 0.92, 0.04, 0.85, 99, 99, 99]
--- num:  29
list:  [0.39, 0.39, 0.68, 0.68, 1, 1, 0.7636759686470032, 0.760806839466095, 0.22, 0.22, 0.32, 0.4, 0, 0, 1, 0.35, 0.985, 0.72, 0.28, 0.98, 0.99, 0.28, 0.28, 0.31, 0.92, 0.31, 0.92, 0.04, 1, 99, 99, 99]
--- num:  29
list:  [0.36, 0.36, 0.62, 0.62, 1, 1, 0.8829203057289123, 0.8831431078910827, 0.31, 0.31, 0.31, 0.41, 0, 0, 1, 0.33, 0.98, 0.71, 0.28, 0.98, 0.98, 0.28, 0.28, 0.31, 0.92, 0.31, 0.92, 0.04, 1, 99, 99, 99]
--- num:  29
list:  [0.27, 0.27, 0.39, 0.39, 1, 1, 0.8807994532585144, 0.8790665078163147, 0.31, 0.31, 0.3, 0.42, 0, 0, 1, 0.31, 0.98, 0.69, 0.28, 0.98, 0.98, 0.28, 0.28, 0.31, 0.91, 0.35, 0.84, 0.04, 0.83, 99, 99, 99]
--- num:  29
list:  [0.55, 0.55, 1, 1, 0.98, 0.98, 0.8659420418739319, 0.8637679028511047, 0.31, 0.31, 0.29, 0.43, 0, 0, 1, 0.3, 0.97, 0.69, 0.28, 0.97, 0.97, 0.28, 0.28, 0.36, 0.82, 0.4, 0.75, 0.03, 0.76, 99, 99, 99]
--- num:  29
list:  [0.2, 0.2, 0.24, 0.24, 1, 1, 0.8644991326332092, 0.8631831216812134, 0.33, 0.33, 0.28, 0.44, 0, 0, 1, 0.3, 0.97, 0.69, 0.28, 0.97, 0.97, 0.28, 0.28, 0.4, 0.75, 0.43, 0.69, 0.03, 0.76, 99, 99, 99]
--- num:  29
list:  [0.21, 0.21, 0.27, 0.27, 1, 1, 0.8608763027191162, 0.8582426714897156, 0.32, 0.32, 0.29, 0.43, 0, 0, 1, 0.3, 0.965, 0.69, 0.28, 0.96, 0.97, 0.28, 0.28, 0.41, 0.72, 0.45, 0.65, 0.03, 0.75, 99, 99, 99]
--- num:  29
list:  [0.56, 0.56, 1, 1, 0.98, 0.98, 0.9427620577812195, 0.9427583026885986, 0.44, 0.44, 0.34, 0.38, 0, 0, 1, 0.29, 0.96, 0.68, 0.28, 0.96, 0.96, 0.28, 0.28, 0.4, 0.74, 0.44, 0.67, 0.03, 0.73, 99, 99, 99]
--- num:  29
list:  [0.56, 0.56, 1, 1, 0.98, 0.98, 0.9480319428443909, 0.9480284857749939, 0.44, 0.44, 0.33, 0.39, 0, 0, 1, 0.29, 0.96, 0.68, 0.28, 0.96, 0.96, 0.28, 0.28, 0.36, 0.81, 0.39, 0.75, 0.03, 0.73, 99, 99, 99]
--- num:  29
list:  [0.3, 0.3, 0.46, 0.46, 1, 1, 0.16199999999999998, 0.16199999999999998, 0.42, 0.42, 0.34, 0.37, 0, 0, 1, 0.29, 0.97, 0.68, 0.28, 0.97, 0.97, 0.28, 0.28, 0.31, 0.92, 0.31, 0.92, 0.03, 0.72, 99, 99, 99]
--- num:  29
list:  [0.31, 0.31, 0.48, 0.48, 1, 1, 0.16199999999999998, 0.16199999999999998, 0.47, 0.47, 0.34, 0.37, 0, 0, 1, 0.3, 0.97, 0.68, 0.28, 0.97, 0.97, 0.28, 0.28, 0.31, 0.92, 0.31, 0.92, 0.04, 0.71, 99, 99, 99]
--- num:  29
list:  [0.32, 0.32, 0.51, 0.51, 1, 1, 0.16199999999999998, 0.16199999999999998, 0.47, 0.47, 0.34, 0.37, 0, 0, 1, 0.3, 0.98, 0.69, 0.28, 0.98, 0.98, 0.28, 0.28, 0.31, 0.92, 0.31, 0.92, 0.04, 0.7, 99, 99, 99]
--- num:  29
list:  [0.56, 0.56, 1, 1, 0.98, 0.98, 0.961840193271637, 0.9618235635757446, 0.45, 0.45, 0.34, 0.38, 0, 0, 1, 0.3, 0.98, 0.69, 0.29, 0.98, 0.98, 0.29, 0.29, 0.36, 0.83, 0.38, 0.77, 0.04, 0.7, 99, 99, 99]
--- num:  29
list:  [0.56, 0.56, 1, 1, 0.98, 0.98, 0.9173562932014465, 0.9170699524879455, 0.4, 0.4, 0.35, 0.37, 0, 0, 1, 0.29, 0.97, 0.68, 0.29, 0.97, 0.97, 0.29, 0.29, 0.34, 0.86, 0.37, 0.81, 0.04, 0.68, 99, 99, 99]
--- num:  29
list:  [0.56, 0.56, 1, 1, 0.98, 0.98, 0.4249305236339569, 0.424941371679306, 0.31, 0.31, 0.3, 0.42, 0, 0, 1, 0.29, 0.975, 0.68, 0.29, 0.97, 0.98, 0.29, 0.29, 0.31, 0.92, 0.31, 0.91, 0.04, 0.67, 99, 99, 99]
--- num:  29
list:  [0.33, 0.33, 0.53, 0.53, 1, 1, 0.3750410485267639, 0.37474901556968687, 0.32, 0.32, 0.27, 0.45, 0, 0, 1, 0.3, 0.98, 0.68, 0.29, 0.98, 0.98, 0.29, 0.29, 0.31, 0.92, 0.31, 0.92, 0.04, 0.67, 99, 99, 99]
--- num:  29
list:  [0.33, 0.33, 0.53, 0.53, 1, 1, 0.33166889429092405, 0.33110896825790403, 0.33, 0.33, 0.25, 0.47, 0, 0, 1, 0.3, 0.98, 0.68, 0.28, 0.98, 0.98, 0.28, 0.28, 0.31, 0.92, 0.31, 0.92, 0.04, 0.68, 99, 99, 99]
--- num:  29
list:  [0.34, 0.34, 0.56, 0.56, 1, 1, 0.3312385785579681, 0.33075989365577696, 0.33, 0.33, 0.27, 0.45, 0, 0, 1, 0.3, 0.98, 0.69, 0.28, 0.98, 0.98, 0.28, 0.28, 0.31, 0.92, 0.31, 0.92, 0.04, 0.7, 99, 99, 99]
--- num:  29
list:  [0.34, 0.34, 0.55, 0.55, 1, 1, 0.3216151702404022, 0.3211191701889038, 0.34, 0.34, 0.27, 0.45, 0, 0, 1, 0.29, 0.98, 0.68, 0.28, 0.98, 0.98, 0.28, 0.28, 0.31, 0.92, 0.31, 0.92, 0.04, 0.7, 99, 99, 99]
--- num:  29
list:  [0.34, 0.34, 0.55, 0.55, 1, 1, 0.32845390915870665, 0.3279555249214172, 0.33, 0.33, 0.27, 0.45, 0, 0, 1, 0.3, 0.98, 0.69, 0.28, 0.98, 0.98, 0.28, 0.28, 0.31, 0.92, 0.31, 0.92, 0.04, 0.7, 99, 99, 99]
--- num:  29
list:  [0.34, 0.34, 0.55, 0.55, 1, 1, 0.3251956808567047, 0.32440886974334715, 0.33, 0.33, 0.25, 0.47, 0, 0, 1, 0.3, 0.98, 0.69, 0.28, 0.98, 0.98, 0.28, 0.28, 0.31, 0.92, 0.31, 0.92, 0.04, 0.85, 99, 99, 99]
--- num:  29
list:  [0.56, 0.56, 1, 1, 0.98, 0.98, 0.9685342121124267, 0.9686653423309326, 0.42, 0.42, 0.33, 0.39, 0, 0, 1, 0.3, 0.98, 0.69, 0.28, 0.98, 0.98, 0.28, 0.28, 0.31, 0.92, 0.31, 0.92, 0.04, 0.97, 99, 99, 99]
--- num:  29
list:  [0.56, 0.56, 1, 1, 0.98, 0.98, 0.9617380905151367, 0.9616981554031372, 0.43, 0.43, 0.33, 0.39, 0, 0, 1, 0.3, 0.98, 0.69, 0.28, 0.98, 0.98, 0.28, 0.28, 0.31, 0.92, 0.31, 0.92, 0.04, 0.97, 99, 99, 99]
--- num:  29
list:  [0.56, 0.56, 1, 1, 0.97, 0.97, 0.9576824116706848, 0.9576408076286316, 0.43, 0.43, 0.33, 0.39, 0, 0, 1, 0.3, 0.98, 0.69, 0.28, 0.98, 0.98, 0.28, 0.28, 0.31, 0.92, 0.31, 0.92, 0.04, 1, 99, 99, 99]
--- num:  29
list:  [0.56, 0.56, 1, 1, 0.97, 0.97, 0.9558199453353882, 0.9557817983627319, 0.42, 0.42, 0.33, 0.39, 0, 0, 1, 0.3, 0.98, 0.69, 0.28, 0.98, 0.98, 0.28, 0.28, 0.31, 0.92, 0.31, 0.92, 0.04, 0.93, 99, 99, 99]
--- num:  29
list:  [0.56, 0.56, 1, 1, 0.97, 0.97, 0.9375933814048767, 0.9373253989219665, 0.38, 0.38, 0.33, 0.39, 0, 0, 1, 0.3, 0.98, 0.69, 0.28, 0.98, 0.98, 0.28, 0.28, 0.31, 0.92, 0.31, 0.92, 0.04, 1, 99, 99, 99]
--- num:  29
list:  [0.4, 0.4, 0.7, 0.7, 1, 1, 0.4322079527378082, 0.429374258518219, 0.29, 0.29, 0.36, 0.36, 0, 0, 1, 0.31, 0.98, 0.7, 0.28, 0.98, 0.98, 0.28, 0.28, 0.31, 0.92, 0.31, 0.92, 0.04, 1, 99, 99, 99]
--- num:  29
list:  [0.39, 0.39, 0.68, 0.68, 1, 1, 0.6245807218551636, 0.6077190446853638, 0.29, 0.29, 0.38, 0.34, 0, 0, 1, 0.31, 0.98, 0.7, 0.28, 0.98, 0.98, 0.28, 0.28, 0.31, 0.92, 0.31, 0.92, 0.04, 1, 99, 99, 99]
--- num:  29
list:  [0.56, 0.56, 1, 1, 0.98, 0.98, 0.9204934048652649, 0.9190426874160766, 0.36, 0.36, 0.3, 0.42, 0, 0, 1, 0.31, 0.98, 0.7, 0.28, 0.98, 0.98, 0.28, 0.28, 0.31, 0.92, 0.31, 0.92, 0.04, 1, 99, 99, 99]
--- num:  29
list:  [0.55, 0.55, 1, 1, 0.98, 0.98, 0.4222548413276672, 0.41739178776741026, 0.3, 0.3, 0.43, 0.29, 0, 0, 1, 0.32, 0.98, 0.7, 0.28, 0.98, 0.98, 0.28, 0.28, 0.31, 0.92, 0.31, 0.92, 0.04, 1, 99, 99, 99]
--- num:  29
list:  [0.39, 0.39, 0.67, 0.67, 1, 1, 0.30771667838096617, 0.3037803280353546, 0.33, 0.33, 0.46, 0.26, 0, 0, 1, 0.32, 0.98, 0.7, 0.28, 0.98, 0.98, 0.28, 0.28, 0.31, 0.92, 0.31, 0.92, 0.04, 1, 99, 99, 99]
--- num:  29
list:  [0.39, 0.39, 0.67, 0.67, 1, 1, 0.2901004958152771, 0.28664214491844175, 0.31, 0.31, 0.49, 0.24, 0, 0, 1, 0.31, 0.98, 0.7, 0.28, 0.98, 0.98, 0.28, 0.28, 0.31, 0.92, 0.31, 0.92, 0.05, 1, 99, 99, 99]
--- num:  29
list:  [0.39, 0.39, 0.68, 0.68, 1, 1, 0.2719355034828186, 0.2680457043647766, 0.32, 0.32, 0.56, 0.17, 0, 0, 1, 0.31, 0.985, 0.69, 0.28, 0.98, 0.99, 0.28, 0.28, 0.31, 0.92, 0.31, 0.92, 0.05, 1, 99, 99, 99]
--- num:  29
list:  [0.41, 0.41, 0.71, 0.71, 1, 1, 0.249881933927536, 0.2466383385658264, 0.32, 0.32, 0.56, 0.17, 0, 0, 1, 0.31, 0.985, 0.69, 0.28, 0.98, 0.99, 0.28, 0.28, 0.31, 0.92, 0.31, 0.92, 0.05, 1, 99, 99, 99]
--- num:  29
list:  [0.41, 0.41, 0.73, 0.73, 1, 1, 0.23648632645606993, 0.2333040940761566, 0.33, 0.33, 0.54, 0.19, 0, 0, 1, 0.3, 0.985, 0.69, 0.27, 0.98, 0.99, 0.27, 0.27, 0.31, 0.92, 0.31, 0.92, 0.05, 1, 99, 99, 99]
--- num:  29
list:  [0.42, 0.42, 0.74, 0.74, 1, 1, 0.30319653034210203, 0.3003586637973785, 0.32, 0.32, 0.49, 0.23, 0, 0, 1, 0.3, 0.99, 0.69, 0.27, 0.99, 0.99, 0.27, 0.27, 0.31, 0.92, 0.31, 0.92, 0.05, 1, 99, 99, 99]
--- num:  29
list:  [0.56, 0.56, 1, 1, 0.98, 0.98, 0.8688715505599975, 0.8653926062583923, 0.32, 0.32, 0.26, 0.47, 0, 0, 1, 0.31, 0.985, 0.69, 0.27, 0.98, 0.99, 0.27, 0.27, 0.31, 0.92, 0.31, 0.92, 0.04, 1, 99, 99, 99]
--- num:  29
list:  [0.56, 0.56, 1, 1, 0.98, 0.98, 0.3393635559082031, 0.33626441240310667, 0.29, 0.29, 0.58, 0.15, 0, 0, 1, 0.3, 0.985, 0.69, 0.27, 0.98, 0.99, 0.27, 0.27, 0.31, 0.92, 0.31, 0.92, 0.04, 1, 99, 99, 99]
--- num:  29
list:  [0.43, 0.43, 0.76, 0.76, 1, 1, 0.25248743176460264, 0.250399808883667, 0.32, 0.32, 0.57, 0.15, 0, 0, 1, 0.3, 0.99, 0.69, 0.27, 0.99, 0.99, 0.27, 0.27, 0.31, 0.92, 0.31, 0.92, 0.04, 1, 99, 99, 99]
--- num:  29
list:  [0.43, 0.43, 0.77, 0.77, 1, 1, 0.21214952647686003, 0.21052801191806791, 0.3, 0.3, 0.63, 0.1, 0, 0, 1, 0.3, 0.99, 0.68, 0.27, 0.99, 0.99, 0.27, 0.27, 0.31, 0.92, 0.31, 0.92, 0.04, 1, 99, 99, 99]
--- num:  29
list:  [0.45, 0.45, 0.81, 0.81, 1, 1, 0.2079500365257263, 0.20743479907512663, 0.3, 0.3, 0.62, 0.11, 0, 0, 1, 0.29, 0.99, 0.68, 0.27, 0.99, 0.99, 0.27, 0.27, 0.31, 0.92, 0.31, 0.92, 0.05, 1, 99, 99, 99]
--- num:  29
list:  [0.45, 0.45, 0.81, 0.81, 1, 1, 0.1908471095561981, 0.19021509170532225, 0.31, 0.31, 0.62, 0.11, 0, 0, 1, 0.28, 0.99, 0.67, 0.27, 0.99, 0.99, 0.27, 0.27, 0.31, 0.92, 0.31, 0.92, 0.05, 1, 99, 99, 99]
--- num:  29
list:  [0.44, 0.44, 0.8, 0.8, 1, 1, 0.19097393333911894, 0.190562989115715, 0.31, 0.31, 0.62, 0.11, 0, 0, 1, 0.27, 0.99, 0.66, 0.27, 0.99, 0.99, 0.27, 0.27, 0.31, 0.92, 0.31, 0.92, 0.05, 1, 99, 99, 99]
--- num:  29
list:  [0.45, 0.45, 0.8, 0.8, 1, 1, 0.19339660882949827, 0.19315225958824156, 0.3, 0.3, 0.63, 0.1, 0, 0, 1, 0.27, 0.99, 0.66, 0.27, 0.99, 0.99, 0.27, 0.27, 0.31, 0.92, 0.31, 0.92, 0.06, 1, 99, 99, 99]
--- num:  29
list:  [0.45, 0.45, 0.81, 0.81, 1, 1, 0.18541915297508238, 0.18536151528358458, 0.31, 0.31, 0.63, 0.1, 0, 0, 1, 0.26, 0.99, 0.66, 0.27, 0.99, 0.99, 0.27, 0.27, 0.31, 0.92, 0.31, 0.92, 0.05, 1, 99, 99, 99]
--- num:  29
list:  [0.45, 0.45, 0.8, 0.8, 1, 1, 0.24871079206466673, 0.24350334286689757, 0.31, 0.31, 0.51, 0.22, 0, 0, 1, 0.27, 0.985, 0.66, 0.27, 0.98, 0.99, 0.27, 0.27, 0.31, 0.92, 0.31, 0.92, 0.05, 1, 99, 99, 99]
--- num:  29
list:  [0.56, 0.56, 1, 1, 0.98, 0.98, 0.9576036739349365, 0.9580791997909546, 0.39, 0.39, 0.27, 0.45, 0, 0, 1, 0.29, 0.98, 0.68, 0.28, 0.98, 0.98, 0.28, 0.28, 0.31, 0.92, 0.31, 0.92, 0.05, 1, 99, 99, 99]
--- num:  29
list:  [0.56, 0.56, 1, 1, 0.97, 0.97, 0.9569793748855591, 0.9574397015571594, 0.41, 0.41, 0.28, 0.44, 0, 0, 1, 0.3, 0.98, 0.69, 0.28, 0.98, 0.98, 0.28, 0.28, 0.31, 0.92, 0.31, 0.92, 0.05, 1, 99, 99, 99]
--- num:  29
list:  [0.56, 0.56, 1, 1, 0.97, 0.97, 0.9519547033309936, 0.9520170497894287, 0.41, 0.41, 0.29, 0.43, 0, 0, 1, 0.3, 0.98, 0.69, 0.29, 0.98, 0.98, 0.29, 0.29, 0.31, 0.92, 0.31, 0.92, 0.05, 0.99, 99, 99, 99]
--- num:  29
list:  [0.37, 0.37, 0.62, 0.62, 1, 1, 0.37771699905395506, 0.3770963358879089, 0.3, 0.3, 0.31, 0.41, 0, 0, 1, 0.3, 0.98, 0.69, 0.28, 0.98, 0.98, 0.28, 0.28, 0.31, 0.92, 0.31, 0.92, 0.04, 0.73, 99, 99, 99]
--- num:  29
list:  [0.36, 0.36, 0.61, 0.61, 1, 1, 0.18401157438755034, 0.18382235944271086, 0.38, 0.38, 0.25, 0.46, 0, 0, 1, 0.3, 0.98, 0.69, 0.28, 0.98, 0.98, 0.28, 0.28, 0.31, 0.92, 0.31, 0.92, 0.04, 0.54, 99, 99, 99]
--- num:  29
list:  [0.38, 0.38, 0.64, 0.64, 1, 1, 0.16199999999999998, 0.16199999999999998, 0.4, 0.4, 0.26, 0.45, 0, 0, 1, 0.3, 0.98, 0.69, 0.28, 0.98, 0.98, 0.28, 0.28, 0.31, 0.92, 0.31, 0.92, 0.04, 0.51, 99, 99, 99]
--- num:  29
list:  [0.4, 0.4, 0.69, 0.69, 1, 1, 0.16199999999999998, 0.16199999999999998, 0.39, 0.39, 0.27, 0.45, 0, 0, 1, 0.3, 0.98, 0.69, 0.28, 0.98, 0.98, 0.28, 0.28, 0.31, 0.92, 0.31, 0.92, 0.04, 0.47, 99, 99, 99]
--- num:  29
list:  [0.4, 0.4, 0.7, 0.7, 1, 1, 0.16199999999999998, 0.16199999999999998, 0.39, 0.39, 0.28, 0.44, 0, 0, 1, 0.3, 0.98, 0.69, 0.28, 0.98, 0.98, 0.28, 0.28, 0.31, 0.92, 0.31, 0.92, 0.04, 0.43, 99, 99, 99]
--- num:  29
list:  [0.41, 0.41, 0.72, 0.72, 1, 1, 0.16199999999999998, 0.16199999999999998, 0.4, 0.4, 0.27, 0.45, 0, 0, 1, 0.3, 0.98, 0.68, 0.28, 0.98, 0.98, 0.28, 0.28, 0.31, 0.92, 0.31, 0.92, 0.03, 0.38, 99, 99, 99]
--- num:  29
list:  [0.57, 0.57, 1, 1, 0.97, 0.97, 0.9570337343215942, 0.9570311713218689, 0.42, 0.42, 0.5, 0.22, 0, 0, 1, 0.31, 0.98, 0.7, 0.28, 0.98, 0.98, 0.28, 0.28, 0.31, 0.92, 0.31, 0.92, 0.03, 0.33, 99, 99, 99]
--- num:  29
list:  [0.56, 0.56, 1, 1, 0.97, 0.97, 0.16199999999999998, 0.16199999999999998, 0.38, 0.38, 0.14, 0.58, 0, 0, 1, 0.32, 0.98, 0.7, 0.28, 0.98, 0.98, 0.28, 0.28, 0.31, 0.92, 0.31, 0.92, 0.04, 0.24, 99, 99, 99]
--- num:  29
list:  [0.56, 0.56, 1, 1, 0.98, 0.98, 0.16199999999999998, 0.16199999999999998, 0.42, 0.42, 0.07, 0.66, 0, 0, 1, 0.31, 0.99, 0.7, 0.28, 0.99, 0.99, 0.28, 0.28, 0.31, 0.92, 0.31, 0.92, 0.04, 0.2, 99, 99, 99]
--- num:  29
list:  [0.56, 0.56, 1, 1, 0.98, 0.98, 0.16199999999999998, 0.16199999999999998, 0.42, 0.42, 0.12, 0.6, 0, 0, 1, 0.31, 0.99, 0.69, 0.28, 0.99, 0.99, 0.28, 0.28, 0.31, 0.92, 0.31, 0.92, 0.04, 0.18, 99, 99, 99]
--- num:  29
list:  [0.56, 0.56, 1, 1, 0.98, 0.98, 0.21611578345298765, 0.2155365306138992, 0.36, 0.36, 0.21, 0.51, 0, 0, 1, 0.29, 0.99, 0.68, 0.27, 0.99, 0.99, 0.27, 0.27, 0.31, 0.92, 0.31, 0.92, 0.03, 0.18, 99, 99, 99]
--- num:  29
list:  [0.56, 0.56, 1, 1, 0.98, 0.98, 0.9346830654144287, 0.9346434283256531, 0.36, 0.36, 0.49, 0.23, 0, 0, 1, 0.3, 0.98, 0.69, 0.27, 0.98, 0.98, 0.27, 0.27, 0.31, 0.92, 0.31, 0.92, 0.03, 0.3, 99, 99, 99]
--- num:  29
list:  [0.56, 0.56, 1, 1, 0.98, 0.98, 0.3290747809410095, 0.3283891785144806, 0.32, 0.32, 0.44, 0.27, 0, 0, 1, 0.3, 0.98, 0.69, 0.28, 0.98, 0.98, 0.28, 0.28, 0.31, 0.92, 0.31, 0.92, 0.03, 0.49, 99, 99, 99]
--- num:  29
list:  [0.56, 0.56, 1, 1, 0.98, 0.98, 0.2093460816144943, 0.20779655456542967, 0.34, 0.34, 0.41, 0.3, 0, 0, 1, 0.3, 0.98, 0.68, 0.28, 0.98, 0.98, 0.28, 0.28, 0.31, 0.92, 0.31, 0.92, 0.03, 0.69, 99, 99, 99]
--- num:  29
list:  [0.36, 0.36, 0.61, 0.61, 1, 1, 0.19353439986705778, 0.19000286936759947, 0.35, 0.35, 0.41, 0.31, 0, 0, 1, 0.29, 0.98, 0.68, 0.28, 0.98, 0.98, 0.28, 0.28, 0.31, 0.92, 0.31, 0.92, 0.03, 0.94, 99, 99, 99]
--- num:  29
list:  [0.36, 0.36, 0.6, 0.6, 1, 1, 0.16199999999999998, 0.16199999999999998, 0.37, 0.37, 0.43, 0.29, 0, 0, 1, 0.28, 0.98, 0.68, 0.28, 0.98, 0.98, 0.28, 0.28, 0.31, 0.92, 0.31, 0.92, 0.03, 0.99, 99, 99, 99]
--- num:  29
list:  [0.35, 0.35, 0.59, 0.59, 1, 1, 0.3200307297706604, 0.31497336506843565, 0.33, 0.33, 0.41, 0.31, 0, 0, 1, 0.28, 0.98, 0.68, 0.28, 0.98, 0.98, 0.28, 0.28, 0.31, 0.92, 0.31, 0.92, 0.04, 0.99, 99, 99, 99]
--- num:  29
list:  [0.37, 0.37, 0.63, 0.63, 1, 1, 0.8561836886405945, 0.8519961643218994, 0.33, 0.33, 0.29, 0.43, 0, 0, 1, 0.29, 0.98, 0.68, 0.28, 0.98, 0.98, 0.28, 0.28, 0.31, 0.92, 0.31, 0.92, 0.04, 0.99, 99, 99, 99]
--- num:  29
list:  [0.4, 0.4, 0.7, 0.7, 1, 1, 0.16199999999999998, 0.16199999999999998, 0.45, 0.45, 0.33, 0.39, 0, 0, 1, 0.29, 0.98, 0.68, 0.28, 0.98, 0.98, 0.28, 0.28, 0.31, 0.92, 0.31, 0.92, 0.04, 0.79, 99, 99, 99]
--- num:  29
list:  [0.39, 0.39, 0.67, 0.67, 1, 1, 0.16199999999999998, 0.16199999999999998, 0.46, 0.46, 0.38, 0.34, 0, 0, 1, 0.29, 0.98, 0.68, 0.28, 0.98, 0.98, 0.28, 0.28, 0.31, 0.92, 0.31, 0.92, 0.04, 0.61, 99, 99, 99]
--- num:  29
list:  [0.56, 0.56, 1, 1, 0.98, 0.98, 0.9703749227523804, 0.9703565049171448, 0.45, 0.45, 0.44, 0.28, 0, 0, 1, 0.29, 0.98, 0.68, 0.28, 0.98, 0.98, 0.28, 0.28, 0.31, 0.92, 0.31, 0.92, 0.04, 0.54, 99, 99, 99]
--- num:  29
list:  [0.56, 0.56, 1, 1, 0.98, 0.98, 0.28189308524131773, 0.28177193880081175, 0.34, 0.34, 0.37, 0.35, 0, 0, 1, 0.29, 0.98, 0.68, 0.28, 0.98, 0.98, 0.28, 0.28, 0.31, 0.92, 0.31, 0.92, 0.03, 0.39, 99, 99, 99]
--- num:  29
list:  [0.56, 0.56, 1, 1, 0.98, 0.98, 0.16199999999999998, 0.16199999999999998, 0.39, 0.39, 0.31, 0.4, 0, 0, 1, 0.29, 0.98, 0.68, 0.28, 0.98, 0.98, 0.28, 0.28, 0.31, 0.92, 0.31, 0.92, 0.03, 0.31, 99, 99, 99]
--- num:  29
list:  [0.56, 0.56, 1, 1, 0.98, 0.98, 0.47957963824272154, 0.47910759925842283, 0.29, 0.29, 0.42, 0.3, 0, 0, 1, 0.3, 0.98, 0.68, 0.28, 0.98, 0.98, 0.28, 0.28, 0.31, 0.92, 0.31, 0.92, 0.03, 0.29, 99, 99, 99]
--- num:  29
list:  [0.57, 0.57, 1, 1, 0.97, 0.97, 0.9694006848335266, 0.9694015192985534, 0.46, 0.46, 0.47, 0.25, 0, 0, 1, 0.3, 0.98, 0.69, 0.28, 0.98, 0.98, 0.28, 0.28, 0.31, 0.92, 0.31, 0.92, 0.03, 0.35, 99, 99, 99]
--- num:  29
list:  [0.57, 0.57, 1, 1, 0.97, 0.97, 0.9640477108955383, 0.964046459197998, 0.44, 0.44, 0.45, 0.27, 0, 0, 1, 0.3, 0.98, 0.69, 0.28, 0.98, 0.98, 0.28, 0.28, 0.31, 0.92, 0.31, 0.92, 0.03, 0.44, 99, 99, 99]
--- num:  29
list:  [0.57, 0.57, 1, 1, 0.97, 0.97, 0.9598210263252258, 0.95981858253479, 0.41, 0.41, 0.43, 0.29, 0, 0, 1, 0.3, 0.975, 0.69, 0.28, 0.97, 0.98, 0.28, 0.28, 0.31, 0.92, 0.31, 0.92, 0.03, 0.47, 99, 99, 99]
--- num:  29
list:  [0.57, 0.57, 1, 1, 0.97, 0.97, 0.9572670865058899, 0.9572629737854004, 0.39, 0.39, 0.41, 0.31, 0, 0, 1, 0.3, 0.97, 0.69, 0.28, 0.97, 0.97, 0.28, 0.28, 0.31, 0.92, 0.31, 0.92, 0.03, 0.5, 99, 99, 99]
--- num:  29
list:  [0.57, 0.57, 1, 1, 0.97, 0.97, 0.9550702381134033, 0.9550632643699646, 0.39, 0.39, 0.4, 0.32, 0, 0, 1, 0.29, 0.97, 0.68, 0.28, 0.97, 0.97, 0.28, 0.28, 0.31, 0.92, 0.31, 0.92, 0.03, 0.54, 99, 99, 99]
--- num:  29
list:  [0.57, 0.57, 1, 1, 0.97, 0.97, 0.9538103151321411, 0.95380131483078, 0.4, 0.4, 0.38, 0.34, 0, 0, 1, 0.29, 0.97, 0.68, 0.28, 0.97, 0.97, 0.28, 0.28, 0.31, 0.92, 0.31, 0.92, 0.03, 0.58, 99, 99, 99]
--- num:  29
list:  [0.57, 0.57, 1, 1, 0.97, 0.97, 0.9579816269874573, 0.9579750108718872, 0.42, 0.42, 0.35, 0.37, 0, 0, 1, 0.29, 0.965, 0.68, 0.28, 0.96, 0.97, 0.28, 0.28, 0.31, 0.92, 0.31, 0.92, 0.03, 0.64, 99, 99, 99]
--- num:  29
list:  [0.56, 0.56, 1, 1, 0.97, 0.97, 0.954320113658905, 0.9542503762245178, 0.37, 0.37, 0.33, 0.39, 0, 0, 1, 0.29, 0.965, 0.68, 0.28, 0.96, 0.97, 0.28, 0.28, 0.31, 0.92, 0.31, 0.92, 0.03, 0.9, 99, 99, 99]
--- num:  29
list:  [0.56, 0.56, 1, 1, 0.98, 0.98, 0.8458700585365295, 0.8428575205802917, 0.26, 0.26, 0.31, 0.41, 0, 0, 1, 0.29, 0.97, 0.68, 0.28, 0.97, 0.97, 0.28, 0.28, 0.31, 0.92, 0.31, 0.92, 0.03, 1, 99, 99, 99]
--- num:  29
list:  [0.56, 0.56, 1, 1, 0.97, 0.97, 0.93920330286026, 0.9387112069129944, 0.4, 0.4, 0.29, 0.43, 0, 0, 1, 0.29, 0.97, 0.68, 0.28, 0.97, 0.97, 0.28, 0.28, 0.31, 0.92, 0.31, 0.92, 0.03, 1, 99, 99, 99]
--- num:  29
list:  [0.41, 0.41, 0.72, 0.72, 1, 1, 0.16199999999999998, 0.16199999999999998, 0.48, 0.48, 0.28, 0.44, 0, 0, 1, 0.29, 0.98, 0.68, 0.28, 0.98, 0.98, 0.28, 0.28, 0.31, 0.92, 0.31, 0.92, 0.03, 0.84, 99, 99, 99]
--- num:  29
list:  [0.38, 0.38, 0.66, 0.66, 1, 1, 0.16199999999999998, 0.16199999999999998, 0.5, 0.5, 0.3, 0.42, 0.20999999999999985, 0.11999999999999994, 1, 0.26, 0.98, 0.66, 0.32, 0.98, 0.98, 0.32, 0.32, 0.69, 0.39, 0.63, 0.42, 0.05, 0.59, 99, 99, 99]
--- num:  29
list:  [0.37, 0.37, 0.63, 0.63, 1, 1, 0.16199999999999998, 0.16199999999999998, 0.47, 0.47, 0.31, 0.41, 0.20999999999999985, 0.13499999999999995, 1, 0.24, 0.985, 0.64, 0.27, 0.98, 0.99, 0.27, 0.27, 0.69, 0.39, 0.64, 0.41, 0.03, 0.54, 99, 99, 99]
--- num:  29
list:  [0.36, 0.36, 0.61, 0.61, 1, 1, 0.16199999999999998, 0.16199999999999998, 0.46, 0.46, 0.32, 0.4, 0.18, 0.10499999999999993, 1, 0.23, 0.99, 0.64, 0.27, 0.99, 0.99, 0.27, 0.27, 0.67, 0.4, 0.62, 0.42, 0.03, 0.54, 99, 99, 99]
--- num:  29
list:  [0.36, 0.36, 0.6, 0.6, 1, 1, 0.16199999999999998, 0.16199999999999998, 0.44, 0.44, 0.33, 0.38, 0.14999999999999997, 0.10499999999999993, 1, 0.23, 0.99, 0.63, 0.26, 0.99, 0.99, 0.26, 0.26, 0.65, 0.41, 0.62, 0.42, 0.02, 0.53, 99, 99, 99]
--- num:  29
list:  [0.37, 0.37, 0.62, 0.62, 1, 1, 0.16199999999999998, 0.16199999999999998, 0.41, 0.41, 0.36, 0.36, 0.11999999999999994, 0.08999999999999991, 1, 0.22, 0.99, 0.63, 0.26, 0.99, 0.99, 0.26, 0.26, 0.63, 0.42, 0.61, 0.42, 0.02, 0.53, 99, 99, 99]
--- num:  29
list:  [0.42, 0.42, 0.74, 0.74, 1, 1, 0.16199999999999998, 0.16199999999999998, 0.36, 0.36, 0.36, 0.35, 0.11999999999999994, 0.08999999999999991, 1, 0.22, 0.99, 0.63, 0.26, 0.99, 0.99, 0.26, 0.26, 0.63, 0.41, 0.61, 0.42, 0.02, 0.54, 99, 99, 99]
--- num:  29
list:  [0.45, 0.45, 0.82, 0.82, 1, 1, 0.16199999999999998, 0.16199999999999998, 0.32, 0.32, 0.35, 0.37, 0.13499999999999995, 0.10499999999999993, 1, 0.22, 0.99, 0.63, 0.25, 0.99, 0.99, 0.25, 0.25, 0.64, 0.41, 0.62, 0.42, 0.01, 0.56, 99, 99, 99]
--- num:  29
list:  [0.46, 0.46, 0.83, 0.83, 1, 1, 0.16199999999999998, 0.16199999999999998, 0.31, 0.31, 0.35, 0.37, 0.13499999999999995, 0.10499999999999993, 1, 0.22, 0.99, 0.63, 0.25, 0.99, 0.99, 0.25, 0.25, 0.64, 0.41, 0.62, 0.42, 0.01, 0.58, 99, 99, 99]
--- num:  29
list:  [0.45, 0.45, 0.82, 0.82, 1, 1, 0.16199999999999998, 0.16199999999999998, 0.31, 0.31, 0.35, 0.37, 0.11999999999999994, 0.10499999999999993, 1, 0.22, 0.99, 0.63, 0.25, 0.99, 0.99, 0.25, 0.25, 0.63, 0.41, 0.62, 0.42, 0.01, 0.59, 99, 99, 99]
--- num:  29
