start livelink
[-0.244, 0.015, -0.083]
[-0.247, 0.016, -0.084]
[-0.249, 0.015, -0.085]
[-0.246, 0.014, -0.085]
[-0.228, 0.014, -0.08]
[-0.228, 0.014, -0.08]
[-0.205, 0.016, -0.075]
[-0.202, 0.023, -0.073]
[-0.185, 0.03, -0.077]
[-0.188, 0.028, -0.073]
[-0.188, 0.028, -0.073]
[-0.201, 0.022, -0.075]
[-0.211, 0.018, -0.074]
[-0.217, 0.016, -0.074]
[-0.219, 0.015, -0.072]
[-0.218, 0.014, -0.066]
[-0.218, 0.014, -0.061]
[-0.217, 0.013, -0.056]
[-0.217, 0.012, -0.052]
[-0.216, 0.012, -0.049]
[-0.21, 0.012, -0.042]
[-0.21, 0.012, -0.042]
[-0.209, 0.013, -0.039]
[-0.207, 0.013, -0.038]
[-0.201, 0.014, -0.036]
[-0.201, 0.014, -0.036]
[-0.198, 0.015, -0.037]
[-0.195, 0.016, -0.037]
[-0.193, 0.017, -0.036]
[-0.19, 0.018, -0.034]
[-0.186, 0.02, -0.031]
[-0.181, 0.022, -0.027]
[-0.175, 0.024, -0.024]
[-0.168, 0.026, -0.021]
[-0.16, 0.028, -0.018]
[-0.159, 0.03, -0.015]
[-0.161, 0.031, -0.01]
[-0.163, 0.033, -0.005]
[-0.165, 0.034, -0.002]
[-0.159, 0.035, 0.001]
[-0.148, 0.037, 0.002]
[-0.139, 0.039, 0.004]
[-0.132, 0.04, 0.007]
[-0.126, 0.04, 0.009]
[-0.12, 0.041, 0.012]
[-0.113, 0.04, 0.014]
[-0.104, 0.04, 0.016]
[-0.095, 0.04, 0.018]
[-0.088, 0.041, 0.021]
[-0.083, 0.042, 0.024]
[-0.077, 0.043, 0.028]
[-0.075, 0.044, 0.03]
[-0.074, 0.045, 0.032]
[-0.073, 0.044, 0.033]
[-0.074, 0.044, 0.034]
[-0.074, 0.044, 0.034]
[-0.075, 0.043, 0.035]
[-0.084, 0.042, 0.039]
[-0.084, 0.042, 0.039]
[-0.093, 0.041, 0.043]
[-0.101, 0.041, 0.046]
[-0.107, 0.04, 0.047]
[-0.109, 0.039, 0.047]
[-0.109, 0.039, 0.046]
[-0.109, 0.039, 0.045]
[-0.111, 0.039, 0.044]
[-0.117, 0.038, 0.044]
[-0.124, 0.037, 0.044]
[-0.133, 0.036, 0.044]
[-0.141, 0.034, 0.043]
[-0.149, 0.032, 0.042]
[-0.16, 0.03, 0.041]
[-0.175, 0.027, 0.038]
[-0.194, 0.025, 0.036]
[-0.216, 0.024, 0.035]
[-0.234, 0.022, 0.035]
[-0.249, 0.02, 0.035]
[-0.261, 0.018, 0.034]
[-0.273, 0.016, 0.033]
[-0.285, 0.014, 0.031]
[-0.295, 0.013, 0.029]
[-0.304, 0.011, 0.027]
[-0.311, 0.01, 0.024]
[-0.317, 0.008, 0.021]
[-0.322, 0.005, 0.017]
[-0.324, 0.002, 0.012]
[-0.327, -0.003, 0.007]
[-0.33, -0.007, 0.002]
[-0.334, -0.01, -0.003]
[-0.337, -0.013, -0.008]
[-0.338, -0.016, -0.012]
[-0.339, -0.018, -0.016]
[-0.337, -0.021, -0.021]
[-0.334, -0.026, -0.029]
[-0.334, -0.026, -0.029]
[-0.334, -0.028, -0.032]
[-0.334, -0.031, -0.035]
[-0.332, -0.036, -0.04]
[-0.332, -0.036, -0.04]
[-0.329, -0.039, -0.043]
[-0.328, -0.041, -0.045]
[-0.326, -0.045, -0.048]
[-0.326, -0.045, -0.048]
[-0.326, -0.046, -0.049]
[-0.325, -0.047, -0.051]
[-0.323, -0.048, -0.053]
[-0.322, -0.05, -0.056]
[-0.321, -0.051, -0.058]
[-0.32, -0.052, -0.06]
[-0.32, -0.052, -0.062]
[-0.321, -0.053, -0.064]
[-0.322, -0.053, -0.064]
[-0.323, -0.053, -0.065]
[-0.322, -0.053, -0.064]
[-0.319, -0.053, -0.063]
[-0.314, -0.053, -0.061]
[-0.31, -0.053, -0.059]
[-0.304, -0.052, -0.056]
[-0.304, -0.052, -0.056]
[-0.303, -0.051, -0.054]
[-0.305, -0.05, -0.054]
[-0.306, -0.049, -0.054]
[-0.308, -0.048, -0.054]
[-0.31, -0.047, -0.055]
[-0.311, -0.046, -0.056]
[-0.312, -0.045, -0.057]
[-0.311, -0.045, -0.057]
[-0.309, -0.045, -0.057]
[-0.306, -0.045, -0.057]
[-0.303, -0.044, -0.057]
[-0.301, -0.043, -0.057]
[-0.3, -0.042, -0.058]
[-0.298, -0.04, -0.058]
[-0.297, -0.039, -0.058]
[-0.297, -0.039, -0.058]
[-0.294, -0.038, -0.058]
[-0.292, -0.037, -0.058]
[-0.289, -0.034, -0.056]
[-0.289, -0.034, -0.056]
[-0.291, -0.033, -0.055]
[-0.293, -0.031, -0.054]
[-0.296, -0.029, -0.052]
[-0.297, -0.028, -0.05]
[-0.298, -0.026, -0.047]
[-0.299, -0.023, -0.045]
[-0.301, -0.02, -0.041]
[-0.305, -0.016, -0.037]
[-0.31, -0.013, -0.032]
[-0.313, -0.01, -0.029]
[-0.315, -0.009, -0.025]
[-0.313, -0.007, -0.023]
[-0.309, -0.005, -0.021]
[-0.304, -0.004, -0.02]
[-0.299, -0.003, -0.018]
[-0.295, -0.002, -0.016]
[-0.291, -0.0, -0.013]
[-0.285, 0.001, -0.01]
[-0.279, 0.003, -0.008]
[-0.275, 0.005, -0.006]
[-0.272, 0.007, -0.004]
[-0.271, 0.01, -0.002]
[-0.271, 0.012, 0.002]
[-0.271, 0.015, 0.005]
[-0.27, 0.017, 0.008]
[-0.268, 0.018, 0.012]
[-0.263, 0.02, 0.014]
[-0.26, 0.021, 0.016]
[-0.256, 0.022, 0.018]
[-0.253, 0.023, 0.02]
[-0.252, 0.024, 0.021]
[-0.25, 0.024, 0.023]
[-0.251, 0.027, 0.024]
[-0.254, 0.03, 0.026]
[-0.261, 0.038, 0.033]
[-0.261, 0.038, 0.033]
[-0.264, 0.04, 0.036]
[-0.265, 0.042, 0.037]
[-0.263, 0.044, 0.039]
[-0.263, 0.044, 0.039]
[-0.263, 0.045, 0.043]
[-0.264, 0.046, 0.048]
[-0.266, 0.047, 0.053]
[-0.27, 0.048, 0.06]
[-0.272, 0.048, 0.066]
[-0.275, 0.049, 0.072]
[-0.277, 0.05, 0.077]
[-0.279, 0.05, 0.08]
[-0.28, 0.051, 0.083]
[-0.28, 0.052, 0.086]
[-0.279, 0.053, 0.088]
[-0.277, 0.054, 0.091]
[-0.276, 0.054, 0.094]
[-0.276, 0.055, 0.097]
[-0.276, 0.055, 0.099]
[-0.275, 0.057, 0.103]
[-0.275, 0.057, 0.103]
[-0.275, 0.057, 0.105]
[-0.274, 0.057, 0.106]
[-0.272, 0.058, 0.107]
[-0.272, 0.058, 0.108]
[-0.269, 0.058, 0.11]
[-0.269, 0.058, 0.11]
[-0.268, 0.059, 0.111]
[-0.266, 0.059, 0.111]
[-0.265, 0.06, 0.111]
[-0.263, 0.06, 0.111]
[-0.262, 0.06, 0.11]
[-0.26, 0.061, 0.11]
[-0.258, 0.061, 0.11]
[-0.255, 0.061, 0.111]
[-0.252, 0.061, 0.111]
[-0.25, 0.06, 0.11]
[-0.247, 0.06, 0.11]
[-0.242, 0.06, 0.108]
[-0.242, 0.06, 0.108]
[-0.24, 0.059, 0.106]
[-0.237, 0.059, 0.105]
[-0.234, 0.058, 0.103]
[-0.231, 0.057, 0.101]
[-0.23, 0.057, 0.1]
[-0.23, 0.056, 0.099]
[-0.231, 0.056, 0.097]
[-0.231, 0.055, 0.095]
[-0.23, 0.054, 0.093]
[-0.23, 0.054, 0.089]
[-0.23, 0.054, 0.089]
[-0.231, 0.054, 0.088]
[-0.232, 0.053, 0.086]
[-0.233, 0.052, 0.084]
[-0.234, 0.052, 0.082]
[-0.234, 0.051, 0.08]
[-0.235, 0.051, 0.079]
[-0.235, 0.051, 0.078]
[-0.235, 0.05, 0.077]
[-0.234, 0.05, 0.076]
[-0.233, 0.05, 0.074]
[-0.232, 0.05, 0.073]
[-0.232, 0.049, 0.071]
[-0.233, 0.048, 0.069]
[-0.235, 0.047, 0.067]
[-0.237, 0.046, 0.066]
[-0.239, 0.044, 0.062]
[-0.239, 0.044, 0.062]
[-0.239, 0.043, 0.06]
[-0.238, 0.042, 0.057]
[-0.237, 0.04, 0.055]
[-0.237, 0.039, 0.053]
[-0.238, 0.038, 0.049]
[-0.24, 0.036, 0.045]
[-0.244, 0.035, 0.041]
[-0.249, 0.032, 0.036]
[-0.254, 0.03, 0.032]
[-0.26, 0.027, 0.028]
[-0.266, 0.024, 0.024]
[-0.272, 0.022, 0.019]
[-0.279, 0.019, 0.012]
[-0.284, 0.016, 0.007]
[-0.286, 0.013, 0.0]
[-0.289, 0.01, -0.005]
[-0.291, 0.006, -0.009]
[-0.292, 0.003, -0.013]
[-0.296, -0.001, -0.018]
[-0.299, -0.004, -0.024]
[-0.301, -0.007, -0.029]
[-0.301, -0.009, -0.034]
[-0.3, -0.012, -0.04]
[-0.299, -0.014, -0.044]
[-0.3, -0.017, -0.048]
[-0.303, -0.019, -0.052]
[-0.306, -0.021, -0.055]
[-0.308, -0.023, -0.059]
[-0.31, -0.029, -0.066]
[-0.31, -0.029, -0.066]
[-0.312, -0.031, -0.069]
[-0.316, -0.037, -0.077]
[-0.316, -0.037, -0.077]
[-0.318, -0.04, -0.081]
[-0.319, -0.043, -0.085]
[-0.319, -0.045, -0.089]
[-0.318, -0.047, -0.093]
[-0.317, -0.049, -0.097]
[-0.316, -0.05, -0.102]
[-0.314, -0.053, -0.113]
[-0.314, -0.053, -0.113]
[-0.31, -0.055, -0.118]
[-0.305, -0.057, -0.122]
[-0.295, -0.059, -0.128]
[-0.295, -0.059, -0.128]
[-0.294, -0.061, -0.131]
[-0.293, -0.062, -0.134]
[-0.292, -0.064, -0.136]
[-0.292, -0.065, -0.139]
[-0.292, -0.067, -0.14]
[-0.292, -0.068, -0.142]
[-0.294, -0.069, -0.144]
[-0.295, -0.07, -0.146]
[-0.296, -0.071, -0.148]
[-0.298, -0.072, -0.149]
[-0.3, -0.072, -0.15]
[-0.302, -0.073, -0.151]
[-0.304, -0.074, -0.153]
[-0.306, -0.075, -0.155]
[-0.308, -0.076, -0.158]
[-0.308, -0.077, -0.16]
[-0.308, -0.078, -0.163]
[-0.308, -0.078, -0.163]
[-0.307, -0.078, -0.164]
[-0.306, -0.079, -0.164]
[-0.305, -0.079, -0.165]
[-0.303, -0.08, -0.165]
[-0.301, -0.08, -0.165]
[-0.299, -0.081, -0.166]
[-0.299, -0.081, -0.166]
[-0.301, -0.081, -0.167]
[-0.312, -0.081, -0.17]
[-0.333, -0.077, -0.168]
[-0.333, -0.077, -0.168]
[-0.341, -0.076, -0.166]
[-0.344, -0.075, -0.163]
[-0.346, -0.075, -0.16]
[-0.344, -0.075, -0.158]
[-0.343, -0.075, -0.156]
[-0.342, -0.076, -0.154]
[-0.341, -0.076, -0.153]
[-0.341, -0.077, -0.153]
[-0.339, -0.077, -0.154]
[-0.336, -0.077, -0.155]
[-0.332, -0.077, -0.155]
[-0.329, -0.077, -0.155]
[-0.327, -0.076, -0.154]
[-0.325, -0.076, -0.154]
[-0.322, -0.075, -0.153]
[-0.319, -0.075, -0.153]
[-0.316, -0.075, -0.151]
[-0.313, -0.074, -0.149]
[-0.311, -0.073, -0.148]
[-0.311, -0.072, -0.146]
[-0.311, -0.072, -0.144]
[-0.311, -0.071, -0.143]
[-0.31, -0.07, -0.14]
[-0.31, -0.07, -0.14]
[-0.309, -0.069, -0.139]
[-0.308, -0.068, -0.139]
[-0.308, -0.066, -0.139]
[-0.309, -0.065, -0.138]
[-0.311, -0.063, -0.137]
[-0.32, -0.06, -0.132]
[-0.32, -0.06, -0.132]
[-0.332, -0.055, -0.124]
[-0.332, -0.055, -0.124]
[-0.34, -0.051, -0.117]
[-0.341, -0.048, -0.108]
[-0.337, -0.044, -0.101]
[-0.331, -0.042, -0.096]
[-0.323, -0.04, -0.091]
[-0.314, -0.039, -0.088]
[-0.309, -0.037, -0.084]
[-0.307, -0.036, -0.08]
[-0.304, -0.034, -0.076]
[-0.3, -0.032, -0.072]
[-0.29, -0.03, -0.067]
[-0.279, -0.027, -0.062]
[-0.27, -0.025, -0.057]
[-0.262, -0.023, -0.051]
[-0.258, -0.021, -0.045]
[-0.258, -0.018, -0.04]
[-0.256, -0.015, -0.035]
[-0.254, -0.013, -0.031]
[-0.253, -0.01, -0.026]
[-0.251, -0.008, -0.021]
[-0.252, -0.006, -0.018]
[-0.255, -0.001, -0.009]
[-0.255, -0.001, -0.009]
[-0.255, 0.001, -0.007]
[-0.254, 0.003, -0.004]
[-0.254, 0.005, -0.001]
[-0.253, 0.006, 0.002]
[-0.252, 0.007, 0.005]
[-0.247, 0.009, 0.009]
[-0.242, 0.011, 0.012]
[-0.237, 0.013, 0.016]
[-0.234, 0.015, 0.018]
[-0.233, 0.019, 0.022]
[-0.233, 0.019, 0.022]
[-0.234, 0.021, 0.025]
[-0.236, 0.023, 0.029]
[-0.239, 0.025, 0.032]
[-0.243, 0.027, 0.035]
[-0.248, 0.03, 0.036]
[-0.252, 0.033, 0.038]
[-0.258, 0.04, 0.049]
[-0.258, 0.04, 0.049]
[-0.26, 0.042, 0.055]
[-0.261, 0.044, 0.06]
[-0.263, 0.045, 0.065]
[-0.265, 0.047, 0.082]
[-0.265, 0.047, 0.082]
[-0.264, 0.049, 0.093]
[-0.265, 0.05, 0.103]
[-0.266, 0.051, 0.11]
[-0.267, 0.053, 0.116]
[-0.268, 0.054, 0.121]
[-0.27, 0.055, 0.124]
[-0.269, 0.056, 0.128]
[-0.271, 0.058, 0.131]
[-0.271, 0.059, 0.135]
[-0.269, 0.06, 0.138]
[-0.268, 0.061, 0.141]
[-0.267, 0.062, 0.143]
[-0.266, 0.063, 0.145]
[-0.266, 0.064, 0.147]
[-0.266, 0.065, 0.148]
[-0.265, 0.066, 0.148]
[-0.265, 0.066, 0.149]
[-0.264, 0.067, 0.149]
[-0.263, 0.067, 0.149]
[-0.263, 0.067, 0.149]
[-0.262, 0.067, 0.149]
[-0.26, 0.067, 0.148]
[-0.26, 0.067, 0.148]
[-0.259, 0.067, 0.146]
[-0.26, 0.066, 0.145]
[-0.261, 0.066, 0.144]
[-0.262, 0.066, 0.143]
[-0.261, 0.066, 0.142]
[-0.26, 0.065, 0.141]
[-0.26, 0.065, 0.141]
[-0.258, 0.065, 0.14]
[-0.257, 0.065, 0.138]
[-0.256, 0.064, 0.136]
[-0.255, 0.063, 0.132]
[-0.255, 0.063, 0.132]
[-0.256, 0.063, 0.13]
[-0.256, 0.062, 0.129]
[-0.256, 0.061, 0.127]
[-0.257, 0.061, 0.125]
[-0.258, 0.06, 0.123]
[-0.26, 0.06, 0.12]
[-0.265, 0.059, 0.116]
[-0.265, 0.059, 0.116]
[-0.267, 0.058, 0.114]
[-0.269, 0.058, 0.113]
[-0.271, 0.058, 0.112]
[-0.273, 0.057, 0.111]
[-0.274, 0.057, 0.11]
[-0.275, 0.056, 0.109]
[-0.276, 0.055, 0.109]
[-0.277, 0.054, 0.108]
[-0.279, 0.054, 0.108]
[-0.281, 0.054, 0.107]
[-0.286, 0.054, 0.107]
[-0.286, 0.054, 0.107]
[-0.287, 0.054, 0.107]
[-0.288, 0.054, 0.107]
[-0.289, 0.055, 0.106]
[-0.289, 0.055, 0.104]
[-0.29, 0.056, 0.102]
[-0.291, 0.056, 0.1]
[-0.287, 0.056, 0.098]
[-0.283, 0.056, 0.096]
[-0.276, 0.055, 0.094]
[-0.272, 0.054, 0.091]
[-0.269, 0.054, 0.089]
[-0.265, 0.054, 0.087]
[-0.26, 0.053, 0.086]
[-0.253, 0.053, 0.086]
[-0.244, 0.052, 0.085]
[-0.244, 0.052, 0.085]
[-0.241, 0.051, 0.083]
[-0.243, 0.05, 0.082]
[-0.246, 0.049, 0.079]
[-0.252, 0.048, 0.076]
[-0.259, 0.046, 0.073]
[-0.262, 0.045, 0.071]
[-0.266, 0.043, 0.069]
[-0.269, 0.042, 0.067]
[-0.274, 0.041, 0.065]
[-0.28, 0.038, 0.062]
[-0.29, 0.033, 0.054]
[-0.29, 0.033, 0.054]
[-0.294, 0.031, 0.05]
[-0.296, 0.029, 0.046]
[-0.298, 0.027, 0.041]
[-0.299, 0.025, 0.037]
[-0.298, 0.023, 0.033]
[-0.299, 0.02, 0.029]
[-0.299, 0.017, 0.026]
[-0.297, 0.014, 0.021]
[-0.296, 0.011, 0.017]
[-0.294, 0.009, 0.012]
[-0.292, 0.007, 0.007]
[-0.29, 0.004, 0.002]
[-0.287, 0.002, -0.002]
[-0.282, -0.001, -0.006]
[-0.28, -0.004, -0.012]
[-0.285, -0.007, -0.018]
[-0.293, -0.01, -0.025]
[-0.302, -0.013, -0.03]
[-0.308, -0.017, -0.037]
[-0.308, -0.017, -0.037]
[-0.306, -0.019, -0.041]
[-0.304, -0.02, -0.045]
[-0.301, -0.021, -0.05]
[-0.3, -0.022, -0.054]
[-0.3, -0.024, -0.057]
[-0.298, -0.025, -0.06]
[-0.297, -0.027, -0.064]
[-0.296, -0.029, -0.067]
[-0.297, -0.031, -0.074]
[-0.297, -0.031, -0.074]
[-0.297, -0.033, -0.077]
[-0.297, -0.033, -0.08]
[-0.297, -0.034, -0.083]
[-0.295, -0.036, -0.086]
[-0.284, -0.039, -0.092]
[-0.284, -0.039, -0.092]
[-0.279, -0.041, -0.094]
[-0.275, -0.042, -0.098]
[-0.276, -0.043, -0.101]
[-0.278, -0.045, -0.105]
[-0.278, -0.046, -0.108]
[-0.278, -0.048, -0.11]
[-0.28, -0.049, -0.112]
[-0.282, -0.051, -0.114]
[-0.288, -0.052, -0.116]
[-0.292, -0.052, -0.117]
[-0.297, -0.052, -0.119]
[-0.297, -0.052, -0.119]
[-0.299, -0.051, -0.12]
[-0.304, -0.049, -0.12]
[-0.311, -0.047, -0.121]
[-0.315, -0.046, -0.122]
[-0.318, -0.044, -0.122]
[-0.318, -0.043, -0.121]
[-0.307, -0.041, -0.116]
[-0.307, -0.041, -0.116]
[-0.301, -0.041, -0.113]
[-0.296, -0.04, -0.11]
[-0.292, -0.038, -0.106]
[-0.288, -0.037, -0.102]
[-0.289, -0.035, -0.098]
[-0.289, -0.033, -0.093]
[-0.285, -0.029, -0.086]
[-0.285, -0.029, -0.086]
[-0.278, -0.026, -0.08]
[-0.271, -0.023, -0.073]
[-0.264, -0.02, -0.067]
[-0.259, -0.018, -0.061]
[-0.256, -0.016, -0.056]
[-0.253, -0.013, -0.051]
[-0.251, -0.009, -0.04]
[-0.251, -0.009, -0.04]
[-0.249, -0.007, -0.036]
[-0.247, -0.005, -0.033]
[-0.245, -0.003, -0.03]
[-0.239, -0.002, -0.028]
[-0.231, -0.001, -0.025]
[-0.223, -0.001, -0.023]
[-0.216, -0.0, -0.021]
[-0.211, 0.001, -0.019]
[-0.209, 0.004, -0.017]
[-0.204, 0.01, -0.013]
[-0.199, 0.014, -0.012]
[-0.192, 0.017, -0.011]
[-0.185, 0.02, -0.011]
[-0.172, 0.025, -0.011]
[-0.172, 0.025, -0.011]
[-0.168, 0.027, -0.01]
[-0.167, 0.029, -0.01]
[-0.165, 0.032, -0.008]
[-0.165, 0.032, -0.008]
[-0.162, 0.033, -0.006]
[-0.157, 0.034, -0.004]
[-0.152, 0.035, -0.004]
[-0.149, 0.037, -0.004]
[-0.145, 0.038, -0.005]
[-0.142, 0.039, -0.006]
[-0.133, 0.042, -0.007]
[-0.133, 0.042, -0.007]
[-0.127, 0.044, -0.006]
[-0.12, 0.045, -0.006]
[-0.111, 0.045, -0.007]
[-0.103, 0.045, -0.007]
[-0.095, 0.044, -0.008]
[-0.087, 0.043, -0.009]
[-0.071, 0.039, -0.011]
[-0.071, 0.039, -0.011]
[-0.062, 0.036, -0.013]
[-0.053, 0.032, -0.014]
[-0.032, 0.025, -0.013]
[-0.032, 0.025, -0.013]
[-0.019, 0.021, -0.012]
[-0.008, 0.018, -0.011]
[0.012, 0.011, -0.014]
[0.012, 0.011, -0.014]
[0.021, 0.007, -0.016]
[0.029, 0.004, -0.02]
[0.036, 0.0, -0.023]
[0.044, -0.004, -0.026]
[0.052, -0.007, -0.029]
[0.062, -0.011, -0.03]
[0.072, -0.014, -0.031]
[0.082, -0.017, -0.031]
[0.092, -0.02, -0.031]
[0.101, -0.023, -0.03]
[0.122, -0.026, -0.027]
[0.122, -0.026, -0.027]
[0.133, -0.027, -0.025]
[0.145, -0.027, -0.024]
[0.156, -0.027, -0.022]
[0.168, -0.028, -0.021]
[0.179, -0.028, -0.022]
[0.189, -0.028, -0.023]
[0.198, -0.028, -0.024]
[0.206, -0.028, -0.025]
[0.212, -0.027, -0.025]
[0.218, -0.026, -0.025]
[0.223, -0.026, -0.025]
[0.227, -0.025, -0.024]
[0.23, -0.024, -0.023]
[0.232, -0.023, -0.022]
[0.234, -0.022, -0.021]
[0.237, -0.022, -0.02]
[0.239, -0.021, -0.019]
[0.24, -0.02, -0.017]
[0.239, -0.019, -0.016]
[0.239, -0.019, -0.016]
[0.239, -0.019, -0.016]
[0.239, -0.019, -0.016]
[0.24, -0.02, -0.016]
[0.239, -0.02, -0.017]
[0.237, -0.021, -0.019]
[0.234, -0.021, -0.02]
[0.232, -0.022, -0.02]
[0.231, -0.022, -0.02]
[0.227, -0.022, -0.02]
[0.227, -0.022, -0.02]
[0.223, -0.022, -0.02]
[0.219, -0.022, -0.02]
[0.217, -0.022, -0.02]
[0.216, -0.021, -0.019]
[0.215, -0.021, -0.018]
[0.215, -0.02, -0.017]
[0.214, -0.02, -0.016]
[0.213, -0.019, -0.016]
[0.211, -0.018, -0.017]
[0.211, -0.018, -0.017]
[0.21, -0.018, -0.019]
[0.21, -0.018, -0.019]
[0.209, -0.019, -0.019]
[0.209, -0.019, -0.019]
[0.208, -0.019, -0.02]
[0.204, -0.019, -0.021]
[0.2, -0.018, -0.022]
[0.2, -0.018, -0.022]
[0.198, -0.017, -0.022]
[0.197, -0.016, -0.021]
[0.195, -0.016, -0.022]
[0.191, -0.015, -0.023]
[0.191, -0.015, -0.023]
[0.189, -0.015, -0.024]
[0.187, -0.015, -0.026]
[0.185, -0.015, -0.027]
