start livelink
[0.065, -0.0, -0.036]
[0.066, -0.0, -0.036]
[0.067, -0.001, -0.035]
[0.068, -0.001, -0.035]
[0.067, -0.001, -0.034]
[0.065, -0.0, -0.033]
[0.086, 0.007, -0.034]
[0.058, 0.021, -0.011]
[0.02, 0.004, -0.032]
[0.02, 0.004, -0.032]
[0.023, 0.005, -0.03]
[0.025, 0.006, -0.028]
[0.029, 0.007, -0.02]
[0.029, 0.007, -0.02]
[0.034, 0.007, -0.017]
[0.039, 0.008, -0.014]
[0.047, 0.008, -0.012]
[0.058, 0.008, -0.011]
[0.067, 0.009, -0.007]
[0.067, 0.01, -0.003]
[0.061, 0.011, 0.003]
[0.054, 0.012, 0.008]
[0.047, 0.013, 0.012]
[0.043, 0.014, 0.014]
[0.041, 0.016, 0.015]
[0.042, 0.018, 0.014]
[0.045, 0.02, 0.013]
[0.048, 0.021, 0.011]
[0.052, 0.021, 0.01]
[0.054, 0.021, 0.009]
[0.054, 0.021, 0.01]
[0.052, 0.021, 0.01]
[0.05, 0.021, 0.011]
[0.048, 0.021, 0.011]
[0.045, 0.02, 0.011]
[0.042, 0.02, 0.011]
[0.04, 0.02, 0.011]
[0.038, 0.019, 0.01]
[0.035, 0.019, 0.01]
[0.032, 0.019, 0.009]
[0.029, 0.019, 0.008]
[0.026, 0.018, 0.007]
[0.023, 0.018, 0.007]
[0.02, 0.018, 0.007]
[0.017, 0.018, 0.007]
[0.014, 0.018, 0.007]
[0.012, 0.018, 0.006]
[0.009, 0.018, 0.005]
[0.007, 0.019, 0.004]
[0.005, 0.019, 0.003]
[0.003, 0.019, 0.003]
[0.002, 0.019, 0.002]
[0.001, 0.02, 0.001]
[-0.001, 0.02, 0.001]
[-0.003, 0.02, -0.0]
[-0.006, 0.02, -0.001]
[-0.013, 0.02, -0.003]
[-0.023, 0.019, -0.004]
[-0.037, 0.018, -0.005]
[-0.051, 0.017, -0.005]
[-0.063, 0.017, -0.004]
[-0.074, 0.016, -0.005]
[-0.084, 0.017, -0.006]
[-0.094, 0.017, -0.009]
[-0.105, 0.017, -0.011]
[-0.117, 0.017, -0.015]
[-0.129, 0.016, -0.018]
[-0.14, 0.015, -0.021]
[-0.151, 0.013, -0.024]
[-0.163, 0.012, -0.026]
[-0.171, 0.01, -0.027]
[-0.178, 0.009, -0.028]
[-0.186, 0.008, -0.027]
[-0.193, 0.008, -0.026]
[-0.203, 0.008, -0.026]
[-0.214, 0.007, -0.026]
[-0.223, 0.008, -0.026]
[-0.234, 0.008, -0.027]
[-0.242, 0.008, -0.027]
[-0.252, 0.008, -0.029]
[-0.266, 0.008, -0.03]
[-0.279, 0.007, -0.032]
[-0.294, 0.007, -0.033]
[-0.306, 0.007, -0.033]
[-0.316, 0.006, -0.033]
[-0.327, 0.006, -0.033]
[-0.336, 0.006, -0.033]
[-0.345, 0.005, -0.035]
[-0.353, 0.005, -0.036]
[-0.359, 0.004, -0.037]
[-0.365, 0.003, -0.038]
[-0.375, 0.003, -0.039]
[-0.386, 0.003, -0.038]
[-0.398, 0.003, -0.039]
[-0.407, 0.004, -0.039]
[-0.416, 0.004, -0.038]
[-0.423, 0.005, -0.038]
[-0.428, 0.005, -0.038]
[-0.431, 0.005, -0.038]
[-0.434, 0.005, -0.038]
[-0.436, 0.005, -0.038]
[-0.439, 0.005, -0.037]
[-0.442, 0.005, -0.037]
[-0.443, 0.004, -0.035]
[-0.454, 0.003, -0.033]
[-0.454, 0.003, -0.033]
[-0.46, 0.003, -0.033]
[-0.466, 0.003, -0.034]
[-0.468, 0.002, -0.035]
[-0.469, 0.002, -0.035]
[-0.469, 0.002, -0.035]
[-0.467, 0.003, -0.034]
[-0.466, 0.003, -0.033]
[-0.466, 0.003, -0.033]
[-0.467, 0.003, -0.033]
[-0.469, 0.002, -0.034]
[-0.47, 0.002, -0.034]
[-0.472, 0.002, -0.035]
[-0.474, 0.003, -0.035]
[-0.475, 0.003, -0.035]
[-0.474, 0.005, -0.036]
[-0.471, 0.006, -0.036]
[-0.469, 0.007, -0.037]
[-0.462, 0.008, -0.036]
[-0.441, 0.01, -0.033]
[-0.441, 0.01, -0.033]
[-0.433, 0.011, -0.031]
[-0.427, 0.012, -0.03]
[-0.421, 0.014, -0.027]
[-0.421, 0.014, -0.027]
[-0.419, 0.016, -0.026]
[-0.417, 0.018, -0.025]
[-0.415, 0.019, -0.024]
[-0.414, 0.021, -0.023]
[-0.411, 0.023, -0.022]
[-0.408, 0.024, -0.021]
[-0.406, 0.026, -0.021]
[-0.404, 0.028, -0.02]
[-0.403, 0.03, -0.018]
[-0.401, 0.033, -0.016]
[-0.399, 0.036, -0.014]
[-0.396, 0.039, -0.012]
[-0.39, 0.041, -0.01]
[-0.386, 0.043, -0.009]
[-0.384, 0.048, -0.009]
[-0.384, 0.048, -0.009]
[-0.386, 0.051, -0.01]
[-0.388, 0.053, -0.01]
[-0.391, 0.056, -0.009]
[-0.39, 0.059, -0.007]
[-0.391, 0.06, -0.004]
[-0.39, 0.062, -0.001]
[-0.388, 0.063, 0.003]
[-0.387, 0.064, 0.007]
[-0.387, 0.065, 0.011]
[-0.386, 0.067, 0.015]
[-0.381, 0.07, 0.021]
[-0.372, 0.071, 0.027]
[-0.363, 0.072, 0.033]
[-0.356, 0.073, 0.037]
[-0.35, 0.074, 0.041]
[-0.344, 0.074, 0.045]
[-0.338, 0.075, 0.049]
[-0.331, 0.076, 0.052]
[-0.326, 0.076, 0.055]
[-0.322, 0.077, 0.058]
[-0.321, 0.078, 0.061]
[-0.32, 0.079, 0.063]
[-0.319, 0.08, 0.065]
[-0.318, 0.081, 0.067]
[-0.317, 0.081, 0.068]
[-0.318, 0.082, 0.069]
[-0.318, 0.083, 0.069]
[-0.319, 0.084, 0.069]
[-0.319, 0.085, 0.067]
[-0.319, 0.085, 0.065]
[-0.32, 0.085, 0.063]
[-0.323, 0.085, 0.062]
[-0.324, 0.085, 0.06]
[-0.326, 0.085, 0.058]
[-0.33, 0.085, 0.055]
[-0.333, 0.085, 0.052]
[-0.335, 0.085, 0.048]
[-0.337, 0.084, 0.046]
[-0.337, 0.083, 0.044]
[-0.338, 0.082, 0.041]
[-0.337, 0.08, 0.038]
[-0.338, 0.079, 0.034]
[-0.338, 0.078, 0.031]
[-0.335, 0.076, 0.025]
[-0.335, 0.076, 0.025]
[-0.333, 0.075, 0.021]
[-0.332, 0.074, 0.019]
[-0.332, 0.073, 0.015]
[-0.332, 0.072, 0.012]
[-0.332, 0.071, 0.009]
[-0.331, 0.071, 0.006]
[-0.33, 0.07, 0.003]
[-0.328, 0.069, 0.001]
[-0.325, 0.067, -0.002]
[-0.322, 0.066, -0.004]
[-0.319, 0.065, -0.007]
[-0.317, 0.064, -0.01]
[-0.315, 0.064, -0.012]
[-0.313, 0.063, -0.015]
[-0.313, 0.062, -0.018]
[-0.311, 0.061, -0.02]
[-0.311, 0.06, -0.022]
[-0.312, 0.059, -0.026]
[-0.312, 0.057, -0.029]
[-0.314, 0.056, -0.033]
[-0.315, 0.055, -0.036]
[-0.317, 0.054, -0.039]
[-0.321, 0.052, -0.041]
[-0.324, 0.051, -0.043]
[-0.326, 0.049, -0.045]
[-0.329, 0.048, -0.047]
[-0.329, 0.046, -0.048]
[-0.33, 0.044, -0.049]
[-0.331, 0.043, -0.05]
[-0.331, 0.041, -0.05]
[-0.332, 0.04, -0.051]
[-0.333, 0.039, -0.052]
[-0.334, 0.037, -0.054]
[-0.338, 0.034, -0.057]
[-0.338, 0.034, -0.057]
[-0.339, 0.032, -0.059]
[-0.342, 0.031, -0.06]
[-0.344, 0.028, -0.062]
[-0.344, 0.028, -0.062]
[-0.346, 0.026, -0.063]
[-0.346, 0.025, -0.063]
[-0.348, 0.024, -0.064]
[-0.349, 0.023, -0.065]
[-0.347, 0.022, -0.066]
[-0.345, 0.021, -0.066]
[-0.343, 0.02, -0.067]
[-0.341, 0.019, -0.067]
[-0.341, 0.018, -0.067]
[-0.341, 0.017, -0.068]
[-0.339, 0.016, -0.07]
[-0.339, 0.015, -0.072]
[-0.34, 0.014, -0.074]
[-0.34, 0.012, -0.076]
[-0.342, 0.011, -0.078]
[-0.342, 0.01, -0.079]
[-0.344, 0.01, -0.078]
[-0.344, 0.009, -0.078]
[-0.345, 0.009, -0.079]
[-0.346, 0.009, -0.079]
[-0.345, 0.009, -0.08]
[-0.345, 0.008, -0.081]
[-0.343, 0.008, -0.081]
[-0.341, 0.007, -0.081]
[-0.34, 0.007, -0.081]
[-0.339, 0.006, -0.082]
[-0.339, 0.006, -0.083]
[-0.338, 0.005, -0.086]
[-0.338, 0.005, -0.086]
[-0.336, 0.004, -0.087]
[-0.334, 0.003, -0.088]
[-0.331, 0.001, -0.089]
[-0.331, 0.001, -0.089]
[-0.331, 0.001, -0.091]
[-0.332, -0.0, -0.092]
[-0.331, -0.001, -0.094]
[-0.33, -0.002, -0.095]
[-0.328, -0.003, -0.097]
[-0.325, -0.005, -0.098]
[-0.321, -0.006, -0.1]
[-0.319, -0.007, -0.101]
[-0.317, -0.009, -0.103]
[-0.315, -0.01, -0.104]
[-0.315, -0.011, -0.106]
[-0.315, -0.013, -0.109]
[-0.315, -0.014, -0.111]
[-0.315, -0.015, -0.112]
[-0.315, -0.017, -0.114]
[-0.314, -0.018, -0.116]
[-0.314, -0.019, -0.117]
[-0.315, -0.021, -0.119]
[-0.315, -0.022, -0.122]
[-0.318, -0.023, -0.124]
[-0.319, -0.025, -0.127]
[-0.32, -0.026, -0.131]
[-0.322, -0.028, -0.135]
[-0.323, -0.029, -0.139]
[-0.326, -0.03, -0.142]
[-0.328, -0.032, -0.146]
[-0.331, -0.033, -0.149]
[-0.331, -0.034, -0.152]
[-0.332, -0.036, -0.155]
[-0.334, -0.038, -0.157]
[-0.334, -0.04, -0.159]
[-0.334, -0.042, -0.163]
[-0.333, -0.044, -0.166]
[-0.331, -0.045, -0.171]
[-0.33, -0.048, -0.178]
[-0.33, -0.048, -0.178]
[-0.33, -0.049, -0.181]
[-0.331, -0.051, -0.183]
[-0.332, -0.053, -0.184]
[-0.332, -0.054, -0.186]
[-0.332, -0.055, -0.186]
[-0.332, -0.055, -0.187]
[-0.335, -0.055, -0.189]
[-0.336, -0.054, -0.19]
[-0.336, -0.054, -0.19]
[-0.336, -0.054, -0.19]
[-0.333, -0.054, -0.19]
[-0.333, -0.053, -0.19]
[-0.334, -0.05, -0.187]
[-0.338, -0.047, -0.184]
[-0.342, -0.045, -0.18]
[-0.344, -0.044, -0.176]
[-0.344, -0.043, -0.174]
[-0.343, -0.042, -0.171]
[-0.341, -0.041, -0.17]
[-0.337, -0.04, -0.169]
[-0.334, -0.039, -0.167]
[-0.33, -0.038, -0.166]
[-0.327, -0.037, -0.162]
[-0.325, -0.036, -0.158]
[-0.324, -0.035, -0.155]
[-0.323, -0.035, -0.15]
[-0.324, -0.034, -0.147]
[-0.324, -0.033, -0.143]
[-0.325, -0.032, -0.139]
[-0.324, -0.031, -0.135]
[-0.324, -0.03, -0.13]
[-0.324, -0.029, -0.126]
[-0.323, -0.028, -0.123]
[-0.322, -0.027, -0.121]
[-0.321, -0.025, -0.12]
[-0.321, -0.024, -0.119]
[-0.32, -0.023, -0.119]
[-0.319, -0.023, -0.117]
[-0.317, -0.022, -0.115]
[-0.313, -0.022, -0.113]
[-0.31, -0.02, -0.11]
[-0.308, -0.019, -0.109]
[-0.309, -0.018, -0.107]
[-0.31, -0.017, -0.106]
[-0.311, -0.017, -0.104]
[-0.314, -0.015, -0.102]
[-0.314, -0.015, -0.102]
[-0.315, -0.015, -0.101]
[-0.315, -0.014, -0.099]
[-0.314, -0.013, -0.097]
[-0.313, -0.013, -0.095]
[-0.312, -0.012, -0.093]
[-0.311, -0.012, -0.093]
[-0.311, -0.011, -0.092]
[-0.31, -0.01, -0.091]
[-0.31, -0.009, -0.09]
[-0.309, -0.008, -0.089]
[-0.309, -0.007, -0.088]
[-0.309, -0.007, -0.088]
[-0.309, -0.007, -0.088]
[-0.311, -0.006, -0.088]
[-0.312, -0.004, -0.085]
[-0.312, -0.003, -0.081]
[-0.311, -0.002, -0.076]
[-0.31, -0.001, -0.072]
[-0.309, -0.0, -0.069]
[-0.308, 0.001, -0.067]
[-0.307, 0.003, -0.064]
[-0.306, 0.005, -0.061]
[-0.304, 0.007, -0.057]
[-0.303, 0.01, -0.053]
[-0.303, 0.012, -0.05]
[-0.303, 0.015, -0.048]
[-0.308, 0.017, -0.045]
[-0.31, 0.019, -0.041]
[-0.317, 0.021, -0.037]
[-0.322, 0.023, -0.033]
[-0.327, 0.026, -0.027]
[-0.327, 0.026, -0.027]
[-0.328, 0.028, -0.025]
[-0.329, 0.029, -0.023]
[-0.333, 0.033, -0.02]
[-0.333, 0.033, -0.02]
[-0.338, 0.035, -0.017]
[-0.343, 0.036, -0.016]
[-0.347, 0.038, -0.014]
[-0.348, 0.04, -0.012]
[-0.348, 0.041, -0.011]
[-0.347, 0.043, -0.008]
[-0.348, 0.044, -0.006]
[-0.349, 0.046, -0.005]
[-0.35, 0.047, -0.002]
[-0.353, 0.048, -0.0]
[-0.356, 0.05, 0.002]
[-0.359, 0.052, 0.003]
[-0.364, 0.054, 0.004]
[-0.367, 0.056, 0.004]
[-0.37, 0.059, 0.005]
[-0.374, 0.061, 0.007]
[-0.38, 0.063, 0.009]
[-0.38, 0.063, 0.009]
[-0.383, 0.065, 0.008]
[-0.388, 0.066, 0.005]
[-0.391, 0.068, 0.003]
[-0.398, 0.069, 0.001]
[-0.405, 0.069, -0.001]
[-0.413, 0.068, -0.002]
[-0.421, 0.068, -0.003]
[-0.427, 0.067, -0.005]
[-0.431, 0.066, -0.005]
[-0.434, 0.065, -0.006]
[-0.436, 0.064, -0.006]
[-0.438, 0.064, -0.005]
[-0.438, 0.064, -0.004]
[-0.442, 0.065, -0.003]
[-0.45, 0.068, -0.004]
[-0.458, 0.071, -0.005]
[-0.461, 0.073, -0.006]
[-0.458, 0.074, -0.006]
[-0.451, 0.075, -0.004]
[-0.446, 0.076, -0.002]
[-0.442, 0.077, 0.001]
[-0.444, 0.078, 0.004]
[-0.45, 0.079, 0.009]
[-0.461, 0.082, 0.023]
[-0.461, 0.082, 0.023]
[-0.468, 0.084, 0.032]
[-0.473, 0.086, 0.04]
[-0.477, 0.088, 0.047]
[-0.483, 0.094, 0.058]
[-0.483, 0.094, 0.058]
[-0.488, 0.097, 0.065]
[-0.495, 0.1, 0.072]
[-0.502, 0.103, 0.079]
[-0.51, 0.105, 0.085]
[-0.515, 0.108, 0.09]
[-0.524, 0.111, 0.096]
[-0.543, 0.114, 0.105]
[-0.554, 0.116, 0.113]
[-0.559, 0.118, 0.121]
[-0.561, 0.121, 0.129]
[-0.556, 0.123, 0.136]
[-0.553, 0.125, 0.143]
[-0.55, 0.127, 0.147]
[-0.551, 0.128, 0.152]
[-0.553, 0.129, 0.155]
[-0.558, 0.129, 0.159]
[-0.564, 0.129, 0.161]
[-0.57, 0.13, 0.164]
[-0.575, 0.131, 0.167]
[-0.577, 0.132, 0.169]
[-0.576, 0.133, 0.172]
[-0.575, 0.134, 0.174]
[-0.571, 0.134, 0.176]
[-0.568, 0.133, 0.177]
[-0.564, 0.133, 0.179]
[-0.563, 0.134, 0.18]
[-0.562, 0.135, 0.182]
[-0.56, 0.136, 0.183]
[-0.559, 0.137, 0.185]
[-0.556, 0.138, 0.186]
[-0.554, 0.139, 0.186]
[-0.553, 0.14, 0.186]
[-0.551, 0.14, 0.187]
[-0.549, 0.14, 0.189]
[-0.549, 0.14, 0.189]
[-0.548, 0.14, 0.189]
[-0.549, 0.14, 0.19]
[-0.551, 0.141, 0.19]
[-0.551, 0.141, 0.19]
[-0.551, 0.141, 0.189]
[-0.552, 0.142, 0.188]
[-0.55, 0.142, 0.186]
[-0.55, 0.142, 0.185]
[-0.547, 0.142, 0.184]
[-0.547, 0.142, 0.183]
[-0.547, 0.141, 0.181]
[-0.547, 0.141, 0.179]
[-0.548, 0.14, 0.178]
[-0.548, 0.14, 0.177]
[-0.547, 0.139, 0.176]
[-0.547, 0.139, 0.176]
[-0.545, 0.138, 0.175]
[-0.543, 0.138, 0.175]
[-0.542, 0.137, 0.174]
[-0.542, 0.136, 0.173]
[-0.541, 0.135, 0.172]
[-0.537, 0.134, 0.171]
[-0.533, 0.133, 0.17]
[-0.529, 0.133, 0.169]
[-0.527, 0.131, 0.169]
[-0.527, 0.131, 0.168]
[-0.525, 0.13, 0.168]
[-0.526, 0.129, 0.167]
[-0.528, 0.128, 0.166]
[-0.529, 0.128, 0.165]
[-0.534, 0.128, 0.163]
[-0.537, 0.126, 0.159]
[-0.538, 0.124, 0.153]
[-0.54, 0.122, 0.147]
[-0.541, 0.119, 0.14]
[-0.539, 0.117, 0.131]
[-0.54, 0.116, 0.123]
[-0.536, 0.114, 0.116]
[-0.532, 0.112, 0.11]
[-0.527, 0.11, 0.105]
[-0.522, 0.108, 0.1]
[-0.52, 0.106, 0.095]
[-0.513, 0.103, 0.09]
[-0.508, 0.1, 0.084]
[-0.503, 0.097, 0.079]
[-0.501, 0.093, 0.073]
[-0.5, 0.088, 0.065]
[-0.497, 0.083, 0.058]
[-0.494, 0.079, 0.052]
[-0.492, 0.075, 0.046]
[-0.489, 0.072, 0.04]
[-0.486, 0.068, 0.034]
[-0.483, 0.065, 0.028]
[-0.482, 0.06, 0.018]
[-0.482, 0.06, 0.018]
[-0.483, 0.058, 0.012]
[-0.484, 0.055, 0.007]
[-0.485, 0.053, 0.003]
[-0.486, 0.051, -0.001]
[-0.489, 0.05, -0.004]
[-0.493, 0.048, -0.007]
[-0.497, 0.046, -0.009]
[-0.5, 0.044, -0.011]
[-0.504, 0.042, -0.013]
[-0.506, 0.041, -0.014]
[-0.508, 0.039, -0.015]
[-0.511, 0.038, -0.017]
[-0.513, 0.036, -0.018]
[-0.516, 0.035, -0.02]
[-0.518, 0.035, -0.022]
[-0.522, 0.033, -0.025]
[-0.525, 0.032, -0.027]
[-0.529, 0.031, -0.028]
[-0.535, 0.03, -0.029]
[-0.542, 0.029, -0.03]
[-0.549, 0.028, -0.031]
[-0.555, 0.027, -0.032]
[-0.56, 0.027, -0.032]
[-0.565, 0.026, -0.034]
[-0.57, 0.025, -0.036]
[-0.577, 0.024, -0.037]
[-0.586, 0.023, -0.039]
[-0.591, 0.022, -0.04]
[-0.598, 0.022, -0.041]
[-0.604, 0.021, -0.041]
[-0.608, 0.021, -0.041]
[-0.618, 0.021, -0.04]
[-0.618, 0.021, -0.04]
[-0.62, 0.021, -0.04]
[-0.621, 0.021, -0.041]
[-0.618, 0.019, -0.046]
[-0.618, 0.019, -0.046]
[-0.614, 0.019, -0.049]
[-0.609, 0.018, -0.051]
[-0.607, 0.018, -0.053]
[-0.605, 0.017, -0.053]
[-0.605, 0.016, -0.055]
[-0.606, 0.015, -0.055]
[-0.606, 0.012, -0.057]
[-0.604, 0.008, -0.058]
[-0.604, 0.004, -0.059]
[-0.604, -0.0, -0.061]
[-0.602, -0.003, -0.064]
[-0.604, -0.005, -0.067]
[-0.606, -0.007, -0.07]
[-0.607, -0.008, -0.073]
[-0.61, -0.009, -0.075]
[-0.613, -0.009, -0.08]
[-0.614, -0.01, -0.085]
[-0.613, -0.011, -0.09]
[-0.611, -0.012, -0.096]
[-0.612, -0.014, -0.102]
[-0.613, -0.017, -0.108]
[-0.62, -0.02, -0.113]
[-0.628, -0.024, -0.116]
[-0.633, -0.026, -0.121]
[-0.637, -0.027, -0.124]
[-0.641, -0.029, -0.127]
[-0.642, -0.029, -0.13]
[-0.641, -0.031, -0.132]
[-0.641, -0.031, -0.133]
[-0.638, -0.033, -0.134]
[-0.636, -0.034, -0.134]
[-0.634, -0.036, -0.135]
[-0.633, -0.038, -0.136]
[-0.633, -0.04, -0.137]
[-0.634, -0.041, -0.137]
[-0.635, -0.042, -0.136]
[-0.637, -0.043, -0.134]
[-0.638, -0.044, -0.133]
[-0.636, -0.044, -0.132]
[-0.635, -0.044, -0.132]
[-0.634, -0.044, -0.132]
[-0.63, -0.042, -0.135]
[-0.63, -0.042, -0.135]
[-0.629, -0.042, -0.136]
[-0.628, -0.041, -0.136]
[-0.625, -0.039, -0.134]
[-0.625, -0.039, -0.134]
[-0.623, -0.037, -0.134]
[-0.622, -0.036, -0.134]
[-0.622, -0.034, -0.133]
[-0.623, -0.031, -0.132]
[-0.625, -0.029, -0.128]
[-0.621, -0.027, -0.121]
[-0.615, -0.025, -0.113]
[-0.607, -0.023, -0.107]
[-0.6, -0.021, -0.103]
[-0.594, -0.019, -0.101]
[-0.587, -0.016, -0.097]
[-0.577, -0.014, -0.095]
[-0.563, -0.012, -0.093]
[-0.546, -0.009, -0.087]
[-0.529, -0.006, -0.081]
[-0.517, -0.004, -0.074]
[-0.509, -0.002, -0.068]
[-0.5, 0.001, -0.062]
[-0.49, 0.004, -0.057]
[-0.479, 0.008, -0.052]
[-0.471, 0.012, -0.048]
[-0.462, 0.015, -0.044]
[-0.457, 0.018, -0.04]
[-0.454, 0.021, -0.038]
[-0.45, 0.024, -0.036]
[-0.449, 0.026, -0.034]
[-0.447, 0.028, -0.032]
[-0.444, 0.029, -0.029]
[-0.44, 0.03, -0.027]
[-0.434, 0.032, -0.024]
[-0.429, 0.034, -0.021]
[-0.424, 0.038, -0.014]
[-0.424, 0.038, -0.014]
[-0.42, 0.041, -0.011]
[-0.416, 0.043, -0.009]
[-0.412, 0.044, -0.007]
[-0.408, 0.046, -0.005]
[-0.404, 0.047, -0.003]
[-0.401, 0.049, -0.002]
[-0.397, 0.05, -0.001]
[-0.393, 0.052, -0.0]
[-0.389, 0.053, -0.0]
[-0.385, 0.054, 0.0]
[-0.38, 0.055, 0.0]
[-0.374, 0.055, -0.0]
[-0.369, 0.056, -0.0]
[-0.362, 0.056, 0.0]
[-0.356, 0.057, 0.001]
[-0.352, 0.058, 0.002]
[-0.351, 0.06, 0.003]
[-0.351, 0.062, 0.003]
[-0.351, 0.064, 0.004]
[-0.353, 0.067, 0.007]
[-0.353, 0.069, 0.012]
[-0.355, 0.072, 0.02]
[-0.359, 0.074, 0.027]
[-0.362, 0.076, 0.049]
[-0.362, 0.076, 0.049]
[-0.36, 0.076, 0.062]
[-0.359, 0.076, 0.076]
[-0.364, 0.078, 0.09]
[-0.369, 0.08, 0.102]
[-0.375, 0.081, 0.115]
[-0.38, 0.083, 0.132]
[-0.38, 0.083, 0.132]
[-0.38, 0.084, 0.138]
[-0.379, 0.084, 0.142]
[-0.376, 0.085, 0.146]
[-0.374, 0.086, 0.149]
[-0.373, 0.087, 0.151]
[-0.372, 0.087, 0.154]
[-0.371, 0.086, 0.156]
[-0.37, 0.085, 0.157]
[-0.366, 0.085, 0.157]
[-0.362, 0.085, 0.157]
[-0.357, 0.084, 0.156]
[-0.352, 0.084, 0.156]
[-0.346, 0.084, 0.155]
[-0.34, 0.084, 0.155]
[-0.33, 0.084, 0.155]
[-0.319, 0.084, 0.154]
[-0.308, 0.084, 0.152]
[-0.298, 0.084, 0.149]
[-0.291, 0.084, 0.146]
[-0.286, 0.084, 0.142]
[-0.279, 0.084, 0.137]
[-0.274, 0.084, 0.131]
[-0.268, 0.085, 0.125]
[-0.261, 0.084, 0.119]
[-0.254, 0.084, 0.113]
[-0.245, 0.084, 0.105]
[-0.229, 0.082, 0.091]
[-0.229, 0.082, 0.091]
[-0.223, 0.082, 0.083]
[-0.217, 0.081, 0.077]
[-0.211, 0.079, 0.069]
[-0.205, 0.078, 0.063]
[-0.199, 0.076, 0.057]
[-0.194, 0.075, 0.052]
[-0.185, 0.073, 0.048]
[-0.176, 0.071, 0.046]
[-0.165, 0.069, 0.043]
[-0.153, 0.068, 0.038]
[-0.136, 0.066, 0.025]
[-0.136, 0.066, 0.025]
[-0.13, 0.065, 0.019]
[-0.121, 0.065, 0.013]
[-0.111, 0.065, 0.008]
[-0.101, 0.064, 0.004]
[-0.09, 0.064, -0.001]
[-0.078, 0.062, -0.004]
[-0.068, 0.061, -0.007]
[-0.059, 0.059, -0.01]
[-0.052, 0.058, -0.013]
[-0.045, 0.056, -0.016]
[-0.04, 0.053, -0.019]
[-0.036, 0.051, -0.022]
[-0.032, 0.049, -0.024]
[-0.028, 0.047, -0.026]
[-0.025, 0.045, -0.028]
[-0.023, 0.044, -0.03]
[-0.021, 0.042, -0.032]
[-0.019, 0.041, -0.033]
[-0.019, 0.041, -0.034]
[-0.018, 0.04, -0.035]
[-0.017, 0.039, -0.037]
[-0.017, 0.038, -0.038]
[-0.017, 0.037, -0.039]
[-0.016, 0.036, -0.04]
[-0.016, 0.032, -0.041]
[-0.016, 0.032, -0.041]
[-0.016, 0.031, -0.042]
[-0.017, 0.03, -0.043]
[-0.017, 0.03, -0.044]
[-0.016, 0.03, -0.045]
[-0.015, 0.029, -0.045]
[-0.013, 0.029, -0.045]
[-0.013, 0.029, -0.045]
[-0.014, 0.029, -0.045]
[-0.015, 0.029, -0.046]
[-0.017, 0.029, -0.048]
[-0.019, 0.029, -0.049]
[-0.019, 0.029, -0.05]
[-0.02, 0.029, -0.051]
[-0.02, 0.029, -0.052]
[-0.02, 0.029, -0.053]
[-0.021, 0.029, -0.055]
[-0.022, 0.029, -0.056]
[-0.022, 0.03, -0.056]
[-0.023, 0.03, -0.057]
[-0.023, 0.029, -0.057]
[-0.024, 0.029, -0.058]
[-0.026, 0.029, -0.058]
[-0.029, 0.028, -0.058]
[-0.03, 0.028, -0.058]
[-0.031, 0.027, -0.059]
[-0.03, 0.027, -0.06]
[-0.029, 0.027, -0.062]
[-0.028, 0.027, -0.063]
[-0.029, 0.027, -0.065]
[-0.029, 0.027, -0.065]
[-0.029, 0.027, -0.065]
[-0.029, 0.027, -0.066]
[-0.028, 0.027, -0.066]
[-0.028, 0.027, -0.066]
[-0.028, 0.028, -0.065]
[-0.03, 0.028, -0.065]
[-0.031, 0.029, -0.064]
