start livelink
[-0.03, 0.016, -0.078]
[-0.029, 0.016, -0.079]
[-0.031, 0.015, -0.081]
[-0.031, 0.014, -0.081]
[-0.037, 0.014, -0.082]
[-0.04, 0.014, -0.079]
[-0.037, 0.016, -0.076]
[-0.031, 0.028, -0.071]
[-0.053, 0.034, -0.058]
[-0.033, 0.03, -0.059]
[-0.039, 0.023, -0.061]
[-0.045, 0.017, -0.061]
[-0.045, 0.014, -0.065]
[-0.053, 0.013, -0.066]
[-0.054, 0.014, -0.068]
[-0.056, 0.016, -0.07]
[-0.054, 0.017, -0.071]
[-0.053, 0.018, -0.071]
[-0.054, 0.018, -0.07]
[-0.053, 0.019, -0.069]
[-0.054, 0.019, -0.068]
[-0.056, 0.02, -0.066]
[-0.06, 0.02, -0.063]
[-0.065, 0.021, -0.06]
[-0.07, 0.022, -0.057]
[-0.075, 0.023, -0.055]
[-0.081, 0.023, -0.054]
[-0.102, 0.024, -0.05]
[-0.102, 0.024, -0.05]
[-0.122, 0.023, -0.046]
[-0.138, 0.022, -0.041]
[-0.148, 0.021, -0.037]
[-0.157, 0.02, -0.034]
[-0.164, 0.019, -0.033]
[-0.171, 0.019, -0.032]
[-0.178, 0.019, -0.031]
[-0.185, 0.019, -0.03]
[-0.195, 0.019, -0.03]
[-0.208, 0.019, -0.03]
[-0.223, 0.02, -0.031]
[-0.236, 0.02, -0.032]
[-0.249, 0.02, -0.033]
[-0.258, 0.019, -0.034]
[-0.268, 0.018, -0.034]
[-0.275, 0.018, -0.035]
[-0.282, 0.017, -0.036]
[-0.289, 0.016, -0.036]
[-0.297, 0.015, -0.036]
[-0.305, 0.015, -0.038]
[-0.314, 0.014, -0.041]
[-0.327, 0.014, -0.045]
[-0.342, 0.013, -0.051]
[-0.361, 0.013, -0.056]
[-0.383, 0.012, -0.061]
[-0.407, 0.01, -0.066]
[-0.432, 0.009, -0.069]
[-0.45, 0.008, -0.073]
[-0.457, 0.007, -0.077]
[-0.464, 0.006, -0.08]
[-0.468, 0.006, -0.084]
[-0.473, 0.005, -0.087]
[-0.482, 0.004, -0.092]
[-0.489, 0.003, -0.097]
[-0.496, 0.0, -0.103]
[-0.506, -0.003, -0.109]
[-0.517, -0.007, -0.118]
[-0.524, -0.011, -0.126]
[-0.531, -0.014, -0.133]
[-0.533, -0.017, -0.143]
[-0.534, -0.019, -0.151]
[-0.537, -0.022, -0.16]
[-0.541, -0.023, -0.17]
[-0.548, -0.024, -0.179]
[-0.555, -0.026, -0.187]
[-0.569, -0.029, -0.202]
[-0.569, -0.029, -0.202]
[-0.575, -0.03, -0.207]
[-0.581, -0.031, -0.211]
[-0.587, -0.031, -0.215]
[-0.594, -0.031, -0.22]
[-0.604, -0.032, -0.226]
[-0.612, -0.033, -0.232]
[-0.618, -0.033, -0.237]
[-0.623, -0.034, -0.24]
[-0.627, -0.035, -0.24]
[-0.631, -0.036, -0.24]
[-0.634, -0.037, -0.239]
[-0.636, -0.037, -0.238]
[-0.637, -0.037, -0.239]
[-0.637, -0.037, -0.24]
[-0.637, -0.036, -0.242]
[-0.638, -0.036, -0.243]
[-0.638, -0.036, -0.244]
[-0.64, -0.037, -0.244]
[-0.641, -0.037, -0.244]
[-0.642, -0.037, -0.244]
[-0.645, -0.037, -0.245]
[-0.646, -0.037, -0.245]
[-0.646, -0.038, -0.245]
[-0.647, -0.038, -0.244]
[-0.646, -0.038, -0.243]
[-0.644, -0.038, -0.243]
[-0.642, -0.038, -0.243]
[-0.637, -0.037, -0.245]
[-0.637, -0.037, -0.245]
[-0.636, -0.038, -0.246]
[-0.636, -0.038, -0.246]
[-0.636, -0.039, -0.247]
[-0.637, -0.04, -0.248]
[-0.637, -0.04, -0.249]
[-0.639, -0.039, -0.249]
[-0.644, -0.039, -0.249]
[-0.648, -0.038, -0.249]
[-0.651, -0.038, -0.248]
[-0.654, -0.038, -0.248]
[-0.656, -0.038, -0.247]
[-0.656, -0.038, -0.247]
[-0.654, -0.037, -0.244]
[-0.634, -0.03, -0.226]
[-0.634, -0.03, -0.226]
[-0.62, -0.029, -0.215]
[-0.615, -0.027, -0.208]
[-0.609, -0.025, -0.199]
[-0.603, -0.023, -0.191]
[-0.601, -0.021, -0.183]
[-0.603, -0.02, -0.175]
[-0.605, -0.018, -0.168]
[-0.608, -0.017, -0.162]
[-0.606, -0.015, -0.154]
[-0.599, -0.015, -0.146]
[-0.59, -0.016, -0.134]
[-0.585, -0.017, -0.124]
[-0.579, -0.018, -0.115]
[-0.573, -0.018, -0.106]
[-0.569, -0.016, -0.097]
[-0.567, -0.014, -0.087]
[-0.568, -0.011, -0.079]
[-0.57, -0.009, -0.072]
[-0.571, -0.008, -0.063]
[-0.572, -0.006, -0.055]
[-0.569, -0.005, -0.046]
[-0.568, -0.003, -0.04]
[-0.564, -0.001, -0.034]
[-0.56, 0.001, -0.03]
[-0.558, 0.004, -0.027]
[-0.556, 0.006, -0.025]
[-0.556, 0.008, -0.022]
[-0.556, 0.01, -0.019]
[-0.555, 0.011, -0.017]
[-0.555, 0.013, -0.015]
[-0.555, 0.015, -0.013]
[-0.553, 0.017, -0.011]
[-0.551, 0.018, -0.009]
[-0.545, 0.019, -0.006]
[-0.545, 0.019, -0.006]
[-0.543, 0.02, -0.005]
[-0.543, 0.021, -0.004]
[-0.541, 0.021, -0.003]
[-0.541, 0.022, -0.003]
[-0.537, 0.022, -0.003]
[-0.53, 0.022, -0.003]
[-0.517, 0.021, -0.003]
[-0.517, 0.021, -0.003]
[-0.514, 0.02, -0.002]
[-0.511, 0.021, -0.002]
[-0.507, 0.021, -0.002]
[-0.504, 0.021, -0.002]
[-0.499, 0.021, -0.002]
[-0.495, 0.021, -0.002]
[-0.493, 0.021, -0.002]
[-0.491, 0.021, -0.003]
[-0.49, 0.021, -0.004]
[-0.488, 0.021, -0.005]
[-0.488, 0.02, -0.005]
[-0.487, 0.02, -0.006]
[-0.487, 0.019, -0.006]
[-0.487, 0.019, -0.007]
[-0.487, 0.019, -0.007]
[-0.488, 0.02, -0.009]
[-0.49, 0.021, -0.011]
[-0.492, 0.021, -0.013]
[-0.495, 0.022, -0.015]
[-0.496, 0.023, -0.017]
[-0.498, 0.024, -0.018]
[-0.498, 0.024, -0.019]
[-0.494, 0.025, -0.018]
[-0.489, 0.025, -0.017]
[-0.483, 0.024, -0.017]
[-0.476, 0.024, -0.017]
[-0.471, 0.023, -0.018]
[-0.467, 0.023, -0.02]
[-0.463, 0.022, -0.021]
[-0.457, 0.021, -0.024]
[-0.449, 0.02, -0.026]
[-0.439, 0.019, -0.027]
[-0.431, 0.019, -0.028]
[-0.425, 0.018, -0.029]
[-0.42, 0.018, -0.031]
[-0.415, 0.019, -0.034]
[-0.41, 0.019, -0.037]
[-0.403, 0.019, -0.039]
[-0.396, 0.02, -0.039]
[-0.39, 0.02, -0.039]
[-0.385, 0.019, -0.039]
[-0.382, 0.018, -0.039]
[-0.379, 0.016, -0.039]
[-0.379, 0.016, -0.039]
[-0.379, 0.015, -0.04]
[-0.377, 0.013, -0.04]
[-0.377, 0.013, -0.04]
[-0.376, 0.012, -0.041]
[-0.375, 0.011, -0.043]
[-0.374, 0.01, -0.045]
[-0.372, 0.008, -0.047]
[-0.369, 0.007, -0.049]
[-0.367, 0.005, -0.051]
[-0.366, 0.003, -0.054]
[-0.366, 0.001, -0.057]
[-0.367, -0.0, -0.06]
[-0.367, -0.002, -0.062]
[-0.368, -0.003, -0.064]
[-0.368, -0.005, -0.065]
[-0.368, -0.006, -0.066]
[-0.368, -0.007, -0.067]
[-0.368, -0.009, -0.068]
[-0.366, -0.01, -0.068]
[-0.362, -0.014, -0.068]
[-0.362, -0.014, -0.068]
[-0.36, -0.015, -0.069]
[-0.359, -0.016, -0.07]
[-0.359, -0.018, -0.071]
[-0.36, -0.019, -0.073]
[-0.361, -0.02, -0.074]
[-0.361, -0.021, -0.075]
[-0.36, -0.022, -0.076]
[-0.36, -0.023, -0.077]
[-0.36, -0.024, -0.079]
[-0.362, -0.025, -0.081]
[-0.367, -0.026, -0.083]
[-0.371, -0.028, -0.085]
[-0.377, -0.029, -0.09]
[-0.382, -0.029, -0.092]
[-0.386, -0.03, -0.094]
[-0.39, -0.031, -0.095]
[-0.393, -0.032, -0.096]
[-0.396, -0.033, -0.099]
[-0.399, -0.035, -0.103]
[-0.403, -0.037, -0.11]
[-0.405, -0.039, -0.117]
[-0.405, -0.041, -0.122]
[-0.406, -0.042, -0.127]
[-0.405, -0.044, -0.131]
[-0.406, -0.045, -0.135]
[-0.407, -0.046, -0.139]
[-0.407, -0.048, -0.142]
[-0.41, -0.05, -0.146]
[-0.412, -0.051, -0.15]
[-0.413, -0.053, -0.154]
[-0.415, -0.054, -0.157]
[-0.415, -0.054, -0.159]
[-0.416, -0.054, -0.161]
[-0.418, -0.054, -0.164]
[-0.42, -0.055, -0.165]
[-0.423, -0.055, -0.167]
[-0.425, -0.056, -0.168]
[-0.427, -0.056, -0.168]
[-0.428, -0.057, -0.169]
[-0.429, -0.057, -0.17]
[-0.43, -0.057, -0.171]
[-0.432, -0.057, -0.171]
[-0.433, -0.057, -0.172]
[-0.434, -0.057, -0.172]
[-0.434, -0.057, -0.172]
[-0.435, -0.057, -0.173]
[-0.435, -0.057, -0.173]
[-0.434, -0.057, -0.173]
[-0.434, -0.057, -0.173]
[-0.433, -0.057, -0.173]
[-0.433, -0.056, -0.172]
[-0.433, -0.057, -0.172]
[-0.433, -0.057, -0.172]
[-0.434, -0.058, -0.172]
[-0.435, -0.058, -0.172]
[-0.437, -0.058, -0.171]
[-0.438, -0.058, -0.172]
[-0.438, -0.058, -0.172]
[-0.438, -0.057, -0.172]
[-0.437, -0.057, -0.172]
[-0.435, -0.057, -0.172]
[-0.434, -0.057, -0.171]
[-0.433, -0.056, -0.171]
[-0.433, -0.056, -0.171]
[-0.433, -0.056, -0.17]
[-0.433, -0.056, -0.169]
[-0.432, -0.056, -0.168]
[-0.431, -0.056, -0.167]
[-0.43, -0.055, -0.166]
[-0.431, -0.055, -0.165]
[-0.431, -0.054, -0.164]
[-0.433, -0.054, -0.163]
[-0.435, -0.054, -0.162]
[-0.437, -0.053, -0.162]
[-0.438, -0.053, -0.162]
[-0.438, -0.052, -0.162]
[-0.438, -0.053, -0.162]
[-0.438, -0.053, -0.163]
[-0.437, -0.053, -0.163]
[-0.437, -0.053, -0.163]
[-0.436, -0.053, -0.164]
[-0.435, -0.053, -0.164]
[-0.434, -0.053, -0.164]
[-0.431, -0.053, -0.163]
[-0.429, -0.053, -0.162]
[-0.427, -0.053, -0.161]
[-0.426, -0.053, -0.16]
[-0.426, -0.053, -0.16]
[-0.427, -0.052, -0.16]
[-0.429, -0.052, -0.16]
[-0.431, -0.052, -0.159]
[-0.433, -0.052, -0.159]
[-0.436, -0.052, -0.159]
[-0.437, -0.052, -0.159]
[-0.439, -0.052, -0.159]
[-0.441, -0.052, -0.159]
[-0.442, -0.052, -0.159]
[-0.443, -0.052, -0.158]
[-0.443, -0.052, -0.156]
[-0.442, -0.052, -0.155]
[-0.441, -0.051, -0.154]
[-0.439, -0.051, -0.153]
[-0.437, -0.051, -0.152]
[-0.437, -0.05, -0.152]
[-0.439, -0.05, -0.152]
[-0.443, -0.05, -0.151]
[-0.446, -0.048, -0.147]
[-0.447, -0.045, -0.142]
[-0.447, -0.045, -0.142]
[-0.447, -0.043, -0.141]
[-0.448, -0.043, -0.143]
[-0.449, -0.042, -0.146]
[-0.449, -0.042, -0.154]
[-0.444, -0.041, -0.164]
[-0.438, -0.041, -0.172]
[-0.434, -0.041, -0.179]
[-0.429, -0.041, -0.184]
[-0.421, -0.041, -0.189]
[-0.412, -0.042, -0.194]
[-0.401, -0.042, -0.198]
[-0.391, -0.043, -0.202]
[-0.382, -0.043, -0.205]
[-0.372, -0.043, -0.208]
[-0.362, -0.043, -0.212]
[-0.353, -0.042, -0.214]
[-0.345, -0.041, -0.216]
[-0.34, -0.04, -0.218]
[-0.337, -0.039, -0.22]
[-0.337, -0.038, -0.22]
[-0.341, -0.034, -0.214]
[-0.344, -0.031, -0.199]
[-0.349, -0.028, -0.18]
[-0.353, -0.027, -0.158]
[-0.35, -0.027, -0.143]
[-0.349, -0.028, -0.129]
[-0.343, -0.027, -0.112]
[-0.333, -0.024, -0.094]
[-0.324, -0.021, -0.075]
[-0.314, -0.019, -0.059]
[-0.306, -0.017, -0.045]
[-0.299, -0.015, -0.031]
[-0.289, -0.012, -0.018]
[-0.284, -0.01, -0.005]
[-0.277, -0.007, 0.007]
[-0.272, -0.004, 0.018]
[-0.267, -0.002, 0.028]
[-0.263, 0.001, 0.037]
[-0.258, 0.005, 0.05]
[-0.258, 0.005, 0.05]
[-0.257, 0.007, 0.056]
[-0.258, 0.01, 0.063]
[-0.258, 0.012, 0.07]
[-0.257, 0.015, 0.078]
[-0.262, 0.02, 0.092]
[-0.262, 0.02, 0.092]
[-0.263, 0.023, 0.1]
[-0.263, 0.026, 0.108]
[-0.26, 0.029, 0.115]
[-0.255, 0.031, 0.122]
[-0.251, 0.034, 0.128]
[-0.246, 0.035, 0.134]
[-0.24, 0.037, 0.141]
[-0.235, 0.039, 0.149]
[-0.23, 0.041, 0.156]
[-0.227, 0.043, 0.162]
[-0.225, 0.045, 0.168]
[-0.223, 0.047, 0.172]
[-0.222, 0.049, 0.176]
[-0.222, 0.051, 0.18]
[-0.224, 0.052, 0.184]
[-0.224, 0.052, 0.184]
[-0.226, 0.053, 0.186]
[-0.228, 0.054, 0.187]
[-0.229, 0.054, 0.189]
[-0.23, 0.055, 0.191]
[-0.231, 0.057, 0.193]
[-0.232, 0.058, 0.195]
[-0.234, 0.059, 0.196]
[-0.234, 0.06, 0.197]
[-0.235, 0.061, 0.197]
[-0.233, 0.062, 0.196]
[-0.233, 0.062, 0.196]
[-0.232, 0.062, 0.196]
[-0.23, 0.062, 0.196]
[-0.229, 0.062, 0.195]
[-0.229, 0.062, 0.193]
[-0.232, 0.063, 0.189]
[-0.238, 0.063, 0.185]
[-0.242, 0.062, 0.18]
[-0.243, 0.062, 0.173]
[-0.24, 0.061, 0.164]
[-0.237, 0.059, 0.154]
[-0.236, 0.058, 0.145]
[-0.234, 0.057, 0.136]
[-0.232, 0.056, 0.128]
[-0.229, 0.055, 0.121]
[-0.224, 0.053, 0.116]
[-0.219, 0.052, 0.111]
[-0.215, 0.05, 0.107]
[-0.213, 0.048, 0.102]
[-0.211, 0.047, 0.098]
[-0.209, 0.045, 0.093]
[-0.209, 0.043, 0.088]
[-0.207, 0.041, 0.083]
[-0.205, 0.039, 0.077]
[-0.204, 0.036, 0.066]
[-0.204, 0.036, 0.066]
[-0.203, 0.034, 0.061]
[-0.2, 0.031, 0.055]
[-0.197, 0.03, 0.05]
[-0.195, 0.028, 0.045]
[-0.195, 0.026, 0.039]
[-0.197, 0.025, 0.032]
[-0.203, 0.023, 0.026]
[-0.211, 0.02, 0.019]
[-0.218, 0.018, 0.013]
[-0.226, 0.015, 0.006]
[-0.231, 0.012, -0.001]
[-0.231, 0.009, -0.009]
[-0.229, 0.006, -0.019]
[-0.223, 0.003, -0.028]
[-0.218, 0.0, -0.039]
[-0.215, -0.003, -0.049]
[-0.213, -0.007, -0.059]
[-0.211, -0.011, -0.067]
[-0.209, -0.014, -0.076]
[-0.206, -0.017, -0.084]
[-0.205, -0.019, -0.092]
[-0.204, -0.022, -0.098]
[-0.201, -0.026, -0.106]
[-0.197, -0.029, -0.112]
[-0.192, -0.032, -0.119]
[-0.186, -0.034, -0.125]
[-0.181, -0.037, -0.13]
[-0.177, -0.039, -0.135]
[-0.174, -0.04, -0.138]
[-0.168, -0.042, -0.142]
[-0.163, -0.043, -0.146]
[-0.156, -0.045, -0.15]
[-0.15, -0.046, -0.153]
[-0.146, -0.048, -0.156]
[-0.144, -0.049, -0.159]
[-0.142, -0.051, -0.163]
[-0.142, -0.053, -0.166]
[-0.142, -0.054, -0.17]
[-0.142, -0.056, -0.173]
[-0.144, -0.058, -0.177]
[-0.146, -0.06, -0.183]
[-0.148, -0.062, -0.191]
[-0.155, -0.063, -0.199]
[-0.164, -0.065, -0.207]
[-0.17, -0.067, -0.213]
[-0.175, -0.069, -0.218]
[-0.177, -0.071, -0.222]
[-0.176, -0.072, -0.226]
[-0.174, -0.073, -0.23]
[-0.174, -0.075, -0.233]
[-0.176, -0.076, -0.236]
[-0.181, -0.077, -0.239]
[-0.188, -0.078, -0.243]
[-0.196, -0.08, -0.247]
[-0.203, -0.081, -0.25]
[-0.21, -0.082, -0.252]
[-0.218, -0.083, -0.255]
[-0.229, -0.083, -0.258]
[-0.242, -0.084, -0.261]
[-0.261, -0.083, -0.263]
[-0.277, -0.082, -0.262]
[-0.291, -0.081, -0.261]
[-0.303, -0.079, -0.258]
[-0.314, -0.079, -0.256]
[-0.324, -0.079, -0.254]
[-0.337, -0.077, -0.251]
[-0.352, -0.076, -0.249]
[-0.369, -0.074, -0.245]
[-0.384, -0.072, -0.238]
[-0.398, -0.069, -0.232]
[-0.411, -0.067, -0.224]
[-0.424, -0.065, -0.216]
[-0.428, -0.063, -0.206]
[-0.429, -0.062, -0.193]
[-0.433, -0.06, -0.182]
[-0.439, -0.059, -0.171]
[-0.449, -0.058, -0.16]
[-0.463, -0.057, -0.152]
[-0.488, -0.053, -0.139]
[-0.488, -0.053, -0.139]
[-0.501, -0.051, -0.134]
[-0.511, -0.049, -0.13]
[-0.521, -0.047, -0.124]
[-0.528, -0.045, -0.119]
[-0.538, -0.043, -0.112]
[-0.549, -0.04, -0.105]
[-0.561, -0.037, -0.098]
[-0.572, -0.034, -0.093]
[-0.584, -0.03, -0.088]
[-0.598, -0.023, -0.084]
[-0.622, -0.011, -0.079]
[-0.622, -0.011, -0.079]
[-0.628, -0.006, -0.077]
[-0.634, -0.002, -0.075]
[-0.636, 0.003, -0.073]
[-0.639, 0.007, -0.07]
[-0.639, 0.011, -0.068]
[-0.637, 0.014, -0.067]
[-0.636, 0.019, -0.066]
[-0.632, 0.022, -0.066]
[-0.629, 0.025, -0.066]
[-0.629, 0.028, -0.067]
[-0.631, 0.03, -0.067]
[-0.628, 0.032, -0.068]
[-0.623, 0.035, -0.071]
[-0.623, 0.035, -0.071]
[-0.62, 0.036, -0.074]
[-0.621, 0.037, -0.077]
[-0.623, 0.038, -0.08]
[-0.625, 0.038, -0.083]
[-0.627, 0.038, -0.085]
[-0.628, 0.038, -0.087]
[-0.63, 0.037, -0.089]
[-0.632, 0.037, -0.09]
[-0.634, 0.037, -0.091]
[-0.639, 0.037, -0.089]
[-0.639, 0.037, -0.089]
[-0.642, 0.038, -0.088]
[-0.644, 0.038, -0.086]
[-0.647, 0.038, -0.085]
[-0.647, 0.038, -0.084]
[-0.646, 0.039, -0.083]
[-0.645, 0.039, -0.082]
[-0.644, 0.04, -0.082]
[-0.643, 0.041, -0.082]
[-0.644, 0.041, -0.082]
[-0.643, 0.042, -0.08]
[-0.641, 0.042, -0.078]
[-0.638, 0.042, -0.076]
[-0.635, 0.043, -0.074]
[-0.632, 0.045, -0.071]
[-0.632, 0.045, -0.071]
[-0.629, 0.046, -0.07]
[-0.626, 0.048, -0.067]
[-0.624, 0.049, -0.065]
[-0.622, 0.051, -0.062]
[-0.622, 0.053, -0.059]
[-0.626, 0.055, -0.057]
[-0.628, 0.059, -0.054]
[-0.633, 0.063, -0.053]
[-0.635, 0.066, -0.051]
[-0.636, 0.069, -0.05]
[-0.636, 0.071, -0.05]
[-0.636, 0.073, -0.048]
[-0.636, 0.075, -0.047]
[-0.634, 0.077, -0.045]
[-0.634, 0.078, -0.042]
[-0.634, 0.08, -0.04]
[-0.635, 0.081, -0.039]
[-0.638, 0.082, -0.038]
[-0.641, 0.083, -0.037]
[-0.643, 0.085, -0.035]
[-0.642, 0.086, -0.034]
[-0.64, 0.087, -0.033]
[-0.632, 0.086, -0.034]
[-0.632, 0.086, -0.034]
[-0.63, 0.085, -0.034]
[-0.629, 0.085, -0.035]
[-0.628, 0.085, -0.036]
[-0.628, 0.085, -0.036]
[-0.63, 0.085, -0.037]
[-0.629, 0.085, -0.037]
[-0.629, 0.085, -0.037]
[-0.628, 0.085, -0.036]
[-0.626, 0.084, -0.036]
[-0.623, 0.083, -0.035]
[-0.62, 0.082, -0.036]
[-0.615, 0.081, -0.037]
[-0.61, 0.08, -0.037]
[-0.606, 0.079, -0.038]
[-0.601, 0.078, -0.037]
[-0.596, 0.077, -0.036]
[-0.593, 0.076, -0.035]
[-0.592, 0.075, -0.035]
[-0.591, 0.075, -0.035]
[-0.592, 0.075, -0.035]
[-0.593, 0.074, -0.035]
[-0.593, 0.073, -0.035]
[-0.592, 0.073, -0.036]
[-0.591, 0.072, -0.036]
[-0.589, 0.072, -0.037]
[-0.588, 0.071, -0.037]
[-0.587, 0.071, -0.038]
[-0.587, 0.07, -0.038]
[-0.589, 0.07, -0.039]
[-0.59, 0.07, -0.039]
[-0.591, 0.069, -0.038]
[-0.593, 0.069, -0.039]
[-0.593, 0.068, -0.039]
[-0.593, 0.068, -0.039]
[-0.593, 0.067, -0.039]
[-0.592, 0.066, -0.039]
[-0.592, 0.065, -0.039]
[-0.591, 0.064, -0.039]
[-0.592, 0.063, -0.041]
[-0.593, 0.062, -0.041]
[-0.594, 0.061, -0.042]
[-0.595, 0.061, -0.044]
[-0.595, 0.06, -0.044]
[-0.595, 0.06, -0.045]
[-0.593, 0.059, -0.045]
[-0.593, 0.059, -0.045]
[-0.591, 0.058, -0.045]
[-0.589, 0.057, -0.045]
[-0.586, 0.056, -0.045]
[-0.581, 0.055, -0.045]
[-0.577, 0.054, -0.045]
[-0.572, 0.052, -0.046]
[-0.569, 0.051, -0.046]
[-0.567, 0.049, -0.047]
[-0.564, 0.048, -0.048]
[-0.56, 0.047, -0.048]
[-0.555, 0.045, -0.048]
[-0.545, 0.044, -0.046]
[-0.545, 0.044, -0.046]
[-0.541, 0.043, -0.045]
[-0.535, 0.043, -0.044]
[-0.531, 0.042, -0.044]
[-0.527, 0.042, -0.043]
[-0.522, 0.042, -0.043]
[-0.518, 0.041, -0.043]
[-0.515, 0.041, -0.042]
[-0.513, 0.041, -0.042]
[-0.513, 0.041, -0.041]
[-0.513, 0.041, -0.041]
[-0.513, 0.04, -0.041]
[-0.515, 0.04, -0.041]
[-0.517, 0.039, -0.042]
[-0.519, 0.038, -0.044]
[-0.521, 0.038, -0.045]
[-0.522, 0.037, -0.047]
[-0.523, 0.036, -0.05]
[-0.525, 0.035, -0.054]
[-0.528, 0.035, -0.059]
[-0.53, 0.033, -0.066]
[-0.533, 0.031, -0.073]
[-0.537, 0.029, -0.08]
[-0.541, 0.026, -0.086]
[-0.543, 0.024, -0.092]
[-0.537, 0.019, -0.104]
[-0.537, 0.019, -0.104]
[-0.525, 0.017, -0.111]
[-0.514, 0.014, -0.117]
[-0.5, 0.009, -0.133]
[-0.5, 0.009, -0.133]
[-0.497, 0.007, -0.142]
[-0.497, 0.005, -0.151]
[-0.497, 0.004, -0.158]
[-0.498, 0.001, -0.165]
[-0.501, -0.001, -0.173]
[-0.509, -0.004, -0.181]
[-0.518, -0.007, -0.189]
[-0.53, -0.009, -0.197]
[-0.541, -0.012, -0.204]
[-0.548, -0.014, -0.211]
[-0.552, -0.017, -0.217]
[-0.555, -0.02, -0.222]
[-0.556, -0.022, -0.226]
[-0.557, -0.023, -0.228]
[-0.558, -0.022, -0.23]
[-0.559, -0.022, -0.232]
[-0.56, -0.021, -0.234]
[-0.56, -0.022, -0.236]
[-0.561, -0.023, -0.238]
[-0.562, -0.024, -0.24]
[-0.565, -0.024, -0.242]
[-0.569, -0.025, -0.243]
[-0.574, -0.025, -0.245]
[-0.578, -0.026, -0.247]
[-0.581, -0.026, -0.248]
[-0.583, -0.027, -0.249]
[-0.581, -0.028, -0.251]
[-0.581, -0.028, -0.251]
[-0.579, -0.029, -0.252]
[-0.578, -0.029, -0.252]
[-0.577, -0.029, -0.252]
[-0.577, -0.029, -0.252]
[-0.577, -0.029, -0.252]
[-0.577, -0.029, -0.252]
[-0.576, -0.029, -0.252]
[-0.576, -0.029, -0.251]
[-0.576, -0.028, -0.251]
[-0.576, -0.028, -0.251]
[-0.576, -0.027, -0.251]
[-0.576, -0.027, -0.251]
[-0.576, -0.026, -0.252]
[-0.577, -0.025, -0.252]
[-0.579, -0.024, -0.252]
[-0.582, -0.024, -0.252]
[-0.583, -0.023, -0.25]
[-0.581, -0.02, -0.244]
[-0.576, -0.017, -0.237]
[-0.571, -0.015, -0.23]
[-0.568, -0.012, -0.223]
[-0.568, -0.011, -0.217]
[-0.57, -0.009, -0.211]
[-0.571, -0.007, -0.205]
[-0.572, -0.006, -0.199]
[-0.572, -0.005, -0.195]
[-0.57, -0.005, -0.192]
[-0.569, -0.003, -0.186]
[-0.569, -0.003, -0.186]
[-0.568, -0.002, -0.183]
[-0.568, -0.001, -0.179]
[-0.566, 0.0, -0.176]
[-0.566, 0.001, -0.173]
[-0.564, 0.001, -0.17]
[-0.562, 0.002, -0.167]
[-0.562, 0.003, -0.164]
[-0.56, 0.004, -0.162]
[-0.558, 0.005, -0.159]
[-0.554, 0.006, -0.156]
[-0.549, 0.006, -0.153]
[-0.545, 0.006, -0.149]
[-0.542, 0.007, -0.146]
[-0.543, 0.008, -0.139]
[-0.543, 0.008, -0.139]
[-0.545, 0.009, -0.137]
[-0.546, 0.011, -0.135]
[-0.546, 0.013, -0.132]
[-0.542, 0.015, -0.129]
[-0.538, 0.017, -0.124]
[-0.535, 0.019, -0.12]
[-0.532, 0.02, -0.114]
[-0.528, 0.022, -0.109]
[-0.523, 0.024, -0.101]
[-0.518, 0.025, -0.083]
[-0.518, 0.025, -0.083]
[-0.518, 0.026, -0.071]
[-0.519, 0.026, -0.056]
[-0.518, 0.027, -0.04]
[-0.514, 0.028, -0.027]
[-0.512, 0.03, -0.015]
[-0.514, 0.031, -0.006]
[-0.516, 0.033, 0.0]
[-0.517, 0.034, 0.006]
[-0.517, 0.036, 0.012]
[-0.518, 0.038, 0.017]
[-0.519, 0.039, 0.021]
[-0.518, 0.04, 0.026]
[-0.518, 0.041, 0.03]
[-0.516, 0.042, 0.033]
[-0.511, 0.042, 0.035]
[-0.509, 0.042, 0.036]
[-0.506, 0.042, 0.038]
[-0.504, 0.042, 0.04]
[-0.503, 0.043, 0.042]
[-0.502, 0.043, 0.043]
[-0.501, 0.044, 0.044]
[-0.499, 0.045, 0.045]
[-0.497, 0.045, 0.044]
[-0.495, 0.046, 0.044]
[-0.493, 0.047, 0.043]
[-0.491, 0.047, 0.042]
[-0.489, 0.048, 0.042]
[-0.49, 0.049, 0.04]
[-0.49, 0.049, 0.04]
[-0.491, 0.049, 0.04]
[-0.489, 0.049, 0.04]
[-0.485, 0.05, 0.04]
[-0.482, 0.05, 0.04]
[-0.479, 0.05, 0.039]
[-0.478, 0.05, 0.039]
[-0.477, 0.05, 0.038]
[-0.473, 0.05, 0.038]
[-0.469, 0.049, 0.038]
[-0.464, 0.048, 0.037]
[-0.46, 0.048, 0.038]
[-0.457, 0.048, 0.037]
[-0.456, 0.048, 0.035]
[-0.456, 0.047, 0.033]
[-0.456, 0.047, 0.032]
[-0.455, 0.046, 0.031]
[-0.453, 0.045, 0.031]
[-0.451, 0.045, 0.031]
[-0.448, 0.044, 0.029]
[-0.448, 0.044, 0.029]
[-0.448, 0.043, 0.027]
[-0.448, 0.042, 0.024]
[-0.449, 0.041, 0.022]
[-0.449, 0.041, 0.019]
[-0.448, 0.04, 0.017]
[-0.448, 0.039, 0.015]
[-0.447, 0.038, 0.014]
[-0.448, 0.036, 0.009]
[-0.448, 0.036, 0.009]
[-0.45, 0.035, 0.006]
[-0.451, 0.034, 0.003]
[-0.452, 0.032, -0.003]
[-0.452, 0.032, -0.003]
[-0.45, 0.032, -0.007]
[-0.448, 0.031, -0.011]
[-0.445, 0.03, -0.013]
[-0.443, 0.029, -0.015]
[-0.442, 0.028, -0.016]
[-0.443, 0.026, -0.016]
[-0.445, 0.024, -0.016]
[-0.445, 0.024, -0.016]
[-0.445, 0.023, -0.016]
[-0.446, 0.021, -0.016]
[-0.446, 0.021, -0.016]
[-0.445, 0.021, -0.017]
[-0.444, 0.021, -0.018]
[-0.443, 0.022, -0.02]
[-0.441, 0.022, -0.02]
[-0.438, 0.022, -0.021]
[-0.436, 0.022, -0.021]
[-0.435, 0.022, -0.021]
[-0.435, 0.022, -0.021]
[-0.435, 0.022, -0.022]
[-0.435, 0.021, -0.022]
[-0.434, 0.021, -0.022]
[-0.434, 0.02, -0.021]
[-0.433, 0.02, -0.021]
[-0.433, 0.02, -0.021]
[-0.434, 0.02, -0.021]
[-0.435, 0.02, -0.02]
[-0.434, 0.02, -0.019]
[-0.433, 0.021, -0.018]
[-0.431, 0.021, -0.017]
[-0.427, 0.021, -0.016]
[-0.427, 0.021, -0.016]
[-0.427, 0.021, -0.015]
[-0.426, 0.021, -0.014]
[-0.426, 0.022, -0.011]
[-0.426, 0.022, -0.011]
[-0.426, 0.022, -0.01]
[-0.426, 0.023, -0.009]
[-0.425, 0.023, -0.006]
[-0.425, 0.023, -0.006]
[-0.426, 0.024, -0.005]
[-0.427, 0.025, -0.004]
[-0.429, 0.026, -0.002]
[-0.436, 0.027, -0.002]
[-0.445, 0.027, -0.001]
[-0.459, 0.028, 0.001]
[-0.459, 0.028, 0.001]
[-0.461, 0.028, 0.002]
[-0.461, 0.029, 0.004]
[-0.46, 0.029, 0.005]
[-0.459, 0.03, 0.005]
[-0.457, 0.032, 0.006]
[-0.454, 0.033, 0.006]
[-0.45, 0.036, 0.006]
[-0.45, 0.036, 0.006]
[-0.449, 0.037, 0.006]
[-0.449, 0.039, 0.006]
[-0.448, 0.042, 0.009]
[-0.448, 0.042, 0.009]
[-0.448, 0.044, 0.011]
[-0.45, 0.046, 0.013]
[-0.454, 0.048, 0.015]
[-0.457, 0.051, 0.017]
[-0.455, 0.054, 0.018]
[-0.453, 0.057, 0.021]
[-0.451, 0.06, 0.025]
[-0.45, 0.063, 0.041]
[-0.45, 0.063, 0.041]
[-0.449, 0.064, 0.049]
[-0.446, 0.064, 0.057]
[-0.444, 0.065, 0.065]
[-0.446, 0.065, 0.072]
[-0.449, 0.065, 0.077]
[-0.451, 0.066, 0.083]
[-0.453, 0.067, 0.088]
[-0.452, 0.067, 0.094]
[-0.45, 0.068, 0.1]
[-0.449, 0.069, 0.106]
[-0.451, 0.069, 0.111]
[-0.453, 0.069, 0.117]
[-0.455, 0.07, 0.123]
[-0.457, 0.071, 0.127]
[-0.458, 0.071, 0.131]
[-0.461, 0.071, 0.133]
[-0.464, 0.071, 0.134]
[-0.472, 0.07, 0.136]
[-0.472, 0.07, 0.136]
[-0.475, 0.069, 0.137]
[-0.478, 0.069, 0.138]
[-0.485, 0.068, 0.138]
[-0.485, 0.068, 0.138]
[-0.49, 0.067, 0.137]
[-0.495, 0.067, 0.136]
[-0.5, 0.066, 0.136]
[-0.504, 0.066, 0.136]
[-0.507, 0.065, 0.136]
[-0.51, 0.064, 0.136]
[-0.512, 0.064, 0.137]
[-0.514, 0.063, 0.136]
[-0.516, 0.062, 0.136]
[-0.517, 0.061, 0.136]
[-0.518, 0.061, 0.136]
[-0.519, 0.061, 0.135]
[-0.524, 0.061, 0.135]
[-0.53, 0.061, 0.135]
[-0.536, 0.061, 0.136]
[-0.54, 0.061, 0.136]
[-0.542, 0.062, 0.136]
[-0.542, 0.061, 0.135]
[-0.54, 0.061, 0.135]
[-0.537, 0.06, 0.135]
[-0.537, 0.059, 0.135]
[-0.538, 0.057, 0.136]
[-0.54, 0.056, 0.137]
[-0.54, 0.054, 0.139]
[-0.54, 0.054, 0.139]
[-0.539, 0.053, 0.14]
[-0.538, 0.053, 0.141]
[-0.542, 0.052, 0.141]
[-0.542, 0.052, 0.141]
[-0.544, 0.052, 0.14]
[-0.544, 0.051, 0.138]
[-0.543, 0.051, 0.135]
[-0.543, 0.05, 0.132]
[-0.544, 0.049, 0.13]
[-0.546, 0.049, 0.127]
[-0.548, 0.048, 0.125]
[-0.549, 0.047, 0.123]
[-0.55, 0.047, 0.121]
[-0.557, 0.046, 0.117]
[-0.557, 0.046, 0.117]
[-0.563, 0.045, 0.115]
[-0.567, 0.046, 0.113]
[-0.57, 0.046, 0.111]
[-0.572, 0.047, 0.109]
[-0.572, 0.048, 0.108]
[-0.574, 0.049, 0.106]
[-0.574, 0.049, 0.105]
[-0.575, 0.049, 0.103]
[-0.578, 0.05, 0.099]
[-0.582, 0.049, 0.096]
[-0.588, 0.048, 0.088]
[-0.588, 0.048, 0.088]
[-0.589, 0.047, 0.085]
[-0.591, 0.045, 0.081]
[-0.593, 0.044, 0.078]
[-0.595, 0.043, 0.075]
[-0.598, 0.042, 0.072]
[-0.599, 0.041, 0.07]
[-0.6, 0.041, 0.068]
[-0.603, 0.041, 0.066]
[-0.605, 0.041, 0.065]
[-0.607, 0.042, 0.064]
[-0.608, 0.042, 0.063]
[-0.606, 0.042, 0.061]
[-0.604, 0.042, 0.059]
[-0.6, 0.041, 0.057]
[-0.597, 0.04, 0.055]
[-0.595, 0.04, 0.053]
[-0.593, 0.039, 0.05]
[-0.592, 0.039, 0.048]
[-0.591, 0.039, 0.046]
[-0.591, 0.039, 0.045]
[-0.591, 0.039, 0.044]
[-0.589, 0.04, 0.043]
[-0.586, 0.039, 0.042]
[-0.582, 0.038, 0.042]
[-0.579, 0.038, 0.041]
[-0.575, 0.038, 0.039]
[-0.572, 0.039, 0.037]
[-0.568, 0.04, 0.034]
[-0.565, 0.039, 0.031]
[-0.563, 0.039, 0.029]
[-0.562, 0.039, 0.026]
[-0.561, 0.039, 0.024]
[-0.559, 0.038, 0.021]
[-0.557, 0.037, 0.018]
[-0.555, 0.036, 0.015]
[-0.551, 0.036, 0.012]
[-0.546, 0.035, 0.01]
[-0.543, 0.034, 0.009]
[-0.54, 0.033, 0.007]
[-0.538, 0.032, 0.005]
[-0.539, 0.03, 0.003]
[-0.541, 0.029, -0.0]
[-0.54, 0.028, -0.003]
[-0.539, 0.027, -0.006]
[-0.536, 0.025, -0.009]
[-0.532, 0.023, -0.012]
[-0.529, 0.022, -0.017]
[-0.525, 0.02, -0.022]
[-0.521, 0.018, -0.025]
[-0.518, 0.016, -0.029]
[-0.515, 0.014, -0.033]
[-0.514, 0.012, -0.036]
[-0.513, 0.01, -0.04]
[-0.512, 0.009, -0.044]
[-0.512, 0.008, -0.048]
[-0.513, 0.006, -0.052]
[-0.514, 0.005, -0.055]
[-0.516, 0.004, -0.058]
[-0.519, 0.001, -0.062]
[-0.519, 0.001, -0.062]
[-0.52, -0.001, -0.064]
[-0.521, -0.003, -0.065]
[-0.523, -0.007, -0.068]
[-0.523, -0.007, -0.068]
[-0.524, -0.008, -0.07]
[-0.526, -0.01, -0.072]
[-0.529, -0.012, -0.079]
[-0.529, -0.012, -0.079]
[-0.53, -0.012, -0.082]
[-0.529, -0.013, -0.085]
[-0.528, -0.013, -0.086]
[-0.527, -0.014, -0.088]
[-0.525, -0.015, -0.089]
[-0.524, -0.017, -0.09]
[-0.525, -0.018, -0.091]
[-0.526, -0.018, -0.093]
[-0.526, -0.018, -0.095]
[-0.526, -0.019, -0.097]
[-0.523, -0.02, -0.098]
[-0.522, -0.021, -0.097]
[-0.524, -0.022, -0.097]
[-0.526, -0.022, -0.096]
[-0.529, -0.022, -0.096]
[-0.531, -0.023, -0.097]
[-0.532, -0.023, -0.098]
[-0.532, -0.023, -0.099]
[-0.533, -0.024, -0.101]
[-0.534, -0.026, -0.103]
[-0.534, -0.028, -0.106]
[-0.533, -0.03, -0.108]
[-0.532, -0.033, -0.111]
[-0.532, -0.036, -0.114]
[-0.533, -0.038, -0.116]
[-0.534, -0.039, -0.119]
[-0.533, -0.04, -0.127]
[-0.533, -0.04, -0.127]
[-0.532, -0.041, -0.133]
[-0.532, -0.042, -0.139]
[-0.534, -0.046, -0.154]
[-0.534, -0.046, -0.154]
[-0.534, -0.048, -0.16]
[-0.536, -0.051, -0.167]
[-0.541, -0.055, -0.179]
[-0.541, -0.055, -0.179]
[-0.544, -0.057, -0.186]
[-0.548, -0.058, -0.194]
[-0.554, -0.059, -0.203]
[-0.559, -0.06, -0.211]
[-0.563, -0.06, -0.216]
[-0.567, -0.061, -0.221]
[-0.574, -0.062, -0.232]
[-0.574, -0.062, -0.232]
[-0.58, -0.063, -0.236]
[-0.585, -0.064, -0.24]
[-0.59, -0.066, -0.243]
[-0.595, -0.067, -0.244]
[-0.598, -0.068, -0.246]
[-0.602, -0.069, -0.249]
[-0.604, -0.069, -0.251]
[-0.606, -0.07, -0.253]
[-0.607, -0.07, -0.255]
[-0.607, -0.071, -0.257]
[-0.607, -0.071, -0.258]
[-0.606, -0.071, -0.258]
[-0.605, -0.071, -0.259]
[-0.604, -0.071, -0.259]
[-0.603, -0.071, -0.259]
[-0.602, -0.072, -0.26]
[-0.601, -0.072, -0.26]
[-0.601, -0.071, -0.26]
[-0.601, -0.071, -0.26]
[-0.601, -0.07, -0.26]
[-0.6, -0.07, -0.259]
[-0.601, -0.069, -0.259]
[-0.608, -0.069, -0.26]
[-0.608, -0.069, -0.26]
[-0.614, -0.068, -0.261]
[-0.618, -0.068, -0.262]
[-0.623, -0.067, -0.262]
[-0.623, -0.067, -0.262]
[-0.624, -0.066, -0.261]
[-0.623, -0.065, -0.26]
[-0.62, -0.064, -0.259]
[-0.618, -0.064, -0.257]
[-0.615, -0.063, -0.256]
[-0.613, -0.062, -0.256]
[-0.613, -0.062, -0.256]
[-0.612, -0.062, -0.256]
[-0.61, -0.062, -0.256]
[-0.608, -0.062, -0.256]
[-0.606, -0.062, -0.256]
[-0.603, -0.062, -0.256]
[-0.602, -0.062, -0.256]
[-0.599, -0.061, -0.255]
[-0.599, -0.061, -0.254]
[-0.597, -0.061, -0.253]
[-0.596, -0.06, -0.25]
[-0.594, -0.06, -0.247]
[-0.59, -0.059, -0.244]
[-0.584, -0.058, -0.241]
[-0.578, -0.058, -0.24]
[-0.574, -0.057, -0.239]
[-0.571, -0.057, -0.239]
[-0.571, -0.056, -0.24]
[-0.571, -0.056, -0.24]
[-0.57, -0.056, -0.241]
[-0.568, -0.056, -0.241]
[-0.564, -0.056, -0.24]
[-0.562, -0.056, -0.239]
[-0.56, -0.056, -0.238]
[-0.561, -0.056, -0.238]
[-0.562, -0.055, -0.237]
[-0.563, -0.055, -0.237]
[-0.564, -0.054, -0.237]
[-0.563, -0.053, -0.236]
[-0.563, -0.052, -0.234]
[-0.562, -0.051, -0.233]
[-0.561, -0.05, -0.23]
[-0.559, -0.049, -0.228]
[-0.557, -0.047, -0.223]
[-0.554, -0.045, -0.216]
[-0.547, -0.042, -0.209]
[-0.533, -0.037, -0.197]
[-0.533, -0.037, -0.197]
[-0.528, -0.036, -0.192]
[-0.525, -0.036, -0.186]
[-0.523, -0.034, -0.175]
[-0.523, -0.034, -0.175]
[-0.524, -0.033, -0.169]
[-0.528, -0.031, -0.164]
[-0.541, -0.027, -0.155]
[-0.541, -0.027, -0.155]
[-0.546, -0.025, -0.151]
[-0.548, -0.023, -0.147]
[-0.55, -0.02, -0.14]
[-0.55, -0.02, -0.14]
[-0.553, -0.018, -0.136]
[-0.556, -0.017, -0.132]
[-0.558, -0.014, -0.122]
[-0.558, -0.014, -0.122]
[-0.559, -0.012, -0.117]
[-0.559, -0.01, -0.113]
[-0.565, -0.005, -0.105]
[-0.565, -0.005, -0.105]
[-0.568, -0.003, -0.1]
[-0.57, -0.001, -0.096]
[-0.569, 0.002, -0.087]
[-0.569, 0.002, -0.087]
[-0.565, 0.004, -0.084]
[-0.562, 0.006, -0.08]
[-0.557, 0.009, -0.073]
[-0.557, 0.009, -0.073]
[-0.556, 0.01, -0.069]
[-0.557, 0.012, -0.063]
[-0.561, 0.018, -0.052]
[-0.561, 0.018, -0.052]
[-0.563, 0.02, -0.047]
[-0.565, 0.023, -0.042]
[-0.563, 0.028, -0.031]
[-0.563, 0.028, -0.031]
[-0.56, 0.03, -0.026]
[-0.555, 0.033, -0.02]
[-0.551, 0.037, -0.01]
[-0.551, 0.037, -0.01]
[-0.551, 0.039, -0.005]
[-0.55, 0.04, -0.001]
[-0.544, 0.044, 0.006]
[-0.544, 0.044, 0.006]
[-0.542, 0.046, 0.009]
[-0.539, 0.047, 0.012]
[-0.537, 0.048, 0.017]
[-0.536, 0.05, 0.021]
[-0.534, 0.051, 0.025]
[-0.534, 0.052, 0.029]
[-0.532, 0.053, 0.033]
[-0.53, 0.053, 0.036]
[-0.528, 0.054, 0.044]
[-0.528, 0.054, 0.044]
[-0.527, 0.055, 0.048]
[-0.527, 0.055, 0.052]
[-0.532, 0.057, 0.059]
[-0.532, 0.057, 0.059]
[-0.537, 0.058, 0.063]
[-0.543, 0.059, 0.066]
[-0.561, 0.061, 0.07]
[-0.561, 0.061, 0.07]
[-0.574, 0.061, 0.071]
[-0.588, 0.061, 0.074]
[-0.607, 0.061, 0.079]
[-0.607, 0.061, 0.079]
[-0.612, 0.061, 0.082]
[-0.613, 0.061, 0.084]
[-0.61, 0.061, 0.084]
[-0.61, 0.061, 0.084]
[-0.607, 0.061, 0.083]
[-0.606, 0.06, 0.083]
[-0.603, 0.06, 0.083]
[-0.602, 0.06, 0.083]
[-0.6, 0.06, 0.083]
[-0.599, 0.06, 0.083]
[-0.599, 0.06, 0.083]
[-0.599, 0.06, 0.084]
[-0.599, 0.06, 0.084]
[-0.599, 0.06, 0.084]
[-0.6, 0.06, 0.085]
[-0.6, 0.06, 0.085]
[-0.601, 0.06, 0.086]
[-0.602, 0.06, 0.086]
[-0.602, 0.059, 0.086]
[-0.602, 0.059, 0.087]
[-0.602, 0.059, 0.087]
[-0.6, 0.059, 0.087]
[-0.598, 0.059, 0.088]
[-0.595, 0.059, 0.088]
[-0.593, 0.059, 0.089]
[-0.591, 0.059, 0.089]
[-0.589, 0.059, 0.09]
[-0.586, 0.059, 0.091]
[-0.584, 0.059, 0.091]
[-0.582, 0.059, 0.092]
[-0.581, 0.059, 0.093]
[-0.582, 0.059, 0.093]
[-0.584, 0.06, 0.094]
[-0.586, 0.06, 0.094]
[-0.59, 0.06, 0.095]
[-0.594, 0.06, 0.096]
[-0.598, 0.061, 0.097]
[-0.601, 0.061, 0.099]
[-0.603, 0.062, 0.1]
[-0.605, 0.063, 0.102]
[-0.607, 0.063, 0.104]
[-0.61, 0.066, 0.106]
[-0.61, 0.066, 0.106]
[-0.608, 0.067, 0.107]
[-0.607, 0.067, 0.108]
[-0.605, 0.068, 0.109]
[-0.603, 0.069, 0.109]
[-0.6, 0.069, 0.108]
[-0.598, 0.069, 0.106]
[-0.594, 0.07, 0.103]
[-0.591, 0.07, 0.101]
[-0.589, 0.07, 0.098]
[-0.586, 0.07, 0.095]
[-0.583, 0.07, 0.09]
[-0.58, 0.07, 0.082]
[-0.576, 0.069, 0.075]
[-0.571, 0.068, 0.069]
[-0.565, 0.067, 0.063]
[-0.56, 0.065, 0.057]
[-0.557, 0.064, 0.053]
[-0.553, 0.063, 0.048]
[-0.552, 0.062, 0.043]
[-0.553, 0.06, 0.038]
[-0.552, 0.059, 0.033]
[-0.552, 0.057, 0.029]
[-0.552, 0.055, 0.025]
[-0.552, 0.052, 0.021]
[-0.553, 0.05, 0.018]
[-0.552, 0.048, 0.015]
[-0.553, 0.047, 0.011]
[-0.553, 0.045, 0.009]
[-0.552, 0.044, 0.007]
[-0.553, 0.042, 0.006]
[-0.554, 0.04, 0.005]
[-0.556, 0.039, 0.003]
[-0.557, 0.037, 0.001]
[-0.558, 0.035, -0.004]
[-0.559, 0.034, -0.009]
[-0.56, 0.032, -0.014]
[-0.56, 0.031, -0.019]
[-0.56, 0.029, -0.023]
[-0.561, 0.028, -0.027]
[-0.563, 0.026, -0.03]
[-0.562, 0.025, -0.033]
[-0.559, 0.024, -0.036]
[-0.55, 0.021, -0.041]
[-0.546, 0.02, -0.043]
[-0.546, 0.02, -0.043]
[-0.543, 0.019, -0.044]
[-0.542, 0.018, -0.047]
[-0.54, 0.017, -0.049]
[-0.539, 0.015, -0.051]
[-0.538, 0.014, -0.053]
[-0.538, 0.012, -0.054]
[-0.539, 0.01, -0.055]
[-0.54, 0.009, -0.056]
[-0.541, 0.007, -0.057]
[-0.539, 0.006, -0.058]
[-0.534, 0.005, -0.059]
[-0.531, 0.003, -0.061]
[-0.527, 0.002, -0.063]
[-0.525, 0.001, -0.064]
[-0.523, -0.0, -0.066]
[-0.52, -0.002, -0.067]
[-0.518, -0.005, -0.071]
[-0.518, -0.005, -0.071]
[-0.518, -0.007, -0.072]
[-0.518, -0.009, -0.074]
[-0.516, -0.012, -0.076]
[-0.514, -0.014, -0.079]
[-0.512, -0.016, -0.082]
[-0.51, -0.019, -0.085]
[-0.508, -0.021, -0.087]
[-0.508, -0.023, -0.09]
[-0.508, -0.024, -0.093]
[-0.509, -0.026, -0.095]
[-0.508, -0.027, -0.098]
[-0.51, -0.029, -0.101]
[-0.511, -0.03, -0.103]
[-0.511, -0.032, -0.106]
[-0.513, -0.034, -0.109]
[-0.511, -0.035, -0.113]
[-0.511, -0.036, -0.118]
[-0.512, -0.037, -0.124]
[-0.513, -0.038, -0.131]
[-0.514, -0.039, -0.138]
[-0.514, -0.04, -0.144]
[-0.514, -0.041, -0.149]
[-0.512, -0.042, -0.154]
[-0.509, -0.044, -0.161]
[-0.509, -0.044, -0.161]
[-0.508, -0.044, -0.165]
[-0.509, -0.045, -0.169]
[-0.516, -0.047, -0.177]
[-0.516, -0.047, -0.177]
[-0.521, -0.049, -0.181]
[-0.525, -0.05, -0.184]
[-0.529, -0.052, -0.189]
[-0.529, -0.052, -0.189]
[-0.531, -0.053, -0.191]
[-0.535, -0.053, -0.193]
[-0.539, -0.054, -0.196]
[-0.544, -0.056, -0.198]
[-0.549, -0.057, -0.2]
[-0.554, -0.058, -0.202]
[-0.558, -0.061, -0.204]
[-0.562, -0.063, -0.207]
[-0.568, -0.066, -0.211]
[-0.572, -0.068, -0.215]
[-0.577, -0.07, -0.22]
[-0.581, -0.072, -0.225]
[-0.585, -0.074, -0.229]
[-0.589, -0.076, -0.233]
[-0.594, -0.078, -0.238]
[-0.599, -0.079, -0.243]
[-0.601, -0.08, -0.247]
[-0.604, -0.08, -0.25]
[-0.607, -0.081, -0.252]
[-0.61, -0.082, -0.254]
[-0.613, -0.083, -0.254]
[-0.616, -0.084, -0.255]
[-0.619, -0.085, -0.255]
[-0.622, -0.086, -0.255]
[-0.629, -0.086, -0.254]
[-0.629, -0.086, -0.254]
[-0.632, -0.085, -0.256]
[-0.636, -0.084, -0.257]
[-0.639, -0.082, -0.259]
[-0.642, -0.081, -0.261]
[-0.644, -0.08, -0.262]
[-0.642, -0.079, -0.262]
[-0.64, -0.08, -0.261]
[-0.637, -0.08, -0.26]
[-0.635, -0.08, -0.258]
[-0.634, -0.08, -0.256]
[-0.635, -0.079, -0.255]
[-0.634, -0.078, -0.255]
[-0.632, -0.076, -0.252]
[-0.628, -0.072, -0.243]
[-0.621, -0.069, -0.231]
[-0.618, -0.066, -0.221]
[-0.615, -0.064, -0.212]
[-0.612, -0.062, -0.208]
[-0.605, -0.06, -0.204]
[-0.597, -0.058, -0.202]
[-0.59, -0.056, -0.2]
[-0.581, -0.051, -0.194]
[-0.581, -0.051, -0.194]
[-0.572, -0.048, -0.19]
[-0.562, -0.047, -0.185]
[-0.548, -0.045, -0.175]
[-0.548, -0.045, -0.175]
[-0.544, -0.042, -0.171]
[-0.54, -0.039, -0.164]
[-0.535, -0.036, -0.157]
[-0.53, -0.032, -0.149]
[-0.524, -0.029, -0.143]
[-0.517, -0.026, -0.137]
[-0.507, -0.022, -0.131]
[-0.501, -0.019, -0.127]
[-0.495, -0.015, -0.123]
[-0.491, -0.012, -0.118]
[-0.489, -0.009, -0.113]
[-0.487, -0.007, -0.109]
[-0.486, -0.005, -0.103]
[-0.486, -0.002, -0.096]
[-0.485, 0.0, -0.089]
[-0.484, 0.003, -0.083]
[-0.476, 0.008, -0.069]
[-0.476, 0.008, -0.069]
[-0.471, 0.01, -0.062]
[-0.464, 0.013, -0.055]
[-0.457, 0.015, -0.048]
[-0.451, 0.018, -0.042]
[-0.446, 0.02, -0.037]
[-0.439, 0.023, -0.031]
[-0.428, 0.025, -0.027]
[-0.411, 0.027, -0.023]
[-0.39, 0.029, -0.02]
[-0.369, 0.03, -0.017]
[-0.351, 0.031, -0.014]
[-0.334, 0.032, -0.01]
[-0.321, 0.032, -0.007]
[-0.301, 0.032, -0.006]
[-0.274, 0.033, -0.005]
[-0.249, 0.034, -0.004]
[-0.211, 0.035, -0.002]
[-0.211, 0.035, -0.002]
[-0.192, 0.036, -0.003]
[-0.174, 0.036, -0.002]
[-0.158, 0.036, -0.001]
[-0.143, 0.036, -0.0]
[-0.131, 0.036, 0.0]
[-0.118, 0.036, 0.001]
[-0.106, 0.036, 0.003]
[-0.094, 0.036, 0.004]
[-0.081, 0.035, 0.006]
[-0.067, 0.035, 0.007]
[-0.053, 0.035, 0.01]
[-0.04, 0.035, 0.012]
[-0.03, 0.035, 0.015]
[-0.02, 0.035, 0.016]
[-0.01, 0.034, 0.016]
[0.009, 0.033, 0.017]
[0.009, 0.033, 0.017]
[0.017, 0.032, 0.018]
[0.024, 0.031, 0.02]
[0.032, 0.03, 0.023]
[0.039, 0.029, 0.026]
[0.045, 0.028, 0.028]
[0.052, 0.027, 0.031]
[0.057, 0.026, 0.034]
[0.062, 0.025, 0.039]
[0.065, 0.022, 0.045]
[0.065, 0.02, 0.052]
[0.065, 0.017, 0.058]
[0.064, 0.015, 0.065]
[0.067, 0.014, 0.073]
[0.069, 0.013, 0.08]
[0.071, 0.012, 0.094]
[0.071, 0.012, 0.094]
[0.072, 0.011, 0.1]
[0.072, 0.011, 0.105]
[0.074, 0.01, 0.11]
[0.075, 0.009, 0.113]
[0.075, 0.008, 0.116]
[0.076, 0.007, 0.118]
[0.077, 0.006, 0.12]
[0.078, 0.004, 0.121]
[0.08, 0.003, 0.122]
[0.087, -0.0, 0.122]
[0.087, -0.0, 0.122]
[0.09, -0.002, 0.121]
[0.093, -0.003, 0.119]
[0.097, -0.005, 0.117]
[0.099, -0.008, 0.113]
[0.102, -0.01, 0.109]
[0.104, -0.013, 0.105]
[0.105, -0.016, 0.101]
[0.106, -0.019, 0.096]
[0.106, -0.022, 0.09]
[0.108, -0.026, 0.084]
[0.11, -0.03, 0.078]
[0.113, -0.034, 0.071]
[0.116, -0.038, 0.064]
[0.118, -0.042, 0.056]
[0.121, -0.046, 0.048]
[0.123, -0.05, 0.041]
[0.127, -0.059, 0.027]
[0.127, -0.059, 0.027]
[0.127, -0.064, 0.02]
[0.127, -0.069, 0.013]
[0.128, -0.074, 0.006]
[0.128, -0.08, -0.0]
[0.129, -0.085, -0.006]
[0.128, -0.089, -0.013]
[0.126, -0.093, -0.019]
[0.123, -0.097, -0.025]
[0.12, -0.101, -0.03]
[0.119, -0.104, -0.034]
[0.116, -0.107, -0.038]
[0.113, -0.111, -0.042]
[0.109, -0.114, -0.045]
[0.104, -0.117, -0.049]
[0.1, -0.12, -0.052]
[0.096, -0.122, -0.055]
[0.093, -0.125, -0.057]
[0.09, -0.127, -0.059]
[0.089, -0.128, -0.06]
[0.086, -0.13, -0.06]
[0.083, -0.131, -0.06]
[0.08, -0.132, -0.06]
[0.077, -0.133, -0.06]
[0.073, -0.134, -0.059]
[0.07, -0.135, -0.058]
[0.066, -0.135, -0.056]
[0.06, -0.136, -0.054]
[0.053, -0.135, -0.051]
[0.045, -0.135, -0.049]
[0.036, -0.133, -0.046]
[0.028, -0.132, -0.043]
[0.02, -0.131, -0.041]
[0.012, -0.13, -0.039]
[0.005, -0.129, -0.037]
[-0.003, -0.129, -0.035]
[-0.014, -0.128, -0.032]
[-0.024, -0.127, -0.029]
[-0.033, -0.126, -0.026]
[-0.042, -0.124, -0.023]
[-0.05, -0.121, -0.022]
[-0.066, -0.118, -0.022]
[-0.084, -0.115, -0.021]
[-0.097, -0.111, -0.019]
[-0.11, -0.108, -0.015]
[-0.122, -0.105, -0.011]
[-0.135, -0.101, -0.007]
[-0.149, -0.098, -0.004]
[-0.166, -0.095, -0.0]
[-0.178, -0.091, 0.002]
[-0.187, -0.088, 0.005]
[-0.193, -0.086, 0.008]
[-0.196, -0.082, 0.012]
[-0.201, -0.08, 0.016]
[-0.21, -0.077, 0.022]
[-0.217, -0.074, 0.027]
[-0.224, -0.07, 0.034]
[-0.226, -0.066, 0.04]
[-0.228, -0.062, 0.046]
[-0.235, -0.058, 0.052]
[-0.246, -0.054, 0.056]
[-0.259, -0.05, 0.059]
[-0.272, -0.046, 0.062]
[-0.283, -0.042, 0.063]
[-0.297, -0.036, 0.066]
[-0.306, -0.031, 0.068]
[-0.313, -0.027, 0.07]
[-0.318, -0.023, 0.072]
[-0.322, -0.02, 0.075]
[-0.328, -0.017, 0.077]
[-0.337, -0.013, 0.079]
[-0.346, -0.01, 0.08]
[-0.355, -0.006, 0.08]
[-0.363, -0.002, 0.08]
[-0.37, 0.001, 0.081]
[-0.378, 0.005, 0.083]
[-0.383, 0.008, 0.086]
[-0.389, 0.012, 0.09]
[-0.396, 0.015, 0.093]
[-0.404, 0.017, 0.097]
[-0.412, 0.02, 0.1]
[-0.42, 0.022, 0.102]
[-0.426, 0.025, 0.105]
[-0.432, 0.027, 0.107]
[-0.434, 0.028, 0.11]
[-0.435, 0.03, 0.112]
[-0.439, 0.031, 0.114]
[-0.442, 0.033, 0.116]
[-0.45, 0.034, 0.118]
[-0.456, 0.034, 0.119]
[-0.463, 0.035, 0.119]
[-0.471, 0.035, 0.118]
[-0.476, 0.036, 0.118]
[-0.481, 0.037, 0.117]
[-0.486, 0.038, 0.117]
[-0.491, 0.039, 0.117]
[-0.496, 0.039, 0.116]
[-0.506, 0.04, 0.115]
[-0.506, 0.04, 0.115]
[-0.509, 0.041, 0.113]
[-0.508, 0.041, 0.111]
[-0.504, 0.038, 0.105]
[-0.504, 0.038, 0.105]
[-0.5, 0.037, 0.103]
[-0.497, 0.035, 0.102]
[-0.494, 0.033, 0.101]
[-0.494, 0.032, 0.099]
[-0.498, 0.03, 0.096]
[-0.503, 0.029, 0.092]
[-0.507, 0.029, 0.088]
[-0.511, 0.029, 0.084]
[-0.515, 0.029, 0.079]
[-0.518, 0.029, 0.073]
[-0.521, 0.029, 0.067]
[-0.524, 0.028, 0.061]
[-0.527, 0.027, 0.055]
[-0.532, 0.026, 0.05]
[-0.534, 0.024, 0.046]
[-0.537, 0.021, 0.037]
[-0.537, 0.021, 0.037]
[-0.537, 0.019, 0.033]
[-0.541, 0.017, 0.028]
[-0.544, 0.015, 0.024]
[-0.545, 0.013, 0.02]
[-0.543, 0.011, 0.016]
[-0.541, 0.008, 0.012]
[-0.542, 0.006, 0.009]
[-0.544, 0.004, 0.004]
[-0.546, 0.002, 0.0]
[-0.548, 0.001, -0.004]
[-0.551, -0.001, -0.012]
[-0.551, -0.001, -0.012]
[-0.552, -0.002, -0.016]
[-0.552, -0.003, -0.019]
[-0.551, -0.007, -0.025]
[-0.551, -0.007, -0.025]
[-0.551, -0.01, -0.028]
[-0.553, -0.013, -0.032]
[-0.555, -0.016, -0.035]
[-0.555, -0.018, -0.037]
[-0.556, -0.02, -0.039]
[-0.563, -0.025, -0.042]
[-0.563, -0.025, -0.042]
[-0.565, -0.026, -0.045]
[-0.567, -0.028, -0.047]
[-0.568, -0.03, -0.049]
[-0.569, -0.032, -0.051]
[-0.572, -0.034, -0.053]
[-0.578, -0.037, -0.055]
[-0.584, -0.039, -0.057]
[-0.591, -0.041, -0.059]
[-0.597, -0.043, -0.06]
[-0.603, -0.045, -0.063]
[-0.61, -0.047, -0.065]
[-0.615, -0.048, -0.069]
[-0.617, -0.05, -0.072]
[-0.619, -0.051, -0.074]
[-0.619, -0.051, -0.076]
[-0.621, -0.052, -0.078]
[-0.622, -0.052, -0.08]
[-0.622, -0.053, -0.081]
[-0.621, -0.054, -0.083]
[-0.618, -0.054, -0.085]
[-0.617, -0.055, -0.086]
[-0.616, -0.056, -0.087]
[-0.615, -0.057, -0.087]
[-0.618, -0.059, -0.088]
[-0.618, -0.059, -0.088]
[-0.619, -0.059, -0.088]
[-0.62, -0.059, -0.089]
[-0.621, -0.059, -0.09]
[-0.621, -0.059, -0.092]
[-0.622, -0.059, -0.093]
[-0.622, -0.059, -0.094]
[-0.623, -0.06, -0.095]
[-0.624, -0.061, -0.096]
[-0.626, -0.062, -0.097]
[-0.628, -0.062, -0.099]
[-0.629, -0.063, -0.101]
[-0.631, -0.063, -0.102]
[-0.631, -0.063, -0.103]
[-0.631, -0.062, -0.104]
[-0.63, -0.062, -0.104]
[-0.63, -0.062, -0.104]
[-0.631, -0.063, -0.106]
[-0.633, -0.064, -0.108]
[-0.635, -0.067, -0.112]
[-0.638, -0.069, -0.115]
[-0.641, -0.071, -0.119]
[-0.644, -0.073, -0.122]
[-0.648, -0.074, -0.125]
[-0.654, -0.076, -0.128]
[-0.662, -0.078, -0.131]
[-0.67, -0.079, -0.134]
[-0.679, -0.081, -0.138]
[-0.688, -0.081, -0.142]
[-0.692, -0.08, -0.144]
[-0.697, -0.08, -0.147]
[-0.701, -0.079, -0.15]
[-0.705, -0.08, -0.154]
[-0.713, -0.08, -0.158]
[-0.719, -0.08, -0.162]
[-0.731, -0.08, -0.167]
[-0.741, -0.085, -0.175]
[-0.741, -0.085, -0.175]
[-0.747, -0.088, -0.177]
[-0.752, -0.091, -0.177]
[-0.756, -0.092, -0.178]
[-0.762, -0.094, -0.179]
[-0.765, -0.095, -0.18]
[-0.767, -0.097, -0.182]
[-0.767, -0.097, -0.182]
[-0.767, -0.098, -0.182]
[-0.767, -0.098, -0.182]
[-0.768, -0.098, -0.183]
[-0.768, -0.097, -0.184]
[-0.767, -0.097, -0.186]
[-0.764, -0.095, -0.187]
[-0.764, -0.095, -0.187]
[-0.762, -0.093, -0.188]
[-0.762, -0.092, -0.187]
[-0.761, -0.091, -0.186]
[-0.762, -0.091, -0.185]
[-0.762, -0.091, -0.184]
[-0.763, -0.091, -0.183]
[-0.764, -0.092, -0.183]
[-0.765, -0.092, -0.183]
[-0.767, -0.093, -0.183]
[-0.769, -0.093, -0.183]
[-0.771, -0.093, -0.182]
[-0.772, -0.093, -0.182]
[-0.772, -0.094, -0.182]
[-0.772, -0.093, -0.182]
[-0.771, -0.093, -0.182]
[-0.77, -0.092, -0.184]
[-0.768, -0.092, -0.185]
[-0.765, -0.091, -0.187]
[-0.762, -0.091, -0.189]
[-0.756, -0.091, -0.189]
[-0.756, -0.091, -0.189]
[-0.753, -0.09, -0.19]
[-0.751, -0.09, -0.19]
[-0.748, -0.09, -0.189]
[-0.746, -0.089, -0.19]
[-0.744, -0.089, -0.19]
[-0.742, -0.088, -0.19]
[-0.737, -0.086, -0.19]
[-0.737, -0.086, -0.19]
[-0.733, -0.085, -0.189]
[-0.729, -0.084, -0.188]
[-0.723, -0.083, -0.185]
[-0.723, -0.083, -0.185]
[-0.722, -0.082, -0.184]
[-0.721, -0.081, -0.183]
[-0.718, -0.079, -0.181]
[-0.716, -0.078, -0.181]
[-0.716, -0.078, -0.181]
[-0.714, -0.077, -0.181]
[-0.712, -0.075, -0.181]
[-0.711, -0.073, -0.181]
[-0.71, -0.071, -0.181]
[-0.708, -0.07, -0.181]
[-0.706, -0.068, -0.18]
[-0.704, -0.067, -0.179]
[-0.7, -0.066, -0.18]
[-0.697, -0.066, -0.18]
[-0.696, -0.066, -0.18]
[-0.695, -0.065, -0.179]
[-0.694, -0.063, -0.178]
[-0.692, -0.062, -0.176]
[-0.691, -0.06, -0.172]
[-0.689, -0.058, -0.169]
[-0.688, -0.056, -0.167]
[-0.687, -0.054, -0.165]
[-0.684, -0.052, -0.164]
[-0.683, -0.05, -0.164]
[-0.679, -0.049, -0.163]
[-0.676, -0.047, -0.162]
[-0.672, -0.044, -0.156]
[-0.662, -0.041, -0.148]
[-0.648, -0.038, -0.14]
[-0.639, -0.036, -0.133]
[-0.632, -0.035, -0.128]
[-0.629, -0.034, -0.124]
[-0.627, -0.032, -0.12]
[-0.621, -0.03, -0.117]
[-0.604, -0.024, -0.109]
[-0.604, -0.024, -0.109]
[-0.598, -0.021, -0.104]
[-0.592, -0.017, -0.099]
[-0.587, -0.014, -0.094]
[-0.585, -0.012, -0.09]
[-0.585, -0.01, -0.086]
[-0.583, -0.008, -0.081]
[-0.581, -0.005, -0.073]
[-0.581, -0.005, -0.073]
[-0.579, -0.003, -0.071]
[-0.578, -0.001, -0.069]
[-0.577, 0.0, -0.068]
[-0.573, 0.002, -0.068]
[-0.57, 0.003, -0.068]
[-0.566, 0.005, -0.068]
[-0.562, 0.006, -0.068]
[-0.561, 0.007, -0.069]
[-0.56, 0.008, -0.07]
[-0.561, 0.009, -0.07]
[-0.562, 0.009, -0.07]
[-0.564, 0.009, -0.07]
[-0.567, 0.01, -0.071]
[-0.568, 0.011, -0.072]
[-0.569, 0.011, -0.073]
[-0.568, 0.011, -0.073]
[-0.566, 0.011, -0.074]
[-0.563, 0.01, -0.074]
[-0.56, 0.009, -0.074]
[-0.556, 0.008, -0.074]
[-0.553, 0.007, -0.074]
[-0.552, 0.007, -0.074]
[-0.552, 0.007, -0.074]
[-0.555, 0.006, -0.075]
[-0.559, 0.007, -0.075]
[-0.562, 0.007, -0.076]
[-0.568, 0.006, -0.079]
[-0.568, 0.006, -0.079]
[-0.569, 0.005, -0.08]
[-0.572, 0.004, -0.081]
[-0.579, 0.002, -0.086]
[-0.579, 0.002, -0.086]
[-0.582, 0.0, -0.088]
[-0.586, -0.002, -0.09]
[-0.59, -0.004, -0.093]
[-0.598, -0.006, -0.096]
[-0.606, -0.007, -0.101]
[-0.615, -0.008, -0.107]
[-0.62, -0.009, -0.113]
[-0.621, -0.009, -0.12]
[-0.62, -0.011, -0.13]
[-0.62, -0.011, -0.13]
[-0.619, -0.01, -0.134]
[-0.618, -0.011, -0.139]
[-0.617, -0.013, -0.151]
[-0.617, -0.013, -0.151]
[-0.616, -0.014, -0.158]
[-0.617, -0.015, -0.164]
[-0.617, -0.017, -0.171]
[-0.619, -0.019, -0.178]
[-0.619, -0.021, -0.185]
[-0.616, -0.022, -0.192]
[-0.613, -0.024, -0.208]
[-0.613, -0.024, -0.208]
[-0.611, -0.024, -0.214]
[-0.609, -0.024, -0.219]
[-0.604, -0.025, -0.226]
[-0.604, -0.025, -0.226]
[-0.6, -0.026, -0.231]
[-0.593, -0.027, -0.237]
[-0.584, -0.027, -0.243]
[-0.578, -0.029, -0.249]
[-0.576, -0.032, -0.256]
[-0.572, -0.034, -0.264]
[-0.57, -0.036, -0.271]
[-0.567, -0.037, -0.279]
[-0.562, -0.038, -0.288]
[-0.562, -0.04, -0.298]
[-0.563, -0.041, -0.308]
[-0.561, -0.042, -0.317]
[-0.558, -0.042, -0.325]
[-0.552, -0.042, -0.332]
[-0.546, -0.042, -0.339]
[-0.54, -0.041, -0.345]
[-0.535, -0.04, -0.349]
[-0.532, -0.039, -0.354]
[-0.529, -0.039, -0.358]
[-0.528, -0.039, -0.363]
[-0.528, -0.039, -0.368]
[-0.528, -0.039, -0.371]
[-0.529, -0.04, -0.375]
[-0.53, -0.04, -0.377]
[-0.531, -0.041, -0.379]
[-0.531, -0.04, -0.381]
[-0.53, -0.039, -0.382]
[-0.527, -0.039, -0.383]
[-0.524, -0.038, -0.383]
[-0.523, -0.038, -0.384]
[-0.527, -0.037, -0.382]
[-0.533, -0.035, -0.379]
[-0.537, -0.033, -0.375]
[-0.537, -0.032, -0.37]
[-0.536, -0.03, -0.365]
[-0.534, -0.028, -0.359]
[-0.535, -0.027, -0.354]
[-0.533, -0.027, -0.349]
[-0.527, -0.027, -0.341]
[-0.522, -0.027, -0.333]
[-0.515, -0.025, -0.326]
[-0.514, -0.023, -0.319]
[-0.522, -0.018, -0.305]
[-0.522, -0.018, -0.305]
[-0.531, -0.014, -0.299]
[-0.539, -0.011, -0.294]
[-0.546, -0.009, -0.289]
[-0.551, -0.006, -0.284]
[-0.552, -0.004, -0.277]
[-0.551, -0.001, -0.269]
[-0.549, 0.003, -0.255]
[-0.545, 0.004, -0.241]
[-0.541, 0.007, -0.223]
[-0.536, 0.01, -0.208]
[-0.538, 0.01, -0.194]
[-0.54, 0.011, -0.182]
[-0.544, 0.012, -0.17]
[-0.55, 0.012, -0.158]
[-0.553, 0.012, -0.145]
[-0.556, 0.013, -0.133]
[-0.556, 0.013, -0.122]
[-0.554, 0.014, -0.111]
[-0.556, 0.016, -0.1]
[-0.558, 0.018, -0.089]
[-0.56, 0.02, -0.079]
[-0.563, 0.022, -0.071]
[-0.562, 0.025, -0.058]
[-0.562, 0.025, -0.058]
[-0.561, 0.026, -0.052]
[-0.558, 0.028, -0.047]
[-0.557, 0.032, -0.036]
[-0.557, 0.032, -0.036]
[-0.557, 0.034, -0.03]
[-0.555, 0.035, -0.023]
[-0.554, 0.038, -0.012]
[-0.554, 0.038, -0.012]
[-0.554, 0.038, -0.008]
[-0.553, 0.039, -0.005]
[-0.55, 0.039, 0.002]
[-0.55, 0.039, 0.002]
[-0.545, 0.04, 0.005]
[-0.541, 0.04, 0.009]
[-0.536, 0.041, 0.013]
[-0.532, 0.041, 0.016]
[-0.529, 0.041, 0.02]
[-0.529, 0.041, 0.024]
[-0.528, 0.041, 0.031]
[-0.528, 0.041, 0.031]
[-0.526, 0.041, 0.035]
[-0.522, 0.042, 0.041]
[-0.522, 0.042, 0.041]
[-0.521, 0.042, 0.043]
[-0.519, 0.042, 0.045]
[-0.518, 0.042, 0.047]
[-0.519, 0.043, 0.049]
[-0.519, 0.043, 0.051]
[-0.52, 0.044, 0.053]
[-0.52, 0.044, 0.055]
[-0.52, 0.045, 0.058]
[-0.522, 0.045, 0.061]
[-0.525, 0.046, 0.064]
[-0.532, 0.047, 0.069]
[-0.534, 0.048, 0.072]
[-0.535, 0.048, 0.077]
[-0.534, 0.049, 0.082]
[-0.533, 0.049, 0.086]
[-0.535, 0.049, 0.09]
[-0.537, 0.05, 0.093]
[-0.538, 0.051, 0.096]
[-0.538, 0.053, 0.101]
[-0.536, 0.054, 0.106]
[-0.537, 0.053, 0.112]
[-0.537, 0.053, 0.119]
[-0.539, 0.052, 0.124]
[-0.544, 0.052, 0.13]
[-0.551, 0.052, 0.134]
[-0.558, 0.051, 0.139]
[-0.565, 0.049, 0.146]
[-0.565, 0.049, 0.146]
[-0.565, 0.048, 0.149]
[-0.564, 0.046, 0.151]
[-0.561, 0.045, 0.153]
[-0.56, 0.044, 0.154]
[-0.557, 0.042, 0.158]
[-0.557, 0.042, 0.158]
[-0.555, 0.042, 0.161]
[-0.553, 0.041, 0.163]
[-0.551, 0.04, 0.165]
[-0.55, 0.039, 0.167]
[-0.55, 0.038, 0.169]
[-0.55, 0.037, 0.172]
[-0.55, 0.036, 0.174]
[-0.549, 0.035, 0.176]
[-0.547, 0.034, 0.178]
[-0.544, 0.033, 0.18]
[-0.543, 0.032, 0.182]
[-0.544, 0.031, 0.184]
[-0.546, 0.03, 0.185]
[-0.548, 0.03, 0.187]
[-0.55, 0.029, 0.188]
[-0.55, 0.028, 0.189]
[-0.551, 0.027, 0.191]
[-0.551, 0.026, 0.192]
[-0.552, 0.025, 0.193]
[-0.553, 0.024, 0.195]
[-0.553, 0.023, 0.196]
[-0.552, 0.021, 0.197]
[-0.552, 0.02, 0.197]
[-0.552, 0.019, 0.198]
[-0.552, 0.018, 0.198]
[-0.552, 0.017, 0.198]
[-0.55, 0.016, 0.198]
[-0.547, 0.014, 0.198]
[-0.546, 0.012, 0.197]
[-0.543, 0.01, 0.195]
[-0.54, 0.009, 0.193]
[-0.536, 0.008, 0.191]
[-0.532, 0.006, 0.189]
[-0.528, 0.004, 0.188]
[-0.528, 0.004, 0.188]
[-0.529, 0.003, 0.187]
[-0.529, 0.002, 0.187]
[-0.531, 0.001, 0.185]
[-0.532, -0.001, 0.184]
[-0.533, -0.002, 0.183]
[-0.533, -0.004, 0.182]
[-0.533, -0.005, 0.182]
[-0.53, -0.006, 0.183]
[-0.529, -0.007, 0.183]
[-0.526, -0.008, 0.185]
[-0.526, -0.008, 0.185]
[-0.525, -0.009, 0.185]
[-0.522, -0.01, 0.183]
[-0.517, -0.011, 0.181]
[-0.513, -0.012, 0.18]
[-0.51, -0.014, 0.179]
[-0.509, -0.015, 0.178]
[-0.508, -0.015, 0.178]
[-0.508, -0.016, 0.179]
[-0.506, -0.018, 0.179]
[-0.504, -0.019, 0.179]
[-0.5, -0.02, 0.178]
[-0.496, -0.021, 0.178]
[-0.493, -0.022, 0.177]
[-0.491, -0.023, 0.177]
[-0.49, -0.023, 0.177]
[-0.49, -0.024, 0.178]
[-0.491, -0.024, 0.179]
[-0.49, -0.025, 0.179]
[-0.489, -0.025, 0.179]
[-0.488, -0.026, 0.177]
[-0.487, -0.026, 0.176]
[-0.487, -0.026, 0.175]
[-0.485, -0.026, 0.174]
[-0.481, -0.026, 0.174]
[-0.481, -0.026, 0.174]
[-0.477, -0.026, 0.174]
[-0.474, -0.027, 0.172]
[-0.464, -0.027, 0.163]
[-0.464, -0.027, 0.163]
[-0.456, -0.028, 0.157]
[-0.446, -0.03, 0.153]
[-0.435, -0.033, 0.149]
[-0.435, -0.033, 0.149]
[-0.433, -0.034, 0.149]
[-0.433, -0.035, 0.146]
[-0.431, -0.036, 0.142]
[-0.428, -0.037, 0.139]
[-0.426, -0.037, 0.136]
[-0.424, -0.037, 0.134]
[-0.428, -0.037, 0.132]
[-0.434, -0.036, 0.131]
[-0.44, -0.035, 0.13]
[-0.45, -0.033, 0.128]
[-0.45, -0.033, 0.128]
[-0.451, -0.032, 0.127]
[-0.449, -0.031, 0.126]
[-0.446, -0.03, 0.126]
[-0.441, -0.03, 0.125]
[-0.438, -0.03, 0.124]
[-0.435, -0.03, 0.124]
[-0.433, -0.03, 0.124]
[-0.432, -0.03, 0.124]
[-0.432, -0.03, 0.125]
[-0.433, -0.03, 0.125]
[-0.434, -0.03, 0.124]
[-0.435, -0.03, 0.124]
[-0.434, -0.03, 0.124]
[-0.433, -0.029, 0.122]
[-0.431, -0.029, 0.121]
[-0.429, -0.029, 0.121]
[-0.428, -0.029, 0.12]
[-0.427, -0.029, 0.12]
[-0.424, -0.029, 0.12]
[-0.417, -0.028, 0.12]
[-0.417, -0.028, 0.12]
[-0.416, -0.028, 0.12]
[-0.416, -0.028, 0.121]
[-0.415, -0.028, 0.121]
[-0.415, -0.028, 0.121]
[-0.413, -0.028, 0.121]
[-0.41, -0.028, 0.121]
[-0.407, -0.028, 0.12]
[-0.407, -0.028, 0.12]
[-0.406, -0.028, 0.119]
[-0.405, -0.029, 0.12]
[-0.405, -0.03, 0.12]
[-0.404, -0.031, 0.121]
[-0.405, -0.031, 0.121]
[-0.406, -0.031, 0.122]
[-0.409, -0.031, 0.122]
[-0.417, -0.029, 0.122]
[-0.423, -0.028, 0.124]
[-0.427, -0.027, 0.126]
[-0.43, -0.027, 0.128]
[-0.429, -0.027, 0.128]
[-0.428, -0.026, 0.127]
[-0.429, -0.026, 0.125]
[-0.429, -0.025, 0.123]
[-0.426, -0.025, 0.122]
[-0.421, -0.026, 0.121]
[-0.416, -0.027, 0.123]
[-0.41, -0.027, 0.124]
[-0.408, -0.027, 0.126]
[-0.408, -0.026, 0.128]
[-0.411, -0.026, 0.129]
[-0.414, -0.026, 0.129]
[-0.416, -0.025, 0.129]
[-0.416, -0.025, 0.129]
[-0.416, -0.025, 0.13]
[-0.415, -0.025, 0.131]
[-0.415, -0.025, 0.133]
[-0.415, -0.024, 0.135]
[-0.416, -0.023, 0.138]
[-0.416, -0.023, 0.138]
[-0.415, -0.023, 0.139]
[-0.414, -0.022, 0.14]
[-0.412, -0.022, 0.141]
[-0.409, -0.021, 0.142]
[-0.408, -0.02, 0.143]
[-0.407, -0.019, 0.144]
[-0.407, -0.019, 0.144]
[-0.408, -0.018, 0.145]
[-0.408, -0.017, 0.146]
[-0.409, -0.017, 0.147]
[-0.41, -0.017, 0.148]
[-0.41, -0.017, 0.148]
[-0.411, -0.016, 0.148]
[-0.412, -0.016, 0.149]
[-0.413, -0.016, 0.15]
[-0.417, -0.015, 0.152]
[-0.422, -0.014, 0.154]
[-0.426, -0.013, 0.157]
[-0.429, -0.013, 0.159]
[-0.431, -0.013, 0.161]
[-0.431, -0.014, 0.163]
[-0.431, -0.014, 0.164]
[-0.431, -0.014, 0.165]
[-0.431, -0.015, 0.165]
[-0.43, -0.016, 0.164]
[-0.429, -0.017, 0.161]
[-0.43, -0.019, 0.157]
[-0.431, -0.021, 0.153]
[-0.432, -0.022, 0.149]
[-0.431, -0.023, 0.145]
[-0.429, -0.024, 0.139]
[-0.426, -0.025, 0.133]
[-0.423, -0.026, 0.127]
[-0.419, -0.028, 0.122]
[-0.415, -0.03, 0.117]
[-0.412, -0.032, 0.113]
[-0.411, -0.033, 0.108]
[-0.41, -0.034, 0.103]
[-0.41, -0.035, 0.097]
[-0.411, -0.036, 0.09]
[-0.411, -0.036, 0.083]
[-0.412, -0.037, 0.075]
[-0.412, -0.039, 0.069]
[-0.412, -0.04, 0.063]
[-0.412, -0.042, 0.058]
[-0.413, -0.044, 0.053]
[-0.418, -0.046, 0.048]
[-0.428, -0.048, 0.04]
[-0.441, -0.05, 0.034]
[-0.453, -0.053, 0.027]
[-0.47, -0.059, 0.01]
[-0.47, -0.059, 0.01]
[-0.474, -0.061, 0.002]
[-0.477, -0.063, -0.004]
[-0.483, -0.066, -0.014]
[-0.483, -0.066, -0.014]
[-0.485, -0.068, -0.02]
[-0.486, -0.069, -0.026]
[-0.486, -0.07, -0.031]
[-0.488, -0.072, -0.037]
[-0.489, -0.074, -0.041]
[-0.49, -0.076, -0.046]
[-0.491, -0.077, -0.05]
[-0.493, -0.079, -0.055]
[-0.496, -0.081, -0.06]
[-0.497, -0.082, -0.065]
[-0.498, -0.083, -0.07]
[-0.499, -0.084, -0.075]
[-0.502, -0.086, -0.079]
[-0.506, -0.088, -0.085]
[-0.511, -0.09, -0.09]
[-0.515, -0.092, -0.095]
[-0.518, -0.094, -0.101]
[-0.521, -0.096, -0.107]
[-0.522, -0.098, -0.112]
[-0.524, -0.099, -0.121]
[-0.524, -0.099, -0.121]
[-0.525, -0.1, -0.126]
[-0.526, -0.1, -0.13]
[-0.526, -0.1, -0.133]
[-0.525, -0.101, -0.136]
[-0.524, -0.103, -0.138]
[-0.524, -0.104, -0.141]
[-0.523, -0.105, -0.143]
[-0.522, -0.107, -0.145]
[-0.519, -0.107, -0.146]
[-0.514, -0.108, -0.147]
[-0.509, -0.109, -0.148]
[-0.506, -0.11, -0.147]
[-0.504, -0.111, -0.145]
[-0.502, -0.112, -0.142]
[-0.498, -0.114, -0.135]
[-0.498, -0.114, -0.135]
[-0.494, -0.114, -0.132]
[-0.49, -0.115, -0.13]
[-0.485, -0.115, -0.127]
[-0.481, -0.115, -0.126]
[-0.478, -0.115, -0.124]
[-0.473, -0.115, -0.122]
[-0.469, -0.115, -0.12]
[-0.464, -0.114, -0.118]
[-0.46, -0.113, -0.116]
[-0.46, -0.112, -0.114]
[-0.462, -0.11, -0.112]
[-0.462, -0.107, -0.109]
[-0.46, -0.105, -0.107]
[-0.456, -0.102, -0.103]
[-0.455, -0.099, -0.1]
[-0.455, -0.096, -0.094]
[-0.455, -0.092, -0.087]
[-0.456, -0.089, -0.081]
[-0.454, -0.085, -0.075]
[-0.453, -0.081, -0.068]
[-0.45, -0.077, -0.063]
[-0.444, -0.072, -0.059]
[-0.437, -0.067, -0.055]
[-0.427, -0.062, -0.052]
[-0.415, -0.058, -0.048]
[-0.399, -0.054, -0.045]
[-0.386, -0.05, -0.042]
[-0.377, -0.047, -0.039]
[-0.371, -0.043, -0.036]
[-0.368, -0.04, -0.033]
[-0.367, -0.037, -0.029]
[-0.365, -0.034, -0.024]
[-0.364, -0.032, -0.019]
[-0.364, -0.029, -0.015]
[-0.363, -0.027, -0.011]
[-0.362, -0.024, -0.009]
[-0.36, -0.021, -0.008]
[-0.358, -0.017, -0.007]
[-0.355, -0.014, -0.007]
[-0.352, -0.011, -0.006]
[-0.347, -0.008, -0.005]
[-0.344, -0.002, -0.001]
[-0.344, -0.002, -0.001]
[-0.341, 0.001, 0.001]
[-0.338, 0.004, 0.004]
[-0.329, 0.009, 0.009]
[-0.329, 0.009, 0.009]
[-0.326, 0.011, 0.011]
[-0.325, 0.014, 0.014]
[-0.325, 0.018, 0.019]
[-0.325, 0.018, 0.019]
[-0.327, 0.02, 0.022]
[-0.331, 0.022, 0.025]
[-0.336, 0.023, 0.028]
[-0.339, 0.024, 0.03]
[-0.341, 0.025, 0.032]
[-0.342, 0.027, 0.034]
[-0.343, 0.028, 0.036]
[-0.344, 0.029, 0.038]
[-0.346, 0.03, 0.041]
[-0.348, 0.032, 0.043]
[-0.355, 0.033, 0.045]
[-0.364, 0.035, 0.046]
[-0.373, 0.035, 0.048]
[-0.381, 0.036, 0.05]
[-0.385, 0.037, 0.053]
[-0.387, 0.037, 0.058]
[-0.389, 0.037, 0.062]
[-0.393, 0.037, 0.067]
[-0.396, 0.038, 0.07]
[-0.4, 0.038, 0.073]
[-0.403, 0.039, 0.075]
[-0.407, 0.039, 0.076]
[-0.41, 0.04, 0.078]
[-0.415, 0.041, 0.079]
[-0.415, 0.042, 0.083]
[-0.415, 0.042, 0.087]
[-0.412, 0.041, 0.093]
[-0.412, 0.041, 0.093]
[-0.411, 0.041, 0.095]
[-0.411, 0.041, 0.096]
[-0.41, 0.041, 0.096]
[-0.41, 0.041, 0.097]
[-0.409, 0.041, 0.097]
[-0.41, 0.041, 0.097]
[-0.411, 0.04, 0.096]
[-0.411, 0.04, 0.096]
[-0.413, 0.04, 0.094]
[-0.414, 0.039, 0.093]
[-0.414, 0.038, 0.091]
[-0.413, 0.036, 0.089]
[-0.412, 0.035, 0.087]
[-0.412, 0.034, 0.084]
[-0.414, 0.033, 0.081]
[-0.418, 0.033, 0.079]
[-0.421, 0.032, 0.076]
[-0.42, 0.031, 0.075]
[-0.418, 0.03, 0.073]
[-0.414, 0.03, 0.072]
[-0.412, 0.029, 0.07]
[-0.412, 0.028, 0.068]
[-0.412, 0.027, 0.064]
[-0.411, 0.025, 0.06]
[-0.409, 0.024, 0.055]
[-0.408, 0.022, 0.05]
[-0.408, 0.02, 0.046]
[-0.41, 0.018, 0.043]
[-0.414, 0.016, 0.039]
[-0.418, 0.015, 0.035]
[-0.422, 0.013, 0.032]
[-0.425, 0.012, 0.028]
[-0.427, 0.011, 0.025]
[-0.427, 0.009, 0.022]
[-0.426, 0.008, 0.019]
[-0.426, 0.006, 0.015]
[-0.427, 0.004, 0.011]
[-0.427, 0.001, 0.007]
[-0.425, -0.001, 0.005]
[-0.424, -0.003, 0.002]
[-0.422, -0.006, -0.001]
[-0.422, -0.008, -0.005]
[-0.421, -0.009, -0.01]
[-0.421, -0.012, -0.014]
[-0.421, -0.014, -0.018]
[-0.42, -0.016, -0.021]
[-0.422, -0.02, -0.026]
[-0.422, -0.02, -0.026]
[-0.425, -0.021, -0.028]
[-0.427, -0.022, -0.03]
[-0.433, -0.023, -0.031]
[-0.437, -0.025, -0.032]
[-0.441, -0.027, -0.034]
[-0.442, -0.03, -0.036]
[-0.441, -0.035, -0.045]
[-0.441, -0.035, -0.045]
[-0.44, -0.037, -0.05]
[-0.438, -0.04, -0.056]
[-0.434, -0.047, -0.065]
[-0.434, -0.047, -0.065]
[-0.435, -0.051, -0.07]
[-0.436, -0.054, -0.073]
[-0.436, -0.056, -0.076]
[-0.433, -0.058, -0.079]
[-0.43, -0.06, -0.081]
[-0.427, -0.062, -0.083]
[-0.428, -0.068, -0.088]
[-0.428, -0.068, -0.088]
[-0.434, -0.07, -0.092]
[-0.439, -0.072, -0.097]
[-0.444, -0.073, -0.1]
[-0.449, -0.075, -0.102]
[-0.448, -0.076, -0.103]
[-0.448, -0.079, -0.104]
[-0.446, -0.082, -0.106]
[-0.445, -0.084, -0.109]
[-0.445, -0.088, -0.114]
[-0.445, -0.092, -0.118]
[-0.444, -0.095, -0.124]
[-0.442, -0.098, -0.13]
[-0.439, -0.101, -0.136]
[-0.44, -0.102, -0.141]
[-0.444, -0.106, -0.149]
[-0.444, -0.106, -0.149]
[-0.447, -0.108, -0.152]
[-0.448, -0.111, -0.156]
[-0.449, -0.113, -0.159]
[-0.451, -0.116, -0.161]
[-0.453, -0.118, -0.164]
[-0.456, -0.12, -0.166]
[-0.466, -0.122, -0.168]
[-0.466, -0.122, -0.168]
[-0.472, -0.123, -0.166]
[-0.478, -0.124, -0.164]
[-0.481, -0.124, -0.161]
[-0.482, -0.124, -0.16]
[-0.483, -0.125, -0.159]
[-0.482, -0.126, -0.159]
[-0.482, -0.128, -0.161]
[-0.482, -0.129, -0.164]
[-0.483, -0.13, -0.166]
[-0.485, -0.131, -0.168]
[-0.488, -0.132, -0.171]
[-0.49, -0.134, -0.174]
[-0.49, -0.135, -0.177]
[-0.487, -0.136, -0.18]
[-0.484, -0.137, -0.182]
[-0.482, -0.137, -0.183]
[-0.481, -0.137, -0.184]
[-0.482, -0.137, -0.184]
[-0.481, -0.137, -0.184]
[-0.481, -0.137, -0.184]
[-0.48, -0.138, -0.184]
[-0.478, -0.138, -0.183]
[-0.476, -0.138, -0.183]
[-0.474, -0.138, -0.183]
[-0.473, -0.138, -0.182]
[-0.472, -0.138, -0.181]
[-0.473, -0.138, -0.18]
[-0.473, -0.139, -0.178]
[-0.472, -0.139, -0.177]
[-0.471, -0.138, -0.175]
[-0.469, -0.138, -0.173]
[-0.466, -0.137, -0.171]
[-0.464, -0.136, -0.171]
[-0.463, -0.136, -0.17]
[-0.461, -0.136, -0.168]
[-0.459, -0.134, -0.165]
[-0.458, -0.132, -0.161]
[-0.456, -0.131, -0.157]
[-0.455, -0.129, -0.152]
[-0.455, -0.129, -0.152]
[-0.455, -0.129, -0.151]
[-0.458, -0.129, -0.15]
[-0.462, -0.128, -0.149]
[-0.466, -0.127, -0.148]
[-0.471, -0.126, -0.148]
[-0.474, -0.126, -0.148]
[-0.476, -0.124, -0.15]
[-0.476, -0.124, -0.15]
[-0.474, -0.123, -0.151]
[-0.471, -0.122, -0.153]
[-0.466, -0.121, -0.154]
[-0.459, -0.119, -0.154]
[-0.452, -0.119, -0.154]
[-0.444, -0.118, -0.154]
[-0.44, -0.118, -0.154]
[-0.436, -0.117, -0.153]
[-0.436, -0.117, -0.153]
[-0.437, -0.116, -0.152]
[-0.441, -0.116, -0.151]
[-0.447, -0.115, -0.149]
[-0.45, -0.114, -0.148]
[-0.454, -0.112, -0.148]
[-0.457, -0.11, -0.147]
[-0.46, -0.109, -0.147]
[-0.464, -0.107, -0.146]
[-0.466, -0.106, -0.144]
[-0.468, -0.105, -0.143]
[-0.466, -0.103, -0.139]
[-0.466, -0.103, -0.139]
[-0.465, -0.101, -0.135]
[-0.463, -0.099, -0.132]
[-0.462, -0.097, -0.129]
[-0.46, -0.095, -0.126]
[-0.455, -0.094, -0.123]
[-0.449, -0.092, -0.122]
[-0.447, -0.091, -0.121]
[-0.447, -0.089, -0.12]
[-0.45, -0.087, -0.118]
[-0.454, -0.085, -0.114]
[-0.456, -0.082, -0.111]
[-0.455, -0.079, -0.108]
[-0.453, -0.077, -0.107]
[-0.451, -0.074, -0.105]
[-0.45, -0.072, -0.104]
[-0.452, -0.071, -0.103]
[-0.455, -0.07, -0.102]
[-0.458, -0.069, -0.101]
[-0.459, -0.067, -0.099]
[-0.457, -0.066, -0.097]
[-0.454, -0.064, -0.095]
[-0.453, -0.062, -0.092]
[-0.45, -0.061, -0.09]
[-0.445, -0.06, -0.089]
[-0.439, -0.06, -0.087]
[-0.43, -0.059, -0.086]
[-0.424, -0.058, -0.086]
[-0.419, -0.058, -0.086]
[-0.413, -0.057, -0.085]
[-0.409, -0.056, -0.085]
[-0.406, -0.055, -0.083]
[-0.404, -0.053, -0.082]
[-0.402, -0.052, -0.08]
[-0.4, -0.05, -0.079]
[-0.4, -0.047, -0.076]
[-0.401, -0.045, -0.074]
[-0.402, -0.043, -0.072]
[-0.402, -0.041, -0.071]
[-0.401, -0.039, -0.07]
[-0.401, -0.037, -0.07]
[-0.401, -0.035, -0.068]
[-0.402, -0.033, -0.067]
[-0.403, -0.031, -0.065]
[-0.403, -0.029, -0.063]
[-0.402, -0.027, -0.062]
[-0.401, -0.026, -0.06]
[-0.399, -0.024, -0.059]
[-0.397, -0.023, -0.058]
[-0.396, -0.021, -0.057]
[-0.396, -0.019, -0.057]
[-0.397, -0.017, -0.056]
[-0.399, -0.015, -0.054]
[-0.398, -0.014, -0.053]
[-0.397, -0.012, -0.052]
[-0.397, -0.01, -0.052]
[-0.4, -0.008, -0.051]
[-0.406, -0.005, -0.051]
[-0.412, -0.003, -0.05]
[-0.415, 0.0, -0.049]
[-0.417, 0.003, -0.047]
[-0.416, 0.006, -0.046]
[-0.414, 0.009, -0.045]
[-0.408, 0.011, -0.043]
[-0.385, 0.013, -0.036]
[-0.369, 0.014, -0.028]
[-0.363, 0.015, -0.018]
[-0.355, 0.016, -0.008]
[-0.35, 0.02, 0.003]
[-0.333, 0.025, 0.012]
[-0.327, 0.027, 0.016]
[-0.318, 0.03, 0.018]
[-0.307, 0.033, 0.02]
[-0.3, 0.035, 0.022]
[-0.294, 0.037, 0.024]
[-0.29, 0.042, 0.028]
[-0.29, 0.042, 0.028]
[-0.291, 0.044, 0.03]
[-0.291, 0.047, 0.031]
[-0.291, 0.049, 0.033]
[-0.285, 0.053, 0.037]
[-0.285, 0.053, 0.037]
[-0.28, 0.056, 0.039]
[-0.275, 0.057, 0.04]
[-0.271, 0.059, 0.04]
[-0.269, 0.061, 0.041]
[-0.268, 0.062, 0.042]
[-0.268, 0.063, 0.043]
[-0.269, 0.065, 0.045]
[-0.27, 0.066, 0.048]
[-0.272, 0.067, 0.049]
[-0.273, 0.068, 0.051]
[-0.274, 0.068, 0.051]
[-0.274, 0.067, 0.052]
[-0.278, 0.067, 0.053]
[-0.283, 0.067, 0.056]
[-0.288, 0.067, 0.061]
[-0.293, 0.068, 0.067]
[-0.299, 0.068, 0.071]
[-0.305, 0.068, 0.077]
[-0.31, 0.068, 0.085]
[-0.314, 0.067, 0.093]
[-0.312, 0.067, 0.102]
[-0.31, 0.067, 0.11]
[-0.309, 0.068, 0.117]
[-0.306, 0.069, 0.123]
[-0.302, 0.07, 0.128]
[-0.297, 0.071, 0.132]
[-0.292, 0.071, 0.135]
[-0.287, 0.071, 0.137]
[-0.282, 0.07, 0.138]
[-0.276, 0.07, 0.137]
[-0.269, 0.069, 0.136]
[-0.263, 0.068, 0.134]
[-0.258, 0.067, 0.132]
[-0.242, 0.068, 0.121]
[-0.242, 0.068, 0.121]
[-0.233, 0.068, 0.116]
[-0.225, 0.068, 0.112]
[-0.215, 0.065, 0.103]
[-0.215, 0.065, 0.103]
[-0.215, 0.063, 0.097]
[-0.218, 0.061, 0.091]
[-0.221, 0.058, 0.076]
[-0.221, 0.058, 0.076]
[-0.219, 0.056, 0.068]
[-0.215, 0.054, 0.06]
[-0.214, 0.052, 0.053]
[-0.213, 0.05, 0.048]
[-0.214, 0.048, 0.043]
[-0.214, 0.045, 0.038]
[-0.214, 0.042, 0.032]
[-0.214, 0.039, 0.025]
[-0.214, 0.036, 0.018]
[-0.215, 0.032, 0.012]
[-0.215, 0.028, 0.005]
[-0.22, 0.024, -0.002]
[-0.225, 0.021, -0.007]
[-0.229, 0.017, -0.013]
[-0.234, 0.012, -0.019]
[-0.236, 0.008, -0.024]
[-0.238, 0.005, -0.029]
[-0.24, 0.001, -0.033]
[-0.241, -0.002, -0.036]
[-0.242, -0.005, -0.04]
[-0.243, -0.009, -0.043]
[-0.243, -0.012, -0.047]
[-0.242, -0.015, -0.049]
[-0.241, -0.017, -0.052]
[-0.241, -0.019, -0.053]
[-0.241, -0.021, -0.055]
[-0.241, -0.023, -0.057]
[-0.24, -0.025, -0.059]
[-0.238, -0.027, -0.061]
[-0.237, -0.029, -0.064]
[-0.236, -0.032, -0.067]
[-0.234, -0.034, -0.07]
[-0.231, -0.036, -0.072]
[-0.219, -0.039, -0.075]
[-0.219, -0.039, -0.075]
[-0.212, -0.041, -0.076]
[-0.206, -0.043, -0.078]
[-0.202, -0.046, -0.079]
[-0.199, -0.048, -0.08]
[-0.195, -0.05, -0.081]
[-0.192, -0.052, -0.083]
[-0.19, -0.055, -0.085]
[-0.188, -0.058, -0.087]
[-0.187, -0.061, -0.089]
[-0.188, -0.065, -0.092]
[-0.188, -0.068, -0.096]
[-0.189, -0.072, -0.099]
[-0.188, -0.075, -0.101]
[-0.189, -0.078, -0.104]
[-0.191, -0.081, -0.106]
[-0.195, -0.084, -0.109]
[-0.198, -0.087, -0.113]
[-0.203, -0.089, -0.118]
[-0.207, -0.092, -0.121]
[-0.211, -0.095, -0.125]
[-0.215, -0.097, -0.129]
[-0.22, -0.1, -0.134]
[-0.227, -0.102, -0.14]
[-0.235, -0.105, -0.145]
[-0.244, -0.107, -0.151]
[-0.252, -0.109, -0.157]
[-0.272, -0.112, -0.174]
[-0.272, -0.112, -0.174]
[-0.283, -0.113, -0.183]
[-0.291, -0.115, -0.192]
[-0.3, -0.116, -0.198]
[-0.306, -0.117, -0.203]
[-0.316, -0.119, -0.207]
[-0.329, -0.12, -0.211]
[-0.371, -0.119, -0.221]
[-0.371, -0.119, -0.221]
[-0.396, -0.116, -0.225]
[-0.414, -0.115, -0.227]
[-0.427, -0.116, -0.229]
[-0.437, -0.118, -0.23]
[-0.448, -0.123, -0.234]
[-0.458, -0.127, -0.239]
[-0.471, -0.13, -0.241]
[-0.482, -0.132, -0.243]
[-0.498, -0.134, -0.243]
[-0.516, -0.135, -0.243]
[-0.532, -0.136, -0.243]
[-0.547, -0.136, -0.241]
[-0.562, -0.136, -0.24]
[-0.573, -0.135, -0.238]
[-0.582, -0.133, -0.238]
[-0.588, -0.132, -0.238]
[-0.593, -0.131, -0.239]
[-0.598, -0.129, -0.239]
[-0.603, -0.127, -0.238]
[-0.607, -0.125, -0.236]
[-0.61, -0.123, -0.232]
[-0.611, -0.121, -0.228]
[-0.613, -0.12, -0.225]
[-0.615, -0.118, -0.221]
[-0.617, -0.115, -0.216]
[-0.617, -0.112, -0.21]
[-0.607, -0.105, -0.191]
[-0.607, -0.105, -0.191]
[-0.599, -0.1, -0.178]
[-0.585, -0.096, -0.165]
[-0.575, -0.093, -0.156]
[-0.564, -0.09, -0.149]
[-0.55, -0.087, -0.144]
[-0.537, -0.084, -0.139]
[-0.525, -0.081, -0.135]
[-0.514, -0.077, -0.13]
[-0.508, -0.074, -0.123]
[-0.501, -0.071, -0.116]
[-0.494, -0.064, -0.105]
[-0.494, -0.064, -0.105]
[-0.493, -0.062, -0.101]
[-0.49, -0.06, -0.098]
[-0.489, -0.058, -0.094]
[-0.486, -0.056, -0.091]
[-0.483, -0.053, -0.087]
[-0.48, -0.051, -0.083]
[-0.478, -0.049, -0.079]
[-0.478, -0.047, -0.074]
[-0.48, -0.046, -0.071]
[-0.484, -0.045, -0.068]
[-0.488, -0.043, -0.066]
[-0.49, -0.041, -0.064]
[-0.49, -0.039, -0.063]
[-0.488, -0.036, -0.061]
[-0.486, -0.034, -0.059]
[-0.487, -0.031, -0.057]
[-0.488, -0.028, -0.055]
[-0.489, -0.026, -0.054]
[-0.49, -0.024, -0.053]
[-0.491, -0.022, -0.052]
[-0.492, -0.02, -0.05]
[-0.492, -0.019, -0.049]
[-0.491, -0.018, -0.048]
[-0.488, -0.017, -0.047]
[-0.485, -0.016, -0.046]
[-0.483, -0.015, -0.045]
[-0.483, -0.013, -0.044]
[-0.482, -0.011, -0.042]
[-0.482, -0.009, -0.04]
[-0.48, -0.007, -0.039]
[-0.476, -0.004, -0.038]
[-0.474, -0.002, -0.037]
[-0.471, 0.001, -0.037]
[-0.469, 0.003, -0.037]
[-0.469, 0.005, -0.037]
[-0.468, 0.007, -0.037]
[-0.468, 0.008, -0.037]
[-0.468, 0.01, -0.037]
[-0.468, 0.011, -0.037]
[-0.467, 0.013, -0.037]
[-0.466, 0.014, -0.035]
[-0.465, 0.015, -0.034]
[-0.466, 0.016, -0.032]
[-0.466, 0.017, -0.031]
[-0.466, 0.017, -0.031]
[-0.46, 0.019, -0.03]
[-0.46, 0.019, -0.03]
[-0.457, 0.02, -0.029]
[-0.455, 0.02, -0.028]
[-0.455, 0.021, -0.027]
[-0.455, 0.021, -0.027]
[-0.458, 0.022, -0.027]
[-0.465, 0.023, -0.026]
[-0.477, 0.025, -0.024]
[-0.484, 0.026, -0.022]
[-0.49, 0.028, -0.02]
[-0.491, 0.029, -0.017]
[-0.489, 0.03, -0.015]
[-0.488, 0.032, -0.012]
[-0.484, 0.033, -0.009]
[-0.481, 0.035, -0.006]
[-0.476, 0.038, -0.002]
[-0.468, 0.04, 0.004]
[-0.463, 0.041, 0.01]
[-0.457, 0.042, 0.017]
[-0.454, 0.043, 0.023]
[-0.455, 0.044, 0.03]
[-0.454, 0.045, 0.037]
[-0.454, 0.045, 0.042]
[-0.454, 0.046, 0.048]
[-0.453, 0.047, 0.053]
[-0.454, 0.048, 0.057]
[-0.455, 0.05, 0.062]
[-0.457, 0.051, 0.065]
[-0.458, 0.052, 0.069]
[-0.459, 0.052, 0.073]
[-0.463, 0.053, 0.075]
[-0.465, 0.054, 0.078]
[-0.467, 0.055, 0.08]
[-0.468, 0.055, 0.081]
[-0.468, 0.055, 0.082]
[-0.469, 0.056, 0.082]
[-0.471, 0.056, 0.083]
[-0.474, 0.056, 0.083]
[-0.477, 0.056, 0.084]
[-0.479, 0.057, 0.084]
[-0.481, 0.057, 0.084]
[-0.483, 0.057, 0.083]
[-0.484, 0.057, 0.081]
[-0.486, 0.059, 0.077]
[-0.486, 0.059, 0.077]
[-0.487, 0.059, 0.075]
[-0.488, 0.06, 0.073]
[-0.488, 0.06, 0.07]
[-0.488, 0.06, 0.07]
[-0.488, 0.06, 0.069]
[-0.489, 0.059, 0.068]
[-0.489, 0.058, 0.066]
[-0.488, 0.057, 0.065]
[-0.487, 0.057, 0.064]
[-0.486, 0.056, 0.062]
[-0.485, 0.056, 0.06]
[-0.484, 0.055, 0.056]
[-0.484, 0.055, 0.054]
[-0.486, 0.056, 0.05]
[-0.487, 0.056, 0.047]
[-0.491, 0.055, 0.044]
[-0.498, 0.056, 0.038]
[-0.502, 0.055, 0.034]
[-0.504, 0.054, 0.031]
[-0.504, 0.053, 0.028]
[-0.5, 0.051, 0.027]
[-0.497, 0.049, 0.025]
[-0.494, 0.047, 0.023]
[-0.492, 0.045, 0.022]
[-0.491, 0.044, 0.021]
[-0.49, 0.043, 0.019]
[-0.489, 0.041, 0.016]
[-0.487, 0.04, 0.014]
[-0.484, 0.038, 0.01]
[-0.481, 0.036, 0.006]
[-0.477, 0.034, 0.001]
[-0.467, 0.03, -0.008]
[-0.467, 0.03, -0.008]
[-0.462, 0.028, -0.013]
[-0.457, 0.027, -0.017]
[-0.454, 0.025, -0.021]
[-0.453, 0.023, -0.025]
[-0.454, 0.022, -0.029]
[-0.455, 0.02, -0.032]
[-0.456, 0.019, -0.034]
[-0.456, 0.017, -0.035]
[-0.456, 0.014, -0.037]
[-0.453, 0.009, -0.04]
[-0.453, 0.009, -0.04]
[-0.453, 0.007, -0.042]
[-0.452, 0.004, -0.045]
[-0.453, 0.0, -0.051]
[-0.453, 0.0, -0.051]
[-0.454, -0.002, -0.054]
[-0.456, -0.004, -0.057]
[-0.455, -0.006, -0.06]
[-0.454, -0.008, -0.062]
[-0.454, -0.01, -0.064]
[-0.454, -0.014, -0.068]
[-0.454, -0.014, -0.068]
[-0.456, -0.015, -0.07]
[-0.458, -0.016, -0.072]
[-0.46, -0.017, -0.073]
[-0.463, -0.018, -0.073]
[-0.465, -0.019, -0.074]
[-0.464, -0.021, -0.074]
[-0.462, -0.023, -0.075]
[-0.458, -0.025, -0.075]
[-0.454, -0.027, -0.076]
[-0.451, -0.028, -0.076]
[-0.448, -0.029, -0.077]
[-0.444, -0.031, -0.078]
[-0.44, -0.032, -0.08]
[-0.436, -0.032, -0.081]
[-0.433, -0.034, -0.082]
[-0.43, -0.034, -0.082]
[-0.429, -0.035, -0.083]
[-0.427, -0.036, -0.083]
[-0.426, -0.037, -0.084]
[-0.428, -0.037, -0.084]
[-0.429, -0.038, -0.083]
[-0.431, -0.039, -0.083]
[-0.431, -0.039, -0.082]
[-0.429, -0.038, -0.082]
[-0.429, -0.038, -0.082]
[-0.426, -0.038, -0.083]
[-0.422, -0.038, -0.084]
[-0.414, -0.036, -0.085]
[-0.414, -0.036, -0.085]
[-0.411, -0.035, -0.085]
[-0.406, -0.034, -0.084]
[-0.402, -0.034, -0.083]
[-0.398, -0.033, -0.081]
[-0.391, -0.032, -0.079]
[-0.383, -0.03, -0.077]
[-0.378, -0.029, -0.076]
[-0.374, -0.027, -0.075]
[-0.372, -0.026, -0.075]
[-0.369, -0.025, -0.075]
[-0.368, -0.024, -0.074]
[-0.364, -0.023, -0.072]
[-0.362, -0.022, -0.07]
[-0.36, -0.021, -0.068]
[-0.36, -0.019, -0.067]
[-0.361, -0.018, -0.067]
[-0.359, -0.017, -0.067]
[-0.359, -0.017, -0.068]
[-0.356, -0.017, -0.068]
[-0.352, -0.017, -0.068]
[-0.35, -0.016, -0.068]
[-0.35, -0.015, -0.068]
[-0.351, -0.015, -0.068]
[-0.355, -0.015, -0.068]
[-0.358, -0.014, -0.068]
[-0.359, -0.014, -0.067]
[-0.358, -0.014, -0.066]
[-0.356, -0.013, -0.065]
[-0.353, -0.012, -0.064]
[-0.351, -0.011, -0.064]
[-0.35, -0.01, -0.063]
[-0.35, -0.009, -0.063]
[-0.351, -0.008, -0.062]
[-0.352, -0.008, -0.062]
[-0.353, -0.007, -0.062]
[-0.355, -0.006, -0.061]
[-0.357, -0.005, -0.062]
[-0.357, -0.004, -0.062]
[-0.355, -0.0, -0.06]
[-0.355, -0.0, -0.06]
[-0.355, 0.002, -0.059]
[-0.355, 0.005, -0.058]
[-0.355, 0.008, -0.056]
[-0.354, 0.011, -0.053]
[-0.353, 0.013, -0.051]
[-0.352, 0.017, -0.049]
[-0.351, 0.02, -0.046]
[-0.353, 0.023, -0.044]
[-0.354, 0.026, -0.04]
[-0.354, 0.029, -0.037]
[-0.355, 0.032, -0.034]
[-0.355, 0.034, -0.03]
[-0.356, 0.036, -0.027]
[-0.358, 0.038, -0.024]
[-0.36, 0.041, -0.022]
[-0.361, 0.043, -0.019]
[-0.364, 0.045, -0.018]
[-0.366, 0.047, -0.015]
[-0.368, 0.049, -0.012]
[-0.369, 0.051, -0.007]
[-0.368, 0.053, -0.001]
[-0.365, 0.055, 0.006]
[-0.364, 0.056, 0.013]
[-0.361, 0.057, 0.021]
[-0.361, 0.057, 0.03]
[-0.36, 0.056, 0.04]
[-0.359, 0.056, 0.048]
[-0.357, 0.055, 0.056]
[-0.356, 0.055, 0.064]
[-0.357, 0.055, 0.072]
[-0.36, 0.055, 0.082]
[-0.362, 0.056, 0.092]
[-0.366, 0.056, 0.101]
[-0.369, 0.057, 0.11]
[-0.372, 0.057, 0.118]
[-0.375, 0.056, 0.126]
[-0.377, 0.055, 0.132]
[-0.379, 0.054, 0.137]
[-0.38, 0.053, 0.142]
[-0.381, 0.052, 0.145]
[-0.381, 0.05, 0.148]
[-0.381, 0.048, 0.15]
[-0.381, 0.046, 0.152]
[-0.38, 0.043, 0.154]
[-0.378, 0.041, 0.156]
[-0.376, 0.038, 0.157]
[-0.374, 0.036, 0.157]
[-0.372, 0.033, 0.156]
[-0.372, 0.03, 0.155]
[-0.373, 0.026, 0.154]
[-0.373, 0.023, 0.152]
[-0.374, 0.019, 0.151]
[-0.374, 0.015, 0.149]
[-0.373, 0.01, 0.147]
[-0.37, 0.006, 0.142]
[-0.368, 0.002, 0.138]
[-0.366, -0.002, 0.133]
[-0.365, -0.005, 0.127]
[-0.364, -0.008, 0.121]
[-0.363, -0.011, 0.116]
[-0.364, -0.017, 0.104]
[-0.364, -0.017, 0.104]
[-0.367, -0.02, 0.099]
[-0.368, -0.023, 0.094]
[-0.368, -0.025, 0.09]
[-0.365, -0.028, 0.085]
[-0.362, -0.032, 0.079]
[-0.354, -0.04, 0.065]
[-0.354, -0.04, 0.065]
[-0.353, -0.044, 0.058]
[-0.355, -0.048, 0.05]
[-0.358, -0.051, 0.044]
[-0.36, -0.055, 0.039]
[-0.36, -0.057, 0.036]
[-0.359, -0.06, 0.033]
[-0.357, -0.062, 0.029]
[-0.355, -0.064, 0.025]
[-0.353, -0.065, 0.02]
[-0.354, -0.067, 0.014]
[-0.354, -0.068, 0.01]
[-0.355, -0.069, 0.006]
[-0.357, -0.069, 0.003]
[-0.358, -0.07, -0.0]
[-0.359, -0.07, -0.003]
[-0.361, -0.07, -0.006]
[-0.363, -0.07, -0.008]
[-0.365, -0.07, -0.01]
[-0.367, -0.069, -0.01]
[-0.368, -0.068, -0.011]
[-0.368, -0.066, -0.011]
[-0.367, -0.064, -0.012]
[-0.365, -0.062, -0.013]
[-0.364, -0.059, -0.014]
[-0.363, -0.057, -0.015]
[-0.362, -0.054, -0.016]
[-0.36, -0.05, -0.017]
[-0.359, -0.047, -0.019]
[-0.358, -0.043, -0.022]
[-0.357, -0.04, -0.024]
[-0.357, -0.036, -0.026]
[-0.356, -0.033, -0.028]
[-0.355, -0.03, -0.03]
[-0.354, -0.024, -0.033]
[-0.354, -0.024, -0.033]
[-0.354, -0.02, -0.035]
[-0.354, -0.015, -0.036]
[-0.352, -0.011, -0.037]
[-0.349, -0.007, -0.038]
[-0.344, -0.004, -0.039]
[-0.338, -0.0, -0.04]
[-0.332, 0.003, -0.04]
[-0.325, 0.006, -0.041]
[-0.319, 0.01, -0.041]
[-0.314, 0.012, -0.042]
[-0.309, 0.017, -0.042]
[-0.309, 0.017, -0.042]
[-0.307, 0.019, -0.042]
[-0.306, 0.02, -0.043]
[-0.304, 0.021, -0.043]
[-0.299, 0.021, -0.043]
[-0.294, 0.022, -0.042]
[-0.288, 0.022, -0.041]
[-0.281, 0.023, -0.042]
[-0.273, 0.023, -0.042]
[-0.265, 0.023, -0.043]
[-0.257, 0.023, -0.044]
[-0.249, 0.023, -0.045]
[-0.241, 0.023, -0.046]
[-0.234, 0.022, -0.046]
[-0.228, 0.021, -0.047]
[-0.223, 0.021, -0.047]
[-0.218, 0.019, -0.048]
[-0.213, 0.018, -0.048]
[-0.206, 0.017, -0.048]
[-0.198, 0.015, -0.048]
[-0.191, 0.013, -0.047]
[-0.183, 0.011, -0.048]
[-0.177, 0.009, -0.049]
[-0.171, 0.007, -0.049]
[-0.165, 0.005, -0.05]
[-0.159, 0.003, -0.053]
[-0.152, 0.0, -0.057]
[-0.144, -0.002, -0.062]
[-0.135, -0.004, -0.066]
[-0.127, -0.006, -0.069]
[-0.121, -0.009, -0.072]
[-0.116, -0.011, -0.075]
[-0.111, -0.013, -0.077]
[-0.107, -0.015, -0.079]
[-0.102, -0.017, -0.081]
[-0.096, -0.019, -0.081]
[-0.09, -0.02, -0.082]
[-0.083, -0.022, -0.082]
[-0.076, -0.023, -0.081]
[-0.069, -0.024, -0.081]
[-0.062, -0.024, -0.08]
[-0.055, -0.025, -0.079]
[-0.049, -0.025, -0.079]
[-0.036, -0.024, -0.077]
[-0.036, -0.024, -0.077]
[-0.029, -0.023, -0.077]
[-0.022, -0.022, -0.077]
[-0.013, -0.021, -0.077]
[-0.005, -0.02, -0.077]
[0.001, -0.02, -0.078]
[0.005, -0.019, -0.078]
[0.008, -0.019, -0.078]
[0.01, -0.018, -0.078]
[0.014, -0.018, -0.078]
[0.018, -0.018, -0.078]
[0.022, -0.018, -0.078]
[0.026, -0.017, -0.078]
[0.031, -0.016, -0.078]
[0.037, -0.015, -0.078]
[0.042, -0.015, -0.078]
[0.048, -0.015, -0.078]
[0.052, -0.014, -0.078]
[0.056, -0.014, -0.079]
[0.059, -0.014, -0.079]
[0.061, -0.013, -0.079]
[0.062, -0.013, -0.079]
[0.063, -0.012, -0.079]
[0.064, -0.012, -0.079]
[0.065, -0.012, -0.08]
[0.067, -0.012, -0.08]
[0.068, -0.012, -0.08]
[0.071, -0.013, -0.08]
[0.074, -0.013, -0.081]
[0.077, -0.014, -0.082]
[0.079, -0.014, -0.083]
[0.08, -0.014, -0.083]
[0.08, -0.014, -0.083]
[0.08, -0.013, -0.082]
[0.081, -0.013, -0.082]
[0.081, -0.013, -0.081]
[0.082, -0.013, -0.081]
[0.082, -0.013, -0.081]
[0.081, -0.013, -0.081]
[0.08, -0.013, -0.081]
[0.078, -0.012, -0.081]
[0.076, -0.012, -0.082]
[0.075, -0.012, -0.082]
[0.072, -0.011, -0.083]
[0.072, -0.011, -0.083]
[0.071, -0.011, -0.083]
[0.071, -0.011, -0.084]
[0.071, -0.01, -0.084]
[0.071, -0.01, -0.084]
[0.073, -0.011, -0.084]
[0.075, -0.011, -0.085]
