start livelink
[0.177, 0.02, -0.045]
[0.177, 0.021, -0.045]
[0.177, 0.022, -0.045]
[0.177, 0.023, -0.046]
[0.173, 0.023, -0.048]
[0.167, 0.023, -0.047]
[0.162, 0.022, -0.045]
[0.162, 0.022, -0.041]
[0.162, 0.023, -0.039]
[0.164, 0.024, -0.04]
[0.157, 0.025, -0.043]
[0.149, 0.027, -0.045]
[0.141, 0.028, -0.047]
[0.135, 0.028, -0.048]
[0.132, 0.029, -0.048]
[0.129, 0.028, -0.049]
[0.133, 0.025, -0.046]
[0.133, 0.025, -0.046]
[0.135, 0.023, -0.04]
[0.136, 0.021, -0.035]
[0.133, 0.019, -0.031]
[0.133, 0.018, -0.025]
[0.134, 0.017, -0.02]
[0.137, 0.016, -0.018]
[0.139, 0.017, -0.017]
[0.138, 0.019, -0.018]
[0.138, 0.019, -0.018]
[0.134, 0.021, -0.018]
[0.131, 0.022, -0.017]
[0.126, 0.024, -0.016]
[0.126, 0.024, -0.016]
[0.126, 0.025, -0.016]
[0.126, 0.025, -0.015]
[0.128, 0.025, -0.013]
[0.128, 0.025, -0.013]
[0.128, 0.025, -0.012]
[0.13, 0.023, -0.012]
[0.131, 0.022, -0.011]
[0.134, 0.02, -0.009]
[0.136, 0.019, -0.007]
[0.138, 0.017, -0.007]
[0.139, 0.016, -0.007]
[0.141, 0.014, -0.009]
[0.144, 0.012, -0.01]
[0.147, 0.011, -0.011]
[0.151, 0.009, -0.012]
[0.156, 0.008, -0.013]
[0.16, 0.006, -0.013]
[0.164, 0.004, -0.013]
[0.168, 0.002, -0.013]
[0.17, -0.0, -0.014]
[0.172, -0.001, -0.016]
[0.173, -0.003, -0.018]
[0.172, -0.004, -0.019]
[0.17, -0.005, -0.02]
[0.168, -0.006, -0.02]
[0.165, -0.007, -0.019]
[0.162, -0.009, -0.019]
[0.158, -0.011, -0.02]
[0.154, -0.012, -0.02]
[0.15, -0.014, -0.021]
[0.144, -0.016, -0.021]
[0.139, -0.017, -0.021]
[0.132, -0.018, -0.02]
[0.117, -0.019, -0.019]
[0.117, -0.019, -0.019]
[0.11, -0.02, -0.019]
[0.105, -0.02, -0.019]
[0.094, -0.021, -0.019]
[0.094, -0.021, -0.019]
[0.086, -0.022, -0.019]
[0.078, -0.024, -0.018]
[0.069, -0.024, -0.018]
[0.06, -0.025, -0.017]
[0.051, -0.025, -0.017]
[0.043, -0.025, -0.017]
[0.033, -0.025, -0.016]
[0.022, -0.025, -0.016]
[0.009, -0.024, -0.016]
[-0.004, -0.022, -0.017]
[-0.02, -0.021, -0.017]
[-0.036, -0.02, -0.017]
[-0.052, -0.02, -0.018]
[-0.068, -0.02, -0.019]
[-0.08, -0.021, -0.021]
[-0.09, -0.021, -0.022]
[-0.104, -0.021, -0.023]
[-0.104, -0.021, -0.023]
[-0.111, -0.02, -0.023]
[-0.119, -0.02, -0.024]
[-0.126, -0.019, -0.024]
[-0.135, -0.018, -0.024]
[-0.144, -0.017, -0.024]
[-0.154, -0.016, -0.023]
[-0.166, -0.015, -0.024]
[-0.178, -0.013, -0.025]
[-0.192, -0.01, -0.026]
[-0.214, -0.007, -0.026]
[-0.229, -0.004, -0.026]
[-0.244, -0.002, -0.025]
[-0.255, -0.002, -0.025]
[-0.264, -0.0, -0.025]
[-0.273, 0.0, -0.026]
[-0.281, 0.001, -0.027]
[-0.288, 0.002, -0.028]
[-0.293, 0.002, -0.029]
[-0.293, 0.002, -0.029]
[-0.304, 0.004, -0.031]
[-0.308, 0.004, -0.031]
[-0.311, 0.005, -0.031]
[-0.313, 0.007, -0.031]
[-0.32, 0.011, -0.032]
[-0.32, 0.011, -0.032]
[-0.323, 0.012, -0.033]
[-0.326, 0.014, -0.034]
[-0.329, 0.015, -0.034]
[-0.329, 0.015, -0.034]
[-0.33, 0.015, -0.034]
[-0.33, 0.015, -0.034]
[-0.331, 0.016, -0.034]
[-0.33, 0.017, -0.034]
[-0.33, 0.018, -0.034]
[-0.331, 0.02, -0.033]
[-0.331, 0.021, -0.032]
[-0.329, 0.023, -0.031]
[-0.329, 0.024, -0.03]
[-0.331, 0.026, -0.031]
[-0.332, 0.027, -0.032]
[-0.334, 0.027, -0.032]
[-0.338, 0.027, -0.031]
[-0.343, 0.027, -0.03]
[-0.349, 0.026, -0.03]
[-0.356, 0.026, -0.03]
[-0.36, 0.026, -0.029]
[-0.363, 0.027, -0.03]
[-0.365, 0.027, -0.03]
[-0.366, 0.027, -0.03]
[-0.369, 0.028, -0.031]
[-0.37, 0.029, -0.031]
[-0.369, 0.029, -0.031]
[-0.368, 0.03, -0.032]
[-0.366, 0.03, -0.032]
[-0.368, 0.031, -0.034]
[-0.373, 0.032, -0.037]
[-0.375, 0.032, -0.039]
[-0.374, 0.033, -0.042]
[-0.37, 0.034, -0.044]
[-0.36, 0.037, -0.047]
[-0.36, 0.037, -0.047]
[-0.358, 0.038, -0.049]
[-0.356, 0.038, -0.049]
[-0.358, 0.039, -0.05]
[-0.358, 0.039, -0.05]
[-0.359, 0.04, -0.05]
[-0.361, 0.041, -0.05]
[-0.359, 0.042, -0.048]
[-0.36, 0.043, -0.046]
[-0.364, 0.043, -0.046]
[-0.369, 0.045, -0.046]
[-0.38, 0.046, -0.046]
[-0.38, 0.046, -0.046]
[-0.385, 0.048, -0.046]
[-0.388, 0.048, -0.046]
[-0.39, 0.049, -0.045]
[-0.397, 0.05, -0.044]
[-0.402, 0.051, -0.043]
[-0.408, 0.053, -0.042]
[-0.412, 0.054, -0.042]
[-0.414, 0.055, -0.04]
[-0.413, 0.056, -0.038]
[-0.411, 0.058, -0.033]
[-0.411, 0.058, -0.033]
[-0.407, 0.058, -0.029]
[-0.406, 0.058, -0.025]
[-0.406, 0.058, -0.021]
[-0.405, 0.058, -0.016]
[-0.405, 0.058, -0.012]
[-0.407, 0.059, -0.007]
[-0.409, 0.059, -0.003]
[-0.411, 0.06, 0.001]
[-0.415, 0.06, 0.005]
[-0.418, 0.06, 0.009]
[-0.421, 0.061, 0.015]
[-0.426, 0.064, 0.022]
[-0.437, 0.066, 0.036]
[-0.437, 0.066, 0.036]
[-0.444, 0.068, 0.041]
[-0.451, 0.068, 0.045]
[-0.458, 0.069, 0.048]
[-0.466, 0.069, 0.048]
[-0.475, 0.069, 0.048]
[-0.491, 0.068, 0.047]
[-0.51, 0.067, 0.046]
[-0.527, 0.067, 0.046]
[-0.537, 0.067, 0.047]
[-0.545, 0.067, 0.046]
[-0.55, 0.067, 0.045]
[-0.554, 0.066, 0.045]
[-0.558, 0.065, 0.044]
[-0.562, 0.063, 0.044]
[-0.567, 0.061, 0.045]
[-0.573, 0.059, 0.045]
[-0.576, 0.058, 0.043]
[-0.58, 0.056, 0.041]
[-0.583, 0.054, 0.038]
[-0.582, 0.051, 0.034]
[-0.577, 0.047, 0.027]
[-0.577, 0.047, 0.027]
[-0.573, 0.045, 0.022]
[-0.572, 0.043, 0.018]
[-0.569, 0.042, 0.015]
[-0.567, 0.04, 0.012]
[-0.565, 0.038, 0.01]
[-0.559, 0.037, 0.008]
[-0.557, 0.035, 0.007]
[-0.556, 0.033, 0.006]
[-0.558, 0.032, 0.003]
[-0.56, 0.031, 0.002]
[-0.56, 0.03, -0.0]
[-0.56, 0.03, -0.002]
[-0.558, 0.029, -0.004]
[-0.557, 0.029, -0.007]
[-0.559, 0.028, -0.01]
[-0.561, 0.027, -0.012]
[-0.561, 0.025, -0.014]
[-0.563, 0.024, -0.016]
[-0.562, 0.022, -0.018]
[-0.563, 0.019, -0.02]
[-0.562, 0.017, -0.021]
[-0.562, 0.015, -0.023]
[-0.562, 0.013, -0.023]
[-0.562, 0.011, -0.023]
[-0.567, 0.011, -0.024]
[-0.57, 0.012, -0.026]
[-0.572, 0.013, -0.028]
[-0.57, 0.015, -0.031]
[-0.568, 0.016, -0.035]
[-0.56, 0.016, -0.04]
[-0.549, 0.014, -0.046]
[-0.537, 0.012, -0.052]
[-0.53, 0.011, -0.057]
[-0.527, 0.01, -0.061]
[-0.526, 0.01, -0.063]
[-0.526, 0.01, -0.065]
[-0.526, 0.011, -0.066]
[-0.527, 0.012, -0.066]
[-0.527, 0.015, -0.066]
[-0.528, 0.02, -0.061]
[-0.542, 0.025, -0.048]
[-0.551, 0.028, -0.032]
[-0.548, 0.03, -0.016]
[-0.543, 0.033, -0.003]
[-0.537, 0.036, 0.011]
[-0.533, 0.04, 0.023]
[-0.529, 0.045, 0.035]
[-0.526, 0.05, 0.045]
[-0.52, 0.057, 0.055]
[-0.512, 0.064, 0.066]
[-0.501, 0.07, 0.077]
[-0.496, 0.075, 0.084]
[-0.491, 0.079, 0.089]
[-0.49, 0.082, 0.093]
[-0.492, 0.085, 0.096]
[-0.499, 0.091, 0.1]
[-0.499, 0.091, 0.1]
[-0.501, 0.094, 0.101]
[-0.504, 0.098, 0.101]
[-0.505, 0.101, 0.101]
[-0.505, 0.105, 0.1]
[-0.508, 0.108, 0.098]
[-0.511, 0.112, 0.095]
[-0.516, 0.115, 0.092]
[-0.519, 0.117, 0.088]
[-0.522, 0.119, 0.085]
[-0.524, 0.121, 0.084]
[-0.527, 0.124, 0.084]
[-0.527, 0.124, 0.084]
[-0.528, 0.125, 0.084]
[-0.528, 0.127, 0.083]
[-0.531, 0.129, 0.078]
[-0.531, 0.129, 0.078]
[-0.533, 0.13, 0.076]
[-0.54, 0.133, 0.072]
[-0.545, 0.134, 0.071]
[-0.549, 0.136, 0.071]
[-0.548, 0.139, 0.069]
[-0.544, 0.141, 0.069]
[-0.542, 0.142, 0.069]
[-0.541, 0.143, 0.069]
[-0.544, 0.142, 0.07]
[-0.547, 0.141, 0.07]
[-0.548, 0.141, 0.069]
[-0.549, 0.141, 0.067]
[-0.547, 0.141, 0.065]
[-0.545, 0.14, 0.062]
[-0.544, 0.14, 0.058]
[-0.543, 0.14, 0.055]
[-0.542, 0.14, 0.053]
[-0.543, 0.14, 0.053]
[-0.543, 0.14, 0.053]
[-0.546, 0.139, 0.053]
[-0.55, 0.139, 0.054]
[-0.553, 0.138, 0.054]
[-0.554, 0.138, 0.055]
[-0.556, 0.137, 0.055]
[-0.559, 0.136, 0.055]
[-0.563, 0.136, 0.054]
[-0.57, 0.133, 0.052]
[-0.57, 0.133, 0.052]
[-0.57, 0.13, 0.054]
[-0.568, 0.127, 0.056]
[-0.567, 0.124, 0.058]
[-0.568, 0.123, 0.058]
[-0.572, 0.122, 0.055]
[-0.574, 0.121, 0.051]
[-0.575, 0.12, 0.047]
[-0.575, 0.119, 0.043]
[-0.575, 0.118, 0.041]
[-0.576, 0.117, 0.038]
[-0.584, 0.115, 0.035]
[-0.584, 0.115, 0.035]
[-0.587, 0.115, 0.034]
[-0.591, 0.115, 0.033]
[-0.593, 0.114, 0.033]
[-0.597, 0.113, 0.032]
[-0.604, 0.111, 0.031]
[-0.606, 0.111, 0.032]
[-0.609, 0.11, 0.031]
[-0.608, 0.109, 0.031]
[-0.607, 0.108, 0.03]
[-0.608, 0.106, 0.028]
[-0.609, 0.105, 0.025]
[-0.611, 0.104, 0.024]
[-0.613, 0.103, 0.022]
[-0.613, 0.101, 0.021]
[-0.612, 0.099, 0.019]
[-0.611, 0.097, 0.017]
[-0.61, 0.096, 0.016]
[-0.606, 0.094, 0.014]
[-0.605, 0.092, 0.013]
[-0.603, 0.091, 0.011]
[-0.602, 0.089, 0.01]
[-0.603, 0.087, 0.01]
[-0.602, 0.085, 0.01]
[-0.601, 0.083, 0.008]
[-0.601, 0.081, 0.006]
[-0.599, 0.079, 0.004]
[-0.598, 0.076, 0.002]
[-0.595, 0.074, -0.0]
[-0.593, 0.071, -0.002]
[-0.592, 0.069, -0.003]
[-0.59, 0.067, -0.004]
[-0.589, 0.065, -0.005]
[-0.588, 0.063, -0.006]
[-0.587, 0.061, -0.008]
[-0.586, 0.06, -0.009]
[-0.584, 0.058, -0.01]
[-0.584, 0.057, -0.011]
[-0.584, 0.056, -0.013]
[-0.584, 0.054, -0.014]
[-0.583, 0.052, -0.014]
[-0.583, 0.05, -0.014]
[-0.583, 0.049, -0.014]
[-0.584, 0.047, -0.015]
[-0.585, 0.045, -0.016]
[-0.584, 0.044, -0.018]
[-0.583, 0.043, -0.02]
[-0.583, 0.041, -0.022]
[-0.583, 0.04, -0.024]
[-0.584, 0.039, -0.025]
[-0.586, 0.037, -0.026]
[-0.587, 0.036, -0.027]
[-0.586, 0.034, -0.028]
[-0.585, 0.032, -0.028]
[-0.584, 0.03, -0.028]
[-0.583, 0.029, -0.028]
[-0.583, 0.027, -0.028]
[-0.588, 0.026, -0.029]
[-0.591, 0.025, -0.031]
[-0.595, 0.024, -0.032]
[-0.599, 0.024, -0.034]
[-0.599, 0.022, -0.034]
[-0.601, 0.021, -0.035]
[-0.604, 0.019, -0.035]
[-0.607, 0.018, -0.035]
[-0.61, 0.018, -0.035]
[-0.614, 0.018, -0.036]
[-0.615, 0.017, -0.035]
[-0.615, 0.016, -0.035]
[-0.615, 0.016, -0.035]
[-0.615, 0.015, -0.035]
[-0.615, 0.015, -0.036]
[-0.615, 0.014, -0.036]
[-0.614, 0.014, -0.036]
[-0.612, 0.014, -0.035]
[-0.601, 0.013, -0.033]
[-0.601, 0.013, -0.033]
[-0.595, 0.012, -0.032]
[-0.59, 0.011, -0.031]
[-0.585, 0.011, -0.029]
[-0.585, 0.011, -0.029]
[-0.585, 0.011, -0.028]
[-0.585, 0.011, -0.028]
[-0.585, 0.011, -0.028]
[-0.585, 0.011, -0.028]
[-0.583, 0.01, -0.028]
[-0.581, 0.009, -0.029]
[-0.58, 0.009, -0.029]
[-0.579, 0.008, -0.03]
[-0.579, 0.008, -0.03]
[-0.579, 0.008, -0.03]
[-0.581, 0.009, -0.03]
[-0.582, 0.009, -0.029]
[-0.585, 0.009, -0.029]
[-0.588, 0.009, -0.029]
[-0.59, 0.009, -0.03]
[-0.593, 0.009, -0.031]
[-0.599, 0.008, -0.033]
[-0.599, 0.008, -0.033]
[-0.602, 0.008, -0.034]
[-0.605, 0.008, -0.035]
[-0.606, 0.007, -0.036]
[-0.608, 0.007, -0.037]
[-0.608, 0.006, -0.037]
[-0.608, 0.006, -0.038]
[-0.607, 0.006, -0.037]
[-0.606, 0.006, -0.037]
[-0.606, 0.005, -0.037]
[-0.605, 0.005, -0.037]
[-0.605, 0.004, -0.037]
[-0.605, 0.004, -0.037]
[-0.605, 0.005, -0.038]
[-0.607, 0.004, -0.038]
[-0.609, 0.004, -0.039]
[-0.612, 0.003, -0.04]
[-0.613, 0.002, -0.041]
[-0.615, 0.001, -0.042]
[-0.617, 0.0, -0.043]
[-0.618, -0.0, -0.045]
[-0.619, -0.002, -0.047]
[-0.619, -0.003, -0.048]
[-0.62, -0.005, -0.05]
[-0.621, -0.007, -0.052]
[-0.621, -0.009, -0.055]
[-0.622, -0.011, -0.059]
[-0.623, -0.013, -0.062]
[-0.625, -0.015, -0.066]
[-0.628, -0.016, -0.069]
[-0.63, -0.018, -0.072]
[-0.632, -0.019, -0.075]
[-0.634, -0.021, -0.079]
[-0.634, -0.023, -0.082]
[-0.633, -0.025, -0.084]
[-0.634, -0.027, -0.086]
[-0.636, -0.028, -0.088]
[-0.637, -0.029, -0.09]
[-0.638, -0.029, -0.091]
[-0.637, -0.029, -0.093]
[-0.636, -0.03, -0.094]
[-0.634, -0.03, -0.095]
[-0.632, -0.03, -0.096]
[-0.626, -0.032, -0.095]
[-0.626, -0.032, -0.095]
[-0.624, -0.034, -0.095]
[-0.622, -0.035, -0.095]
[-0.621, -0.036, -0.096]
[-0.621, -0.037, -0.096]
[-0.623, -0.037, -0.098]
[-0.627, -0.039, -0.1]
[-0.629, -0.04, -0.102]
[-0.631, -0.041, -0.105]
[-0.631, -0.042, -0.107]
[-0.63, -0.043, -0.109]
[-0.63, -0.045, -0.112]
[-0.63, -0.046, -0.113]
[-0.632, -0.047, -0.115]
[-0.634, -0.048, -0.116]
[-0.636, -0.049, -0.117]
[-0.636, -0.05, -0.118]
[-0.636, -0.051, -0.118]
[-0.636, -0.051, -0.118]
[-0.635, -0.051, -0.118]
[-0.636, -0.052, -0.117]
[-0.637, -0.053, -0.117]
[-0.638, -0.054, -0.117]
[-0.636, -0.055, -0.117]
[-0.633, -0.056, -0.116]
[-0.631, -0.057, -0.115]
[-0.629, -0.057, -0.115]
[-0.628, -0.057, -0.115]
[-0.628, -0.057, -0.115]
[-0.629, -0.057, -0.116]
[-0.63, -0.057, -0.117]
[-0.633, -0.058, -0.118]
[-0.634, -0.058, -0.119]
[-0.636, -0.058, -0.121]
[-0.638, -0.059, -0.123]
[-0.639, -0.059, -0.125]
[-0.64, -0.06, -0.127]
[-0.641, -0.06, -0.128]
[-0.642, -0.061, -0.129]
[-0.644, -0.061, -0.134]
[-0.644, -0.061, -0.134]
[-0.646, -0.061, -0.137]
[-0.646, -0.062, -0.141]
[-0.647, -0.063, -0.144]
[-0.647, -0.065, -0.147]
[-0.649, -0.066, -0.149]
[-0.65, -0.066, -0.152]
[-0.652, -0.066, -0.154]
[-0.652, -0.066, -0.154]
[-0.652, -0.065, -0.155]
[-0.654, -0.064, -0.154]
[-0.654, -0.064, -0.154]
[-0.655, -0.063, -0.154]
[-0.655, -0.064, -0.153]
[-0.654, -0.063, -0.153]
[-0.654, -0.063, -0.152]
[-0.653, -0.063, -0.152]
[-0.652, -0.063, -0.153]
[-0.653, -0.063, -0.153]
[-0.654, -0.063, -0.154]
[-0.655, -0.064, -0.155]
[-0.655, -0.064, -0.156]
[-0.656, -0.064, -0.156]
[-0.655, -0.065, -0.156]
[-0.655, -0.065, -0.156]
[-0.657, -0.065, -0.156]
[-0.657, -0.065, -0.155]
[-0.658, -0.065, -0.155]
[-0.659, -0.065, -0.154]
[-0.66, -0.064, -0.153]
[-0.661, -0.063, -0.153]
[-0.663, -0.062, -0.152]
[-0.664, -0.061, -0.153]
[-0.663, -0.06, -0.152]
[-0.663, -0.059, -0.15]
[-0.662, -0.058, -0.148]
[-0.659, -0.057, -0.144]
[-0.654, -0.055, -0.137]
[-0.648, -0.051, -0.127]
[-0.643, -0.048, -0.118]
[-0.641, -0.045, -0.109]
[-0.638, -0.042, -0.103]
[-0.632, -0.04, -0.097]
[-0.624, -0.036, -0.091]
[-0.617, -0.032, -0.085]
[-0.611, -0.026, -0.077]
[-0.608, -0.022, -0.067]
[-0.604, -0.018, -0.057]
[-0.599, -0.015, -0.045]
[-0.595, -0.012, -0.036]
[-0.59, -0.01, -0.027]
[-0.585, -0.007, -0.02]
[-0.581, -0.005, -0.014]
[-0.577, -0.003, -0.008]
[-0.574, -0.001, -0.005]
[-0.571, 0.002, -0.002]
[-0.57, 0.005, 0.001]
[-0.567, 0.008, 0.003]
[-0.564, 0.011, 0.005]
[-0.558, 0.016, 0.008]
[-0.558, 0.016, 0.008]
[-0.555, 0.018, 0.01]
[-0.554, 0.019, 0.011]
[-0.553, 0.021, 0.013]
[-0.552, 0.023, 0.015]
[-0.553, 0.025, 0.016]
[-0.553, 0.027, 0.018]
[-0.553, 0.029, 0.019]
[-0.554, 0.031, 0.02]
[-0.554, 0.032, 0.02]
[-0.555, 0.033, 0.02]
[-0.555, 0.035, 0.021]
[-0.554, 0.036, 0.022]
[-0.554, 0.037, 0.024]
[-0.553, 0.038, 0.025]
[-0.553, 0.039, 0.027]
[-0.553, 0.041, 0.028]
[-0.553, 0.042, 0.029]
[-0.553, 0.044, 0.03]
[-0.554, 0.045, 0.03]
[-0.554, 0.046, 0.031]
[-0.556, 0.047, 0.031]
[-0.557, 0.047, 0.031]
[-0.558, 0.049, 0.032]
[-0.556, 0.05, 0.032]
[-0.554, 0.051, 0.032]
[-0.551, 0.052, 0.033]
[-0.548, 0.053, 0.034]
[-0.545, 0.053, 0.035]
[-0.542, 0.053, 0.037]
[-0.538, 0.053, 0.038]
[-0.535, 0.053, 0.039]
[-0.532, 0.053, 0.04]
[-0.529, 0.053, 0.04]
[-0.526, 0.054, 0.04]
[-0.526, 0.054, 0.04]
[-0.523, 0.054, 0.04]
[-0.519, 0.055, 0.041]
[-0.514, 0.055, 0.042]
[-0.511, 0.055, 0.043]
[-0.508, 0.054, 0.043]
[-0.506, 0.053, 0.043]
[-0.505, 0.052, 0.042]
[-0.502, 0.052, 0.042]
[-0.5, 0.052, 0.043]
[-0.5, 0.052, 0.043]
[-0.5, 0.052, 0.044]
[-0.501, 0.052, 0.044]
[-0.503, 0.053, 0.043]
[-0.505, 0.053, 0.043]
[-0.508, 0.053, 0.043]
[-0.51, 0.052, 0.043]
[-0.511, 0.052, 0.045]
[-0.512, 0.053, 0.046]
[-0.512, 0.053, 0.046]
[-0.512, 0.053, 0.047]
[-0.511, 0.053, 0.047]
[-0.509, 0.052, 0.047]
[-0.508, 0.052, 0.047]
[-0.502, 0.05, 0.046]
[-0.502, 0.05, 0.046]
[-0.499, 0.05, 0.046]
[-0.496, 0.049, 0.046]
[-0.493, 0.049, 0.045]
[-0.491, 0.049, 0.045]
[-0.489, 0.048, 0.044]
[-0.487, 0.048, 0.043]
[-0.487, 0.048, 0.041]
[-0.489, 0.047, 0.039]
[-0.491, 0.046, 0.038]
[-0.49, 0.044, 0.034]
[-0.49, 0.044, 0.034]
[-0.488, 0.043, 0.033]
[-0.488, 0.042, 0.03]
[-0.488, 0.041, 0.027]
[-0.488, 0.039, 0.023]
[-0.49, 0.038, 0.018]
[-0.492, 0.038, 0.013]
[-0.495, 0.037, 0.008]
[-0.496, 0.036, 0.004]
[-0.498, 0.035, -0.001]
[-0.498, 0.034, -0.005]
[-0.498, 0.031, -0.008]
[-0.5, 0.029, -0.012]
[-0.501, 0.027, -0.016]
[-0.502, 0.024, -0.02]
[-0.504, 0.022, -0.023]
[-0.504, 0.02, -0.026]
[-0.505, 0.018, -0.028]
[-0.505, 0.017, -0.03]
[-0.503, 0.015, -0.032]
[-0.5, 0.014, -0.034]
[-0.498, 0.012, -0.035]
[-0.498, 0.01, -0.037]
[-0.499, 0.009, -0.039]
[-0.5, 0.008, -0.04]
[-0.502, 0.006, -0.042]
[-0.503, 0.005, -0.042]
[-0.504, 0.004, -0.043]
[-0.504, 0.003, -0.043]
[-0.505, 0.002, -0.045]
[-0.505, 0.001, -0.047]
[-0.506, -0.001, -0.049]
[-0.507, -0.002, -0.05]
[-0.508, -0.004, -0.05]
[-0.509, -0.005, -0.049]
[-0.508, -0.005, -0.049]
[-0.507, -0.006, -0.048]
[-0.506, -0.006, -0.047]
[-0.505, -0.006, -0.047]
[-0.504, -0.006, -0.046]
[-0.503, -0.006, -0.046]
[-0.501, -0.006, -0.046]
[-0.499, -0.005, -0.045]
[-0.493, -0.005, -0.044]
[-0.493, -0.005, -0.044]
[-0.49, -0.004, -0.044]
[-0.488, -0.004, -0.043]
[-0.485, -0.005, -0.043]
[-0.485, -0.005, -0.041]
[-0.486, -0.005, -0.041]
[-0.486, -0.005, -0.04]
[-0.487, -0.004, -0.04]
[-0.486, -0.004, -0.04]
[-0.485, -0.004, -0.039]
[-0.484, -0.004, -0.037]
[-0.484, -0.004, -0.035]
[-0.484, -0.004, -0.035]
[-0.486, -0.003, -0.035]
[-0.486, -0.003, -0.035]
[-0.487, -0.003, -0.034]
[-0.488, -0.003, -0.034]
[-0.488, -0.002, -0.033]
[-0.488, -0.002, -0.033]
[-0.488, -0.002, -0.033]
[-0.489, -0.001, -0.032]
[-0.489, -0.001, -0.032]
[-0.49, -0.0, -0.032]
[-0.491, 0.0, -0.031]
[-0.491, 0.001, -0.031]
[-0.491, 0.001, -0.03]
[-0.491, 0.002, -0.03]
[-0.492, 0.003, -0.031]
[-0.49, 0.004, -0.033]
[-0.49, 0.004, -0.033]
[-0.488, 0.005, -0.034]
[-0.485, 0.005, -0.034]
[-0.483, 0.006, -0.033]
[-0.48, 0.008, -0.033]
[-0.476, 0.011, -0.032]
[-0.472, 0.014, -0.03]
[-0.471, 0.017, -0.027]
[-0.472, 0.019, -0.022]
[-0.471, 0.023, -0.019]
[-0.472, 0.027, -0.016]
[-0.47, 0.031, -0.013]
[-0.468, 0.034, -0.01]
[-0.467, 0.037, -0.005]
[-0.469, 0.04, 0.002]
[-0.476, 0.043, 0.01]
[-0.481, 0.046, 0.016]
[-0.486, 0.049, 0.022]
[-0.491, 0.052, 0.026]
[-0.491, 0.056, 0.03]
[-0.489, 0.06, 0.033]
[-0.486, 0.063, 0.036]
[-0.481, 0.066, 0.04]
[-0.477, 0.069, 0.044]
[-0.472, 0.074, 0.053]
[-0.472, 0.074, 0.053]
[-0.47, 0.075, 0.056]
[-0.467, 0.077, 0.059]
[-0.464, 0.078, 0.061]
[-0.46, 0.078, 0.062]
[-0.454, 0.079, 0.062]
[-0.45, 0.079, 0.063]
[-0.444, 0.079, 0.064]
[-0.438, 0.079, 0.066]
[-0.437, 0.078, 0.068]
[-0.441, 0.075, 0.071]
[-0.441, 0.075, 0.071]
[-0.443, 0.073, 0.07]
[-0.441, 0.072, 0.068]
[-0.43, 0.069, 0.057]
[-0.43, 0.069, 0.057]
[-0.425, 0.067, 0.05]
[-0.418, 0.065, 0.043]
[-0.384, 0.061, 0.025]
[-0.384, 0.061, 0.025]
[-0.365, 0.058, 0.016]
[-0.344, 0.057, 0.009]
[-0.327, 0.055, 0.003]
[-0.313, 0.053, -0.002]
[-0.3, 0.052, -0.006]
[-0.27, 0.048, -0.013]
[-0.27, 0.048, -0.013]
[-0.255, 0.046, -0.017]
[-0.241, 0.045, -0.021]
[-0.214, 0.044, -0.027]
[-0.214, 0.044, -0.027]
[-0.199, 0.044, -0.029]
[-0.181, 0.044, -0.031]
[-0.145, 0.042, -0.035]
[-0.145, 0.042, -0.035]
[-0.129, 0.041, -0.036]
[-0.114, 0.04, -0.036]
[-0.101, 0.039, -0.037]
[-0.088, 0.038, -0.038]
[-0.072, 0.037, -0.038]
[-0.057, 0.036, -0.039]
[-0.026, 0.034, -0.04]
[-0.026, 0.034, -0.04]
[-0.009, 0.032, -0.039]
[0.005, 0.031, -0.038]
[0.016, 0.03, -0.039]
[0.024, 0.028, -0.04]
[0.031, 0.027, -0.041]
[0.037, 0.025, -0.042]
[0.041, 0.024, -0.043]
[0.048, 0.023, -0.045]
[0.048, 0.023, -0.045]
[0.051, 0.022, -0.045]
[0.054, 0.023, -0.045]
[0.054, 0.023, -0.045]
[0.053, 0.023, -0.045]
[0.053, 0.022, -0.045]
[0.054, 0.022, -0.045]
[0.055, 0.021, -0.044]
[0.057, 0.02, -0.045]
[0.057, 0.02, -0.045]
[0.056, 0.019, -0.044]
[0.056, 0.019, -0.044]
[0.054, 0.018, -0.044]
[0.05, 0.018, -0.044]
[0.045, 0.018, -0.043]
[0.038, 0.018, -0.043]
[0.032, 0.018, -0.043]
[0.028, 0.019, -0.042]
[0.022, 0.021, -0.041]
[0.022, 0.021, -0.041]
[0.018, 0.021, -0.04]
[0.015, 0.021, -0.04]
[0.01, 0.021, -0.04]
[0.006, 0.021, -0.041]
[0.001, 0.021, -0.041]
[-0.005, 0.022, -0.041]
[-0.011, 0.022, -0.041]
[-0.017, 0.023, -0.041]
[-0.024, 0.023, -0.041]
[-0.031, 0.024, -0.041]
[-0.038, 0.025, -0.042]
[-0.046, 0.025, -0.042]
[-0.054, 0.026, -0.043]
[-0.06, 0.026, -0.044]
[-0.066, 0.026, -0.045]
[-0.073, 0.026, -0.046]
[-0.077, 0.025, -0.048]
[-0.083, 0.025, -0.049]
[-0.087, 0.025, -0.049]
[-0.09, 0.025, -0.05]
[-0.096, 0.025, -0.051]
[-0.101, 0.025, -0.052]
[-0.105, 0.024, -0.053]
[-0.11, 0.024, -0.053]
[-0.114, 0.024, -0.054]
[-0.116, 0.024, -0.054]
[-0.121, 0.024, -0.055]
[-0.121, 0.024, -0.055]
[-0.122, 0.024, -0.055]
[-0.124, 0.024, -0.055]
[-0.126, 0.024, -0.055]
[-0.128, 0.024, -0.055]
[-0.129, 0.024, -0.054]
[-0.128, 0.024, -0.054]
[-0.128, 0.024, -0.054]
[-0.126, 0.024, -0.054]
[-0.124, 0.025, -0.055]
[-0.123, 0.025, -0.055]
[-0.121, 0.025, -0.055]
[-0.12, 0.026, -0.055]
[-0.118, 0.026, -0.054]
[-0.115, 0.027, -0.053]
[-0.112, 0.027, -0.053]
[-0.11, 0.027, -0.053]
[-0.108, 0.027, -0.053]
[-0.105, 0.027, -0.054]
[-0.101, 0.027, -0.054]
[-0.095, 0.026, -0.054]
[-0.088, 0.027, -0.052]
[-0.078, 0.027, -0.051]
[-0.069, 0.027, -0.049]
[-0.061, 0.028, -0.048]
[-0.053, 0.028, -0.047]
[-0.046, 0.029, -0.045]
[-0.038, 0.03, -0.045]
[-0.029, 0.03, -0.045]
[-0.021, 0.03, -0.046]
[-0.015, 0.03, -0.047]
[-0.012, 0.03, -0.048]
[-0.01, 0.03, -0.049]
[-0.009, 0.03, -0.049]
[-0.007, 0.03, -0.049]
[-0.005, 0.03, -0.049]
[-0.004, 0.031, -0.047]
[-0.004, 0.031, -0.047]
[-0.005, 0.031, -0.047]
[-0.007, 0.031, -0.048]
[-0.009, 0.031, -0.048]
[-0.01, 0.031, -0.049]
[-0.01, 0.031, -0.05]
[-0.009, 0.032, -0.051]
