start livelink
[0.042, 0.012, -0.047]
[0.042, 0.012, -0.047]
[0.043, 0.011, -0.047]
[0.044, 0.011, -0.048]
[0.044, 0.01, -0.048]
[0.042, 0.01, -0.05]
[0.04, 0.01, -0.049]
[0.045, 0.01, -0.048]
[0.062, 0.011, -0.046]
[0.062, 0.011, -0.046]
[0.057, 0.008, -0.044]
[0.057, 0.008, -0.044]
[0.051, 0.008, -0.041]
[0.049, 0.008, -0.04]
[0.054, 0.011, -0.034]
[0.054, 0.011, -0.034]
[0.055, 0.013, -0.031]
[0.057, 0.015, -0.03]
[0.063, 0.018, -0.026]
[0.063, 0.018, -0.026]
[0.068, 0.018, -0.025]
[0.073, 0.019, -0.023]
[0.077, 0.02, -0.022]
[0.08, 0.021, -0.02]
[0.084, 0.022, -0.018]
[0.088, 0.023, -0.017]
[0.091, 0.025, -0.016]
[0.094, 0.025, -0.015]
[0.096, 0.026, -0.013]
[0.099, 0.027, -0.011]
[0.103, 0.028, -0.008]
[0.11, 0.03, -0.003]
[0.113, 0.031, 0.0]
[0.116, 0.032, 0.002]
[0.12, 0.032, 0.002]
[0.125, 0.033, 0.001]
[0.137, 0.032, 0.0]
[0.137, 0.032, 0.0]
[0.145, 0.031, -0.001]
[0.153, 0.029, -0.001]
[0.174, 0.026, -0.004]
[0.174, 0.026, -0.004]
[0.183, 0.025, -0.004]
[0.191, 0.023, -0.005]
[0.209, 0.021, -0.005]
[0.209, 0.021, -0.005]
[0.217, 0.019, -0.005]
[0.224, 0.017, -0.005]
[0.234, 0.014, -0.005]
[0.234, 0.014, -0.005]
[0.239, 0.012, -0.005]
[0.242, 0.01, -0.007]
[0.245, 0.008, -0.01]
[0.247, 0.006, -0.013]
[0.244, 0.002, -0.018]
[0.244, 0.002, -0.018]
[0.238, -0.002, -0.022]
[0.238, -0.002, -0.022]
[0.231, -0.005, -0.027]
[0.231, -0.005, -0.027]
[0.228, -0.006, -0.03]
[0.225, -0.008, -0.032]
[0.22, -0.011, -0.039]
[0.22, -0.011, -0.039]
[0.218, -0.012, -0.042]
[0.216, -0.014, -0.044]
[0.214, -0.016, -0.046]
[0.211, -0.019, -0.047]
[0.208, -0.021, -0.049]
[0.204, -0.024, -0.051]
[0.201, -0.026, -0.053]
[0.199, -0.028, -0.054]
[0.199, -0.03, -0.055]
[0.2, -0.032, -0.056]
[0.2, -0.035, -0.057]
[0.201, -0.038, -0.057]
[0.2, -0.044, -0.058]
[0.2, -0.044, -0.058]
[0.194, -0.047, -0.059]
[0.194, -0.047, -0.059]
[0.183, -0.051, -0.057]
[0.183, -0.051, -0.057]
[0.178, -0.052, -0.056]
[0.173, -0.053, -0.055]
[0.17, -0.054, -0.054]
[0.17, -0.055, -0.054]
[0.169, -0.056, -0.054]
[0.168, -0.056, -0.053]
[0.159, -0.058, -0.051]
[0.159, -0.058, -0.051]
[0.153, -0.059, -0.051]
[0.146, -0.059, -0.051]
[0.142, -0.059, -0.05]
[0.138, -0.058, -0.049]
[0.129, -0.057, -0.043]
[0.129, -0.057, -0.043]
[0.123, -0.056, -0.04]
[0.117, -0.054, -0.037]
[0.105, -0.052, -0.032]
[0.105, -0.052, -0.032]
[0.1, -0.051, -0.029]
[0.093, -0.05, -0.027]
[0.086, -0.048, -0.025]
[0.079, -0.047, -0.023]
[0.073, -0.046, -0.022]
[0.066, -0.044, -0.021]
[0.058, -0.042, -0.021]
[0.047, -0.041, -0.02]
[0.035, -0.039, -0.02]
[0.023, -0.037, -0.02]
[0.01, -0.035, -0.019]
[-0.005, -0.034, -0.019]
[-0.024, -0.033, -0.019]
[-0.043, -0.032, -0.018]
[-0.062, -0.03, -0.017]
[-0.081, -0.028, -0.016]
[-0.101, -0.027, -0.014]
[-0.125, -0.027, -0.012]
[-0.143, -0.026, -0.009]
[-0.158, -0.024, -0.008]
[-0.173, -0.021, -0.008]
[-0.185, -0.017, -0.008]
[-0.195, -0.012, -0.009]
[-0.201, -0.009, -0.01]
[-0.213, -0.003, -0.011]
[-0.213, -0.003, -0.011]
[-0.217, 0.0, -0.01]
[-0.22, 0.003, -0.01]
[-0.226, 0.008, -0.004]
[-0.226, 0.008, -0.004]
[-0.229, 0.009, -0.001]
[-0.231, 0.011, 0.003]
[-0.234, 0.013, 0.006]
[-0.239, 0.015, 0.01]
[-0.247, 0.02, 0.017]
[-0.247, 0.02, 0.017]
[-0.252, 0.022, 0.022]
[-0.258, 0.025, 0.029]
[-0.263, 0.029, 0.043]
[-0.263, 0.029, 0.043]
[-0.265, 0.032, 0.049]
[-0.266, 0.035, 0.053]
[-0.269, 0.039, 0.057]
[-0.271, 0.042, 0.058]
[-0.272, 0.045, 0.059]
[-0.274, 0.049, 0.062]
[-0.275, 0.051, 0.064]
[-0.277, 0.054, 0.067]
[-0.278, 0.056, 0.07]
[-0.28, 0.057, 0.072]
[-0.281, 0.058, 0.074]
[-0.282, 0.058, 0.074]
[-0.283, 0.058, 0.074]
[-0.284, 0.059, 0.073]
[-0.286, 0.059, 0.073]
[-0.288, 0.059, 0.072]
[-0.292, 0.06, 0.072]
[-0.292, 0.06, 0.072]
[-0.293, 0.06, 0.072]
[-0.296, 0.06, 0.073]
[-0.298, 0.058, 0.074]
[-0.298, 0.058, 0.074]
[-0.299, 0.057, 0.073]
[-0.3, 0.056, 0.072]
[-0.304, 0.053, 0.069]
[-0.304, 0.053, 0.069]
[-0.306, 0.052, 0.067]
[-0.306, 0.051, 0.065]
[-0.305, 0.048, 0.058]
[-0.305, 0.048, 0.058]
[-0.303, 0.047, 0.054]
[-0.302, 0.046, 0.051]
[-0.3, 0.044, 0.048]
[-0.296, 0.041, 0.046]
[-0.292, 0.038, 0.044]
[-0.289, 0.034, 0.043]
[-0.285, 0.031, 0.041]
[-0.282, 0.028, 0.039]
[-0.273, 0.023, 0.033]
[-0.271, 0.02, 0.029]
[-0.271, 0.02, 0.029]
[-0.268, 0.018, 0.025]
[-0.265, 0.014, 0.013]
[-0.265, 0.014, 0.013]
[-0.265, 0.012, 0.008]
[-0.266, 0.009, 0.002]
[-0.268, 0.006, -0.004]
[-0.269, 0.003, -0.012]
[-0.27, 0.0, -0.019]
[-0.269, -0.003, -0.026]
[-0.268, -0.007, -0.033]
[-0.269, -0.01, -0.042]
[-0.27, -0.014, -0.051]
[-0.272, -0.017, -0.059]
[-0.271, -0.02, -0.065]
[-0.269, -0.023, -0.072]
[-0.269, -0.026, -0.076]
[-0.266, -0.028, -0.077]
[-0.26, -0.031, -0.077]
[-0.253, -0.034, -0.075]
[-0.243, -0.037, -0.074]
[-0.234, -0.039, -0.074]
[-0.23, -0.041, -0.075]
[-0.229, -0.043, -0.076]
[-0.231, -0.045, -0.078]
[-0.232, -0.046, -0.08]
[-0.233, -0.05, -0.084]
[-0.233, -0.05, -0.084]
[-0.234, -0.052, -0.086]
[-0.234, -0.054, -0.087]
[-0.236, -0.057, -0.09]
[-0.236, -0.057, -0.09]
[-0.238, -0.057, -0.092]
[-0.241, -0.058, -0.094]
[-0.253, -0.058, -0.096]
[-0.253, -0.058, -0.096]
[-0.256, -0.058, -0.097]
[-0.259, -0.058, -0.097]
[-0.259, -0.06, -0.095]
[-0.259, -0.06, -0.095]
[-0.258, -0.061, -0.095]
[-0.258, -0.062, -0.094]
[-0.262, -0.062, -0.092]
[-0.262, -0.062, -0.092]
[-0.266, -0.062, -0.091]
[-0.268, -0.062, -0.09]
[-0.269, -0.062, -0.089]
[-0.27, -0.062, -0.088]
[-0.269, -0.063, -0.088]
[-0.27, -0.063, -0.088]
[-0.272, -0.063, -0.089]
[-0.272, -0.063, -0.09]
[-0.272, -0.063, -0.09]
[-0.272, -0.063, -0.091]
[-0.268, -0.062, -0.091]
[-0.265, -0.062, -0.09]
[-0.258, -0.064, -0.086]
[-0.258, -0.064, -0.086]
[-0.254, -0.065, -0.085]
[-0.25, -0.066, -0.083]
[-0.249, -0.067, -0.083]
[-0.248, -0.068, -0.083]
[-0.25, -0.068, -0.082]
[-0.255, -0.068, -0.083]
[-0.26, -0.068, -0.083]
[-0.263, -0.068, -0.083]
[-0.265, -0.069, -0.083]
[-0.264, -0.07, -0.082]
[-0.262, -0.07, -0.081]
[-0.263, -0.07, -0.08]
[-0.267, -0.071, -0.079]
[-0.274, -0.07, -0.078]
[-0.278, -0.069, -0.074]
[-0.28, -0.067, -0.07]
[-0.281, -0.066, -0.065]
[-0.281, -0.066, -0.058]
[-0.281, -0.066, -0.058]
[-0.28, -0.066, -0.055]
[-0.278, -0.065, -0.053]
[-0.277, -0.064, -0.05]
[-0.275, -0.063, -0.047]
[-0.275, -0.061, -0.042]
[-0.277, -0.057, -0.037]
[-0.278, -0.053, -0.032]
[-0.279, -0.05, -0.026]
[-0.278, -0.047, -0.019]
[-0.278, -0.044, -0.013]
[-0.278, -0.042, -0.007]
[-0.28, -0.036, 0.005]
[-0.28, -0.036, 0.005]
[-0.281, -0.033, 0.011]
[-0.283, -0.031, 0.017]
[-0.281, -0.029, 0.023]
[-0.278, -0.027, 0.03]
[-0.273, -0.024, 0.038]
[-0.268, -0.021, 0.046]
[-0.26, -0.019, 0.054]
[-0.255, -0.017, 0.061]
[-0.249, -0.016, 0.068]
[-0.246, -0.014, 0.074]
[-0.244, -0.012, 0.079]
[-0.242, -0.011, 0.083]
[-0.24, -0.009, 0.087]
[-0.235, -0.007, 0.09]
[-0.232, -0.006, 0.092]
[-0.229, -0.004, 0.095]
[-0.228, -0.002, 0.102]
[-0.228, -0.002, 0.102]
[-0.227, -0.001, 0.106]
[-0.225, -0.001, 0.111]
[-0.223, 0.0, 0.116]
[-0.221, 0.001, 0.122]
[-0.219, 0.003, 0.128]
[-0.218, 0.005, 0.135]
[-0.217, 0.007, 0.143]
[-0.218, 0.009, 0.151]
[-0.217, 0.011, 0.163]
[-0.21, 0.012, 0.177]
[-0.205, 0.012, 0.193]
[-0.197, 0.012, 0.205]
[-0.187, 0.012, 0.217]
[-0.179, 0.012, 0.229]
[-0.172, 0.012, 0.242]
[-0.166, 0.013, 0.257]
[-0.163, 0.015, 0.27]
[-0.161, 0.018, 0.281]
[-0.16, 0.02, 0.291]
[-0.161, 0.023, 0.3]
[-0.164, 0.027, 0.312]
[-0.164, 0.027, 0.312]
[-0.165, 0.029, 0.315]
[-0.166, 0.031, 0.317]
[-0.166, 0.032, 0.319]
[-0.166, 0.032, 0.319]
[-0.168, 0.032, 0.32]
[-0.17, 0.032, 0.321]
[-0.173, 0.033, 0.321]
[-0.176, 0.035, 0.323]
[-0.179, 0.036, 0.324]
[-0.18, 0.037, 0.325]
[-0.181, 0.037, 0.325]
[-0.181, 0.037, 0.324]
[-0.181, 0.037, 0.325]
[-0.18, 0.036, 0.325]
[-0.179, 0.035, 0.325]
[-0.178, 0.034, 0.325]
[-0.177, 0.034, 0.323]
[-0.176, 0.034, 0.32]
[-0.176, 0.035, 0.317]
[-0.177, 0.035, 0.316]
[-0.18, 0.035, 0.315]
[-0.18, 0.035, 0.315]
[-0.181, 0.036, 0.314]
[-0.182, 0.036, 0.312]
[-0.184, 0.037, 0.309]
[-0.186, 0.038, 0.307]
[-0.188, 0.038, 0.305]
[-0.192, 0.038, 0.303]
[-0.195, 0.037, 0.302]
[-0.2, 0.036, 0.3]
[-0.205, 0.036, 0.298]
[-0.209, 0.036, 0.296]
[-0.213, 0.035, 0.293]
[-0.219, 0.035, 0.289]
[-0.225, 0.034, 0.286]
[-0.232, 0.033, 0.281]
[-0.239, 0.032, 0.277]
[-0.244, 0.03, 0.273]
[-0.249, 0.029, 0.268]
[-0.249, 0.029, 0.268]
[-0.25, 0.027, 0.265]
[-0.248, 0.026, 0.262]
[-0.245, 0.025, 0.258]
[-0.243, 0.023, 0.251]
[-0.239, 0.022, 0.244]
[-0.235, 0.02, 0.236]
[-0.231, 0.019, 0.229]
[-0.227, 0.018, 0.222]
[-0.223, 0.017, 0.215]
[-0.217, 0.016, 0.208]
[-0.211, 0.014, 0.202]
[-0.207, 0.013, 0.196]
[-0.205, 0.011, 0.189]
[-0.204, 0.008, 0.173]
[-0.204, 0.008, 0.173]
[-0.204, 0.006, 0.167]
[-0.206, 0.005, 0.163]
[-0.212, 0.004, 0.155]
[-0.212, 0.004, 0.155]
[-0.215, 0.004, 0.152]
[-0.218, 0.003, 0.149]
[-0.22, 0.003, 0.147]
[-0.224, 0.002, 0.145]
[-0.228, 0.002, 0.143]
[-0.232, 0.002, 0.141]
[-0.234, 0.002, 0.139]
[-0.237, 0.003, 0.137]
[-0.241, 0.003, 0.134]
[-0.249, 0.005, 0.13]
[-0.259, 0.01, 0.126]
[-0.265, 0.015, 0.122]
[-0.269, 0.019, 0.119]
[-0.27, 0.024, 0.116]
[-0.272, 0.028, 0.113]
[-0.271, 0.031, 0.11]
[-0.268, 0.034, 0.108]
[-0.262, 0.037, 0.108]
[-0.253, 0.04, 0.109]
[-0.246, 0.043, 0.11]
[-0.24, 0.047, 0.11]
[-0.237, 0.051, 0.11]
[-0.236, 0.055, 0.109]
[-0.235, 0.059, 0.107]
[-0.233, 0.063, 0.106]
[-0.231, 0.067, 0.106]
[-0.23, 0.071, 0.105]
[-0.231, 0.075, 0.104]
[-0.234, 0.078, 0.102]
[-0.235, 0.081, 0.102]
[-0.235, 0.084, 0.101]
[-0.235, 0.086, 0.1]
[-0.234, 0.088, 0.1]
[-0.233, 0.09, 0.1]
[-0.232, 0.092, 0.1]
[-0.231, 0.094, 0.1]
[-0.229, 0.096, 0.1]
[-0.228, 0.097, 0.1]
[-0.228, 0.098, 0.098]
[-0.228, 0.099, 0.098]
[-0.23, 0.101, 0.098]
[-0.231, 0.103, 0.099]
[-0.232, 0.104, 0.1]
[-0.234, 0.103, 0.099]
[-0.235, 0.102, 0.098]
[-0.236, 0.1, 0.095]
[-0.239, 0.098, 0.092]
[-0.242, 0.097, 0.087]
[-0.247, 0.095, 0.083]
[-0.25, 0.094, 0.078]
[-0.252, 0.093, 0.072]
[-0.25, 0.091, 0.066]
[-0.248, 0.088, 0.057]
[-0.246, 0.085, 0.048]
[-0.244, 0.081, 0.039]
[-0.242, 0.079, 0.031]
[-0.242, 0.077, 0.024]
[-0.242, 0.073, 0.017]
[-0.242, 0.07, 0.009]
[-0.241, 0.066, 0.002]
[-0.239, 0.062, -0.005]
[-0.237, 0.058, -0.01]
[-0.234, 0.054, -0.015]
[-0.234, 0.051, -0.02]
[-0.231, 0.048, -0.025]
[-0.23, 0.045, -0.031]
[-0.23, 0.042, -0.037]
[-0.231, 0.04, -0.044]
[-0.233, 0.037, -0.051]
[-0.233, 0.035, -0.057]
[-0.229, 0.03, -0.069]
[-0.229, 0.03, -0.069]
[-0.227, 0.028, -0.076]
[-0.227, 0.026, -0.083]
[-0.228, 0.023, -0.089]
[-0.229, 0.021, -0.095]
[-0.227, 0.019, -0.1]
[-0.225, 0.016, -0.105]
[-0.223, 0.014, -0.11]
[-0.223, 0.013, -0.115]
[-0.223, 0.012, -0.12]
[-0.224, 0.012, -0.125]
[-0.223, 0.012, -0.129]
[-0.222, 0.012, -0.132]
[-0.222, 0.012, -0.134]
[-0.221, 0.012, -0.135]
[-0.22, 0.011, -0.136]
[-0.218, 0.011, -0.136]
[-0.215, 0.01, -0.137]
[-0.213, 0.009, -0.137]
[-0.214, 0.008, -0.137]
[-0.215, 0.006, -0.136]
[-0.217, 0.005, -0.136]
[-0.217, 0.004, -0.136]
[-0.217, 0.003, -0.138]
[-0.218, 0.003, -0.139]
[-0.218, 0.002, -0.141]
[-0.219, 0.002, -0.142]
[-0.219, 0.0, -0.144]
[-0.219, -0.001, -0.146]
[-0.219, -0.002, -0.149]
[-0.221, -0.002, -0.152]
[-0.222, -0.003, -0.155]
[-0.225, -0.004, -0.157]
[-0.228, -0.006, -0.159]
[-0.229, -0.007, -0.161]
[-0.225, -0.011, -0.163]
[-0.225, -0.011, -0.163]
[-0.222, -0.013, -0.163]
[-0.222, -0.015, -0.164]
[-0.231, -0.017, -0.167]
[-0.231, -0.017, -0.167]
[-0.241, -0.018, -0.169]
[-0.255, -0.018, -0.17]
[-0.272, -0.021, -0.168]
[-0.281, -0.022, -0.163]
[-0.285, -0.024, -0.156]
[-0.289, -0.03, -0.142]
[-0.289, -0.03, -0.142]
[-0.291, -0.033, -0.135]
[-0.291, -0.036, -0.13]
[-0.276, -0.046, -0.116]
[-0.276, -0.046, -0.116]
[-0.269, -0.051, -0.109]
[-0.266, -0.055, -0.101]
[-0.264, -0.06, -0.094]
[-0.26, -0.063, -0.089]
[-0.257, -0.067, -0.083]
[-0.256, -0.07, -0.079]
[-0.257, -0.073, -0.074]
[-0.257, -0.076, -0.069]
[-0.254, -0.08, -0.064]
[-0.251, -0.084, -0.059]
[-0.249, -0.087, -0.055]
[-0.248, -0.091, -0.051]
[-0.248, -0.094, -0.048]
[-0.25, -0.097, -0.044]
[-0.251, -0.101, -0.041]
[-0.251, -0.106, -0.036]
[-0.251, -0.106, -0.036]
[-0.249, -0.108, -0.035]
[-0.247, -0.11, -0.034]
[-0.244, -0.112, -0.032]
[-0.241, -0.114, -0.03]
[-0.239, -0.115, -0.028]
[-0.236, -0.117, -0.026]
[-0.233, -0.118, -0.024]
[-0.229, -0.12, -0.022]
[-0.226, -0.121, -0.021]
[-0.224, -0.123, -0.02]
[-0.22, -0.125, -0.018]
[-0.217, -0.127, -0.017]
[-0.213, -0.129, -0.016]
[-0.21, -0.13, -0.014]
[-0.21, -0.132, -0.01]
[-0.21, -0.132, -0.01]
[-0.217, -0.133, -0.007]
[-0.222, -0.133, -0.004]
[-0.228, -0.133, -0.001]
[-0.23, -0.134, 0.002]
[-0.23, -0.135, 0.005]
[-0.228, -0.136, 0.008]
[-0.225, -0.137, 0.011]
[-0.221, -0.138, 0.014]
[-0.216, -0.14, 0.017]
[-0.209, -0.141, 0.021]
[-0.202, -0.143, 0.026]
[-0.194, -0.146, 0.032]
[-0.187, -0.148, 0.037]
[-0.18, -0.151, 0.042]
[-0.173, -0.155, 0.053]
[-0.173, -0.155, 0.053]
[-0.17, -0.156, 0.058]
[-0.172, -0.156, 0.062]
[-0.172, -0.157, 0.07]
[-0.172, -0.157, 0.07]
[-0.171, -0.158, 0.075]
[-0.171, -0.16, 0.081]
[-0.174, -0.162, 0.087]
[-0.177, -0.163, 0.092]
[-0.173, -0.166, 0.095]
[-0.167, -0.168, 0.098]
[-0.159, -0.171, 0.101]
[-0.153, -0.172, 0.104]
[-0.15, -0.173, 0.107]
[-0.149, -0.174, 0.109]
[-0.151, -0.174, 0.11]
[-0.153, -0.174, 0.111]
[-0.155, -0.173, 0.11]
[-0.157, -0.173, 0.11]
[-0.16, -0.172, 0.106]
[-0.16, -0.172, 0.106]
[-0.163, -0.171, 0.103]
[-0.172, -0.169, 0.102]
[-0.187, -0.164, 0.101]
[-0.187, -0.164, 0.101]
[-0.193, -0.163, 0.102]
[-0.192, -0.162, 0.101]
[-0.189, -0.162, 0.099]
[-0.186, -0.162, 0.095]
[-0.183, -0.162, 0.092]
[-0.182, -0.161, 0.089]
[-0.183, -0.16, 0.087]
[-0.185, -0.159, 0.086]
[-0.189, -0.158, 0.086]
[-0.192, -0.158, 0.085]
[-0.195, -0.157, 0.085]
[-0.197, -0.157, 0.085]
[-0.197, -0.157, 0.085]
[-0.195, -0.157, 0.086]
[-0.192, -0.157, 0.086]
[-0.189, -0.156, 0.086]
[-0.188, -0.156, 0.086]
[-0.19, -0.155, 0.086]
[-0.197, -0.154, 0.086]
[-0.204, -0.153, 0.084]
[-0.21, -0.153, 0.083]
[-0.214, -0.152, 0.082]
[-0.217, -0.152, 0.08]
[-0.217, -0.152, 0.078]
[-0.214, -0.153, 0.077]
[-0.208, -0.154, 0.077]
[-0.196, -0.156, 0.077]
[-0.196, -0.156, 0.077]
[-0.193, -0.156, 0.077]
[-0.195, -0.156, 0.076]
[-0.201, -0.156, 0.076]
[-0.206, -0.155, 0.076]
[-0.212, -0.155, 0.076]
[-0.217, -0.154, 0.075]
[-0.223, -0.155, 0.071]
[-0.223, -0.155, 0.071]
[-0.223, -0.156, 0.069]
[-0.223, -0.156, 0.067]
[-0.223, -0.157, 0.064]
[-0.223, -0.157, 0.064]
[-0.226, -0.156, 0.063]
[-0.231, -0.156, 0.063]
[-0.24, -0.155, 0.062]
[-0.24, -0.155, 0.062]
[-0.243, -0.155, 0.061]
[-0.244, -0.155, 0.061]
[-0.245, -0.155, 0.06]
[-0.246, -0.155, 0.06]
[-0.248, -0.155, 0.059]
[-0.25, -0.155, 0.058]
[-0.252, -0.155, 0.058]
[-0.254, -0.155, 0.058]
[-0.255, -0.156, 0.058]
[-0.256, -0.156, 0.058]
[-0.256, -0.156, 0.058]
[-0.256, -0.156, 0.058]
[-0.257, -0.157, 0.058]
[-0.261, -0.158, 0.056]
[-0.261, -0.158, 0.056]
[-0.265, -0.158, 0.054]
[-0.268, -0.158, 0.053]
[-0.272, -0.158, 0.052]
[-0.275, -0.158, 0.05]
[-0.278, -0.159, 0.049]
[-0.281, -0.159, 0.048]
[-0.282, -0.159, 0.046]
[-0.282, -0.159, 0.045]
[-0.282, -0.159, 0.045]
[-0.282, -0.16, 0.044]
[-0.282, -0.16, 0.044]
[-0.283, -0.16, 0.044]
[-0.282, -0.16, 0.043]
[-0.281, -0.161, 0.042]
[-0.279, -0.161, 0.042]
[-0.279, -0.16, 0.042]
[-0.279, -0.16, 0.042]
[-0.28, -0.159, 0.041]
[-0.282, -0.159, 0.041]
[-0.282, -0.158, 0.04]
[-0.282, -0.158, 0.04]
[-0.281, -0.158, 0.04]
[-0.281, -0.158, 0.04]
[-0.281, -0.158, 0.038]
[-0.281, -0.158, 0.038]
[-0.282, -0.157, 0.037]
[-0.284, -0.157, 0.035]
[-0.285, -0.157, 0.033]
[-0.286, -0.157, 0.031]
[-0.286, -0.157, 0.028]
[-0.286, -0.158, 0.026]
[-0.285, -0.158, 0.023]
[-0.285, -0.158, 0.02]
[-0.285, -0.158, 0.017]
[-0.285, -0.158, 0.014]
[-0.286, -0.158, 0.011]
[-0.285, -0.158, 0.008]
[-0.282, -0.159, 0.005]
[-0.276, -0.159, 0.002]
[-0.27, -0.16, -0.0]
[-0.264, -0.16, -0.002]
[-0.259, -0.16, -0.003]
[-0.255, -0.159, -0.004]
[-0.251, -0.157, -0.004]
[-0.248, -0.155, -0.005]
[-0.244, -0.152, -0.005]
[-0.242, -0.147, -0.005]
[-0.241, -0.142, -0.005]
[-0.245, -0.131, -0.006]
[-0.245, -0.131, -0.006]
[-0.245, -0.126, -0.007]
[-0.247, -0.12, -0.008]
[-0.249, -0.114, -0.009]
[-0.255, -0.108, -0.011]
[-0.263, -0.101, -0.013]
[-0.275, -0.087, -0.019]
[-0.275, -0.087, -0.019]
[-0.279, -0.081, -0.021]
[-0.283, -0.074, -0.023]
[-0.307, -0.058, -0.029]
[-0.307, -0.058, -0.029]
[-0.325, -0.051, -0.03]
[-0.336, -0.044, -0.03]
[-0.345, -0.039, -0.031]
[-0.35, -0.033, -0.03]
[-0.352, -0.027, -0.03]
[-0.358, -0.02, -0.03]
[-0.363, -0.014, -0.031]
[-0.367, -0.007, -0.032]
[-0.369, -0.001, -0.033]
[-0.368, 0.005, -0.034]
[-0.366, 0.011, -0.034]
[-0.362, 0.017, -0.034]
[-0.359, 0.021, -0.033]
[-0.357, 0.027, -0.033]
[-0.357, 0.032, -0.032]
[-0.356, 0.036, -0.032]
[-0.355, 0.04, -0.031]
[-0.354, 0.045, -0.029]
[-0.35, 0.049, -0.028]
[-0.347, 0.053, -0.027]
[-0.346, 0.057, -0.025]
[-0.343, 0.061, -0.024]
[-0.338, 0.067, -0.021]
[-0.338, 0.067, -0.021]
[-0.335, 0.07, -0.02]
[-0.335, 0.072, -0.019]
[-0.332, 0.074, -0.019]
[-0.33, 0.076, -0.017]
[-0.329, 0.077, -0.017]
[-0.327, 0.078, -0.015]
[-0.327, 0.08, -0.014]
[-0.327, 0.082, -0.012]
[-0.327, 0.084, -0.011]
[-0.326, 0.086, -0.01]
[-0.326, 0.087, -0.009]
[-0.327, 0.089, -0.009]
[-0.327, 0.09, -0.009]
[-0.328, 0.091, -0.01]
[-0.331, 0.093, -0.012]
[-0.331, 0.093, -0.012]
[-0.335, 0.094, -0.011]
[-0.337, 0.096, -0.008]
[-0.338, 0.097, -0.004]
[-0.339, 0.099, -0.002]
[-0.34, 0.102, -0.0]
[-0.342, 0.104, 0.001]
[-0.34, 0.107, 0.001]
[-0.336, 0.108, 0.003]
[-0.331, 0.11, 0.006]
[-0.328, 0.111, 0.009]
[-0.329, 0.111, 0.011]
[-0.333, 0.113, 0.012]
[-0.336, 0.114, 0.014]
[-0.34, 0.115, 0.016]
[-0.342, 0.116, 0.018]
[-0.342, 0.116, 0.019]
[-0.342, 0.117, 0.02]
[-0.34, 0.117, 0.019]
[-0.338, 0.117, 0.019]
[-0.334, 0.117, 0.019]
[-0.33, 0.117, 0.019]
[-0.326, 0.117, 0.02]
[-0.322, 0.117, 0.021]
[-0.32, 0.118, 0.022]
[-0.319, 0.118, 0.022]
[-0.318, 0.118, 0.022]
[-0.316, 0.118, 0.022]
[-0.314, 0.117, 0.022]
[-0.311, 0.117, 0.022]
[-0.309, 0.116, 0.022]
[-0.306, 0.116, 0.021]
[-0.305, 0.115, 0.02]
[-0.304, 0.114, 0.019]
[-0.303, 0.112, 0.018]
[-0.302, 0.111, 0.017]
[-0.299, 0.11, 0.015]
[-0.297, 0.109, 0.014]
[-0.295, 0.107, 0.012]
[-0.294, 0.106, 0.01]
[-0.294, 0.104, 0.008]
[-0.292, 0.102, 0.005]
[-0.29, 0.099, 0.003]
[-0.289, 0.096, 0.001]
[-0.289, 0.093, -0.003]
[-0.29, 0.09, -0.006]
[-0.29, 0.088, -0.011]
[-0.289, 0.084, -0.014]
[-0.291, 0.08, -0.018]
[-0.292, 0.075, -0.022]
[-0.289, 0.07, -0.027]
[-0.282, 0.066, -0.032]
[-0.276, 0.062, -0.038]
[-0.271, 0.059, -0.043]
[-0.268, 0.055, -0.047]
[-0.267, 0.051, -0.051]
[-0.266, 0.047, -0.054]
[-0.264, 0.043, -0.056]
[-0.26, 0.031, -0.06]
[-0.26, 0.031, -0.06]
[-0.258, 0.025, -0.062]
[-0.258, 0.019, -0.063]
[-0.26, 0.013, -0.064]
[-0.262, 0.008, -0.066]
[-0.265, 0.003, -0.066]
[-0.268, -0.002, -0.065]
[-0.27, -0.007, -0.065]
[-0.272, -0.012, -0.066]
[-0.274, -0.017, -0.066]
[-0.274, -0.022, -0.066]
[-0.275, -0.03, -0.066]
[-0.275, -0.03, -0.066]
[-0.276, -0.034, -0.067]
[-0.277, -0.037, -0.067]
[-0.28, -0.041, -0.067]
[-0.284, -0.047, -0.067]
[-0.284, -0.047, -0.067]
[-0.285, -0.049, -0.067]
[-0.287, -0.051, -0.065]
[-0.288, -0.053, -0.064]
[-0.289, -0.054, -0.062]
[-0.291, -0.056, -0.062]
[-0.293, -0.058, -0.061]
[-0.297, -0.061, -0.061]
[-0.297, -0.061, -0.061]
[-0.297, -0.061, -0.06]
[-0.297, -0.061, -0.059]
[-0.295, -0.061, -0.059]
[-0.293, -0.061, -0.059]
[-0.29, -0.062, -0.058]
[-0.287, -0.062, -0.057]
[-0.283, -0.062, -0.056]
[-0.28, -0.062, -0.054]
[-0.277, -0.062, -0.053]
[-0.275, -0.061, -0.052]
[-0.274, -0.06, -0.05]
[-0.275, -0.059, -0.049]
[-0.275, -0.058, -0.049]
[-0.274, -0.057, -0.047]
[-0.271, -0.056, -0.045]
[-0.266, -0.056, -0.043]
[-0.259, -0.055, -0.04]
[-0.252, -0.054, -0.038]
[-0.242, -0.052, -0.036]
[-0.229, -0.05, -0.035]
[-0.213, -0.048, -0.035]
[-0.196, -0.046, -0.034]
[-0.177, -0.043, -0.034]
[-0.157, -0.041, -0.034]
[-0.138, -0.039, -0.032]
[-0.122, -0.037, -0.032]
[-0.108, -0.035, -0.031]
[-0.094, -0.034, -0.031]
[-0.078, -0.034, -0.031]
[-0.064, -0.033, -0.032]
[-0.049, -0.033, -0.032]
[-0.035, -0.032, -0.032]
[-0.017, -0.031, -0.032]
[0.001, -0.031, -0.033]
[0.018, -0.029, -0.034]
[0.034, -0.028, -0.034]
[0.048, -0.026, -0.034]
[0.063, -0.025, -0.033]
[0.077, -0.024, -0.032]
[0.092, -0.023, -0.031]
[0.104, -0.022, -0.03]
[0.113, -0.02, -0.03]
[0.122, -0.019, -0.03]
[0.129, -0.017, -0.029]
[0.138, -0.016, -0.029]
[0.145, -0.014, -0.029]
[0.15, -0.013, -0.03]
[0.155, -0.012, -0.03]
[0.16, -0.01, -0.031]
[0.166, -0.009, -0.032]
[0.171, -0.008, -0.033]
[0.177, -0.006, -0.034]
[0.181, -0.005, -0.035]
[0.186, -0.004, -0.037]
[0.189, -0.004, -0.038]
[0.192, -0.003, -0.039]
[0.196, -0.003, -0.038]
[0.198, -0.002, -0.038]
[0.2, -0.001, -0.038]
[0.201, -0.001, -0.038]
[0.202, 0.0, -0.038]
[0.203, 0.001, -0.038]
[0.204, 0.001, -0.038]
[0.204, 0.002, -0.039]
[0.204, 0.003, -0.04]
[0.203, 0.003, -0.04]
[0.202, 0.004, -0.04]
[0.2, 0.004, -0.041]
[0.199, 0.005, -0.041]
[0.197, 0.005, -0.042]
[0.196, 0.005, -0.043]
[0.194, 0.005, -0.043]
[0.193, 0.005, -0.044]
[0.191, 0.005, -0.044]
[0.19, 0.005, -0.045]
[0.187, 0.004, -0.045]
[0.183, 0.004, -0.046]
[0.179, 0.004, -0.048]
[0.175, 0.004, -0.049]
[0.171, 0.004, -0.051]
[0.168, 0.004, -0.053]
[0.163, 0.004, -0.055]
[0.158, 0.003, -0.056]
[0.153, 0.002, -0.058]
[0.149, 0.002, -0.059]
[0.146, 0.002, -0.061]
[0.143, 0.002, -0.063]
