start livelink
[0.051, 0.011, -0.051]
[0.052, 0.011, -0.053]
[0.052, 0.01, -0.055]
[0.049, 0.008, -0.055]
[0.044, 0.008, -0.057]
[0.038, 0.008, -0.057]
[0.024, 0.01, -0.056]
[0.024, 0.01, -0.056]
[0.022, 0.012, -0.054]
[0.032, 0.014, -0.054]
[0.037, 0.014, -0.053]
[0.048, 0.014, -0.051]
[0.067, 0.013, -0.052]
[0.068, 0.014, -0.046]
[0.067, 0.012, -0.046]
[0.062, 0.009, -0.047]
[0.057, 0.008, -0.045]
[0.055, 0.006, -0.045]
[0.058, 0.005, -0.042]
[0.061, 0.005, -0.042]
[0.064, 0.005, -0.043]
[0.069, 0.004, -0.044]
[0.074, 0.005, -0.042]
[0.074, 0.005, -0.042]
[0.074, 0.006, -0.04]
[0.072, 0.007, -0.039]
[0.07, 0.007, -0.038]
[0.069, 0.007, -0.039]
[0.069, 0.007, -0.038]
[0.068, 0.007, -0.038]
[0.067, 0.008, -0.038]
[0.066, 0.008, -0.036]
[0.065, 0.008, -0.035]
[0.065, 0.01, -0.032]
[0.063, 0.012, -0.028]
[0.062, 0.014, -0.024]
[0.06, 0.018, -0.021]
[0.058, 0.022, -0.019]
[0.061, 0.029, -0.013]
[0.061, 0.029, -0.013]
[0.066, 0.032, -0.01]
[0.07, 0.034, -0.007]
[0.073, 0.036, -0.004]
[0.074, 0.038, -0.001]
[0.075, 0.039, 0.002]
[0.075, 0.041, 0.005]
[0.077, 0.044, 0.014]
[0.077, 0.044, 0.014]
[0.077, 0.047, 0.018]
[0.079, 0.049, 0.022]
[0.086, 0.052, 0.03]
[0.086, 0.052, 0.03]
[0.092, 0.054, 0.034]
[0.096, 0.055, 0.039]
[0.099, 0.056, 0.043]
[0.103, 0.057, 0.048]
[0.107, 0.059, 0.053]
[0.11, 0.06, 0.057]
[0.114, 0.062, 0.063]
[0.116, 0.064, 0.069]
[0.117, 0.066, 0.075]
[0.118, 0.068, 0.08]
[0.12, 0.069, 0.085]
[0.123, 0.069, 0.088]
[0.126, 0.069, 0.092]
[0.13, 0.069, 0.095]
[0.134, 0.069, 0.096]
[0.136, 0.069, 0.097]
[0.136, 0.069, 0.096]
[0.133, 0.068, 0.094]
[0.132, 0.067, 0.091]
[0.133, 0.067, 0.088]
[0.138, 0.066, 0.084]
[0.14, 0.066, 0.079]
[0.142, 0.066, 0.075]
[0.142, 0.065, 0.07]
[0.141, 0.064, 0.066]
[0.141, 0.063, 0.063]
[0.143, 0.062, 0.06]
[0.144, 0.061, 0.058]
[0.146, 0.06, 0.056]
[0.147, 0.059, 0.054]
[0.146, 0.057, 0.047]
[0.146, 0.057, 0.047]
[0.144, 0.057, 0.044]
[0.144, 0.056, 0.041]
[0.144, 0.056, 0.039]
[0.144, 0.056, 0.038]
[0.146, 0.055, 0.038]
[0.147, 0.054, 0.037]
[0.148, 0.054, 0.037]
[0.15, 0.053, 0.037]
[0.15, 0.053, 0.036]
[0.15, 0.053, 0.034]
[0.149, 0.054, 0.032]
[0.149, 0.054, 0.029]
[0.15, 0.054, 0.027]
[0.153, 0.054, 0.026]
[0.156, 0.053, 0.025]
[0.158, 0.053, 0.024]
[0.16, 0.052, 0.022]
[0.161, 0.051, 0.02]
[0.163, 0.05, 0.018]
[0.166, 0.049, 0.017]
[0.167, 0.047, 0.016]
[0.167, 0.044, 0.013]
[0.167, 0.044, 0.013]
[0.165, 0.043, 0.01]
[0.164, 0.041, 0.008]
[0.163, 0.039, 0.007]
[0.162, 0.037, 0.005]
[0.162, 0.035, 0.003]
[0.162, 0.034, 0.001]
[0.163, 0.032, -0.0]
[0.163, 0.03, -0.001]
[0.163, 0.029, -0.002]
[0.162, 0.028, -0.003]
[0.163, 0.027, -0.005]
[0.166, 0.026, -0.006]
[0.169, 0.024, -0.006]
[0.172, 0.023, -0.007]
[0.175, 0.022, -0.008]
[0.177, 0.02, -0.008]
[0.178, 0.019, -0.008]
[0.18, 0.017, -0.007]
[0.182, 0.015, -0.006]
[0.183, 0.013, -0.005]
[0.185, 0.011, -0.004]
[0.186, 0.009, -0.004]
[0.185, 0.008, -0.003]
[0.186, 0.007, -0.002]
[0.188, 0.007, -0.0]
[0.189, 0.006, 0.003]
[0.187, 0.006, 0.007]
[0.185, 0.005, 0.009]
[0.184, 0.004, 0.011]
[0.184, 0.003, 0.012]
[0.185, 0.002, 0.013]
[0.188, 0.002, 0.017]
[0.189, 0.003, 0.022]
[0.19, 0.003, 0.027]
[0.19, 0.003, 0.03]
[0.188, 0.003, 0.033]
[0.186, 0.003, 0.034]
[0.185, 0.004, 0.035]
[0.184, 0.004, 0.037]
[0.184, 0.004, 0.038]
[0.185, 0.005, 0.041]
[0.185, 0.006, 0.043]
[0.186, 0.008, 0.045]
[0.188, 0.009, 0.047]
[0.191, 0.01, 0.049]
[0.194, 0.011, 0.051]
[0.198, 0.011, 0.053]
[0.2, 0.012, 0.054]
[0.201, 0.013, 0.055]
[0.203, 0.014, 0.056]
[0.204, 0.015, 0.056]
[0.205, 0.015, 0.056]
[0.206, 0.016, 0.056]
[0.206, 0.017, 0.055]
[0.206, 0.018, 0.053]
[0.206, 0.019, 0.052]
[0.206, 0.02, 0.05]
[0.206, 0.02, 0.048]
[0.206, 0.021, 0.046]
[0.207, 0.021, 0.043]
[0.207, 0.021, 0.041]
[0.208, 0.021, 0.038]
[0.208, 0.021, 0.035]
[0.208, 0.021, 0.031]
[0.207, 0.022, 0.028]
[0.206, 0.022, 0.026]
[0.205, 0.022, 0.021]
[0.205, 0.022, 0.018]
[0.204, 0.022, 0.016]
[0.204, 0.022, 0.014]
[0.203, 0.022, 0.012]
[0.202, 0.022, 0.01]
[0.201, 0.022, 0.008]
[0.2, 0.022, 0.006]
[0.199, 0.022, 0.004]
[0.198, 0.022, 0.003]
[0.196, 0.022, 0.002]
[0.196, 0.022, 0.002]
[0.196, 0.022, 0.002]
[0.196, 0.021, 0.002]
[0.197, 0.021, 0.002]
[0.198, 0.021, 0.001]
[0.198, 0.021, 0.001]
[0.197, 0.02, 0.002]
[0.197, 0.02, 0.002]
[0.196, 0.019, 0.001]
[0.195, 0.018, 0.0]
[0.195, 0.017, -0.001]
[0.195, 0.017, -0.003]
[0.195, 0.017, -0.005]
[0.194, 0.017, -0.006]
[0.194, 0.017, -0.008]
[0.193, 0.017, -0.008]
[0.192, 0.017, -0.009]
[0.192, 0.017, -0.01]
[0.192, 0.016, -0.01]
[0.192, 0.016, -0.01]
[0.192, 0.016, -0.01]
[0.192, 0.016, -0.009]
[0.192, 0.016, -0.009]
[0.192, 0.016, -0.008]
[0.193, 0.017, -0.007]
[0.194, 0.017, -0.006]
[0.194, 0.018, -0.005]
[0.194, 0.018, -0.003]
[0.193, 0.019, -0.001]
[0.193, 0.019, 0.0]
[0.194, 0.019, 0.002]
[0.195, 0.02, 0.004]
[0.195, 0.02, 0.007]
[0.196, 0.02, 0.011]
[0.196, 0.02, 0.015]
[0.195, 0.021, 0.018]
[0.193, 0.023, 0.021]
[0.19, 0.026, 0.025]
[0.187, 0.028, 0.029]
[0.181, 0.033, 0.038]
[0.181, 0.033, 0.038]
[0.18, 0.035, 0.044]
[0.179, 0.037, 0.049]
[0.178, 0.039, 0.052]
[0.179, 0.04, 0.055]
[0.179, 0.042, 0.055]
[0.178, 0.043, 0.054]
[0.179, 0.045, 0.05]
[0.179, 0.045, 0.05]
[0.179, 0.045, 0.048]
[0.18, 0.046, 0.047]
[0.18, 0.048, 0.046]
[0.18, 0.048, 0.046]
[0.18, 0.048, 0.045]
[0.178, 0.048, 0.044]
[0.177, 0.048, 0.043]
[0.175, 0.047, 0.042]
[0.173, 0.047, 0.042]
[0.17, 0.046, 0.041]
[0.166, 0.046, 0.041]
[0.162, 0.046, 0.039]
[0.158, 0.045, 0.037]
[0.154, 0.045, 0.034]
[0.151, 0.044, 0.032]
[0.149, 0.044, 0.03]
[0.147, 0.043, 0.029]
[0.147, 0.042, 0.026]
[0.147, 0.042, 0.026]
[0.146, 0.042, 0.024]
[0.146, 0.041, 0.023]
[0.145, 0.041, 0.023]
[0.143, 0.04, 0.022]
[0.143, 0.04, 0.022]
[0.142, 0.039, 0.021]
[0.142, 0.038, 0.019]
[0.142, 0.038, 0.019]
[0.142, 0.038, 0.018]
[0.141, 0.038, 0.018]
[0.14, 0.037, 0.017]
[0.137, 0.036, 0.017]
[0.137, 0.036, 0.017]
[0.136, 0.036, 0.017]
[0.136, 0.035, 0.017]
[0.136, 0.035, 0.017]
[0.136, 0.034, 0.017]
[0.135, 0.033, 0.017]
[0.135, 0.033, 0.017]
[0.134, 0.032, 0.017]
[0.133, 0.031, 0.017]
[0.133, 0.031, 0.017]
[0.132, 0.03, 0.017]
[0.132, 0.03, 0.017]
[0.131, 0.03, 0.016]
[0.131, 0.029, 0.016]
[0.131, 0.029, 0.016]
[0.13, 0.029, 0.016]
[0.131, 0.029, 0.016]
[0.132, 0.029, 0.016]
[0.134, 0.028, 0.015]
[0.135, 0.028, 0.016]
[0.136, 0.028, 0.017]
[0.137, 0.027, 0.019]
[0.137, 0.026, 0.021]
[0.139, 0.026, 0.022]
[0.14, 0.025, 0.022]
[0.141, 0.025, 0.022]
[0.143, 0.026, 0.022]
[0.144, 0.026, 0.021]
[0.144, 0.025, 0.021]
[0.145, 0.025, 0.02]
[0.147, 0.024, 0.02]
[0.149, 0.024, 0.02]
[0.151, 0.023, 0.019]
[0.154, 0.022, 0.019]
[0.155, 0.022, 0.019]
[0.156, 0.021, 0.019]
[0.157, 0.021, 0.019]
[0.158, 0.02, 0.019]
[0.158, 0.02, 0.019]
[0.156, 0.018, 0.018]
[0.156, 0.018, 0.018]
[0.155, 0.018, 0.018]
[0.154, 0.017, 0.017]
[0.153, 0.017, 0.016]
[0.152, 0.016, 0.015]
[0.152, 0.015, 0.014]
[0.152, 0.015, 0.012]
[0.152, 0.014, 0.01]
[0.153, 0.013, 0.008]
[0.154, 0.012, 0.006]
[0.156, 0.011, 0.003]
[0.156, 0.011, 0.003]
[0.155, 0.01, 0.002]
[0.156, 0.009, 0.001]
[0.156, 0.008, -0.001]
[0.156, 0.008, -0.001]
[0.157, 0.007, -0.002]
[0.157, 0.006, -0.003]
[0.156, 0.005, -0.004]
[0.154, 0.005, -0.004]
[0.151, 0.005, -0.004]
[0.148, 0.004, -0.003]
[0.146, 0.004, -0.003]
[0.144, 0.004, -0.002]
[0.144, 0.004, -0.002]
[0.144, 0.003, -0.002]
[0.144, 0.003, -0.002]
[0.145, 0.003, -0.002]
[0.145, 0.002, -0.002]
[0.145, 0.002, -0.002]
[0.145, 0.001, -0.001]
[0.146, 0.001, -0.0]
[0.148, 0.001, 0.001]
[0.149, 0.001, 0.003]
[0.15, 0.0, 0.004]
[0.151, 0.001, 0.004]
[0.152, 0.001, 0.005]
[0.152, 0.001, 0.005]
[0.152, 0.001, 0.005]
[0.152, 0.002, 0.005]
[0.151, 0.002, 0.005]
[0.151, 0.002, 0.006]
[0.151, 0.003, 0.007]
[0.15, 0.003, 0.008]
[0.151, 0.003, 0.01]
[0.151, 0.002, 0.011]
[0.151, 0.002, 0.013]
[0.151, 0.002, 0.015]
[0.15, 0.002, 0.017]
[0.15, 0.003, 0.019]
[0.15, 0.003, 0.023]
[0.151, 0.003, 0.026]
[0.151, 0.003, 0.03]
[0.151, 0.003, 0.034]
[0.149, 0.005, 0.041]
[0.147, 0.006, 0.046]
[0.147, 0.008, 0.05]
[0.147, 0.01, 0.053]
[0.146, 0.012, 0.057]
[0.147, 0.013, 0.061]
[0.148, 0.015, 0.065]
[0.149, 0.017, 0.07]
[0.15, 0.018, 0.074]
[0.151, 0.02, 0.079]
[0.152, 0.021, 0.084]
[0.154, 0.023, 0.09]
[0.157, 0.025, 0.095]
[0.16, 0.027, 0.099]
[0.165, 0.029, 0.103]
[0.169, 0.031, 0.108]
[0.172, 0.033, 0.113]
[0.175, 0.034, 0.117]
[0.178, 0.036, 0.122]
[0.179, 0.038, 0.127]
[0.181, 0.04, 0.132]
[0.183, 0.041, 0.138]
[0.184, 0.041, 0.145]
[0.186, 0.041, 0.152]
[0.188, 0.041, 0.159]
[0.191, 0.041, 0.167]
[0.192, 0.041, 0.175]
[0.192, 0.042, 0.185]
[0.192, 0.042, 0.196]
[0.193, 0.043, 0.207]
[0.191, 0.045, 0.218]
[0.19, 0.046, 0.224]
[0.192, 0.048, 0.229]
[0.199, 0.049, 0.235]
[0.205, 0.05, 0.24]
[0.21, 0.052, 0.246]
[0.212, 0.053, 0.25]
[0.213, 0.054, 0.254]
[0.212, 0.056, 0.256]
[0.211, 0.059, 0.257]
[0.211, 0.062, 0.257]
[0.21, 0.064, 0.257]
[0.209, 0.066, 0.257]
[0.21, 0.067, 0.256]
[0.211, 0.067, 0.254]
[0.211, 0.068, 0.251]
[0.211, 0.068, 0.248]
[0.21, 0.067, 0.246]
[0.208, 0.066, 0.244]
[0.207, 0.065, 0.242]
[0.207, 0.064, 0.24]
[0.209, 0.063, 0.238]
[0.21, 0.062, 0.236]
[0.211, 0.06, 0.234]
[0.211, 0.059, 0.232]
[0.211, 0.058, 0.229]
[0.21, 0.058, 0.227]
[0.208, 0.057, 0.224]
[0.207, 0.056, 0.221]
[0.206, 0.056, 0.219]
[0.206, 0.056, 0.217]
[0.205, 0.055, 0.215]
[0.204, 0.055, 0.212]
[0.203, 0.054, 0.208]
[0.201, 0.053, 0.204]
[0.201, 0.053, 0.2]
[0.201, 0.053, 0.196]
[0.199, 0.053, 0.191]
[0.197, 0.053, 0.184]
[0.194, 0.053, 0.178]
[0.191, 0.052, 0.172]
[0.19, 0.052, 0.166]
[0.189, 0.051, 0.159]
[0.188, 0.05, 0.151]
[0.187, 0.049, 0.141]
[0.181, 0.048, 0.121]
[0.181, 0.048, 0.121]
[0.178, 0.048, 0.112]
[0.174, 0.048, 0.102]
[0.165, 0.047, 0.084]
[0.165, 0.047, 0.084]
[0.162, 0.046, 0.074]
[0.159, 0.044, 0.066]
[0.155, 0.041, 0.05]
[0.155, 0.041, 0.05]
[0.154, 0.039, 0.041]
[0.152, 0.038, 0.032]
[0.152, 0.036, 0.022]
[0.149, 0.035, 0.011]
[0.146, 0.034, -0.002]
[0.141, 0.033, -0.014]
[0.135, 0.033, -0.027]
[0.129, 0.032, -0.04]
[0.126, 0.032, -0.052]
[0.126, 0.03, -0.065]
[0.125, 0.029, -0.075]
[0.125, 0.028, -0.084]
[0.126, 0.027, -0.091]
[0.127, 0.026, -0.097]
[0.128, 0.024, -0.102]
[0.13, 0.022, -0.106]
[0.13, 0.021, -0.11]
[0.13, 0.019, -0.114]
[0.131, 0.017, -0.117]
[0.131, 0.016, -0.12]
[0.133, 0.014, -0.121]
[0.134, 0.013, -0.122]
[0.134, 0.011, -0.122]
[0.132, 0.01, -0.123]
[0.129, 0.008, -0.126]
[0.125, 0.007, -0.129]
[0.121, 0.004, -0.133]
[0.121, 0.004, -0.133]
[0.121, 0.003, -0.134]
[0.122, 0.002, -0.135]
[0.127, -0.0, -0.139]
[0.127, -0.0, -0.139]
[0.13, -0.001, -0.141]
[0.135, -0.002, -0.143]
[0.139, -0.002, -0.145]
[0.143, -0.003, -0.147]
[0.145, -0.004, -0.15]
[0.147, -0.004, -0.153]
[0.148, -0.005, -0.156]
[0.148, -0.005, -0.159]
[0.149, -0.006, -0.161]
[0.149, -0.006, -0.163]
[0.15, -0.007, -0.166]
[0.151, -0.007, -0.167]
[0.152, -0.007, -0.17]
[0.152, -0.008, -0.172]
[0.153, -0.008, -0.174]
[0.154, -0.007, -0.175]
[0.158, -0.006, -0.179]
[0.158, -0.006, -0.179]
[0.159, -0.005, -0.18]
[0.159, -0.004, -0.181]
[0.159, -0.004, -0.18]
[0.159, -0.004, -0.177]
[0.161, -0.004, -0.175]
[0.162, -0.004, -0.174]
[0.163, -0.005, -0.174]
[0.163, -0.005, -0.175]
[0.164, -0.005, -0.177]
[0.166, -0.004, -0.179]
[0.168, -0.002, -0.182]
[0.169, -0.001, -0.188]
[0.171, -0.0, -0.195]
[0.171, 0.0, -0.204]
[0.17, 0.001, -0.213]
[0.167, 0.001, -0.222]
[0.164, 0.002, -0.23]
[0.161, 0.002, -0.238]
[0.161, 0.002, -0.243]
[0.163, 0.001, -0.246]
[0.166, 0.001, -0.248]
[0.169, -0.0, -0.248]
[0.171, -0.001, -0.248]
[0.17, -0.001, -0.249]
[0.172, -0.0, -0.247]
[0.172, -0.0, -0.247]
[0.172, 0.0, -0.244]
[0.172, 0.0, -0.244]
[0.171, 0.001, -0.243]
[0.171, 0.001, -0.243]
[0.17, 0.001, -0.243]
[0.169, 0.001, -0.243]
[0.168, 0.002, -0.241]
[0.168, 0.002, -0.239]
[0.167, 0.002, -0.236]
[0.168, 0.003, -0.233]
[0.17, 0.003, -0.229]
[0.172, 0.004, -0.226]
[0.175, 0.004, -0.222]
[0.175, 0.005, -0.219]
[0.178, 0.006, -0.212]
[0.178, 0.006, -0.212]
[0.181, 0.007, -0.21]
[0.181, 0.008, -0.207]
[0.172, 0.01, -0.197]
[0.172, 0.01, -0.197]
[0.169, 0.011, -0.188]
[0.165, 0.011, -0.177]
[0.163, 0.009, -0.16]
[0.157, 0.009, -0.134]
[0.156, 0.012, -0.104]
[0.16, 0.014, -0.079]
[0.171, 0.019, -0.036]
[0.171, 0.019, -0.036]
[0.174, 0.021, -0.019]
[0.18, 0.024, -0.002]
[0.187, 0.029, 0.023]
[0.187, 0.029, 0.023]
[0.189, 0.032, 0.033]
[0.188, 0.036, 0.041]
[0.186, 0.043, 0.055]
[0.186, 0.043, 0.055]
[0.187, 0.047, 0.06]
[0.188, 0.05, 0.064]
[0.193, 0.057, 0.071]
[0.193, 0.057, 0.071]
[0.196, 0.06, 0.074]
[0.198, 0.064, 0.077]
[0.2, 0.068, 0.08]
[0.202, 0.071, 0.081]
[0.202, 0.075, 0.082]
[0.203, 0.078, 0.084]
[0.204, 0.081, 0.084]
[0.205, 0.084, 0.084]
[0.204, 0.086, 0.083]
[0.203, 0.089, 0.081]
[0.201, 0.092, 0.08]
[0.198, 0.095, 0.078]
[0.193, 0.102, 0.073]
[0.193, 0.102, 0.073]
[0.191, 0.106, 0.071]
[0.188, 0.11, 0.069]
[0.185, 0.115, 0.067]
[0.182, 0.121, 0.065]
[0.18, 0.131, 0.058]
[0.18, 0.131, 0.058]
[0.181, 0.136, 0.054]
[0.181, 0.141, 0.051]
[0.179, 0.15, 0.048]
[0.179, 0.15, 0.048]
[0.174, 0.155, 0.047]
[0.17, 0.159, 0.046]
[0.166, 0.162, 0.046]
[0.163, 0.165, 0.045]
[0.163, 0.167, 0.044]
[0.165, 0.169, 0.043]
[0.168, 0.172, 0.042]
[0.168, 0.172, 0.042]
[0.168, 0.173, 0.042]
[0.168, 0.175, 0.041]
[0.168, 0.178, 0.04]
[0.169, 0.179, 0.041]
[0.169, 0.179, 0.041]
[0.17, 0.181, 0.043]
[0.168, 0.184, 0.044]
[0.168, 0.184, 0.044]
[0.167, 0.185, 0.043]
[0.168, 0.185, 0.041]
[0.174, 0.185, 0.038]
[0.174, 0.185, 0.038]
[0.178, 0.183, 0.036]
[0.181, 0.18, 0.035]
[0.182, 0.171, 0.03]
[0.182, 0.171, 0.03]
[0.184, 0.164, 0.027]
[0.186, 0.157, 0.025]
[0.189, 0.148, 0.025]
[0.189, 0.138, 0.026]
[0.187, 0.128, 0.026]
[0.185, 0.118, 0.027]
[0.185, 0.107, 0.029]
[0.187, 0.098, 0.031]
[0.193, 0.083, 0.034]
[0.193, 0.083, 0.034]
[0.194, 0.077, 0.034]
[0.195, 0.07, 0.03]
[0.195, 0.054, 0.025]
[0.195, 0.054, 0.025]
[0.196, 0.047, 0.024]
[0.2, 0.039, 0.024]
[0.203, 0.032, 0.023]
[0.205, 0.025, 0.023]
[0.207, 0.018, 0.022]
[0.206, 0.012, 0.022]
[0.206, 0.005, 0.023]
[0.207, -0.002, 0.022]
[0.209, -0.008, 0.02]
[0.212, -0.015, 0.018]
[0.212, -0.021, 0.016]
[0.216, -0.038, 0.013]
[0.216, -0.038, 0.013]
[0.216, -0.042, 0.012]
[0.217, -0.047, 0.01]
[0.22, -0.057, 0.009]
[0.22, -0.057, 0.009]
[0.222, -0.062, 0.01]
[0.224, -0.067, 0.011]
[0.225, -0.076, 0.01]
[0.225, -0.076, 0.01]
[0.225, -0.08, 0.009]
[0.225, -0.084, 0.007]
[0.225, -0.087, 0.006]
[0.226, -0.09, 0.005]
[0.226, -0.093, 0.004]
[0.226, -0.096, 0.004]
[0.226, -0.099, 0.005]
[0.226, -0.099, 0.005]
[0.227, -0.099, 0.005]
[0.229, -0.099, 0.005]
[0.23, -0.098, 0.006]
[0.231, -0.097, 0.006]
[0.231, -0.095, 0.007]
[0.232, -0.094, 0.007]
[0.23, -0.092, 0.005]
[0.223, -0.091, 0.005]
[0.216, -0.09, 0.004]
[0.211, -0.088, 0.005]
[0.217, -0.086, 0.009]
[0.217, -0.086, 0.009]
[0.227, -0.086, 0.011]
[0.234, -0.086, 0.013]
[0.245, -0.089, 0.017]
[0.245, -0.089, 0.017]
[0.247, -0.09, 0.017]
[0.254, -0.091, 0.017]
[0.272, -0.093, 0.016]
[0.272, -0.093, 0.016]
[0.28, -0.093, 0.016]
[0.29, -0.094, 0.017]
[0.307, -0.095, 0.019]
[0.307, -0.095, 0.019]
[0.315, -0.095, 0.019]
[0.321, -0.096, 0.019]
[0.331, -0.097, 0.018]
[0.331, -0.097, 0.018]
[0.333, -0.097, 0.018]
[0.336, -0.098, 0.018]
[0.339, -0.097, 0.018]
[0.339, -0.097, 0.018]
[0.341, -0.097, 0.018]
[0.343, -0.097, 0.018]
[0.344, -0.097, 0.019]
[0.344, -0.097, 0.019]
[0.344, -0.097, 0.019]
[0.345, -0.096, 0.019]
[0.346, -0.096, 0.018]
[0.346, -0.096, 0.018]
[0.346, -0.095, 0.017]
[0.346, -0.094, 0.016]
[0.345, -0.092, 0.014]
[0.345, -0.092, 0.014]
[0.345, -0.091, 0.014]
[0.344, -0.09, 0.014]
[0.344, -0.089, 0.013]
[0.344, -0.088, 0.013]
[0.342, -0.088, 0.013]
[0.34, -0.087, 0.013]
[0.335, -0.086, 0.012]
[0.335, -0.086, 0.012]
[0.333, -0.086, 0.012]
[0.33, -0.086, 0.012]
[0.327, -0.085, 0.013]
[0.324, -0.085, 0.013]
[0.321, -0.085, 0.014]
[0.319, -0.085, 0.015]
[0.317, -0.084, 0.017]
[0.317, -0.084, 0.017]
[0.318, -0.084, 0.017]
[0.32, -0.084, 0.017]
[0.326, -0.083, 0.017]
[0.326, -0.083, 0.017]
[0.332, -0.084, 0.017]
[0.34, -0.084, 0.017]
[0.359, -0.085, 0.016]
[0.359, -0.085, 0.016]
[0.37, -0.085, 0.014]
[0.383, -0.085, 0.013]
[0.415, -0.084, 0.014]
[0.415, -0.084, 0.014]
[0.432, -0.083, 0.015]
[0.448, -0.081, 0.014]
[0.48, -0.079, 0.007]
[0.48, -0.079, 0.007]
[0.496, -0.079, 0.003]
[0.51, -0.079, -0.001]
[0.537, -0.078, -0.009]
[0.537, -0.078, -0.009]
[0.548, -0.078, -0.012]
[0.559, -0.077, -0.016]
[0.58, -0.075, -0.02]
[0.58, -0.075, -0.02]
[0.589, -0.074, -0.022]
[0.59, -0.073, -0.023]
[0.59, -0.073, -0.025]
[0.59, -0.071, -0.025]
[0.59, -0.071, -0.025]
[0.59, -0.07, -0.024]
[0.59, -0.07, -0.022]
[0.59, -0.07, -0.022]
[0.59, -0.07, -0.023]
[0.59, -0.071, -0.023]
[0.59, -0.071, -0.022]
[0.59, -0.07, -0.022]
[0.59, -0.069, -0.022]
[0.59, -0.068, -0.022]
[0.59, -0.067, -0.022]
[0.59, -0.067, -0.022]
[0.59, -0.067, -0.022]
[0.59, -0.067, -0.022]
[0.59, -0.067, -0.021]
[0.59, -0.067, -0.021]
[0.59, -0.068, -0.021]
[0.59, -0.069, -0.02]
[0.59, -0.07, -0.019]
[0.59, -0.07, -0.019]
[0.59, -0.07, -0.019]
[0.59, -0.07, -0.02]
[0.59, -0.072, -0.021]
[0.59, -0.072, -0.021]
[0.59, -0.072, -0.021]
[0.59, -0.073, -0.021]
[0.59, -0.072, -0.021]
[0.59, -0.072, -0.021]
[0.59, -0.072, -0.021]
[0.59, -0.071, -0.021]
[0.59, -0.07, -0.021]
[0.59, -0.07, -0.021]
[0.59, -0.07, -0.021]
[0.59, -0.07, -0.022]
[0.59, -0.07, -0.021]
[0.59, -0.07, -0.021]
[0.59, -0.07, -0.02]
[0.59, -0.07, -0.019]
[0.59, -0.068, -0.018]
[0.59, -0.068, -0.018]
[0.59, -0.067, -0.017]
[0.586, -0.066, -0.017]
[0.571, -0.067, -0.017]
[0.571, -0.067, -0.017]
[0.561, -0.067, -0.016]
[0.549, -0.067, -0.014]
[0.526, -0.065, -0.01]
[0.514, -0.063, -0.008]
[0.499, -0.061, -0.008]
[0.484, -0.058, -0.008]
[0.468, -0.056, -0.009]
[0.451, -0.053, -0.011]
[0.433, -0.051, -0.012]
[0.407, -0.048, -0.012]
[0.407, -0.048, -0.012]
[0.397, -0.046, -0.012]
[0.38, -0.045, -0.013]
[0.38, -0.045, -0.013]
[0.371, -0.045, -0.013]
[0.364, -0.045, -0.013]
[0.357, -0.044, -0.012]
[0.349, -0.042, -0.011]
[0.342, -0.04, -0.01]
[0.334, -0.039, -0.01]
[0.324, -0.039, -0.01]
[0.313, -0.039, -0.01]
[0.302, -0.04, -0.009]
[0.291, -0.039, -0.008]
[0.282, -0.039, -0.007]
[0.275, -0.038, -0.006]
[0.268, -0.038, -0.005]
[0.262, -0.038, -0.004]
[0.256, -0.038, -0.004]
[0.25, -0.038, -0.005]
[0.246, -0.039, -0.005]
[0.242, -0.04, -0.006]
[0.238, -0.041, -0.005]
[0.234, -0.042, -0.005]
[0.229, -0.043, -0.004]
[0.224, -0.043, -0.004]
[0.22, -0.044, -0.004]
[0.217, -0.044, -0.004]
[0.214, -0.044, -0.003]
[0.212, -0.045, -0.002]
[0.211, -0.045, -0.002]
[0.209, -0.045, -0.001]
[0.207, -0.045, -0.001]
[0.204, -0.045, -0.0]
[0.203, -0.046, 0.0]
[0.2, -0.046, -0.001]
[0.199, -0.047, -0.001]
[0.196, -0.047, -0.002]
[0.188, -0.047, -0.001]
[0.188, -0.047, -0.001]
[0.185, -0.047, -0.0]
[0.182, -0.047, -0.001]
[0.179, -0.046, -0.001]
[0.176, -0.046, -0.001]
[0.172, -0.046, -0.002]
[0.168, -0.046, -0.002]
[0.165, -0.047, -0.002]
[0.162, -0.048, -0.002]
[0.16, -0.049, -0.003]
[0.157, -0.049, -0.005]
[0.154, -0.05, -0.006]
[0.151, -0.051, -0.008]
[0.148, -0.052, -0.011]
[0.145, -0.053, -0.013]
[0.143, -0.054, -0.016]
[0.14, -0.055, -0.019]
[0.138, -0.057, -0.021]
[0.136, -0.058, -0.023]
[0.134, -0.06, -0.026]
[0.132, -0.062, -0.031]
[0.129, -0.065, -0.038]
[0.127, -0.068, -0.047]
[0.126, -0.071, -0.054]
[0.126, -0.074, -0.061]
[0.127, -0.077, -0.067]
[0.128, -0.08, -0.072]
[0.129, -0.082, -0.077]
[0.131, -0.085, -0.083]
[0.132, -0.088, -0.089]
[0.132, -0.09, -0.093]
[0.132, -0.092, -0.097]
[0.132, -0.094, -0.098]
[0.133, -0.096, -0.098]
[0.134, -0.097, -0.097]
[0.136, -0.099, -0.095]
[0.138, -0.101, -0.093]
[0.139, -0.102, -0.091]
[0.141, -0.103, -0.088]
[0.143, -0.103, -0.083]
[0.145, -0.103, -0.079]
[0.147, -0.103, -0.075]
[0.148, -0.102, -0.07]
[0.15, -0.101, -0.059]
[0.15, -0.101, -0.059]
[0.152, -0.101, -0.054]
[0.155, -0.101, -0.048]
[0.159, -0.1, -0.043]
[0.163, -0.098, -0.037]
[0.166, -0.097, -0.032]
[0.168, -0.095, -0.026]
[0.17, -0.094, -0.018]
[0.173, -0.092, -0.01]
[0.175, -0.09, -0.002]
[0.177, -0.088, 0.008]
[0.179, -0.085, 0.017]
[0.182, -0.083, 0.026]
[0.186, -0.081, 0.034]
[0.187, -0.078, 0.041]
[0.189, -0.076, 0.047]
[0.191, -0.073, 0.052]
[0.191, -0.07, 0.057]
[0.193, -0.068, 0.061]
[0.194, -0.066, 0.065]
[0.194, -0.063, 0.068]
[0.194, -0.06, 0.07]
[0.194, -0.056, 0.071]
[0.195, -0.053, 0.073]
[0.196, -0.051, 0.074]
[0.196, -0.047, 0.076]
[0.196, -0.044, 0.078]
[0.193, -0.041, 0.079]
[0.187, -0.038, 0.081]
[0.184, -0.035, 0.082]
[0.184, -0.033, 0.081]
[0.188, -0.031, 0.078]
[0.194, -0.03, 0.074]
[0.197, -0.029, 0.071]
[0.199, -0.028, 0.068]
[0.199, -0.028, 0.064]
[0.2, -0.028, 0.058]
[0.204, -0.027, 0.052]
[0.211, -0.027, 0.046]
[0.218, -0.028, 0.04]
[0.225, -0.028, 0.034]
[0.231, -0.029, 0.028]
[0.237, -0.03, 0.023]
[0.242, -0.031, 0.019]
[0.247, -0.032, 0.015]
[0.253, -0.033, 0.013]
[0.258, -0.035, 0.01]
[0.264, -0.036, 0.007]
[0.27, -0.037, 0.005]
[0.276, -0.038, 0.002]
[0.285, -0.039, -0.0]
[0.292, -0.04, -0.002]
[0.302, -0.041, -0.004]
[0.31, -0.042, -0.006]
[0.319, -0.044, -0.008]
[0.331, -0.045, -0.01]
[0.343, -0.046, -0.012]
[0.355, -0.046, -0.012]
[0.366, -0.047, -0.013]
[0.374, -0.047, -0.013]
[0.383, -0.047, -0.012]
[0.391, -0.048, -0.013]
[0.397, -0.049, -0.014]
[0.403, -0.05, -0.014]
[0.408, -0.051, -0.015]
[0.412, -0.052, -0.016]
[0.417, -0.053, -0.015]
[0.423, -0.055, -0.015]
[0.429, -0.056, -0.013]
[0.435, -0.057, -0.012]
[0.441, -0.058, -0.011]
[0.446, -0.059, -0.01]
[0.452, -0.06, -0.009]
[0.456, -0.06, -0.009]
[0.459, -0.06, -0.008]
[0.462, -0.06, -0.008]
[0.467, -0.06, -0.008]
[0.471, -0.06, -0.007]
[0.475, -0.061, -0.007]
[0.478, -0.061, -0.007]
[0.479, -0.061, -0.007]
[0.48, -0.061, -0.007]
[0.481, -0.061, -0.008]
[0.482, -0.061, -0.01]
[0.482, -0.061, -0.011]
[0.482, -0.061, -0.012]
[0.481, -0.061, -0.014]
[0.481, -0.061, -0.014]
[0.48, -0.062, -0.014]
[0.481, -0.062, -0.014]
[0.484, -0.062, -0.013]
[0.484, -0.062, -0.013]
[0.486, -0.062, -0.013]
[0.486, -0.062, -0.013]
[0.487, -0.062, -0.013]
[0.487, -0.062, -0.013]
[0.486, -0.062, -0.012]
[0.486, -0.062, -0.012]
[0.485, -0.062, -0.011]
[0.484, -0.062, -0.011]
[0.482, -0.061, -0.011]
[0.48, -0.061, -0.009]
[0.478, -0.06, -0.005]
[0.477, -0.06, -0.001]
[0.476, -0.059, 0.004]
[0.475, -0.058, 0.009]
[0.474, -0.056, 0.014]
[0.473, -0.054, 0.02]
[0.473, -0.051, 0.025]
[0.473, -0.047, 0.028]
[0.474, -0.043, 0.031]
[0.475, -0.04, 0.033]
[0.476, -0.037, 0.035]
[0.476, -0.034, 0.038]
[0.475, -0.033, 0.04]
[0.472, -0.031, 0.043]
[0.469, -0.031, 0.045]
[0.467, -0.03, 0.046]
[0.466, -0.028, 0.047]
[0.465, -0.027, 0.047]
[0.464, -0.025, 0.046]
[0.462, -0.023, 0.045]
[0.459, -0.021, 0.043]
[0.455, -0.019, 0.039]
[0.451, -0.018, 0.032]
[0.448, -0.016, 0.023]
[0.444, -0.016, 0.012]
[0.441, -0.014, 0.003]
[0.439, -0.013, -0.007]
[0.436, -0.012, -0.018]
[0.429, -0.01, -0.041]
[0.429, -0.01, -0.041]
[0.425, -0.008, -0.052]
[0.422, -0.007, -0.062]
[0.417, -0.005, -0.073]
[0.414, -0.005, -0.085]
[0.41, -0.005, -0.096]
[0.406, -0.006, -0.105]
[0.403, -0.007, -0.112]
[0.399, -0.009, -0.118]
[0.394, -0.012, -0.124]
[0.389, -0.015, -0.13]
[0.383, -0.018, -0.136]
[0.377, -0.022, -0.141]
[0.373, -0.026, -0.145]
[0.367, -0.031, -0.149]
[0.363, -0.035, -0.151]
[0.355, -0.045, -0.154]
[0.355, -0.045, -0.154]
[0.354, -0.05, -0.154]
[0.352, -0.055, -0.154]
[0.35, -0.059, -0.153]
[0.349, -0.064, -0.152]
[0.349, -0.068, -0.151]
[0.35, -0.072, -0.15]
[0.351, -0.076, -0.149]
[0.352, -0.079, -0.148]
[0.352, -0.082, -0.146]
[0.354, -0.084, -0.145]
[0.357, -0.088, -0.141]
[0.357, -0.088, -0.141]
[0.359, -0.089, -0.138]
[0.361, -0.09, -0.135]
[0.366, -0.089, -0.126]
[0.366, -0.089, -0.126]
[0.369, -0.088, -0.123]
[0.371, -0.087, -0.119]
[0.375, -0.085, -0.116]
[0.377, -0.083, -0.113]
[0.379, -0.08, -0.109]
[0.378, -0.076, -0.105]
[0.378, -0.071, -0.102]
[0.378, -0.065, -0.099]
[0.378, -0.06, -0.096]
[0.379, -0.055, -0.094]
[0.379, -0.05, -0.092]
[0.378, -0.046, -0.09]
[0.378, -0.042, -0.089]
[0.38, -0.037, -0.087]
[0.383, -0.031, -0.085]
[0.386, -0.025, -0.083]
[0.39, -0.016, -0.079]
[0.396, -0.008, -0.075]
[0.399, 0.002, -0.072]
[0.402, 0.011, -0.07]
[0.403, 0.02, -0.068]
[0.401, 0.028, -0.065]
[0.402, 0.04, -0.058]
[0.402, 0.04, -0.058]
[0.402, 0.045, -0.054]
[0.403, 0.049, -0.05]
[0.403, 0.053, -0.047]
[0.398, 0.062, -0.04]
[0.398, 0.062, -0.04]
[0.396, 0.067, -0.036]
[0.395, 0.072, -0.032]
[0.394, 0.078, -0.027]
[0.396, 0.083, -0.022]
[0.398, 0.087, -0.02]
[0.399, 0.09, -0.019]
[0.399, 0.091, -0.019]
[0.397, 0.092, -0.022]
[0.397, 0.091, -0.026]
[0.397, 0.091, -0.029]
[0.397, 0.091, -0.029]
[0.399, 0.091, -0.028]
[0.398, 0.092, -0.027]
[0.398, 0.094, -0.026]
[0.4, 0.095, -0.025]
[0.402, 0.097, -0.022]
[0.403, 0.099, -0.019]
[0.404, 0.101, -0.016]
[0.405, 0.103, -0.014]
[0.407, 0.105, -0.012]
[0.409, 0.107, -0.011]
[0.412, 0.109, -0.01]
[0.413, 0.11, -0.009]
[0.415, 0.112, -0.008]
[0.416, 0.113, -0.007]
[0.417, 0.114, -0.007]
[0.418, 0.115, -0.006]
[0.417, 0.116, -0.005]
[0.416, 0.117, -0.005]
[0.414, 0.118, -0.004]
[0.412, 0.119, -0.003]
[0.41, 0.12, -0.003]
[0.409, 0.121, -0.002]
[0.407, 0.122, -0.002]
[0.406, 0.123, -0.001]
[0.404, 0.123, -0.001]
[0.402, 0.123, -0.001]
[0.4, 0.124, -0.0]
[0.398, 0.124, 0.001]
[0.396, 0.124, 0.003]
[0.393, 0.125, 0.004]
[0.39, 0.125, 0.005]
[0.388, 0.125, 0.005]
[0.386, 0.125, 0.005]
[0.383, 0.124, 0.005]
[0.381, 0.122, 0.003]
[0.381, 0.122, 0.003]
[0.381, 0.121, 0.003]
[0.382, 0.119, 0.002]
[0.383, 0.117, 0.002]
[0.383, 0.117, 0.002]
[0.382, 0.115, 0.002]
[0.381, 0.113, 0.0]
[0.381, 0.111, -0.0]
[0.38, 0.109, -0.001]
[0.38, 0.106, -0.002]
[0.381, 0.104, -0.004]
[0.38, 0.103, -0.007]
[0.379, 0.102, -0.008]
[0.379, 0.101, -0.009]
[0.38, 0.099, -0.008]
[0.38, 0.099, -0.008]
[0.382, 0.097, -0.006]
[0.383, 0.095, -0.004]
[0.384, 0.093, -0.003]
[0.383, 0.091, -0.001]
[0.38, 0.089, 0.001]
[0.379, 0.088, 0.002]
[0.375, 0.087, 0.003]
[0.372, 0.087, 0.004]
[0.369, 0.087, 0.003]
[0.366, 0.087, 0.003]
[0.365, 0.087, 0.003]
[0.363, 0.086, 0.002]
[0.363, 0.085, 0.002]
[0.365, 0.085, 0.001]
[0.364, 0.085, 0.001]
[0.364, 0.086, 0.002]
[0.362, 0.087, 0.003]
[0.36, 0.087, 0.004]
[0.359, 0.087, 0.005]
[0.358, 0.088, 0.005]
[0.357, 0.088, 0.005]
[0.357, 0.09, 0.006]
[0.358, 0.091, 0.008]
[0.358, 0.093, 0.009]
[0.357, 0.095, 0.01]
[0.358, 0.097, 0.011]
[0.359, 0.099, 0.011]
[0.361, 0.101, 0.011]
[0.361, 0.101, 0.011]
[0.361, 0.101, 0.01]
[0.362, 0.101, 0.009]
[0.363, 0.101, 0.009]
[0.365, 0.101, 0.009]
[0.365, 0.101, 0.009]
[0.364, 0.103, 0.008]
[0.362, 0.106, 0.006]
[0.361, 0.108, 0.004]
[0.361, 0.11, 0.002]
[0.363, 0.111, -0.001]
[0.364, 0.112, -0.003]
[0.365, 0.112, -0.005]
[0.366, 0.112, -0.006]
[0.365, 0.111, -0.006]
[0.365, 0.11, -0.005]
[0.366, 0.108, -0.005]
[0.366, 0.106, -0.006]
[0.365, 0.103, -0.009]
[0.366, 0.101, -0.012]
[0.365, 0.1, -0.014]
[0.364, 0.098, -0.015]
[0.364, 0.096, -0.017]
[0.362, 0.093, -0.018]
[0.359, 0.09, -0.021]
[0.355, 0.086, -0.025]
[0.35, 0.081, -0.03]
[0.345, 0.074, -0.035]
[0.34, 0.067, -0.04]
[0.335, 0.061, -0.042]
[0.329, 0.054, -0.043]
[0.324, 0.049, -0.044]
[0.319, 0.044, -0.046]
[0.313, 0.04, -0.047]
[0.309, 0.037, -0.047]
[0.303, 0.033, -0.047]
[0.299, 0.028, -0.046]
[0.296, 0.024, -0.045]
[0.292, 0.021, -0.045]
[0.29, 0.018, -0.045]
[0.287, 0.015, -0.044]
[0.28, 0.012, -0.042]
[0.274, 0.009, -0.039]
[0.268, 0.006, -0.037]
[0.264, 0.005, -0.037]
[0.26, 0.003, -0.037]
[0.255, 0.002, -0.037]
[0.244, -0.002, -0.036]
[0.244, -0.002, -0.036]
[0.237, -0.004, -0.036]
[0.232, -0.006, -0.036]
[0.227, -0.008, -0.035]
[0.224, -0.009, -0.034]
[0.221, -0.01, -0.033]
[0.218, -0.011, -0.031]
[0.215, -0.011, -0.029]
[0.211, -0.011, -0.028]
[0.209, -0.011, -0.027]
[0.209, -0.01, -0.026]
[0.209, -0.009, -0.025]
[0.21, -0.008, -0.023]
[0.211, -0.006, -0.02]
[0.213, -0.004, -0.018]
[0.214, -0.002, -0.015]
[0.216, 0.0, -0.013]
[0.217, 0.003, -0.01]
[0.216, 0.006, -0.007]
[0.215, 0.01, -0.005]
[0.213, 0.015, -0.004]
[0.209, 0.021, -0.003]
[0.204, 0.028, -0.003]
[0.201, 0.035, -0.002]
[0.197, 0.042, -0.003]
[0.196, 0.05, -0.004]
[0.195, 0.058, -0.005]
[0.189, 0.073, -0.011]
[0.189, 0.073, -0.011]
[0.188, 0.08, -0.013]
[0.186, 0.084, -0.015]
[0.187, 0.088, -0.017]
[0.187, 0.09, -0.021]
[0.187, 0.092, -0.025]
[0.188, 0.093, -0.028]
[0.186, 0.094, -0.032]
[0.186, 0.094, -0.034]
[0.187, 0.094, -0.036]
[0.189, 0.092, -0.036]
[0.192, 0.091, -0.036]
[0.194, 0.089, -0.037]
[0.196, 0.088, -0.038]
[0.198, 0.087, -0.039]
[0.2, 0.086, -0.041]
[0.201, 0.085, -0.042]
[0.203, 0.084, -0.043]
[0.205, 0.082, -0.044]
[0.207, 0.079, -0.045]
[0.211, 0.075, -0.047]
[0.212, 0.071, -0.049]
[0.213, 0.065, -0.051]
[0.214, 0.059, -0.052]
[0.213, 0.052, -0.054]
[0.212, 0.044, -0.056]
[0.211, 0.035, -0.058]
[0.208, 0.027, -0.06]
[0.207, 0.018, -0.062]
[0.206, 0.009, -0.063]
[0.205, -0.002, -0.063]
[0.204, -0.013, -0.062]
[0.204, -0.024, -0.058]
[0.206, -0.035, -0.057]
[0.206, -0.046, -0.054]
[0.208, -0.064, -0.049]
[0.208, -0.064, -0.049]
[0.208, -0.072, -0.044]
[0.205, -0.08, -0.04]
[0.201, -0.095, -0.032]
[0.201, -0.095, -0.032]
[0.201, -0.101, -0.027]
[0.201, -0.108, -0.023]
[0.201, -0.114, -0.02]
[0.201, -0.121, -0.017]
[0.203, -0.129, -0.013]
[0.205, -0.137, -0.007]
[0.207, -0.143, -0.002]
[0.211, -0.149, 0.005]
[0.215, -0.154, 0.01]
[0.216, -0.159, 0.015]
[0.216, -0.164, 0.02]
[0.216, -0.168, 0.024]
[0.217, -0.172, 0.029]
[0.219, -0.175, 0.034]
[0.22, -0.178, 0.038]
[0.221, -0.18, 0.042]
[0.222, -0.182, 0.046]
[0.222, -0.183, 0.048]
[0.222, -0.183, 0.05]
[0.224, -0.183, 0.052]
[0.224, -0.184, 0.052]
[0.226, -0.184, 0.052]
[0.228, -0.184, 0.051]
[0.23, -0.185, 0.049]
[0.231, -0.186, 0.048]
[0.233, -0.186, 0.047]
[0.235, -0.186, 0.046]
[0.238, -0.187, 0.048]
[0.24, -0.187, 0.048]
[0.238, -0.188, 0.048]
[0.239, -0.187, 0.045]
[0.239, -0.187, 0.045]
[0.242, -0.184, 0.042]
[0.242, -0.184, 0.042]
[0.246, -0.182, 0.043]
[0.246, -0.182, 0.043]
[0.249, -0.181, 0.044]
[0.25, -0.181, 0.046]
[0.252, -0.18, 0.047]
[0.254, -0.179, 0.047]
[0.256, -0.178, 0.046]
[0.26, -0.177, 0.045]
[0.264, -0.175, 0.045]
[0.268, -0.174, 0.043]
[0.276, -0.172, 0.04]
[0.284, -0.171, 0.037]
[0.29, -0.17, 0.036]
[0.295, -0.168, 0.037]
[0.297, -0.167, 0.039]
[0.295, -0.166, 0.043]
[0.293, -0.165, 0.045]
[0.294, -0.165, 0.046]
[0.298, -0.165, 0.046]
[0.304, -0.166, 0.044]
[0.309, -0.166, 0.042]
[0.314, -0.166, 0.04]
[0.317, -0.166, 0.038]
[0.321, -0.165, 0.034]
[0.326, -0.165, 0.031]
[0.333, -0.164, 0.028]
[0.342, -0.164, 0.026]
[0.351, -0.164, 0.024]
[0.359, -0.164, 0.023]
[0.366, -0.164, 0.021]
[0.373, -0.164, 0.02]
[0.381, -0.164, 0.018]
[0.388, -0.164, 0.016]
[0.394, -0.164, 0.013]
[0.4, -0.164, 0.01]
[0.405, -0.164, 0.007]
[0.411, -0.164, 0.005]
[0.417, -0.164, 0.002]
[0.424, -0.164, -0.0]
[0.431, -0.164, -0.002]
[0.438, -0.164, -0.006]
[0.445, -0.164, -0.009]
[0.454, -0.165, -0.012]
[0.46, -0.166, -0.014]
[0.464, -0.167, -0.015]
[0.469, -0.167, -0.015]
[0.473, -0.167, -0.015]
[0.477, -0.166, -0.015]
[0.481, -0.166, -0.016]
[0.483, -0.166, -0.018]
[0.487, -0.166, -0.02]
[0.49, -0.166, -0.024]
[0.49, -0.166, -0.024]
[0.492, -0.166, -0.026]
[0.494, -0.166, -0.027]
[0.496, -0.166, -0.029]
[0.499, -0.166, -0.029]
[0.501, -0.165, -0.03]
[0.504, -0.165, -0.029]
[0.506, -0.164, -0.029]
[0.509, -0.164, -0.029]
[0.511, -0.164, -0.029]
[0.512, -0.163, -0.029]
[0.513, -0.163, -0.03]
[0.513, -0.163, -0.03]
[0.514, -0.163, -0.031]
[0.514, -0.163, -0.031]
[0.514, -0.163, -0.032]
[0.513, -0.162, -0.032]
[0.51, -0.161, -0.031]
[0.51, -0.161, -0.031]
[0.508, -0.16, -0.03]
[0.507, -0.159, -0.029]
[0.506, -0.158, -0.029]
[0.506, -0.158, -0.029]
[0.506, -0.157, -0.029]
[0.506, -0.157, -0.03]
[0.506, -0.157, -0.029]
[0.506, -0.157, -0.029]
[0.505, -0.157, -0.03]
[0.505, -0.158, -0.03]
[0.505, -0.158, -0.031]
[0.504, -0.158, -0.032]
[0.504, -0.158, -0.031]
[0.504, -0.157, -0.03]
[0.504, -0.156, -0.029]
[0.504, -0.156, -0.026]
[0.503, -0.155, -0.025]
[0.502, -0.154, -0.024]
[0.5, -0.154, -0.024]
[0.497, -0.153, -0.025]
[0.495, -0.152, -0.026]
[0.493, -0.152, -0.026]
[0.491, -0.151, -0.026]
[0.486, -0.149, -0.024]
[0.486, -0.149, -0.024]
[0.483, -0.148, -0.023]
[0.479, -0.146, -0.022]
[0.477, -0.144, -0.023]
[0.475, -0.141, -0.024]
[0.474, -0.137, -0.024]
[0.473, -0.133, -0.025]
[0.472, -0.128, -0.025]
[0.471, -0.124, -0.024]
[0.471, -0.12, -0.022]
[0.472, -0.116, -0.022]
[0.471, -0.113, -0.021]
[0.471, -0.109, -0.019]
[0.468, -0.106, -0.017]
[0.466, -0.101, -0.014]
[0.466, -0.096, -0.011]
[0.467, -0.092, -0.008]
[0.469, -0.087, -0.004]
[0.47, -0.079, 0.004]
[0.47, -0.079, 0.004]
[0.47, -0.076, 0.009]
[0.47, -0.073, 0.013]
[0.471, -0.07, 0.016]
[0.473, -0.068, 0.02]
[0.475, -0.066, 0.023]
[0.476, -0.064, 0.027]
[0.476, -0.061, 0.03]
[0.474, -0.058, 0.034]
[0.471, -0.055, 0.038]
[0.469, -0.051, 0.042]
[0.467, -0.048, 0.047]
[0.465, -0.044, 0.053]
[0.464, -0.041, 0.058]
[0.464, -0.036, 0.067]
[0.464, -0.036, 0.067]
[0.464, -0.034, 0.069]
[0.464, -0.033, 0.07]
[0.465, -0.031, 0.07]
[0.465, -0.031, 0.07]
[0.465, -0.031, 0.068]
[0.465, -0.031, 0.068]
[0.468, -0.033, 0.069]
[0.469, -0.036, 0.071]
[0.472, -0.038, 0.072]
[0.474, -0.041, 0.07]
[0.475, -0.044, 0.066]
[0.476, -0.047, 0.06]
[0.476, -0.049, 0.054]
[0.478, -0.052, 0.046]
[0.478, -0.053, 0.038]
[0.48, -0.057, 0.024]
[0.48, -0.057, 0.024]
[0.48, -0.059, 0.017]
[0.48, -0.062, 0.01]
[0.48, -0.067, -0.0]
[0.48, -0.067, -0.0]
[0.481, -0.07, -0.005]
[0.481, -0.073, -0.007]
[0.48, -0.077, -0.009]
[0.481, -0.08, -0.01]
[0.481, -0.082, -0.011]
[0.481, -0.085, -0.014]
[0.482, -0.087, -0.018]
[0.484, -0.09, -0.022]
[0.486, -0.092, -0.026]
[0.488, -0.094, -0.03]
[0.491, -0.095, -0.032]
[0.495, -0.097, -0.033]
[0.498, -0.097, -0.035]
[0.502, -0.098, -0.036]
[0.506, -0.098, -0.037]
[0.508, -0.097, -0.039]
[0.51, -0.097, -0.042]
[0.509, -0.097, -0.046]
[0.507, -0.098, -0.057]
[0.507, -0.098, -0.057]
[0.505, -0.099, -0.062]
[0.504, -0.1, -0.066]
[0.503, -0.101, -0.071]
[0.502, -0.101, -0.076]
[0.501, -0.102, -0.082]
[0.501, -0.102, -0.088]
[0.5, -0.103, -0.093]
[0.498, -0.102, -0.099]
[0.496, -0.102, -0.104]
[0.49, -0.102, -0.108]
[0.484, -0.101, -0.112]
[0.477, -0.101, -0.115]
[0.468, -0.101, -0.118]
[0.462, -0.101, -0.121]
[0.457, -0.101, -0.125]
[0.454, -0.101, -0.128]
[0.452, -0.101, -0.13]
[0.452, -0.101, -0.133]
[0.451, -0.101, -0.135]
[0.45, -0.102, -0.138]
[0.45, -0.102, -0.14]
[0.452, -0.101, -0.141]
[0.452, -0.101, -0.141]
[0.453, -0.102, -0.14]
[0.454, -0.102, -0.139]
[0.454, -0.102, -0.138]
[0.455, -0.102, -0.138]
[0.455, -0.102, -0.139]
[0.456, -0.103, -0.139]
[0.455, -0.103, -0.137]
[0.455, -0.103, -0.137]
[0.453, -0.103, -0.136]
[0.452, -0.103, -0.134]
[0.449, -0.103, -0.133]
[0.447, -0.103, -0.133]
[0.446, -0.104, -0.133]
[0.444, -0.104, -0.134]
[0.443, -0.105, -0.135]
[0.442, -0.105, -0.137]
[0.44, -0.106, -0.139]
[0.438, -0.107, -0.14]
[0.436, -0.108, -0.141]
[0.434, -0.108, -0.142]
[0.433, -0.109, -0.144]
[0.43, -0.11, -0.146]
[0.427, -0.11, -0.147]
[0.424, -0.111, -0.149]
[0.421, -0.112, -0.151]
[0.42, -0.113, -0.152]
[0.419, -0.115, -0.155]
[0.418, -0.116, -0.157]
[0.418, -0.117, -0.161]
[0.416, -0.118, -0.164]
[0.414, -0.12, -0.167]
[0.412, -0.121, -0.171]
[0.411, -0.122, -0.174]
[0.41, -0.122, -0.177]
[0.41, -0.123, -0.18]
[0.41, -0.123, -0.183]
[0.41, -0.123, -0.183]
[0.41, -0.123, -0.183]
[0.41, -0.122, -0.183]
[0.41, -0.121, -0.182]
[0.41, -0.119, -0.181]
[0.41, -0.117, -0.178]
[0.41, -0.115, -0.174]
[0.41, -0.115, -0.174]
[0.41, -0.114, -0.173]
[0.41, -0.113, -0.171]
[0.41, -0.112, -0.17]
[0.41, -0.112, -0.168]
[0.409, -0.111, -0.165]
[0.409, -0.111, -0.162]
[0.408, -0.11, -0.158]
[0.408, -0.109, -0.153]
[0.408, -0.109, -0.148]
[0.408, -0.108, -0.144]
[0.408, -0.108, -0.14]
[0.409, -0.108, -0.137]
[0.409, -0.107, -0.133]
[0.409, -0.106, -0.13]
[0.41, -0.106, -0.127]
[0.41, -0.105, -0.123]
[0.41, -0.105, -0.121]
[0.41, -0.104, -0.118]
[0.409, -0.103, -0.114]
[0.409, -0.102, -0.11]
[0.409, -0.101, -0.105]
[0.41, -0.099, -0.099]
[0.41, -0.098, -0.094]
[0.41, -0.097, -0.089]
[0.409, -0.096, -0.084]
[0.409, -0.096, -0.079]
[0.409, -0.096, -0.074]
[0.409, -0.096, -0.069]
[0.408, -0.095, -0.064]
[0.407, -0.094, -0.058]
[0.406, -0.092, -0.052]
[0.4, -0.087, -0.041]
[0.4, -0.087, -0.041]
[0.394, -0.084, -0.037]
[0.388, -0.081, -0.032]
[0.379, -0.078, -0.029]
[0.371, -0.076, -0.027]
[0.362, -0.075, -0.025]
[0.355, -0.074, -0.022]
[0.348, -0.075, -0.018]
[0.343, -0.075, -0.015]
[0.338, -0.075, -0.014]
[0.332, -0.075, -0.014]
[0.327, -0.074, -0.015]
[0.321, -0.073, -0.015]
[0.317, -0.072, -0.015]
[0.315, -0.071, -0.013]
[0.313, -0.07, -0.011]
[0.312, -0.07, -0.01]
[0.311, -0.069, -0.011]
[0.31, -0.068, -0.011]
[0.309, -0.068, -0.012]
[0.31, -0.068, -0.012]
[0.311, -0.068, -0.013]
[0.312, -0.069, -0.014]
[0.312, -0.069, -0.016]
[0.311, -0.07, -0.018]
[0.312, -0.07, -0.019]
[0.313, -0.07, -0.02]
[0.314, -0.07, -0.021]
[0.315, -0.07, -0.021]
[0.316, -0.07, -0.021]
[0.317, -0.071, -0.021]
[0.316, -0.071, -0.022]
[0.315, -0.071, -0.022]
[0.312, -0.071, -0.023]
[0.311, -0.07, -0.024]
[0.309, -0.07, -0.025]
[0.308, -0.07, -0.026]
[0.307, -0.07, -0.028]
[0.305, -0.07, -0.028]
[0.304, -0.07, -0.028]
[0.302, -0.07, -0.028]
[0.299, -0.069, -0.026]
[0.296, -0.069, -0.025]
[0.293, -0.069, -0.023]
[0.292, -0.069, -0.022]
[0.29, -0.069, -0.021]
[0.291, -0.069, -0.02]
[0.292, -0.069, -0.016]
[0.295, -0.069, -0.009]
[0.299, -0.069, 0.004]
[0.304, -0.07, 0.023]
[0.307, -0.071, 0.046]
[0.311, -0.074, 0.067]
[0.318, -0.076, 0.087]
[0.322, -0.077, 0.105]
[0.327, -0.077, 0.12]
[0.329, -0.077, 0.13]
[0.331, -0.077, 0.137]
[0.333, -0.076, 0.143]
[0.334, -0.075, 0.146]
[0.333, -0.073, 0.147]
[0.331, -0.072, 0.147]
[0.329, -0.07, 0.145]
[0.328, -0.069, 0.142]
[0.329, -0.068, 0.139]
[0.328, -0.068, 0.136]
[0.328, -0.068, 0.135]
[0.329, -0.068, 0.134]
[0.33, -0.068, 0.135]
[0.333, -0.068, 0.137]
[0.336, -0.068, 0.138]
[0.339, -0.069, 0.14]
[0.343, -0.071, 0.14]
[0.344, -0.073, 0.139]
[0.346, -0.074, 0.139]
[0.347, -0.075, 0.139]
[0.346, -0.075, 0.141]
[0.345, -0.074, 0.145]
[0.341, -0.071, 0.152]
[0.341, -0.071, 0.152]
[0.339, -0.07, 0.154]
[0.337, -0.07, 0.155]
[0.334, -0.07, 0.155]
[0.334, -0.07, 0.155]
[0.333, -0.07, 0.155]
[0.331, -0.07, 0.154]
[0.328, -0.068, 0.15]
[0.328, -0.068, 0.15]
[0.326, -0.068, 0.147]
[0.323, -0.067, 0.145]
[0.316, -0.065, 0.14]
[0.316, -0.065, 0.14]
[0.312, -0.064, 0.137]
[0.311, -0.063, 0.135]
[0.309, -0.061, 0.127]
[0.309, -0.061, 0.127]
[0.304, -0.058, 0.121]
[0.298, -0.056, 0.115]
[0.294, -0.051, 0.098]
[0.293, -0.047, 0.085]
[0.29, -0.044, 0.072]
[0.287, -0.04, 0.06]
[0.281, -0.038, 0.05]
[0.275, -0.036, 0.04]
[0.27, -0.035, 0.028]
[0.264, -0.033, 0.015]
[0.26, -0.032, 0.003]
[0.255, -0.031, -0.007]
[0.252, -0.03, -0.017]
[0.25, -0.03, -0.027]
[0.249, -0.029, -0.036]
[0.25, -0.028, -0.045]
[0.249, -0.028, -0.052]
[0.248, -0.027, -0.058]
[0.247, -0.027, -0.064]
[0.244, -0.027, -0.07]
[0.242, -0.027, -0.076]
[0.24, -0.028, -0.081]
[0.238, -0.028, -0.085]
[0.237, -0.029, -0.09]
[0.236, -0.03, -0.095]
[0.236, -0.031, -0.099]
[0.236, -0.031, -0.103]
[0.237, -0.032, -0.107]
[0.236, -0.032, -0.111]
[0.236, -0.032, -0.115]
[0.234, -0.032, -0.12]
[0.233, -0.031, -0.124]
[0.233, -0.031, -0.13]
[0.234, -0.03, -0.137]
[0.236, -0.03, -0.144]
[0.238, -0.028, -0.149]
[0.239, -0.027, -0.154]
[0.24, -0.026, -0.158]
[0.24, -0.025, -0.163]
[0.239, -0.024, -0.169]
[0.239, -0.023, -0.174]
[0.239, -0.022, -0.178]
[0.238, -0.022, -0.181]
[0.239, -0.021, -0.184]
[0.24, -0.021, -0.186]
[0.242, -0.021, -0.188]
[0.244, -0.022, -0.19]
[0.246, -0.022, -0.192]
[0.247, -0.023, -0.193]
[0.249, -0.023, -0.193]
[0.249, -0.023, -0.193]
[0.249, -0.023, -0.193]
[0.249, -0.023, -0.193]
[0.25, -0.024, -0.193]
[0.25, -0.024, -0.193]
[0.25, -0.024, -0.195]
[0.251, -0.024, -0.196]
[0.256, -0.023, -0.198]
[0.256, -0.023, -0.198]
[0.258, -0.023, -0.199]
[0.259, -0.022, -0.199]
[0.26, -0.022, -0.199]
[0.26, -0.021, -0.197]
[0.261, -0.021, -0.194]
[0.262, -0.021, -0.191]
[0.262, -0.022, -0.188]
[0.262, -0.023, -0.186]
[0.262, -0.023, -0.184]
[0.26, -0.023, -0.183]
[0.26, -0.023, -0.183]
[0.259, -0.023, -0.182]
[0.259, -0.022, -0.181]
[0.26, -0.022, -0.179]
[0.262, -0.022, -0.176]
[0.262, -0.022, -0.176]
[0.262, -0.022, -0.175]
[0.262, -0.021, -0.174]
[0.262, -0.021, -0.172]
[0.262, -0.02, -0.17]
[0.263, -0.019, -0.166]
[0.266, -0.019, -0.165]
[0.27, -0.018, -0.166]
[0.27, -0.017, -0.166]
[0.27, -0.016, -0.165]
[0.268, -0.016, -0.161]
[0.266, -0.015, -0.156]
[0.265, -0.015, -0.15]
[0.265, -0.015, -0.145]
[0.267, -0.014, -0.138]
[0.269, -0.014, -0.129]
[0.272, -0.012, -0.117]
[0.273, -0.011, -0.105]
[0.274, -0.01, -0.094]
[0.275, -0.008, -0.082]
[0.275, -0.007, -0.072]
[0.277, -0.005, -0.063]
[0.279, -0.003, -0.053]
[0.281, 0.0, -0.043]
[0.282, 0.003, -0.035]
[0.283, 0.006, -0.029]
[0.282, 0.01, -0.023]
[0.284, 0.013, -0.017]
[0.285, 0.015, -0.011]
[0.287, 0.018, -0.005]
[0.288, 0.021, -0.0]
[0.289, 0.027, 0.009]
[0.289, 0.027, 0.009]
[0.29, 0.03, 0.012]
[0.29, 0.033, 0.016]
[0.292, 0.036, 0.02]
[0.296, 0.038, 0.025]
[0.301, 0.04, 0.031]
[0.306, 0.042, 0.038]
[0.321, 0.044, 0.048]
[0.321, 0.044, 0.048]
[0.328, 0.044, 0.051]
[0.335, 0.044, 0.054]
[0.346, 0.044, 0.059]
[0.346, 0.044, 0.059]
[0.35, 0.043, 0.063]
[0.355, 0.043, 0.066]
[0.368, 0.041, 0.074]
[0.368, 0.041, 0.074]
[0.376, 0.041, 0.078]
[0.385, 0.041, 0.081]
[0.405, 0.043, 0.086]
[0.405, 0.043, 0.086]
[0.415, 0.045, 0.088]
[0.423, 0.047, 0.09]
[0.434, 0.053, 0.098]
[0.434, 0.053, 0.098]
[0.444, 0.06, 0.109]
[0.444, 0.06, 0.109]
[0.449, 0.064, 0.113]
[0.455, 0.068, 0.116]
[0.46, 0.073, 0.119]
[0.466, 0.076, 0.123]
[0.476, 0.081, 0.128]
[0.476, 0.081, 0.128]
[0.479, 0.084, 0.129]
[0.481, 0.086, 0.129]
[0.484, 0.089, 0.13]
[0.484, 0.089, 0.13]
[0.487, 0.089, 0.13]
[0.489, 0.089, 0.131]
[0.493, 0.088, 0.132]
[0.497, 0.087, 0.132]
[0.5, 0.086, 0.131]
[0.504, 0.086, 0.13]
[0.506, 0.087, 0.128]
[0.509, 0.087, 0.125]
[0.512, 0.086, 0.122]
[0.514, 0.085, 0.12]
[0.516, 0.084, 0.118]
[0.519, 0.082, 0.115]
[0.521, 0.08, 0.113]
[0.522, 0.079, 0.109]
[0.522, 0.078, 0.106]
[0.522, 0.077, 0.102]
[0.524, 0.075, 0.1]
[0.526, 0.074, 0.097]
[0.53, 0.072, 0.092]
[0.53, 0.072, 0.092]
[0.529, 0.069, 0.088]
[0.527, 0.067, 0.084]
[0.526, 0.064, 0.079]
[0.526, 0.061, 0.074]
[0.526, 0.058, 0.069]
[0.527, 0.055, 0.064]
[0.528, 0.052, 0.059]
[0.53, 0.049, 0.056]
[0.533, 0.045, 0.053]
[0.538, 0.042, 0.049]
[0.547, 0.038, 0.041]
[0.56, 0.034, 0.034]
[0.569, 0.03, 0.029]
[0.576, 0.027, 0.025]
[0.579, 0.023, 0.022]
[0.581, 0.02, 0.019]
[0.583, 0.017, 0.015]
[0.586, 0.015, 0.011]
[0.589, 0.013, 0.007]
[0.59, 0.011, 0.003]
[0.59, 0.009, 0.0]
[0.59, 0.007, -0.003]
[0.59, 0.005, -0.006]
[0.59, 0.003, -0.009]
[0.589, 0.0, -0.012]
[0.585, -0.002, -0.016]
[0.581, -0.004, -0.019]
[0.579, -0.006, -0.021]
[0.575, -0.008, -0.023]
[0.57, -0.01, -0.024]
[0.566, -0.012, -0.026]
[0.562, -0.014, -0.029]
[0.556, -0.016, -0.032]
[0.553, -0.017, -0.035]
[0.542, -0.019, -0.038]
[0.542, -0.019, -0.038]
[0.537, -0.02, -0.039]
[0.533, -0.02, -0.039]
[0.532, -0.021, -0.042]
[0.532, -0.021, -0.042]
[0.533, -0.022, -0.043]
[0.534, -0.022, -0.043]
[0.529, -0.023, -0.041]
[0.529, -0.023, -0.041]
[0.524, -0.023, -0.043]
[0.52, -0.024, -0.047]
[0.516, -0.024, -0.048]
[0.511, -0.025, -0.049]
[0.505, -0.026, -0.047]
[0.498, -0.027, -0.045]
[0.485, -0.028, -0.042]
[0.485, -0.028, -0.042]
[0.478, -0.028, -0.04]
[0.47, -0.029, -0.038]
[0.45, -0.031, -0.036]
[0.45, -0.031, -0.036]
[0.439, -0.033, -0.035]
[0.428, -0.033, -0.034]
[0.409, -0.034, -0.032]
[0.409, -0.034, -0.032]
[0.401, -0.034, -0.031]
[0.395, -0.034, -0.031]
[0.382, -0.033, -0.028]
[0.382, -0.033, -0.028]
[0.377, -0.032, -0.027]
[0.371, -0.031, -0.026]
[0.362, -0.026, -0.021]
[0.362, -0.026, -0.021]
[0.357, -0.024, -0.017]
[0.351, -0.021, -0.015]
[0.336, -0.018, -0.017]
[0.336, -0.018, -0.017]
[0.327, -0.016, -0.017]
[0.318, -0.014, -0.017]
[0.299, -0.011, -0.012]
[0.299, -0.011, -0.012]
[0.29, -0.009, -0.011]
[0.281, -0.008, -0.009]
[0.272, -0.006, -0.007]
[0.265, -0.004, -0.005]
[0.26, -0.001, -0.004]
[0.255, 0.001, -0.002]
[0.25, 0.003, -0.001]
[0.245, 0.006, -0.001]
[0.239, 0.009, -0.0]
[0.234, 0.012, -0.001]
[0.229, 0.015, -0.002]
[0.223, 0.018, -0.003]
[0.214, 0.022, -0.007]
[0.206, 0.026, -0.01]
[0.206, 0.026, -0.01]
[0.203, 0.027, -0.01]
[0.2, 0.028, -0.011]
[0.197, 0.029, -0.011]
[0.191, 0.03, -0.012]
[0.186, 0.031, -0.013]
[0.181, 0.031, -0.014]
[0.17, 0.032, -0.016]
[0.17, 0.032, -0.016]
[0.165, 0.033, -0.017]
[0.161, 0.034, -0.017]
[0.156, 0.035, -0.016]
[0.151, 0.037, -0.016]
[0.147, 0.038, -0.015]
[0.143, 0.039, -0.014]
[0.139, 0.04, -0.014]
[0.136, 0.04, -0.013]
[0.133, 0.04, -0.012]
[0.131, 0.041, -0.012]
[0.129, 0.041, -0.011]
[0.128, 0.041, -0.01]
[0.126, 0.041, -0.009]
[0.125, 0.042, -0.008]
[0.121, 0.043, -0.006]
[0.121, 0.043, -0.006]
[0.12, 0.043, -0.004]
[0.118, 0.043, -0.003]
[0.116, 0.043, -0.001]
[0.116, 0.043, -0.001]
[0.115, 0.043, -0.0]
[0.114, 0.043, -0.0]
[0.112, 0.043, -0.0]
[0.111, 0.044, -0.0]
[0.11, 0.044, -0.001]
[0.109, 0.044, -0.002]
[0.108, 0.045, -0.003]
[0.108, 0.045, -0.003]
[0.107, 0.045, -0.004]
[0.106, 0.046, -0.005]
[0.103, 0.047, -0.005]
[0.101, 0.048, -0.006]
[0.097, 0.048, -0.007]
[0.093, 0.047, -0.009]
[0.087, 0.045, -0.013]
[0.087, 0.045, -0.013]
[0.085, 0.044, -0.015]
[0.084, 0.043, -0.016]
[0.084, 0.042, -0.017]
[0.086, 0.04, -0.017]
[0.087, 0.039, -0.018]
[0.084, 0.037, -0.018]
[0.08, 0.035, -0.017]
[0.078, 0.032, -0.017]
[0.081, 0.03, -0.019]
[0.089, 0.028, -0.022]
[0.098, 0.025, -0.025]
[0.105, 0.023, -0.026]
[0.11, 0.02, -0.027]
[0.113, 0.018, -0.027]
[0.117, 0.014, -0.027]
[0.117, 0.014, -0.027]
[0.118, 0.013, -0.028]
[0.117, 0.011, -0.028]
[0.117, 0.007, -0.031]
[0.117, 0.007, -0.031]
[0.118, 0.004, -0.031]
[0.119, 0.001, -0.031]
[0.121, -0.002, -0.031]
[0.125, -0.005, -0.031]
[0.128, -0.007, -0.03]
[0.13, -0.009, -0.03]
[0.132, -0.011, -0.03]
[0.133, -0.013, -0.029]
[0.135, -0.015, -0.029]
[0.138, -0.017, -0.028]
[0.147, -0.02, -0.027]
[0.147, -0.02, -0.027]
[0.152, -0.022, -0.026]
[0.157, -0.022, -0.024]
[0.165, -0.022, -0.021]
[0.174, -0.022, -0.019]
[0.179, -0.023, -0.018]
[0.188, -0.024, -0.018]
[0.196, -0.025, -0.018]
[0.204, -0.028, -0.02]
[0.214, -0.031, -0.02]
[0.22, -0.033, -0.02]
[0.226, -0.036, -0.021]
[0.233, -0.038, -0.022]
[0.241, -0.039, -0.022]
[0.249, -0.041, -0.023]
[0.256, -0.043, -0.024]
[0.264, -0.044, -0.024]
[0.273, -0.045, -0.025]
[0.283, -0.046, -0.025]
[0.295, -0.046, -0.027]
[0.305, -0.046, -0.028]
[0.313, -0.046, -0.029]
[0.32, -0.046, -0.03]
[0.327, -0.046, -0.03]
[0.334, -0.047, -0.032]
[0.341, -0.047, -0.033]
[0.348, -0.047, -0.034]
[0.354, -0.047, -0.035]
[0.357, -0.046, -0.037]
[0.359, -0.046, -0.039]
[0.362, -0.045, -0.041]
[0.364, -0.045, -0.043]
[0.367, -0.045, -0.044]
[0.371, -0.045, -0.044]
[0.374, -0.045, -0.044]
[0.377, -0.045, -0.044]
[0.379, -0.045, -0.045]
[0.382, -0.045, -0.045]
[0.387, -0.046, -0.046]
[0.391, -0.046, -0.046]
[0.396, -0.047, -0.046]
[0.401, -0.047, -0.046]
[0.405, -0.048, -0.046]
[0.41, -0.048, -0.047]
[0.416, -0.048, -0.047]
[0.421, -0.048, -0.048]
[0.426, -0.049, -0.048]
[0.431, -0.049, -0.048]
[0.435, -0.05, -0.048]
[0.439, -0.05, -0.049]
[0.445, -0.049, -0.049]
[0.451, -0.049, -0.05]
[0.456, -0.049, -0.05]
[0.46, -0.048, -0.05]
[0.464, -0.048, -0.05]
[0.465, -0.048, -0.049]
[0.467, -0.048, -0.048]
[0.469, -0.048, -0.046]
[0.471, -0.047, -0.044]
[0.473, -0.046, -0.043]
[0.475, -0.045, -0.042]
[0.475, -0.045, -0.04]
[0.475, -0.044, -0.039]
[0.476, -0.043, -0.038]
[0.475, -0.043, -0.036]
[0.475, -0.042, -0.036]
[0.474, -0.041, -0.035]
[0.473, -0.04, -0.034]
[0.473, -0.039, -0.034]
[0.472, -0.038, -0.033]
[0.474, -0.037, -0.032]
[0.474, -0.037, -0.032]
[0.474, -0.037, -0.031]
[0.475, -0.036, -0.031]
[0.475, -0.036, -0.03]
[0.475, -0.036, -0.03]
[0.474, -0.035, -0.03]
[0.474, -0.035, -0.029]
[0.474, -0.034, -0.029]
[0.474, -0.034, -0.028]
[0.475, -0.033, -0.027]
[0.476, -0.032, -0.026]
[0.478, -0.032, -0.025]
[0.479, -0.032, -0.024]
[0.48, -0.031, -0.024]
[0.479, -0.03, -0.024]
[0.478, -0.029, -0.023]
[0.477, -0.028, -0.023]
[0.476, -0.027, -0.022]
[0.476, -0.026, -0.02]
[0.475, -0.025, -0.018]
[0.475, -0.024, -0.016]
[0.475, -0.023, -0.013]
[0.475, -0.022, -0.01]
[0.474, -0.021, -0.007]
[0.473, -0.02, -0.003]
[0.472, -0.018, 0.001]
[0.472, -0.016, 0.005]
[0.471, -0.015, 0.008]
[0.471, -0.013, 0.013]
[0.471, -0.013, 0.013]
[0.471, -0.012, 0.014]
[0.471, -0.012, 0.015]
[0.47, -0.011, 0.014]
[0.47, -0.011, 0.013]
[0.47, -0.011, 0.012]
[0.47, -0.011, 0.011]
[0.47, -0.011, 0.009]
[0.47, -0.011, 0.008]
[0.471, -0.011, 0.007]
[0.472, -0.011, 0.006]
[0.473, -0.011, 0.005]
[0.474, -0.012, 0.004]
[0.475, -0.013, 0.001]
[0.475, -0.014, -0.001]
[0.475, -0.014, -0.004]
[0.469, -0.015, -0.012]
[0.469, -0.015, -0.012]
[0.466, -0.016, -0.018]
[0.462, -0.016, -0.025]
[0.46, -0.017, -0.033]
[0.455, -0.019, -0.043]
[0.447, -0.019, -0.051]
[0.442, -0.02, -0.063]
[0.435, -0.02, -0.078]
[0.429, -0.022, -0.09]
[0.422, -0.024, -0.102]
[0.414, -0.026, -0.111]
[0.404, -0.029, -0.118]
[0.395, -0.03, -0.124]
[0.386, -0.032, -0.129]
[0.377, -0.033, -0.133]
[0.369, -0.033, -0.136]
[0.361, -0.034, -0.138]
[0.353, -0.035, -0.139]
[0.346, -0.037, -0.141]
[0.339, -0.038, -0.142]
[0.333, -0.039, -0.142]
[0.327, -0.041, -0.141]
[0.32, -0.042, -0.14]
[0.313, -0.043, -0.139]
[0.307, -0.044, -0.138]
[0.301, -0.045, -0.138]
[0.294, -0.045, -0.137]
[0.288, -0.045, -0.136]
[0.282, -0.045, -0.136]
[0.276, -0.046, -0.135]
[0.271, -0.046, -0.136]
[0.267, -0.047, -0.136]
[0.263, -0.047, -0.137]
[0.262, -0.047, -0.136]
[0.261, -0.047, -0.135]
[0.26, -0.048, -0.133]
[0.259, -0.048, -0.131]
[0.257, -0.048, -0.129]
[0.256, -0.048, -0.125]
[0.255, -0.048, -0.121]
[0.259, -0.049, -0.114]
[0.26, -0.05, -0.11]
[0.262, -0.05, -0.106]
[0.261, -0.049, -0.101]
[0.26, -0.049, -0.095]
[0.259, -0.048, -0.09]
[0.258, -0.047, -0.086]
[0.257, -0.046, -0.082]
[0.257, -0.045, -0.079]
[0.257, -0.045, -0.076]
[0.256, -0.044, -0.075]
[0.255, -0.044, -0.074]
[0.253, -0.043, -0.074]
[0.25, -0.044, -0.073]
[0.247, -0.044, -0.072]
[0.245, -0.044, -0.072]
[0.242, -0.045, -0.072]
[0.238, -0.045, -0.074]
[0.232, -0.045, -0.078]
[0.22, -0.047, -0.085]
[0.22, -0.047, -0.085]
[0.214, -0.048, -0.089]
[0.211, -0.049, -0.094]
[0.207, -0.051, -0.104]
[0.207, -0.051, -0.104]
[0.203, -0.052, -0.11]
[0.198, -0.053, -0.114]
[0.189, -0.054, -0.121]
[0.189, -0.054, -0.121]
[0.185, -0.055, -0.122]
[0.181, -0.056, -0.123]
[0.175, -0.057, -0.121]
[0.173, -0.058, -0.12]
[0.168, -0.059, -0.118]
[0.168, -0.059, -0.118]
[0.166, -0.059, -0.117]
[0.163, -0.059, -0.116]
[0.162, -0.059, -0.116]
[0.16, -0.059, -0.115]
[0.158, -0.058, -0.114]
[0.157, -0.058, -0.113]
[0.154, -0.058, -0.112]
[0.151, -0.057, -0.111]
[0.148, -0.057, -0.108]
[0.148, -0.056, -0.106]
[0.149, -0.056, -0.104]
[0.151, -0.055, -0.099]
[0.153, -0.055, -0.095]
[0.154, -0.054, -0.089]
[0.155, -0.053, -0.082]
[0.157, -0.052, -0.076]
[0.159, -0.05, -0.069]
[0.161, -0.048, -0.062]
[0.162, -0.047, -0.055]
[0.165, -0.044, -0.04]
[0.165, -0.044, -0.04]
[0.165, -0.042, -0.033]
[0.165, -0.039, -0.026]
[0.165, -0.036, -0.019]
[0.164, -0.032, -0.012]
[0.165, -0.029, -0.006]
[0.168, -0.025, -0.002]
[0.173, -0.021, 0.003]
[0.178, -0.018, 0.009]
[0.18, -0.015, 0.015]
[0.181, -0.01, 0.026]
[0.181, -0.01, 0.026]
[0.183, -0.007, 0.03]
[0.187, -0.005, 0.034]
[0.192, -0.003, 0.038]
[0.197, -0.001, 0.042]
[0.202, 0.001, 0.045]
[0.207, 0.003, 0.047]
[0.211, 0.004, 0.047]
[0.216, 0.006, 0.048]
[0.221, 0.007, 0.048]
[0.224, 0.009, 0.048]
[0.228, 0.01, 0.049]
[0.231, 0.011, 0.049]
[0.235, 0.012, 0.049]
[0.238, 0.014, 0.049]
[0.242, 0.015, 0.049]
[0.245, 0.015, 0.048]
[0.249, 0.016, 0.046]
[0.253, 0.016, 0.044]
[0.257, 0.017, 0.041]
[0.259, 0.017, 0.037]
[0.26, 0.018, 0.023]
[0.259, 0.019, 0.013]
[0.258, 0.021, 0.003]
[0.258, 0.021, -0.007]
[0.257, 0.022, -0.017]
[0.256, 0.023, -0.025]
[0.255, 0.024, -0.034]
[0.254, 0.026, -0.042]
[0.254, 0.028, -0.049]
[0.254, 0.03, -0.056]
[0.253, 0.031, -0.062]
[0.253, 0.033, -0.067]
[0.253, 0.034, -0.071]
[0.252, 0.036, -0.076]
[0.25, 0.037, -0.08]
[0.248, 0.039, -0.084]
[0.246, 0.04, -0.087]
[0.244, 0.042, -0.089]
[0.241, 0.043, -0.091]
[0.239, 0.044, -0.093]
[0.237, 0.046, -0.094]
[0.238, 0.048, -0.095]
[0.238, 0.048, -0.095]
[0.242, 0.05, -0.095]
[0.243, 0.051, -0.095]
[0.244, 0.051, -0.094]
[0.244, 0.051, -0.093]
[0.245, 0.051, -0.092]
[0.245, 0.05, -0.092]
[0.246, 0.05, -0.091]
[0.246, 0.049, -0.091]
[0.247, 0.048, -0.09]
[0.247, 0.047, -0.09]
[0.248, 0.046, -0.089]
[0.248, 0.045, -0.088]
[0.25, 0.044, -0.088]
[0.252, 0.043, -0.088]
[0.254, 0.042, -0.088]
[0.255, 0.041, -0.09]
[0.256, 0.039, -0.091]
[0.258, 0.037, -0.093]
[0.26, 0.036, -0.095]
[0.263, 0.035, -0.097]
[0.265, 0.034, -0.099]
[0.264, 0.034, -0.1]
[0.265, 0.034, -0.101]
[0.268, 0.035, -0.101]
[0.274, 0.035, -0.099]
[0.28, 0.035, -0.096]
[0.281, 0.035, -0.089]
[0.281, 0.035, -0.089]
[0.278, 0.036, -0.085]
[0.275, 0.036, -0.081]
[0.274, 0.037, -0.076]
[0.275, 0.038, -0.071]
[0.276, 0.04, -0.066]
[0.278, 0.042, -0.061]
[0.279, 0.044, -0.057]
[0.279, 0.047, -0.052]
[0.279, 0.049, -0.048]
[0.277, 0.055, -0.043]
[0.277, 0.055, -0.043]
[0.277, 0.057, -0.042]
[0.278, 0.06, -0.041]
[0.278, 0.063, -0.041]
[0.28, 0.066, -0.04]
[0.28, 0.067, -0.039]
[0.28, 0.069, -0.038]
[0.279, 0.07, -0.037]
[0.277, 0.071, -0.035]
[0.277, 0.072, -0.033]
[0.278, 0.072, -0.031]
[0.278, 0.073, -0.029]
[0.279, 0.073, -0.028]
[0.279, 0.073, -0.028]
[0.278, 0.073, -0.029]
[0.278, 0.073, -0.03]
[0.277, 0.073, -0.032]
[0.278, 0.073, -0.033]
[0.279, 0.074, -0.034]
[0.28, 0.076, -0.035]
[0.281, 0.077, -0.036]
[0.282, 0.079, -0.037]
[0.282, 0.081, -0.038]
[0.282, 0.083, -0.038]
[0.281, 0.085, -0.038]
[0.28, 0.087, -0.039]
[0.28, 0.089, -0.041]
[0.28, 0.091, -0.043]
[0.281, 0.092, -0.045]
[0.281, 0.094, -0.047]
[0.282, 0.095, -0.049]
[0.283, 0.096, -0.05]
[0.286, 0.096, -0.052]
[0.29, 0.097, -0.053]
[0.295, 0.097, -0.055]
[0.299, 0.097, -0.055]
[0.302, 0.097, -0.054]
[0.304, 0.097, -0.054]
[0.306, 0.097, -0.053]
[0.309, 0.097, -0.053]
[0.31, 0.097, -0.052]
[0.312, 0.097, -0.052]
[0.314, 0.097, -0.051]
[0.316, 0.097, -0.049]
[0.319, 0.097, -0.045]
[0.322, 0.096, -0.042]
[0.323, 0.096, -0.04]
[0.323, 0.095, -0.038]
[0.322, 0.095, -0.037]
[0.32, 0.094, -0.037]
[0.318, 0.094, -0.039]
[0.315, 0.094, -0.041]
[0.312, 0.094, -0.043]
[0.309, 0.095, -0.044]
[0.306, 0.096, -0.045]
[0.305, 0.097, -0.044]
[0.302, 0.098, -0.044]
[0.3, 0.098, -0.046]
[0.299, 0.099, -0.048]
[0.298, 0.099, -0.049]
[0.298, 0.1, -0.051]
[0.3, 0.1, -0.051]
[0.302, 0.101, -0.052]
[0.304, 0.102, -0.053]
[0.306, 0.103, -0.055]
[0.307, 0.104, -0.057]
[0.307, 0.105, -0.058]
[0.307, 0.107, -0.059]
[0.307, 0.108, -0.06]
[0.308, 0.11, -0.061]
[0.309, 0.111, -0.061]
[0.311, 0.112, -0.061]
[0.313, 0.113, -0.062]
[0.313, 0.114, -0.062]
[0.315, 0.115, -0.062]
[0.317, 0.116, -0.062]
[0.319, 0.117, -0.062]
[0.321, 0.119, -0.061]
[0.322, 0.12, -0.059]
[0.324, 0.121, -0.058]
[0.326, 0.122, -0.057]
[0.329, 0.124, -0.056]
[0.334, 0.126, -0.056]
[0.345, 0.13, -0.06]
[0.345, 0.13, -0.06]
[0.35, 0.132, -0.063]
[0.354, 0.133, -0.065]
[0.358, 0.135, -0.067]
[0.362, 0.138, -0.068]
[0.366, 0.14, -0.07]
[0.369, 0.142, -0.071]
[0.372, 0.144, -0.072]
[0.374, 0.146, -0.072]
[0.376, 0.147, -0.072]
[0.377, 0.149, -0.071]
[0.377, 0.151, -0.071]
[0.378, 0.152, -0.071]
[0.379, 0.153, -0.07]
[0.38, 0.153, -0.069]
[0.381, 0.153, -0.068]
[0.382, 0.154, -0.067]
[0.382, 0.154, -0.066]
[0.381, 0.154, -0.065]
[0.38, 0.154, -0.065]
[0.378, 0.154, -0.065]
[0.376, 0.154, -0.066]
[0.374, 0.154, -0.067]
[0.372, 0.153, -0.068]
[0.37, 0.152, -0.07]
[0.366, 0.15, -0.071]
[0.363, 0.147, -0.071]
[0.361, 0.144, -0.071]
[0.36, 0.139, -0.069]
[0.357, 0.133, -0.068]
[0.352, 0.128, -0.067]
[0.341, 0.115, -0.07]
[0.341, 0.115, -0.07]
[0.335, 0.107, -0.072]
[0.331, 0.098, -0.072]
[0.324, 0.083, -0.073]
[0.324, 0.083, -0.073]
[0.32, 0.076, -0.075]
[0.316, 0.068, -0.076]
[0.309, 0.059, -0.077]
[0.301, 0.051, -0.076]
[0.294, 0.041, -0.075]
[0.288, 0.03, -0.073]
[0.28, 0.009, -0.065]
[0.28, 0.009, -0.065]
[0.276, -0.002, -0.06]
[0.271, -0.012, -0.057]
[0.264, -0.03, -0.054]
[0.264, -0.03, -0.054]
[0.264, -0.036, -0.053]
[0.264, -0.043, -0.05]
[0.263, -0.05, -0.048]
[0.261, -0.056, -0.046]
[0.258, -0.062, -0.045]
[0.254, -0.069, -0.044]
[0.252, -0.081, -0.041]
[0.252, -0.081, -0.041]
[0.253, -0.088, -0.038]
[0.253, -0.095, -0.036]
[0.251, -0.102, -0.033]
[0.249, -0.108, -0.03]
[0.248, -0.115, -0.027]
[0.246, -0.121, -0.024]
[0.245, -0.126, -0.022]
[0.243, -0.13, -0.019]
[0.242, -0.134, -0.018]
[0.242, -0.138, -0.017]
[0.243, -0.142, -0.017]
[0.245, -0.146, -0.016]
[0.246, -0.149, -0.015]
[0.247, -0.153, -0.014]
[0.247, -0.16, -0.01]
[0.247, -0.16, -0.01]
[0.247, -0.164, -0.007]
[0.246, -0.168, -0.004]
[0.246, -0.171, -0.002]
[0.247, -0.174, 0.0]
[0.247, -0.177, 0.002]
[0.248, -0.179, 0.002]
[0.25, -0.181, 0.004]
[0.25, -0.183, 0.003]
[0.248, -0.185, 0.003]
[0.246, -0.186, 0.003]
[0.245, -0.186, 0.002]
[0.248, -0.187, 0.001]
[0.253, -0.188, 0.001]
[0.258, -0.189, 0.0]
[0.263, -0.189, 0.0]
[0.267, -0.19, 0.001]
[0.269, -0.191, 0.002]
[0.271, -0.192, 0.003]
[0.272, -0.193, 0.003]
[0.273, -0.194, 0.003]
[0.273, -0.195, 0.002]
[0.275, -0.196, 0.001]
[0.276, -0.196, 0.001]
[0.277, -0.196, 0.0]
[0.277, -0.195, 0.0]
[0.277, -0.195, 0.001]
[0.278, -0.194, 0.001]
[0.278, -0.194, 0.001]
[0.282, -0.193, 0.001]
[0.285, -0.193, 0.0]
[0.287, -0.193, -0.0]
[0.291, -0.192, -0.001]
[0.297, -0.191, -0.002]
[0.305, -0.191, -0.002]
[0.313, -0.19, -0.002]
[0.317, -0.189, -0.001]
[0.319, -0.189, 0.0]
[0.321, -0.188, 0.002]
[0.323, -0.189, 0.003]
[0.327, -0.19, 0.003]
[0.334, -0.191, 0.002]
[0.344, -0.193, -0.002]
[0.355, -0.193, -0.005]
[0.37, -0.194, -0.01]
[0.387, -0.194, -0.014]
[0.4, -0.194, -0.018]
[0.412, -0.193, -0.023]
[0.42, -0.194, -0.025]
[0.427, -0.194, -0.028]
[0.436, -0.195, -0.028]
[0.444, -0.196, -0.028]
[0.451, -0.198, -0.028]
[0.458, -0.199, -0.027]
[0.462, -0.201, -0.027]
[0.466, -0.202, -0.026]
[0.47, -0.203, -0.024]
[0.473, -0.203, -0.023]
[0.477, -0.202, -0.021]
[0.479, -0.2, -0.021]
[0.482, -0.199, -0.02]
[0.484, -0.198, -0.02]
[0.485, -0.197, -0.02]
[0.485, -0.196, -0.019]
[0.484, -0.194, -0.019]
[0.481, -0.193, -0.018]
[0.479, -0.192, -0.018]
[0.478, -0.192, -0.019]
[0.478, -0.192, -0.019]
[0.478, -0.192, -0.019]
[0.478, -0.192, -0.02]
[0.477, -0.191, -0.02]
[0.475, -0.191, -0.02]
[0.473, -0.191, -0.019]
[0.471, -0.191, -0.019]
[0.471, -0.191, -0.02]
[0.47, -0.192, -0.02]
[0.469, -0.192, -0.02]
[0.466, -0.193, -0.02]
[0.463, -0.194, -0.019]
[0.46, -0.195, -0.019]
[0.458, -0.194, -0.017]
[0.456, -0.193, -0.015]
[0.456, -0.191, -0.013]
[0.455, -0.189, -0.012]
[0.453, -0.188, -0.011]
[0.451, -0.187, -0.01]
[0.449, -0.188, -0.011]
[0.447, -0.188, -0.013]
[0.446, -0.189, -0.015]
[0.445, -0.191, -0.016]
[0.443, -0.193, -0.019]
[0.443, -0.193, -0.019]
[0.441, -0.194, -0.02]
[0.44, -0.195, -0.022]
[0.44, -0.195, -0.022]
[0.438, -0.196, -0.022]
[0.436, -0.196, -0.021]
[0.433, -0.197, -0.02]
[0.427, -0.197, -0.019]
[0.42, -0.197, -0.019]
[0.414, -0.197, -0.019]
[0.408, -0.198, -0.019]
[0.399, -0.198, -0.02]
[0.399, -0.198, -0.02]
[0.394, -0.199, -0.02]
[0.388, -0.199, -0.021]
[0.38, -0.199, -0.022]
[0.372, -0.2, -0.022]
[0.365, -0.2, -0.022]
[0.36, -0.199, -0.022]
[0.356, -0.199, -0.021]
[0.353, -0.198, -0.02]
[0.35, -0.197, -0.019]
[0.346, -0.197, -0.018]
[0.341, -0.197, -0.017]
[0.337, -0.196, -0.015]
[0.332, -0.196, -0.012]
[0.329, -0.197, -0.01]
[0.323, -0.196, -0.005]
[0.323, -0.196, -0.005]
[0.32, -0.196, -0.002]
[0.318, -0.196, -0.0]
[0.318, -0.196, 0.002]
[0.319, -0.197, 0.003]
[0.32, -0.197, 0.004]
[0.32, -0.198, 0.006]
[0.318, -0.199, 0.008]
[0.314, -0.199, 0.01]
[0.31, -0.2, 0.012]
[0.305, -0.201, 0.013]
[0.301, -0.202, 0.015]
[0.296, -0.203, 0.017]
[0.291, -0.203, 0.02]
[0.286, -0.202, 0.022]
[0.282, -0.201, 0.025]
[0.278, -0.2, 0.027]
[0.273, -0.198, 0.029]
[0.268, -0.197, 0.03]
[0.261, -0.195, 0.031]
[0.255, -0.193, 0.033]
[0.249, -0.192, 0.035]
[0.244, -0.19, 0.038]
[0.239, -0.188, 0.04]
[0.234, -0.186, 0.042]
[0.229, -0.184, 0.045]
[0.225, -0.182, 0.046]
[0.221, -0.179, 0.047]
[0.218, -0.177, 0.047]
[0.214, -0.175, 0.047]
[0.211, -0.173, 0.047]
[0.208, -0.171, 0.047]
[0.203, -0.169, 0.048]
[0.199, -0.167, 0.048]
[0.195, -0.166, 0.048]
[0.193, -0.165, 0.048]
[0.192, -0.164, 0.048]
[0.191, -0.163, 0.047]
[0.19, -0.163, 0.047]
[0.189, -0.162, 0.048]
[0.188, -0.162, 0.048]
[0.187, -0.162, 0.048]
[0.187, -0.163, 0.048]
[0.187, -0.163, 0.046]
[0.187, -0.164, 0.044]
[0.188, -0.164, 0.04]
[0.19, -0.165, 0.036]
[0.192, -0.166, 0.032]
[0.197, -0.168, 0.028]
[0.202, -0.169, 0.025]
[0.208, -0.171, 0.023]
[0.214, -0.172, 0.02]
[0.218, -0.172, 0.017]
[0.222, -0.173, 0.014]
[0.226, -0.174, 0.012]
[0.231, -0.174, 0.01]
[0.236, -0.176, 0.009]
[0.239, -0.177, 0.007]
[0.243, -0.178, 0.006]
[0.248, -0.18, 0.003]
[0.252, -0.182, -0.0]
[0.258, -0.184, -0.004]
[0.264, -0.187, -0.009]
[0.272, -0.189, -0.012]
[0.282, -0.191, -0.016]
[0.301, -0.195, -0.022]
[0.301, -0.195, -0.022]
[0.311, -0.196, -0.024]
[0.32, -0.197, -0.027]
[0.328, -0.198, -0.029]
[0.338, -0.198, -0.032]
[0.348, -0.199, -0.034]
[0.356, -0.2, -0.036]
[0.364, -0.201, -0.038]
[0.372, -0.202, -0.04]
[0.379, -0.203, -0.041]
[0.386, -0.203, -0.044]
[0.393, -0.204, -0.046]
[0.402, -0.204, -0.049]
[0.411, -0.205, -0.052]
[0.419, -0.205, -0.055]
[0.427, -0.206, -0.057]
[0.433, -0.206, -0.058]
[0.439, -0.206, -0.06]
[0.444, -0.206, -0.062]
[0.448, -0.206, -0.064]
[0.452, -0.207, -0.067]
[0.457, -0.207, -0.069]
[0.462, -0.207, -0.072]
[0.466, -0.208, -0.074]
[0.47, -0.207, -0.076]
[0.474, -0.207, -0.077]
[0.478, -0.207, -0.078]
[0.481, -0.207, -0.078]
[0.483, -0.206, -0.079]
[0.485, -0.206, -0.079]
[0.485, -0.206, -0.08]
[0.485, -0.205, -0.08]
[0.483, -0.205, -0.081]
[0.482, -0.205, -0.082]
[0.482, -0.204, -0.083]
[0.482, -0.204, -0.084]
[0.481, -0.204, -0.084]
[0.478, -0.203, -0.085]
[0.475, -0.203, -0.087]
[0.467, -0.202, -0.091]
[0.467, -0.202, -0.091]
[0.462, -0.201, -0.095]
[0.456, -0.201, -0.098]
[0.451, -0.201, -0.103]
[0.446, -0.201, -0.107]
[0.442, -0.201, -0.112]
[0.438, -0.201, -0.118]
[0.436, -0.201, -0.123]
[0.433, -0.202, -0.129]
[0.43, -0.204, -0.135]
[0.426, -0.209, -0.145]
[0.426, -0.209, -0.145]
[0.424, -0.211, -0.149]
[0.422, -0.213, -0.153]
[0.42, -0.214, -0.157]
[0.417, -0.215, -0.161]
[0.414, -0.216, -0.164]
[0.411, -0.217, -0.168]
[0.403, -0.22, -0.179]
[0.403, -0.22, -0.179]
[0.399, -0.223, -0.186]
[0.395, -0.226, -0.191]
[0.39, -0.228, -0.196]
[0.386, -0.23, -0.199]
[0.377, -0.234, -0.205]
[0.377, -0.234, -0.205]
[0.373, -0.237, -0.207]
[0.37, -0.24, -0.209]
[0.368, -0.242, -0.21]
[0.365, -0.245, -0.211]
[0.364, -0.247, -0.211]
[0.362, -0.248, -0.211]
[0.361, -0.249, -0.21]
[0.361, -0.25, -0.209]
[0.36, -0.25, -0.208]
[0.36, -0.249, -0.206]
[0.361, -0.247, -0.206]
[0.363, -0.245, -0.205]
[0.367, -0.243, -0.205]
[0.371, -0.238, -0.201]
[0.371, -0.238, -0.201]
[0.373, -0.235, -0.197]
[0.372, -0.232, -0.192]
[0.371, -0.228, -0.186]
[0.372, -0.225, -0.179]
[0.371, -0.222, -0.172]
[0.371, -0.218, -0.165]
[0.37, -0.216, -0.16]
[0.368, -0.214, -0.155]
[0.365, -0.213, -0.151]
[0.363, -0.211, -0.146]
[0.36, -0.208, -0.141]
[0.355, -0.205, -0.134]
[0.35, -0.201, -0.126]
[0.341, -0.197, -0.118]
[0.332, -0.194, -0.113]
[0.323, -0.191, -0.109]
[0.316, -0.19, -0.107]
[0.309, -0.19, -0.104]
[0.305, -0.191, -0.103]
[0.301, -0.193, -0.101]
[0.298, -0.194, -0.101]
[0.296, -0.194, -0.101]
[0.293, -0.195, -0.099]
[0.291, -0.195, -0.097]
[0.288, -0.196, -0.095]
[0.286, -0.196, -0.093]
[0.284, -0.197, -0.092]
[0.283, -0.198, -0.091]
[0.284, -0.198, -0.091]
[0.284, -0.199, -0.091]
[0.283, -0.201, -0.09]
[0.283, -0.201, -0.09]
[0.283, -0.201, -0.09]
[0.282, -0.202, -0.089]
[0.28, -0.202, -0.086]
[0.28, -0.202, -0.086]
[0.277, -0.202, -0.084]
[0.273, -0.201, -0.081]
[0.265, -0.199, -0.076]
[0.265, -0.199, -0.076]
[0.262, -0.198, -0.075]
[0.26, -0.197, -0.073]
[0.257, -0.196, -0.071]
[0.257, -0.196, -0.071]
[0.256, -0.195, -0.07]
[0.255, -0.194, -0.07]
[0.252, -0.19, -0.068]
[0.252, -0.19, -0.068]
[0.251, -0.189, -0.068]
[0.252, -0.188, -0.067]
[0.257, -0.187, -0.066]
[0.257, -0.187, -0.066]
[0.258, -0.187, -0.065]
[0.258, -0.186, -0.064]
[0.256, -0.185, -0.063]
[0.254, -0.183, -0.061]
[0.252, -0.182, -0.059]
[0.251, -0.181, -0.058]
[0.249, -0.18, -0.055]
[0.248, -0.18, -0.053]
[0.246, -0.179, -0.05]
[0.244, -0.179, -0.048]
[0.242, -0.178, -0.045]
[0.242, -0.178, -0.045]
[0.242, -0.178, -0.044]
[0.244, -0.178, -0.045]
[0.247, -0.178, -0.047]
[0.252, -0.178, -0.049]
[0.257, -0.179, -0.051]
[0.262, -0.179, -0.053]
[0.272, -0.18, -0.058]
[0.272, -0.18, -0.058]
[0.277, -0.181, -0.061]
[0.282, -0.182, -0.064]
[0.29, -0.184, -0.067]
[0.29, -0.184, -0.067]
[0.294, -0.185, -0.068]
[0.296, -0.185, -0.068]
[0.299, -0.185, -0.069]
[0.304, -0.185, -0.069]
[0.308, -0.185, -0.068]
[0.313, -0.185, -0.068]
[0.323, -0.186, -0.069]
[0.323, -0.186, -0.069]
[0.331, -0.186, -0.07]
[0.339, -0.186, -0.072]
[0.348, -0.187, -0.074]
[0.356, -0.187, -0.077]
[0.365, -0.188, -0.079]
[0.384, -0.189, -0.086]
[0.384, -0.189, -0.086]
[0.39, -0.19, -0.089]
[0.397, -0.19, -0.092]
[0.405, -0.19, -0.095]
[0.413, -0.191, -0.098]
[0.42, -0.192, -0.102]
[0.425, -0.193, -0.106]
[0.429, -0.194, -0.11]
[0.433, -0.195, -0.114]
[0.439, -0.196, -0.117]
[0.446, -0.196, -0.12]
[0.453, -0.195, -0.121]
[0.461, -0.195, -0.123]
[0.468, -0.195, -0.126]
[0.476, -0.195, -0.129]
[0.483, -0.195, -0.133]
[0.489, -0.195, -0.135]
[0.495, -0.195, -0.136]
[0.499, -0.195, -0.136]
[0.501, -0.195, -0.135]
[0.503, -0.194, -0.134]
[0.502, -0.194, -0.133]
[0.502, -0.194, -0.131]
[0.501, -0.193, -0.129]
[0.501, -0.193, -0.128]
[0.5, -0.193, -0.127]
[0.5, -0.193, -0.127]
[0.498, -0.193, -0.127]
[0.496, -0.194, -0.126]
[0.493, -0.195, -0.126]
[0.49, -0.196, -0.125]
[0.486, -0.196, -0.125]
[0.485, -0.197, -0.125]
[0.483, -0.197, -0.126]
[0.482, -0.198, -0.127]
[0.48, -0.199, -0.128]
[0.478, -0.2, -0.129]
[0.477, -0.201, -0.129]
[0.475, -0.201, -0.13]
[0.471, -0.202, -0.131]
[0.471, -0.202, -0.131]
[0.469, -0.202, -0.133]
[0.465, -0.202, -0.134]
[0.462, -0.203, -0.136]
[0.459, -0.204, -0.139]
[0.455, -0.205, -0.142]
[0.452, -0.206, -0.145]
[0.449, -0.207, -0.147]
[0.446, -0.208, -0.15]
[0.443, -0.209, -0.153]
[0.439, -0.21, -0.156]
[0.435, -0.21, -0.158]
[0.43, -0.21, -0.159]
[0.425, -0.21, -0.159]
[0.419, -0.21, -0.159]
[0.414, -0.209, -0.158]
[0.409, -0.209, -0.158]
[0.404, -0.208, -0.157]
[0.399, -0.208, -0.156]
[0.395, -0.208, -0.154]
[0.392, -0.207, -0.152]
[0.39, -0.206, -0.151]
[0.39, -0.204, -0.148]
[0.388, -0.202, -0.145]
[0.386, -0.201, -0.142]
[0.381, -0.201, -0.137]
[0.376, -0.201, -0.133]
[0.369, -0.201, -0.129]
[0.361, -0.2, -0.125]
[0.355, -0.199, -0.123]
[0.351, -0.197, -0.12]
[0.346, -0.19, -0.114]
[0.346, -0.19, -0.114]
[0.342, -0.186, -0.109]
[0.337, -0.18, -0.103]
[0.322, -0.166, -0.09]
[0.322, -0.166, -0.09]
[0.319, -0.158, -0.081]
[0.318, -0.15, -0.07]
[0.315, -0.143, -0.056]
[0.311, -0.135, -0.04]
[0.306, -0.129, -0.025]
[0.302, -0.124, -0.011]
[0.301, -0.115, 0.015]
[0.301, -0.115, 0.015]
[0.304, -0.112, 0.026]
[0.308, -0.11, 0.037]
[0.315, -0.108, 0.048]
[0.32, -0.108, 0.057]
[0.325, -0.107, 0.065]
[0.33, -0.107, 0.073]
[0.333, -0.108, 0.079]
[0.335, -0.108, 0.085]
[0.338, -0.107, 0.091]
[0.341, -0.107, 0.095]
[0.344, -0.108, 0.099]
[0.348, -0.109, 0.102]
[0.351, -0.11, 0.103]
[0.353, -0.112, 0.104]
[0.355, -0.113, 0.105]
[0.357, -0.114, 0.106]
[0.358, -0.116, 0.106]
[0.36, -0.117, 0.107]
[0.361, -0.118, 0.107]
[0.363, -0.119, 0.106]
[0.365, -0.121, 0.104]
[0.366, -0.122, 0.103]
[0.367, -0.122, 0.102]
[0.368, -0.123, 0.101]
[0.369, -0.123, 0.1]
[0.369, -0.124, 0.098]
[0.368, -0.124, 0.097]
[0.367, -0.124, 0.096]
[0.366, -0.125, 0.095]
[0.368, -0.125, 0.094]
[0.37, -0.126, 0.092]
[0.371, -0.127, 0.093]
[0.372, -0.128, 0.093]
[0.374, -0.128, 0.092]
[0.378, -0.129, 0.089]
[0.378, -0.129, 0.089]
[0.379, -0.13, 0.088]
[0.376, -0.13, 0.088]
[0.373, -0.13, 0.087]
[0.37, -0.129, 0.087]
[0.368, -0.128, 0.086]
[0.365, -0.128, 0.086]
[0.364, -0.127, 0.085]
[0.364, -0.127, 0.085]
[0.365, -0.127, 0.083]
[0.367, -0.127, 0.082]
[0.369, -0.128, 0.083]
[0.374, -0.129, 0.086]
[0.381, -0.129, 0.091]
[0.388, -0.129, 0.096]
[0.393, -0.129, 0.101]
[0.398, -0.128, 0.106]
[0.402, -0.128, 0.112]
[0.405, -0.128, 0.118]
[0.408, -0.128, 0.126]
[0.412, -0.128, 0.133]
[0.416, -0.128, 0.142]
[0.42, -0.128, 0.15]
[0.429, -0.128, 0.166]
[0.429, -0.128, 0.166]
[0.434, -0.128, 0.172]
[0.439, -0.128, 0.176]
[0.443, -0.129, 0.18]
[0.447, -0.13, 0.181]
[0.449, -0.13, 0.182]
[0.45, -0.131, 0.183]
[0.448, -0.13, 0.185]
[0.448, -0.13, 0.185]
[0.447, -0.13, 0.188]
[0.446, -0.13, 0.191]
[0.446, -0.13, 0.194]
[0.446, -0.131, 0.197]
[0.447, -0.131, 0.2]
[0.45, -0.131, 0.203]
[0.457, -0.132, 0.211]
[0.457, -0.132, 0.211]
[0.461, -0.133, 0.215]
[0.464, -0.135, 0.218]
[0.469, -0.137, 0.223]
[0.469, -0.137, 0.223]
[0.471, -0.138, 0.226]
[0.471, -0.138, 0.228]
[0.47, -0.139, 0.23]
[0.468, -0.139, 0.232]
[0.467, -0.139, 0.233]
[0.466, -0.139, 0.235]
[0.467, -0.14, 0.236]
[0.467, -0.14, 0.237]
[0.467, -0.141, 0.239]
[0.468, -0.141, 0.241]
[0.468, -0.142, 0.242]
[0.467, -0.142, 0.242]
[0.466, -0.141, 0.242]
[0.466, -0.141, 0.242]
[0.464, -0.141, 0.242]
[0.463, -0.141, 0.243]
[0.461, -0.141, 0.243]
[0.459, -0.141, 0.243]
[0.458, -0.141, 0.243]
[0.457, -0.141, 0.243]
[0.456, -0.141, 0.243]
[0.455, -0.141, 0.243]
[0.454, -0.141, 0.243]
[0.453, -0.141, 0.242]
[0.451, -0.141, 0.241]
[0.449, -0.14, 0.241]
[0.446, -0.138, 0.24]
[0.446, -0.138, 0.24]
[0.444, -0.137, 0.24]
[0.441, -0.136, 0.24]
[0.437, -0.136, 0.24]
[0.437, -0.136, 0.24]
[0.436, -0.136, 0.24]
[0.434, -0.136, 0.241]
[0.432, -0.136, 0.242]
[0.432, -0.136, 0.242]
[0.431, -0.136, 0.242]
[0.43, -0.137, 0.241]
[0.429, -0.138, 0.241]
[0.429, -0.138, 0.241]
[0.428, -0.138, 0.242]
[0.426, -0.138, 0.244]
[0.424, -0.137, 0.245]
[0.422, -0.137, 0.246]
[0.42, -0.137, 0.247]
[0.417, -0.138, 0.248]
[0.412, -0.139, 0.249]
[0.412, -0.139, 0.249]
[0.412, -0.14, 0.25]
[0.412, -0.14, 0.251]
[0.413, -0.14, 0.251]
[0.414, -0.14, 0.252]
[0.415, -0.139, 0.254]
[0.415, -0.139, 0.254]
[0.415, -0.139, 0.254]
[0.415, -0.139, 0.255]
[0.412, -0.139, 0.255]
[0.412, -0.139, 0.255]
[0.409, -0.139, 0.255]
[0.409, -0.139, 0.255]
[0.408, -0.139, 0.255]
[0.407, -0.139, 0.255]
[0.404, -0.14, 0.255]
[0.404, -0.14, 0.255]
[0.402, -0.14, 0.255]
[0.399, -0.14, 0.254]
[0.397, -0.139, 0.253]
[0.395, -0.139, 0.253]
[0.393, -0.139, 0.25]
[0.393, -0.139, 0.25]
[0.392, -0.139, 0.249]
[0.39, -0.138, 0.248]
[0.387, -0.138, 0.248]
[0.386, -0.138, 0.247]
[0.385, -0.139, 0.247]
[0.384, -0.139, 0.247]
[0.384, -0.139, 0.247]
[0.384, -0.139, 0.247]
[0.384, -0.139, 0.246]
[0.384, -0.139, 0.245]
[0.385, -0.138, 0.245]
[0.385, -0.138, 0.243]
[0.384, -0.137, 0.241]
[0.382, -0.137, 0.239]
[0.378, -0.136, 0.236]
[0.377, -0.136, 0.232]
[0.377, -0.136, 0.227]
[0.378, -0.136, 0.22]
[0.379, -0.136, 0.212]
[0.38, -0.137, 0.205]
[0.378, -0.137, 0.196]
[0.375, -0.137, 0.186]
[0.373, -0.135, 0.174]
[0.37, -0.134, 0.164]
[0.366, -0.132, 0.155]
[0.362, -0.131, 0.148]
[0.355, -0.129, 0.135]
[0.355, -0.129, 0.135]
[0.352, -0.129, 0.129]
[0.35, -0.129, 0.125]
[0.348, -0.128, 0.118]
[0.348, -0.128, 0.118]
[0.348, -0.128, 0.115]
[0.346, -0.128, 0.112]
[0.345, -0.128, 0.109]
[0.343, -0.127, 0.105]
[0.342, -0.126, 0.101]
[0.341, -0.125, 0.097]
[0.34, -0.124, 0.092]
[0.339, -0.123, 0.087]
[0.338, -0.122, 0.081]
[0.337, -0.121, 0.077]
[0.335, -0.12, 0.072]
[0.333, -0.119, 0.068]
[0.327, -0.117, 0.06]
[0.327, -0.117, 0.06]
[0.324, -0.117, 0.056]
[0.322, -0.116, 0.052]
[0.32, -0.114, 0.045]
[0.32, -0.114, 0.045]
[0.318, -0.112, 0.041]
[0.315, -0.111, 0.036]
[0.31, -0.108, 0.027]
[0.31, -0.108, 0.027]
[0.31, -0.107, 0.023]
[0.311, -0.106, 0.02]
[0.311, -0.104, 0.011]
[0.311, -0.104, 0.011]
[0.311, -0.103, 0.005]
[0.31, -0.103, -0.001]
[0.311, -0.103, -0.007]
[0.313, -0.104, -0.014]
[0.315, -0.104, -0.02]
[0.317, -0.104, -0.025]
[0.317, -0.104, -0.034]
[0.317, -0.104, -0.034]
[0.318, -0.104, -0.039]
[0.318, -0.104, -0.043]
[0.32, -0.104, -0.046]
[0.321, -0.104, -0.049]
[0.322, -0.104, -0.052]
[0.323, -0.104, -0.055]
[0.325, -0.105, -0.059]
[0.327, -0.105, -0.062]
[0.33, -0.106, -0.066]
[0.332, -0.106, -0.069]
[0.335, -0.107, -0.072]
[0.336, -0.108, -0.075]
[0.338, -0.108, -0.077]
[0.339, -0.109, -0.078]
[0.344, -0.11, -0.078]
[0.344, -0.11, -0.078]
[0.348, -0.11, -0.077]
[0.351, -0.11, -0.076]
[0.356, -0.109, -0.073]
[0.356, -0.109, -0.073]
[0.357, -0.109, -0.072]
[0.358, -0.109, -0.071]
[0.359, -0.109, -0.071]
[0.359, -0.109, -0.072]
[0.358, -0.109, -0.073]
[0.357, -0.109, -0.074]
[0.356, -0.11, -0.076]
[0.355, -0.11, -0.077]
[0.353, -0.11, -0.08]
[0.353, -0.11, -0.08]
[0.353, -0.11, -0.082]
[0.352, -0.109, -0.085]
[0.349, -0.11, -0.092]
[0.349, -0.11, -0.092]
[0.348, -0.11, -0.096]
[0.348, -0.11, -0.101]
[0.351, -0.108, -0.109]
[0.351, -0.108, -0.109]
[0.352, -0.107, -0.111]
[0.354, -0.106, -0.113]
[0.356, -0.106, -0.115]
[0.356, -0.106, -0.115]
[0.357, -0.106, -0.115]
[0.358, -0.106, -0.116]
[0.361, -0.105, -0.116]
[0.361, -0.105, -0.116]
[0.363, -0.105, -0.117]
[0.364, -0.104, -0.117]
[0.365, -0.104, -0.116]
[0.365, -0.104, -0.116]
[0.365, -0.104, -0.114]
[0.365, -0.105, -0.112]
[0.366, -0.105, -0.11]
[0.367, -0.106, -0.107]
[0.367, -0.106, -0.104]
[0.367, -0.107, -0.101]
[0.366, -0.108, -0.097]
[0.365, -0.108, -0.093]
[0.365, -0.11, -0.087]
[0.365, -0.11, -0.087]
[0.366, -0.11, -0.083]
[0.368, -0.11, -0.079]
[0.371, -0.109, -0.07]
[0.371, -0.109, -0.07]
[0.371, -0.108, -0.065]
[0.37, -0.107, -0.061]
[0.37, -0.107, -0.057]
[0.37, -0.106, -0.054]
[0.37, -0.105, -0.051]
[0.37, -0.105, -0.048]
[0.368, -0.104, -0.043]
[0.368, -0.104, -0.043]
[0.37, -0.103, -0.041]
[0.371, -0.101, -0.039]
[0.374, -0.097, -0.034]
[0.374, -0.097, -0.034]
[0.373, -0.096, -0.032]
[0.372, -0.095, -0.03]
[0.368, -0.095, -0.027]
[0.368, -0.095, -0.027]
[0.365, -0.095, -0.025]
[0.362, -0.094, -0.023]
[0.359, -0.094, -0.021]
[0.357, -0.094, -0.019]
[0.355, -0.094, -0.018]
[0.353, -0.093, -0.018]
[0.35, -0.091, -0.018]
[0.35, -0.091, -0.018]
[0.349, -0.09, -0.018]
[0.347, -0.089, -0.017]
[0.345, -0.089, -0.014]
[0.345, -0.089, -0.014]
[0.344, -0.089, -0.013]
[0.344, -0.088, -0.01]
[0.344, -0.088, -0.01]
[0.344, -0.088, -0.008]
[0.344, -0.087, -0.006]
[0.341, -0.086, -0.002]
[0.341, -0.086, -0.002]
[0.338, -0.086, 0.0]
[0.336, -0.085, 0.003]
[0.335, -0.085, 0.009]
[0.335, -0.085, 0.012]
[0.335, -0.085, 0.012]
[0.336, -0.085, 0.016]
[0.338, -0.085, 0.02]
[0.339, -0.086, 0.023]
[0.339, -0.086, 0.027]
[0.339, -0.087, 0.03]
[0.34, -0.088, 0.034]
[0.341, -0.089, 0.039]
[0.343, -0.09, 0.044]
[0.345, -0.091, 0.049]
[0.348, -0.093, 0.055]
[0.351, -0.094, 0.06]
[0.354, -0.095, 0.065]
[0.357, -0.095, 0.068]
[0.36, -0.096, 0.071]
[0.362, -0.096, 0.072]
[0.364, -0.096, 0.072]
[0.365, -0.096, 0.071]
[0.365, -0.095, 0.069]
[0.365, -0.094, 0.067]
[0.365, -0.094, 0.063]
[0.365, -0.093, 0.06]
[0.365, -0.093, 0.057]
[0.365, -0.093, 0.055]
[0.364, -0.093, 0.054]
[0.363, -0.093, 0.053]
[0.362, -0.093, 0.052]
[0.362, -0.093, 0.051]
[0.361, -0.093, 0.051]
[0.361, -0.094, 0.05]
[0.361, -0.094, 0.05]
[0.363, -0.094, 0.05]
[0.363, -0.094, 0.05]
[0.363, -0.094, 0.05]
[0.362, -0.093, 0.049]
[0.361, -0.093, 0.048]
[0.36, -0.093, 0.046]
[0.359, -0.093, 0.045]
[0.358, -0.092, 0.042]
[0.358, -0.091, 0.04]
[0.357, -0.09, 0.037]
[0.356, -0.089, 0.034]
[0.354, -0.088, 0.032]
[0.352, -0.087, 0.03]
[0.348, -0.086, 0.028]
[0.344, -0.086, 0.025]
[0.34, -0.085, 0.022]
[0.336, -0.085, 0.019]
[0.333, -0.085, 0.015]
[0.327, -0.084, 0.012]
[0.327, -0.084, 0.012]
[0.323, -0.083, 0.012]
[0.318, -0.082, 0.011]
[0.313, -0.081, 0.01]
[0.309, -0.08, 0.009]
[0.305, -0.079, 0.008]
[0.302, -0.078, 0.009]
[0.299, -0.077, 0.009]
[0.297, -0.076, 0.01]
[0.295, -0.075, 0.009]
[0.294, -0.073, 0.006]
[0.292, -0.072, 0.004]
[0.291, -0.07, 0.003]
[0.293, -0.067, 0.004]
[0.298, -0.063, 0.006]
[0.3, -0.061, 0.008]
[0.301, -0.058, 0.008]
[0.299, -0.055, 0.009]
[0.295, -0.051, 0.01]
[0.289, -0.047, 0.012]
[0.282, -0.043, 0.012]
[0.273, -0.038, 0.01]
[0.265, -0.034, 0.008]
[0.26, -0.031, 0.006]
[0.255, -0.027, 0.004]
[0.251, -0.023, 0.001]
[0.245, -0.02, -0.001]
[0.239, -0.016, -0.004]
[0.233, -0.013, -0.007]
[0.228, -0.01, -0.009]
[0.224, -0.008, -0.011]
[0.22, -0.005, -0.012]
[0.218, -0.003, -0.012]
[0.216, -0.002, -0.012]
[0.215, -0.001, -0.011]
[0.215, -0.002, -0.012]
[0.215, -0.002, -0.012]
[0.215, -0.002, -0.014]
[0.215, -0.003, -0.015]
[0.211, -0.005, -0.019]
[0.211, -0.005, -0.019]
[0.208, -0.006, -0.021]
[0.205, -0.007, -0.023]
[0.205, -0.007, -0.024]
[0.206, -0.008, -0.025]
[0.207, -0.009, -0.026]
[0.207, -0.01, -0.027]
[0.205, -0.011, -0.027]
[0.201, -0.012, -0.028]
[0.199, -0.014, -0.028]
[0.198, -0.017, -0.029]
[0.198, -0.019, -0.029]
[0.199, -0.021, -0.029]
[0.199, -0.023, -0.029]
[0.199, -0.025, -0.028]
[0.197, -0.027, -0.028]
[0.196, -0.029, -0.027]
[0.196, -0.031, -0.026]
[0.198, -0.034, -0.026]
[0.201, -0.037, -0.024]
[0.203, -0.04, -0.023]
[0.206, -0.044, -0.022]
[0.208, -0.048, -0.021]
[0.21, -0.051, -0.02]
[0.213, -0.055, -0.019]
[0.217, -0.059, -0.018]
[0.223, -0.064, -0.017]
[0.227, -0.07, -0.017]
[0.237, -0.08, -0.015]
[0.237, -0.08, -0.015]
[0.239, -0.083, -0.014]
[0.242, -0.086, -0.014]
[0.243, -0.088, -0.014]
[0.246, -0.09, -0.015]
[0.25, -0.092, -0.016]
[0.253, -0.092, -0.017]
[0.258, -0.093, -0.019]
[0.262, -0.092, -0.022]
[0.266, -0.092, -0.026]
[0.27, -0.093, -0.029]
[0.274, -0.094, -0.031]
[0.277, -0.096, -0.033]
[0.279, -0.098, -0.033]
[0.28, -0.102, -0.034]
[0.28, -0.107, -0.034]
[0.282, -0.112, -0.034]
[0.285, -0.117, -0.033]
[0.289, -0.121, -0.032]
[0.293, -0.123, -0.032]
[0.298, -0.125, -0.03]
[0.303, -0.125, -0.027]
[0.306, -0.125, -0.025]
[0.308, -0.124, -0.024]
[0.31, -0.123, -0.024]
[0.309, -0.122, -0.025]
[0.309, -0.121, -0.026]
[0.307, -0.12, -0.027]
[0.304, -0.12, -0.029]
[0.304, -0.12, -0.029]
[0.303, -0.12, -0.03]
[0.301, -0.121, -0.029]
[0.3, -0.121, -0.029]
[0.299, -0.121, -0.028]
[0.299, -0.121, -0.028]
[0.299, -0.121, -0.028]
[0.3, -0.122, -0.028]
[0.301, -0.122, -0.028]
[0.3, -0.123, -0.028]
[0.3, -0.125, -0.028]
[0.3, -0.126, -0.027]
[0.301, -0.127, -0.027]
[0.301, -0.129, -0.027]
[0.302, -0.13, -0.026]
[0.301, -0.132, -0.025]
[0.3, -0.134, -0.024]
[0.299, -0.136, -0.024]
[0.298, -0.138, -0.023]
[0.299, -0.139, -0.023]
[0.301, -0.139, -0.023]
[0.303, -0.138, -0.022]
[0.303, -0.138, -0.022]
[0.3, -0.138, -0.022]
[0.296, -0.138, -0.022]
[0.293, -0.139, -0.023]
[0.291, -0.139, -0.023]
[0.291, -0.139, -0.024]
[0.291, -0.139, -0.024]
[0.29, -0.139, -0.024]
[0.29, -0.139, -0.024]
[0.292, -0.14, -0.023]
[0.295, -0.141, -0.023]
[0.296, -0.141, -0.022]
[0.295, -0.142, -0.021]
[0.293, -0.142, -0.021]
[0.289, -0.143, -0.021]
[0.285, -0.143, -0.021]
[0.283, -0.142, -0.022]
[0.281, -0.142, -0.022]
[0.279, -0.142, -0.022]
[0.277, -0.142, -0.022]
[0.276, -0.142, -0.022]
[0.274, -0.142, -0.022]
[0.272, -0.141, -0.023]
[0.271, -0.14, -0.024]
[0.269, -0.139, -0.025]
[0.268, -0.137, -0.026]
[0.265, -0.136, -0.027]
[0.26, -0.134, -0.03]
[0.253, -0.132, -0.034]
[0.251, -0.13, -0.037]
