start livelink
[-0.027, 0.027, -0.07]
[-0.02, 0.029, -0.069]
[-0.017, 0.03, -0.07]
[-0.013, 0.032, -0.069]
[-0.012, 0.033, -0.067]
[0.065, 0.053, -0.109]
[-0.088, 0.032, -0.075]
[-0.089, 0.034, -0.076]
[-0.085, 0.035, -0.074]
[-0.085, 0.035, -0.074]
[-0.079, 0.036, -0.07]
[-0.074, 0.036, -0.067]
[-0.067, 0.036, -0.065]
[-0.061, 0.036, -0.063]
[-0.055, 0.036, -0.062]
[-0.047, 0.036, -0.062]
[-0.04, 0.037, -0.062]
[-0.032, 0.036, -0.062]
[-0.026, 0.036, -0.063]
[-0.014, 0.037, -0.062]
[-0.014, 0.037, -0.062]
[-0.009, 0.037, -0.06]
[-0.003, 0.038, -0.058]
[-0.001, 0.038, -0.056]
[0.002, 0.039, -0.055]
[0.004, 0.04, -0.054]
[0.005, 0.04, -0.053]
[0.009, 0.041, -0.047]
[0.009, 0.041, -0.047]
[0.01, 0.041, -0.046]
[0.012, 0.041, -0.044]
[0.015, 0.039, -0.042]
[0.015, 0.039, -0.042]
[0.017, 0.039, -0.039]
[0.017, 0.039, -0.034]
[0.017, 0.038, -0.029]
[0.017, 0.038, -0.024]
[0.018, 0.037, -0.021]
[0.019, 0.036, -0.019]
[0.021, 0.036, -0.018]
[0.023, 0.035, -0.019]
[0.026, 0.034, -0.021]
[0.026, 0.034, -0.021]
[0.027, 0.033, -0.021]
[0.023, 0.032, -0.019]
[0.015, 0.029, -0.014]
[0.009, 0.027, -0.01]
[0.005, 0.024, -0.005]
[0.005, 0.023, -0.002]
[0.014, 0.022, 0.0]
[0.023, 0.02, -0.001]
[0.043, 0.019, -0.005]
[0.043, 0.019, -0.005]
[0.047, 0.018, -0.007]
[0.052, 0.017, -0.008]
[0.057, 0.015, -0.014]
[0.057, 0.015, -0.014]
[0.06, 0.015, -0.018]
[0.062, 0.014, -0.021]
[0.067, 0.013, -0.025]
[0.067, 0.013, -0.025]
[0.068, 0.012, -0.025]
[0.068, 0.012, -0.024]
[0.059, 0.012, -0.022]
[0.059, 0.012, -0.022]
[0.059, 0.013, -0.021]
[0.061, 0.013, -0.021]
[0.072, 0.014, -0.021]
[0.072, 0.014, -0.021]
[0.076, 0.015, -0.019]
[0.083, 0.016, -0.015]
[0.089, 0.018, -0.012]
[0.097, 0.019, -0.009]
[0.104, 0.021, -0.007]
[0.112, 0.022, -0.005]
[0.117, 0.024, -0.003]
[0.125, 0.027, 0.0]
[0.133, 0.029, 0.005]
[0.142, 0.032, 0.008]
[0.148, 0.036, 0.011]
[0.152, 0.039, 0.014]
[0.155, 0.042, 0.016]
[0.156, 0.045, 0.019]
[0.157, 0.048, 0.023]
[0.159, 0.051, 0.028]
[0.162, 0.053, 0.033]
[0.164, 0.055, 0.037]
[0.169, 0.057, 0.04]
[0.174, 0.06, 0.045]
[0.174, 0.06, 0.045]
[0.178, 0.061, 0.048]
[0.178, 0.062, 0.05]
[0.179, 0.063, 0.052]
[0.18, 0.063, 0.053]
[0.182, 0.062, 0.053]
[0.187, 0.059, 0.052]
[0.187, 0.059, 0.052]
[0.188, 0.057, 0.052]
[0.186, 0.056, 0.052]
[0.181, 0.056, 0.053]
[0.181, 0.056, 0.053]
[0.179, 0.056, 0.054]
[0.181, 0.056, 0.053]
[0.184, 0.055, 0.052]
[0.188, 0.055, 0.05]
[0.191, 0.055, 0.049]
[0.193, 0.054, 0.048]
[0.196, 0.053, 0.048]
[0.196, 0.052, 0.046]
[0.197, 0.052, 0.043]
[0.198, 0.053, 0.041]
[0.202, 0.054, 0.036]
[0.202, 0.054, 0.036]
[0.207, 0.055, 0.034]
[0.214, 0.055, 0.032]
[0.222, 0.055, 0.03]
[0.232, 0.054, 0.028]
[0.243, 0.054, 0.027]
[0.256, 0.054, 0.026]
[0.27, 0.054, 0.026]
[0.285, 0.054, 0.027]
[0.301, 0.054, 0.027]
[0.314, 0.053, 0.028]
[0.326, 0.052, 0.028]
[0.337, 0.051, 0.027]
[0.349, 0.05, 0.025]
[0.359, 0.05, 0.024]
[0.369, 0.05, 0.022]
[0.378, 0.05, 0.022]
[0.388, 0.049, 0.022]
[0.398, 0.049, 0.021]
[0.408, 0.048, 0.02]
[0.419, 0.047, 0.018]
[0.429, 0.046, 0.017]
[0.437, 0.045, 0.015]
[0.447, 0.045, 0.014]
[0.464, 0.045, 0.013]
[0.464, 0.045, 0.013]
[0.479, 0.045, 0.014]
[0.485, 0.044, 0.014]
[0.492, 0.043, 0.013]
[0.501, 0.042, 0.011]
[0.501, 0.042, 0.011]
[0.506, 0.041, 0.011]
[0.512, 0.04, 0.013]
[0.518, 0.04, 0.014]
[0.524, 0.04, 0.016]
[0.528, 0.04, 0.017]
[0.533, 0.039, 0.018]
[0.537, 0.04, 0.019]
[0.541, 0.04, 0.02]
[0.545, 0.04, 0.021]
[0.55, 0.039, 0.023]
[0.55, 0.039, 0.023]
[0.55, 0.038, 0.024]
[0.551, 0.037, 0.024]
[0.553, 0.036, 0.024]
[0.554, 0.036, 0.024]
[0.556, 0.035, 0.023]
[0.556, 0.034, 0.023]
[0.557, 0.033, 0.023]
[0.56, 0.033, 0.025]
[0.56, 0.033, 0.025]
[0.563, 0.033, 0.025]
[0.566, 0.033, 0.024]
[0.567, 0.033, 0.021]
[0.566, 0.032, 0.02]
[0.564, 0.031, 0.02]
[0.563, 0.03, 0.019]
[0.563, 0.03, 0.019]
[0.563, 0.029, 0.019]
[0.565, 0.029, 0.019]
[0.568, 0.029, 0.019]
[0.571, 0.029, 0.018]
[0.572, 0.028, 0.015]
[0.573, 0.027, 0.012]
[0.573, 0.027, 0.007]
[0.574, 0.027, 0.002]
[0.572, 0.027, -0.003]
[0.567, 0.026, -0.007]
[0.563, 0.02, -0.013]
[0.563, 0.02, -0.013]
[0.566, 0.017, -0.015]
[0.57, 0.014, -0.019]
[0.576, 0.013, -0.023]
[0.579, 0.012, -0.027]
[0.581, 0.012, -0.03]
[0.585, 0.011, -0.032]
[0.586, 0.011, -0.033]
[0.59, 0.011, -0.035]
[0.59, 0.01, -0.036]
[0.59, 0.01, -0.036]
[0.59, 0.009, -0.035]
[0.59, 0.008, -0.033]
[0.59, 0.007, -0.032]
[0.59, 0.005, -0.031]
[0.59, 0.005, -0.03]
[0.59, 0.006, -0.03]
[0.59, 0.007, -0.027]
[0.59, 0.007, -0.027]
[0.59, 0.007, -0.023]
[0.59, 0.007, -0.018]
[0.59, 0.007, -0.013]
[0.59, 0.008, -0.007]
[0.59, 0.009, -0.002]
[0.59, 0.012, 0.005]
[0.59, 0.015, 0.014]
[0.59, 0.019, 0.023]
[0.59, 0.021, 0.031]
[0.59, 0.024, 0.046]
[0.59, 0.024, 0.046]
[0.59, 0.026, 0.054]
[0.59, 0.027, 0.061]
[0.59, 0.028, 0.068]
[0.59, 0.03, 0.075]
[0.59, 0.032, 0.08]
[0.59, 0.034, 0.084]
[0.59, 0.037, 0.087]
[0.587, 0.04, 0.089]
[0.581, 0.043, 0.089]
[0.565, 0.047, 0.089]
[0.565, 0.047, 0.089]
[0.556, 0.049, 0.087]
[0.549, 0.05, 0.087]
[0.542, 0.05, 0.084]
[0.534, 0.051, 0.078]
[0.525, 0.051, 0.069]
[0.518, 0.052, 0.059]
[0.512, 0.052, 0.048]
[0.506, 0.053, 0.038]
[0.5, 0.054, 0.027]
[0.494, 0.054, 0.015]
[0.49, 0.057, 0.0]
[0.487, 0.059, -0.014]
[0.485, 0.062, -0.028]
[0.483, 0.064, -0.041]
[0.479, 0.065, -0.054]
[0.476, 0.065, -0.067]
[0.473, 0.064, -0.078]
[0.471, 0.063, -0.092]
[0.468, 0.062, -0.107]
[0.467, 0.061, -0.12]
[0.463, 0.061, -0.133]
[0.459, 0.06, -0.142]
[0.455, 0.06, -0.149]
[0.451, 0.061, -0.156]
[0.449, 0.062, -0.161]
[0.446, 0.063, -0.165]
[0.441, 0.064, -0.169]
[0.437, 0.065, -0.171]
[0.432, 0.065, -0.173]
[0.427, 0.066, -0.176]
[0.423, 0.067, -0.181]
[0.42, 0.067, -0.185]
[0.416, 0.068, -0.188]
[0.413, 0.068, -0.19]
[0.409, 0.067, -0.191]
[0.405, 0.067, -0.19]
[0.4, 0.066, -0.186]
[0.396, 0.065, -0.18]
[0.392, 0.063, -0.172]
[0.389, 0.063, -0.165]
[0.385, 0.062, -0.16]
[0.381, 0.062, -0.154]
[0.378, 0.062, -0.148]
[0.375, 0.062, -0.144]
[0.373, 0.062, -0.142]
[0.371, 0.062, -0.139]
[0.368, 0.062, -0.135]
[0.365, 0.061, -0.13]
[0.364, 0.06, -0.125]
[0.362, 0.059, -0.117]
[0.36, 0.058, -0.109]
[0.357, 0.057, -0.098]
[0.354, 0.057, -0.085]
[0.35, 0.057, -0.069]
[0.348, 0.057, -0.05]
[0.346, 0.056, -0.032]
[0.344, 0.054, -0.012]
[0.34, 0.052, 0.015]
[0.337, 0.05, 0.039]
[0.332, 0.049, 0.056]
[0.325, 0.049, 0.07]
[0.318, 0.049, 0.085]
[0.314, 0.049, 0.098]
[0.31, 0.05, 0.109]
[0.309, 0.051, 0.118]
[0.309, 0.051, 0.125]
[0.308, 0.052, 0.131]
[0.307, 0.052, 0.135]
[0.306, 0.052, 0.138]
[0.305, 0.053, 0.14]
[0.305, 0.054, 0.141]
[0.304, 0.054, 0.141]
[0.305, 0.055, 0.141]
[0.306, 0.054, 0.142]
[0.308, 0.054, 0.145]
[0.31, 0.055, 0.149]
[0.311, 0.055, 0.153]
[0.31, 0.056, 0.156]
[0.307, 0.056, 0.158]
[0.304, 0.056, 0.158]
[0.303, 0.055, 0.158]
[0.303, 0.055, 0.159]
[0.304, 0.055, 0.159]
[0.304, 0.055, 0.16]
[0.303, 0.055, 0.16]
[0.301, 0.055, 0.158]
[0.301, 0.055, 0.157]
[0.302, 0.055, 0.155]
[0.306, 0.056, 0.15]
[0.308, 0.056, 0.148]
[0.311, 0.056, 0.146]
[0.316, 0.056, 0.145]
[0.32, 0.055, 0.142]
[0.323, 0.055, 0.14]
[0.325, 0.054, 0.137]
[0.327, 0.052, 0.132]
[0.327, 0.052, 0.132]
[0.333, 0.05, 0.128]
[0.337, 0.049, 0.124]
[0.341, 0.048, 0.119]
[0.344, 0.046, 0.114]
[0.346, 0.045, 0.109]
[0.346, 0.045, 0.104]
[0.345, 0.045, 0.098]
[0.343, 0.044, 0.093]
[0.342, 0.044, 0.086]
[0.336, 0.041, 0.07]
[0.336, 0.041, 0.07]
[0.332, 0.039, 0.061]
[0.328, 0.037, 0.053]
[0.325, 0.036, 0.046]
[0.322, 0.034, 0.04]
[0.318, 0.033, 0.034]
[0.316, 0.031, 0.029]
[0.312, 0.029, 0.023]
[0.309, 0.028, 0.017]
[0.306, 0.027, 0.012]
[0.302, 0.026, 0.006]
[0.299, 0.025, 0.0]
[0.297, 0.025, -0.005]
[0.294, 0.025, -0.01]
[0.292, 0.025, -0.014]
[0.292, 0.026, -0.018]
[0.297, 0.026, -0.022]
[0.299, 0.027, -0.023]
[0.298, 0.027, -0.024]
[0.298, 0.027, -0.024]
[0.296, 0.027, -0.025]
[0.294, 0.026, -0.026]
[0.291, 0.024, -0.028]
[0.291, 0.024, -0.028]
[0.289, 0.023, -0.03]
[0.287, 0.022, -0.03]
[0.284, 0.02, -0.031]
[0.284, 0.02, -0.031]
[0.283, 0.019, -0.03]
[0.282, 0.017, -0.029]
[0.281, 0.016, -0.027]
[0.28, 0.014, -0.024]
[0.28, 0.014, -0.024]
[0.281, 0.013, -0.022]
[0.282, 0.012, -0.021]
[0.278, 0.008, -0.019]
[0.278, 0.008, -0.019]
[0.275, 0.005, -0.016]
[0.273, 0.003, -0.013]
[0.272, 0.002, -0.007]
[0.271, 0.001, -0.002]
[0.27, 0.001, 0.003]
[0.268, 0.001, 0.007]
[0.264, 0.001, 0.011]
[0.262, 0.001, 0.014]
[0.26, 0.001, 0.017]
[0.257, 0.003, 0.021]
[0.257, 0.003, 0.021]
[0.256, 0.004, 0.024]
[0.255, 0.005, 0.026]
[0.254, 0.007, 0.029]
[0.253, 0.008, 0.031]
[0.252, 0.009, 0.033]
[0.251, 0.01, 0.035]
[0.244, 0.012, 0.039]
[0.244, 0.012, 0.039]
[0.24, 0.013, 0.04]
[0.235, 0.013, 0.041]
[0.23, 0.015, 0.041]
[0.223, 0.018, 0.041]
[0.223, 0.018, 0.041]
[0.221, 0.019, 0.04]
[0.219, 0.021, 0.039]
[0.217, 0.022, 0.039]
[0.216, 0.023, 0.037]
[0.216, 0.023, 0.036]
[0.219, 0.025, 0.033]
[0.222, 0.026, 0.031]
[0.225, 0.027, 0.029]
[0.227, 0.028, 0.026]
[0.231, 0.028, 0.024]
[0.237, 0.028, 0.022]
[0.237, 0.028, 0.022]
[0.241, 0.028, 0.022]
[0.244, 0.027, 0.021]
[0.246, 0.027, 0.022]
[0.246, 0.027, 0.022]
[0.244, 0.028, 0.022]
[0.24, 0.03, 0.02]
[0.24, 0.03, 0.02]
[0.237, 0.032, 0.017]
[0.235, 0.034, 0.016]
[0.232, 0.036, 0.014]
[0.226, 0.041, 0.013]
[0.226, 0.041, 0.013]
[0.221, 0.044, 0.012]
[0.211, 0.048, 0.014]
[0.211, 0.048, 0.014]
[0.206, 0.05, 0.015]
[0.201, 0.051, 0.015]
[0.197, 0.053, 0.016]
[0.193, 0.055, 0.016]
[0.189, 0.058, 0.015]
[0.185, 0.06, 0.014]
[0.181, 0.062, 0.012]
[0.175, 0.063, 0.01]
[0.17, 0.064, 0.01]
[0.165, 0.066, 0.009]
[0.156, 0.069, 0.007]
[0.156, 0.069, 0.007]
[0.152, 0.07, 0.006]
[0.148, 0.071, 0.006]
[0.144, 0.071, 0.005]
[0.14, 0.072, 0.004]
[0.136, 0.073, 0.003]
[0.134, 0.073, 0.001]
[0.133, 0.074, -0.001]
[0.133, 0.074, -0.003]
[0.135, 0.073, -0.004]
[0.136, 0.073, -0.005]
[0.137, 0.072, -0.006]
[0.137, 0.072, -0.006]
[0.137, 0.072, -0.007]
[0.137, 0.072, -0.009]
[0.138, 0.072, -0.01]
[0.141, 0.071, -0.011]
[0.142, 0.071, -0.012]
[0.145, 0.069, -0.012]
[0.147, 0.067, -0.013]
[0.147, 0.065, -0.014]
[0.147, 0.063, -0.015]
[0.146, 0.06, -0.014]
[0.144, 0.057, -0.013]
[0.141, 0.055, -0.011]
[0.136, 0.052, -0.01]
[0.133, 0.05, -0.008]
[0.13, 0.047, -0.005]
[0.127, 0.044, -0.002]
[0.125, 0.042, -0.0]
[0.121, 0.039, 0.0]
[0.113, 0.037, -0.0]
[0.104, 0.037, -0.002]
[0.096, 0.036, -0.002]
[0.09, 0.036, -0.004]
[0.087, 0.035, -0.005]
[0.086, 0.033, -0.006]
[0.086, 0.031, -0.009]
[0.088, 0.029, -0.01]
[0.089, 0.027, -0.011]
[0.092, 0.024, -0.012]
[0.094, 0.021, -0.012]
[0.095, 0.018, -0.01]
[0.096, 0.014, -0.008]
[0.098, 0.01, -0.006]
[0.097, 0.007, -0.004]
[0.096, 0.003, -0.002]
[0.094, 0.001, -0.001]
[0.093, -0.001, -0.0]
[0.093, -0.002, 0.001]
[0.093, -0.004, 0.0]
[0.095, -0.005, 0.001]
[0.096, -0.007, 0.002]
[0.098, -0.008, 0.001]
[0.101, -0.01, 0.001]
[0.104, -0.011, 0.001]
[0.105, -0.011, -0.0]
[0.107, -0.011, -0.004]
[0.11, -0.009, -0.008]
[0.115, -0.007, -0.019]
[0.115, -0.007, -0.019]
[0.117, -0.005, -0.022]
[0.117, -0.004, -0.025]
[0.117, -0.003, -0.025]
[0.116, -0.004, -0.023]
[0.116, -0.005, -0.023]
[0.118, -0.006, -0.021]
[0.12, -0.007, -0.02]
[0.123, -0.007, -0.019]
[0.124, -0.007, -0.018]
[0.125, -0.007, -0.017]
[0.126, -0.007, -0.015]
[0.129, -0.006, -0.014]
[0.13, -0.005, -0.014]
[0.132, -0.005, -0.014]
[0.132, -0.004, -0.014]
[0.131, -0.003, -0.014]
[0.13, -0.002, -0.014]
[0.128, -0.002, -0.015]
[0.126, -0.001, -0.016]
[0.126, -0.001, -0.017]
[0.127, -0.0, -0.017]
[0.128, -0.0, -0.017]
[0.13, 0.0, -0.016]
[0.129, 0.001, -0.016]
[0.129, 0.002, -0.015]
[0.127, 0.005, -0.014]
[0.127, 0.005, -0.014]
[0.128, 0.007, -0.013]
[0.127, 0.008, -0.013]
[0.126, 0.01, -0.014]
[0.126, 0.011, -0.015]
[0.125, 0.012, -0.016]
[0.125, 0.013, -0.017]
[0.123, 0.014, -0.018]
[0.123, 0.014, -0.018]
[0.122, 0.014, -0.018]
[0.122, 0.013, -0.017]
[0.121, 0.013, -0.016]
[0.121, 0.013, -0.016]
[0.121, 0.012, -0.016]
[0.121, 0.013, -0.017]
[0.121, 0.017, -0.019]
[0.121, 0.017, -0.019]
[0.123, 0.02, -0.024]
[0.123, 0.022, -0.028]
[0.123, 0.022, -0.028]
[0.122, 0.022, -0.029]
[0.121, 0.022, -0.03]
[0.119, 0.022, -0.031]
[0.117, 0.023, -0.033]
