start livelink
[0.002, 0.029, -0.039]
[0.002, 0.029, -0.04]
[0.003, 0.029, -0.04]
[0.003, 0.028, -0.041]
[-0.0, 0.027, -0.042]
[-0.0, 0.027, -0.042]
[-0.009, 0.027, -0.039]
[-0.0, 0.029, -0.033]
[0.006, 0.042, -0.018]
[-0.046, 0.03, -0.034]
[-0.043, 0.029, -0.04]
[-0.041, 0.031, -0.042]
[-0.037, 0.032, -0.043]
[-0.034, 0.034, -0.042]
[-0.033, 0.035, -0.04]
[-0.032, 0.036, -0.038]
[-0.025, 0.037, -0.037]
[-0.01, 0.037, -0.038]
[0.005, 0.037, -0.039]
[0.014, 0.038, -0.039]
[0.02, 0.038, -0.039]
[0.024, 0.038, -0.039]
[0.025, 0.039, -0.039]
[0.026, 0.039, -0.039]
[0.029, 0.041, -0.039]
[0.029, 0.041, -0.039]
[0.032, 0.042, -0.039]
[0.034, 0.042, -0.038]
[0.037, 0.045, -0.035]
[0.037, 0.045, -0.035]
[0.038, 0.047, -0.033]
[0.04, 0.049, -0.031]
[0.044, 0.053, -0.026]
[0.044, 0.053, -0.026]
[0.046, 0.056, -0.023]
[0.046, 0.058, -0.02]
[0.041, 0.066, -0.01]
[0.041, 0.066, -0.01]
[0.046, 0.071, -0.006]
[0.054, 0.076, -0.001]
[0.067, 0.083, 0.008]
[0.067, 0.083, 0.008]
[0.072, 0.086, 0.013]
[0.075, 0.088, 0.017]
[0.079, 0.092, 0.023]
[0.079, 0.092, 0.023]
[0.081, 0.094, 0.026]
[0.083, 0.095, 0.029]
[0.089, 0.097, 0.034]
[0.089, 0.097, 0.034]
[0.091, 0.098, 0.037]
[0.094, 0.099, 0.041]
[0.097, 0.1, 0.048]
[0.097, 0.1, 0.048]
[0.099, 0.101, 0.051]
[0.1, 0.101, 0.054]
[0.101, 0.101, 0.056]
[0.104, 0.101, 0.058]
[0.111, 0.102, 0.061]
[0.111, 0.102, 0.061]
[0.115, 0.102, 0.062]
[0.118, 0.102, 0.065]
[0.121, 0.102, 0.068]
[0.123, 0.102, 0.07]
[0.126, 0.102, 0.072]
[0.129, 0.102, 0.073]
[0.131, 0.102, 0.071]
[0.135, 0.101, 0.069]
[0.139, 0.099, 0.063]
[0.144, 0.096, 0.057]
[0.15, 0.09, 0.045]
[0.15, 0.09, 0.045]
[0.151, 0.088, 0.04]
[0.152, 0.086, 0.036]
[0.154, 0.083, 0.031]
[0.157, 0.081, 0.025]
[0.161, 0.079, 0.018]
[0.164, 0.077, 0.012]
[0.166, 0.076, 0.008]
[0.169, 0.074, 0.003]
[0.171, 0.072, -0.001]
[0.175, 0.07, -0.005]
[0.178, 0.067, -0.009]
[0.181, 0.065, -0.012]
[0.185, 0.061, -0.015]
[0.185, 0.061, -0.015]
[0.188, 0.059, -0.017]
[0.19, 0.057, -0.017]
[0.192, 0.054, -0.017]
[0.192, 0.054, -0.017]
[0.19, 0.053, -0.016]
[0.188, 0.052, -0.015]
[0.186, 0.051, -0.014]
[0.186, 0.049, -0.013]
[0.187, 0.048, -0.011]
[0.19, 0.046, -0.009]
[0.192, 0.045, -0.007]
[0.195, 0.043, -0.003]
[0.202, 0.04, 0.006]
[0.202, 0.04, 0.006]
[0.205, 0.039, 0.01]
[0.207, 0.038, 0.015]
[0.21, 0.036, 0.027]
[0.21, 0.036, 0.027]
[0.211, 0.034, 0.033]
[0.212, 0.033, 0.041]
[0.212, 0.031, 0.056]
[0.212, 0.031, 0.056]
[0.213, 0.03, 0.064]
[0.212, 0.03, 0.073]
[0.21, 0.032, 0.081]
[0.208, 0.034, 0.09]
[0.204, 0.036, 0.098]
[0.202, 0.039, 0.104]
[0.201, 0.043, 0.11]
[0.2, 0.047, 0.115]
[0.202, 0.059, 0.122]
[0.202, 0.059, 0.122]
[0.2, 0.066, 0.123]
[0.198, 0.072, 0.124]
[0.194, 0.085, 0.124]
[0.193, 0.092, 0.123]
[0.193, 0.092, 0.123]
[0.192, 0.099, 0.122]
[0.192, 0.113, 0.119]
[0.191, 0.12, 0.117]
[0.191, 0.12, 0.117]
[0.192, 0.126, 0.115]
[0.194, 0.137, 0.111]
[0.194, 0.137, 0.111]
[0.195, 0.142, 0.109]
[0.196, 0.146, 0.106]
[0.2, 0.153, 0.098]
[0.2, 0.153, 0.098]
[0.202, 0.155, 0.095]
[0.203, 0.157, 0.092]
[0.202, 0.159, 0.089]
[0.202, 0.159, 0.089]
[0.2, 0.159, 0.088]
[0.197, 0.159, 0.088]
[0.193, 0.158, 0.089]
[0.189, 0.158, 0.09]
[0.18, 0.157, 0.092]
[0.173, 0.156, 0.093]
[0.176, 0.155, 0.092]
[0.176, 0.155, 0.092]
[0.182, 0.155, 0.092]
[0.187, 0.155, 0.091]
[0.19, 0.154, 0.09]
[0.192, 0.152, 0.088]
[0.194, 0.151, 0.085]
[0.195, 0.15, 0.083]
[0.196, 0.149, 0.081]
[0.198, 0.148, 0.08]
[0.2, 0.146, 0.079]
[0.203, 0.145, 0.079]
[0.208, 0.142, 0.078]
[0.208, 0.142, 0.078]
[0.21, 0.141, 0.078]
[0.211, 0.14, 0.078]
[0.217, 0.138, 0.081]
[0.217, 0.138, 0.081]
[0.226, 0.136, 0.086]
[0.231, 0.135, 0.089]
[0.238, 0.134, 0.093]
[0.242, 0.131, 0.096]
[0.246, 0.129, 0.098]
[0.254, 0.127, 0.1]
[0.276, 0.124, 0.106]
[0.276, 0.124, 0.106]
[0.29, 0.123, 0.106]
[0.302, 0.122, 0.106]
[0.314, 0.12, 0.106]
[0.325, 0.118, 0.106]
[0.337, 0.116, 0.108]
[0.351, 0.113, 0.11]
[0.375, 0.11, 0.112]
[0.375, 0.11, 0.112]
[0.383, 0.109, 0.113]
[0.389, 0.108, 0.114]
[0.392, 0.109, 0.115]
[0.395, 0.109, 0.115]
[0.398, 0.11, 0.114]
[0.403, 0.111, 0.113]
[0.408, 0.111, 0.112]
[0.413, 0.111, 0.113]
[0.418, 0.11, 0.114]
[0.423, 0.109, 0.116]
[0.429, 0.109, 0.118]
[0.435, 0.109, 0.118]
[0.442, 0.109, 0.117]
[0.446, 0.109, 0.114]
[0.452, 0.109, 0.11]
[0.452, 0.109, 0.11]
[0.455, 0.109, 0.11]
[0.458, 0.109, 0.112]
[0.463, 0.106, 0.117]
[0.464, 0.105, 0.119]
[0.464, 0.105, 0.119]
[0.466, 0.102, 0.12]
[0.469, 0.097, 0.117]
[0.469, 0.097, 0.117]
[0.471, 0.093, 0.115]
[0.473, 0.09, 0.113]
[0.476, 0.081, 0.107]
[0.476, 0.081, 0.107]
[0.478, 0.078, 0.104]
[0.481, 0.075, 0.1]
[0.484, 0.074, 0.093]
[0.484, 0.072, 0.084]
[0.481, 0.069, 0.075]
[0.477, 0.066, 0.066]
[0.475, 0.064, 0.059]
[0.473, 0.062, 0.054]
[0.473, 0.059, 0.05]
[0.472, 0.055, 0.046]
[0.47, 0.05, 0.044]
[0.465, 0.046, 0.041]
[0.462, 0.043, 0.038]
[0.457, 0.04, 0.033]
[0.45, 0.035, 0.024]
[0.45, 0.035, 0.024]
[0.447, 0.033, 0.021]
[0.446, 0.031, 0.018]
[0.446, 0.029, 0.015]
[0.444, 0.027, 0.013]
[0.441, 0.025, 0.011]
[0.437, 0.022, 0.009]
[0.431, 0.017, 0.006]
[0.431, 0.017, 0.006]
[0.43, 0.013, 0.007]
[0.43, 0.01, 0.01]
[0.429, 0.005, 0.017]
[0.429, 0.005, 0.017]
[0.426, 0.003, 0.02]
[0.421, 0.002, 0.022]
[0.414, 0.002, 0.024]
[0.414, 0.002, 0.024]
[0.413, 0.002, 0.024]
[0.414, 0.003, 0.025]
[0.415, 0.004, 0.027]
[0.415, 0.004, 0.027]
[0.415, 0.004, 0.029]
[0.415, 0.002, 0.031]
[0.412, -0.001, 0.034]
[0.412, -0.001, 0.034]
[0.41, -0.003, 0.036]
[0.41, -0.004, 0.039]
[0.409, -0.006, 0.043]
[0.408, -0.007, 0.047]
[0.408, -0.007, 0.05]
[0.406, -0.007, 0.053]
[0.4, -0.005, 0.054]
[0.4, -0.005, 0.054]
[0.397, -0.004, 0.055]
[0.394, -0.003, 0.054]
[0.393, -0.001, 0.052]
[0.392, -0.0, 0.051]
[0.391, 0.0, 0.049]
[0.392, 0.0, 0.047]
[0.392, 0.0, 0.046]
[0.391, 0.001, 0.046]
[0.391, 0.001, 0.046]
[0.391, 0.002, 0.048]
[0.392, 0.003, 0.05]
[0.392, 0.003, 0.05]
[0.391, 0.003, 0.05]
[0.39, 0.004, 0.051]
[0.388, 0.004, 0.052]
[0.386, 0.006, 0.054]
[0.384, 0.008, 0.056]
[0.381, 0.011, 0.058]
[0.371, 0.018, 0.062]
[0.371, 0.018, 0.062]
[0.364, 0.021, 0.064]
[0.358, 0.025, 0.065]
[0.353, 0.028, 0.066]
[0.35, 0.03, 0.067]
[0.347, 0.032, 0.069]
[0.347, 0.034, 0.07]
[0.344, 0.038, 0.073]
[0.344, 0.038, 0.073]
[0.342, 0.041, 0.073]
[0.34, 0.042, 0.073]
[0.341, 0.042, 0.072]
[0.341, 0.042, 0.072]
[0.344, 0.042, 0.072]
[0.347, 0.041, 0.073]
[0.351, 0.041, 0.076]
[0.351, 0.041, 0.076]
[0.352, 0.042, 0.078]
[0.355, 0.043, 0.08]
[0.364, 0.045, 0.088]
[0.364, 0.045, 0.088]
[0.369, 0.046, 0.092]
[0.373, 0.048, 0.096]
[0.379, 0.052, 0.102]
[0.379, 0.052, 0.102]
[0.39, 0.054, 0.109]
[0.39, 0.054, 0.109]
[0.395, 0.055, 0.113]
[0.4, 0.056, 0.116]
[0.404, 0.057, 0.118]
[0.407, 0.059, 0.12]
[0.411, 0.06, 0.122]
[0.415, 0.061, 0.124]
[0.419, 0.062, 0.126]
[0.422, 0.064, 0.128]
[0.424, 0.066, 0.131]
[0.425, 0.068, 0.134]
[0.426, 0.07, 0.136]
[0.425, 0.072, 0.138]
[0.422, 0.075, 0.139]
[0.419, 0.079, 0.139]
[0.416, 0.082, 0.138]
[0.409, 0.089, 0.138]
[0.409, 0.089, 0.138]
[0.405, 0.093, 0.139]
[0.399, 0.097, 0.14]
[0.384, 0.105, 0.141]
[0.373, 0.108, 0.142]
[0.373, 0.108, 0.142]
[0.363, 0.111, 0.143]
[0.339, 0.115, 0.144]
[0.339, 0.115, 0.144]
[0.327, 0.118, 0.144]
[0.317, 0.12, 0.145]
[0.305, 0.122, 0.145]
[0.295, 0.123, 0.144]
[0.287, 0.124, 0.142]
[0.282, 0.125, 0.141]
[0.274, 0.125, 0.14]
[0.274, 0.125, 0.14]
[0.272, 0.125, 0.138]
[0.268, 0.124, 0.136]
[0.264, 0.124, 0.134]
[0.261, 0.123, 0.132]
[0.257, 0.122, 0.13]
[0.255, 0.12, 0.128]
[0.253, 0.119, 0.127]
[0.251, 0.117, 0.125]
[0.25, 0.115, 0.124]
[0.249, 0.114, 0.123]
[0.248, 0.112, 0.122]
[0.247, 0.11, 0.121]
[0.246, 0.109, 0.12]
[0.243, 0.107, 0.118]
[0.24, 0.106, 0.116]
[0.237, 0.104, 0.113]
[0.234, 0.103, 0.111]
[0.233, 0.101, 0.109]
[0.232, 0.1, 0.107]
[0.232, 0.098, 0.106]
[0.233, 0.095, 0.104]
[0.233, 0.092, 0.102]
[0.233, 0.09, 0.101]
[0.232, 0.087, 0.1]
[0.231, 0.085, 0.099]
[0.23, 0.083, 0.099]
[0.229, 0.08, 0.098]
[0.23, 0.078, 0.097]
[0.23, 0.076, 0.097]
[0.231, 0.074, 0.097]
[0.23, 0.072, 0.095]
[0.23, 0.072, 0.095]
[0.23, 0.073, 0.094]
[0.23, 0.074, 0.092]
[0.231, 0.074, 0.089]
[0.231, 0.074, 0.086]
[0.229, 0.073, 0.082]
[0.226, 0.072, 0.079]
[0.221, 0.07, 0.076]
[0.217, 0.068, 0.072]
[0.211, 0.067, 0.068]
[0.205, 0.065, 0.062]
[0.2, 0.063, 0.053]
[0.194, 0.062, 0.041]
[0.189, 0.062, 0.024]
[0.187, 0.063, 0.004]
[0.187, 0.065, -0.02]
[0.187, 0.067, -0.048]
[0.188, 0.068, -0.076]
[0.184, 0.07, -0.102]
[0.186, 0.072, -0.123]
[0.191, 0.075, -0.144]
[0.196, 0.076, -0.159]
[0.199, 0.077, -0.17]
[0.199, 0.078, -0.179]
[0.198, 0.077, -0.186]
[0.198, 0.077, -0.191]
[0.198, 0.076, -0.197]
[0.2, 0.076, -0.202]
[0.204, 0.075, -0.206]
[0.206, 0.075, -0.209]
[0.212, 0.075, -0.211]
[0.219, 0.076, -0.219]
[0.219, 0.076, -0.219]
[0.219, 0.076, -0.223]
[0.216, 0.077, -0.226]
[0.219, 0.078, -0.218]
[0.219, 0.078, -0.218]
[0.224, 0.079, -0.211]
[0.226, 0.079, -0.204]
[0.227, 0.079, -0.199]
[0.228, 0.079, -0.194]
[0.228, 0.08, -0.19]
[0.229, 0.08, -0.187]
[0.229, 0.08, -0.184]
[0.228, 0.08, -0.181]
[0.227, 0.081, -0.178]
[0.226, 0.081, -0.174]
[0.225, 0.08, -0.169]
[0.226, 0.081, -0.164]
[0.227, 0.082, -0.158]
[0.227, 0.084, -0.152]
[0.228, 0.086, -0.145]
[0.231, 0.088, -0.138]
[0.235, 0.09, -0.13]
[0.239, 0.093, -0.121]
[0.243, 0.096, -0.114]
[0.245, 0.101, -0.097]
[0.247, 0.106, -0.075]
[0.247, 0.113, -0.05]
[0.247, 0.117, -0.029]
[0.25, 0.122, -0.005]
[0.249, 0.125, 0.022]
[0.247, 0.127, 0.051]
[0.248, 0.127, 0.074]
[0.252, 0.127, 0.096]
[0.255, 0.127, 0.112]
[0.259, 0.127, 0.126]
[0.261, 0.127, 0.137]
[0.264, 0.127, 0.148]
[0.267, 0.128, 0.158]
[0.272, 0.127, 0.169]
[0.28, 0.127, 0.18]
[0.285, 0.126, 0.19]
[0.289, 0.125, 0.197]
[0.291, 0.124, 0.204]
[0.29, 0.124, 0.211]
[0.288, 0.124, 0.218]
[0.286, 0.124, 0.227]
[0.285, 0.123, 0.237]
[0.291, 0.123, 0.259]
[0.291, 0.123, 0.259]
[0.296, 0.121, 0.269]
[0.301, 0.119, 0.279]
[0.305, 0.117, 0.287]
[0.309, 0.116, 0.293]
[0.31, 0.116, 0.297]
[0.311, 0.115, 0.299]
[0.311, 0.115, 0.299]
[0.311, 0.115, 0.298]
[0.31, 0.115, 0.296]
[0.31, 0.114, 0.295]
[0.309, 0.114, 0.293]
[0.309, 0.113, 0.291]
[0.309, 0.113, 0.289]
[0.308, 0.112, 0.286]
[0.308, 0.11, 0.283]
[0.306, 0.109, 0.282]
[0.302, 0.108, 0.282]
[0.297, 0.108, 0.282]
[0.293, 0.108, 0.282]
[0.293, 0.106, 0.282]
[0.297, 0.104, 0.281]
[0.3, 0.101, 0.281]
[0.301, 0.099, 0.281]
[0.299, 0.097, 0.281]
[0.295, 0.097, 0.282]
[0.291, 0.097, 0.281]
[0.288, 0.098, 0.28]
[0.283, 0.099, 0.277]
[0.274, 0.099, 0.272]
[0.263, 0.1, 0.266]
[0.252, 0.1, 0.26]
[0.241, 0.101, 0.254]
[0.229, 0.101, 0.249]
[0.212, 0.101, 0.244]
[0.198, 0.101, 0.239]
[0.185, 0.101, 0.236]
[0.174, 0.1, 0.23]
[0.163, 0.098, 0.222]
[0.154, 0.097, 0.214]
[0.148, 0.097, 0.207]
[0.144, 0.095, 0.201]
[0.14, 0.093, 0.194]
[0.137, 0.092, 0.188]
[0.134, 0.09, 0.181]
[0.132, 0.088, 0.171]
[0.13, 0.086, 0.16]
[0.128, 0.084, 0.145]
[0.126, 0.082, 0.129]
[0.125, 0.079, 0.112]
[0.123, 0.076, 0.096]
[0.119, 0.073, 0.082]
[0.117, 0.07, 0.069]
[0.112, 0.067, 0.058]
[0.108, 0.064, 0.048]
[0.106, 0.061, 0.039]
[0.104, 0.058, 0.031]
[0.103, 0.055, 0.023]
[0.104, 0.053, 0.016]
[0.107, 0.051, 0.008]
[0.109, 0.048, 0.001]
[0.114, 0.044, -0.01]
[0.114, 0.044, -0.01]
[0.117, 0.041, -0.016]
[0.119, 0.037, -0.02]
[0.122, 0.034, -0.023]
[0.126, 0.031, -0.025]
[0.131, 0.029, -0.026]
[0.136, 0.027, -0.027]
[0.139, 0.025, -0.027]
[0.144, 0.024, -0.028]
[0.147, 0.023, -0.028]
[0.151, 0.022, -0.028]
[0.156, 0.021, -0.027]
[0.162, 0.02, -0.026]
[0.169, 0.019, -0.024]
[0.175, 0.018, -0.022]
[0.182, 0.018, -0.02]
[0.189, 0.018, -0.018]
[0.207, 0.018, -0.015]
[0.207, 0.018, -0.015]
[0.221, 0.019, -0.013]
[0.238, 0.021, -0.01]
[0.259, 0.023, -0.009]
[0.271, 0.026, -0.007]
[0.28, 0.028, -0.007]
[0.288, 0.03, -0.007]
[0.294, 0.033, -0.005]
[0.302, 0.035, -0.004]
[0.308, 0.037, -0.002]
[0.314, 0.039, 0.0]
[0.319, 0.041, 0.003]
[0.323, 0.043, 0.004]
[0.325, 0.044, 0.006]
[0.325, 0.046, 0.008]
[0.328, 0.047, 0.01]
[0.329, 0.048, 0.012]
[0.33, 0.049, 0.014]
[0.332, 0.051, 0.017]
[0.332, 0.053, 0.021]
[0.332, 0.055, 0.025]
[0.332, 0.057, 0.03]
[0.333, 0.059, 0.037]
[0.337, 0.061, 0.043]
[0.343, 0.063, 0.049]
[0.351, 0.064, 0.055]
[0.357, 0.066, 0.059]
[0.363, 0.069, 0.063]
[0.366, 0.072, 0.068]
[0.37, 0.076, 0.071]
[0.372, 0.079, 0.075]
[0.373, 0.083, 0.078]
[0.373, 0.087, 0.079]
[0.373, 0.089, 0.08]
[0.372, 0.091, 0.079]
[0.371, 0.092, 0.077]
[0.369, 0.092, 0.076]
[0.367, 0.093, 0.074]
[0.365, 0.092, 0.072]
[0.363, 0.091, 0.07]
[0.363, 0.091, 0.07]
[0.363, 0.09, 0.068]
[0.365, 0.089, 0.068]
[0.367, 0.088, 0.066]
[0.37, 0.086, 0.065]
[0.372, 0.085, 0.064]
[0.373, 0.084, 0.062]
[0.373, 0.083, 0.06]
[0.376, 0.082, 0.057]
[0.379, 0.081, 0.054]
[0.381, 0.08, 0.051]
[0.383, 0.08, 0.047]
[0.382, 0.079, 0.045]
[0.38, 0.077, 0.042]
[0.378, 0.076, 0.041]
[0.373, 0.074, 0.039]
[0.368, 0.072, 0.037]
[0.366, 0.069, 0.036]
[0.363, 0.067, 0.036]
[0.361, 0.065, 0.037]
[0.359, 0.063, 0.037]
[0.356, 0.062, 0.037]
[0.354, 0.06, 0.037]
[0.352, 0.058, 0.037]
[0.351, 0.057, 0.036]
[0.351, 0.055, 0.034]
[0.35, 0.053, 0.033]
[0.351, 0.052, 0.031]
[0.351, 0.051, 0.029]
[0.35, 0.05, 0.028]
[0.349, 0.048, 0.027]
[0.348, 0.046, 0.027]
[0.348, 0.044, 0.028]
[0.349, 0.042, 0.029]
[0.35, 0.04, 0.028]
[0.353, 0.037, 0.026]
[0.353, 0.037, 0.026]
[0.352, 0.037, 0.026]
[0.352, 0.037, 0.027]
[0.351, 0.036, 0.028]
[0.35, 0.036, 0.029]
[0.35, 0.035, 0.03]
[0.35, 0.034, 0.032]
[0.349, 0.033, 0.032]
[0.349, 0.033, 0.032]
[0.348, 0.032, 0.033]
[0.346, 0.031, 0.032]
[0.343, 0.03, 0.032]
[0.34, 0.029, 0.031]
[0.339, 0.029, 0.031]
[0.337, 0.029, 0.03]
[0.335, 0.029, 0.029]
[0.333, 0.029, 0.029]
[0.331, 0.029, 0.028]
[0.329, 0.029, 0.028]
[0.329, 0.03, 0.029]
[0.328, 0.03, 0.028]
[0.325, 0.032, 0.026]
[0.325, 0.032, 0.026]
[0.324, 0.032, 0.025]
[0.323, 0.034, 0.025]
[0.322, 0.035, 0.024]
[0.32, 0.036, 0.023]
[0.317, 0.037, 0.022]
[0.315, 0.037, 0.021]
[0.313, 0.038, 0.021]
[0.311, 0.038, 0.021]
[0.309, 0.038, 0.02]
[0.309, 0.038, 0.02]
[0.308, 0.039, 0.018]
[0.307, 0.039, 0.017]
[0.305, 0.039, 0.016]
[0.304, 0.039, 0.016]
[0.302, 0.039, 0.016]
[0.299, 0.039, 0.017]
[0.298, 0.04, 0.018]
[0.297, 0.04, 0.017]
[0.296, 0.041, 0.016]
[0.295, 0.042, 0.013]
