A0
A1
A2
A3
A4
A5
A6
A7
A8
A9
A10
A11
A12
A13
A14
A15
A16
A17
A18
A19
A20
A21
A22
A23
A24
A25
A26
A27
A28
--- [0.87, 0.67, 1.0, 1.0, 0.24, 0.24, 0.05, 0.13, 0.51, 0.54, 0.4, 0.38, 0.0, -0.0, 1.0, 0.21, 0.75, 0.6, 0.49, 0.8, 0.75, 0.46, 0.86, 0.55, 0.43, 0.55, 0.45, 0.0, 0.5, 99, 99, 99]
into servo loop...
start test new
list:  [0.44, 0.44, 0.78, 0.78, 1, 1, 0.16199999999999998, 0.16199999999999998, 0.47, 0.47, 0.39, 0.34, 0.11999999999999994, 0.11999999999999994, 1, 0.23, 0.98, 0.64, 0.27, 0.98, 0.98, 0.27, 0.27, 0.63, 0.41, 0.63, 0.41, 0.02, 0.6, 99, 99, 99]
--- num:  29
list:  [0.38, 0.38, 0.64, 0.64, 1, 1, 0.16199999999999998, 0.16199999999999998, 0.4, 0.4, 0.36, 0.36, 0.20999999999999985, 0.18, 1, 0.26, 0.895, 0.66, 0.26, 0.89, 0.9, 0.26, 0.26, 0.69, 0.39, 0.67, 0.4, 0.04, 0.23, 99, 99, 99]
--- num:  29
list:  [0.44, 0.44, 0.79, 0.79, 1, 1, 0.16199999999999998, 0.16199999999999998, 0.42, 0.42, 0.34, 0.38, 0.11999999999999994, 0.10499999999999993, 1, 0.23, 0.98, 0.64, 0.27, 0.98, 0.98, 0.27, 0.27, 0.63, 0.41, 0.62, 0.42, 0.02, 0.61, 99, 99, 99]
--- num:  29
list:  [0.45, 0.45, 0.82, 0.82, 1, 1, 0.16199999999999998, 0.16199999999999998, 0.43, 0.43, 0.35, 0.37, 0.11999999999999994, 0.11999999999999994, 1, 0.23, 0.985, 0.63, 0.26, 0.98, 0.99, 0.26, 0.26, 0.63, 0.41, 0.63, 0.42, 0.02, 0.6, 99, 99, 99]
--- num:  29
list:  [0.46, 0.46, 0.83, 0.83, 1, 1, 0.16199999999999998, 0.16199999999999998, 0.43, 0.43, 0.35, 0.37, 0.11999999999999994, 0.11999999999999994, 1, 0.23, 0.985, 0.63, 0.26, 0.98, 0.99, 0.26, 0.26, 0.63, 0.41, 0.63, 0.41, 0.02, 0.58, 99, 99, 99]
--- num:  29
list:  [0.42, 0.42, 0.74, 0.74, 1, 1, 0.7576396870613098, 0.7440431523323059, 0.21, 0.21, 0.36, 0.37, 0.13499999999999995, 0.16499999999999998, 1, 0.24, 0.96, 0.64, 0.29, 0.96, 0.96, 0.29, 0.29, 0.64, 0.41, 0.66, 0.4, 0.02, 0.56, 99, 99, 99]
--- num:  29
list:  [0.46, 0.46, 0.84, 0.84, 1, 1, 0.16199999999999998, 0.16199999999999998, 0.43, 0.43, 0.37, 0.35, 0.13499999999999995, 0.13499999999999995, 1, 0.24, 0.98, 0.64, 0.26, 0.98, 0.98, 0.26, 0.26, 0.64, 0.41, 0.64, 0.41, 0.02, 0.56, 99, 99, 99]
--- num:  29
list:  [0.47, 0.47, 0.85, 0.85, 1, 1, 0.16199999999999998, 0.16199999999999998, 0.41, 0.41, 0.37, 0.35, 0.13499999999999995, 0.13499999999999995, 1, 0.23, 0.98, 0.63, 0.26, 0.98, 0.98, 0.26, 0.26, 0.64, 0.41, 0.64, 0.41, 0.02, 0.56, 99, 99, 99]
--- num:  29
list:  [0.5, 0.5, 0.92, 0.92, 1, 1, 0.16199999999999998, 0.16199999999999998, 0.37, 0.37, 0.37, 0.35, 0.11999999999999994, 0.13499999999999995, 1, 0.22, 0.99, 0.63, 0.25, 0.99, 0.99, 0.25, 0.25, 0.63, 0.41, 0.64, 0.41, 0.01, 0.58, 99, 99, 99]
--- num:  29
list:  [0.48, 0.48, 0.89, 0.89, 1, 1, 0.5513881850242615, 0.5490919160842895, 0.14, 0.14, 0.4, 0.33, 0.13499999999999995, 0.13499999999999995, 1, 0.22, 0.99, 0.63, 0.26, 0.99, 0.99, 0.26, 0.26, 0.64, 0.41, 0.64, 0.41, 0.01, 0.58, 99, 99, 99]
--- num:  29
list:  [0.48, 0.48, 0.87, 0.87, 1, 1, 0.16199999999999998, 0.16199999999999998, 0.27, 0.27, 0.45, 0.28, 0.11999999999999994, 0.11999999999999994, 1, 0.22, 0.98, 0.63, 0.26, 0.98, 0.98, 0.26, 0.26, 0.63, 0.42, 0.63, 0.41, 0.01, 0.57, 99, 99, 99]
--- num:  29
list:  [0.49, 0.49, 0.91, 0.91, 1, 1, 0.16199999999999998, 0.16199999999999998, 0.27, 0.27, 0.46, 0.27, 0.10499999999999993, 0.11999999999999994, 1, 0.22, 0.99, 0.63, 0.25, 0.99, 0.99, 0.25, 0.25, 0.62, 0.42, 0.63, 0.42, 0.01, 0.57, 99, 99, 99]
--- num:  29
list:  [0.48, 0.48, 0.89, 0.89, 1, 1, 0.16199999999999998, 0.16199999999999998, 0.27, 0.27, 0.45, 0.27, 0.11999999999999994, 0.11999999999999994, 1, 0.22, 0.98, 0.63, 0.25, 0.98, 0.98, 0.25, 0.25, 0.63, 0.41, 0.63, 0.41, 0.01, 0.56, 99, 99, 99]
--- num:  29
list:  [0.48, 0.48, 0.89, 0.89, 1, 1, 0.16199999999999998, 0.16199999999999998, 0.24, 0.24, 0.45, 0.27, 0.11999999999999994, 0.10499999999999993, 1, 0.22, 0.98, 0.63, 0.25, 0.98, 0.98, 0.25, 0.25, 0.63, 0.42, 0.62, 0.42, 0.01, 0.56, 99, 99, 99]
--- num:  29
list:  [0.48, 0.48, 0.89, 0.89, 1, 1, 0.16199999999999998, 0.16199999999999998, 0.24, 0.24, 0.43, 0.3, 0.11999999999999994, 0.10499999999999993, 1, 0.23, 0.98, 0.63, 0.26, 0.98, 0.98, 0.26, 0.26, 0.63, 0.42, 0.62, 0.42, 0.02, 0.55, 99, 99, 99]
--- num:  29
list:  [0.5, 0.5, 0.93, 0.93, 1, 1, 0.16199999999999998, 0.16199999999999998, 0.27, 0.27, 0.37, 0.35, 0.10499999999999993, 0.08999999999999991, 1, 0.23, 0.98, 0.63, 0.25, 0.98, 0.98, 0.25, 0.25, 0.62, 0.42, 0.61, 0.42, 0.02, 0.55, 99, 99, 99]
--- num:  29
list:  [0.6, 0.6, 1, 1, 0.94, 0.94, 0.5614955830574035, 0.56074951171875, 0.13, 0.13, 0.35, 0.37, 0.18, 0.16499999999999998, 1, 0.42, 0.815, 0.78, 0.41, 0.8, 0.83, 0.41, 0.41, 0.67, 0.4, 0.66, 0.4, 0.18, 0.48, 99, 99, 99]
--- num:  29
list:  [0.85, 0.85, 1, 1, 0.74, 0.74, 0.16199999999999998, 0.16199999999999998, 0.21, 0.21, 0.36, 0.37, 0.11999999999999994, 0.10499999999999993, 1, 0.42, 0.84, 0.78, 0.46, 0.83, 0.85, 0.46, 0.46, 0.63, 0.41, 0.62, 0.42, 0.36, 0.46, 99, 99, 99]
--- num:  29
list:  [0.87, 0.87, 1, 1, 0.72, 0.72, 0.16199999999999998, 0.16199999999999998, 0.2, 0.2, 0.37, 0.36, 0.11999999999999994, 0.10499999999999993, 1, 0.41, 0.845, 0.77, 0.46, 0.84, 0.85, 0.46, 0.46, 0.63, 0.42, 0.62, 0.42, 0.39, 0.47, 99, 99, 99]
--- num:  29
list:  [0.88, 0.88, 1, 1, 0.71, 0.71, 0.16199999999999998, 0.16199999999999998, 0.19, 0.19, 0.38, 0.34, 0.11999999999999994, 0.11999999999999994, 1, 0.39, 0.855, 0.76, 0.48, 0.85, 0.86, 0.48, 0.48, 0.63, 0.42, 0.63, 0.41, 0.54, 0.5, 99, 99, 99]
--- num:  29
list:  [0.92, 0.92, 1, 1, 0.68, 0.68, 0.16199999999999998, 0.16199999999999998, 0.18, 0.18, 0.4, 0.32, 0.08999999999999991, 0.11999999999999994, 1, 0.39, 0.87, 0.76, 0.48, 0.87, 0.87, 0.48, 0.48, 0.61, 0.42, 0.63, 0.41, 0.56, 0.5, 99, 99, 99]
--- num:  29
list:  [0.92, 0.92, 1, 1, 0.68, 0.68, 0.16199999999999998, 0.16199999999999998, 0.19, 0.19, 0.41, 0.31, 0.0749999999999999, 0.11999999999999994, 1, 0.39, 0.88, 0.76, 0.49, 0.88, 0.88, 0.49, 0.49, 0.6, 0.43, 0.63, 0.41, 0.57, 0.5, 99, 99, 99]
--- num:  29
list:  [0.91, 0.91, 1, 1, 0.69, 0.69, 0.16199999999999998, 0.16199999999999998, 0.2, 0.2, 0.42, 0.3, 0.0749999999999999, 0.11999999999999994, 1, 0.39, 0.88, 0.76, 0.49, 0.88, 0.88, 0.49, 0.49, 0.6, 0.43, 0.63, 0.42, 0.57, 0.5, 99, 99, 99]
--- num:  29
list:  [0.9, 0.9, 1, 1, 0.7, 0.7, 0.16199999999999998, 0.16199999999999998, 0.22, 0.22, 0.46, 0.26, 0.05999999999999989, 0.10499999999999993, 1, 0.39, 0.88, 0.76, 0.49, 0.88, 0.88, 0.49, 0.49, 0.59, 0.43, 0.62, 0.42, 0.57, 0.5, 99, 99, 99]
--- num:  29
list:  [0.87, 0.87, 1, 1, 0.72, 0.72, 0.16199999999999998, 0.16199999999999998, 0.23, 0.23, 0.54, 0.19, 0.05999999999999989, 0.10499999999999993, 1, 0.39, 0.88, 0.76, 0.51, 0.88, 0.88, 0.51, 0.51, 0.59, 0.43, 0.62, 0.42, 0.57, 0.5, 99, 99, 99]
--- num:  29
list:  [0.87, 0.87, 1, 1, 0.72, 0.72, 0.16199999999999998, 0.16199999999999998, 0.25, 0.25, 0.64, 0.09, 0.0749999999999999, 0.0749999999999999, 1, 0.4, 0.88, 0.76, 0.51, 0.88, 0.88, 0.51, 0.51, 0.6, 0.43, 0.6, 0.43, 0.58, 0.5, 99, 99, 99]
--- num:  29
list:  [0.87, 0.87, 1, 1, 0.72, 0.72, 0.16199999999999998, 0.16199999999999998, 0.25, 0.25, 0.66, 0.07, 0.08999999999999991, 0.0749999999999999, 1, 0.4, 0.88, 0.77, 0.51, 0.88, 0.88, 0.51, 0.51, 0.61, 0.42, 0.6, 0.43, 0.59, 0.5, 99, 99, 99]
--- num:  29
list:  [0.87, 0.87, 1, 1, 0.73, 0.73, 0.16199999999999998, 0.16199999999999998, 0.27, 0.27, 0.65, 0.07, 0.08999999999999991, 0.0749999999999999, 1, 0.4, 0.89, 0.76, 0.52, 0.89, 0.89, 0.52, 0.52, 0.61, 0.42, 0.6, 0.43, 0.57, 0.5, 99, 99, 99]
--- num:  29
list:  [0.86, 0.86, 1, 1, 0.73, 0.73, 0.16199999999999998, 0.16199999999999998, 0.27, 0.27, 0.64, 0.09, 0.08999999999999991, 0.0749999999999999, 1, 0.4, 0.89, 0.76, 0.52, 0.89, 0.89, 0.52, 0.52, 0.61, 0.42, 0.6, 0.43, 0.56, 0.5, 99, 99, 99]
--- num:  29
list:  [0.85, 0.85, 1, 1, 0.74, 0.74, 0.16199999999999998, 0.16199999999999998, 0.27, 0.27, 0.63, 0.1, 0.08999999999999991, 0.0749999999999999, 1, 0.4, 0.88, 0.76, 0.53, 0.88, 0.88, 0.53, 0.53, 0.61, 0.42, 0.6, 0.43, 0.55, 0.5, 99, 99, 99]
--- num:  29
list:  [0.83, 0.83, 1, 1, 0.76, 0.76, 0.16199999999999998, 0.16199999999999998, 0.24, 0.24, 0.59, 0.14, 0.10499999999999993, 0.0749999999999999, 1, 0.41, 0.86, 0.77, 0.53, 0.86, 0.86, 0.53, 0.53, 0.62, 0.42, 0.6, 0.43, 0.54, 0.5, 99, 99, 99]
--- num:  29
list:  [0.81, 0.81, 1, 1, 0.77, 0.77, 0.16199999999999998, 0.16199999999999998, 0.27, 0.27, 0.59, 0.13, 0.10499999999999993, 0.0749999999999999, 1, 0.4, 0.87, 0.76, 0.53, 0.87, 0.87, 0.53, 0.53, 0.62, 0.42, 0.6, 0.43, 0.54, 0.5, 99, 99, 99]
--- num:  29
list:  [0.82, 0.82, 1, 1, 0.77, 0.77, 0.16199999999999998, 0.16199999999999998, 0.29, 0.29, 0.54, 0.18, 0.08999999999999991, 0.08999999999999991, 1, 0.38, 0.875, 0.74, 0.54, 0.87, 0.88, 0.54, 0.54, 0.61, 0.42, 0.61, 0.42, 0.52, 0.5, 99, 99, 99]
--- num:  29
list:  [0.83, 0.83, 1, 1, 0.75, 0.75, 0.16199999999999998, 0.16199999999999998, 0.27, 0.27, 0.41, 0.31, 0.08999999999999991, 0.08999999999999991, 1, 0.41, 0.875, 0.77, 0.53, 0.87, 0.88, 0.53, 0.53, 0.61, 0.42, 0.61, 0.42, 0.49, 0.5, 99, 99, 99]
--- num:  29
list:  [0.83, 0.83, 1, 1, 0.76, 0.76, 0.16199999999999998, 0.16199999999999998, 0.3, 0.3, 0.32, 0.4, 0.0749999999999999, 0.05999999999999989, 1, 0.39, 0.885, 0.75, 0.54, 0.88, 0.89, 0.54, 0.54, 0.6, 0.43, 0.59, 0.43, 0.5, 0.5, 99, 99, 99]
--- num:  29
list:  [0.77, 0.77, 1, 1, 0.81, 0.81, 0.16199999999999998, 0.16199999999999998, 0.31, 0.31, 0.51, 0.22, 0.05999999999999989, 0.05999999999999989, 1, 0.38, 0.895, 0.75, 0.51, 0.89, 0.9, 0.51, 0.51, 0.59, 0.43, 0.59, 0.43, 0.49, 0.5, 99, 99, 99]
--- num:  29
list:  [0.77, 0.77, 1, 1, 0.81, 0.81, 0.16199999999999998, 0.16199999999999998, 0.31, 0.31, 0.73, 0.01, 0.05999999999999989, 0.05999999999999989, 1, 0.39, 0.895, 0.75, 0.5, 0.89, 0.9, 0.5, 0.5, 0.59, 0.43, 0.59, 0.43, 0.48, 0.5, 99, 99, 99]
--- num:  29
list:  [0.77, 0.77, 1, 1, 0.8, 0.8, 0.16199999999999998, 0.16199999999999998, 0.31, 0.31, 0.74, 0.0, 0.05999999999999989, 0.04499999999999987, 1, 0.39, 0.895, 0.75, 0.5, 0.89, 0.9, 0.5, 0.5, 0.59, 0.43, 0.58, 0.44, 0.48, 0.5, 99, 99, 99]
--- num:  29
list:  [0.75, 0.75, 1, 1, 0.82, 0.82, 0.16199999999999998, 0.16199999999999998, 0.31, 0.31, 0.72, 0.02, 0.05999999999999989, 0.04499999999999987, 1, 0.39, 0.89, 0.76, 0.49, 0.88, 0.9, 0.49, 0.49, 0.59, 0.43, 0.58, 0.44, 0.48, 0.5, 99, 99, 99]
--- num:  29
list:  [0.75, 0.75, 1, 1, 0.82, 0.82, 0.16199999999999998, 0.16199999999999998, 0.32, 0.32, 0.73, 0.01, 0.05999999999999989, 0.04499999999999987, 1, 0.39, 0.9, 0.76, 0.49, 0.89, 0.91, 0.49, 0.49, 0.59, 0.43, 0.58, 0.44, 0.49, 0.5, 99, 99, 99]
--- num:  29
list:  [0.75, 0.75, 1, 1, 0.82, 0.82, 0.16199999999999998, 0.16199999999999998, 0.31, 0.31, 0.72, 0.02, 0.05999999999999989, 0.02999999999999986, 1, 0.39, 0.9, 0.76, 0.49, 0.89, 0.91, 0.49, 0.49, 0.59, 0.43, 0.57, 0.44, 0.49, 0.5, 99, 99, 99]
--- num:  29
list:  [0.74, 0.74, 1, 1, 0.83, 0.83, 0.16199999999999998, 0.16199999999999998, 0.31, 0.31, 0.71, 0.02, 0.05999999999999989, 0.04499999999999987, 1, 0.39, 0.9, 0.75, 0.5, 0.89, 0.91, 0.5, 0.5, 0.59, 0.43, 0.58, 0.44, 0.49, 0.5, 99, 99, 99]
--- num:  29
list:  [0.72, 0.72, 1, 1, 0.84, 0.84, 0.16199999999999998, 0.16199999999999998, 0.32, 0.32, 0.71, 0.02, 0.05999999999999989, 0.04499999999999987, 1, 0.39, 0.9, 0.75, 0.5, 0.89, 0.91, 0.5, 0.5, 0.59, 0.43, 0.58, 0.44, 0.48, 0.5, 99, 99, 99]
--- num:  29
list:  [0.67, 0.67, 1, 1, 0.88, 0.88, 0.5189854907989502, 0.5167828011512756, 0.18, 0.18, 0.3, 0.43, 0.05999999999999989, 0.05999999999999989, 1, 0.39, 0.9, 0.75, 0.48, 0.89, 0.91, 0.48, 0.48, 0.59, 0.43, 0.59, 0.43, 0.48, 0.5, 99, 99, 99]
--- num:  29
list:  [0.66, 0.66, 1, 1, 0.9, 0.9, 0.16199999999999998, 0.16199999999999998, 0.31, 0.31, 0.02, 0.72, 0.0749999999999999, 0.08999999999999991, 1, 0.38, 0.895, 0.74, 0.5, 0.89, 0.9, 0.5, 0.5, 0.6, 0.43, 0.61, 0.42, 0.49, 0.5, 99, 99, 99]
--- num:  29
list:  [0.68, 0.68, 1, 1, 0.88, 0.88, 0.16199999999999998, 0.16199999999999998, 0.31, 0.31, 0.0, 0.74, 0.05999999999999989, 0.08999999999999991, 1, 0.37, 0.905, 0.74, 0.5, 0.9, 0.91, 0.5, 0.5, 0.59, 0.43, 0.61, 0.43, 0.49, 0.5, 99, 99, 99]
--- num:  29
list:  [0.68, 0.68, 1, 1, 0.87, 0.87, 0.16199999999999998, 0.16199999999999998, 0.32, 0.32, -0.01, 0.75, 0.05999999999999989, 0.08999999999999991, 1, 0.36, 0.9, 0.74, 0.52, 0.9, 0.9, 0.52, 0.52, 0.59, 0.43, 0.61, 0.43, 0.46, 0.5, 99, 99, 99]
--- num:  29
list:  [0.69, 0.69, 1, 1, 0.87, 0.87, 0.16199999999999998, 0.16199999999999998, 0.32, 0.32, -0.01, 0.75, 0.05999999999999989, 0.08999999999999991, 1, 0.36, 0.9, 0.73, 0.52, 0.9, 0.9, 0.52, 0.52, 0.59, 0.43, 0.61, 0.42, 0.46, 0.5, 99, 99, 99]
--- num:  29
list:  [0.66, 0.66, 1, 1, 0.9, 0.9, 0.5029958891868591, 0.502481620311737, 0.18, 0.18, 0.34, 0.39, 0.10499999999999993, 0.10499999999999993, 1, 0.37, 0.89, 0.74, 0.49, 0.88, 0.9, 0.49, 0.49, 0.62, 0.42, 0.62, 0.42, 0.47, 0.5, 99, 99, 99]
--- num:  29
list:  [0.65, 0.65, 1, 1, 0.9, 0.9, 0.16199999999999998, 0.16199999999999998, 0.31, 0.31, 0.37, 0.35, 0.05999999999999989, 0.0749999999999999, 1, 0.38, 0.885, 0.75, 0.5, 0.88, 0.89, 0.5, 0.5, 0.59, 0.43, 0.6, 0.43, 0.51, 0.5, 99, 99, 99]
--- num:  29
list:  [0.66, 0.66, 1, 1, 0.9, 0.9, 0.16199999999999998, 0.16199999999999998, 0.3, 0.3, 0.44, 0.28, 0.05999999999999989, 0.0749999999999999, 1, 0.37, 0.885, 0.74, 0.52, 0.88, 0.89, 0.52, 0.52, 0.59, 0.43, 0.6, 0.43, 0.51, 0.5, 99, 99, 99]
--- num:  29
list:  [0.64, 0.64, 1, 1, 0.91, 0.91, 0.16199999999999998, 0.16199999999999998, 0.28, 0.28, 0.5, 0.22, 0.0749999999999999, 0.08999999999999991, 1, 0.36, 0.88, 0.73, 0.52, 0.88, 0.88, 0.52, 0.52, 0.6, 0.43, 0.61, 0.42, 0.51, 0.5, 99, 99, 99]
--- num:  29
list:  [0.67, 0.67, 1, 1, 0.89, 0.89, 0.16199999999999998, 0.16199999999999998, 0.27, 0.27, 0.57, 0.16, 0.10499999999999993, 0.08999999999999991, 1, 0.36, 0.875, 0.73, 0.52, 0.87, 0.88, 0.52, 0.52, 0.62, 0.42, 0.61, 0.42, 0.56, 0.5, 99, 99, 99]
--- num:  29
list:  [0.67, 0.67, 1, 1, 0.89, 0.89, 0.16199999999999998, 0.16199999999999998, 0.27, 0.27, 0.6, 0.13, 0.10499999999999993, 0.08999999999999991, 1, 0.37, 0.87, 0.74, 0.51, 0.87, 0.87, 0.51, 0.51, 0.62, 0.42, 0.61, 0.42, 0.6, 0.5, 99, 99, 99]
--- num:  29
list:  [0.72, 0.72, 1, 1, 0.85, 0.85, 0.16199999999999998, 0.16199999999999998, 0.28, 0.28, 0.04, 0.7, 0.10499999999999993, 0.08999999999999991, 1, 0.37, 0.88, 0.74, 0.53, 0.88, 0.88, 0.53, 0.53, 0.62, 0.42, 0.61, 0.42, 0.63, 0.5, 99, 99, 99]
--- num:  29
list:  [0.71, 0.71, 1, 1, 0.85, 0.85, 0.16199999999999998, 0.16199999999999998, 0.3, 0.3, -0.04, 0.78, 0.08999999999999991, 0.0749999999999999, 1, 0.38, 0.885, 0.75, 0.53, 0.89, 0.88, 0.53, 0.53, 0.61, 0.42, 0.6, 0.43, 0.62, 0.5, 99, 99, 99]
--- num:  29
list:  [0.71, 0.71, 1, 1, 0.85, 0.85, 0.16199999999999998, 0.16199999999999998, 0.3, 0.3, -0.06, 0.81, 0.0749999999999999, 0.0749999999999999, 1, 0.38, 0.89, 0.75, 0.53, 0.9, 0.88, 0.53, 0.53, 0.6, 0.43, 0.6, 0.43, 0.62, 0.5, 99, 99, 99]
--- num:  29
list:  [0.71, 0.71, 1, 1, 0.86, 0.86, 0.16199999999999998, 0.16199999999999998, 0.31, 0.31, -0.1, 0.85, 0.05999999999999989, 0.0749999999999999, 1, 0.39, 0.895, 0.75, 0.53, 0.9, 0.89, 0.53, 0.53, 0.59, 0.43, 0.6, 0.43, 0.61, 0.5, 99, 99, 99]
--- num:  29
list:  [0.72, 0.72, 1, 1, 0.85, 0.85, 0.16199999999999998, 0.16199999999999998, 0.31, 0.31, -0.09, 0.84, 0.05999999999999989, 0.0749999999999999, 1, 0.39, 0.895, 0.75, 0.54, 0.9, 0.89, 0.54, 0.54, 0.59, 0.43, 0.6, 0.43, 0.6, 0.5, 99, 99, 99]
--- num:  29
list:  [0.71, 0.71, 1, 1, 0.85, 0.85, 0.16199999999999998, 0.16199999999999998, 0.3, 0.3, -0.08, 0.83, 0.05999999999999989, 0.0749999999999999, 1, 0.39, 0.895, 0.76, 0.54, 0.9, 0.89, 0.54, 0.54, 0.59, 0.43, 0.6, 0.43, 0.6, 0.5, 99, 99, 99]
--- num:  29
list:  [0.7, 0.7, 1, 1, 0.86, 0.86, 0.16199999999999998, 0.16199999999999998, 0.3, 0.3, -0.07, 0.81, 0.05999999999999989, 0.0749999999999999, 1, 0.39, 0.885, 0.75, 0.55, 0.89, 0.88, 0.55, 0.55, 0.59, 0.43, 0.6, 0.43, 0.58, 0.5, 99, 99, 99]
--- num:  29
list:  [0.7, 0.7, 1, 1, 0.87, 0.87, 0.16199999999999998, 0.16199999999999998, 0.3, 0.3, -0.08, 0.82, 0.05999999999999989, 0.0749999999999999, 1, 0.38, 0.88, 0.75, 0.56, 0.88, 0.88, 0.56, 0.56, 0.59, 0.43, 0.6, 0.43, 0.56, 0.5, 99, 99, 99]
--- num:  29
list:  [0.69, 0.69, 1, 1, 0.87, 0.87, 0.16199999999999998, 0.16199999999999998, 0.31, 0.31, -0.04, 0.79, 0.05999999999999989, 0.0749999999999999, 1, 0.38, 0.875, 0.75, 0.56, 0.88, 0.87, 0.56, 0.56, 0.59, 0.43, 0.6, 0.43, 0.56, 0.5, 99, 99, 99]
--- num:  29
list:  [0.66, 0.66, 1, 1, 0.89, 0.89, 0.2395190107822418, 0.239488046169281, 0.24, 0.24, 0.53, 0.19, 0.13499999999999995, 0.08999999999999991, 1, 0.38, 0.87, 0.75, 0.54, 0.87, 0.87, 0.54, 0.54, 0.64, 0.41, 0.61, 0.42, 0.58, 0.5, 99, 99, 99]
--- num:  29
list:  [0.65, 0.65, 1, 1, 0.9, 0.9, 0.16199999999999998, 0.16199999999999998, 0.33, 0.33, 0.5, 0.22, 0.11999999999999994, 0.08999999999999991, 1, 0.35, 0.875, 0.73, 0.56, 0.87, 0.88, 0.56, 0.56, 0.63, 0.42, 0.61, 0.42, 0.63, 0.5, 99, 99, 99]
--- num:  29
list:  [0.66, 0.66, 1, 1, 0.9, 0.9, 0.16199999999999998, 0.16199999999999998, 0.33, 0.33, 0.45, 0.27, 0.08999999999999991, 0.08999999999999991, 1, 0.35, 0.88, 0.72, 0.55, 0.88, 0.88, 0.55, 0.55, 0.61, 0.42, 0.61, 0.42, 0.63, 0.5, 99, 99, 99]
--- num:  29
list:  [0.65, 0.65, 1, 1, 0.9, 0.9, 0.16199999999999998, 0.16199999999999998, 0.33, 0.33, 0.41, 0.31, 0.0749999999999999, 0.08999999999999991, 1, 0.35, 0.885, 0.73, 0.54, 0.88, 0.89, 0.54, 0.54, 0.6, 0.43, 0.61, 0.42, 0.63, 0.5, 99, 99, 99]
--- num:  29
list:  [0.66, 0.66, 1, 1, 0.89, 0.89, 0.16199999999999998, 0.16199999999999998, 0.32, 0.32, 0.38, 0.34, 0.0749999999999999, 0.0749999999999999, 1, 0.35, 0.89, 0.73, 0.53, 0.89, 0.89, 0.53, 0.53, 0.6, 0.43, 0.6, 0.43, 0.62, 0.5, 99, 99, 99]
--- num:  29
list:  [0.66, 0.66, 1, 1, 0.89, 0.89, 0.16199999999999998, 0.16199999999999998, 0.33, 0.33, 0.37, 0.35, 0.0749999999999999, 0.0749999999999999, 1, 0.36, 0.89, 0.73, 0.53, 0.89, 0.89, 0.53, 0.53, 0.6, 0.43, 0.6, 0.43, 0.6, 0.5, 99, 99, 99]
--- num:  29
list:  [0.64, 0.64, 1, 1, 0.91, 0.91, 0.4439139175415039, 0.44347391605377195, 0.19, 0.19, 0.38, 0.35, 0.08999999999999991, 0.08999999999999991, 1, 0.37, 0.87, 0.74, 0.53, 0.86, 0.88, 0.53, 0.53, 0.61, 0.42, 0.61, 0.42, 0.56, 0.5, 99, 99, 99]
--- num:  29
list:  [0.62, 0.62, 1, 1, 0.93, 0.93, 0.16199999999999998, 0.16199999999999998, 0.33, 0.33, 0.38, 0.34, 0.08999999999999991, 0.10499999999999993, 1, 0.37, 0.865, 0.74, 0.52, 0.86, 0.87, 0.52, 0.52, 0.61, 0.42, 0.62, 0.42, 0.55, 0.5, 99, 99, 99]
--- num:  29
list:  [0.6, 0.6, 1, 1, 0.95, 0.95, 0.16199999999999998, 0.16199999999999998, 0.36, 0.36, 0.4, 0.32, 0.0749999999999999, 0.08999999999999991, 1, 0.36, 0.87, 0.73, 0.53, 0.87, 0.87, 0.53, 0.53, 0.6, 0.43, 0.61, 0.42, 0.4, 0.62, 99, 99, 99]
--- num:  29
list:  [0.58, 0.58, 1, 1, 0.96, 0.96, 0.16199999999999998, 0.16199999999999998, 0.36, 0.36, 0.43, 0.3, 0.13499999999999995, 0.11999999999999994, 1, 0.34, 0.86, 0.71, 0.53, 0.85, 0.87, 0.53, 0.53, 0.64, 0.41, 0.63, 0.41, 0.23, 0.73, 99, 99, 99]
--- num:  29
list:  [0.57, 0.57, 1, 1, 0.97, 0.97, 0.16199999999999998, 0.16199999999999998, 0.37, 0.37, 0.43, 0.29, 0.14999999999999997, 0.13499999999999995, 1, 0.33, 0.865, 0.71, 0.47, 0.86, 0.87, 0.47, 0.47, 0.65, 0.41, 0.64, 0.41, 0.12, 0.68, 99, 99, 99]
--- num:  29
list:  [0.56, 0.56, 1, 1, 0.97, 0.97, 0.5291595864295959, 0.5270407009124756, 0.2, 0.2, 0.38, 0.35, 0.20999999999999985, 0.195, 1, 0.33, 0.865, 0.71, 0.43, 0.86, 0.87, 0.43, 0.43, 0.69, 0.39, 0.68, 0.39, 0.11, 0.53, 99, 99, 99]
--- num:  29
list:  [0.56, 0.56, 1, 1, 0.97, 0.97, 0.16199999999999998, 0.16199999999999998, 0.36, 0.36, 0.09, 0.64, 0.20999999999999985, 0.195, 1, 0.33, 0.865, 0.71, 0.47, 0.86, 0.87, 0.47, 0.47, 0.69, 0.39, 0.68, 0.39, 0.11, 0.45, 99, 99, 99]
--- num:  29
list:  [0.56, 0.56, 1, 1, 0.97, 0.97, 0.16199999999999998, 0.16199999999999998, 0.38, 0.38, 0.16, 0.57, 0.20999999999999985, 0.195, 1, 0.33, 0.865, 0.71, 0.46, 0.86, 0.87, 0.46, 0.46, 0.69, 0.39, 0.68, 0.39, 0.1, 0.42, 99, 99, 99]
--- num:  29
list:  [0.56, 0.56, 1, 1, 0.97, 0.97, 0.16199999999999998, 0.16199999999999998, 0.34, 0.34, 0.19, 0.54, 0.20999999999999985, 0.195, 1, 0.33, 0.88, 0.71, 0.41, 0.88, 0.88, 0.41, 0.41, 0.69, 0.39, 0.68, 0.39, 0.08, 0.41, 99, 99, 99]
--- num:  29
list:  [0.56, 0.56, 1, 1, 0.98, 0.98, 0.16199999999999998, 0.16199999999999998, 0.34, 0.34, 0.51, 0.21, 0.195, 0.18, 1, 0.29, 0.93, 0.68, 0.35, 0.93, 0.93, 0.35, 0.35, 0.68, 0.39, 0.67, 0.4, 0.05, 0.39, 99, 99, 99]
--- num:  29
list:  [0.44, 0.44, 0.79, 0.79, 1, 1, 0.16199999999999998, 0.16199999999999998, 0.39, 0.39, 0.44, 0.28, 0.195, 0.195, 1, 0.24, 0.97, 0.64, 0.29, 0.97, 0.97, 0.29, 0.29, 0.68, 0.39, 0.68, 0.39, 0.03, 0.43, 99, 99, 99]
--- num:  29
list:  [0.44, 0.44, 0.8, 0.8, 1, 1, 0.16199999999999998, 0.16199999999999998, 0.4, 0.4, 0.41, 0.31, 0.22499999999999987, 0.20999999999999985, 1, 0.23, 0.98, 0.64, 0.28, 0.98, 0.98, 0.28, 0.28, 0.7, 0.38, 0.69, 0.39, 0.02, 0.45, 99, 99, 99]
--- num:  29
list:  [0.45, 0.45, 0.82, 0.82, 1, 1, 0.16199999999999998, 0.16199999999999998, 0.41, 0.41, 0.38, 0.34, 0.22499999999999987, 0.20999999999999985, 1, 0.23, 0.98, 0.63, 0.27, 0.98, 0.98, 0.27, 0.27, 0.7, 0.38, 0.69, 0.39, 0.02, 0.47, 99, 99, 99]
--- num:  29
list:  [0.46, 0.46, 0.83, 0.83, 1, 1, 0.16199999999999998, 0.16199999999999998, 0.41, 0.41, 0.36, 0.36, 0.2699999999999999, 0.23999999999999988, 1, 0.22, 0.98, 0.63, 0.27, 0.98, 0.98, 0.27, 0.27, 0.73, 0.37, 0.71, 0.38, 0.02, 0.5, 99, 99, 99]
--- num:  29
list:  [0.45, 0.45, 0.81, 0.81, 1, 1, 0.16199999999999998, 0.16199999999999998, 0.43, 0.43, 0.35, 0.37, 0.29999999999999993, 0.2549999999999999, 1, 0.22, 0.99, 0.63, 0.26, 0.99, 0.99, 0.26, 0.26, 0.75, 0.36, 0.72, 0.38, 0.02, 0.52, 99, 99, 99]
--- num:  29
list:  [0.44, 0.44, 0.79, 0.79, 1, 1, 0.16199999999999998, 0.16199999999999998, 0.44, 0.44, 0.34, 0.38, 0.29999999999999993, 0.23999999999999988, 1, 0.22, 0.99, 0.63, 0.27, 0.99, 0.99, 0.27, 0.27, 0.75, 0.36, 0.71, 0.38, 0.02, 0.54, 99, 99, 99]
--- num:  29
list:  [0.45, 0.45, 0.81, 0.81, 1, 1, 0.16199999999999998, 0.16199999999999998, 0.43, 0.43, 0.34, 0.38, 0.2699999999999999, 0.22499999999999987, 1, 0.22, 0.99, 0.63, 0.26, 0.99, 0.99, 0.26, 0.26, 0.73, 0.37, 0.7, 0.38, 0.02, 0.56, 99, 99, 99]
--- num:  29
list:  [0.45, 0.45, 0.8, 0.8, 1, 1, 0.16199999999999998, 0.16199999999999998, 0.43, 0.43, 0.35, 0.37, 0.2849999999999999, 0.22499999999999987, 1, 0.22, 0.99, 0.63, 0.26, 0.99, 0.99, 0.26, 0.26, 0.74, 0.37, 0.7, 0.38, 0.02, 0.56, 99, 99, 99]
--- num:  29
list:  [0.44, 0.44, 0.8, 0.8, 1, 1, 0.16199999999999998, 0.16199999999999998, 0.43, 0.43, 0.35, 0.37, 0.2549999999999999, 0.20999999999999985, 1, 0.22, 0.99, 0.63, 0.26, 0.99, 0.99, 0.26, 0.26, 0.72, 0.38, 0.69, 0.39, 0.02, 0.57, 99, 99, 99]
--- num:  29
list:  [0.45, 0.45, 0.8, 0.8, 1, 1, 0.16199999999999998, 0.16199999999999998, 0.43, 0.43, 0.36, 0.37, 0.23999999999999988, 0.20999999999999985, 1, 0.22, 0.99, 0.63, 0.26, 0.99, 0.99, 0.26, 0.26, 0.71, 0.38, 0.69, 0.39, 0.02, 0.57, 99, 99, 99]
--- num:  29
list:  [0.46, 0.46, 0.83, 0.83, 1, 1, 0.16199999999999998, 0.16199999999999998, 0.43, 0.43, 0.35, 0.37, 0.22499999999999987, 0.195, 1, 0.22, 0.99, 0.63, 0.26, 0.99, 0.99, 0.26, 0.26, 0.7, 0.38, 0.68, 0.39, 0.02, 0.57, 99, 99, 99]
--- num:  29
list:  [0.44, 0.44, 0.79, 0.79, 1, 1, 0.16199999999999998, 0.16199999999999998, 0.44, 0.44, 0.36, 0.37, 0.22499999999999987, 0.195, 1, 0.22, 0.99, 0.63, 0.26, 0.99, 0.99, 0.26, 0.26, 0.7, 0.38, 0.68, 0.39, 0.02, 0.57, 99, 99, 99]
--- num:  29
list:  [0.45, 0.45, 0.82, 0.82, 1, 1, 0.16199999999999998, 0.16199999999999998, 0.43, 0.43, 0.35, 0.37, 0.20999999999999985, 0.195, 1, 0.22, 0.99, 0.63, 0.26, 0.99, 0.99, 0.26, 0.26, 0.69, 0.39, 0.68, 0.39, 0.02, 0.57, 99, 99, 99]
--- num:  29
list:  [0.46, 0.46, 0.84, 0.84, 1, 1, 0.16199999999999998, 0.16199999999999998, 0.43, 0.43, 0.35, 0.37, 0.20999999999999985, 0.195, 1, 0.22, 0.99, 0.63, 0.26, 0.99, 0.99, 0.26, 0.26, 0.69, 0.39, 0.68, 0.39, 0.01, 0.58, 99, 99, 99]
--- num:  29
list:  [0.46, 0.46, 0.84, 0.84, 1, 1, 0.16199999999999998, 0.16199999999999998, 0.42, 0.42, 0.36, 0.36, 0.20999999999999985, 0.18, 1, 0.22, 0.99, 0.63, 0.26, 0.99, 0.99, 0.26, 0.26, 0.69, 0.39, 0.67, 0.39, 0.01, 0.58, 99, 99, 99]
--- num:  29
list:  [0.46, 0.46, 0.84, 0.84, 1, 1, 0.16199999999999998, 0.16199999999999998, 0.41, 0.41, 0.36, 0.36, 0.20999999999999985, 0.195, 1, 0.22, 0.99, 0.63, 0.26, 0.99, 0.99, 0.26, 0.26, 0.69, 0.39, 0.68, 0.39, 0.01, 0.59, 99, 99, 99]
--- num:  29
