A0
A1
A2
A3
A4
A5
A6
A7
A8
A9
A10
A11
A12
A13
A14
A15
A16
A17
A18
A19
A20
A21
A22
A23
A24
A25
A26
A27
A28
--- [0.87, 0.67, 1.0, 1.0, 0.24, 0.24, 0.05, 0.13, 0.51, 0.54, 0.4, 0.38, 0.0, -0.0, 1.0, 0.21, 0.75, 0.6, 0.49, 0.8, 0.75, 0.46, 0.86, 0.55, 0.43, 0.55, 0.45, 0.0, 0.5, 99, 99, 99]
into servo loop...
start test new
list:  [0.43, 0.43, 0.78, 0.78, 1, 1, 0.16199999999999998, 0.16199999999999998, 0.52, 0.52, 0.34, 0.38, 0.10499999999999993, 0.11999999999999994, 1, 0.23, 0.99, 0.63, 0.27, 0.99, 0.99, 0.27, 0.27, 0.62, 0.42, 0.63, 0.42, 0.02, 0.55, 99, 99, 99]
--- num:  29
list:  [0.41, 0.41, 0.72, 0.72, 1, 1, 0.16199999999999998, 0.16199999999999998, 0.49, 0.49, 0.35, 0.37, 0.13499999999999995, 0.11999999999999994, 1, 0.24, 0.98, 0.64, 0.27, 0.98, 0.98, 0.27, 0.27, 0.64, 0.41, 0.63, 0.41, 0.04, 0.59, 99, 99, 99]
--- num:  29
list:  [0.41, 0.41, 0.71, 0.71, 1, 1, 0.1813076990842819, 0.18061059296131132, 0.37, 0.37, 0.35, 0.37, 0.16499999999999998, 0.18, 1, 0.24, 0.97, 0.64, 0.29, 0.97, 0.97, 0.29, 0.29, 0.66, 0.4, 0.67, 0.39, 0.03, 0.58, 99, 99, 99]
--- num:  29
list:  [0.43, 0.43, 0.77, 0.77, 1, 1, 0.16199999999999998, 0.16199999999999998, 0.46, 0.46, 0.37, 0.35, 0.13499999999999995, 0.13499999999999995, 1, 0.24, 0.98, 0.64, 0.27, 0.98, 0.98, 0.27, 0.27, 0.64, 0.41, 0.64, 0.41, 0.03, 0.55, 99, 99, 99]
--- num:  29
list:  [0.44, 0.44, 0.78, 0.78, 1, 1, 0.16199999999999998, 0.16199999999999998, 0.48, 0.48, 0.41, 0.31, 0.11999999999999994, 0.11999999999999994, 1, 0.23, 0.98, 0.63, 0.27, 0.98, 0.98, 0.27, 0.27, 0.63, 0.41, 0.63, 0.41, 0.03, 0.53, 99, 99, 99]
--- num:  29
list:  [0.44, 0.44, 0.78, 0.78, 1, 1, 0.16199999999999998, 0.16199999999999998, 0.47, 0.47, 0.42, 0.3, 0.11999999999999994, 0.11999999999999994, 1, 0.23, 0.98, 0.63, 0.27, 0.98, 0.98, 0.27, 0.27, 0.63, 0.42, 0.63, 0.41, 0.02, 0.52, 99, 99, 99]
--- num:  29
list:  [0.44, 0.44, 0.78, 0.78, 1, 1, 0.16199999999999998, 0.16199999999999998, 0.44, 0.44, 0.44, 0.28, 0.10499999999999993, 0.11999999999999994, 1, 0.23, 0.98, 0.63, 0.27, 0.98, 0.98, 0.27, 0.27, 0.62, 0.42, 0.63, 0.42, 0.02, 0.5, 99, 99, 99]
--- num:  29
list:  [0.56, 0.56, 1, 1, 0.98, 0.98, 0.22893200397491453, 0.22864889681339262, 0.32, 0.32, 0.38, 0.34, 0.14999999999999997, 0.16499999999999998, 1, 0.26, 0.96, 0.66, 0.28, 0.96, 0.96, 0.28, 0.28, 0.65, 0.41, 0.66, 0.4, 0.03, 0.48, 99, 99, 99]
--- num:  29
list:  [0.47, 0.47, 0.87, 0.87, 1, 1, 0.16199999999999998, 0.16199999999999998, 0.4, 0.4, 0.33, 0.39, 0.11999999999999994, 0.14999999999999997, 1, 0.23, 0.98, 0.64, 0.26, 0.98, 0.98, 0.26, 0.26, 0.63, 0.41, 0.65, 0.41, 0.02, 0.52, 99, 99, 99]
--- num:  29
list:  [0.47, 0.47, 0.85, 0.85, 1, 1, 0.16199999999999998, 0.16199999999999998, 0.43, 0.43, 0.31, 0.41, 0.13499999999999995, 0.14999999999999997, 1, 0.23, 0.98, 0.63, 0.26, 0.98, 0.98, 0.26, 0.26, 0.64, 0.41, 0.65, 0.41, 0.02, 0.55, 99, 99, 99]
--- num:  29
list:  [0.47, 0.47, 0.87, 0.87, 1, 1, 0.16199999999999998, 0.16199999999999998, 0.43, 0.43, 0.3, 0.42, 0.10499999999999993, 0.10499999999999993, 1, 0.22, 0.99, 0.63, 0.26, 0.99, 0.99, 0.26, 0.26, 0.62, 0.42, 0.62, 0.42, 0.02, 0.58, 99, 99, 99]
--- num:  29
list:  [0.48, 0.48, 0.88, 0.88, 1, 1, 0.16199999999999998, 0.16199999999999998, 0.4, 0.4, 0.31, 0.42, 0.11999999999999994, 0.11999999999999994, 1, 0.22, 0.99, 0.63, 0.25, 0.99, 0.99, 0.25, 0.25, 0.63, 0.42, 0.63, 0.42, 0.02, 0.6, 99, 99, 99]
--- num:  29
list:  [0.46, 0.46, 0.83, 0.83, 1, 1, 0.2524654972553253, 0.2511028754711151, 0.26, 0.26, 0.34, 0.39, 0.14999999999999997, 0.14999999999999997, 1, 0.23, 0.98, 0.64, 0.27, 0.98, 0.98, 0.27, 0.27, 0.65, 0.4, 0.65, 0.4, 0.02, 0.59, 99, 99, 99]
--- num:  29
list:  [0.49, 0.49, 0.9, 0.9, 1, 1, 0.16199999999999998, 0.16199999999999998, 0.34, 0.34, 0.36, 0.36, 0.13499999999999995, 0.13499999999999995, 1, 0.23, 0.98, 0.63, 0.25, 0.98, 0.98, 0.25, 0.25, 0.64, 0.41, 0.64, 0.41, 0.02, 0.59, 99, 99, 99]
--- num:  29
list:  [0.49, 0.49, 0.91, 0.91, 1, 1, 0.16199999999999998, 0.16199999999999998, 0.33, 0.33, 0.39, 0.34, 0.13499999999999995, 0.11999999999999994, 1, 0.22, 0.99, 0.63, 0.25, 0.99, 0.99, 0.25, 0.25, 0.64, 0.41, 0.63, 0.42, 0.01, 0.57, 99, 99, 99]
--- num:  29
list:  [0.49, 0.49, 0.9, 0.9, 1, 1, 0.26778401017189024, 0.2669915664196014, 0.24, 0.24, 0.39, 0.34, 0.14999999999999997, 0.13499999999999995, 1, 0.23, 0.98, 0.63, 0.26, 0.98, 0.98, 0.26, 0.26, 0.65, 0.41, 0.64, 0.41, 0.02, 0.55, 99, 99, 99]
--- num:  29
list:  [0.69, 0.69, 1, 1, 0.87, 0.87, 0.16199999999999998, 0.16199999999999998, 0.31, 0.31, 0.39, 0.33, 0.11999999999999994, 0.10499999999999993, 1, 0.33, 0.93, 0.71, 0.45, 0.93, 0.93, 0.45, 0.45, 0.63, 0.41, 0.62, 0.42, 0.15, 0.52, 99, 99, 99]
--- num:  29
list:  [0.92, 0.92, 1, 1, 0.68, 0.68, 0.16199999999999998, 0.16199999999999998, 0.3, 0.3, 0.39, 0.33, 0.0749999999999999, 0.0749999999999999, 1, 0.37, 0.915, 0.74, 0.49, 0.91, 0.92, 0.49, 0.49, 0.6, 0.43, 0.6, 0.43, 0.23, 0.49, 99, 99, 99]
--- num:  29
list:  [0.92, 0.92, 1, 1, 0.68, 0.68, 0.16199999999999998, 0.16199999999999998, 0.27, 0.27, 0.38, 0.35, 0.05999999999999989, 0.05999999999999989, 1, 0.37, 0.92, 0.74, 0.53, 0.92, 0.92, 0.53, 0.53, 0.59, 0.43, 0.59, 0.43, 0.37, 0.47, 99, 99, 99]
--- num:  29
list:  [0.92, 0.92, 1, 1, 0.68, 0.68, 0.16199999999999998, 0.16199999999999998, 0.26, 0.26, 0.37, 0.36, 0.05999999999999989, 0.0749999999999999, 1, 0.37, 0.92, 0.74, 0.54, 0.92, 0.92, 0.54, 0.54, 0.59, 0.43, 0.6, 0.43, 0.5, 0.5, 99, 99, 99]
--- num:  29
list:  [0.92, 0.92, 1, 1, 0.68, 0.68, 0.16199999999999998, 0.16199999999999998, 0.26, 0.26, 0.35, 0.37, 0.05999999999999989, 0.05999999999999989, 1, 0.38, 0.925, 0.75, 0.54, 0.92, 0.93, 0.54, 0.54, 0.59, 0.43, 0.59, 0.43, 0.54, 0.5, 99, 99, 99]
--- num:  29
list:  [0.92, 0.92, 1, 1, 0.68, 0.68, 0.16199999999999998, 0.16199999999999998, 0.27, 0.27, 0.34, 0.38, 0.05999999999999989, 0.05999999999999989, 1, 0.39, 0.925, 0.75, 0.53, 0.92, 0.93, 0.53, 0.53, 0.59, 0.43, 0.59, 0.43, 0.53, 0.5, 99, 99, 99]
--- num:  29
list:  [0.92, 0.92, 1, 1, 0.68, 0.68, 0.16199999999999998, 0.16199999999999998, 0.29, 0.29, 0.34, 0.39, 0.05999999999999989, 0.05999999999999989, 1, 0.39, 0.925, 0.75, 0.53, 0.92, 0.93, 0.53, 0.53, 0.59, 0.43, 0.59, 0.43, 0.51, 0.5, 99, 99, 99]
--- num:  29
list:  [0.92, 0.92, 1, 1, 0.68, 0.68, 0.16199999999999998, 0.16199999999999998, 0.33, 0.33, 0.33, 0.39, 0.04499999999999987, 0.05999999999999989, 1, 0.39, 0.925, 0.76, 0.53, 0.92, 0.93, 0.53, 0.53, 0.58, 0.44, 0.59, 0.43, 0.51, 0.5, 99, 99, 99]
--- num:  29
list:  [0.91, 0.91, 1, 1, 0.69, 0.69, 0.16199999999999998, 0.16199999999999998, 0.35, 0.35, 0.36, 0.36, 0.04499999999999987, 0.04499999999999987, 1, 0.39, 0.925, 0.76, 0.54, 0.92, 0.93, 0.54, 0.54, 0.58, 0.44, 0.58, 0.43, 0.5, 0.5, 99, 99, 99]
--- num:  29
list:  [0.89, 0.89, 1, 1, 0.71, 0.71, 0.16199999999999998, 0.16199999999999998, 0.35, 0.35, 0.46, 0.27, 0.05999999999999989, 0.05999999999999989, 1, 0.37, 0.92, 0.74, 0.56, 0.92, 0.92, 0.56, 0.56, 0.59, 0.43, 0.59, 0.43, 0.5, 0.5, 99, 99, 99]
--- num:  29
list:  [0.88, 0.88, 1, 1, 0.71, 0.71, 0.16199999999999998, 0.16199999999999998, 0.36, 0.36, 0.51, 0.22, 0.0749999999999999, 0.05999999999999989, 1, 0.38, 0.92, 0.74, 0.56, 0.92, 0.92, 0.56, 0.56, 0.6, 0.43, 0.59, 0.43, 0.49, 0.5, 99, 99, 99]
--- num:  29
list:  [0.87, 0.87, 1, 1, 0.72, 0.72, 0.16199999999999998, 0.16199999999999998, 0.38, 0.38, 0.5, 0.22, 0.05999999999999989, 0.05999999999999989, 1, 0.38, 0.92, 0.75, 0.56, 0.92, 0.92, 0.56, 0.56, 0.59, 0.43, 0.59, 0.43, 0.48, 0.5, 99, 99, 99]
--- num:  29
list:  [0.87, 0.87, 1, 1, 0.72, 0.72, 0.16199999999999998, 0.16199999999999998, 0.39, 0.39, 0.47, 0.25, 0.04499999999999987, 0.05999999999999989, 1, 0.38, 0.92, 0.75, 0.56, 0.92, 0.92, 0.56, 0.56, 0.58, 0.44, 0.59, 0.43, 0.48, 0.5, 99, 99, 99]
--- num:  29
list:  [0.86, 0.86, 1, 1, 0.73, 0.73, 0.16199999999999998, 0.16199999999999998, 0.38, 0.38, 0.64, 0.09, 0.04499999999999987, 0.05999999999999989, 1, 0.4, 0.91, 0.76, 0.56, 0.91, 0.91, 0.56, 0.56, 0.58, 0.44, 0.59, 0.43, 0.4, 0.23, 99, 99, 99]
--- num:  29
list:  [0.87, 0.87, 1, 1, 0.73, 0.73, 0.16199999999999998, 0.16199999999999998, 0.39, 0.39, 0.57, 0.16, 0.04499999999999987, 0.05999999999999989, 1, 0.41, 0.905, 0.77, 0.56, 0.9, 0.91, 0.56, 0.56, 0.58, 0.44, 0.59, 0.43, 0.4, 0.36, 99, 99, 99]
--- num:  29
list:  [0.87, 0.87, 1, 1, 0.73, 0.73, 0.16199999999999998, 0.16199999999999998, 0.4, 0.4, 0.56, 0.17, 0.04499999999999987, 0.05999999999999989, 1, 0.39, 0.915, 0.75, 0.56, 0.91, 0.92, 0.56, 0.56, 0.58, 0.44, 0.59, 0.43, 0.4, 0.45, 99, 99, 99]
--- num:  29
list:  [0.86, 0.86, 1, 1, 0.73, 0.73, 0.16199999999999998, 0.16199999999999998, 0.41, 0.41, 0.52, 0.2, 0.04499999999999987, 0.05999999999999989, 1, 0.38, 0.925, 0.75, 0.56, 0.92, 0.93, 0.56, 0.56, 0.58, 0.44, 0.59, 0.43, 0.42, 0.47, 99, 99, 99]
--- num:  29
list:  [0.85, 0.85, 1, 1, 0.74, 0.74, 0.16199999999999998, 0.16199999999999998, 0.41, 0.41, 0.5, 0.23, 0.05999999999999989, 0.05999999999999989, 1, 0.38, 0.925, 0.75, 0.56, 0.92, 0.93, 0.56, 0.56, 0.59, 0.43, 0.59, 0.43, 0.45, 0.5, 99, 99, 99]
--- num:  29
list:  [0.85, 0.85, 1, 1, 0.74, 0.74, 0.16199999999999998, 0.16199999999999998, 0.4, 0.4, 0.29, 0.44, 0.05999999999999989, 0.04499999999999987, 1, 0.39, 0.925, 0.75, 0.56, 0.92, 0.93, 0.56, 0.56, 0.59, 0.43, 0.58, 0.44, 0.48, 0.5, 99, 99, 99]
--- num:  29
list:  [0.84, 0.84, 1, 1, 0.75, 0.75, 0.16199999999999998, 0.16199999999999998, 0.43, 0.43, 0.3, 0.42, 0, 0, 1, 0.4, 0.93, 0.76, 0.56, 0.93, 0.93, 0.56, 0.56, 0.55, 0.45, 0.55, 0.45, 0.52, 0.5, 99, 99, 99]
--- num:  29
list:  [0.81, 0.81, 1, 1, 0.77, 0.77, 0.16199999999999998, 0.16199999999999998, 0.45, 0.45, 0.32, 0.41, 0, 0, 1, 0.44, 0.93, 0.79, 0.56, 0.93, 0.93, 0.56, 0.56, 0.52, 0.51, 0.52, 0.51, 0.5, 0.5, 99, 99, 99]
--- num:  29
list:  [0.8, 0.8, 1, 1, 0.78, 0.78, 0.16199999999999998, 0.16199999999999998, 0.47, 0.47, 0.33, 0.39, 0, 0, 1, 0.47, 0.925, 0.81, 0.56, 0.92, 0.93, 0.56, 0.56, 0.52, 0.51, 0.52, 0.51, 0.49, 0.5, 99, 99, 99]
--- num:  29
list:  [0.79, 0.79, 1, 1, 0.79, 0.79, 0.16199999999999998, 0.16199999999999998, 0.48, 0.48, 0.34, 0.39, 0, 0, 1, 0.47, 0.92, 0.82, 0.56, 0.92, 0.92, 0.56, 0.56, 0.54, 0.46, 0.54, 0.46, 0.5, 0.5, 99, 99, 99]
--- num:  29
list:  [0.77, 0.77, 1, 1, 0.81, 0.81, 0.16199999999999998, 0.16199999999999998, 0.49, 0.49, 0.35, 0.38, 0, 0, 1, 0.48, 0.915, 0.82, 0.56, 0.91, 0.92, 0.56, 0.56, 0.54, 0.47, 0.54, 0.48, 0.5, 0.5, 99, 99, 99]
--- num:  29
list:  [0.73, 0.73, 1, 1, 0.84, 0.84, 0.16199999999999998, 0.16199999999999998, 0.51, 0.51, 0.36, 0.36, 0, 0, 1, 0.5, 0.91, 0.83, 0.56, 0.91, 0.91, 0.56, 0.56, 0.54, 0.48, 0.53, 0.48, 0.49, 0.5, 99, 99, 99]
--- num:  29
list:  [0.71, 0.71, 1, 1, 0.86, 0.86, 0.16199999999999998, 0.16199999999999998, 0.54, 0.54, 0.36, 0.36, 0.02999999999999986, 0.02999999999999986, 1, 0.49, 0.91, 0.83, 0.56, 0.91, 0.91, 0.56, 0.56, 0.57, 0.44, 0.57, 0.44, 0.49, 0.5, 99, 99, 99]
--- num:  29
list:  [0.68, 0.68, 1, 1, 0.88, 0.88, 0.16199999999999998, 0.16199999999999998, 0.57, 0.57, 0.36, 0.36, 0.0749999999999999, 0.05999999999999989, 1, 0.5, 0.89, 0.84, 0.56, 0.89, 0.89, 0.56, 0.56, 0.6, 0.43, 0.59, 0.43, 0.43, 0.14, 99, 99, 99]
--- num:  29
list:  [0.65, 0.65, 1, 1, 0.9, 0.9, 0.16199999999999998, 0.16199999999999998, 0.57, 0.57, 0.35, 0.37, 0.05999999999999989, 0.04499999999999987, 1, 0.51, 0.89, 0.85, 0.56, 0.89, 0.89, 0.56, 0.56, 0.59, 0.43, 0.58, 0.43, 0.4, 0.18, 99, 99, 99]
--- num:  29
list:  [0.64, 0.64, 1, 1, 0.91, 0.91, 0.37366742968559263, 0.37134535193443297, 0.36, 0.36, 0.34, 0.38, 0.16499999999999998, 0.20999999999999985, 1, 0.49, 0.87, 0.83, 0.53, 0.87, 0.87, 0.53, 0.53, 0.66, 0.4, 0.69, 0.39, 0.37, 0.26, 99, 99, 99]
--- num:  29
list:  [0.67, 0.67, 1, 1, 0.88, 0.88, 0.16199999999999998, 0.16199999999999998, 0.55, 0.55, 0.27, 0.46, 0.08999999999999991, 0.04499999999999987, 1, 0.5, 0.88, 0.84, 0.56, 0.88, 0.88, 0.56, 0.56, 0.61, 0.43, 0.58, 0.44, 0.47, 0.5, 99, 99, 99]
--- num:  29
list:  [0.67, 0.67, 1, 1, 0.88, 0.88, 0.16199999999999998, 0.16199999999999998, 0.48, 0.48, 0.21, 0.51, 0.08999999999999991, 0.0749999999999999, 1, 0.5, 0.885, 0.84, 0.55, 0.88, 0.89, 0.55, 0.55, 0.61, 0.42, 0.6, 0.43, 0.38, 0.37, 99, 99, 99]
--- num:  29
list:  [0.68, 0.68, 1, 1, 0.87, 0.87, 0.16199999999999998, 0.16199999999999998, 0.5, 0.5, 0.18, 0.55, 0.02999999999999986, 0.02999999999999986, 1, 0.46, 0.885, 0.8, 0.55, 0.88, 0.89, 0.55, 0.55, 0.57, 0.44, 0.57, 0.44, 0.43, 0.44, 99, 99, 99]
--- num:  29
list:  [0.73, 0.73, 1, 1, 0.83, 0.83, 0.16199999999999998, 0.16199999999999998, 0.47, 0.47, 0.18, 0.54, 0, 0, 1, 0.43, 0.915, 0.79, 0.56, 0.91, 0.92, 0.56, 0.56, 0.52, 0.5, 0.52, 0.5, 0.48, 0.5, 99, 99, 99]
--- num:  29
list:  [0.76, 0.76, 1, 1, 0.81, 0.81, 0.16199999999999998, 0.16199999999999998, 0.36, 0.36, 0.26, 0.46, 0.05999999999999989, 0.04499999999999987, 1, 0.39, 0.915, 0.75, 0.56, 0.91, 0.92, 0.56, 0.56, 0.59, 0.43, 0.58, 0.44, 0.54, 0.5, 99, 99, 99]
--- num:  29
list:  [0.78, 0.78, 1, 1, 0.8, 0.8, 0.16199999999999998, 0.16199999999999998, 0.32, 0.32, 0.3, 0.43, 0.0749999999999999, 0.0749999999999999, 1, 0.37, 0.915, 0.74, 0.55, 0.91, 0.92, 0.55, 0.55, 0.6, 0.43, 0.6, 0.43, 0.56, 0.5, 99, 99, 99]
--- num:  29
list:  [0.74, 0.74, 1, 1, 0.83, 0.83, 0.16199999999999998, 0.16199999999999998, 0.33, 0.33, 0.3, 0.43, 0.0749999999999999, 0.0749999999999999, 1, 0.37, 0.915, 0.74, 0.54, 0.91, 0.92, 0.54, 0.54, 0.6, 0.43, 0.6, 0.43, 0.59, 0.5, 99, 99, 99]
--- num:  29
list:  [0.75, 0.75, 1, 1, 0.83, 0.83, 0.16199999999999998, 0.16199999999999998, 0.33, 0.33, 0.3, 0.42, 0.0749999999999999, 0.05999999999999989, 1, 0.37, 0.915, 0.74, 0.54, 0.91, 0.92, 0.54, 0.54, 0.6, 0.43, 0.59, 0.43, 0.59, 0.5, 99, 99, 99]
--- num:  29
list:  [0.75, 0.75, 1, 1, 0.82, 0.82, 0.16199999999999998, 0.16199999999999998, 0.33, 0.33, 0.31, 0.41, 0.0749999999999999, 0.05999999999999989, 1, 0.37, 0.915, 0.74, 0.52, 0.91, 0.92, 0.52, 0.52, 0.6, 0.43, 0.59, 0.43, 0.58, 0.5, 99, 99, 99]
--- num:  29
list:  [0.75, 0.75, 1, 1, 0.82, 0.82, 0.16199999999999998, 0.16199999999999998, 0.33, 0.33, 0.36, 0.37, 0.05999999999999989, 0.05999999999999989, 1, 0.37, 0.915, 0.74, 0.53, 0.91, 0.92, 0.53, 0.53, 0.59, 0.43, 0.59, 0.43, 0.58, 0.5, 99, 99, 99]
--- num:  29
list:  [0.75, 0.75, 1, 1, 0.82, 0.82, 0.16199999999999998, 0.16199999999999998, 0.31, 0.31, 0.45, 0.27, 0.0749999999999999, 0.05999999999999989, 1, 0.37, 0.905, 0.74, 0.54, 0.9, 0.91, 0.54, 0.54, 0.6, 0.43, 0.59, 0.43, 0.58, 0.5, 99, 99, 99]
--- num:  29
list:  [0.74, 0.74, 1, 1, 0.83, 0.83, 0.16199999999999998, 0.16199999999999998, 0.3, 0.3, 0.5, 0.23, 0.0749999999999999, 0.0749999999999999, 1, 0.38, 0.905, 0.74, 0.54, 0.9, 0.91, 0.54, 0.54, 0.6, 0.43, 0.6, 0.43, 0.59, 0.5, 99, 99, 99]
--- num:  29
list:  [0.74, 0.74, 1, 1, 0.83, 0.83, 0.16199999999999998, 0.16199999999999998, 0.3, 0.3, 0.52, 0.2, 0.08999999999999991, 0.0749999999999999, 1, 0.37, 0.9, 0.74, 0.53, 0.9, 0.9, 0.53, 0.53, 0.61, 0.42, 0.6, 0.43, 0.59, 0.5, 99, 99, 99]
--- num:  29
list:  [0.74, 0.74, 1, 1, 0.83, 0.83, 0.16199999999999998, 0.16199999999999998, 0.29, 0.29, 0.54, 0.18, 0.10499999999999993, 0.0749999999999999, 1, 0.37, 0.9, 0.74, 0.53, 0.9, 0.9, 0.53, 0.53, 0.62, 0.42, 0.6, 0.43, 0.6, 0.5, 99, 99, 99]
--- num:  29
list:  [0.72, 0.72, 1, 1, 0.84, 0.84, 0.16199999999999998, 0.16199999999999998, 0.3, 0.3, 0.55, 0.18, 0.10499999999999993, 0.08999999999999991, 1, 0.37, 0.89, 0.74, 0.54, 0.89, 0.89, 0.54, 0.54, 0.62, 0.42, 0.61, 0.42, 0.6, 0.5, 99, 99, 99]
--- num:  29
list:  [0.72, 0.72, 1, 1, 0.85, 0.85, 0.16199999999999998, 0.16199999999999998, 0.3, 0.3, 0.55, 0.18, 0.10499999999999993, 0.08999999999999991, 1, 0.37, 0.89, 0.74, 0.54, 0.89, 0.89, 0.54, 0.54, 0.62, 0.42, 0.61, 0.42, 0.6, 0.5, 99, 99, 99]
--- num:  29
list:  [0.72, 0.72, 1, 1, 0.85, 0.85, 0.39568902134895323, 0.3956063199043274, 0.19, 0.19, 0.52, 0.21, 0.10499999999999993, 0.08999999999999991, 1, 0.4, 0.865, 0.76, 0.53, 0.86, 0.87, 0.53, 0.53, 0.62, 0.42, 0.61, 0.42, 0.6, 0.5, 99, 99, 99]
--- num:  29
list:  [0.66, 0.66, 1, 1, 0.89, 0.89, 0.16199999999999998, 0.16199999999999998, 0.32, 0.32, 0.51, 0.21, 0.0749999999999999, 0.05999999999999989, 1, 0.4, 0.88, 0.76, 0.52, 0.88, 0.88, 0.52, 0.52, 0.6, 0.43, 0.59, 0.43, 0.59, 0.5, 99, 99, 99]
--- num:  29
list:  [0.67, 0.67, 1, 1, 0.89, 0.89, 0.16199999999999998, 0.16199999999999998, 0.35, 0.35, 0.48, 0.25, 0.05999999999999989, 0.05999999999999989, 1, 0.39, 0.88, 0.75, 0.54, 0.88, 0.88, 0.54, 0.54, 0.59, 0.43, 0.59, 0.43, 0.56, 0.5, 99, 99, 99]
--- num:  29
list:  [0.67, 0.67, 1, 1, 0.89, 0.89, 0.16199999999999998, 0.16199999999999998, 0.37, 0.37, 0.43, 0.29, 0.05999999999999989, 0.05999999999999989, 1, 0.39, 0.885, 0.75, 0.54, 0.88, 0.89, 0.54, 0.54, 0.59, 0.43, 0.59, 0.43, 0.55, 0.5, 99, 99, 99]
--- num:  29
list:  [0.66, 0.66, 1, 1, 0.9, 0.9, 0.16199999999999998, 0.16199999999999998, 0.41, 0.41, 0.39, 0.33, 0.04499999999999987, 0.04499999999999987, 1, 0.4, 0.89, 0.76, 0.55, 0.89, 0.89, 0.55, 0.55, 0.58, 0.44, 0.58, 0.43, 0.53, 0.5, 99, 99, 99]
--- num:  29
list:  [0.65, 0.65, 1, 1, 0.9, 0.9, 0.16199999999999998, 0.16199999999999998, 0.43, 0.43, 0.35, 0.37, 0.015000000000000013, 0.02999999999999986, 1, 0.4, 0.9, 0.76, 0.55, 0.9, 0.9, 0.55, 0.55, 0.56, 0.44, 0.57, 0.44, 0.48, 0.5, 99, 99, 99]
--- num:  29
list:  [0.65, 0.65, 1, 1, 0.91, 0.91, 0.16199999999999998, 0.16199999999999998, 0.44, 0.44, 0.33, 0.39, 0.015000000000000013, 0.02999999999999986, 1, 0.4, 0.9, 0.76, 0.55, 0.9, 0.9, 0.55, 0.55, 0.56, 0.45, 0.57, 0.44, 0.48, 0.5, 99, 99, 99]
--- num:  29
list:  [0.64, 0.64, 1, 1, 0.91, 0.91, 0.16199999999999998, 0.16199999999999998, 0.4, 0.4, 0.32, 0.4, 0.20999999999999985, 0.16499999999999998, 1, 0.35, 0.9, 0.72, 0.51, 0.9, 0.9, 0.51, 0.51, 0.69, 0.39, 0.66, 0.4, 0.21, 0.41, 99, 99, 99]
--- num:  29
list:  [0.6, 0.6, 1, 1, 0.94, 0.94, 0.16199999999999998, 0.16199999999999998, 0.41, 0.41, 0.33, 0.39, 0.345, 0.20999999999999985, 1, 0.26, 0.975, 0.65, 0.32, 0.97, 0.98, 0.32, 0.32, 0.78, 0.35, 0.69, 0.39, 0.06, 0.72, 99, 99, 99]
--- num:  29
list:  [0.58, 0.58, 1, 1, 0.96, 0.96, 0.16199999999999998, 0.16199999999999998, 0.42, 0.42, 0.33, 0.39, 0.29999999999999993, 0.195, 1, 0.24, 0.98, 0.64, 0.31, 0.98, 0.98, 0.31, 0.31, 0.75, 0.36, 0.68, 0.39, 0.05, 0.7, 99, 99, 99]
--- num:  29
list:  [0.57, 0.57, 1, 1, 0.97, 0.97, 0.16199999999999998, 0.16199999999999998, 0.42, 0.42, 0.34, 0.39, 0.31499999999999995, 0.195, 1, 0.24, 0.98, 0.64, 0.29, 0.98, 0.98, 0.29, 0.29, 0.76, 0.36, 0.68, 0.39, 0.04, 0.67, 99, 99, 99]
--- num:  29
list:  [0.57, 0.57, 1, 1, 0.97, 0.97, 0.16199999999999998, 0.16199999999999998, 0.45, 0.45, 0.34, 0.38, 0.2849999999999999, 0.195, 1, 0.23, 0.985, 0.64, 0.29, 0.98, 0.99, 0.29, 0.29, 0.74, 0.37, 0.68, 0.39, 0.04, 0.63, 99, 99, 99]
--- num:  29
list:  [0.56, 0.56, 1, 1, 0.98, 0.98, 0.16199999999999998, 0.16199999999999998, 0.46, 0.46, 0.34, 0.38, 0.2699999999999999, 0.18, 1, 0.23, 0.985, 0.63, 0.28, 0.98, 0.99, 0.28, 0.28, 0.73, 0.37, 0.67, 0.4, 0.04, 0.61, 99, 99, 99]
--- num:  29
list:  [0.5, 0.5, 0.92, 0.92, 1, 1, 0.16199999999999998, 0.16199999999999998, 0.48, 0.48, 0.33, 0.39, 0.2699999999999999, 0.18, 1, 0.23, 0.99, 0.63, 0.28, 0.99, 0.99, 0.28, 0.28, 0.73, 0.37, 0.67, 0.4, 0.03, 0.61, 99, 99, 99]
--- num:  29
list:  [0.49, 0.49, 0.9, 0.9, 1, 1, 0.16199999999999998, 0.16199999999999998, 0.5, 0.5, 0.34, 0.38, 0.23999999999999988, 0.16499999999999998, 1, 0.22, 0.99, 0.63, 0.27, 0.99, 0.99, 0.27, 0.27, 0.71, 0.38, 0.66, 0.4, 0.03, 0.6, 99, 99, 99]
--- num:  29
list:  [0.45, 0.45, 0.83, 0.83, 1, 1, 0.16199999999999998, 0.16199999999999998, 0.52, 0.52, 0.34, 0.39, 0.2699999999999999, 0.195, 1, 0.23, 0.99, 0.63, 0.28, 0.99, 0.99, 0.28, 0.28, 0.73, 0.37, 0.68, 0.39, 0.03, 0.57, 99, 99, 99]
--- num:  29
list:  [0.44, 0.44, 0.8, 0.8, 1, 1, 0.16199999999999998, 0.16199999999999998, 0.56, 0.56, 0.33, 0.39, 0.2549999999999999, 0.195, 1, 0.23, 0.99, 0.63, 0.29, 0.99, 0.99, 0.29, 0.29, 0.72, 0.37, 0.68, 0.39, 0.03, 0.56, 99, 99, 99]
--- num:  29
list:  [0.44, 0.44, 0.79, 0.79, 1, 1, 0.16199999999999998, 0.16199999999999998, 0.58, 0.58, 0.33, 0.39, 0.2549999999999999, 0.195, 1, 0.23, 0.985, 0.64, 0.29, 0.98, 0.99, 0.29, 0.29, 0.72, 0.38, 0.68, 0.39, 0.04, 0.54, 99, 99, 99]
--- num:  29
list:  [0.43, 0.43, 0.76, 0.76, 1, 1, 0.16199999999999998, 0.16199999999999998, 0.57, 0.57, 0.33, 0.39, 0.2549999999999999, 0.195, 1, 0.23, 0.985, 0.64, 0.29, 0.98, 0.99, 0.29, 0.29, 0.72, 0.38, 0.68, 0.39, 0.04, 0.53, 99, 99, 99]
--- num:  29
list:  [0.43, 0.43, 0.78, 0.78, 1, 1, 0.16199999999999998, 0.16199999999999998, 0.58, 0.58, 0.36, 0.36, 0.22499999999999987, 0.195, 1, 0.23, 0.98, 0.64, 0.3, 0.98, 0.98, 0.3, 0.3, 0.7, 0.38, 0.68, 0.39, 0.04, 0.51, 99, 99, 99]
--- num:  29
list:  [0.42, 0.42, 0.75, 0.75, 1, 1, 0.2034504222869873, 0.2010632413625717, 0.44, 0.44, 0.37, 0.36, 0.2549999999999999, 0.23999999999999988, 1, 0.24, 0.98, 0.64, 0.31, 0.98, 0.98, 0.31, 0.31, 0.72, 0.38, 0.71, 0.38, 0.04, 0.49, 99, 99, 99]
--- num:  29
list:  [0.43, 0.43, 0.78, 0.78, 1, 1, 0.16199999999999998, 0.16199999999999998, 0.55, 0.55, 0.36, 0.36, 0.23999999999999988, 0.195, 1, 0.24, 0.98, 0.64, 0.31, 0.98, 0.98, 0.31, 0.31, 0.71, 0.38, 0.68, 0.39, 0.04, 0.49, 99, 99, 99]
--- num:  29
list:  [0.44, 0.44, 0.79, 0.79, 1, 1, 0.16199999999999998, 0.16199999999999998, 0.55, 0.55, 0.37, 0.35, 0.22499999999999987, 0.18, 1, 0.24, 0.98, 0.65, 0.3, 0.98, 0.98, 0.3, 0.3, 0.7, 0.38, 0.67, 0.39, 0.04, 0.49, 99, 99, 99]
--- num:  29
list:  [0.44, 0.44, 0.8, 0.8, 1, 1, 0.16199999999999998, 0.16199999999999998, 0.54, 0.54, 0.39, 0.33, 0.22499999999999987, 0.18, 1, 0.24, 0.98, 0.64, 0.29, 0.98, 0.98, 0.29, 0.29, 0.7, 0.38, 0.67, 0.4, 0.04, 0.5, 99, 99, 99]
--- num:  29
list:  [0.45, 0.45, 0.81, 0.81, 1, 1, 0.16199999999999998, 0.16199999999999998, 0.51, 0.51, 0.44, 0.28, 0.22499999999999987, 0.18, 1, 0.24, 0.98, 0.64, 0.28, 0.98, 0.98, 0.28, 0.28, 0.7, 0.38, 0.67, 0.4, 0.04, 0.5, 99, 99, 99]
--- num:  29
list:  [0.45, 0.45, 0.82, 0.82, 1, 1, 0.16199999999999998, 0.16199999999999998, 0.51, 0.51, 0.47, 0.26, 0.195, 0.16499999999999998, 1, 0.23, 0.985, 0.64, 0.28, 0.98, 0.99, 0.28, 0.28, 0.68, 0.39, 0.66, 0.4, 0.03, 0.5, 99, 99, 99]
--- num:  29
