start livelink
[-0.123, -0.001, -0.098]
[-0.126, -0.001, -0.102]
[-0.13, -0.001, -0.106]
[-0.132, -0.001, -0.108]
[-0.131, -0.0, -0.109]
[-0.136, 0.0, -0.106]
[-0.118, 0.013, -0.095]
[-0.068, 0.03, -0.082]
[-0.074, 0.028, -0.064]
[-0.05, 0.024, -0.06]
[-0.066, 0.014, -0.066]
[-0.078, 0.008, -0.069]
[-0.082, 0.004, -0.072]
[-0.089, 0.002, -0.072]
[-0.092, 0.0, -0.069]
[-0.095, -0.002, -0.065]
[-0.101, -0.003, -0.061]
[-0.108, -0.005, -0.059]
[-0.108, -0.005, -0.056]
[-0.105, -0.004, -0.054]
[-0.098, -0.003, -0.053]
[-0.092, -0.003, -0.052]
[-0.087, -0.001, -0.052]
[-0.086, 0.001, -0.052]
[-0.084, 0.003, -0.053]
[-0.082, 0.005, -0.052]
[-0.082, 0.006, -0.051]
[-0.083, 0.007, -0.05]
[-0.091, 0.005, -0.047]
[-0.091, 0.005, -0.047]
[-0.093, 0.003, -0.044]
[-0.098, 0.002, -0.041]
[-0.102, -0.0, -0.036]
[-0.102, -0.0, -0.036]
[-0.106, -0.002, -0.035]
[-0.106, -0.003, -0.035]
[-0.106, -0.004, -0.033]
[-0.107, -0.005, -0.031]
[-0.112, -0.004, -0.03]
[-0.121, -0.003, -0.031]
[-0.134, -0.001, -0.034]
[-0.145, -0.001, -0.036]
[-0.155, -0.001, -0.038]
[-0.164, -0.001, -0.038]
[-0.175, -0.0, -0.036]
[-0.189, -0.001, -0.034]
[-0.195, -0.001, -0.032]
[-0.2, -0.001, -0.03]
[-0.201, -0.002, -0.028]
[-0.197, -0.002, -0.025]
[-0.195, -0.001, -0.023]
[-0.191, -0.001, -0.022]
[-0.187, -0.001, -0.024]
[-0.187, -0.001, -0.024]
[-0.187, -0.002, -0.026]
[-0.187, -0.003, -0.029]
[-0.188, -0.003, -0.031]
[-0.188, -0.003, -0.032]
[-0.186, -0.003, -0.033]
[-0.184, -0.003, -0.032]
[-0.172, -0.001, -0.032]
[-0.172, -0.001, -0.032]
[-0.166, 0.001, -0.032]
[-0.16, 0.003, -0.032]
[-0.154, 0.007, -0.032]
[-0.154, 0.007, -0.032]
[-0.154, 0.009, -0.032]
[-0.155, 0.011, -0.03]
[-0.16, 0.012, -0.024]
[-0.16, 0.012, -0.024]
[-0.158, 0.011, -0.021]
[-0.147, 0.011, -0.019]
[-0.131, 0.012, -0.017]
[-0.131, 0.012, -0.017]
[-0.119, 0.013, -0.018]
[-0.106, 0.014, -0.018]
[-0.092, 0.016, -0.016]
[-0.078, 0.017, -0.013]
[-0.069, 0.019, -0.011]
[-0.06, 0.021, -0.009]
[-0.048, 0.022, -0.007]
[-0.036, 0.022, -0.006]
[-0.026, 0.023, -0.006]
[-0.015, 0.023, -0.005]
[-0.007, 0.023, -0.005]
[-0.0, 0.023, -0.005]
[0.005, 0.023, -0.004]
[0.009, 0.024, -0.003]
[0.013, 0.025, -0.002]
[0.015, 0.025, -0.001]
[0.017, 0.026, 0.0]
[0.018, 0.026, 0.001]
[0.02, 0.026, 0.001]
[0.023, 0.026, -0.001]
[0.026, 0.026, -0.002]
[0.028, 0.026, -0.003]
[0.03, 0.025, -0.004]
[0.032, 0.025, -0.004]
[0.033, 0.024, -0.004]
[0.035, 0.024, -0.004]
[0.038, 0.023, -0.004]
[0.042, 0.022, -0.004]
[0.045, 0.021, -0.005]
[0.048, 0.02, -0.006]
[0.044, 0.019, -0.007]
[0.044, 0.019, -0.007]
[0.043, 0.018, -0.008]
[0.044, 0.017, -0.009]
[0.046, 0.015, -0.011]
[0.05, 0.013, -0.014]
[0.052, 0.012, -0.018]
[0.053, 0.011, -0.021]
[0.055, 0.007, -0.028]
[0.055, 0.007, -0.028]
[0.056, 0.006, -0.03]
[0.057, 0.005, -0.032]
[0.059, 0.004, -0.034]
[0.059, 0.004, -0.034]
[0.057, 0.003, -0.034]
[0.055, 0.003, -0.033]
[0.054, 0.003, -0.033]
[0.055, 0.004, -0.03]
[0.058, 0.005, -0.028]
[0.074, 0.008, -0.02]
[0.074, 0.008, -0.02]
[0.088, 0.01, -0.016]
[0.101, 0.011, -0.011]
[0.122, 0.012, -0.003]
[0.122, 0.012, -0.003]
[0.13, 0.012, 0.001]
[0.138, 0.013, 0.005]
[0.147, 0.014, 0.01]
[0.157, 0.015, 0.014]
[0.165, 0.016, 0.018]
[0.174, 0.017, 0.021]
[0.185, 0.018, 0.022]
[0.197, 0.019, 0.022]
[0.228, 0.018, 0.016]
[0.228, 0.018, 0.016]
[0.245, 0.018, 0.013]
[0.262, 0.017, 0.01]
[0.276, 0.017, 0.008]
[0.288, 0.016, 0.004]
[0.301, 0.016, 0.001]
[0.313, 0.015, -0.002]
[0.322, 0.015, -0.006]
[0.332, 0.015, -0.008]
[0.34, 0.015, -0.009]
[0.358, 0.015, -0.011]
[0.358, 0.015, -0.011]
[0.365, 0.015, -0.011]
[0.372, 0.015, -0.013]
[0.384, 0.014, -0.015]
[0.384, 0.014, -0.015]
[0.388, 0.014, -0.015]
[0.392, 0.014, -0.016]
[0.396, 0.012, -0.016]
[0.396, 0.012, -0.016]
[0.398, 0.012, -0.016]
[0.4, 0.012, -0.014]
[0.402, 0.011, -0.012]
[0.405, 0.011, -0.009]
[0.409, 0.01, -0.007]
[0.416, 0.01, -0.006]
[0.423, 0.011, -0.006]
[0.434, 0.012, -0.006]
[0.443, 0.013, -0.007]
[0.451, 0.013, -0.008]
[0.458, 0.014, -0.009]
[0.463, 0.015, -0.009]
[0.469, 0.015, -0.01]
[0.477, 0.016, -0.01]
[0.482, 0.017, -0.01]
[0.488, 0.017, -0.01]
[0.492, 0.017, -0.01]
[0.493, 0.017, -0.011]
[0.495, 0.017, -0.012]
[0.493, 0.016, -0.013]
[0.492, 0.016, -0.014]
[0.491, 0.015, -0.015]
[0.492, 0.014, -0.015]
[0.497, 0.014, -0.015]
[0.497, 0.014, -0.015]
[0.5, 0.014, -0.014]
[0.503, 0.014, -0.014]
[0.506, 0.014, -0.013]
[0.51, 0.014, -0.012]
[0.515, 0.015, -0.011]
[0.519, 0.016, -0.01]
[0.522, 0.016, -0.008]
[0.524, 0.017, -0.007]
[0.525, 0.017, -0.004]
[0.527, 0.016, 0.003]
[0.527, 0.016, 0.003]
[0.528, 0.016, 0.006]
[0.527, 0.015, 0.01]
[0.527, 0.014, 0.014]
[0.526, 0.012, 0.018]
[0.526, 0.01, 0.024]
[0.526, 0.009, 0.03]
[0.525, 0.008, 0.039]
[0.525, 0.009, 0.049]
[0.525, 0.01, 0.061]
[0.523, 0.011, 0.073]
[0.522, 0.012, 0.082]
[0.52, 0.012, 0.092]
[0.517, 0.011, 0.099]
[0.513, 0.012, 0.104]
[0.51, 0.012, 0.108]
[0.506, 0.012, 0.11]
[0.503, 0.013, 0.111]
[0.5, 0.014, 0.111]
[0.496, 0.015, 0.11]
[0.493, 0.017, 0.11]
[0.487, 0.018, 0.109]
[0.482, 0.02, 0.107]
[0.476, 0.022, 0.105]
[0.47, 0.024, 0.103]
[0.464, 0.025, 0.101]
[0.459, 0.026, 0.1]
[0.454, 0.027, 0.098]
[0.447, 0.027, 0.097]
[0.439, 0.028, 0.096]
[0.433, 0.028, 0.096]
[0.427, 0.029, 0.096]
[0.422, 0.029, 0.095]
[0.417, 0.029, 0.093]
[0.409, 0.03, 0.092]
[0.402, 0.032, 0.092]
[0.394, 0.034, 0.093]
[0.386, 0.035, 0.094]
[0.379, 0.036, 0.097]
[0.357, 0.038, 0.107]
[0.357, 0.038, 0.107]
[0.351, 0.039, 0.112]
[0.345, 0.039, 0.12]
[0.341, 0.04, 0.131]
[0.337, 0.041, 0.143]
[0.332, 0.042, 0.155]
[0.325, 0.043, 0.167]
[0.318, 0.044, 0.178]
[0.314, 0.045, 0.189]
[0.311, 0.046, 0.199]
[0.31, 0.046, 0.209]
[0.312, 0.045, 0.217]
[0.313, 0.043, 0.224]
[0.312, 0.042, 0.23]
[0.311, 0.041, 0.236]
[0.308, 0.04, 0.241]
[0.307, 0.039, 0.244]
[0.305, 0.038, 0.247]
[0.303, 0.038, 0.247]
[0.301, 0.037, 0.246]
[0.297, 0.037, 0.243]
[0.293, 0.036, 0.238]
[0.289, 0.035, 0.233]
[0.285, 0.035, 0.228]
[0.282, 0.034, 0.221]
[0.278, 0.035, 0.212]
[0.272, 0.037, 0.2]
[0.269, 0.039, 0.186]
[0.269, 0.04, 0.171]
[0.27, 0.042, 0.152]
[0.268, 0.044, 0.129]
[0.264, 0.044, 0.105]
[0.258, 0.044, 0.082]
[0.253, 0.042, 0.055]
[0.25, 0.041, 0.029]
[0.246, 0.039, 0.008]
[0.242, 0.038, -0.012]
[0.238, 0.038, -0.03]
[0.235, 0.038, -0.044]
[0.235, 0.039, -0.056]
[0.234, 0.039, -0.065]
[0.233, 0.039, -0.073]
[0.23, 0.038, -0.081]
[0.227, 0.038, -0.087]
[0.223, 0.037, -0.092]
[0.219, 0.036, -0.095]
[0.212, 0.034, -0.099]
[0.212, 0.034, -0.099]
[0.21, 0.032, -0.099]
[0.209, 0.031, -0.099]
[0.209, 0.03, -0.098]
[0.209, 0.028, -0.097]
[0.207, 0.027, -0.095]
[0.205, 0.025, -0.093]
[0.203, 0.024, -0.09]
[0.202, 0.023, -0.088]
[0.2, 0.022, -0.087]
[0.198, 0.021, -0.085]
[0.191, 0.019, -0.08]
[0.191, 0.019, -0.08]
[0.188, 0.017, -0.077]
[0.186, 0.016, -0.073]
[0.185, 0.015, -0.069]
[0.184, 0.014, -0.065]
[0.182, 0.013, -0.061]
[0.179, 0.013, -0.057]
[0.175, 0.012, -0.054]
[0.169, 0.012, -0.05]
[0.162, 0.012, -0.049]
[0.156, 0.012, -0.048]
[0.146, 0.011, -0.045]
[0.141, 0.011, -0.043]
[0.136, 0.011, -0.038]
[0.136, 0.011, -0.038]
[0.135, 0.011, -0.036]
[0.135, 0.01, -0.035]
[0.133, 0.01, -0.033]
[0.13, 0.009, -0.032]
[0.124, 0.01, -0.031]
[0.116, 0.01, -0.03]
[0.109, 0.01, -0.029]
[0.106, 0.01, -0.027]
[0.102, 0.011, -0.026]
[0.099, 0.011, -0.025]
[0.097, 0.011, -0.024]
[0.094, 0.011, -0.024]
[0.09, 0.012, -0.024]
[0.088, 0.012, -0.024]
[0.085, 0.013, -0.025]
[0.083, 0.015, -0.025]
[0.083, 0.017, -0.027]
[0.083, 0.019, -0.029]
[0.085, 0.022, -0.032]
[0.089, 0.025, -0.036]
[0.092, 0.028, -0.04]
[0.093, 0.032, -0.044]
[0.092, 0.04, -0.058]
[0.092, 0.04, -0.058]
[0.091, 0.046, -0.067]
[0.09, 0.051, -0.079]
[0.091, 0.057, -0.09]
[0.093, 0.062, -0.101]
[0.094, 0.067, -0.11]
[0.098, 0.071, -0.116]
[0.102, 0.076, -0.121]
[0.106, 0.08, -0.125]
[0.11, 0.084, -0.126]
[0.114, 0.087, -0.127]
[0.116, 0.089, -0.126]
[0.118, 0.091, -0.123]
[0.123, 0.092, -0.119]
[0.132, 0.094, -0.114]
[0.157, 0.095, -0.103]
[0.157, 0.095, -0.103]
[0.167, 0.095, -0.098]
[0.175, 0.095, -0.094]
[0.184, 0.096, -0.087]
[0.184, 0.096, -0.087]
[0.188, 0.096, -0.084]
[0.193, 0.096, -0.081]
[0.203, 0.095, -0.076]
[0.203, 0.095, -0.076]
[0.207, 0.094, -0.073]
[0.21, 0.093, -0.069]
[0.214, 0.092, -0.065]
[0.216, 0.091, -0.061]
[0.219, 0.09, -0.057]
[0.222, 0.089, -0.054]
[0.225, 0.088, -0.051]
[0.228, 0.087, -0.048]
[0.232, 0.086, -0.045]
[0.236, 0.085, -0.042]
[0.242, 0.084, -0.039]
[0.247, 0.084, -0.035]
[0.253, 0.084, -0.031]
[0.259, 0.083, -0.027]
[0.264, 0.082, -0.024]
[0.268, 0.082, -0.019]
[0.27, 0.082, -0.014]
[0.271, 0.083, -0.01]
[0.28, 0.082, -0.004]
[0.28, 0.082, -0.004]
[0.291, 0.081, -0.002]
[0.301, 0.08, 0.0]
[0.312, 0.079, 0.003]
[0.32, 0.078, 0.006]
[0.327, 0.078, 0.008]
[0.333, 0.076, 0.009]
[0.346, 0.073, 0.012]
[0.346, 0.073, 0.012]
[0.358, 0.07, 0.013]
[0.358, 0.07, 0.013]
[0.365, 0.068, 0.013]
[0.371, 0.067, 0.015]
[0.382, 0.065, 0.022]
[0.382, 0.065, 0.022]
[0.387, 0.065, 0.028]
[0.391, 0.064, 0.034]
[0.401, 0.062, 0.045]
[0.401, 0.062, 0.045]
[0.406, 0.061, 0.051]
[0.409, 0.059, 0.056]
[0.41, 0.059, 0.06]
[0.411, 0.058, 0.065]
[0.411, 0.057, 0.071]
[0.412, 0.056, 0.077]
[0.411, 0.054, 0.083]
[0.413, 0.053, 0.089]
[0.414, 0.053, 0.094]
[0.413, 0.054, 0.097]
[0.414, 0.055, 0.101]
[0.413, 0.056, 0.102]
[0.414, 0.058, 0.103]
[0.415, 0.059, 0.103]
[0.415, 0.06, 0.102]
[0.416, 0.06, 0.102]
[0.414, 0.06, 0.104]
[0.414, 0.06, 0.104]
[0.414, 0.06, 0.105]
[0.413, 0.061, 0.106]
[0.412, 0.061, 0.106]
[0.411, 0.063, 0.103]
[0.411, 0.063, 0.103]
[0.41, 0.064, 0.101]
[0.409, 0.065, 0.099]
[0.408, 0.066, 0.096]
[0.406, 0.067, 0.092]
[0.404, 0.068, 0.088]
[0.401, 0.069, 0.084]
[0.398, 0.069, 0.08]
[0.394, 0.07, 0.076]
[0.391, 0.07, 0.072]
[0.388, 0.07, 0.068]
[0.385, 0.071, 0.064]
[0.382, 0.071, 0.059]
[0.381, 0.07, 0.053]
[0.381, 0.07, 0.048]
[0.38, 0.069, 0.043]
[0.379, 0.067, 0.04]
[0.376, 0.066, 0.036]
[0.371, 0.063, 0.032]
[0.366, 0.062, 0.029]
[0.361, 0.06, 0.025]
[0.355, 0.058, 0.023]
[0.349, 0.057, 0.02]
[0.343, 0.055, 0.018]
[0.337, 0.053, 0.016]
[0.331, 0.051, 0.013]
[0.324, 0.049, 0.011]
[0.317, 0.048, 0.01]
[0.31, 0.047, 0.008]
[0.304, 0.046, 0.007]
[0.298, 0.046, 0.006]
[0.29, 0.046, 0.005]
[0.283, 0.046, 0.005]
[0.277, 0.045, 0.005]
[0.27, 0.043, 0.005]
[0.27, 0.043, 0.005]
[0.267, 0.042, 0.005]
[0.264, 0.04, 0.006]
[0.259, 0.038, 0.006]
[0.253, 0.036, 0.006]
[0.248, 0.034, 0.006]
[0.243, 0.033, 0.007]
[0.238, 0.031, 0.006]
[0.235, 0.03, 0.006]
[0.232, 0.029, 0.005]
[0.229, 0.028, 0.004]
[0.225, 0.027, 0.003]
[0.22, 0.027, 0.003]
[0.214, 0.027, 0.003]
[0.207, 0.027, 0.002]
[0.192, 0.027, 0.001]
[0.192, 0.027, 0.001]
[0.185, 0.026, 0.001]
[0.178, 0.025, -0.001]
[0.172, 0.024, -0.002]
[0.165, 0.023, -0.003]
[0.158, 0.023, -0.003]
[0.15, 0.024, -0.003]
[0.142, 0.025, -0.002]
[0.134, 0.026, -0.001]
[0.126, 0.027, -0.001]
[0.118, 0.028, -0.001]
[0.111, 0.029, -0.002]
[0.105, 0.03, -0.003]
[0.099, 0.03, -0.005]
[0.094, 0.031, -0.008]
[0.086, 0.032, -0.01]
[0.086, 0.032, -0.01]
[0.084, 0.031, -0.011]
[0.083, 0.031, -0.011]
[0.084, 0.03, -0.011]
[0.088, 0.03, -0.011]
[0.092, 0.029, -0.011]
[0.095, 0.028, -0.01]
[0.095, 0.028, -0.01]
[0.092, 0.028, -0.01]
[0.089, 0.027, -0.011]
[0.087, 0.027, -0.012]
[0.086, 0.026, -0.012]
[0.083, 0.025, -0.012]
[0.079, 0.024, -0.012]
[0.073, 0.023, -0.012]
[0.068, 0.021, -0.012]
[0.065, 0.019, -0.013]
[0.066, 0.017, -0.013]
[0.069, 0.015, -0.013]
[0.079, 0.01, -0.013]
[0.079, 0.01, -0.013]
[0.084, 0.007, -0.015]
[0.087, 0.004, -0.018]
[0.093, -0.001, -0.025]
[0.093, -0.001, -0.025]
[0.096, -0.004, -0.026]
[0.101, -0.006, -0.028]
[0.107, -0.009, -0.029]
[0.112, -0.011, -0.029]
[0.118, -0.013, -0.029]
[0.127, -0.015, -0.028]
[0.133, -0.017, -0.027]
[0.138, -0.018, -0.026]
[0.142, -0.019, -0.026]
[0.145, -0.019, -0.026]
[0.15, -0.018, -0.025]
[0.15, -0.018, -0.025]
[0.152, -0.017, -0.024]
[0.153, -0.015, -0.025]
[0.156, -0.013, -0.026]
[0.159, -0.013, -0.028]
[0.162, -0.014, -0.033]
[0.162, -0.014, -0.033]
[0.161, -0.014, -0.034]
[0.161, -0.015, -0.035]
[0.164, -0.017, -0.035]
[0.17, -0.018, -0.035]
[0.175, -0.02, -0.035]
[0.178, -0.021, -0.035]
[0.179, -0.022, -0.034]
[0.182, -0.023, -0.033]
[0.186, -0.024, -0.032]
[0.192, -0.024, -0.031]
[0.195, -0.024, -0.03]
[0.197, -0.022, -0.029]
[0.193, -0.018, -0.028]
[0.193, -0.018, -0.028]
[0.193, -0.016, -0.028]
[0.194, -0.016, -0.027]
[0.195, -0.015, -0.026]
[0.195, -0.013, -0.026]
[0.196, -0.012, -0.026]
[0.196, -0.011, -0.025]
[0.196, -0.009, -0.023]
[0.196, -0.009, -0.023]
[0.196, -0.009, -0.021]
[0.197, -0.009, -0.018]
[0.2, -0.008, -0.017]
[0.204, -0.007, -0.016]
[0.208, -0.007, -0.015]
[0.213, -0.007, -0.013]
[0.217, -0.006, -0.012]
[0.222, -0.005, -0.012]
[0.226, -0.004, -0.012]
[0.231, -0.003, -0.013]
[0.235, -0.002, -0.014]
[0.236, -0.001, -0.015]
[0.238, -0.001, -0.015]
[0.239, 0.0, -0.015]
[0.24, 0.001, -0.016]
[0.244, 0.002, -0.018]
[0.246, 0.003, -0.02]
[0.248, 0.004, -0.021]
[0.25, 0.005, -0.023]
[0.25, 0.005, -0.023]
[0.252, 0.005, -0.023]
[0.254, 0.005, -0.023]
[0.255, 0.005, -0.023]
[0.255, 0.005, -0.023]
[0.254, 0.005, -0.023]
[0.254, 0.004, -0.022]
[0.253, 0.004, -0.023]
[0.253, 0.005, -0.023]
[0.252, 0.005, -0.023]
[0.251, 0.005, -0.024]
[0.248, 0.005, -0.025]
[0.248, 0.004, -0.025]
[0.246, 0.004, -0.026]
[0.245, 0.004, -0.026]
[0.244, 0.003, -0.026]
[0.244, 0.003, -0.026]
[0.243, 0.003, -0.025]
[0.241, 0.003, -0.024]
[0.235, 0.004, -0.023]
[0.235, 0.004, -0.023]
[0.231, 0.005, -0.024]
[0.228, 0.005, -0.024]
[0.227, 0.005, -0.024]
[0.225, 0.006, -0.025]
[0.224, 0.006, -0.026]
[0.224, 0.006, -0.027]
[0.224, 0.007, -0.027]
[0.224, 0.007, -0.027]
[0.223, 0.007, -0.028]
[0.22, 0.007, -0.028]
[0.218, 0.008, -0.028]
[0.217, 0.01, -0.029]
[0.216, 0.012, -0.03]
[0.214, 0.014, -0.032]
[0.211, 0.015, -0.034]
