start livelink
[-0.052, 0.024, -0.035]
[-0.052, 0.024, -0.037]
[-0.049, 0.025, -0.037]
[-0.048, 0.025, -0.036]
[-0.056, 0.026, -0.036]
[-0.056, 0.026, -0.036]
[-0.066, 0.026, -0.034]
[-0.054, 0.029, -0.027]
[0.005, 0.045, -0.012]
[0.005, 0.045, -0.012]
[0.007, 0.046, -0.007]
[-0.029, 0.038, -0.021]
[-0.061, 0.028, -0.032]
[-0.061, 0.028, -0.032]
[-0.066, 0.027, -0.033]
[-0.062, 0.026, -0.032]
[-0.063, 0.024, -0.029]
[-0.063, 0.024, -0.027]
[-0.062, 0.025, -0.025]
[-0.063, 0.026, -0.024]
[-0.058, 0.028, -0.023]
[-0.052, 0.031, -0.021]
[-0.042, 0.035, -0.018]
[-0.034, 0.039, -0.016]
[-0.029, 0.042, -0.013]
[-0.026, 0.046, -0.011]
[-0.026, 0.05, -0.009]
[-0.028, 0.054, -0.006]
[-0.03, 0.057, -0.004]
[-0.034, 0.06, -0.001]
[-0.038, 0.063, 0.001]
[-0.042, 0.066, 0.003]
[-0.042, 0.069, 0.006]
[-0.042, 0.072, 0.009]
[-0.041, 0.075, 0.012]
[-0.04, 0.077, 0.015]
[-0.038, 0.079, 0.018]
[-0.032, 0.083, 0.022]
[-0.032, 0.083, 0.022]
[-0.027, 0.084, 0.025]
[-0.022, 0.085, 0.027]
[-0.011, 0.087, 0.031]
[-0.011, 0.087, 0.031]
[-0.003, 0.087, 0.033]
[0.004, 0.087, 0.035]
[0.011, 0.086, 0.037]
[0.016, 0.085, 0.038]
[0.02, 0.084, 0.038]
[0.025, 0.082, 0.037]
[0.026, 0.079, 0.037]
[0.021, 0.076, 0.036]
[0.015, 0.072, 0.035]
[0.01, 0.068, 0.033]
[0.01, 0.064, 0.03]
[0.023, 0.06, 0.023]
[0.034, 0.056, 0.016]
[0.047, 0.052, 0.009]
[0.055, 0.049, 0.003]
[0.061, 0.044, -0.003]
[0.066, 0.04, -0.01]
[0.07, 0.036, -0.016]
[0.075, 0.032, -0.022]
[0.08, 0.028, -0.027]
[0.085, 0.024, -0.032]
[0.093, 0.02, -0.036]
[0.098, 0.018, -0.041]
[0.104, 0.015, -0.044]
[0.105, 0.01, -0.05]
[0.104, 0.008, -0.051]
[0.101, 0.005, -0.053]
[0.1, 0.003, -0.053]
[0.102, 0.001, -0.054]
[0.104, -0.002, -0.055]
[0.108, -0.004, -0.057]
[0.112, -0.007, -0.058]
[0.117, -0.01, -0.059]
[0.124, -0.014, -0.057]
[0.124, -0.014, -0.057]
[0.127, -0.016, -0.055]
[0.13, -0.019, -0.053]
[0.132, -0.02, -0.051]
[0.136, -0.021, -0.05]
[0.138, -0.022, -0.049]
[0.139, -0.023, -0.048]
[0.143, -0.024, -0.048]
[0.149, -0.025, -0.048]
[0.158, -0.026, -0.047]
[0.167, -0.027, -0.045]
[0.172, -0.028, -0.042]
[0.174, -0.029, -0.036]
[0.177, -0.029, -0.031]
[0.178, -0.029, -0.028]
[0.179, -0.029, -0.025]
[0.179, -0.03, -0.022]
[0.18, -0.031, -0.018]
[0.182, -0.032, -0.013]
[0.185, -0.032, -0.008]
[0.188, -0.033, -0.002]
[0.19, -0.033, 0.004]
[0.191, -0.033, 0.009]
[0.192, -0.034, 0.015]
[0.193, -0.035, 0.02]
[0.195, -0.036, 0.024]
[0.198, -0.037, 0.029]
[0.202, -0.037, 0.033]
[0.204, -0.037, 0.037]
[0.208, -0.037, 0.043]
[0.211, -0.037, 0.048]
[0.212, -0.036, 0.053]
[0.212, -0.035, 0.059]
[0.214, -0.034, 0.062]
[0.216, -0.033, 0.065]
[0.218, -0.03, 0.068]
[0.219, -0.029, 0.072]
[0.219, -0.028, 0.076]
[0.217, -0.028, 0.079]
[0.216, -0.027, 0.083]
[0.214, -0.026, 0.085]
[0.21, -0.024, 0.087]
[0.206, -0.022, 0.088]
[0.203, -0.02, 0.087]
[0.2, -0.019, 0.087]
[0.197, -0.017, 0.087]
[0.193, -0.015, 0.086]
[0.19, -0.014, 0.086]
[0.187, -0.014, 0.085]
[0.185, -0.013, 0.083]
[0.183, -0.012, 0.082]
[0.183, -0.011, 0.08]
[0.184, -0.011, 0.078]
[0.187, -0.01, 0.075]
[0.191, -0.01, 0.072]
[0.194, -0.008, 0.069]
[0.196, -0.007, 0.066]
[0.198, -0.005, 0.063]
[0.202, -0.003, 0.06]
[0.207, -0.002, 0.056]
[0.211, -0.0, 0.053]
[0.215, 0.001, 0.05]
[0.217, 0.002, 0.048]
[0.217, 0.003, 0.047]
[0.217, 0.005, 0.045]
[0.217, 0.006, 0.043]
[0.217, 0.007, 0.041]
[0.217, 0.008, 0.039]
[0.218, 0.009, 0.038]
[0.218, 0.01, 0.037]
[0.218, 0.01, 0.036]
[0.219, 0.01, 0.035]
[0.219, 0.01, 0.034]
[0.22, 0.01, 0.033]
[0.222, 0.011, 0.031]
[0.224, 0.011, 0.028]
[0.226, 0.011, 0.027]
[0.227, 0.011, 0.025]
[0.227, 0.011, 0.024]
[0.225, 0.011, 0.023]
[0.225, 0.011, 0.023]
[0.224, 0.011, 0.022]
[0.221, 0.012, 0.019]
[0.221, 0.012, 0.019]
[0.218, 0.012, 0.017]
[0.215, 0.013, 0.016]
[0.212, 0.013, 0.016]
[0.21, 0.014, 0.016]
[0.209, 0.014, 0.016]
[0.208, 0.015, 0.016]
[0.204, 0.016, 0.017]
[0.204, 0.016, 0.017]
[0.202, 0.016, 0.019]
[0.198, 0.016, 0.022]
[0.191, 0.015, 0.032]
[0.191, 0.015, 0.032]
[0.188, 0.015, 0.038]
[0.188, 0.015, 0.045]
[0.187, 0.015, 0.053]
[0.187, 0.014, 0.063]
[0.187, 0.014, 0.075]
[0.186, 0.015, 0.088]
[0.187, 0.015, 0.1]
[0.188, 0.016, 0.112]
[0.187, 0.017, 0.123]
[0.186, 0.017, 0.133]
[0.186, 0.018, 0.141]
[0.184, 0.018, 0.147]
[0.184, 0.018, 0.152]
[0.183, 0.019, 0.155]
[0.181, 0.02, 0.156]
[0.178, 0.021, 0.158]
[0.175, 0.022, 0.159]
[0.172, 0.024, 0.158]
[0.168, 0.025, 0.157]
[0.165, 0.027, 0.155]
[0.162, 0.028, 0.152]
[0.16, 0.029, 0.149]
[0.158, 0.03, 0.145]
[0.157, 0.03, 0.14]
[0.156, 0.03, 0.135]
[0.154, 0.03, 0.131]
[0.153, 0.029, 0.125]
[0.152, 0.029, 0.121]
[0.149, 0.029, 0.117]
[0.147, 0.028, 0.114]
[0.146, 0.027, 0.109]
[0.147, 0.026, 0.103]
[0.148, 0.025, 0.094]
[0.148, 0.024, 0.084]
[0.146, 0.023, 0.075]
[0.146, 0.022, 0.066]
[0.147, 0.021, 0.056]
[0.15, 0.019, 0.047]
[0.153, 0.017, 0.038]
[0.156, 0.014, 0.029]
[0.156, 0.011, 0.02]
[0.155, 0.007, 0.011]
[0.154, 0.004, 0.003]
[0.151, 0.002, -0.004]
[0.149, 0.001, -0.011]
[0.143, -0.002, -0.023]
[0.143, -0.002, -0.023]
[0.14, -0.003, -0.028]
[0.139, -0.005, -0.032]
[0.137, -0.007, -0.036]
[0.135, -0.008, -0.039]
[0.135, -0.01, -0.042]
[0.135, -0.011, -0.044]
[0.135, -0.012, -0.047]
[0.136, -0.013, -0.049]
[0.135, -0.014, -0.052]
[0.136, -0.015, -0.056]
[0.136, -0.015, -0.056]
[0.136, -0.015, -0.058]
[0.136, -0.015, -0.059]
[0.136, -0.014, -0.06]
[0.135, -0.014, -0.06]
[0.134, -0.013, -0.06]
[0.132, -0.012, -0.059]
[0.129, -0.011, -0.056]
[0.127, -0.009, -0.053]
[0.126, -0.008, -0.049]
[0.126, -0.005, -0.046]
[0.124, -0.001, -0.043]
[0.12, 0.003, -0.041]
[0.115, 0.007, -0.039]
[0.108, 0.011, -0.036]
[0.104, 0.014, -0.032]
[0.097, 0.017, -0.027]
[0.093, 0.02, -0.022]
[0.089, 0.022, -0.017]
[0.083, 0.025, -0.014]
[0.078, 0.029, -0.011]
[0.069, 0.034, -0.009]
[0.062, 0.039, -0.009]
[0.057, 0.045, -0.009]
[0.051, 0.049, -0.009]
[0.048, 0.053, -0.01]
[0.045, 0.057, -0.01]
[0.041, 0.06, -0.011]
[0.033, 0.065, -0.013]
[0.033, 0.065, -0.013]
[0.029, 0.067, -0.013]
[0.028, 0.069, -0.014]
[0.026, 0.07, -0.015]
[0.025, 0.071, -0.015]
[0.024, 0.072, -0.015]
[0.023, 0.074, -0.014]
[0.02, 0.075, -0.013]
[0.016, 0.076, -0.012]
[0.016, 0.076, -0.012]
[0.013, 0.077, -0.011]
[0.012, 0.077, -0.01]
[0.009, 0.078, -0.009]
[0.006, 0.078, -0.008]
[0.004, 0.078, -0.008]
[0.001, 0.078, -0.008]
[-0.002, 0.078, -0.008]
[-0.007, 0.078, -0.008]
[-0.014, 0.077, -0.008]
[-0.024, 0.076, -0.006]
[-0.034, 0.074, -0.003]
[-0.043, 0.073, -0.002]
[-0.053, 0.072, -0.002]
[-0.062, 0.07, -0.003]
[-0.069, 0.069, -0.006]
[-0.082, 0.069, -0.01]
[-0.102, 0.07, -0.015]
[-0.128, 0.071, -0.021]
[-0.149, 0.068, -0.026]
[-0.149, 0.068, -0.026]
[-0.153, 0.064, -0.026]
[-0.155, 0.062, -0.027]
[-0.157, 0.059, -0.028]
[-0.164, 0.057, -0.027]
[-0.175, 0.055, -0.027]
[-0.184, 0.053, -0.027]
[-0.188, 0.05, -0.027]
[-0.191, 0.048, -0.028]
[-0.192, 0.046, -0.029]
[-0.194, 0.044, -0.03]
[-0.196, 0.042, -0.03]
[-0.196, 0.04, -0.031]
[-0.194, 0.038, -0.032]
[-0.19, 0.036, -0.032]
[-0.189, 0.035, -0.032]
[-0.187, 0.033, -0.033]
[-0.186, 0.031, -0.035]
[-0.185, 0.028, -0.037]
[-0.185, 0.024, -0.041]
[-0.183, 0.019, -0.043]
[-0.18, 0.013, -0.045]
[-0.179, 0.008, -0.049]
[-0.178, 0.003, -0.054]
[-0.178, -0.001, -0.058]
[-0.181, -0.006, -0.063]
[-0.182, -0.01, -0.066]
[-0.186, -0.014, -0.072]
[-0.192, -0.018, -0.079]
[-0.196, -0.023, -0.087]
[-0.194, -0.028, -0.095]
[-0.195, -0.032, -0.104]
[-0.195, -0.035, -0.114]
[-0.195, -0.038, -0.124]
[-0.192, -0.041, -0.132]
[-0.176, -0.05, -0.141]
[-0.176, -0.05, -0.141]
[-0.158, -0.054, -0.142]
[-0.14, -0.058, -0.144]
[-0.101, -0.063, -0.144]
[-0.101, -0.063, -0.144]
[-0.081, -0.065, -0.144]
[-0.065, -0.067, -0.143]
[-0.025, -0.067, -0.138]
[-0.025, -0.067, -0.138]
[0.006, -0.066, -0.13]
[0.033, -0.064, -0.12]
[0.058, -0.062, -0.113]
[0.078, -0.061, -0.106]
[0.098, -0.058, -0.101]
[0.117, -0.054, -0.094]
[0.151, -0.048, -0.084]
[0.151, -0.048, -0.084]
[0.167, -0.045, -0.078]
[0.182, -0.042, -0.074]
[0.194, -0.04, -0.069]
[0.206, -0.037, -0.064]
[0.215, -0.036, -0.06]
[0.225, -0.035, -0.056]
[0.234, -0.034, -0.053]
[0.242, -0.033, -0.05]
[0.246, -0.034, -0.048]
[0.248, -0.034, -0.048]
[0.25, -0.035, -0.047]
[0.25, -0.035, -0.047]
[0.252, -0.035, -0.045]
[0.254, -0.035, -0.044]
[0.257, -0.035, -0.043]
[0.26, -0.035, -0.043]
[0.263, -0.035, -0.043]
[0.266, -0.036, -0.042]
[0.271, -0.036, -0.04]
[0.274, -0.036, -0.038]
[0.279, -0.036, -0.035]
[0.284, -0.036, -0.033]
[0.286, -0.036, -0.03]
[0.288, -0.036, -0.027]
[0.29, -0.036, -0.024]
[0.288, -0.036, -0.02]
[0.288, -0.035, -0.015]
[0.288, -0.034, -0.008]
[0.289, -0.032, 0.0]
[0.288, -0.03, 0.01]
[0.288, -0.028, 0.019]
[0.29, -0.024, 0.03]
[0.293, -0.021, 0.042]
[0.299, -0.017, 0.055]
[0.303, -0.014, 0.067]
[0.308, -0.011, 0.077]
[0.313, -0.008, 0.086]
[0.317, -0.005, 0.097]
[0.322, -0.001, 0.106]
[0.325, 0.003, 0.116]
[0.328, 0.008, 0.125]
[0.333, 0.012, 0.133]
[0.335, 0.017, 0.14]
[0.337, 0.021, 0.146]
[0.338, 0.026, 0.151]
[0.339, 0.031, 0.154]
[0.34, 0.035, 0.157]
[0.341, 0.039, 0.16]
[0.342, 0.042, 0.163]
[0.342, 0.045, 0.166]
[0.342, 0.048, 0.169]
[0.342, 0.05, 0.172]
[0.343, 0.053, 0.175]
[0.343, 0.056, 0.179]
[0.343, 0.059, 0.183]
[0.342, 0.064, 0.188]
[0.342, 0.064, 0.188]
[0.343, 0.066, 0.189]
[0.342, 0.067, 0.19]
[0.342, 0.067, 0.191]
[0.341, 0.068, 0.192]
[0.34, 0.068, 0.192]
[0.339, 0.068, 0.192]
[0.339, 0.068, 0.191]
[0.34, 0.068, 0.191]
[0.341, 0.068, 0.19]
[0.342, 0.067, 0.19]
[0.343, 0.067, 0.19]
[0.344, 0.067, 0.189]
[0.344, 0.067, 0.189]
[0.343, 0.066, 0.188]
[0.342, 0.066, 0.188]
[0.341, 0.066, 0.187]
[0.341, 0.066, 0.187]
[0.34, 0.067, 0.186]
[0.341, 0.067, 0.185]
[0.341, 0.068, 0.184]
[0.34, 0.067, 0.183]
[0.34, 0.067, 0.181]
[0.34, 0.066, 0.179]
[0.338, 0.065, 0.177]
[0.336, 0.065, 0.174]
[0.333, 0.065, 0.171]
[0.328, 0.064, 0.167]
[0.322, 0.063, 0.162]
[0.315, 0.063, 0.157]
[0.311, 0.062, 0.15]
[0.304, 0.061, 0.144]
[0.293, 0.059, 0.135]
[0.293, 0.059, 0.135]
[0.288, 0.058, 0.13]
[0.284, 0.057, 0.125]
[0.28, 0.056, 0.119]
[0.276, 0.055, 0.113]
[0.272, 0.053, 0.107]
[0.269, 0.052, 0.099]
[0.266, 0.051, 0.093]
[0.261, 0.05, 0.088]
[0.256, 0.05, 0.084]
[0.25, 0.049, 0.08]
[0.243, 0.049, 0.075]
[0.236, 0.048, 0.071]
[0.23, 0.048, 0.066]
[0.217, 0.045, 0.053]
[0.217, 0.045, 0.053]
[0.211, 0.043, 0.046]
[0.208, 0.041, 0.042]
[0.205, 0.038, 0.037]
[0.203, 0.036, 0.032]
[0.2, 0.034, 0.029]
[0.198, 0.032, 0.025]
[0.196, 0.031, 0.022]
[0.194, 0.03, 0.019]
[0.191, 0.029, 0.015]
[0.188, 0.027, 0.012]
[0.184, 0.027, 0.009]
[0.18, 0.026, 0.006]
[0.178, 0.026, 0.004]
[0.176, 0.025, 0.002]
[0.176, 0.024, 0.0]
[0.174, 0.022, -0.002]
[0.174, 0.02, -0.005]
[0.171, 0.018, -0.006]
[0.169, 0.016, -0.007]
[0.167, 0.014, -0.008]
[0.163, 0.012, -0.009]
[0.161, 0.009, -0.01]
[0.159, 0.006, -0.01]
[0.156, 0.002, -0.008]
[0.156, 0.002, -0.008]
[0.155, -0.0, -0.007]
[0.153, -0.001, -0.007]
[0.152, -0.002, -0.006]
[0.15, -0.002, -0.005]
[0.148, -0.001, -0.004]
[0.147, -0.001, -0.003]
[0.146, 0.0, -0.002]
[0.146, 0.0, -0.002]
[0.147, 0.001, -0.002]
[0.148, 0.002, -0.002]
[0.15, 0.002, -0.002]
[0.152, 0.002, -0.001]
[0.153, 0.001, -0.001]
[0.154, 0.001, -0.0]
[0.153, -0.0, 0.0]
[0.151, -0.001, -0.0]
[0.151, -0.002, -0.001]
[0.149, -0.003, 0.001]
[0.149, -0.003, 0.001]
[0.148, -0.003, 0.002]
[0.146, -0.004, 0.003]
[0.144, -0.004, 0.003]
[0.142, -0.005, 0.003]
[0.139, -0.006, 0.003]
[0.137, -0.006, 0.003]
[0.134, -0.007, 0.003]
[0.132, -0.008, 0.003]
[0.13, -0.008, 0.003]
[0.128, -0.008, 0.001]
[0.125, -0.007, -0.002]
[0.121, -0.006, -0.005]
[0.117, -0.005, -0.007]
[0.112, -0.005, -0.008]
[0.104, -0.005, -0.01]
[0.097, -0.006, -0.011]
[0.087, -0.007, -0.011]
[0.078, -0.009, -0.011]
[0.07, -0.01, -0.01]
[0.063, -0.01, -0.009]
[0.054, -0.01, -0.01]
[0.046, -0.009, -0.012]
[0.04, -0.008, -0.014]
[0.035, -0.007, -0.017]
[0.03, -0.007, -0.019]
[0.028, -0.008, -0.02]
[0.024, -0.008, -0.022]
[0.02, -0.008, -0.023]
[0.013, -0.008, -0.025]
[0.006, -0.009, -0.027]
[-0.001, -0.009, -0.029]
[-0.01, -0.01, -0.031]
[-0.022, -0.011, -0.032]
[-0.03, -0.013, -0.034]
[-0.038, -0.014, -0.033]
[-0.048, -0.015, -0.033]
[-0.057, -0.016, -0.031]
[-0.064, -0.016, -0.029]
[-0.069, -0.017, -0.027]
[-0.069, -0.017, -0.025]
[-0.066, -0.018, -0.023]
[-0.063, -0.019, -0.022]
[-0.06, -0.02, -0.02]
[-0.056, -0.021, -0.018]
[-0.054, -0.022, -0.015]
[-0.052, -0.022, -0.013]
[-0.051, -0.022, -0.01]
[-0.054, -0.022, -0.007]
[-0.059, -0.019, -0.001]
[-0.059, -0.019, -0.001]
[-0.059, -0.017, 0.002]
[-0.056, -0.015, 0.004]
[-0.051, -0.014, 0.007]
[-0.043, -0.013, 0.008]
[-0.036, -0.012, 0.009]
[-0.029, -0.01, 0.01]
[-0.023, -0.008, 0.011]
[-0.019, -0.007, 0.012]
[-0.015, -0.006, 0.012]
[-0.013, -0.005, 0.011]
[-0.013, -0.005, 0.011]
[-0.012, -0.003, 0.009]
[-0.012, -0.001, 0.007]
[-0.007, 0.002, 0.005]
[-0.007, 0.002, 0.005]
[-0.004, 0.003, 0.004]
[-0.002, 0.004, 0.004]
[-0.0, 0.005, 0.003]
[0.0, 0.006, 0.003]
[0.001, 0.007, 0.003]
[0.001, 0.008, 0.003]
[-0.001, 0.01, 0.004]
[-0.003, 0.012, 0.004]
[-0.006, 0.014, 0.005]
[-0.005, 0.016, 0.005]
[-0.001, 0.019, 0.006]
[0.003, 0.023, 0.007]
[0.006, 0.026, 0.009]
[0.009, 0.029, 0.011]
[0.012, 0.031, 0.013]
[0.015, 0.035, 0.015]
[0.019, 0.038, 0.017]
[0.021, 0.042, 0.02]
[0.024, 0.046, 0.023]
[0.027, 0.049, 0.025]
[0.029, 0.053, 0.028]
[0.032, 0.057, 0.029]
[0.038, 0.064, 0.033]
[0.041, 0.067, 0.035]
[0.043, 0.07, 0.037]
[0.045, 0.072, 0.038]
[0.046, 0.075, 0.038]
[0.048, 0.077, 0.038]
[0.05, 0.079, 0.037]
[0.055, 0.082, 0.035]
[0.055, 0.082, 0.035]
