start livelink
[-0.038, 0.011, -0.088]
[-0.037, 0.011, -0.086]
[-0.031, 0.012, -0.085]
[-0.024, 0.012, -0.084]
[-0.017, 0.012, -0.083]
[-0.014, 0.013, -0.082]
[-0.013, 0.014, -0.082]
[-0.014, 0.015, -0.08]
[-0.017, 0.016, -0.077]
[-0.018, 0.018, -0.072]
[-0.009, 0.02, -0.068]
[-0.001, 0.02, -0.063]
[0.006, 0.022, -0.061]
[0.009, 0.027, -0.056]
[0.013, 0.031, -0.053]
[0.017, 0.032, -0.047]
[0.024, 0.031, -0.043]
[0.029, 0.028, -0.04]
[0.024, 0.024, -0.044]
[0.021, 0.021, -0.047]
[0.018, 0.021, -0.05]
[0.016, 0.021, -0.052]
[0.018, 0.023, -0.051]
[0.018, 0.024, -0.05]
[0.017, 0.026, -0.049]
[0.016, 0.027, -0.048]
[0.015, 0.027, -0.047]
[0.016, 0.028, -0.046]
[0.018, 0.028, -0.044]
[0.019, 0.028, -0.042]
[0.021, 0.029, -0.04]
[0.022, 0.029, -0.038]
[0.022, 0.03, -0.037]
[0.023, 0.031, -0.036]
[0.026, 0.031, -0.036]
[0.03, 0.032, -0.034]
[0.034, 0.033, -0.032]
[0.032, 0.034, -0.029]
[0.03, 0.035, -0.026]
[0.039, 0.036, -0.024]
[0.039, 0.036, -0.024]
[0.048, 0.036, -0.024]
[0.055, 0.036, -0.024]
[0.067, 0.035, -0.022]
[0.067, 0.035, -0.022]
[0.073, 0.036, -0.021]
[0.078, 0.036, -0.02]
[0.088, 0.037, -0.018]
[0.088, 0.037, -0.018]
[0.093, 0.038, -0.017]
[0.099, 0.038, -0.016]
[0.117, 0.039, -0.017]
[0.117, 0.039, -0.017]
[0.126, 0.04, -0.017]
[0.133, 0.041, -0.017]
[0.145, 0.043, -0.015]
[0.145, 0.043, -0.015]
[0.151, 0.044, -0.013]
[0.157, 0.044, -0.01]
[0.169, 0.046, -0.007]
[0.169, 0.046, -0.007]
[0.174, 0.047, -0.005]
[0.179, 0.048, -0.002]
[0.185, 0.048, 0.001]
[0.19, 0.05, 0.006]
[0.197, 0.052, 0.011]
[0.205, 0.054, 0.017]
[0.212, 0.057, 0.023]
[0.217, 0.061, 0.031]
[0.222, 0.064, 0.04]
[0.229, 0.067, 0.048]
[0.234, 0.07, 0.055]
[0.243, 0.072, 0.06]
[0.249, 0.075, 0.065]
[0.255, 0.077, 0.069]
[0.26, 0.078, 0.074]
[0.263, 0.079, 0.078]
[0.272, 0.08, 0.082]
[0.282, 0.083, 0.084]
[0.282, 0.083, 0.084]
[0.286, 0.086, 0.086]
[0.288, 0.089, 0.089]
[0.293, 0.092, 0.093]
[0.293, 0.092, 0.093]
[0.295, 0.093, 0.095]
[0.298, 0.094, 0.096]
[0.301, 0.095, 0.097]
[0.306, 0.096, 0.097]
[0.31, 0.096, 0.098]
[0.315, 0.097, 0.099]
[0.318, 0.097, 0.099]
[0.321, 0.097, 0.1]
[0.325, 0.096, 0.102]
[0.327, 0.095, 0.105]
[0.327, 0.092, 0.113]
[0.327, 0.092, 0.113]
[0.325, 0.09, 0.115]
[0.324, 0.089, 0.116]
[0.323, 0.087, 0.116]
[0.324, 0.086, 0.116]
[0.324, 0.085, 0.115]
[0.324, 0.084, 0.115]
[0.323, 0.082, 0.113]
[0.323, 0.081, 0.111]
[0.323, 0.08, 0.107]
[0.323, 0.078, 0.104]
[0.323, 0.075, 0.1]
[0.323, 0.072, 0.096]
[0.323, 0.069, 0.09]
[0.325, 0.067, 0.083]
[0.332, 0.061, 0.065]
[0.332, 0.061, 0.065]
[0.336, 0.058, 0.056]
[0.339, 0.056, 0.048]
[0.344, 0.052, 0.035]
[0.344, 0.052, 0.035]
[0.348, 0.05, 0.03]
[0.352, 0.049, 0.025]
[0.356, 0.048, 0.023]
[0.359, 0.046, 0.021]
[0.361, 0.045, 0.019]
[0.363, 0.044, 0.017]
[0.372, 0.041, 0.015]
[0.372, 0.041, 0.015]
[0.378, 0.039, 0.016]
[0.383, 0.037, 0.018]
[0.389, 0.036, 0.019]
[0.394, 0.036, 0.02]
[0.4, 0.035, 0.022]
[0.404, 0.036, 0.024]
[0.407, 0.036, 0.026]
[0.409, 0.036, 0.029]
[0.412, 0.037, 0.032]
[0.415, 0.037, 0.035]
[0.418, 0.039, 0.038]
[0.422, 0.04, 0.04]
[0.424, 0.041, 0.042]
[0.426, 0.042, 0.044]
[0.428, 0.043, 0.045]
[0.43, 0.044, 0.047]
[0.432, 0.044, 0.05]
[0.433, 0.045, 0.052]
[0.434, 0.046, 0.057]
[0.434, 0.046, 0.057]
[0.434, 0.046, 0.059]
[0.433, 0.046, 0.061]
[0.429, 0.046, 0.063]
[0.429, 0.046, 0.063]
[0.427, 0.047, 0.063]
[0.424, 0.048, 0.064]
[0.421, 0.049, 0.065]
[0.418, 0.05, 0.066]
[0.415, 0.052, 0.067]
[0.412, 0.053, 0.068]
[0.406, 0.055, 0.071]
[0.406, 0.055, 0.071]
[0.403, 0.055, 0.073]
[0.401, 0.056, 0.075]
[0.397, 0.058, 0.079]
[0.397, 0.058, 0.079]
[0.395, 0.059, 0.081]
[0.392, 0.06, 0.085]
[0.387, 0.06, 0.094]
[0.384, 0.06, 0.1]
[0.384, 0.06, 0.1]
[0.381, 0.06, 0.106]
[0.374, 0.061, 0.122]
[0.374, 0.061, 0.122]
[0.368, 0.062, 0.131]
[0.362, 0.062, 0.141]
[0.35, 0.065, 0.163]
[0.35, 0.065, 0.163]
[0.342, 0.066, 0.177]
[0.336, 0.067, 0.19]
[0.332, 0.068, 0.204]
[0.328, 0.068, 0.218]
[0.323, 0.07, 0.231]
[0.321, 0.07, 0.242]
[0.319, 0.07, 0.26]
[0.319, 0.07, 0.26]
[0.319, 0.069, 0.268]
[0.319, 0.069, 0.275]
[0.318, 0.069, 0.279]
[0.316, 0.07, 0.281]
[0.314, 0.07, 0.282]
[0.31, 0.07, 0.282]
[0.307, 0.071, 0.281]
[0.305, 0.071, 0.282]
[0.302, 0.071, 0.281]
[0.3, 0.071, 0.281]
[0.297, 0.072, 0.28]
[0.295, 0.072, 0.278]
[0.292, 0.072, 0.274]
[0.291, 0.072, 0.272]
[0.291, 0.072, 0.272]
[0.289, 0.072, 0.271]
[0.288, 0.072, 0.27]
[0.289, 0.072, 0.269]
[0.289, 0.072, 0.265]
[0.289, 0.072, 0.265]
[0.289, 0.072, 0.263]
[0.288, 0.071, 0.26]
[0.288, 0.071, 0.257]
[0.289, 0.07, 0.256]
[0.289, 0.07, 0.256]
[0.291, 0.069, 0.255]
[0.294, 0.068, 0.255]
[0.294, 0.068, 0.255]
[0.296, 0.067, 0.254]
[0.299, 0.066, 0.253]
[0.302, 0.064, 0.251]
[0.302, 0.064, 0.251]
[0.301, 0.065, 0.25]
[0.299, 0.065, 0.249]
[0.293, 0.067, 0.248]
[0.293, 0.067, 0.248]
[0.291, 0.066, 0.247]
[0.29, 0.066, 0.246]
[0.288, 0.066, 0.244]
[0.286, 0.066, 0.24]
[0.284, 0.066, 0.236]
[0.282, 0.065, 0.231]
[0.279, 0.065, 0.225]
[0.277, 0.064, 0.219]
[0.275, 0.063, 0.212]
[0.274, 0.062, 0.204]
[0.274, 0.062, 0.196]
[0.275, 0.061, 0.186]
[0.275, 0.062, 0.173]
[0.276, 0.061, 0.16]
[0.278, 0.059, 0.13]
[0.278, 0.059, 0.13]
[0.277, 0.059, 0.114]
[0.277, 0.057, 0.097]
[0.279, 0.056, 0.079]
[0.279, 0.055, 0.061]
[0.281, 0.053, 0.043]
[0.282, 0.052, 0.028]
[0.282, 0.052, 0.014]
[0.283, 0.052, 0.001]
[0.284, 0.051, -0.012]
[0.283, 0.05, -0.023]
[0.284, 0.049, -0.035]
[0.285, 0.047, -0.044]
[0.287, 0.046, -0.055]
[0.289, 0.044, -0.064]
[0.295, 0.041, -0.081]
[0.295, 0.041, -0.081]
[0.299, 0.041, -0.088]
[0.302, 0.04, -0.095]
[0.303, 0.04, -0.1]
[0.304, 0.039, -0.106]
[0.304, 0.038, -0.113]
[0.304, 0.038, -0.12]
[0.304, 0.039, -0.126]
[0.303, 0.039, -0.13]
[0.302, 0.038, -0.134]
[0.3, 0.037, -0.136]
[0.298, 0.037, -0.137]
[0.297, 0.036, -0.136]
[0.298, 0.036, -0.135]
[0.299, 0.036, -0.134]
[0.3, 0.036, -0.134]
[0.301, 0.035, -0.133]
[0.3, 0.035, -0.133]
[0.299, 0.034, -0.133]
[0.299, 0.033, -0.133]
[0.298, 0.032, -0.134]
[0.296, 0.032, -0.134]
[0.295, 0.031, -0.135]
[0.294, 0.03, -0.135]
[0.293, 0.03, -0.136]
[0.293, 0.029, -0.136]
[0.292, 0.029, -0.136]
[0.291, 0.028, -0.136]
[0.291, 0.028, -0.136]
[0.29, 0.027, -0.136]
[0.29, 0.027, -0.135]
[0.289, 0.027, -0.134]
[0.288, 0.027, -0.133]
[0.287, 0.027, -0.132]
[0.287, 0.027, -0.131]
[0.287, 0.026, -0.129]
[0.287, 0.027, -0.128]
[0.287, 0.027, -0.128]
[0.288, 0.026, -0.128]
[0.288, 0.026, -0.128]
[0.288, 0.026, -0.128]
[0.287, 0.025, -0.128]
[0.287, 0.024, -0.128]
[0.285, 0.024, -0.127]
[0.285, 0.024, -0.127]
[0.284, 0.024, -0.125]
[0.284, 0.024, -0.124]
[0.284, 0.024, -0.122]
[0.283, 0.025, -0.12]
[0.282, 0.026, -0.117]
[0.281, 0.027, -0.112]
[0.28, 0.028, -0.105]
[0.28, 0.028, -0.096]
[0.28, 0.029, -0.086]
[0.278, 0.028, -0.073]
[0.275, 0.028, -0.06]
[0.271, 0.027, -0.046]
[0.269, 0.027, -0.036]
[0.269, 0.028, -0.026]
[0.269, 0.028, -0.018]
[0.269, 0.028, -0.011]
[0.267, 0.029, -0.004]
[0.265, 0.029, 0.002]
[0.264, 0.029, 0.007]
[0.263, 0.03, 0.01]
[0.262, 0.029, 0.011]
[0.261, 0.029, 0.012]
[0.259, 0.03, 0.012]
[0.256, 0.03, 0.009]
[0.256, 0.03, 0.009]
[0.256, 0.031, 0.007]
[0.256, 0.031, 0.006]
[0.256, 0.031, 0.004]
[0.256, 0.031, 0.003]
[0.256, 0.031, 0.003]
[0.257, 0.031, 0.002]
[0.258, 0.031, 0.003]
[0.259, 0.031, 0.003]
[0.258, 0.031, 0.004]
[0.259, 0.032, 0.004]
[0.259, 0.032, 0.004]
[0.26, 0.032, 0.003]
[0.262, 0.032, 0.004]
[0.262, 0.033, 0.005]
[0.262, 0.033, 0.009]
[0.262, 0.033, 0.014]
[0.261, 0.032, 0.02]
[0.261, 0.032, 0.026]
[0.262, 0.032, 0.031]
[0.262, 0.032, 0.037]
[0.264, 0.031, 0.043]
[0.265, 0.03, 0.049]
[0.267, 0.03, 0.056]
[0.269, 0.029, 0.064]
[0.271, 0.029, 0.074]
[0.273, 0.029, 0.083]
[0.277, 0.03, 0.101]
[0.277, 0.03, 0.101]
[0.279, 0.031, 0.108]
[0.282, 0.033, 0.114]
[0.285, 0.035, 0.119]
[0.289, 0.037, 0.126]
[0.293, 0.039, 0.133]
[0.3, 0.04, 0.142]
[0.309, 0.044, 0.161]
[0.309, 0.044, 0.161]
[0.314, 0.046, 0.17]
[0.317, 0.048, 0.18]
[0.318, 0.052, 0.199]
[0.318, 0.052, 0.199]
[0.319, 0.054, 0.206]
[0.321, 0.055, 0.213]
[0.323, 0.056, 0.218]
[0.326, 0.057, 0.222]
[0.328, 0.058, 0.227]
[0.33, 0.059, 0.231]
[0.332, 0.059, 0.236]
[0.333, 0.06, 0.24]
[0.333, 0.06, 0.245]
[0.334, 0.06, 0.249]
[0.334, 0.059, 0.256]
[0.333, 0.057, 0.264]
[0.334, 0.056, 0.273]
[0.334, 0.055, 0.282]
[0.335, 0.055, 0.291]
[0.336, 0.054, 0.298]
[0.339, 0.053, 0.307]
[0.339, 0.053, 0.307]
[0.339, 0.052, 0.31]
[0.339, 0.051, 0.314]
[0.337, 0.049, 0.321]
[0.337, 0.048, 0.324]
[0.336, 0.047, 0.326]
[0.335, 0.046, 0.327]
[0.333, 0.046, 0.327]
[0.332, 0.045, 0.326]
[0.33, 0.045, 0.323]
[0.329, 0.045, 0.319]
[0.329, 0.045, 0.316]
[0.328, 0.045, 0.313]
[0.326, 0.045, 0.31]
[0.325, 0.045, 0.308]
[0.323, 0.045, 0.306]
[0.321, 0.044, 0.303]
[0.319, 0.044, 0.301]
[0.318, 0.043, 0.299]
[0.317, 0.043, 0.297]
[0.316, 0.042, 0.295]
[0.314, 0.042, 0.293]
[0.312, 0.041, 0.292]
[0.312, 0.04, 0.29]
[0.312, 0.04, 0.288]
[0.312, 0.04, 0.287]
[0.31, 0.039, 0.283]
[0.31, 0.039, 0.283]
[0.307, 0.038, 0.282]
[0.303, 0.037, 0.281]
[0.294, 0.033, 0.28]
[0.294, 0.033, 0.28]
[0.291, 0.032, 0.279]
[0.29, 0.031, 0.277]
[0.287, 0.03, 0.272]
[0.287, 0.03, 0.272]
[0.285, 0.029, 0.27]
[0.282, 0.029, 0.267]
[0.278, 0.028, 0.264]
[0.275, 0.028, 0.26]
[0.273, 0.027, 0.257]
[0.271, 0.027, 0.253]
[0.27, 0.026, 0.25]
[0.269, 0.025, 0.248]
[0.267, 0.024, 0.246]
[0.266, 0.023, 0.244]
[0.264, 0.023, 0.242]
[0.264, 0.023, 0.239]
[0.264, 0.023, 0.236]
[0.266, 0.023, 0.232]
[0.267, 0.023, 0.228]
[0.267, 0.021, 0.223]
[0.268, 0.02, 0.219]
[0.269, 0.019, 0.216]
[0.27, 0.017, 0.213]
[0.27, 0.016, 0.208]
[0.268, 0.015, 0.202]
[0.267, 0.014, 0.194]
[0.265, 0.013, 0.187]
[0.263, 0.013, 0.18]
[0.261, 0.011, 0.174]
[0.261, 0.01, 0.167]
[0.263, 0.009, 0.159]
[0.265, 0.008, 0.152]
[0.266, 0.007, 0.145]
[0.267, 0.006, 0.14]
[0.266, 0.006, 0.135]
[0.266, 0.005, 0.131]
[0.266, 0.004, 0.127]
[0.264, 0.003, 0.122]
[0.263, 0.002, 0.117]
[0.261, 0.001, 0.113]
[0.26, 0.001, 0.108]
[0.26, 0.0, 0.104]
[0.26, -0.001, 0.097]
[0.26, -0.001, 0.091]
[0.261, -0.002, 0.085]
[0.263, -0.004, 0.078]
[0.263, -0.004, 0.078]
[0.265, -0.005, 0.075]
[0.265, -0.006, 0.073]
[0.265, -0.007, 0.072]
[0.264, -0.008, 0.07]
[0.262, -0.008, 0.069]
[0.26, -0.009, 0.068]
[0.258, -0.01, 0.067]
[0.256, -0.01, 0.066]
[0.253, -0.011, 0.066]
[0.25, -0.011, 0.066]
[0.247, -0.011, 0.065]
[0.246, -0.011, 0.066]
[0.248, -0.011, 0.065]
[0.251, -0.01, 0.064]
[0.253, -0.01, 0.063]
[0.256, -0.009, 0.063]
[0.256, -0.009, 0.063]
[0.255, -0.008, 0.065]
[0.255, -0.008, 0.067]
[0.253, -0.008, 0.071]
[0.253, -0.008, 0.071]
[0.251, -0.009, 0.073]
[0.249, -0.009, 0.074]
[0.246, -0.009, 0.074]
[0.243, -0.008, 0.076]
[0.24, -0.008, 0.077]
[0.236, -0.007, 0.079]
[0.234, -0.006, 0.08]
[0.231, -0.005, 0.08]
[0.229, -0.004, 0.08]
[0.227, -0.003, 0.081]
[0.225, -0.002, 0.083]
[0.221, 0.0, 0.085]
[0.217, 0.001, 0.088]
[0.214, 0.002, 0.091]
[0.211, 0.003, 0.092]
[0.211, 0.003, 0.093]
[0.211, 0.004, 0.093]
[0.211, 0.005, 0.093]
[0.212, 0.006, 0.094]
[0.211, 0.007, 0.095]
[0.21, 0.008, 0.096]
[0.21, 0.01, 0.097]
[0.21, 0.011, 0.099]
[0.21, 0.012, 0.102]
[0.213, 0.013, 0.104]
[0.215, 0.013, 0.106]
[0.217, 0.014, 0.108]
[0.218, 0.015, 0.11]
[0.217, 0.016, 0.114]
[0.215, 0.017, 0.121]
[0.213, 0.02, 0.136]
[0.213, 0.02, 0.136]
[0.213, 0.022, 0.144]
[0.214, 0.024, 0.154]
[0.212, 0.025, 0.164]
[0.211, 0.027, 0.174]
[0.211, 0.027, 0.184]
[0.211, 0.027, 0.193]
[0.21, 0.027, 0.201]
[0.209, 0.027, 0.208]
[0.207, 0.027, 0.215]
[0.205, 0.027, 0.22]
[0.205, 0.028, 0.224]
[0.204, 0.029, 0.226]
[0.203, 0.03, 0.228]
[0.202, 0.03, 0.227]
[0.202, 0.029, 0.225]
[0.202, 0.029, 0.222]
[0.202, 0.028, 0.217]
[0.203, 0.028, 0.21]
[0.204, 0.028, 0.202]
[0.203, 0.029, 0.194]
[0.201, 0.03, 0.186]
[0.197, 0.031, 0.179]
[0.194, 0.032, 0.166]
[0.194, 0.032, 0.166]
[0.193, 0.033, 0.157]
[0.193, 0.033, 0.149]
[0.193, 0.032, 0.139]
[0.192, 0.032, 0.131]
[0.191, 0.031, 0.123]
[0.189, 0.031, 0.116]
[0.188, 0.03, 0.11]
[0.186, 0.03, 0.103]
[0.185, 0.029, 0.097]
[0.183, 0.029, 0.091]
[0.18, 0.028, 0.085]
[0.177, 0.027, 0.08]
[0.175, 0.025, 0.075]
[0.171, 0.023, 0.065]
[0.171, 0.023, 0.065]
[0.169, 0.022, 0.06]
[0.167, 0.02, 0.055]
[0.166, 0.019, 0.051]
[0.166, 0.017, 0.047]
[0.162, 0.015, 0.041]
[0.162, 0.015, 0.041]
[0.161, 0.014, 0.037]
[0.159, 0.013, 0.033]
[0.156, 0.01, 0.027]
[0.156, 0.01, 0.027]
[0.155, 0.009, 0.025]
[0.153, 0.007, 0.022]
[0.144, 0.005, 0.017]
[0.144, 0.005, 0.017]
[0.14, 0.004, 0.015]
[0.137, 0.003, 0.013]
[0.136, 0.002, 0.011]
[0.135, 0.001, 0.01]
[0.134, -0.0, 0.009]
[0.132, -0.001, 0.008]
[0.13, -0.001, 0.007]
[0.13, -0.0, 0.005]
[0.129, 0.001, 0.003]
[0.13, 0.003, -0.002]
[0.13, 0.003, -0.002]
[0.131, 0.004, -0.003]
[0.131, 0.004, -0.004]
[0.131, 0.005, -0.005]
[0.13, 0.005, -0.007]
[0.128, 0.005, -0.006]
[0.127, 0.004, -0.004]
[0.128, 0.002, -0.002]
[0.13, -0.0, 0.0]
[0.132, -0.002, 0.001]
[0.133, -0.003, 0.001]
[0.132, -0.003, -0.0]
[0.133, -0.001, -0.002]
[0.134, 0.001, -0.005]
[0.135, 0.003, -0.008]
[0.136, 0.004, -0.01]
[0.134, 0.006, -0.014]
[0.131, 0.007, -0.014]
[0.129, 0.006, -0.014]
[0.127, 0.006, -0.015]
[0.126, 0.005, -0.015]
[0.127, 0.004, -0.016]
[0.126, 0.003, -0.017]
[0.126, 0.001, -0.017]
[0.126, -0.0, -0.016]
[0.126, -0.002, -0.017]
[0.126, -0.003, -0.016]
[0.125, -0.003, -0.015]
[0.125, -0.003, -0.014]
[0.123, -0.002, -0.013]
[0.121, -0.001, -0.012]
[0.119, 0.0, -0.013]
[0.116, 0.001, -0.013]
[0.117, 0.002, -0.013]
[0.118, 0.001, -0.012]
[0.118, -0.001, -0.01]
[0.12, -0.002, -0.009]
[0.12, -0.003, -0.007]
[0.122, -0.004, -0.006]
[0.125, -0.004, -0.005]
[0.127, -0.005, -0.003]
[0.129, -0.005, -0.002]
[0.129, -0.004, -0.0]
[0.128, -0.004, 0.001]
[0.125, -0.004, 0.001]
[0.121, -0.003, 0.001]
[0.119, -0.002, 0.002]
[0.119, -0.001, 0.003]
[0.119, -0.001, 0.004]
[0.121, 0.0, 0.004]
[0.122, 0.001, 0.005]
[0.124, 0.001, 0.006]
[0.125, 0.001, 0.006]
[0.126, 0.001, 0.007]
[0.127, 0.001, 0.008]
[0.128, 0.0, 0.009]
[0.13, -0.001, 0.01]
[0.132, -0.001, 0.012]
[0.134, -0.002, 0.013]
[0.135, -0.001, 0.014]
[0.136, -0.001, 0.015]
[0.136, 0.0, 0.015]
[0.137, 0.001, 0.015]
[0.137, 0.002, 0.014]
[0.138, 0.004, 0.013]
[0.14, 0.005, 0.012]
[0.141, 0.006, 0.011]
[0.142, 0.007, 0.011]
[0.142, 0.007, 0.011]
