A0
A1
A2
A3
A4
A5
A6
A7
A8
A9
A10
A11
A12
A13
A14
A15
A16
A17
A18
A19
A20
A21
A22
A23
A24
A25
A26
A27
A28
--- [0.87, 0.67, 1.0, 1.0, 0.24, 0.24, 0.05, 0.13, 0.51, 0.54, 0.4, 0.38, 0.0, -0.0, 1.0, 0.21, 0.75, 0.6, 0.49, 0.8, 0.75, 0.46, 0.86, 0.55, 0.43, 0.55, 0.45, 0.0, 0.5, 99, 99, 99]
into servo loop...
start test new
list:  [0.45, 0.45, 0.81, 0.81, 1, 1, 0.16199999999999998, 0.16199999999999998, 0.46, 0.46, 0.34, 0.38, 0.08999999999999991, 0.11999999999999994, 1, 0.22, 0.99, 0.63, 0.25, 0.99, 0.99, 0.25, 0.25, 0.61, 0.42, 0.63, 0.41, 0.01, 0.6, 99, 99, 99]
--- num:  29
list:  [0.52, 0.52, 0.98, 0.98, 1, 1, 0.16199999999999998, 0.16199999999999998, 0.52, 0.52, 0.35, 0.38, 0, 0, 1, 0.23, 0.99, 0.64, 0.25, 0.99, 0.99, 0.25, 0.25, 0.51, 0.52, 0.51, 0.53, 0.02, 0.6, 99, 99, 99]
--- num:  29
list:  [0.5, 0.5, 0.94, 0.94, 1, 1, 0.16199999999999998, 0.16199999999999998, 0.5, 0.5, 0.36, 0.37, 0, 0, 1, 0.23, 0.99, 0.64, 0.25, 0.99, 0.99, 0.25, 0.25, 0.55, 0.46, 0.55, 0.45, 0.02, 0.61, 99, 99, 99]
--- num:  29
list:  [0.45, 0.45, 0.82, 0.82, 1, 1, 0.16199999999999998, 0.16199999999999998, 0.48, 0.48, 0.34, 0.38, 0.10499999999999993, 0.10499999999999993, 1, 0.23, 0.99, 0.63, 0.25, 0.99, 0.99, 0.25, 0.25, 0.62, 0.42, 0.62, 0.42, 0.02, 0.6, 99, 99, 99]
--- num:  29
list:  [0.45, 0.45, 0.82, 0.82, 1, 1, 0.16199999999999998, 0.16199999999999998, 0.49, 0.49, 0.34, 0.38, 0.10499999999999993, 0.10499999999999993, 1, 0.22, 0.99, 0.63, 0.26, 0.99, 0.99, 0.26, 0.26, 0.62, 0.42, 0.62, 0.42, 0.02, 0.58, 99, 99, 99]
--- num:  29
list:  [0.46, 0.46, 0.84, 0.84, 1, 1, 0.16199999999999998, 0.16199999999999998, 0.48, 0.48, 0.34, 0.38, 0.10499999999999993, 0.10499999999999993, 1, 0.22, 0.99, 0.63, 0.26, 0.99, 0.99, 0.26, 0.26, 0.62, 0.42, 0.62, 0.42, 0.02, 0.58, 99, 99, 99]
--- num:  29
list:  [0.46, 0.46, 0.83, 0.83, 1, 1, 0.16199999999999998, 0.16199999999999998, 0.49, 0.49, 0.35, 0.37, 0.10499999999999993, 0.10499999999999993, 1, 0.22, 0.99, 0.63, 0.26, 0.99, 0.99, 0.26, 0.26, 0.62, 0.42, 0.62, 0.42, 0.02, 0.57, 99, 99, 99]
--- num:  29
list:  [0.42, 0.42, 0.75, 0.75, 1, 1, 0.2590120542049408, 0.2581948149204254, 0.37, 0.37, 0.35, 0.38, 0.11999999999999994, 0.11999999999999994, 1, 0.23, 0.985, 0.63, 0.27, 0.98, 0.99, 0.27, 0.27, 0.63, 0.42, 0.63, 0.41, 0.02, 0.56, 99, 99, 99]
--- num:  29
list:  [0.56, 0.56, 1, 1, 0.98, 0.98, 0.3932026433944702, 0.3924764502048492, 0.3, 0.3, 0.35, 0.37, 0.13499999999999995, 0.16499999999999998, 1, 0.24, 0.96, 0.64, 0.28, 0.96, 0.96, 0.28, 0.28, 0.64, 0.41, 0.66, 0.4, 0.02, 0.55, 99, 99, 99]
--- num:  29
list:  [0.46, 0.46, 0.84, 0.84, 1, 1, 0.16199999999999998, 0.16199999999999998, 0.44, 0.44, 0.32, 0.4, 0.10499999999999993, 0.11999999999999994, 1, 0.23, 0.98, 0.64, 0.26, 0.98, 0.98, 0.26, 0.26, 0.62, 0.42, 0.63, 0.41, 0.02, 0.55, 99, 99, 99]
--- num:  29
list:  [0.44, 0.44, 0.79, 0.79, 1, 1, 0.8407339262962341, 0.839143853187561, 0.29, 0.29, 0.33, 0.4, 0.11999999999999994, 0.13499999999999995, 1, 0.23, 0.98, 0.64, 0.27, 0.98, 0.98, 0.27, 0.27, 0.63, 0.41, 0.64, 0.41, 0.02, 0.56, 99, 99, 99]
--- num:  29
list:  [0.42, 0.42, 0.75, 0.75, 1, 1, 0.8092486667633056, 0.7850758242607117, 0.22, 0.22, 0.32, 0.41, 0.11999999999999994, 0.14999999999999997, 1, 0.23, 0.98, 0.64, 0.28, 0.98, 0.98, 0.28, 0.28, 0.63, 0.41, 0.65, 0.41, 0.02, 0.56, 99, 99, 99]
--- num:  29
list:  [0.47, 0.47, 0.86, 0.86, 1, 1, 0.16199999999999998, 0.16199999999999998, 0.39, 0.39, 0.37, 0.35, 0.13499999999999995, 0.13499999999999995, 1, 0.22, 0.99, 0.63, 0.25, 0.99, 0.99, 0.25, 0.25, 0.64, 0.41, 0.64, 0.41, 0.01, 0.58, 99, 99, 99]
--- num:  29
list:  [0.47, 0.47, 0.87, 0.87, 1, 1, 0.18481376349925993, 0.1840012180805206, 0.3, 0.3, 0.4, 0.32, 0.13499999999999995, 0.13499999999999995, 1, 0.22, 0.99, 0.63, 0.25, 0.99, 0.99, 0.25, 0.25, 0.64, 0.41, 0.64, 0.41, 0.01, 0.59, 99, 99, 99]
--- num:  29
list:  [0.46, 0.46, 0.84, 0.84, 1, 1, 0.16199999999999998, 0.16199999999999998, 0.28, 0.28, 0.41, 0.31, 0.13499999999999995, 0.13499999999999995, 1, 0.22, 0.98, 0.63, 0.26, 0.98, 0.98, 0.26, 0.26, 0.64, 0.41, 0.64, 0.41, 0.01, 0.57, 99, 99, 99]
--- num:  29
list:  [0.47, 0.47, 0.86, 0.86, 1, 1, 0.16199999999999998, 0.16199999999999998, 0.35, 0.35, 0.4, 0.32, 0.14999999999999997, 0.13499999999999995, 1, 0.31, 0.905, 0.69, 0.4, 0.9, 0.91, 0.4, 0.4, 0.65, 0.41, 0.64, 0.41, 0.07, 0.47, 99, 99, 99]
--- num:  29
list:  [0.92, 0.92, 1, 1, 0.68, 0.68, 0.16199999999999998, 0.16199999999999998, 0.27, 0.27, 0.37, 0.35, 0.05999999999999989, 0.05999999999999989, 1, 0.4, 0.92, 0.76, 0.56, 0.92, 0.92, 0.56, 0.56, 0.59, 0.43, 0.59, 0.43, 0.69, 0.5, 99, 99, 99]
--- num:  29
list:  [0.92, 0.92, 1, 1, 0.68, 0.68, 0.16199999999999998, 0.16199999999999998, 0.27, 0.27, 0.36, 0.37, 0, 0, 1, 0.37, 0.93, 0.74, 0.56, 0.93, 0.93, 0.56, 0.56, 0.55, 0.46, 0.55, 0.45, 0.81, 0.5, 99, 99, 99]
--- num:  29
list:  [0.92, 0.92, 1, 1, 0.68, 0.68, 0.16199999999999998, 0.16199999999999998, 0.21, 0.21, 0.35, 0.38, 0, 0, 1, 0.36, 0.93, 0.73, 0.56, 0.93, 0.93, 0.56, 0.56, 0.5, 0.55, 0.5, 0.55, 0.88, 0.5, 99, 99, 99]
--- num:  29
list:  [0.92, 0.92, 1, 1, 0.68, 0.68, 0.16199999999999998, 0.16199999999999998, 0.17, 0.17, 0.34, 0.38, 0, 0, 1, 0.35, 0.915, 0.73, 0.56, 0.91, 0.92, 0.56, 0.56, 0.49, 0.57, 0.48, 0.6, 0.91, 0.5, 99, 99, 99]
--- num:  29
list:  [0.92, 0.92, 1, 1, 0.68, 0.68, 0.16199999999999998, 0.16199999999999998, 0.16, 0.16, 0.33, 0.39, 0, 0, 1, 0.35, 0.895, 0.73, 0.56, 0.89, 0.9, 0.56, 0.56, 0.49, 0.56, 0.48, 0.59, 0.92, 0.5, 99, 99, 99]
--- num:  29
list:  [0.92, 0.92, 1, 1, 0.68, 0.68, 0.16199999999999998, 0.16199999999999998, 0.14, 0.14, 0.32, 0.4, 0, 0, 1, 0.35, 0.88, 0.72, 0.56, 0.87, 0.89, 0.56, 0.56, 0.53, 0.49, 0.5, 0.54, 0.94, 0.5, 99, 99, 99]
--- num:  29
list:  [0.92, 0.92, 1, 1, 0.68, 0.68, 0.16199999999999998, 0.16199999999999998, 0.12, 0.12, 0.32, 0.41, 0.04499999999999987, 0, 1, 0.34, 0.86, 0.72, 0.56, 0.85, 0.87, 0.56, 0.56, 0.58, 0.44, 0.55, 0.45, 0.95, 0.5, 99, 99, 99]
--- num:  29
list:  [0.92, 0.92, 1, 1, 0.68, 0.68, 0.16199999999999998, 0.16199999999999998, 0.12, 0.12, 0.32, 0.4, 0.13499999999999995, 0.08999999999999991, 1, 0.34, 0.845, 0.72, 0.56, 0.83, 0.86, 0.56, 0.56, 0.64, 0.41, 0.61, 0.42, 0.95, 0.5, 99, 99, 99]
--- num:  29
list:  [0.92, 0.92, 1, 1, 0.68, 0.68, 0.16199999999999998, 0.16199999999999998, 0.12, 0.12, 0.33, 0.4, 0.16499999999999998, 0.11999999999999994, 0.75, 0.34, 0.83, 0.72, 0.56, 0.82, 0.84, 0.56, 0.56, 0.66, 0.4, 0.63, 0.42, 0.95, 0.5, 99, 99, 99]
--- num:  29
list:  [0.92, 0.92, 1, 1, 0.68, 0.68, 0.16199999999999998, 0.16199999999999998, 0.12, 0.12, 0.33, 0.4, 0.14999999999999997, 0.10499999999999993, 0.75, 0.34, 0.8200000000000001, 0.72, 0.56, 0.81, 0.83, 0.56, 0.56, 0.65, 0.4, 0.62, 0.42, 0.95, 0.5, 99, 99, 99]
--- num:  29
list:  [0.92, 0.92, 1, 1, 0.69, 0.69, 0.16199999999999998, 0.16199999999999998, 0.15, 0.15, 0.4, 0.33, 0.14999999999999997, 0.10499999999999993, 0.75, 0.34, 0.8200000000000001, 0.72, 0.56, 0.81, 0.83, 0.56, 0.56, 0.65, 0.4, 0.62, 0.42, 0.95, 0.5, 99, 99, 99]
--- num:  29
list:  [0.92, 0.92, 1, 1, 0.69, 0.69, 0.16199999999999998, 0.16199999999999998, 0.15, 0.15, 0.39, 0.34, 0.16499999999999998, 0.10499999999999993, 0.75, 0.34, 0.825, 0.71, 0.56, 0.81, 0.84, 0.56, 0.56, 0.66, 0.4, 0.62, 0.42, 0.95, 0.5, 99, 99, 99]
--- num:  29
list:  [0.91, 0.91, 1, 1, 0.7, 0.7, 0.16199999999999998, 0.16199999999999998, 0.22, 0.22, 0.6, 0.13, 0.08999999999999991, 0.02999999999999986, 0.75, 0.34, 0.825, 0.71, 0.56, 0.81, 0.84, 0.56, 0.56, 0.61, 0.42, 0.57, 0.44, 0.95, 0.5, 99, 99, 99]
--- num:  29
list:  [0.9, 0.9, 1, 1, 0.7, 0.7, 0.16199999999999998, 0.16199999999999998, 0.22, 0.22, 0.61, 0.12, 0.08999999999999991, 0.04499999999999987, 0.75, 0.33, 0.8200000000000001, 0.71, 0.56, 0.81, 0.83, 0.56, 0.56, 0.61, 0.42, 0.58, 0.43, 0.95, 0.5, 99, 99, 99]
--- num:  29
list:  [0.89, 0.89, 1, 1, 0.71, 0.71, 0.16199999999999998, 0.16199999999999998, 0.22, 0.22, 0.61, 0.12, 0.14999999999999997, 0.08999999999999991, 0.75, 0.33, 0.815, 0.71, 0.56, 0.8, 0.83, 0.56, 0.56, 0.65, 0.41, 0.61, 0.42, 0.95, 0.5, 99, 99, 99]
--- num:  29
list:  [0.87, 0.87, 1, 1, 0.72, 0.72, 0.16199999999999998, 0.16199999999999998, 0.2, 0.2, 0.6, 0.13, 0.22499999999999987, 0.16499999999999998, 0.75, 0.33, 0.785, 0.71, 0.56, 0.77, 0.8, 0.56, 0.56, 0.7, 0.38, 0.66, 0.4, 0.95, 0.5, 99, 99, 99]
--- num:  29
list:  [0.87, 0.87, 1, 1, 0.72, 0.72, 0.16199999999999998, 0.16199999999999998, 0.14, 0.14, 0.34, 0.38, 0.195, 0.11999999999999994, 0.75, 0.33, 0.765, 0.71, 0.56, 0.75, 0.78, 0.56, 0.56, 0.68, 0.39, 0.63, 0.41, 0.95, 0.5, 99, 99, 99]
--- num:  29
list:  [0.88, 0.88, 1, 1, 0.71, 0.71, 0.16199999999999998, 0.16199999999999998, 0.16, 0.16, 0.37, 0.36, 0.10499999999999993, 0.04499999999999987, 0.75, 0.32, 0.805, 0.71, 0.56, 0.8, 0.81, 0.56, 0.56, 0.62, 0.42, 0.58, 0.44, 0.95, 0.5, 99, 99, 99]
--- num:  29
list:  [0.9, 0.9, 1, 1, 0.7, 0.7, 0.16199999999999998, 0.16199999999999998, 0.18, 0.18, 0.39, 0.34, 0.0749999999999999, 0.015000000000000013, 0.75, 0.32, 0.815, 0.71, 0.56, 0.81, 0.82, 0.56, 0.56, 0.6, 0.43, 0.56, 0.45, 0.95, 0.5, 99, 99, 99]
--- num:  29
list:  [0.88, 0.88, 1, 1, 0.71, 0.71, 0.16199999999999998, 0.16199999999999998, 0.21, 0.21, 0.37, 0.36, 0.015000000000000013, 0, 0.75, 0.33, 0.86, 0.71, 0.56, 0.85, 0.87, 0.56, 0.56, 0.56, 0.45, 0.53, 0.49, 0.94, 0.5, 99, 99, 99]
--- num:  29
list:  [0.88, 0.88, 1, 1, 0.72, 0.72, 0.16199999999999998, 0.16199999999999998, 0.22, 0.22, 0.29, 0.44, 0.015000000000000013, 0, 1, 0.34, 0.865, 0.71, 0.56, 0.86, 0.87, 0.56, 0.56, 0.56, 0.45, 0.54, 0.47, 0.92, 0.5, 99, 99, 99]
--- num:  29
list:  [0.87, 0.87, 1, 1, 0.72, 0.72, 0.16199999999999998, 0.16199999999999998, 0.23, 0.23, 0.19, 0.54, 0, 0, 1, 0.34, 0.86, 0.72, 0.56, 0.85, 0.87, 0.56, 0.56, 0.53, 0.49, 0.51, 0.53, 0.91, 0.5, 99, 99, 99]
--- num:  29
list:  [0.83, 0.83, 1, 1, 0.76, 0.76, 0.16199999999999998, 0.16199999999999998, 0.26, 0.26, 0.23, 0.49, 0, 0, 1, 0.34, 0.87, 0.72, 0.56, 0.86, 0.88, 0.56, 0.56, 0.54, 0.47, 0.52, 0.51, 0.89, 0.5, 99, 99, 99]
--- num:  29
list:  [0.81, 0.81, 1, 1, 0.77, 0.77, 0.16199999999999998, 0.16199999999999998, 0.31, 0.31, 0.8, -0.05, 0, 0, 1, 0.33, 0.89, 0.71, 0.56, 0.88, 0.9, 0.56, 0.56, 0.52, 0.51, 0.49, 0.56, 0.88, 0.5, 99, 99, 99]
--- num:  29
list:  [0.81, 0.81, 1, 1, 0.77, 0.77, 0.16199999999999998, 0.16199999999999998, 0.33, 0.33, 0.8, -0.05, 0, 0, 1, 0.33, 0.89, 0.71, 0.56, 0.88, 0.9, 0.56, 0.56, 0.51, 0.52, 0.49, 0.57, 0.88, 0.5, 99, 99, 99]
--- num:  29
list:  [0.8, 0.8, 1, 1, 0.78, 0.78, 0.16199999999999998, 0.16199999999999998, 0.33, 0.33, 0.83, -0.08, 0, 0, 1, 0.33, 0.9, 0.71, 0.56, 0.89, 0.91, 0.56, 0.56, 0.52, 0.52, 0.49, 0.57, 0.86, 0.5, 99, 99, 99]
--- num:  29
list:  [0.8, 0.8, 1, 1, 0.78, 0.78, 0.16199999999999998, 0.16199999999999998, 0.31, 0.31, 0.57, 0.16, 0, 0, 1, 0.33, 0.905, 0.71, 0.56, 0.9, 0.91, 0.56, 0.56, 0.55, 0.46, 0.54, 0.47, 0.85, 0.5, 99, 99, 99]
--- num:  29
list:  [0.8, 0.8, 1, 1, 0.78, 0.78, 0.4385520029067993, 0.43734933018684385, 0.2, 0.2, 0.28, 0.45, 0.0749999999999999, 0.05999999999999989, 1, 0.35, 0.885, 0.72, 0.56, 0.88, 0.89, 0.56, 0.56, 0.6, 0.43, 0.59, 0.43, 0.85, 0.5, 99, 99, 99]
--- num:  29
list:  [0.83, 0.83, 1, 1, 0.76, 0.76, 0.16199999999999998, 0.16199999999999998, 0.32, 0.32, 0.33, 0.39, 0, 0, 1, 0.33, 0.89, 0.71, 0.56, 0.89, 0.89, 0.56, 0.56, 0.54, 0.46, 0.54, 0.46, 0.85, 0.5, 99, 99, 99]
--- num:  29
list:  [0.83, 0.83, 1, 1, 0.76, 0.76, 0.16199999999999998, 0.16199999999999998, 0.32, 0.32, 0.36, 0.37, 0, 0, 1, 0.32, 0.89, 0.7, 0.56, 0.89, 0.89, 0.56, 0.56, 0.54, 0.46, 0.54, 0.46, 0.86, 0.5, 99, 99, 99]
--- num:  29
list:  [0.85, 0.85, 1, 1, 0.74, 0.74, 0.16199999999999998, 0.16199999999999998, 0.29, 0.29, 0.05, 0.69, 0, 0, 1, 0.32, 0.89, 0.7, 0.56, 0.89, 0.89, 0.56, 0.56, 0.53, 0.48, 0.54, 0.47, 0.86, 0.5, 99, 99, 99]
--- num:  29
list:  [0.86, 0.86, 1, 1, 0.74, 0.74, 0.16199999999999998, 0.16199999999999998, 0.29, 0.29, 0.03, 0.71, 0, 0, 1, 0.31, 0.89, 0.7, 0.56, 0.89, 0.89, 0.56, 0.56, 0.52, 0.51, 0.52, 0.5, 0.86, 0.5, 99, 99, 99]
--- num:  29
list:  [0.84, 0.84, 1, 1, 0.74, 0.74, 0.16199999999999998, 0.16199999999999998, 0.29, 0.29, 0.03, 0.7, 0, 0, 1, 0.31, 0.89, 0.7, 0.56, 0.89, 0.89, 0.56, 0.56, 0.53, 0.5, 0.53, 0.49, 0.86, 0.5, 99, 99, 99]
--- num:  29
list:  [0.76, 0.76, 1, 1, 0.81, 0.81, 0.9360409784317016, 0.9359776186943054, 0.2, 0.2, 0.43, 0.3, 0.02999999999999986, 0.02999999999999986, 1, 0.33, 0.805, 0.71, 0.56, 0.8, 0.81, 0.56, 0.56, 0.57, 0.44, 0.57, 0.44, 0.84, 0.5, 99, 99, 99]
--- num:  29
list:  [0.73, 0.73, 1, 1, 0.84, 0.84, 0.16199999999999998, 0.16199999999999998, 0.31, 0.31, 0.41, 0.31, 0.04499999999999987, 0.02999999999999986, 1, 0.33, 0.875, 0.71, 0.56, 0.87, 0.88, 0.56, 0.56, 0.58, 0.44, 0.57, 0.44, 0.84, 0.5, 99, 99, 99]
--- num:  29
list:  [0.69, 0.69, 1, 1, 0.87, 0.87, 0.16199999999999998, 0.16199999999999998, 0.33, 0.33, 0.36, 0.36, 0.02999999999999986, 0.015000000000000013, 1, 0.33, 0.885, 0.71, 0.56, 0.88, 0.89, 0.56, 0.56, 0.57, 0.44, 0.56, 0.45, 0.84, 0.5, 99, 99, 99]
--- num:  29
list:  [0.68, 0.68, 1, 1, 0.88, 0.88, 0.16199999999999998, 0.16199999999999998, 0.36, 0.36, 0.31, 0.41, 0.015000000000000013, 0, 1, 0.33, 0.89, 0.71, 0.56, 0.89, 0.89, 0.56, 0.56, 0.56, 0.45, 0.55, 0.45, 0.84, 0.5, 99, 99, 99]
--- num:  29
list:  [0.68, 0.68, 1, 1, 0.88, 0.88, 0.16199999999999998, 0.16199999999999998, 0.37, 0.37, 0.28, 0.45, 0, 0, 1, 0.33, 0.9, 0.71, 0.56, 0.9, 0.9, 0.56, 0.56, 0.55, 0.45, 0.54, 0.47, 0.84, 0.5, 99, 99, 99]
--- num:  29
list:  [0.66, 0.66, 1, 1, 0.89, 0.89, 0.20717115283012388, 0.20665390372276304, 0.31, 0.31, 0.27, 0.45, 0.015000000000000013, 0, 1, 0.33, 0.895, 0.71, 0.56, 0.89, 0.9, 0.56, 0.56, 0.56, 0.44, 0.55, 0.45, 0.84, 0.5, 99, 99, 99]
--- num:  29
list:  [0.67, 0.67, 1, 1, 0.89, 0.89, 0.16199999999999998, 0.16199999999999998, 0.38, 0.38, 0.26, 0.46, 0, 0, 1, 0.33, 0.905, 0.71, 0.56, 0.9, 0.91, 0.56, 0.56, 0.55, 0.45, 0.54, 0.48, 0.84, 0.5, 99, 99, 99]
--- num:  29
list:  [0.65, 0.65, 1, 1, 0.9, 0.9, 0.16199999999999998, 0.16199999999999998, 0.38, 0.38, 0.26, 0.46, 0.02999999999999986, 0, 1, 0.33, 0.905, 0.71, 0.56, 0.9, 0.91, 0.56, 0.56, 0.57, 0.44, 0.55, 0.45, 0.81, 0.5, 99, 99, 99]
--- num:  29
list:  [0.63, 0.63, 1, 1, 0.92, 0.92, 0.26075286746025084, 0.26027620911598204, 0.27, 0.27, 0.31, 0.41, 0.16499999999999998, 0.16499999999999998, 1, 0.33, 0.87, 0.71, 0.55, 0.86, 0.88, 0.55, 0.55, 0.66, 0.4, 0.66, 0.4, 0.59, 0.5, 99, 99, 99]
--- num:  29
list:  [0.62, 0.62, 1, 1, 0.93, 0.93, 0.16199999999999998, 0.16199999999999998, 0.35, 0.35, 0.33, 0.4, 0.11999999999999994, 0.11999999999999994, 1, 0.33, 0.865, 0.71, 0.56, 0.86, 0.87, 0.56, 0.56, 0.63, 0.42, 0.63, 0.42, 0.6, 0.5, 99, 99, 99]
--- num:  29
list:  [0.63, 0.63, 1, 1, 0.92, 0.92, 0.16199999999999998, 0.16199999999999998, 0.36, 0.36, 0.35, 0.38, 0.11999999999999994, 0.10499999999999993, 1, 0.33, 0.865, 0.71, 0.56, 0.86, 0.87, 0.56, 0.56, 0.63, 0.42, 0.62, 0.42, 0.47, 0.5, 99, 99, 99]
--- num:  29
list:  [0.58, 0.58, 1, 1, 0.96, 0.96, 0.16199999999999998, 0.16199999999999998, 0.38, 0.38, 0.36, 0.36, 0.20999999999999985, 0.18, 1, 0.33, 0.83, 0.71, 0.55, 0.82, 0.84, 0.55, 0.55, 0.69, 0.39, 0.67, 0.4, 0.19, 0.45, 99, 99, 99]
--- num:  29
list:  [0.56, 0.56, 1, 1, 0.97, 0.97, 0.16199999999999998, 0.16199999999999998, 0.39, 0.39, 0.36, 0.37, 0.195, 0.18, 1, 0.3, 0.885, 0.69, 0.42, 0.88, 0.89, 0.42, 0.42, 0.68, 0.39, 0.67, 0.4, 0.08, 0.43, 99, 99, 99]
--- num:  29
list:  [0.46, 0.46, 0.84, 0.84, 1, 1, 0.16199999999999998, 0.16199999999999998, 0.38, 0.38, 0.35, 0.37, 0.195, 0.18, 1, 0.25, 0.96, 0.65, 0.28, 0.96, 0.96, 0.28, 0.28, 0.68, 0.39, 0.67, 0.4, 0.03, 0.43, 99, 99, 99]
--- num:  29
list:  [0.46, 0.46, 0.84, 0.84, 1, 1, 0.16199999999999998, 0.16199999999999998, 0.38, 0.38, 0.35, 0.37, 0.23999999999999988, 0.20999999999999985, 1, 0.23, 0.98, 0.64, 0.26, 0.98, 0.98, 0.26, 0.26, 0.71, 0.38, 0.69, 0.39, 0.02, 0.48, 99, 99, 99]
--- num:  29
list:  [0.46, 0.46, 0.84, 0.84, 1, 1, 0.16199999999999998, 0.16199999999999998, 0.4, 0.4, 0.36, 0.37, 0.2699999999999999, 0.23999999999999988, 1, 0.22, 0.98, 0.63, 0.26, 0.98, 0.98, 0.26, 0.26, 0.73, 0.37, 0.71, 0.38, 0.02, 0.51, 99, 99, 99]
--- num:  29
list:  [0.44, 0.44, 0.8, 0.8, 1, 1, 0.16199999999999998, 0.16199999999999998, 0.43, 0.43, 0.38, 0.34, 0.2849999999999999, 0.2549999999999999, 1, 0.22, 0.985, 0.63, 0.26, 0.98, 0.99, 0.26, 0.26, 0.74, 0.36, 0.72, 0.38, 0.02, 0.52, 99, 99, 99]
--- num:  29
list:  [0.44, 0.44, 0.8, 0.8, 1, 1, 0.16199999999999998, 0.16199999999999998, 0.44, 0.44, 0.38, 0.34, 0.29999999999999993, 0.23999999999999988, 1, 0.22, 0.99, 0.63, 0.26, 0.99, 0.99, 0.26, 0.26, 0.75, 0.36, 0.71, 0.38, 0.02, 0.53, 99, 99, 99]
--- num:  29
list:  [0.44, 0.44, 0.78, 0.78, 1, 1, 0.16199999999999998, 0.16199999999999998, 0.47, 0.47, 0.39, 0.33, 0.2849999999999999, 0.20999999999999985, 1, 0.22, 0.99, 0.63, 0.26, 0.99, 0.99, 0.26, 0.26, 0.74, 0.37, 0.69, 0.39, 0.02, 0.53, 99, 99, 99]
--- num:  29
list:  [0.45, 0.45, 0.8, 0.8, 1, 1, 0.16199999999999998, 0.16199999999999998, 0.47, 0.47, 0.38, 0.34, 0.2699999999999999, 0.195, 1, 0.22, 0.99, 0.63, 0.26, 0.99, 0.99, 0.26, 0.26, 0.73, 0.37, 0.68, 0.39, 0.02, 0.53, 99, 99, 99]
--- num:  29
list:  [0.45, 0.45, 0.8, 0.8, 1, 1, 0.16199999999999998, 0.16199999999999998, 0.46, 0.46, 0.37, 0.35, 0.2549999999999999, 0.195, 1, 0.22, 0.99, 0.63, 0.26, 0.99, 0.99, 0.26, 0.26, 0.72, 0.37, 0.68, 0.39, 0.02, 0.54, 99, 99, 99]
--- num:  29
list:  [0.43, 0.43, 0.77, 0.77, 1, 1, 0.19226175129413603, 0.18979432761669157, 0.37, 0.37, 0.38, 0.35, 0.23999999999999988, 0.195, 1, 0.22, 0.99, 0.63, 0.27, 0.99, 0.99, 0.27, 0.27, 0.71, 0.38, 0.68, 0.39, 0.02, 0.53, 99, 99, 99]
--- num:  29
list:  [0.43, 0.43, 0.76, 0.76, 1, 1, 0.16199999999999998, 0.16199999999999998, 0.45, 0.45, 0.37, 0.35, 0.23999999999999988, 0.195, 1, 0.22, 0.99, 0.63, 0.27, 0.99, 0.99, 0.27, 0.27, 0.71, 0.38, 0.68, 0.39, 0.02, 0.53, 99, 99, 99]
--- num:  29
list:  [0.44, 0.44, 0.8, 0.8, 1, 1, 0.16199999999999998, 0.16199999999999998, 0.47, 0.47, 0.35, 0.37, 0.2549999999999999, 0.195, 1, 0.22, 0.99, 0.63, 0.26, 0.99, 0.99, 0.26, 0.26, 0.72, 0.38, 0.68, 0.39, 0.02, 0.53, 99, 99, 99]
--- num:  29
list:  [0.44, 0.44, 0.8, 0.8, 1, 1, 0.16199999999999998, 0.16199999999999998, 0.47, 0.47, 0.35, 0.37, 0.22499999999999987, 0.18, 1, 0.22, 0.99, 0.63, 0.26, 0.99, 0.99, 0.26, 0.26, 0.7, 0.38, 0.67, 0.4, 0.02, 0.54, 99, 99, 99]
--- num:  29
list:  [0.45, 0.45, 0.82, 0.82, 1, 1, 0.16199999999999998, 0.16199999999999998, 0.46, 0.46, 0.35, 0.37, 0.22499999999999987, 0.16499999999999998, 1, 0.22, 0.99, 0.63, 0.26, 0.99, 0.99, 0.26, 0.26, 0.7, 0.38, 0.66, 0.4, 0.01, 0.54, 99, 99, 99]
--- num:  29
list:  [0.44, 0.44, 0.8, 0.8, 1, 1, 0.16199999999999998, 0.16199999999999998, 0.46, 0.46, 0.34, 0.38, 0.23999999999999988, 0.18, 1, 0.22, 0.99, 0.63, 0.26, 0.99, 0.99, 0.26, 0.26, 0.71, 0.38, 0.67, 0.4, 0.01, 0.56, 99, 99, 99]
--- num:  29
list:  [0.46, 0.46, 0.84, 0.84, 1, 1, 0.16199999999999998, 0.16199999999999998, 0.44, 0.44, 0.34, 0.38, 0.20999999999999985, 0.16499999999999998, 1, 0.22, 0.99, 0.62, 0.26, 0.99, 0.99, 0.26, 0.26, 0.69, 0.39, 0.66, 0.4, 0.01, 0.59, 99, 99, 99]
--- num:  29
list:  [0.46, 0.46, 0.84, 0.84, 1, 1, 0.16199999999999998, 0.16199999999999998, 0.43, 0.43, 0.35, 0.37, 0.20999999999999985, 0.16499999999999998, 1, 0.22, 0.99, 0.62, 0.26, 0.99, 0.99, 0.26, 0.26, 0.69, 0.39, 0.66, 0.4, 0.01, 0.59, 99, 99, 99]
--- num:  29
list:  [0.47, 0.47, 0.85, 0.85, 1, 1, 0.16199999999999998, 0.16199999999999998, 0.42, 0.42, 0.35, 0.37, 0.20999999999999985, 0.18, 1, 0.22, 0.99, 0.62, 0.25, 0.99, 0.99, 0.25, 0.25, 0.69, 0.39, 0.67, 0.4, 0.01, 0.59, 99, 99, 99]
--- num:  29
list:  [0.47, 0.47, 0.85, 0.85, 1, 1, 0.16199999999999998, 0.16199999999999998, 0.42, 0.42, 0.35, 0.37, 0.20999999999999985, 0.18, 1, 0.22, 0.99, 0.62, 0.25, 0.99, 0.99, 0.25, 0.25, 0.69, 0.39, 0.67, 0.4, 0.01, 0.6, 99, 99, 99]
--- num:  29
list:  [0.47, 0.47, 0.85, 0.85, 1, 1, 0.16199999999999998, 0.16199999999999998, 0.41, 0.41, 0.35, 0.38, 0.22499999999999987, 0.18, 1, 0.22, 0.99, 0.62, 0.25, 0.99, 0.99, 0.25, 0.25, 0.7, 0.38, 0.67, 0.4, 0.01, 0.6, 99, 99, 99]
--- num:  29
list:  [0.45, 0.45, 0.81, 0.81, 1, 1, 0.16199999999999998, 0.16199999999999998, 0.41, 0.41, 0.35, 0.37, 0.23999999999999988, 0.195, 1, 0.22, 0.99, 0.62, 0.25, 0.99, 0.99, 0.25, 0.25, 0.71, 0.38, 0.68, 0.39, 0.01, 0.6, 99, 99, 99]
--- num:  29
list:  [0.44, 0.44, 0.79, 0.79, 1, 1, 0.16199999999999998, 0.16199999999999998, 0.41, 0.41, 0.35, 0.37, 0.22499999999999987, 0.195, 1, 0.22, 0.99, 0.62, 0.25, 0.99, 0.99, 0.25, 0.25, 0.7, 0.38, 0.68, 0.39, 0.01, 0.59, 99, 99, 99]
--- num:  29
list:  [0.46, 0.46, 0.83, 0.83, 1, 1, 0.16199999999999998, 0.16199999999999998, 0.41, 0.41, 0.35, 0.37, 0.22499999999999987, 0.195, 1, 0.22, 0.99, 0.62, 0.25, 0.99, 0.99, 0.25, 0.25, 0.7, 0.38, 0.68, 0.39, 0.01, 0.6, 99, 99, 99]
--- num:  29
