A0
A1
A2
A3
A4
A5
A6
A7
A8
A9
A10
A11
A12
A13
A14
A15
A16
A17
A18
A19
A20
A21
A22
A23
A24
A25
A26
A27
A28
--- [0.87, 0.67, 1.0, 1.0, 0.24, 0.24, 0.05, 0.13, 0.51, 0.54, 0.4, 0.38, 0.0, -0.0, 1.0, 0.21, 0.75, 0.6, 0.49, 0.8, 0.75, 0.46, 0.86, 0.55, 0.43, 0.55, 0.45, 0.0, 0.5, 99, 99, 99]
into servo loop...
start test new
list:  [0.45, 0.45, 0.81, 0.81, 1, 1, 0.31737674355506895, 0.31686596155166624, 0.28, 0.28, 0.33, 0.4, 0.13499999999999995, 0.16499999999999998, 1, 0.23, 0.98, 0.63, 0.27, 0.98, 0.98, 0.27, 0.27, 0.64, 0.41, 0.66, 0.4, 0.01, 0.58, 99, 99, 99]
--- num:  29
list:  [0.47, 0.47, 0.86, 0.86, 1, 1, 0.16199999999999998, 0.16199999999999998, 0.42, 0.42, 0.32, 0.4, 0.14999999999999997, 0.14999999999999997, 1, 0.22, 0.98, 0.63, 0.26, 0.98, 0.98, 0.26, 0.26, 0.65, 0.41, 0.65, 0.4, 0.01, 0.58, 99, 99, 99]
--- num:  29
list:  [0.46, 0.46, 0.83, 0.83, 1, 1, 0.16199999999999998, 0.16199999999999998, 0.43, 0.43, 0.33, 0.39, 0.14999999999999997, 0.14999999999999997, 1, 0.22, 0.98, 0.63, 0.26, 0.98, 0.98, 0.26, 0.26, 0.65, 0.41, 0.65, 0.41, 0.01, 0.58, 99, 99, 99]
--- num:  29
list:  [0.46, 0.46, 0.83, 0.83, 1, 1, 0.16199999999999998, 0.16199999999999998, 0.44, 0.44, 0.33, 0.39, 0.13499999999999995, 0.13499999999999995, 1, 0.22, 0.99, 0.63, 0.26, 0.99, 0.99, 0.26, 0.26, 0.64, 0.41, 0.64, 0.41, 0.01, 0.58, 99, 99, 99]
--- num:  29
list:  [0.46, 0.46, 0.84, 0.84, 1, 1, 0.16199999999999998, 0.16199999999999998, 0.44, 0.44, 0.34, 0.38, 0.13499999999999995, 0.13499999999999995, 1, 0.22, 0.99, 0.63, 0.25, 0.99, 0.99, 0.25, 0.25, 0.64, 0.41, 0.64, 0.41, 0.01, 0.58, 99, 99, 99]
--- num:  29
list:  [0.46, 0.46, 0.84, 0.84, 1, 1, 0.16199999999999998, 0.16199999999999998, 0.43, 0.43, 0.33, 0.39, 0.13499999999999995, 0.13499999999999995, 1, 0.22, 0.99, 0.63, 0.25, 0.99, 0.99, 0.25, 0.25, 0.64, 0.41, 0.64, 0.41, 0.01, 0.59, 99, 99, 99]
--- num:  29
list:  [0.46, 0.46, 0.83, 0.83, 1, 1, 0.16199999999999998, 0.16199999999999998, 0.41, 0.41, 0.34, 0.38, 0.13499999999999995, 0.13499999999999995, 1, 0.22, 0.99, 0.63, 0.25, 0.99, 0.99, 0.25, 0.25, 0.64, 0.41, 0.64, 0.41, 0.01, 0.58, 99, 99, 99]
--- num:  29
list:  [0.42, 0.42, 0.74, 0.74, 1, 1, 0.16199999999999998, 0.16199999999999998, 0.37, 0.37, 0.38, 0.34, 0.14999999999999997, 0.14999999999999997, 1, 0.23, 0.97, 0.64, 0.27, 0.97, 0.97, 0.27, 0.27, 0.65, 0.41, 0.65, 0.41, 0.01, 0.55, 99, 99, 99]
--- num:  29
list:  [0.44, 0.44, 0.8, 0.8, 1, 1, 0.16199999999999998, 0.16199999999999998, 0.41, 0.41, 0.41, 0.31, 0.14999999999999997, 0.13499999999999995, 1, 0.23, 0.98, 0.63, 0.26, 0.98, 0.98, 0.26, 0.26, 0.65, 0.41, 0.64, 0.41, 0.01, 0.54, 99, 99, 99]
--- num:  29
list:  [0.45, 0.45, 0.81, 0.81, 1, 1, 0.16199999999999998, 0.16199999999999998, 0.4, 0.4, 0.42, 0.3, 0.14999999999999997, 0.13499999999999995, 1, 0.22, 0.98, 0.63, 0.26, 0.98, 0.98, 0.26, 0.26, 0.65, 0.4, 0.64, 0.41, 0.01, 0.54, 99, 99, 99]
--- num:  29
list:  [0.48, 0.48, 0.89, 0.89, 1, 1, 0.16199999999999998, 0.16199999999999998, 0.34, 0.34, 0.39, 0.33, 0.13499999999999995, 0.11999999999999994, 1, 0.22, 0.99, 0.63, 0.25, 0.99, 0.99, 0.25, 0.25, 0.64, 0.41, 0.63, 0.41, 0.01, 0.55, 99, 99, 99]
--- num:  29
list:  [0.49, 0.49, 0.91, 0.91, 1, 1, 0.2096566218137741, 0.2086621034145355, 0.22, 0.22, 0.37, 0.36, 0.13499999999999995, 0.11999999999999994, 1, 0.22, 0.99, 0.63, 0.25, 0.99, 0.99, 0.25, 0.25, 0.64, 0.41, 0.63, 0.42, 0.01, 0.56, 99, 99, 99]
--- num:  29
list:  [0.49, 0.49, 0.91, 0.91, 1, 1, 0.16199999999999998, 0.16199999999999998, 0.22, 0.22, 0.35, 0.38, 0.13499999999999995, 0.13499999999999995, 1, 0.23, 0.98, 0.63, 0.26, 0.98, 0.98, 0.26, 0.26, 0.64, 0.41, 0.64, 0.41, 0.01, 0.56, 99, 99, 99]
--- num:  29
list:  [0.51, 0.51, 0.95, 0.95, 1, 1, 0.16199999999999998, 0.16199999999999998, 0.24, 0.24, 0.35, 0.37, 0.13499999999999995, 0.11999999999999994, 1, 0.22, 0.98, 0.63, 0.25, 0.98, 0.98, 0.25, 0.25, 0.64, 0.41, 0.63, 0.41, 0.01, 0.57, 99, 99, 99]
--- num:  29
list:  [0.56, 0.56, 1, 1, 0.98, 0.98, 0.3568353462219238, 0.35627771496772764, 0.16, 0.16, 0.36, 0.37, 0.16499999999999998, 0.14999999999999997, 1, 0.24, 0.96, 0.64, 0.27, 0.96, 0.96, 0.27, 0.27, 0.66, 0.4, 0.65, 0.41, 0.02, 0.58, 99, 99, 99]
--- num:  29
list:  [0.56, 0.56, 1, 1, 0.98, 0.98, 0.16199999999999998, 0.16199999999999998, 0.27, 0.27, 0.36, 0.36, 0.195, 0.18, 1, 0.25, 0.94, 0.65, 0.35, 0.94, 0.94, 0.35, 0.35, 0.68, 0.39, 0.67, 0.4, 0.05, 0.54, 99, 99, 99]
--- num:  29
list:  [0.56, 0.56, 1, 1, 0.98, 0.98, 0.16199999999999998, 0.16199999999999998, 0.31, 0.31, 0.37, 0.35, 0.18, 0.18, 1, 0.25, 0.91, 0.65, 0.36, 0.91, 0.91, 0.36, 0.36, 0.67, 0.4, 0.67, 0.4, 0.05, 0.51, 99, 99, 99]
--- num:  29
list:  [0.46, 0.46, 0.84, 0.84, 1, 1, 0.16199999999999998, 0.16199999999999998, 0.34, 0.34, 0.38, 0.34, 0.14999999999999997, 0.14999999999999997, 1, 0.25, 0.94, 0.65, 0.31, 0.94, 0.94, 0.31, 0.31, 0.65, 0.4, 0.65, 0.4, 0.04, 0.48, 99, 99, 99]
--- num:  29
list:  [0.66, 0.66, 1, 1, 0.9, 0.9, 0.16199999999999998, 0.16199999999999998, 0.34, 0.34, 0.37, 0.35, 0.13499999999999995, 0.13499999999999995, 1, 0.35, 0.87, 0.72, 0.5, 0.87, 0.87, 0.5, 0.5, 0.64, 0.41, 0.64, 0.41, 0.15, 0.47, 99, 99, 99]
--- num:  29
list:  [0.92, 0.92, 1, 1, 0.68, 0.68, 0.16199999999999998, 0.16199999999999998, 0.28, 0.28, 0.36, 0.36, 0.05999999999999989, 0.0749999999999999, 1, 0.37, 0.915, 0.74, 0.54, 0.91, 0.92, 0.54, 0.54, 0.59, 0.43, 0.6, 0.43, 0.31, 0.63, 99, 99, 99]
--- num:  29
list:  [0.92, 0.92, 1, 1, 0.68, 0.68, 0.16199999999999998, 0.16199999999999998, 0.28, 0.28, 0.35, 0.37, 0.04499999999999987, 0.0749999999999999, 1, 0.37, 0.92, 0.74, 0.54, 0.92, 0.92, 0.54, 0.54, 0.58, 0.44, 0.6, 0.43, 0.33, 0.66, 99, 99, 99]
--- num:  29
list:  [0.92, 0.92, 1, 1, 0.68, 0.68, 0.16199999999999998, 0.16199999999999998, 0.26, 0.26, 0.35, 0.37, 0.04499999999999987, 0.0749999999999999, 1, 0.37, 0.92, 0.74, 0.53, 0.92, 0.92, 0.53, 0.53, 0.58, 0.43, 0.6, 0.43, 0.34, 0.55, 99, 99, 99]
--- num:  29
list:  [0.92, 0.92, 1, 1, 0.68, 0.68, 0.16199999999999998, 0.16199999999999998, 0.26, 0.26, 0.35, 0.37, 0.05999999999999989, 0.0749999999999999, 1, 0.37, 0.92, 0.74, 0.53, 0.92, 0.92, 0.53, 0.53, 0.59, 0.43, 0.6, 0.43, 0.35, 0.47, 99, 99, 99]
--- num:  29
list:  [0.92, 0.92, 1, 1, 0.68, 0.68, 0.16199999999999998, 0.16199999999999998, 0.23, 0.23, 0.35, 0.37, 0.08999999999999991, 0.0749999999999999, 1, 0.37, 0.92, 0.74, 0.53, 0.92, 0.92, 0.53, 0.53, 0.61, 0.42, 0.6, 0.43, 0.4, 0.37, 99, 99, 99]
--- num:  29
list:  [0.92, 0.92, 1, 1, 0.68, 0.68, 0.16199999999999998, 0.16199999999999998, 0.23, 0.23, 0.36, 0.37, 0.10499999999999993, 0.0749999999999999, 1, 0.37, 0.915, 0.74, 0.52, 0.91, 0.92, 0.52, 0.52, 0.62, 0.42, 0.6, 0.43, 0.41, 0.33, 99, 99, 99]
--- num:  29
list:  [0.92, 0.92, 1, 1, 0.68, 0.68, 0.16199999999999998, 0.16199999999999998, 0.22, 0.22, 0.37, 0.35, 0.10499999999999993, 0.08999999999999991, 1, 0.37, 0.905, 0.74, 0.52, 0.9, 0.91, 0.52, 0.52, 0.62, 0.42, 0.61, 0.42, 0.41, 0.31, 99, 99, 99]
--- num:  29
list:  [0.92, 0.92, 1, 1, 0.68, 0.68, 0.16199999999999998, 0.16199999999999998, 0.22, 0.22, 0.44, 0.29, 0.10499999999999993, 0.10499999999999993, 1, 0.36, 0.9, 0.74, 0.53, 0.9, 0.9, 0.53, 0.53, 0.62, 0.42, 0.62, 0.42, 0.4, 0.31, 99, 99, 99]
--- num:  29
list:  [0.89, 0.89, 1, 1, 0.7, 0.7, 0.16199999999999998, 0.16199999999999998, 0.23, 0.23, 0.5, 0.22, 0.11999999999999994, 0.10499999999999993, 1, 0.36, 0.89, 0.73, 0.53, 0.89, 0.89, 0.53, 0.53, 0.63, 0.42, 0.62, 0.42, 0.38, 0.29, 99, 99, 99]
--- num:  29
list:  [0.89, 0.89, 1, 1, 0.71, 0.71, 0.16199999999999998, 0.16199999999999998, 0.23, 0.23, 0.53, 0.2, 0.11999999999999994, 0.10499999999999993, 1, 0.36, 0.885, 0.73, 0.53, 0.88, 0.89, 0.53, 0.53, 0.63, 0.41, 0.62, 0.42, 0.38, 0.27, 99, 99, 99]
--- num:  29
list:  [0.89, 0.89, 1, 1, 0.71, 0.71, 0.16199999999999998, 0.16199999999999998, 0.24, 0.24, 0.54, 0.18, 0.11999999999999994, 0.10499999999999993, 1, 0.36, 0.885, 0.73, 0.54, 0.88, 0.89, 0.54, 0.54, 0.63, 0.41, 0.62, 0.42, 0.38, 0.27, 99, 99, 99]
--- num:  29
list:  [0.88, 0.88, 1, 1, 0.71, 0.71, 0.16199999999999998, 0.16199999999999998, 0.26, 0.26, 0.6, 0.13, 0.13499999999999995, 0.11999999999999994, 1, 0.36, 0.88, 0.73, 0.55, 0.88, 0.88, 0.55, 0.55, 0.64, 0.41, 0.63, 0.42, 0.38, 0.26, 99, 99, 99]
--- num:  29
list:  [0.86, 0.86, 1, 1, 0.73, 0.73, 0.16199999999999998, 0.16199999999999998, 0.3, 0.3, 0.79, -0.05, 0.11999999999999994, 0.10499999999999993, 1, 0.36, 0.88, 0.74, 0.54, 0.88, 0.88, 0.54, 0.54, 0.63, 0.41, 0.62, 0.42, 0.34, 0.26, 99, 99, 99]
--- num:  29
list:  [0.88, 0.88, 1, 1, 0.72, 0.72, 0.16199999999999998, 0.16199999999999998, 0.33, 0.33, 0.77, -0.03, 0.10499999999999993, 0.08999999999999991, 1, 0.37, 0.885, 0.74, 0.53, 0.88, 0.89, 0.53, 0.53, 0.62, 0.42, 0.61, 0.42, 0.33, 0.32, 99, 99, 99]
--- num:  29
list:  [0.89, 0.89, 1, 1, 0.71, 0.71, 0.16199999999999998, 0.16199999999999998, 0.35, 0.35, 0.73, 0.01, 0.08999999999999991, 0.0749999999999999, 1, 0.37, 0.9, 0.74, 0.53, 0.89, 0.91, 0.53, 0.53, 0.61, 0.42, 0.6, 0.43, 0.35, 0.41, 99, 99, 99]
--- num:  29
list:  [0.88, 0.88, 1, 1, 0.71, 0.71, 0.16199999999999998, 0.16199999999999998, 0.34, 0.34, 0.69, 0.05, 0.0749999999999999, 0.0749999999999999, 1, 0.37, 0.91, 0.74, 0.53, 0.9, 0.92, 0.53, 0.53, 0.6, 0.43, 0.6, 0.43, 0.37, 0.49, 99, 99, 99]
--- num:  29
list:  [0.87, 0.87, 1, 1, 0.73, 0.73, 0.16199999999999998, 0.16199999999999998, 0.34, 0.34, 0.62, 0.11, 0.0749999999999999, 0.0749999999999999, 1, 0.37, 0.915, 0.74, 0.51, 0.91, 0.92, 0.51, 0.51, 0.6, 0.43, 0.6, 0.43, 0.39, 0.57, 99, 99, 99]
--- num:  29
list:  [0.86, 0.86, 1, 1, 0.73, 0.73, 0.16199999999999998, 0.16199999999999998, 0.26, 0.26, 0.26, 0.47, 0.0749999999999999, 0.0749999999999999, 1, 0.37, 0.915, 0.74, 0.51, 0.91, 0.92, 0.51, 0.51, 0.6, 0.43, 0.6, 0.43, 0.42, 0.6, 99, 99, 99]
--- num:  29
list:  [0.86, 0.86, 1, 1, 0.73, 0.73, 0.16199999999999998, 0.16199999999999998, 0.26, 0.26, 0.24, 0.49, 0.08999999999999991, 0.08999999999999991, 1, 0.37, 0.91, 0.74, 0.5, 0.9, 0.92, 0.5, 0.5, 0.61, 0.42, 0.61, 0.42, 0.47, 0.5, 99, 99, 99]
--- num:  29
list:  [0.86, 0.86, 1, 1, 0.73, 0.73, 0.16199999999999998, 0.16199999999999998, 0.29, 0.29, 0.25, 0.48, 0.08999999999999991, 0.08999999999999991, 1, 0.37, 0.915, 0.74, 0.54, 0.91, 0.92, 0.54, 0.54, 0.61, 0.42, 0.61, 0.42, 0.57, 0.5, 99, 99, 99]
--- num:  29
list:  [0.85, 0.85, 1, 1, 0.74, 0.74, 0.16199999999999998, 0.16199999999999998, 0.37, 0.37, 0.26, 0.46, 0.10499999999999993, 0.08999999999999991, 1, 0.36, 0.915, 0.73, 0.56, 0.91, 0.92, 0.56, 0.56, 0.62, 0.42, 0.61, 0.42, 0.56, 0.5, 99, 99, 99]
--- num:  29
list:  [0.83, 0.83, 1, 1, 0.76, 0.76, 0.16199999999999998, 0.16199999999999998, 0.41, 0.41, 0.27, 0.46, 0.0749999999999999, 0.0749999999999999, 1, 0.36, 0.92, 0.74, 0.56, 0.92, 0.92, 0.56, 0.56, 0.6, 0.43, 0.6, 0.43, 0.54, 0.5, 99, 99, 99]
--- num:  29
list:  [0.82, 0.82, 1, 1, 0.76, 0.76, 0.16199999999999998, 0.16199999999999998, 0.44, 0.44, 0.29, 0.44, 0.015000000000000013, 0.015000000000000013, 1, 0.4, 0.925, 0.76, 0.56, 0.92, 0.93, 0.56, 0.56, 0.56, 0.45, 0.56, 0.44, 0.5, 0.5, 99, 99, 99]
--- num:  29
list:  [0.83, 0.83, 1, 1, 0.76, 0.76, 0.16199999999999998, 0.16199999999999998, 0.45, 0.45, 0.31, 0.41, 0, 0, 1, 0.43, 0.93, 0.79, 0.56, 0.93, 0.93, 0.56, 0.56, 0.55, 0.46, 0.55, 0.45, 0.49, 0.5, 99, 99, 99]
--- num:  29
list:  [0.82, 0.82, 1, 1, 0.76, 0.76, 0.16199999999999998, 0.16199999999999998, 0.47, 0.47, 0.33, 0.39, 0, 0, 1, 0.43, 0.93, 0.79, 0.56, 0.93, 0.93, 0.56, 0.56, 0.55, 0.46, 0.55, 0.45, 0.49, 0.5, 99, 99, 99]
--- num:  29
list:  [0.81, 0.81, 1, 1, 0.77, 0.77, 0.16199999999999998, 0.16199999999999998, 0.48, 0.48, 0.36, 0.36, 0, 0, 1, 0.44, 0.93, 0.79, 0.56, 0.93, 0.93, 0.56, 0.56, 0.55, 0.46, 0.55, 0.45, 0.49, 0.5, 99, 99, 99]
--- num:  29
list:  [0.79, 0.79, 1, 1, 0.79, 0.79, 0.16199999999999998, 0.16199999999999998, 0.49, 0.49, 0.38, 0.34, 0, 0, 1, 0.46, 0.93, 0.81, 0.56, 0.93, 0.93, 0.56, 0.56, 0.54, 0.48, 0.55, 0.46, 0.46, 0.5, 99, 99, 99]
--- num:  29
list:  [0.78, 0.78, 1, 1, 0.8, 0.8, 0.16199999999999998, 0.16199999999999998, 0.49, 0.49, 0.41, 0.32, 0, 0, 1, 0.46, 0.92, 0.81, 0.56, 0.92, 0.92, 0.56, 0.56, 0.53, 0.48, 0.54, 0.46, 0.46, 0.5, 99, 99, 99]
--- num:  29
list:  [0.74, 0.74, 1, 1, 0.83, 0.83, 0.8964159297943115, 0.8963785576820373, 0.32, 0.32, 0.45, 0.27, 0.015000000000000013, 0.05999999999999989, 1, 0.46, 0.89, 0.8, 0.55, 0.89, 0.89, 0.55, 0.55, 0.56, 0.44, 0.59, 0.43, 0.45, 0.5, 99, 99, 99]
--- num:  29
list:  [0.74, 0.74, 1, 1, 0.83, 0.83, 0.16199999999999998, 0.16199999999999998, 0.47, 0.47, 0.51, 0.21, 0.015000000000000013, 0, 1, 0.44, 0.905, 0.79, 0.56, 0.9, 0.91, 0.56, 0.56, 0.56, 0.45, 0.55, 0.45, 0.47, 0.5, 99, 99, 99]
--- num:  29
list:  [0.74, 0.74, 1, 1, 0.83, 0.83, 0.16199999999999998, 0.16199999999999998, 0.47, 0.47, 0.5, 0.22, 0, 0.015000000000000013, 1, 0.43, 0.91, 0.79, 0.56, 0.91, 0.91, 0.56, 0.56, 0.55, 0.45, 0.56, 0.45, 0.49, 0.5, 99, 99, 99]
--- num:  29
list:  [0.79, 0.79, 1, 1, 0.79, 0.79, 0.16199999999999998, 0.16199999999999998, 0.42, 0.42, 0.44, 0.28, 0, 0, 1, 0.45, 0.91, 0.8, 0.56, 0.91, 0.91, 0.56, 0.56, 0.53, 0.49, 0.55, 0.46, 0.49, 0.5, 99, 99, 99]
--- num:  29
list:  [0.8, 0.8, 1, 1, 0.78, 0.78, 0.16199999999999998, 0.16199999999999998, 0.32, 0.32, 0.37, 0.36, 0.02999999999999986, 0.04499999999999987, 1, 0.4, 0.91, 0.76, 0.56, 0.91, 0.91, 0.56, 0.56, 0.57, 0.44, 0.58, 0.44, 0.53, 0.5, 99, 99, 99]
--- num:  29
list:  [0.82, 0.82, 1, 1, 0.76, 0.76, 0.16199999999999998, 0.16199999999999998, 0.3, 0.3, 0.31, 0.42, 0.0749999999999999, 0.0749999999999999, 1, 0.38, 0.905, 0.75, 0.54, 0.9, 0.91, 0.54, 0.54, 0.6, 0.43, 0.6, 0.43, 0.53, 0.5, 99, 99, 99]
--- num:  29
list:  [0.82, 0.82, 1, 1, 0.77, 0.77, 0.16199999999999998, 0.16199999999999998, 0.27, 0.27, 0.28, 0.45, 0.0749999999999999, 0.0749999999999999, 1, 0.38, 0.905, 0.75, 0.51, 0.9, 0.91, 0.51, 0.51, 0.6, 0.43, 0.6, 0.43, 0.53, 0.5, 99, 99, 99]
--- num:  29
list:  [0.8, 0.8, 1, 1, 0.78, 0.78, 0.16199999999999998, 0.16199999999999998, 0.26, 0.26, 0.25, 0.48, 0.0749999999999999, 0.0749999999999999, 1, 0.38, 0.895, 0.75, 0.5, 0.89, 0.9, 0.5, 0.5, 0.6, 0.43, 0.6, 0.43, 0.54, 0.5, 99, 99, 99]
--- num:  29
list:  [0.8, 0.8, 1, 1, 0.78, 0.78, 0.16199999999999998, 0.16199999999999998, 0.26, 0.26, 0.19, 0.53, 0.0749999999999999, 0.05999999999999989, 1, 0.4, 0.895, 0.76, 0.49, 0.89, 0.9, 0.49, 0.49, 0.6, 0.43, 0.59, 0.43, 0.54, 0.5, 99, 99, 99]
--- num:  29
list:  [0.76, 0.76, 1, 1, 0.81, 0.81, 0.16199999999999998, 0.16199999999999998, 0.26, 0.26, 0.13, 0.6, 0.05999999999999989, 0.04499999999999987, 1, 0.39, 0.895, 0.76, 0.49, 0.89, 0.9, 0.49, 0.49, 0.59, 0.43, 0.58, 0.44, 0.54, 0.5, 99, 99, 99]
--- num:  29
list:  [0.75, 0.75, 1, 1, 0.82, 0.82, 0.16199999999999998, 0.16199999999999998, 0.27, 0.27, 0.11, 0.62, 0.05999999999999989, 0.04499999999999987, 1, 0.38, 0.89, 0.75, 0.5, 0.88, 0.9, 0.5, 0.5, 0.59, 0.43, 0.58, 0.44, 0.54, 0.5, 99, 99, 99]
--- num:  29
list:  [0.7, 0.7, 1, 1, 0.86, 0.86, 0.2975407350063324, 0.29703409552574156, 0.24, 0.24, 0.15, 0.58, 0.04499999999999987, 0.04499999999999987, 1, 0.39, 0.895, 0.76, 0.5, 0.89, 0.9, 0.5, 0.5, 0.58, 0.44, 0.58, 0.44, 0.54, 0.5, 99, 99, 99]
--- num:  29
list:  [0.71, 0.71, 1, 1, 0.86, 0.86, 0.16199999999999998, 0.16199999999999998, 0.28, 0.28, -0.02, 0.77, 0.0749999999999999, 0.08999999999999991, 1, 0.37, 0.88, 0.74, 0.55, 0.88, 0.88, 0.55, 0.55, 0.6, 0.43, 0.61, 0.42, 0.49, 0.5, 99, 99, 99]
--- num:  29
list:  [0.71, 0.71, 1, 1, 0.85, 0.85, 0.16199999999999998, 0.16199999999999998, 0.32, 0.32, -0.13, 0.88, 0.05999999999999989, 0.05999999999999989, 1, 0.38, 0.895, 0.74, 0.54, 0.9, 0.89, 0.54, 0.54, 0.59, 0.43, 0.59, 0.43, 0.53, 0.5, 99, 99, 99]
--- num:  29
list:  [0.71, 0.71, 1, 1, 0.85, 0.85, 0.16199999999999998, 0.16199999999999998, 0.32, 0.32, -0.06, 0.8, 0.04499999999999987, 0.05999999999999989, 1, 0.39, 0.895, 0.75, 0.55, 0.9, 0.89, 0.55, 0.55, 0.58, 0.43, 0.59, 0.43, 0.54, 0.5, 99, 99, 99]
--- num:  29
list:  [0.73, 0.73, 1, 1, 0.84, 0.84, 0.16199999999999998, 0.16199999999999998, 0.32, 0.32, 0.02, 0.72, 0.04499999999999987, 0.05999999999999989, 1, 0.39, 0.895, 0.76, 0.55, 0.9, 0.89, 0.55, 0.55, 0.58, 0.44, 0.59, 0.43, 0.53, 0.5, 99, 99, 99]
--- num:  29
list:  [0.73, 0.73, 1, 1, 0.84, 0.84, 0.16199999999999998, 0.16199999999999998, 0.32, 0.32, 0.01, 0.73, 0.04499999999999987, 0.05999999999999989, 1, 0.39, 0.89, 0.76, 0.56, 0.89, 0.89, 0.56, 0.56, 0.58, 0.44, 0.59, 0.43, 0.53, 0.5, 99, 99, 99]
--- num:  29
list:  [0.73, 0.73, 1, 1, 0.84, 0.84, 0.16199999999999998, 0.16199999999999998, 0.32, 0.32, 0.01, 0.73, 0.04499999999999987, 0.05999999999999989, 1, 0.39, 0.89, 0.76, 0.56, 0.89, 0.89, 0.56, 0.56, 0.58, 0.44, 0.59, 0.43, 0.53, 0.5, 99, 99, 99]
--- num:  29
list:  [0.67, 0.67, 1, 1, 0.89, 0.89, 0.6657874393463135, 0.6658791708946228, 0.19, 0.19, 0.36, 0.37, 0.0749999999999999, 0.0749999999999999, 1, 0.4, 0.87, 0.76, 0.5, 0.87, 0.87, 0.5, 0.5, 0.6, 0.43, 0.6, 0.43, 0.54, 0.5, 99, 99, 99]
--- num:  29
list:  [0.7, 0.7, 1, 1, 0.86, 0.86, 0.16199999999999998, 0.16199999999999998, 0.34, 0.34, -0.06, 0.8, 0.05999999999999989, 0.0749999999999999, 1, 0.4, 0.88, 0.76, 0.56, 0.88, 0.88, 0.56, 0.56, 0.59, 0.43, 0.6, 0.43, 0.52, 0.5, 99, 99, 99]
--- num:  29
list:  [0.7, 0.7, 1, 1, 0.86, 0.86, 0.16199999999999998, 0.16199999999999998, 0.35, 0.35, -0.11, 0.86, 0.04499999999999987, 0.0749999999999999, 1, 0.39, 0.875, 0.76, 0.56, 0.88, 0.87, 0.56, 0.56, 0.58, 0.44, 0.6, 0.43, 0.51, 0.5, 99, 99, 99]
--- num:  29
list:  [0.66, 0.66, 1, 1, 0.9, 0.9, 0.5911684441566467, 0.5932239699363708, 0.18, 0.18, 0.48, 0.25, 0.10499999999999993, 0.11999999999999994, 1, 0.39, 0.84, 0.76, 0.53, 0.83, 0.85, 0.53, 0.53, 0.62, 0.42, 0.63, 0.42, 0.47, 0.5, 99, 99, 99]
--- num:  29
list:  [0.63, 0.63, 1, 1, 0.92, 0.92, 0.16199999999999998, 0.16199999999999998, 0.35, 0.35, 0.49, 0.24, 0.08999999999999991, 0.08999999999999991, 1, 0.38, 0.875, 0.75, 0.53, 0.87, 0.88, 0.53, 0.53, 0.61, 0.42, 0.61, 0.42, 0.45, 0.5, 99, 99, 99]
--- num:  29
list:  [0.62, 0.62, 1, 1, 0.92, 0.92, 0.16199999999999998, 0.16199999999999998, 0.38, 0.38, 0.43, 0.29, 0.0749999999999999, 0.08999999999999991, 1, 0.36, 0.89, 0.73, 0.53, 0.89, 0.89, 0.53, 0.53, 0.6, 0.43, 0.61, 0.42, 0.45, 0.5, 99, 99, 99]
--- num:  29
list:  [0.62, 0.62, 1, 1, 0.93, 0.93, 0.16199999999999998, 0.16199999999999998, 0.35, 0.35, 0.65, 0.09, 0.0749999999999999, 0.08999999999999991, 1, 0.35, 0.895, 0.73, 0.54, 0.89, 0.9, 0.54, 0.54, 0.6, 0.43, 0.61, 0.43, 0.46, 0.5, 99, 99, 99]
--- num:  29
list:  [0.63, 0.63, 1, 1, 0.92, 0.92, 0.16199999999999998, 0.16199999999999998, 0.35, 0.35, 0.66, 0.08, 0.0749999999999999, 0.0749999999999999, 1, 0.35, 0.895, 0.73, 0.53, 0.89, 0.9, 0.53, 0.53, 0.6, 0.43, 0.6, 0.43, 0.44, 0.5, 99, 99, 99]
--- num:  29
list:  [0.63, 0.63, 1, 1, 0.92, 0.92, 0.16199999999999998, 0.16199999999999998, 0.35, 0.35, 0.65, 0.08, 0.0749999999999999, 0.0749999999999999, 1, 0.35, 0.895, 0.73, 0.53, 0.89, 0.9, 0.53, 0.53, 0.6, 0.43, 0.6, 0.43, 0.45, 0.5, 99, 99, 99]
--- num:  29
list:  [0.63, 0.63, 1, 1, 0.92, 0.92, 0.25294301986694334, 0.25262958884239195, 0.3, 0.3, 0.63, 0.11, 0.0749999999999999, 0.0749999999999999, 1, 0.35, 0.895, 0.73, 0.52, 0.89, 0.9, 0.52, 0.52, 0.6, 0.43, 0.6, 0.43, 0.45, 0.5, 99, 99, 99]
--- num:  29
list:  [0.62, 0.62, 1, 1, 0.92, 0.92, 0.16199999999999998, 0.16199999999999998, 0.33, 0.33, 0.72, 0.02, 0.08999999999999991, 0.10499999999999993, 1, 0.36, 0.89, 0.73, 0.5, 0.88, 0.9, 0.5, 0.5, 0.61, 0.43, 0.62, 0.42, 0.44, 0.58, 99, 99, 99]
--- num:  29
list:  [0.62, 0.62, 1, 1, 0.93, 0.93, 0.939259569644928, 0.9392025876045227, 0.27, 0.27, 0.3, 0.43, 0.0749999999999999, 0.11999999999999994, 1, 0.36, 0.865, 0.73, 0.51, 0.86, 0.87, 0.51, 0.51, 0.6, 0.43, 0.63, 0.41, 0.45, 0.5, 99, 99, 99]
--- num:  29
list:  [0.61, 0.61, 1, 1, 0.94, 0.94, 0.16199999999999998, 0.16199999999999998, 0.37, 0.37, 0.28, 0.44, 0.0749999999999999, 0.08999999999999991, 1, 0.36, 0.89, 0.73, 0.52, 0.89, 0.89, 0.52, 0.52, 0.6, 0.43, 0.61, 0.42, 0.48, 0.5, 99, 99, 99]
--- num:  29
list:  [0.62, 0.62, 1, 1, 0.93, 0.93, 0.16199999999999998, 0.16199999999999998, 0.4, 0.4, 0.32, 0.41, 0.05999999999999989, 0.08999999999999991, 1, 0.36, 0.89, 0.73, 0.54, 0.89, 0.89, 0.54, 0.54, 0.59, 0.43, 0.61, 0.42, 0.49, 0.5, 99, 99, 99]
--- num:  29
list:  [0.61, 0.61, 1, 1, 0.93, 0.93, 0.16199999999999998, 0.16199999999999998, 0.4, 0.4, 0.35, 0.37, 0.05999999999999989, 0.0749999999999999, 1, 0.36, 0.89, 0.73, 0.54, 0.89, 0.89, 0.54, 0.54, 0.59, 0.43, 0.6, 0.43, 0.49, 0.5, 99, 99, 99]
--- num:  29
list:  [0.59, 0.59, 1, 1, 0.95, 0.95, 0.16199999999999998, 0.16199999999999998, 0.4, 0.4, 0.39, 0.33, 0.13499999999999995, 0.13499999999999995, 1, 0.34, 0.9, 0.72, 0.49, 0.9, 0.9, 0.49, 0.49, 0.64, 0.41, 0.64, 0.41, 0.25, 0.39, 99, 99, 99]
--- num:  29
list:  [0.59, 0.59, 1, 1, 0.95, 0.95, 0.16199999999999998, 0.16199999999999998, 0.34, 0.34, 0.41, 0.31, 0.195, 0.195, 1, 0.33, 0.9, 0.71, 0.44, 0.9, 0.9, 0.44, 0.44, 0.68, 0.39, 0.68, 0.39, 0.17, 0.37, 99, 99, 99]
--- num:  29
list:  [0.58, 0.58, 1, 1, 0.96, 0.96, 0.16199999999999998, 0.16199999999999998, 0.4, 0.4, 0.42, 0.3, 0.195, 0.18, 1, 0.33, 0.9, 0.71, 0.44, 0.9, 0.9, 0.44, 0.44, 0.68, 0.39, 0.67, 0.4, 0.12, 0.35, 99, 99, 99]
--- num:  29
list:  [0.57, 0.57, 1, 1, 0.97, 0.97, 0.16199999999999998, 0.16199999999999998, 0.41, 0.41, 0.41, 0.31, 0.20999999999999985, 0.18, 1, 0.28, 0.95, 0.67, 0.35, 0.95, 0.95, 0.35, 0.35, 0.69, 0.39, 0.67, 0.4, 0.07, 0.35, 99, 99, 99]
--- num:  29
list:  [0.56, 0.56, 1, 1, 0.98, 0.98, 0.16199999999999998, 0.16199999999999998, 0.41, 0.41, 0.4, 0.32, 0.22499999999999987, 0.195, 1, 0.24, 0.97, 0.65, 0.29, 0.97, 0.97, 0.29, 0.29, 0.7, 0.38, 0.68, 0.39, 0.04, 0.41, 99, 99, 99]
--- num:  29
list:  [0.48, 0.48, 0.88, 0.88, 1, 1, 0.16199999999999998, 0.16199999999999998, 0.41, 0.41, 0.4, 0.32, 0.36, 0.2699999999999999, 1, 0.23, 0.98, 0.64, 0.28, 0.98, 0.98, 0.28, 0.28, 0.79, 0.34, 0.73, 0.37, 0.03, 0.46, 99, 99, 99]
--- num:  29
list:  [0.47, 0.47, 0.85, 0.85, 1, 1, 0.16199999999999998, 0.16199999999999998, 0.39, 0.39, 0.4, 0.32, 0.375, 0.2849999999999999, 1, 0.23, 0.98, 0.63, 0.28, 0.98, 0.98, 0.28, 0.28, 0.8, 0.34, 0.74, 0.37, 0.03, 0.48, 99, 99, 99]
--- num:  29
list:  [0.45, 0.45, 0.81, 0.81, 1, 1, 0.16199999999999998, 0.16199999999999998, 0.41, 0.41, 0.41, 0.31, 0.36, 0.2849999999999999, 1, 0.23, 0.98, 0.63, 0.28, 0.98, 0.98, 0.28, 0.28, 0.79, 0.34, 0.74, 0.37, 0.03, 0.48, 99, 99, 99]
--- num:  29
list:  [0.44, 0.44, 0.8, 0.8, 1, 1, 0.16199999999999998, 0.16199999999999998, 0.43, 0.43, 0.41, 0.31, 0.345, 0.2849999999999999, 1, 0.22, 0.98, 0.63, 0.28, 0.98, 0.98, 0.28, 0.28, 0.78, 0.35, 0.74, 0.37, 0.03, 0.49, 99, 99, 99]
--- num:  29
list:  [0.44, 0.44, 0.79, 0.79, 1, 1, 0.16199999999999998, 0.16199999999999998, 0.44, 0.44, 0.4, 0.32, 0.32999999999999996, 0.2699999999999999, 1, 0.22, 0.98, 0.63, 0.28, 0.98, 0.98, 0.28, 0.28, 0.77, 0.35, 0.73, 0.37, 0.03, 0.49, 99, 99, 99]
--- num:  29
list:  [0.43, 0.43, 0.77, 0.77, 1, 1, 0.16199999999999998, 0.16199999999999998, 0.48, 0.48, 0.38, 0.34, 0.2699999999999999, 0.22499999999999987, 1, 0.22, 0.98, 0.63, 0.28, 0.98, 0.98, 0.28, 0.28, 0.73, 0.37, 0.7, 0.38, 0.03, 0.49, 99, 99, 99]
--- num:  29
list:  [0.44, 0.44, 0.8, 0.8, 1, 1, 0.16199999999999998, 0.16199999999999998, 0.49, 0.49, 0.36, 0.36, 0.2549999999999999, 0.195, 1, 0.22, 0.985, 0.63, 0.27, 0.98, 0.99, 0.27, 0.27, 0.72, 0.37, 0.68, 0.39, 0.02, 0.5, 99, 99, 99]
--- num:  29
list:  [0.44, 0.44, 0.8, 0.8, 1, 1, 0.16199999999999998, 0.16199999999999998, 0.48, 0.48, 0.34, 0.38, 0.2699999999999999, 0.20999999999999985, 1, 0.22, 0.99, 0.63, 0.27, 0.99, 0.99, 0.27, 0.27, 0.73, 0.37, 0.69, 0.39, 0.02, 0.51, 99, 99, 99]
--- num:  29
list:  [0.45, 0.45, 0.81, 0.81, 1, 1, 0.16199999999999998, 0.16199999999999998, 0.47, 0.47, 0.33, 0.39, 0.2549999999999999, 0.195, 1, 0.22, 0.99, 0.63, 0.27, 0.99, 0.99, 0.27, 0.27, 0.72, 0.37, 0.68, 0.39, 0.02, 0.53, 99, 99, 99]
--- num:  29
list:  [0.45, 0.45, 0.82, 0.82, 1, 1, 0.16199999999999998, 0.16199999999999998, 0.46, 0.46, 0.33, 0.39, 0.2549999999999999, 0.18, 1, 0.22, 0.99, 0.63, 0.26, 0.99, 0.99, 0.26, 0.26, 0.72, 0.38, 0.67, 0.4, 0.02, 0.57, 99, 99, 99]
--- num:  29
list:  [0.46, 0.46, 0.83, 0.83, 1, 1, 0.16199999999999998, 0.16199999999999998, 0.44, 0.44, 0.33, 0.39, 0.2549999999999999, 0.195, 1, 0.22, 0.99, 0.63, 0.26, 0.99, 0.99, 0.26, 0.26, 0.72, 0.37, 0.68, 0.39, 0.02, 0.59, 99, 99, 99]
--- num:  29
list:  [0.46, 0.46, 0.83, 0.83, 1, 1, 0.16199999999999998, 0.16199999999999998, 0.43, 0.43, 0.33, 0.39, 0.2549999999999999, 0.195, 1, 0.22, 0.99, 0.63, 0.26, 0.99, 0.99, 0.26, 0.26, 0.72, 0.37, 0.68, 0.39, 0.02, 0.6, 99, 99, 99]
--- num:  29
list:  [0.46, 0.46, 0.83, 0.83, 1, 1, 0.16199999999999998, 0.16199999999999998, 0.43, 0.43, 0.33, 0.39, 0.2699999999999999, 0.195, 1, 0.22, 0.99, 0.63, 0.26, 0.99, 0.99, 0.26, 0.26, 0.73, 0.37, 0.68, 0.39, 0.02, 0.61, 99, 99, 99]
--- num:  29
list:  [0.45, 0.45, 0.82, 0.82, 1, 1, 0.16199999999999998, 0.16199999999999998, 0.43, 0.43, 0.35, 0.38, 0.2699999999999999, 0.195, 1, 0.22, 0.99, 0.63, 0.26, 0.99, 0.99, 0.26, 0.26, 0.73, 0.37, 0.68, 0.39, 0.02, 0.61, 99, 99, 99]
--- num:  29
list:  [0.45, 0.45, 0.82, 0.82, 1, 1, 0.16199999999999998, 0.16199999999999998, 0.43, 0.43, 0.35, 0.37, 0.2699999999999999, 0.195, 1, 0.22, 0.99, 0.63, 0.26, 0.99, 0.99, 0.26, 0.26, 0.73, 0.37, 0.68, 0.39, 0.02, 0.6, 99, 99, 99]
--- num:  29
list:  [0.45, 0.45, 0.8, 0.8, 1, 1, 0.16199999999999998, 0.16199999999999998, 0.42, 0.42, 0.36, 0.36, 0.2549999999999999, 0.195, 1, 0.22, 0.99, 0.63, 0.26, 0.99, 0.99, 0.26, 0.26, 0.72, 0.37, 0.68, 0.39, 0.02, 0.59, 99, 99, 99]
--- num:  29
