[-0.24839839  0.01116308 -0.05947166]
[-0.24596574  0.01108259 -0.05628308]
[-0.24597358  0.01163256 -0.05411028]
[-0.23379275  0.02657162 -0.04210319]
[-0.26062015  0.01627483 -0.04728603]
[-0.26062015  0.01627483 -0.04728603]
[-0.24288653  0.01544404 -0.03292732]
[-0.23646859  0.01668369 -0.03217743]
[-0.23173343  0.01862144 -0.03402389]
[-0.22384122  0.02394757 -0.04071713]
[-0.21488883  0.0307404  -0.04390665]
[-0.20905982  0.03434354 -0.04361122]
[-0.20292774  0.03767708 -0.04300052]
[-0.19186521  0.04320563 -0.04517741]
[-0.18460193  0.04782888 -0.04657102]
[-0.18200523  0.04970269 -0.04658574]
[-0.17774326  0.04952915 -0.04509835]
[-0.13219957  0.0379364  -0.03213929]
[-0.12643178  0.03660087 -0.03102953]
[-0.11887061  0.03502856 -0.02954252]
[-0.106806    0.03384975 -0.02525559]
[-0.09188336  0.0306842  -0.02340882]
[-0.08426614  0.02858119 -0.02321574]
[-0.06510035  0.02468537 -0.02162099]
[-0.05377872  0.02361672 -0.02158477]
[-0.03433222  0.02234679 -0.02275073]
[-0.02575738  0.02255582 -0.02301358]
[ 0.01960935  0.02182912 -0.02206643]
[ 0.08860236  0.0193414  -0.02411067]
[ 0.08989834  0.01960645 -0.02355424]
[ 0.09102426  0.01953433 -0.02336163]
[ 0.08593122  0.01697804 -0.02059776]
[ 0.08430482  0.01484376 -0.01916751]
[ 0.07978736  0.00891388 -0.01980194]
[ 0.07344236  0.00313961 -0.02843474]
[ 0.07400975 -0.0080847  -0.06007562]
[ 0.07447971 -0.01672387 -0.07420518]
[ 0.07334497 -0.02089666 -0.08119109]
[ 0.07226027 -0.02516354 -0.08684698]
[ 0.07095868 -0.04187586 -0.11181718]
[ 0.07034329 -0.04611279 -0.11549272]
[ 0.06908829 -0.05101992 -0.11821501]
[ 0.06335655 -0.063849   -0.12531517]
[ 0.0600897  -0.06724246 -0.12774605]
[ 0.05649844 -0.07095849 -0.13070664]
[ 0.03613046 -0.09181867 -0.14758454]
[ 0.02953654 -0.1006988  -0.15678784]
[ 0.01562386 -0.10876121 -0.18759169]
[ 0.01007315 -0.11067006 -0.19354779]
[ 0.00339793 -0.1112982  -0.19802929]
[-0.00135619 -0.11227199 -0.20109387]
[-0.0069521  -0.1130052  -0.20529069]
[-0.00971569 -0.11370059 -0.20630352]
[-0.01303121 -0.11373245 -0.20734847]
[-0.01688657 -0.11318833 -0.2084572 ]
[-0.02387791 -0.11284916 -0.20929043]
[-0.02659211 -0.11299563 -0.20803231]
[-0.03705222 -0.10995548 -0.18079771]
[-0.04520787 -0.1078675  -0.17165036]
[-0.04956596 -0.10371794 -0.15878233]
[-0.04685389 -0.09934453 -0.1495816 ]
[-0.04436318 -0.09548433 -0.13800803]
[-0.04685842 -0.08095704 -0.10401164]
[-0.04857439 -0.07477425 -0.09131057]
[-0.04779273 -0.06841002 -0.0794208 ]
[-0.04388757 -0.02021006 -0.01887184]
[-0.04182374 -0.00731372 -0.01212468]
[-0.03961191 -0.00099251 -0.00832379]
[-0.03950081  0.02273396  0.0020016 ]
[-0.04511022  0.05212539  0.02183558]
[-0.04619935  0.05707128  0.02518596]
[-0.04819682  0.07662743  0.03591442]
[-0.04744467  0.07821137  0.03881522]
[-0.04707801  0.07852995  0.04087475]
[-0.04656164  0.07901407  0.04308827]
[-0.04507727  0.07923552  0.0456752 ]
[-0.04438236  0.07944157  0.04876787]
[-0.04527714  0.07619388  0.04654778]
[-0.04797809  0.07276099  0.0351805 ]
[-0.04797809  0.07276099  0.0351805 ]
[-0.0484417   0.07204635  0.03294519]
[-0.05237095  0.06803338  0.02586059]
[-0.05237095  0.06803338  0.02586059]
[-0.05560891  0.06729289  0.02436133]
[-0.06884773  0.06278848  0.01398791]
[-0.07055929  0.06197369  0.01267859]
[-0.07226473  0.06078171  0.01144797]
[-0.07561848  0.05705991  0.00688712]
[-0.07715918  0.05565015  0.00611903]
[-0.07835402  0.05386447  0.0052712 ]
[-0.0800928   0.05187942  0.00400702]
[-0.08388111  0.04360709 -0.000366  ]
[-0.08559966  0.04026541 -0.00187671]
[-0.08970422  0.02469969 -0.00943739]
[-0.09777254 -0.00196289 -0.03704705]
[-0.09885447 -0.00405559 -0.04102962]
[-0.10050354 -0.00789368 -0.04732388]
[-0.10161045 -0.01232256 -0.05203859]
[-0.10242983 -0.01447113 -0.05415231]
[-0.10682993 -0.02518281 -0.05762631]
[-0.10581207 -0.02911397 -0.05967724]
[-0.10539835 -0.03309615 -0.06371913]
[-0.10553619 -0.03655597 -0.06939845]
[-0.11085533 -0.0478392  -0.09355263]
[-0.11215118 -0.05004005 -0.09968217]
[-0.1198102  -0.06243999 -0.13355045]
[-0.12760795 -0.06559122 -0.14706907]
[-0.13914726 -0.07148737 -0.16862558]
[-0.14203762 -0.07987435 -0.18390922]
[-0.14140551 -0.08163499 -0.18733372]
[-0.14201158 -0.08278569 -0.19169252]
[-0.14324457 -0.0832402  -0.19545685]
[-0.14325584 -0.0823627  -0.20156208]
[-0.14354672 -0.07982435 -0.20475669]
[-0.14363713 -0.07688491 -0.20679021]
[-0.14479661 -0.07328626 -0.20822369]
[-0.15204105 -0.04042679 -0.18968606]
[-0.15219515 -0.03020655 -0.17628875]
[-0.14941704 -0.02036108 -0.15780005]
[-0.14855389 -0.01568443 -0.14705183]
[-0.14995209 -0.01049739 -0.13606456]
[-0.14964324  0.00911336 -0.09133333]
[-0.14777686  0.01734956 -0.08198692]
[-0.13907294  0.04994672 -0.05216844]
[-0.13637013  0.05239318 -0.05039534]
[-0.13365105  0.05467948 -0.048126  ]
[-0.13191278  0.05637591 -0.04540947]
[-0.12896857  0.05965863 -0.03923457]
[-0.12836099  0.06077687 -0.03736407]
[-0.12783602  0.06167424 -0.03526361]
[-0.12775498  0.06215356 -0.03307261]
[-0.12812734  0.06256383 -0.03024949]
[-0.12864621  0.06412157 -0.02263414]
[-0.12868933  0.06523906 -0.0188298 ]
[-0.1283358   0.0662577  -0.01506628]
[-0.12773811  0.06997167 -0.00827713]
[-0.1267356   0.07207815 -0.00612957]
[-0.1241568   0.07452068 -0.00413163]
[-0.10720544  0.0893756   0.01982273]
[-0.10392827  0.09494233  0.02655395]
[-0.1008739   0.10541032  0.0387746 ]
[-0.10258105  0.10827421  0.04235605]
[-0.10274466  0.11475737  0.05307769]
[-0.10020428  0.11527757  0.05522235]
[-0.10019545  0.11502888  0.05793469]
[-0.09879066  0.11395507  0.05880874]
[-0.0975797   0.11292066  0.05840713]
[-0.09221296  0.10815752  0.05296142]
[-0.09224992  0.1074267   0.05205227]
[-0.09172567  0.10645817  0.05126506]
[-0.09151006  0.10528756  0.04962681]
[-0.0889643   0.10102431  0.04462945]
[-0.08732857  0.09792066  0.04168443]
[-0.08732857  0.09792066  0.04168443]
[-0.08778377  0.09677021  0.04069794]
[-0.09372894  0.08424757  0.02943127]
[-0.10795684  0.06834254  0.01076144]
[-0.10950274  0.06449974  0.00819847]
[-0.11750747  0.04983999 -0.00414276]
[-0.11663757  0.04635669 -0.00934579]
[-0.11577904  0.04277479 -0.0135369 ]
[-0.1180482   0.03058859 -0.02546975]
[-0.11791293  0.02769593 -0.0270369 ]
[-0.11682634  0.02453319 -0.02943563]
[-0.11717548  0.02164151 -0.0328297 ]
[-0.11799383  0.01915953 -0.03624985]
[-0.12024597  0.01181941 -0.05109262]
[-0.12140872  0.00985305 -0.05592819]
[-0.12304959  0.00701268 -0.05872197]
[-0.12865689  0.00034018 -0.06411707]
[-0.13230732 -0.00286438 -0.0675773 ]
[-0.14308495 -0.01973841 -0.10277008]
[-0.14349166 -0.02166089 -0.10569233]
[-0.14245225 -0.0258302  -0.1105623 ]
[-0.1420453  -0.02781533 -0.11312278]
[-0.14116098 -0.02997911 -0.11505982]
[-0.14010973 -0.03452049 -0.11749675]
[-0.13984609 -0.0341348  -0.1161847 ]
[-0.14242386 -0.03065479 -0.11214285]
[-0.14143997 -0.02995165 -0.11244031]
[-0.14010383 -0.02971464 -0.11239083]
[-0.14078715 -0.02779425 -0.11158948]
[-0.14427595 -0.02665487 -0.11051225]
[-0.14538143 -0.02523675 -0.11023441]
[-0.14434808 -0.02426105 -0.11036616]
[-0.13957582 -0.02179904 -0.10842743]
[-0.13780423 -0.02092515 -0.10704146]
[-0.13602616 -0.01952713 -0.10469548]
[-0.13707824 -0.01104886 -0.09790975]
[-0.13992583 -0.01061072 -0.09581506]
[-0.14483292 -0.01026799 -0.09392429]
[-0.1481397  -0.00866815 -0.09295431]
[-0.15561161 -0.00094275 -0.08722115]
[-0.15707503  0.00134598 -0.08472789]
[-0.1589891   0.00380203 -0.08222402]
[-0.16062791  0.00681096 -0.08054746]
[-0.16568683  0.01143969 -0.07889834]
[-0.16722996  0.01439698 -0.07803522]
[-0.16863071  0.01707554 -0.07673546]
[-0.1688792   0.02422676 -0.07335586]
[-0.19674292  0.03324619 -0.07464892]
[-0.19956707  0.03405761 -0.07421136]
[-0.2305988   0.04007328 -0.06670166]
[-0.2305988   0.04007328 -0.06670166]
[-0.23476787  0.04034682 -0.063301  ]
[-0.23651987  0.04115348 -0.05952189]
[-0.24374294  0.04216351 -0.05268577]
[-0.2479885   0.04090619 -0.05314091]
[-0.25372384  0.04046354 -0.0524912 ]
[-0.2543116   0.04360309 -0.05143706]
[-0.25444338  0.04861252 -0.04885605]
[-0.25360638  0.04960826 -0.04751806]
[-0.25186521  0.04822741 -0.04543391]
[-0.25394681  0.0497574  -0.04127249]
[-0.25448499  0.05206625 -0.03889338]
[-0.25421643  0.05444581 -0.036239  ]
[-0.23354595  0.05579385 -0.03136678]
[-0.23087575  0.05492117 -0.0291136 ]
[-0.22321196  0.05540659 -0.02289518]
[-0.22619999  0.05294769 -0.02183968]
[-0.23174489  0.05095833 -0.02156999]
[-0.23435156  0.0520543  -0.02044748]
[-0.23511502  0.05258884 -0.02022913]
[-0.23514195  0.05355625 -0.01887037]
[-0.23497412  0.05357811 -0.01835781]
[-0.23537515  0.05377747 -0.01653184]
[-0.23522817  0.05452265 -0.01528568]
[-0.23481576  0.05467357 -0.01436366]
[-0.23377972  0.05414356 -0.01105154]
[-0.23396638  0.05409465 -0.00891169]
[-0.23376712  0.05461827 -0.00674503]
[-0.23377833  0.05505539 -0.00459626]
[-0.22735188  0.05422581  0.00505602]
[-0.22457699  0.0539498   0.01127427]
[-0.2120829   0.0546327   0.04649092]
[-0.21091459  0.05478764  0.0499859 ]
[-0.21387198  0.05519074  0.05030629]
[-0.21505912  0.05530097  0.04842412]
[-0.22222199  0.04942413  0.0362379 ]
[-0.22323837  0.04747639  0.03426666]
[-0.22297905  0.04514178  0.03172301]
[-0.22561415  0.04195842  0.02563095]
[-0.2523247   0.03201202  0.00168814]
[-0.2561561   0.02976579 -0.00432081]
[-0.26088981  0.02436362 -0.02896922]
[-0.25787462  0.02207696 -0.03351973]
[-0.25430008  0.01999309 -0.03723206]
[-0.25188045  0.01482608 -0.04350955]
[-0.25242943  0.01282348 -0.04603304]
[-0.25397769  0.01107281 -0.04856538]
[-0.25462968  0.00939184 -0.05102352]
[-0.25357592  0.00033923 -0.05817113]
[-0.25361035 -0.00178741 -0.05945584]
[-0.25373956 -0.00391718 -0.06047218]
[-0.25068742 -0.00828534 -0.06136047]
[-0.24856854 -0.01008153 -0.06168671]
[-0.24704255 -0.01173742 -0.06214238]
[-0.2433225  -0.0151831  -0.06621843]
[-0.24095263 -0.02030352 -0.07331518]
[-0.24293878 -0.03523945 -0.08550306]
[-0.24164209 -0.04009791 -0.0897633 ]
[-0.23283643 -0.04857031 -0.10022271]
[-0.23123843 -0.05371781 -0.10522623]
[-0.2299095  -0.05582033 -0.10674009]
[-0.22573862 -0.06062461 -0.10927006]
[-0.22439057 -0.06253828 -0.11287165]
[-0.22439057 -0.06253828 -0.11287165]
[-0.22226329 -0.06473603 -0.11428394]
[-0.22135936 -0.06766224 -0.11331858]
[-0.22257324 -0.07047693 -0.11215616]
[-0.22456963 -0.07145616 -0.11293937]
[-0.22409927 -0.07048743 -0.11423127]
[-0.22352193 -0.07044604 -0.11622703]
[-0.22258203 -0.06988351 -0.11581464]
[-0.2174739  -0.07588074 -0.09040859]
[-0.21499966 -0.07683914 -0.08469941]
[-0.21174234 -0.07754159 -0.07881851]
[-0.20922036 -0.0784812  -0.07353918]
[-0.20530123 -0.0785296  -0.06340799]
[-0.19790471 -0.06792486 -0.03509358]
[-0.19676955 -0.06372687 -0.03187115]
[-0.19236295 -0.04220947 -0.01135244]
[-0.1918585  -0.03832796 -0.00612006]
[-0.19070758 -0.03492672 -0.00117307]
[-0.18040907 -0.01743327  0.0188812 ]
[-0.18040907 -0.01743327  0.0188812 ]
[-0.17761189 -0.01081197  0.02679983]
[-0.17287752 -0.00476084  0.03317013]
[-0.1702041  -0.00208615  0.03457674]
[-0.16657123  0.00321392  0.03945433]
[-0.16476975  0.01290778  0.04518349]
[-0.16476975  0.01290778  0.04518349]
[-0.16327773  0.01490731  0.0458502 ]
[-0.16266751  0.01752052  0.04796492]
[-0.15295002  0.02524966  0.05545828]
[-0.14908049  0.02643056  0.05825533]
[-0.14574817  0.02918022  0.05838996]
[-0.14678593  0.03328399  0.05360771]
[-0.12569635  0.04060223  0.04758777]
[-0.12456603  0.04243741  0.04609966]
[-0.12391037  0.04889503  0.02923475]
[-0.12421629  0.04891289  0.02580123]
[-0.12558703  0.05019619  0.01915097]
[-0.12549027  0.04600293 -0.01003497]
[-0.11003322  0.04282242 -0.02361256]
[-0.10849634  0.04263073 -0.02595841]
[-0.10817747  0.04240756 -0.0287044 ]
[-0.11849917  0.03755055 -0.03601377]
[-0.12256907  0.03562129 -0.03738805]
[-0.12531809  0.03402857 -0.03892148]
[-0.12789127  0.03253826 -0.04067704]
[-0.14727588  0.01376379 -0.05419932]
[-0.14831882  0.01083452 -0.05581664]
[-0.1603706  -0.0004645  -0.06402275]
[-0.16459212 -0.00337298 -0.06488556]
[-0.18801921 -0.02562072 -0.0686638 ]
[-0.19126631 -0.03049816 -0.06894907]
[-0.20809758 -0.05458741 -0.06375295]
[-0.21196131 -0.05779215 -0.06215224]
[-0.21533534 -0.0612675  -0.06075875]
[-0.21624974 -0.06414524 -0.05827969]
[-0.21499813 -0.07065212 -0.04741221]
[-0.22010019 -0.0714797  -0.03963842]
[-0.22515004 -0.07143538 -0.03431897]
[-0.23281834 -0.06869497 -0.02232394]
[-0.23203208 -0.0252662   0.03650052]
[-0.22942449 -0.01920086  0.04266303]
[-0.21588122  0.01465897  0.07103576]
[-0.21370596  0.02757363  0.07374215]
[-0.21370596  0.02757363  0.07374215]
[-0.21356572  0.04580882  0.0863906 ]
[-0.21187698  0.0498397   0.08806393]
[-0.20183064  0.07292259  0.08587373]
[-0.20183064  0.07292259  0.08587373]
[-0.1994398   0.07548138  0.08242736]
[-0.195125    0.07797372  0.07878298]
[-0.1848806   0.07619631  0.04984562]
[-0.18447002  0.0744031   0.04048301]
[-0.19328639  0.07109762 -0.00977022]
[-0.19544146  0.07036313 -0.01537869]
[-0.21217692  0.06602879 -0.03564733]
[-0.21217692  0.06602879 -0.03564733]
[-0.21279978  0.06405428 -0.0361146 ]
[-0.21429316  0.06247298 -0.03681115]
[-0.21432597  0.06099067 -0.03737862]
[-0.21489994  0.06114743 -0.0383077 ]
[-0.21518526  0.06184081 -0.03783374]
[-0.21565717  0.06193278 -0.03790666]
[-0.21169759  0.06127406 -0.04660902]
[-0.21066174  0.05765601 -0.04683778]
[-0.20845465  0.05193748 -0.0479093 ]
[-0.2050084   0.04406562 -0.04889655]
[-0.20230824  0.02109654 -0.04988167]
[-0.20407945  0.01550179 -0.05147526]
[-0.20862493  0.01236735 -0.05429515]
[-0.21190412  0.01097365 -0.05909805]
[-0.20765164  0.00950134 -0.06188432]
[-0.19337723  0.00555276 -0.07210611]
[-0.18991645  0.00515746 -0.07284445]
[-0.18562157  0.00502885 -0.07309663]
[-0.18300867  0.00477811 -0.07288395]
[-0.18032342  0.00498038 -0.0712918 ]
[-0.17985877  0.00512721 -0.07037411]
[-0.178799    0.00575199 -0.06946245]
[-0.1783785   0.00657373 -0.06915233]
[-0.17894768  0.00774433 -0.06912683]
[-0.17948357  0.01750469 -0.06857987]
[-0.1805678   0.01801    -0.06969684]
[-0.19501218  0.01646102 -0.06943262]
[-0.19501218  0.01646102 -0.06943262]
[-0.19605567  0.01736158 -0.06930696]
[-0.18621878  0.02371898 -0.0704828 ]

程序已被终止，正在关闭套接字...
套接字已关闭。
