[-0.14030621  0.10323314 -0.05401579]
[-0.13992669  0.10125222 -0.05518628]
[-0.13693743  0.08959915 -0.03638096]
[-0.13552624  0.08926882 -0.03524333]
[-0.1348642   0.08937056 -0.03504109]
[-0.12604295  0.09674677 -0.02966561]
[-0.12398918  0.08653836 -0.02964037]
[-0.12326834  0.08306457 -0.02650311]
[-0.1216076   0.08168282 -0.0236807 ]
[-0.11912945  0.08139185 -0.02182826]
[-0.11612059  0.08175413 -0.01897409]
[-0.11141048  0.0881285  -0.00660163]
[-0.10537015  0.10133557  0.00678819]
[-0.10574248  0.10425735  0.01105288]
[-0.10586051  0.10713616  0.01582524]
[-0.1055936   0.11056804  0.02164912]
[-0.10311256  0.12092377  0.03036327]
[-0.10480462  0.1265779   0.0314857 ]
[-0.12203587  0.15396065  0.0363487 ]
[-0.12094075  0.15835877  0.03836929]
[-0.12180956  0.16950129  0.04841175]
[-0.1267608   0.17207196  0.05420296]
[-0.13490594  0.1744751   0.06212461]
[-0.14078422  0.17325254  0.06706034]
[-0.1500231   0.17132813  0.07347631]
[-0.15278871  0.17021385  0.0733653 ]
[-0.15463614  0.16862336  0.0716923 ]
[-0.15850854  0.16469452  0.06859893]
[-0.16806807  0.1573264   0.06133765]
[-0.17232681  0.15507127  0.0574231 ]
[-0.18258165  0.14856002  0.05089636]
[-0.18793978  0.1432977   0.04750745]
[-0.19194671  0.13791148  0.04304307]
[-0.20675881  0.10637373  0.01333986]
[-0.20998176  0.1034638   0.01223362]
[-0.21530679  0.09733045  0.01205874]
[-0.21676068  0.09394864  0.01213059]
[-0.21666827  0.0865932   0.00949979]
[-0.21497712  0.08261372  0.00736262]
[-0.21705664  0.06083813 -0.01554637]
[-0.22102976  0.04886364 -0.02367534]
[-0.22347379  0.04222574 -0.02759096]
[-0.22730468  0.02988516 -0.03333164]
[-0.22862996  0.02441093 -0.03512213]
[-0.23024555  0.01990676 -0.03696955]
[-0.22838596  0.00253316 -0.04738006]
[-0.22698108 -0.00185276 -0.05311511]
[-0.22477532 -0.00606471 -0.06000452]
[-0.21770257 -0.01904541 -0.07227886]
[-0.20702017 -0.0310785  -0.09361773]
[-0.20256255 -0.03514922 -0.10972095]
[-0.19923141 -0.03891275 -0.12236421]
[-0.19665308 -0.04211485 -0.13366359]
[-0.19427383 -0.04539628 -0.14282282]
[-0.18786993 -0.0514382  -0.15429334]
[-0.18480035 -0.05362815 -0.15949586]
[-0.18133893 -0.05522627 -0.16454524]
[-0.13811681 -0.05453745 -0.27202949]
[-0.14041787 -0.05739182 -0.28293255]
[-0.1451062  -0.06100028 -0.29673031]
[-0.14765241 -0.0666851  -0.31952876]
[-0.14708491 -0.06413023 -0.33402559]
[-0.14306915 -0.05802687 -0.34285098]
[-0.13937756 -0.05482512 -0.34780449]
[-0.13545588 -0.05028069 -0.35252079]
[-0.13397783 -0.04201279 -0.35899448]
[-0.13728342 -0.03738913 -0.36051241]
[-0.13919039 -0.03588894 -0.35926315]
[-0.14146069 -0.03238111 -0.34498048]
[-0.14105947 -0.02996788 -0.33925831]
[-0.14045296 -0.02668238 -0.33314717]
[-0.13969466 -0.01418228 -0.30532667]
[-0.14874729 -0.0070176  -0.28076673]
[-0.14929435 -0.0022475  -0.25971085]
[-0.15117054  0.00101029 -0.23617361]
[-0.15790976  0.00722289 -0.14026041]
[-0.15375005  0.0225154  -0.08612995]
[-0.15089294  0.02795283 -0.07830888]
[-0.14695017  0.03372948 -0.070628  ]
[-0.14333012  0.03936968 -0.06466971]
[-0.13787098  0.05040243 -0.05504612]
[-0.13881512  0.0554009  -0.05153339]
[-0.14143548  0.05924085 -0.04761612]
[-0.14522323  0.06205957 -0.04489337]
[-0.14754585  0.06449246 -0.04212595]
[-0.14474297  0.07081477 -0.03608962]
[-0.14031761  0.07444965 -0.03318174]
[-0.13569388  0.07714827 -0.0312589 ]
[-0.11847283  0.08228914 -0.02759109]
[-0.1176382   0.08306623 -0.02670793]
[-0.11777441  0.08363631 -0.02591574]
[-0.12125137  0.08504938 -0.02189648]
[-0.12070629  0.08554996 -0.02043694]
[-0.11281266  0.08885404 -0.01340679]
[-0.11607592  0.086095   -0.01054651]
[-0.11802353  0.08235476 -0.00659986]
[-0.11618997  0.08313967 -0.00200263]
[-0.11590697  0.08509003  0.00053155]
[-0.11586032  0.08699059  0.00170445]
[-0.11605935  0.0861767  -0.00137055]
[-0.11605935  0.0861767  -0.00137055]
[-0.11398593  0.08469362 -0.00252911]
[-0.11181985  0.08340853 -0.00345878]
[-0.09787185  0.07199957 -0.00303507]
[-0.09592293  0.06879094 -0.00240221]
[-0.09590792  0.06151721 -0.00427951]
[-0.09691263  0.05799275 -0.00566913]
[-0.10062727  0.05147696 -0.00752679]
[-0.12698786  0.02829474 -0.01230476]
[-0.1296362   0.02508956 -0.01125681]
[-0.14773857  0.01571092 -0.00363543]
[-0.15574561  0.01360501 -0.00033762]
[-0.17646517  0.01122486  0.0090223 ]
[-0.18044921  0.00843864  0.01148532]
[-0.18808765  0.00603957  0.01264444]
[-0.20797955  0.00256254  0.01562165]
[-0.2099792   0.00255823  0.01525504]
[-0.2126521   0.00313241  0.01465267]
[-0.20209161  0.0052828   0.00689217]
[-0.19894247  0.00413246  0.00565903]
[-0.19679815  0.00501982  0.00502556]
[-0.19135329  0.01004325  0.00709753]
[-0.18962057  0.01284758  0.00764103]
[-0.18596987  0.01606197  0.00855533]
[-0.1842509   0.0173538   0.00768311]
[-0.18321854  0.02095746  0.0067342 ]
[-0.18425903  0.02247382  0.00617844]
[-0.18569021  0.0242749   0.00561068]
[-0.18783319  0.02912705  0.0056725 ]
[-0.1920257   0.03488136  0.00525563]
[-0.19537601  0.03702087  0.00484903]
[-0.20553013  0.03866509  0.0045684 ]
[-0.21045167  0.03915691  0.00545434]
[-0.21949908  0.03936849  0.008064  ]
[-0.22414443  0.04061866  0.00853256]
[-0.22966343  0.04125369  0.00632173]
[-0.24665256  0.04675468 -0.0114862 ]
[-0.25159186  0.0480882  -0.0157092 ]
[-0.25892207  0.05133723 -0.0196941 ]
[-0.26790025  0.05383125 -0.02077978]
[-0.26168041  0.0523935  -0.01457293]
[-0.26168041  0.0523935  -0.01457293]
[-0.25865947  0.05248508 -0.01432446]
[-0.25972081  0.05237303 -0.01055165]
[-0.25972081  0.05237303 -0.01055165]
[-0.26223662  0.04980539 -0.00513493]
[-0.26324248  0.04790933 -0.0038849 ]
[-0.26267047  0.04604343 -0.00377392]
[-0.26238704  0.04526466 -0.00458205]
[-0.2632827   0.04487404 -0.00837696]
[-0.25937066  0.04442934 -0.01601353]
[-0.25796918  0.04483631 -0.01658523]
[-0.25762881  0.04584214 -0.01779038]
[-0.25862397  0.04718625 -0.01871346]
[-0.26046503  0.0500923  -0.02044478]
[-0.2620674   0.05103879 -0.0197788 ]
[-0.26202674  0.05097107 -0.01847316]
[-0.26221623  0.05013677 -0.01712693]
[-0.2584574   0.0493999  -0.01624524]
[-0.26272675  0.05655552 -0.02061944]
[-0.26272675  0.05655552 -0.02061944]
[-0.26317059  0.05772952 -0.02193758]
[-0.26351115  0.05833949 -0.02243391]
[-0.26642072  0.06021337 -0.02153698]
[-0.26737291  0.06133979 -0.01999245]
[-0.26829292  0.06221193 -0.01885302]
[-0.26812264  0.06306861 -0.01790743]
[-0.26348133  0.06892716 -0.01728661]
[-0.26358757  0.07057647 -0.01786565]
[-0.26532511  0.07113639 -0.01820949]
[-0.26598825  0.07175975 -0.01814618]
[-0.26516151  0.07246684 -0.01674287]
[-0.2572074   0.07888441 -0.01132268]
[-0.25408045  0.08093785 -0.01067539]
[-0.25194943  0.08119004 -0.00835722]
[-0.24886861  0.08132582 -0.00394845]
[-0.24048826  0.0834066   0.01302646]
[-0.22405313  0.0844528   0.04318081]
[-0.22405313  0.0844528   0.04318081]
[-0.21823944  0.08630756  0.05972563]
[-0.21164427  0.08914793  0.08074632]
[-0.20809183  0.09142245  0.09321778]
[-0.20384059  0.09785935  0.12641157]
[-0.20475388  0.09903897  0.13426439]
[-0.20876151  0.09991292  0.15024088]
[-0.20876151  0.09991292  0.15024088]
[-0.2066271   0.10136741  0.15240264]
[-0.20304603  0.10214856  0.14938499]
[-0.20087643  0.10176744  0.14655599]
[-0.20072599  0.10101651  0.14401588]
[-0.20050912  0.09975454  0.14054324]
[-0.20108626  0.09714711  0.13142236]
[-0.20173772  0.0957687   0.12629831]
[-0.20946519  0.08713374  0.11021816]
[-0.21909555  0.07968444  0.09273909]
[-0.21909555  0.07968444  0.09273909]
[-0.22037722  0.07830732  0.08543347]
[-0.22237437  0.07431307  0.06608476]
[-0.22620569  0.07141837  0.05714918]
[-0.23119183  0.06888037  0.04844401]
[-0.23401308  0.0660137   0.04186082]
[-0.23633203  0.06045144  0.03131418]
[-0.23585244  0.0578413   0.02789814]
[-0.23586793  0.05345758  0.02157725]
[-0.23420945  0.04834699  0.01457441]
[-0.23300252  0.04557769  0.01080169]
[-0.23183873  0.04177821  0.00865   ]
[-0.23127639  0.03839948  0.00673001]
[-0.23136608  0.03066293  0.00222343]
[-0.23141291  0.02723703 -0.0008139 ]
[-0.23242572  0.02402686 -0.00339601]
[-0.23324594  0.02144023 -0.00594296]
[-0.23392454  0.01958031 -0.00779267]
[-0.23422437  0.01767914 -0.00920879]
[-0.23325125  0.01567281 -0.01092762]
[-0.23244592  0.0113897  -0.01649986]
[-0.23229933  0.0094553  -0.01931219]
[-0.2318117   0.00731828 -0.0222173 ]
[-0.23150543  0.00520041 -0.02510794]
[-0.23060484  0.00073112 -0.03230092]
[-0.23090769 -0.00182194 -0.03873085]
[-0.23307889 -0.00393726 -0.0446036 ]
[-0.23398201 -0.00489022 -0.04899004]
[-0.23439896 -0.00670284 -0.05161262]
[-0.23252145 -0.00770485 -0.05211439]
[-0.22977637 -0.00975171 -0.05239681]
[-0.22554319 -0.01403019 -0.05508557]
[-0.22554319 -0.01403019 -0.05508557]
[-0.22433278 -0.01575162 -0.0562667 ]
[-0.22141428 -0.0180948  -0.0586029 ]
[-0.21991468 -0.01964553 -0.05935228]
[-0.21808654 -0.02106174 -0.0598895 ]
[-0.21695555 -0.02401719 -0.06109267]
[-0.2168358  -0.02493472 -0.06166362]
[-0.21632388 -0.0274907  -0.06310418]
[-0.2163193  -0.02896799 -0.06369209]
[-0.21705907 -0.03251648 -0.06534614]
[-0.21848688 -0.03486899 -0.06640828]
[-0.21905973 -0.0367854  -0.06839025]
[-0.21941205 -0.03919262 -0.07123122]
[-0.21941773 -0.04334826 -0.07656076]
[-0.21936772 -0.04541355 -0.07906348]
[-0.22059254 -0.04926204 -0.0846583 ]
[-0.22092317 -0.05294777 -0.09003767]
[-0.22034284 -0.05581872 -0.09546443]
[-0.21988133 -0.05748083 -0.09873436]
[-0.21894631 -0.05889071 -0.10314296]
[-0.21752416 -0.06211828 -0.1136039 ]
[-0.21774181 -0.06378557 -0.12094463]
[-0.21702053 -0.06534896 -0.12951092]
[-0.22231369 -0.06869483 -0.14468151]
[-0.22476429 -0.07108851 -0.1560216 ]
[-0.22162537 -0.07265234 -0.16721351]
[-0.22034971 -0.07381005 -0.17406046]
[-0.21787921 -0.07426665 -0.1818338 ]
[-0.21410389 -0.07580423 -0.19674185]
[-0.21241623 -0.07645141 -0.20302846]
[-0.21047628 -0.0765634  -0.20854647]
[-0.20688659 -0.07559953 -0.22018035]
[-0.20301681 -0.07453384 -0.231968  ]
[-0.20080952 -0.07444099 -0.23756857]
[-0.19961891 -0.07409917 -0.24338342]
[-0.19882606 -0.07377294 -0.24984129]
[-0.19760982 -0.07327953 -0.25654611]
[-0.19614797 -0.07133311 -0.27451107]
[-0.19551263 -0.07134453 -0.27942702]
[-0.19541118 -0.0716349  -0.28529876]
[-0.19339069 -0.07325683 -0.29549041]
[-0.19282637 -0.07490859 -0.30565631]
[-0.19173149 -0.07596441 -0.3112947 ]
[-0.19082207 -0.07654417 -0.31707826]
[-0.19063072 -0.07774622 -0.32919142]
[-0.19139467 -0.07779396 -0.33461481]
[-0.19180944 -0.081085   -0.34322041]
[-0.18967169 -0.08389749 -0.34676033]
[-0.18861764 -0.08411776 -0.3470875 ]
[-0.19008019 -0.0818919  -0.34699729]
[-0.19011383 -0.0803635  -0.34550059]
[-0.1885344  -0.07665718 -0.33938369]
[-0.1869826  -0.07381563 -0.33424163]
[-0.18734718 -0.07238426 -0.33241096]
[-0.18787614 -0.07191921 -0.33019924]
[-0.18817811 -0.0716425  -0.32734451]
[-0.18411545 -0.06399291 -0.31484109]
[-0.18196099 -0.06002983 -0.30799174]
[-0.18062864 -0.05798196 -0.30269173]
[-0.18221656 -0.05678041 -0.29564053]
[-0.18541464 -0.0564681  -0.28670576]
[-0.18857102 -0.05337495 -0.2648564 ]
[-0.19131369 -0.0477997  -0.2412142 ]
[-0.19443685 -0.04503792 -0.23175281]
[-0.19583089 -0.04205519 -0.22170621]
[-0.2005547  -0.03715777 -0.1999049 ]
[-0.20499877 -0.03474256 -0.1874982 ]
[-0.20836244 -0.03176783 -0.17581618]
[-0.21094727 -0.02857824 -0.16458213]
[-0.21679814 -0.02168104 -0.14732653]
[-0.22149898 -0.01396535 -0.1248038 ]
[-0.22244048 -0.01096999 -0.11736479]
[-0.22164934 -0.0047457  -0.10315035]
[-0.22034268 -0.00183933 -0.09726351]
[-0.21951576  0.00071261 -0.09174395]
[-0.21952191  0.00370025 -0.08769255]
[-0.22109084  0.01088396 -0.08045959]
[-0.22078952  0.01512798 -0.0769108 ]
[-0.22268756  0.01912567 -0.07368229]
[-0.22357719  0.02273146 -0.07045936]
[-0.22467954  0.02648019 -0.06722067]
[-0.22759102  0.03402666 -0.06262529]
[-0.22888542  0.03734158 -0.06179693]
[-0.23045576  0.0416015  -0.06100942]
[-0.2337468   0.04461372 -0.06189029]
[-0.23626217  0.05196869 -0.05557896]
[-0.23677378  0.05494577 -0.05291108]
[-0.23570054  0.06061841 -0.05026617]
[-0.23354601  0.06308335 -0.04886448]
[-0.2242208   0.06643039 -0.04286412]
[-0.22085564  0.06692403 -0.03999091]
[-0.21897322  0.06764065 -0.03617331]
[-0.21897322  0.06764065 -0.03617331]
[-0.21991138  0.06787584 -0.03475208]
[-0.22114469  0.06736428 -0.03370893]
[-0.22111951  0.06784379 -0.03255543]
[-0.22130196  0.06879508 -0.031537  ]
[-0.221069    0.07034232 -0.03046468]
[-0.2208908   0.07251578 -0.02970935]
[-0.22062259  0.07287397 -0.02949675]
[-0.22087205  0.07297428 -0.02929313]
[-0.22058995  0.07288115 -0.02873606]
[-0.21946395  0.07314562 -0.02680858]
[-0.21673864  0.07362451 -0.02139747]
[-0.21586531  0.0741498  -0.01914845]
[-0.21300663  0.07503394 -0.01455316]
[-0.21053818  0.07570833 -0.01198407]
[-0.20761778  0.0778094  -0.00677694]
[-0.20614133  0.07988637 -0.00405362]
[-0.20462253  0.08328554  0.00217605]
[-0.19909622  0.0852773   0.03192805]
[-0.19639624  0.08513219  0.04470727]
[-0.18795358  0.08630039  0.09335446]
[-0.18292397  0.08589794  0.1097412 ]
[-0.17512231  0.08382189  0.13386251]
[-0.17391115  0.08232187  0.14333734]
[-0.17192182  0.07884642  0.15433386]
[-0.17125446  0.07534558  0.15727109]
[-0.17104352  0.07403234  0.15762666]
[-0.17090408  0.07277271  0.15711713]
[-0.17085775  0.07126708  0.15691692]
[-0.16971183  0.07069181  0.15484801]
[-0.16938404  0.07023421  0.15367742]
[-0.16779772  0.06938868  0.15019959]
[-0.16890593  0.06794915  0.14386655]
[-0.17226646  0.0671261   0.14008473]
[-0.17544748  0.06739154  0.13501419]
[-0.17871748  0.06513696  0.12823047]
[-0.18189579  0.06055901  0.11794783]
[-0.18421557  0.05153097  0.09995686]
[-0.18523063  0.04793056  0.0931155 ]
[-0.18531077  0.04232387  0.0804771 ]
[-0.18207795  0.03669875  0.06835423]
[-0.17972052  0.03402914  0.06434447]
[-0.17946687  0.03087502  0.06072626]
[-0.17941986  0.02792546  0.05874725]
[-0.17882549  0.02551726  0.05685209]
[-0.17789618  0.0223704   0.05510964]
[-0.17743635  0.02091275  0.05272012]
[-0.17673103  0.020327    0.05021238]
[-0.17580175  0.02007689  0.0471688 ]
[-0.17371198  0.02009846  0.04029994]
[-0.17380886  0.02035705  0.03705144]
[-0.17437586  0.02051442  0.03429768]
[-0.17529481  0.01975705  0.03150039]
[-0.17719883  0.01845108  0.0286758 ]
[-0.180823    0.01482395  0.02405066]
[-0.18328493  0.01200681  0.02087741]
[-0.18365997  0.01112716  0.02020794]
[-0.18460801  0.01001411  0.01893021]
[-0.18906122  0.00855068  0.01615725]
[-0.19043415  0.00835807  0.01380278]
[-0.19165705  0.00859596  0.01118701]
[-0.19190529  0.00865727  0.00856598]
[-0.19365127  0.00642424  0.00237774]
[-0.1951574   0.00401607 -0.00173443]
[-0.19651761  0.00143823 -0.00592733]
[-0.19749015 -0.00113696 -0.00979331]
[-0.19817908 -0.00322742 -0.013063  ]
[-0.19852018 -0.00754422 -0.01823937]
[-0.19718215 -0.01008084 -0.01985754]
[-0.19733439 -0.01249752 -0.02108814]
[-0.19783927 -0.01522395 -0.02254366]
[-0.20263687 -0.02211794 -0.02915768]
[-0.20302454 -0.02435149 -0.03057469]
[-0.20271197 -0.02667785 -0.0322958 ]
[-0.20284604 -0.02913268 -0.03452592]
[-0.20253976 -0.03156064 -0.03742804]
[-0.20388844 -0.03449588 -0.04347642]
[-0.20333632 -0.03553604 -0.04587192]
[-0.20269749 -0.03631667 -0.04857659]
[-0.20295059 -0.03654389 -0.0504607 ]
[-0.20370991 -0.03679155 -0.05222638]
[-0.20463402 -0.03885781 -0.05647443]
[-0.19995275 -0.0437617  -0.06057838]
[-0.19705149 -0.04593537 -0.06227323]
[-0.1912829  -0.04885412 -0.06561563]
[-0.18882346 -0.04966055 -0.06697097]
[-0.18200407 -0.05175532 -0.06836589]
[-0.1736641  -0.05389702 -0.06929003]
[-0.16545561 -0.05434634 -0.07119833]
[-0.16364668 -0.05384533 -0.07155853]
[-0.1610163  -0.05327944 -0.07174262]
[-0.15972429 -0.05312762 -0.07191861]
[-0.158782   -0.05309282 -0.07209846]
[-0.15725436 -0.05336329 -0.07265593]
[-0.15571147 -0.05373887 -0.0734906 ]
[-0.15577394 -0.05417188 -0.07377659]
[-0.15920805 -0.05400494 -0.07381473]
[-0.16107314 -0.05321781 -0.07403894]
[-0.16243558 -0.05212193 -0.07514706]
[-0.16224786 -0.04889278 -0.07664322]
[-0.16247388 -0.04708085 -0.07710674]
[-0.16178322 -0.04590334 -0.07767588]
[-0.16075307 -0.04501361 -0.07876816]
[-0.15934682 -0.04452049 -0.07958771]
[-0.15639668 -0.04337843 -0.0793538 ]
[-0.15627301 -0.04244541 -0.07805289]
[-0.15704899 -0.04116644 -0.07672555]
[-0.15928534 -0.03829099 -0.07458237]
[-0.15994484 -0.03385022 -0.0738458 ]
[-0.15923551 -0.02874378 -0.07326148]
[-0.15990148 -0.02607412 -0.07242293]
[-0.16298507 -0.02000339 -0.07042255]
[-0.163843   -0.01673486 -0.06912126]
[-0.1636895  -0.01476479 -0.06840301]
[-0.16377031 -0.01326542 -0.06663772]
[-0.16269119 -0.00825041 -0.06350484]
[-0.1622405  -0.00283718 -0.06226838]
[-0.15950127  0.00231488 -0.06097633]
[-0.15606556  0.00680626 -0.05966096]
[-0.15275142  0.01066293 -0.05835347]
[-0.14147823  0.02554129 -0.05555506]
[-0.14147823  0.02554129 -0.05555506]
[-0.14060018  0.02907741 -0.05516567]
[-0.13681851  0.03631855 -0.04916669]
[-0.13461456  0.03744517 -0.04697758]
[-0.13329544  0.03857358 -0.0455732 ]
[-0.13263965  0.03931066 -0.0436902 ]
[-0.13327389  0.04053823 -0.04313132]
[-0.13658852  0.04185119 -0.04217284]
[-0.14126112  0.04371739 -0.04191062]
[-0.14126112  0.04371739 -0.04191062]
[-0.14546891  0.04478233 -0.04085458]
[-0.14990257  0.04504159 -0.03970628]
[-0.15702881  0.04472682 -0.03722066]
[-0.15750953  0.04554886 -0.03675096]
[-0.15627574  0.04772386 -0.03652736]
[-0.14548621  0.05477628 -0.03759203]
[-0.14067289  0.05745252 -0.03777913]
[-0.14012494  0.06018575 -0.03763919]
[-0.13802186  0.06394932 -0.03464182]
[-0.13765122  0.06655457 -0.03249659]
[-0.13735015  0.06947276 -0.02980771]
[-0.13825715  0.07253484 -0.02814064]
[-0.14394894  0.07864735 -0.02431615]
[-0.14590149  0.0815575  -0.02216338]
[-0.14657072  0.08482923 -0.01865055]
[-0.14557145  0.09128869 -0.01256699]
[-0.14445237  0.09403525 -0.00938508]
[-0.14390896  0.09592752 -0.00763644]
[-0.14255902  0.09771276 -0.00519324]
[-0.14077322  0.09885885 -0.00361168]
[-0.13852026  0.10190317 -0.00303056]
[-0.13560431  0.10503931 -0.00302412]
[-0.13451578  0.1062728  -0.00225346]
[-0.13318261  0.10714977 -0.00160742]
[-0.13219476  0.10891258 -0.0006178 ]
[-0.13178669  0.11024692  0.00023191]
[-0.13161094  0.11195307  0.00150365]
[-0.13136694  0.11417495  0.00347585]
[-0.1319777   0.11850799  0.00840313]
[-0.13212069  0.12089717  0.01179211]
[-0.13356005  0.12564529  0.02123749]
[-0.13453088  0.1288925   0.02784442]
[-0.13819661  0.13518862  0.03984157]
[-0.14212173  0.13806307  0.04553871]
[-0.15407794  0.14281303  0.0557138 ]
[-0.15890086  0.14504625  0.0594801 ]
[-0.16448045  0.1492106   0.06729358]
[-0.16767783  0.15353565  0.07279811]
[-0.16873781  0.15641519  0.07543699]
[-0.16994428  0.15868811  0.07734121]
[-0.17031075  0.16111903  0.07901546]
[-0.17196417  0.16342853  0.07764447]
[-0.17425954  0.16304295  0.07353132]
[-0.17618684  0.16181238  0.0695103 ]
[-0.17651928  0.15962908  0.06562392]
[-0.17499749  0.15460566  0.05740536]
[-0.17437473  0.15149519  0.05048488]
[-0.17484688  0.14885445  0.04333485]
[-0.17693358  0.1458333   0.03723206]
[-0.18645608  0.13766026  0.02926383]
[-0.19039126  0.13373762  0.02685204]
[-0.19256849  0.12980068  0.02444649]
[-0.19159731  0.12386855  0.02038479]
[-0.18991934  0.1212469   0.01665637]
[-0.1883831   0.11692217  0.00875774]
[-0.18813606  0.11496481  0.00495712]
[-0.19102261  0.11233564  0.00249833]
[-1.94060182e-01  1.09870188e-01 -1.92379113e-04]
[-0.19991677  0.1038648  -0.00595368]
[-0.20072721  0.10081433 -0.00910415]
[-0.20107421  0.09776735 -0.01209835]
[-0.20155391  0.09445508 -0.01523732]
[-0.20298868  0.09170802 -0.01895049]
[-0.20802614  0.08600673 -0.02793432]
[-0.2111938   0.08337274 -0.03292588]
[-0.21453306  0.08063843 -0.03702327]
[-0.21700315  0.07859712 -0.04053922]
[-0.21779784  0.07675484 -0.0430855 ]
[-0.21670946  0.07264909 -0.04652873]
[-0.21481692  0.07014552 -0.04825758]
[-0.21343243  0.0651114  -0.05202993]
[-0.21394497  0.06087106 -0.05499577]
[-0.21462114  0.05915906 -0.0558733 ]
[-0.21535377  0.05760086 -0.0568815 ]
[-0.21630702  0.05638598 -0.05697327]
[-0.21853281  0.05402782 -0.05676023]
[-0.21965692  0.05302371 -0.05659492]
[-0.21974586  0.0500574  -0.0573229 ]
[-0.21807115  0.04793663 -0.05830305]
[-0.21361059  0.04418235 -0.06034038]
[-0.21279795  0.04268112 -0.06095339]
[-0.21464878  0.04131382 -0.06126354]
[-0.21818677  0.03957065 -0.06177356]
[-0.21867316  0.03678487 -0.06315909]
[-0.21571571  0.03031203 -0.06592375]
[-0.21033916  0.01653274 -0.07289539]
[-0.20813149  0.01142229 -0.07570839]
[-0.20610585  0.00670077 -0.07824424]
[-0.20571693  0.00129443 -0.08049121]
[-0.20705919 -0.00437482 -0.08319236]
[-0.2108279  -0.01471992 -0.08625513]
[-0.2106811  -0.01850643 -0.08730245]
[-0.20980516 -0.02186686 -0.08837862]
[-0.20925583 -0.02547078 -0.08940244]
[-0.20648461 -0.02811377 -0.08955348]
[-0.19509153 -0.03138092 -0.08877885]
[-0.19509153 -0.03138092 -0.08877885]
[-0.19163698 -0.03177279 -0.08843588]
[-0.18840051 -0.03231152 -0.08818555]
[-0.18530582 -0.03231124 -0.08832247]
[-0.1824686  -0.03191917 -0.08850367]
[-0.17997529 -0.03195572 -0.08921298]
[-0.18039883 -0.03195945 -0.08931936]
[-0.18158961 -0.03159175 -0.08968066]
[-0.18226032 -0.03019309 -0.09018723]
[-0.18257566 -0.02840783 -0.09044177]
[-0.18169316 -0.02459102 -0.08965427]
[-0.1806112  -0.02306429 -0.08848376]
[-0.17933945 -0.02189918 -0.08738337]
[-0.17705415 -0.01933902 -0.08533715]
[-0.17686278 -0.01755469 -0.08459771]
[-0.17647912 -0.01306088 -0.082526  ]
[-0.17594004 -0.01027054 -0.08072987]
[-0.17478042 -0.00793    -0.07832427]
[-0.17393462 -0.00588285 -0.07671227]
[-0.17384627 -0.00141989 -0.0747657 ]
[-0.17459132  0.00094737 -0.07463202]
[-0.17672101  0.0052099  -0.07207   ]
[-0.17870069  0.00933689 -0.06968243]
[-0.18050065  0.01400537 -0.06908655]
[-0.18176479  0.02002772 -0.06956713]
[-0.18300212  0.02359109 -0.06876599]
[-0.18071952  0.02627238 -0.06690474]
[-0.1738494   0.03242984 -0.05727711]
[-0.17417727  0.03483265 -0.05441333]
[-0.17501205  0.03928768 -0.04860241]
[-0.17561365  0.04394683 -0.04555025]
[-0.17811745  0.04964509 -0.04239774]
[-0.18020632  0.05249033 -0.04143343]
[-0.18231864  0.05538002 -0.03905336]
[-0.18472675  0.05828748 -0.03666005]
[-0.19677012  0.06239193 -0.03171969]
[-0.20615662  0.06402126 -0.03070826]
[-0.21634522  0.06501493 -0.02983529]
[-0.21968005  0.06514775 -0.02876014]
[-0.22704028  0.06755401 -0.02874125]
[-0.2315716   0.06907095 -0.02753143]
[-0.23660673  0.07104167 -0.02814154]
[-0.24230788  0.07183954 -0.02599206]
[-0.24531695  0.07194746 -0.02447963]
[-0.24840777  0.07232349 -0.02361349]
[-0.25036152  0.07271676 -0.02384984]
[-0.25242566  0.07373478 -0.02452443]
[-0.25627559  0.07587638 -0.02625822]
[-0.25821948  0.076542   -0.0269313 ]
[-0.26088671  0.07678636 -0.026268  ]
[-0.26267869  0.07697745 -0.02224189]
[-0.26298279  0.07655902 -0.01960601]
[-0.26917032  0.07315227 -0.01545509]
[-0.27258457  0.07224041 -0.01469679]
[-0.2753939   0.07238587 -0.01436735]
[-0.27984374  0.07507717 -0.01424392]
[-0.28146035  0.07736439 -0.01375405]
[-0.28624397  0.07898533 -0.01286078]
[-0.29226447  0.07890549 -0.01216923]
[-0.29326443  0.07899776 -0.0117299 ]
[-0.29445338  0.07977264 -0.01075383]
[-0.29624181  0.08125176 -0.01075692]
[-0.29848199  0.08313049 -0.01155839]
[-0.30145648  0.08573225 -0.01410344]
[-0.30591608  0.08813294 -0.01910344]
[-0.30968281  0.08908069 -0.01916545]
[-0.31338721  0.08932448 -0.01749471]
[-0.32443477  0.08922585 -0.01594034]
[-0.32443477  0.08922585 -0.01594034]
[-0.32682667  0.08872373 -0.01756148]
[-0.32783388  0.08846001 -0.01888536]
[-0.32912874  0.08876933 -0.02080714]
[-0.32912874  0.08876933 -0.02080714]
[-0.33551236  0.09155119 -0.02510214]
[-0.33994169  0.09255645 -0.02746037]
[-0.34778065  0.09152748 -0.02888873]
[-0.35326374  0.09010553 -0.03094148]
[-0.35540178  0.08851529 -0.03107957]
[-0.35560694  0.08467912 -0.03326921]
[-0.35514615  0.08271899 -0.03668483]
[-0.35731229  0.08208831 -0.03888056]
[-0.36051519  0.08194945 -0.04009452]
[-0.36910349  0.08285113 -0.0430411 ]
[-0.3814707   0.08277735 -0.04660066]
[-0.3814707   0.08277735 -0.04660066]
[-0.38341379  0.0813827  -0.04765275]
[-0.38542126  0.07855614 -0.04881078]
[-0.38618725  0.07755202 -0.05006791]
[-0.38571189  0.07786015 -0.0501278 ]
[-0.38408777  0.07749084 -0.04962556]
[-0.38274572  0.07735923 -0.04953405]
[-0.3818331   0.07639489 -0.04956243]
[-0.3815136   0.07479642 -0.04970041]
[-0.38405966  0.07289235 -0.05069586]
[-0.38728855  0.06996595 -0.05300547]
[-0.39018365  0.06538287 -0.05409371]
[-0.39170865  0.06265778 -0.05479114]
[-0.39441017  0.05460049 -0.05434152]
[-0.39441017  0.05460049 -0.05434152]
[-0.39351814  0.05170592 -0.05273651]
[-0.39291328  0.04621599 -0.05142583]
[-0.3924151   0.04287743 -0.04966263]
[-0.39204278  0.03929126 -0.04846055]
[-0.39223383  0.03063518 -0.04604799]
[-0.39272062  0.02646096 -0.04480371]
[-0.39278803  0.0250235  -0.04502095]
[-0.39291226  0.01902984 -0.04705293]
[-0.39272372  0.01797435 -0.04727719]
[-0.39229047  0.01632399 -0.04773914]
[-0.39221341  0.01376882 -0.04884408]
[-0.39258497  0.01158324 -0.04978338]
[-0.39228024  0.00999062 -0.0505221 ]
[-0.39145535  0.00752383 -0.05197793]
[-0.39136518  0.00633085 -0.05233606]
[-0.40025073  0.00971508 -0.05248737]
[-0.41350147  0.01068612 -0.05318581]
[-0.42026641  0.0113193  -0.05341008]
[-0.43029802  0.01141065 -0.05481469]
[-0.43534555  0.01122154 -0.05497995]
[-0.45048209  0.01604878 -0.05927834]
[-0.46583342  0.0230996  -0.06668847]
[-0.47181564  0.02472659 -0.06592292]
[-0.47828766  0.02535056 -0.06465716]
[-0.48969399  0.02502505 -0.05934002]
[-0.4973689   0.02494694 -0.05827734]
[-0.5         0.02533801 -0.05335974]
[-0.5         0.0262046  -0.05291988]
[-0.5         0.03044717 -0.05679754]
[-0.5         0.03044717 -0.05679754]
[-0.5         0.03199483 -0.05738617]
[-0.5         0.03368529 -0.05774735]
[-0.5         0.03545892 -0.05749278]
[-0.5         0.04034746 -0.05464289]
[-0.5         0.04083175 -0.05123241]
[-0.5         0.04077546 -0.04973801]
[-0.4921641   0.04415245 -0.04427496]
[-0.4921641   0.04415245 -0.04427496]
[-0.48333817  0.04556045 -0.04204705]
[-0.46917578  0.04844935 -0.03843567]
[-0.46546038  0.04825763 -0.0368599 ]
[-0.46295601  0.04835954 -0.0355738 ]
[-0.46417659  0.04948389 -0.03406878]
[-0.46662467  0.04954229 -0.03276976]
[-0.46752142  0.05117087 -0.03197731]
[-0.46826156  0.05424361 -0.03027523]
[-0.46826156  0.05424361 -0.03027523]
[-0.46870437  0.05598541 -0.03016838]
[-0.46780407  0.06157396 -0.03097074]
[-0.46780407  0.06157396 -0.03097074]
[-0.46765419  0.06967056 -0.03530689]
[-0.46868252  0.0741155  -0.03740696]
[-0.46643459  0.07710976 -0.04139911]
[-0.46552699  0.07788607 -0.04401434]
[-0.46517512  0.07758963 -0.04682284]
[-0.46701043  0.077045   -0.04995104]
[-0.4736908   0.07651576 -0.0578655 ]
[-0.47715362  0.07636745 -0.06286336]
[-0.47852978  0.07529955 -0.06729492]
[-0.48018327  0.07446005 -0.07078124]
[-0.4799458   0.07256796 -0.07357846]
[-0.48068135  0.07245061 -0.0742604 ]
[-0.47974121  0.07214568 -0.07462157]
[-0.47782125  0.07246274 -0.07497378]
[-0.47561597  0.07256322 -0.07590333]
[-0.47221138  0.06962559 -0.07449583]
[-0.47348001  0.06720534 -0.07404404]
[-0.47436135  0.0654681  -0.07367433]
[-0.47437861  0.06448007 -0.07340274]
[-0.47124594  0.0639884  -0.07275862]
[-0.47012504  0.06371218 -0.07141425]
[-0.46978297  0.06290084 -0.0697792 ]
[-0.47016703  0.0620271  -0.0686333 ]
[-0.46909201  0.06122136 -0.06728624]
[-0.46813323  0.0604703  -0.06632546]
[-0.4649814   0.05859964 -0.06543046]
[-0.46436762  0.05749167 -0.06513876]
[-0.46327954  0.05608531 -0.06508808]
[-0.46206459  0.05135588 -0.06600733]
[-0.46206459  0.05135588 -0.06600733]
[-0.46171018  0.04958108 -0.06608664]
[-0.4598979   0.04783035 -0.06625131]
[-0.45582279  0.04547987 -0.06778831]
[-0.4535723   0.04434439 -0.06808802]
[-0.4500786   0.04203409 -0.06541472]
[-0.44957059  0.04033815 -0.06360725]
[-0.44937291  0.03797448 -0.06125591]
[-0.44969662  0.03366356 -0.05824306]
[-0.44905561  0.0318238  -0.05785998]
[-0.44906434  0.03030889 -0.05816694]
[-0.45035031  0.02862215 -0.0587494 ]
[-0.45045304  0.02664101 -0.0603553 ]
[-0.44691809  0.02341394 -0.06134984]
[-0.44372776  0.02164965 -0.06290662]
[-0.43690732  0.01907507 -0.06391087]
[-0.41934069  0.01371089 -0.06362904]
[-0.39964291  0.01024083 -0.06092073]
[-0.39082352  0.00855794 -0.05852374]
[-0.38483403  0.00611374 -0.05453438]
[-0.3798412   0.00338381 -0.04970297]
[-0.37319958  0.00073146 -0.041574  ]
[-3.70825940e-01  2.34789419e-04 -3.88987884e-02]
[-0.36976617  0.00072211 -0.03732804]
[-0.3694856   0.00044337 -0.03664082]
[-0.36987431  0.00052127 -0.03621255]
[-0.37232717  0.00083516 -0.03384829]
[-0.37367905  0.00187502 -0.03165801]
[-0.37480921  0.00332189 -0.02971136]
[-0.37601736  0.0049616  -0.02769408]
[-0.38105836  0.00785014 -0.02467911]
[-0.38683886  0.01035171 -0.02171047]
[-0.38839203  0.01175144 -0.0204906 ]
[-0.38998854  0.0157018  -0.01968262]
[-0.39188741  0.01792726 -0.01950172]
[-0.39639721  0.02224793 -0.01951214]
[-0.39751554  0.02393692 -0.01874117]
[-0.39640621  0.02630351 -0.01795051]
[-0.39285328  0.03056358 -0.01748187]
[-0.3925364   0.03253076 -0.01671882]
[-0.39303856  0.03435872 -0.01540327]
[-0.3948577   0.03581677 -0.01421018]
[-0.39659078  0.03807755 -0.0131589 ]
[-0.39565488  0.04264563 -0.01294048]
[-0.39513666  0.04443708 -0.01316409]
[-0.39796075  0.05481763 -0.0134432 ]
[-0.40191781  0.05988272 -0.01393789]
[-0.39947572  0.06272924 -0.01335927]
[-0.39947572  0.06272924 -0.01335927]
[-0.39696416  0.06397303 -0.01324028]
[-0.39443261  0.06872148 -0.01114306]
[-0.39370787  0.07059473 -0.00940008]
[-0.39184045  0.07309593 -0.006838  ]
[-0.38847532  0.07657232 -0.00237033]
[-0.38758107  0.07991833  0.00281881]
[-0.38727475  0.08166197  0.00504506]
[-0.38586895  0.08349033  0.00626599]
[-0.38437014  0.08670457  0.00900615]
[-0.38396131  0.08894195  0.01158926]
[-0.38448056  0.09039446  0.01583911]
[-0.38582812  0.09260678  0.01954618]
[-0.38220721  0.09340513  0.02930573]
[-0.37685862  0.09262516  0.03970843]
[-0.37511671  0.09356073  0.04629   ]
[-0.37281948  0.09543391  0.05427178]
[-0.3704802   0.09975743  0.0689828 ]
[-0.36817021  0.10102583  0.07463153]
[-0.36808094  0.10162546  0.08026586]
[-0.3670447   0.10135985  0.08584683]
[-0.36584429  0.10189655  0.09638107]
[-0.3648924   0.10306993  0.09884788]
[-0.36333787  0.10355832  0.10151208]
[-0.36159795  0.10395494  0.1045255 ]
[-0.3583858   0.10306615  0.10833447]
[-0.3568702   0.10230964  0.10928705]
[-0.35676142  0.10160779  0.10887246]
[-0.35758425  0.09989487  0.10347147]
[-0.3592378   0.09894885  0.09795097]
[-0.35930356  0.09119996  0.08238567]
[-0.35967083  0.08688695  0.07640705]
[-0.35773815  0.08327517  0.07127751]
[-0.35532355  0.08154019  0.06569494]
[-0.35524618  0.08142615  0.05892781]
[-0.35844673  0.07947096  0.04325398]
[-0.36099825  0.07818817  0.03532245]
[-0.36474181  0.07521555  0.02939503]
[-0.36887828  0.07277361  0.02223671]
[-0.37220746  0.07007343  0.01419587]
[-0.37502516  0.06403269 -0.00161124]
[-0.37673497  0.06026837 -0.00945982]
[-0.37727934  0.05659518 -0.01591682]
[-0.37882615  0.05090041 -0.02487237]
[-0.37759548  0.04788738 -0.02798479]
[-0.37625127  0.04440766 -0.03043968]
[-0.37436032  0.04062304 -0.03455903]
[-0.37161183  0.03653796 -0.03753388]
[-0.36562557  0.03119019 -0.04522071]
[-0.36249612  0.02785229 -0.04898641]
[-0.36045502  0.0242235  -0.0535187 ]
[-0.3589743   0.02022075 -0.0585724 ]
[-0.3574111   0.01621995 -0.06532638]
[-0.35465343  0.00873743 -0.0787098 ]
[-0.35217314  0.00577107 -0.08484797]
[-0.34959623  0.00230061 -0.09007967]
[-0.34844145 -0.00090212 -0.09484813]
[-0.34688477 -0.00774982 -0.10777246]
[-0.34752678 -0.01112469 -0.11654043]
[-0.34670814 -0.01906555 -0.1359735 ]
[-0.34672343 -0.02250811 -0.14472163]
[-0.34735458 -0.02573736 -0.15196447]
[-0.34912708 -0.03297207 -0.16558416]
[-0.34987869 -0.0352501  -0.17266977]
[-0.34915897 -0.03648355 -0.1780808 ]
[-0.34624132 -0.03741233 -0.19563253]
[-0.34589067 -0.03878585 -0.20310088]
[-0.34454986 -0.03979607 -0.20845042]
[-0.34360857 -0.04063072 -0.21430661]
[-0.34360465 -0.04069955 -0.22144441]
[-0.34413114 -0.03914504 -0.23248218]
[-0.34383067 -0.03977095 -0.24076836]
[-0.34195601 -0.04224009 -0.24977934]
[-0.34126305 -0.04273267 -0.25639006]
[-0.34162416 -0.0426301  -0.26293525]
[-0.34483839 -0.03893587 -0.2622121 ]
[-0.34691662 -0.03891657 -0.25882503]
[-0.34829212 -0.03997401 -0.25529441]
[-0.34940647 -0.04164783 -0.25278187]
[-0.34887078 -0.04422881 -0.25058928]
[-0.34662313 -0.04699611 -0.24638909]
[-0.34289568 -0.04733677 -0.24544221]
[-0.3416227  -0.04704254 -0.24687894]
[-0.34161661 -0.04715393 -0.2478279 ]
[-0.34459513 -0.04653185 -0.24716751]
[-0.34698806 -0.04530318 -0.24409102]
[-0.34849901 -0.04401596 -0.24036747]
[-0.34941929 -0.04302133 -0.22976147]
[-0.34941929 -0.04302133 -0.22976147]
[-0.3473038  -0.03777548 -0.21413431]
[-0.34886209 -0.03417367 -0.20483284]
[-0.35083682 -0.02903057 -0.19324669]
[-0.35692678 -0.02063629 -0.17651363]
[-0.3560608  -0.01583328 -0.15759882]
[-0.35783065 -0.01254552 -0.11997324]
[-0.35722423 -0.01170231 -0.10556938]
[-0.35713465 -0.00690491 -0.07830922]
[-0.36001831 -0.00214387 -0.05688096]
[-0.36071373  0.00065492 -0.04876761]
[-0.36045859  0.00386521 -0.04141235]
[-0.35488514  0.01036431 -0.02967073]
[-0.35086701  0.0156193  -0.02319622]
[-0.34912583  0.01887523 -0.02199998]
[-0.34757862  0.02192685 -0.02216547]
[-0.34449492  0.02756889 -0.0219301 ]
[-0.34362052  0.03043339 -0.02145787]
[-0.34254884  0.03514733 -0.01917127]
[-0.34192414  0.03775893 -0.01744662]
[-0.34156644  0.0428558  -0.01314899]
[-0.34144723  0.0449945  -0.01128057]
[-0.34213413  0.04700029 -0.00994467]
[-0.34331332  0.04818007 -0.00850733]
[-0.34483232  0.0505144  -0.00449562]
[-0.34395325  0.05171319 -0.00266277]
[-0.34286062  0.05287793 -0.00137477]
[-3.41816330e-01  5.43336011e-02  1.14001334e-04]
[-0.3400219   0.05575455  0.00133136]
[-0.3391252  0.0571019  0.003351 ]
[-0.33694377  0.06134554  0.00891361]
[-0.33544507  0.066322    0.01703931]
[-0.33544507  0.066322    0.01703931]
[-0.33459083  0.06780143  0.02036973]
[-0.331558    0.0702379   0.02702206]
[-0.33058003  0.07219798  0.03107027]
[-0.33035577  0.07408094  0.03405784]
[-0.33011639  0.07698173  0.03814063]
[-0.32823386  0.08045397  0.04635439]
[-0.32650566  0.08204322  0.04991873]
[-0.32508492  0.08395143  0.0568902 ]
[-0.32416611  0.08452488  0.06029737]
[-0.32278004  0.08526251  0.06602747]
[-0.3224007   0.08590418  0.06826271]
[-0.32290844  0.0865918   0.07001869]
[-0.32503369  0.0875408   0.07299372]
[-0.32592505  0.0881191   0.07405272]
[-0.32655894  0.08947333  0.07517068]
[-0.32689776  0.09032352  0.07560501]
[-0.32709577  0.09198297  0.07700144]
[-0.32519581  0.09319466  0.07931582]
[-0.32380172  0.09339666  0.08053774]
[-0.32288795  0.09352166  0.08063705]
[-0.32217681  0.09336774  0.08051923]
[-0.32200328  0.09308299  0.08002553]
[-0.32227092  0.09302096  0.07810608]
[-0.32306539  0.09303813  0.07684215]
[-0.32378835  0.09316756  0.07501016]
[-0.32545252  0.09267444  0.07097845]
[-0.32569463  0.09220931  0.06983377]
[-0.32612769  0.09172714  0.07119234]
[-0.32612769  0.09172714  0.07119234]
[-0.32601466  0.09296741  0.072537  ]
[-0.32461328  0.09545062  0.07654236]
[-0.32513369  0.09650124  0.07923359]
[-0.32549613  0.09730872  0.08137576]
[-0.32570154  0.09771723  0.08392847]
[-0.32424005  0.09798741  0.08608765]
[-0.3219196   0.09824308  0.08829635]
[-0.31639464  0.097932    0.09601355]
[-0.31639464  0.097932    0.09601355]
[-0.31552822  0.09914565  0.09960654]
[-0.31524293  0.09942631  0.1004602 ]
[-0.31504504  0.0993861   0.10091985]
[-0.31520375  0.09909201  0.10135701]
[-0.31501828  0.09824315  0.10162091]
[-0.31466115  0.09807871  0.10170376]
[-0.3133566   0.09821634  0.10210891]
[-0.31220242  0.09829101  0.10283189]
[-0.31050455  0.09782223  0.10420954]
[-0.30441158  0.09620216  0.10938101]
[-0.30353703  0.09645911  0.11198494]
[-0.30352616  0.09738884  0.11477455]
[-0.3035382   0.09970527  0.12144271]
[-0.3035382   0.09970527  0.12144271]
[-0.30218145  0.10272523  0.12894088]
[-0.30125269  0.1045013   0.13374391]
[-0.3010455   0.10608728  0.13844252]
[-0.30090472  0.10717874  0.14323543]
[-0.30053701  0.10808714  0.14711152]
[-0.29972702  0.10960682  0.15402162]
[-0.29765719  0.11210699  0.1598819 ]
[-0.29647493  0.11350373  0.16318616]
[-0.29829859  0.11572745  0.16887712]
[-0.29980571  0.11416882  0.17111222]
[-0.3000874   0.11367404  0.17196769]
[-0.29839372  0.11348552  0.17128542]
[-0.29800172  0.11364975  0.17025849]
[-0.29753948  0.11410119  0.16468462]
[-0.2971113   0.11306047  0.16143122]
[-0.2969135   0.11211393  0.15707806]
[-0.29706843  0.11158921  0.15226553]
[-0.29776286  0.11101592  0.14820378]
[-0.29928336  0.11016995  0.1437262 ]
[-0.30263444  0.1080093   0.13478832]
[-0.3045178   0.10743359  0.12887424]
[-0.306868    0.10722253  0.12388311]
[-0.31291454  0.10432334  0.10825875]
[-0.31291454  0.10432334  0.10825875]
[-0.31447328  0.10241552  0.1019289 ]
[-0.31465412  0.10182102  0.09859639]
[-0.31570301  0.09980633  0.08821595]
[-0.32175134  0.09484529  0.07325133]
[-0.32413443  0.09207674  0.06661064]
[-0.32371705  0.08831128  0.0574142 ]
[-0.32828159  0.08278582  0.03567892]
[-0.33389377  0.07954913  0.02034475]
[-0.33730308  0.07810241  0.01446242]
[-0.33867825  0.07382257  0.00256756]
[-0.33723503  0.06481464 -0.01239039]
[-0.33723503  0.06481464 -0.01239039]
[-0.3380282   0.06239292 -0.01560496]
[-0.34140321  0.05799068 -0.01912126]
[-0.34298935  0.05558501 -0.02029124]
[-0.34565102  0.05264475 -0.02124162]
[-0.34786689  0.04997144 -0.02230818]
[-0.34916779  0.04671235 -0.02375933]
[-0.35131969  0.04241789 -0.02760386]
[-0.3511973   0.03928231 -0.03327437]
[-0.3511973   0.03928231 -0.03327437]
[-0.35394227  0.03478657 -0.0398698 ]
[-0.35592679  0.0316438  -0.04386627]
[-0.35733897  0.02433051 -0.05131551]
[-0.35747276  0.02107586 -0.05468829]
[-0.35775007  0.01759845 -0.05842272]
[-0.35824876  0.01440344 -0.0630946 ]
[-0.36224244  0.00889698 -0.0755384 ]
[-0.36346366  0.00565581 -0.08390328]
[-0.36214715  0.00272093 -0.09036022]
[-3.60007846e-01  2.06719269e-04 -9.76821557e-02]
[-0.36086073 -0.01789624 -0.11855019]
[-0.36086073 -0.01789624 -0.11855019]
[-0.36202539 -0.02249518 -0.12420236]
[-0.36422574 -0.02540071 -0.12915291]
[-0.3664696  -0.029758   -0.13591506]
[-0.36855955 -0.03197707 -0.13838649]
[-0.37098142 -0.03425106 -0.14216721]
[-0.37272548 -0.03636306 -0.14607203]
[-0.37350501 -0.03750434 -0.15047285]
[-0.37537358 -0.03729706 -0.15802161]
[-0.37740623 -0.03699274 -0.16132413]
[-0.3797328  -0.03699436 -0.16514325]
[-0.38278221 -0.03781589 -0.17044672]
[-0.38408364 -0.0399233  -0.17603467]
[-0.38408364 -0.0399233  -0.17603467]
[-0.38414584 -0.04102072 -0.1803796 ]
[-0.38381551 -0.04089871 -0.18134911]
[-0.38463786 -0.04084243 -0.18163243]
[-0.38463786 -0.04084243 -0.18163243]
[-0.38402016 -0.04056735 -0.18114902]
[-0.38283774 -0.04004216 -0.18063787]
[-0.38147789 -0.03919838 -0.18013228]
[-0.38041998 -0.03554661 -0.17795096]
[-0.38102637 -0.03362481 -0.17633162]
[-0.38144765 -0.03040229 -0.17255513]
[-0.37995955 -0.02886996 -0.16692534]
[-0.37974791 -0.02748322 -0.16417892]
[-0.37969854 -0.02613692 -0.16190253]
[-0.37867569 -0.02395973 -0.16109705]
[-0.37822309 -0.02087524 -0.16079049]
[-0.38233207 -0.01396053 -0.15648453]
[-0.38559557 -0.01086109 -0.15306509]
[-0.38768055 -0.00831702 -0.14513603]
[-0.38994496 -0.00583898 -0.1381571 ]
[-0.39619204 -0.00267256 -0.13314641]
[-0.4045169   0.00171511 -0.13127804]
[-0.41238433  0.01193331 -0.12737717]
[-0.41238433  0.01193331 -0.12737717]
[-0.41375696  0.01451326 -0.12595358]
[-0.41609918  0.01802193 -0.12466017]
[-0.41640791  0.01923841 -0.1235693 ]
[-0.41975992  0.02430122 -0.12360686]
[-0.42079564  0.02810323 -0.12424541]
[-0.42052885  0.03456913 -0.12382964]
[-0.41902094  0.03667866 -0.12332785]
[-0.41736179  0.03834426 -0.12235958]
[-0.41719889  0.03988636 -0.12219028]
[-0.415432    0.04170284 -0.12009019]
[-0.41450583  0.04192087 -0.11875459]
[-0.41257423  0.04258388 -0.11674219]
[-0.41061013  0.04372137 -0.11485387]
[-0.4073947   0.04753933 -0.11240645]
[-0.40763834  0.05110139 -0.11065216]
[-0.41028693  0.05950658 -0.10845873]
[-0.41015219  0.0635046  -0.10794768]
[-0.40864807  0.067817   -0.10742083]
[-0.40014386  0.07367712 -0.10665427]
[-0.40014386  0.07367712 -0.10665427]
[-0.39714057  0.074526   -0.10552441]
[-0.39549975  0.07606715 -0.10414939]
[-0.39336401  0.07938638 -0.10118876]
[-0.39186935  0.08125945 -0.09963431]
[-0.3907404   0.08324987 -0.09721208]
[-0.38927544  0.08765282 -0.09292423]
[-0.38936996  0.08958213 -0.09098105]
[-0.38916534  0.0924399  -0.08810075]
[-0.38846155  0.09367491 -0.08661442]
[-0.38774454  0.09487788 -0.0858275 ]
[-0.38474127  0.09614889 -0.08466039]
[-0.3819323   0.09731275 -0.08187417]
[-0.38003905  0.09756371 -0.08028704]
[-0.37875942  0.09811205 -0.078075  ]
[-0.37633165  0.0991671  -0.07638994]
[-0.36602237  0.10427603 -0.07151892]
[-0.36291259  0.10552528 -0.07034224]
[-0.36049374  0.10618405 -0.06862858]
[-0.35877729  0.10555099 -0.06721494]
[-0.35685187  0.10406824 -0.06522486]
[-0.35333818  0.10368776 -0.06064095]
[-0.35139647  0.10440569 -0.05905677]
[-0.34945903  0.10562614 -0.05878562]
[-0.34647713  0.10588851 -0.05971846]
[-0.33873155  0.10774063 -0.06151463]
[-0.33484224  0.10920792 -0.06152138]
[-0.32917487  0.11215603 -0.05936821]
[-0.32796002  0.11332238 -0.05736784]
[-0.32941211  0.11699984 -0.05182648]
[-0.33587172  0.12319927 -0.04245933]
[-0.33587172  0.12319927 -0.04245933]
[-0.33645179  0.12501808 -0.03991135]
[-0.33362828  0.13050027 -0.03611621]
[-0.33008952  0.13273238 -0.03433101]
[-0.32945111  0.13617048 -0.03149917]
[-0.32796138  0.14092661 -0.02787055]
[-0.3272822   0.1474165  -0.02273688]
[-0.32634739  0.14915837 -0.02021418]
[-0.32425771  0.14893384 -0.01308158]
[-0.31798489  0.15063944 -0.00508695]
[-3.16900605e-01  1.51071906e-01 -1.19783916e-04]
[-0.31777858  0.15130922  0.00527291]
[-0.32088123  0.15178943  0.01046683]
[-0.32375961  0.15216397  0.01496019]
[-0.32315765  0.15358742  0.02649483]
[-0.32190386  0.15364964  0.03053528]
[-0.32173231  0.15354675  0.03460477]
[-0.32190519  0.15336251  0.03757534]
[-0.32281677  0.1526109   0.04045272]
[-0.32115283  0.15071295  0.03699128]
[-0.3199294   0.1495875   0.03465933]
[-0.31982329  0.14843702  0.03220373]
[-0.32295401  0.14587387  0.02686425]
[-0.32295401  0.14587387  0.02686425]
[-0.32458297  0.14533404  0.02623201]
[-0.32597356  0.14491001  0.02636495]
[-0.33061489  0.14428011  0.0266557 ]
[-0.33196812  0.14399654  0.02532059]
[-0.33304585  0.14315002  0.0232367 ]
[-0.33330945  0.14140241  0.02031577]
[-0.33281062  0.13882111  0.01720318]
[-0.33026096  0.13245663  0.01276241]
[-0.33004191  0.12965362  0.01088922]
[-0.33065137  0.12745863  0.00841115]
[-0.33238942  0.1247132   0.00288572]
[-0.33520407  0.12202082 -0.00418135]
[-0.33817115  0.11631805 -0.01876226]
[-0.33935287  0.11312026 -0.02465773]
[-0.33949185  0.10940161 -0.03104102]
[-0.33950589  0.10603736 -0.03643475]
[-0.33964832  0.10261615 -0.04139907]
[-0.34191511  0.09639156 -0.04897144]
[-0.34281141  0.09511393 -0.05017823]
[-0.34291419  0.09436379 -0.05126646]
[-0.34349964  0.09394787 -0.05730253]
[-0.34353545  0.09426901 -0.05900089]
[-0.34482724  0.09456521 -0.06029839]
[-0.34689231  0.09517123 -0.06023291]
[-0.35105346  0.09641476 -0.05856302]
[-0.35270857  0.09748811 -0.05728276]
[-0.3562369   0.09740232 -0.05553098]
[-0.35790164  0.09659147 -0.05429712]
[-0.35811881  0.09631442 -0.05360253]
[-0.35787004  0.09645263 -0.05242957]
[-0.35684329  0.09661721 -0.05087024]
[-0.35526592  0.09599548 -0.04849705]
[-0.35508847  0.09559722 -0.0479505 ]
[-0.35500222  0.09526642 -0.04758035]
[-0.35520884  0.09531329 -0.04701114]
[-0.3557689   0.0957621  -0.04673621]
[-0.35806697  0.09548954 -0.04626195]
[-0.36694776  0.09776672 -0.0440237 ]
[-0.37757845  0.1009372  -0.04177078]
[-0.38152448  0.10010064 -0.04123933]
[-0.38081012  0.08908112 -0.0430253 ]
[-0.37797281  0.08317432 -0.04474565]
[-0.37579083  0.07517625 -0.04835793]
[-0.37849727  0.06946405 -0.05176829]
[-0.3798034   0.06610725 -0.0526857 ]
[-0.37998343  0.06220717 -0.05216755]
[-0.38382109  0.0510821  -0.04919605]
[-0.38382109  0.0510821  -0.04919605]
[-0.38607305  0.04832552 -0.04922637]
[-0.3879851   0.04543412 -0.04911331]
[-0.38987292  0.03973843 -0.04774942]
[-0.39070534  0.03667055 -0.04740578]
[-0.39502714  0.026043   -0.04661103]
[-0.39502714  0.026043   -0.04661103]
[-0.39508612  0.02206641 -0.04596901]
[-0.39311745  0.01537781 -0.04555674]
[-0.39099065  0.00984012 -0.04476953]
[-0.39077719  0.00813594 -0.04446117]
[-0.38821481  0.00459065 -0.04527676]
[-0.38763394  0.00234986 -0.04410407]
[-0.38729235 -0.00215816 -0.0429506 ]
[-0.38650607 -0.00721627 -0.04094246]
[-0.38513818 -0.01334994 -0.03841412]
[-0.38262243 -0.0178441  -0.03683071]
[-0.37765104 -0.02423826 -0.03298175]
[-0.37608958 -0.02601384 -0.03160079]
[-0.3755611  -0.02778466 -0.03060304]
[-0.37695766 -0.02979001 -0.0284614 ]
[-0.3782871  -0.03031282 -0.02736912]
[-0.37957127 -0.03091392 -0.02573565]
[-0.38063347 -0.03161746 -0.02456631]
[-0.38151565 -0.03270381 -0.02312207]
[-0.3831533  -0.03528736 -0.02062639]
[-0.38459391 -0.03918141 -0.01807074]
[-0.3846091  -0.04053449 -0.01750804]
[-0.38529759 -0.04298205 -0.01551885]
[-0.38565345 -0.04392692 -0.01450677]
[-0.38573554 -0.04543581 -0.01127143]
[-0.38486827 -0.04747899 -0.00746484]
[-0.38438764 -0.0486127  -0.00551931]
[-0.38346218 -0.04913073 -0.00330756]
[-0.38334853 -0.04921518  0.00176269]
[-0.38347187 -0.04864703  0.00471521]
[-0.38432542 -0.04709973  0.01151307]
[-0.38537156 -0.04603283  0.01495988]
[-0.38629896 -0.04142443  0.02085414]
[-0.38679844 -0.03537689  0.02449532]
[-0.38657905 -0.03213029  0.02599901]
[-0.38522416 -0.02776231  0.02757535]
[-0.38273632 -0.01869721  0.03050991]
[-0.3827937  -0.01374213  0.0317741 ]
[-0.38369977 -0.00306632  0.03448194]
[-0.384311    0.00148512  0.03639911]
[-0.38469125  0.00491863  0.04016215]
[-0.38972769  0.00900326  0.04535971]
[-0.39359064  0.01613999  0.05028074]
[-0.39069244  0.02237622  0.05433424]
[-0.38887113  0.02844454  0.06259556]
[-0.38645639  0.03101363  0.06878793]
[-0.38624116  0.03325322  0.07555756]
[-0.38445004  0.03534739  0.08288762]
[-0.38405859  0.03954288  0.09659468]
[-0.38352136  0.04270682  0.1018176 ]
[-0.38366272  0.04568766  0.10597009]
[-0.38287219  0.04943275  0.10988311]
[-0.3777416   0.05636633  0.11696521]
[-0.3746477   0.05949791  0.11982135]
[-0.36974291  0.06630756  0.12362199]
[-0.36789525  0.07235365  0.12385232]
[-0.36758397  0.0762621   0.12288424]
[-0.36749987  0.07995962  0.12113313]
[-0.36901281  0.08172717  0.11975585]
[-0.37345233  0.08444205  0.11722194]
[-0.37461192  0.08604375  0.11584775]
[-0.37667155  0.09107885  0.11113182]
[-0.37895388  0.09371428  0.10729277]
[-0.38392643  0.09721866  0.09989806]
[-0.38677267  0.09830195  0.09621498]
[-0.3908586   0.10000081  0.08949965]
[-0.39496976  0.1022078   0.08080239]
[-0.39555308  0.10318595  0.07551164]
[-0.3971009   0.10411994  0.07113405]
[-0.39967465  0.10525109  0.06684775]
[-0.40244856  0.1065494   0.06314086]
[-0.40704643  0.10978103  0.05713049]
[-0.40686592  0.11343134  0.04775483]
[-0.40623286  0.1147574   0.04437499]
[-0.40630388  0.11577561  0.04175098]
[-0.40911504  0.11753676  0.03966092]
[-0.41123247  0.11802431  0.03817596]
[-0.41184633  0.11848068  0.03658101]
[-0.41219216  0.11863489  0.03425312]
[-0.40974423  0.12047645  0.02674419]
[-0.40908625  0.12122416  0.02142103]
[-0.40867835  0.12103631  0.01584104]
[-0.40775775  0.12108444  0.01045621]
[-0.4067794   0.12186146  0.00622828]
[-0.40477168  0.12306352  0.00234494]
[-0.40230217  0.12651587 -0.0032252 ]
[-0.40201422  0.12762339 -0.00576928]
[-0.40311068  0.12868822 -0.00944967]
[-0.40091663  0.12999383 -0.01197337]
[-0.39929081  0.13039681 -0.012784  ]
[-0.39837652  0.13044374 -0.01358702]
[-0.39577989  0.12902679 -0.01544715]
[-0.39054842  0.1275322  -0.0181288 ]
[-0.38591973  0.12717293 -0.02042356]
[-0.38429197  0.1254981  -0.02196818]
[-0.38378712  0.12422193 -0.02222773]
[-0.38274437  0.12297473 -0.02200867]
[-0.38197141  0.12218378 -0.02164942]
[-0.38135011  0.12203476 -0.02126924]
[-0.376107    0.12213698 -0.02037214]
[-0.36523517  0.1202157  -0.02008373]
[-0.36311371  0.11924546 -0.02015097]
[-0.36052372  0.11745586 -0.01998992]
[-0.3579934   0.11356615 -0.02060104]
[-0.3569889   0.11138815 -0.02072018]
[-0.35659792  0.10982513 -0.0207464 ]
[-0.35785408  0.10762812 -0.02093249]
[-0.35984437  0.1068124  -0.02099473]
[-0.36363534  0.10413557 -0.02142089]
[-0.3638447   0.10183375 -0.02087647]
[-0.36202356  0.10018957 -0.0196744 ]
[-0.36084319  0.09976231 -0.01781701]
[-0.35991206  0.09928396 -0.01545276]
[-0.35904653  0.09879091 -0.01304888]
[-0.35719019  0.09605544 -0.01004109]
[-0.35739019  0.09374981 -0.00977125]
[-0.35755929  0.09078101 -0.00915933]
[-0.3596343   0.08706829 -0.00857262]
[-0.36258311  0.08235374 -0.00925188]
[-0.36827674  0.07289248 -0.01219716]
[-0.37029872  0.06831559 -0.0145085 ]
[-0.37095039  0.06416452 -0.01610393]
[-0.3712203   0.06057825 -0.01791081]
[-0.37050363  0.05662516 -0.01834574]
[-0.37125462  0.04940384 -0.01869373]
[-0.37226056  0.04592036 -0.01863078]
[-0.37484617  0.04292138 -0.0188743 ]
[-0.3762385   0.03997564 -0.01869734]
[-0.37815827  0.03385364 -0.0186893 ]
[-0.37739525  0.03004847 -0.01867652]
[-0.37741851  0.02658318 -0.01881204]
[-0.37656694  0.02354114 -0.01942186]
[-0.37638559  0.02135051 -0.01849598]
[-0.37385356  0.01853345 -0.01629065]
[-0.37254032  0.01754926 -0.01447702]
[-0.37100762  0.0173693  -0.01356347]
[-0.37042535  0.01771092 -0.0123394 ]
[-0.36991551  0.02054333 -0.01093471]
[-0.36983644  0.02322052 -0.00937328]
[-0.36983644  0.02322052 -0.00937328]
[-0.37054908  0.02319613 -0.00846571]
[-0.36907683  0.02088334 -0.00719663]
[-0.36811903  0.02077361 -0.00688332]
[-0.36395256  0.0222685  -0.00554986]
[-0.36131618  0.02257274 -0.00394344]
[-0.36027683  0.02226829 -0.00340693]
[-0.35974259  0.02236917 -0.00267695]
[-0.35870517  0.02289348 -0.00083143]
[-0.35782672  0.02423985  0.00136561]
[-0.35420028  0.02712592  0.00257876]
[-0.34978224  0.02937349  0.00286408]
[-0.34539705  0.03135601  0.00424646]
[-0.34360536  0.03334265  0.00514616]
[-0.34148833  0.03559282  0.0070694 ]
[-0.3383375   0.03999256  0.01092961]
[-0.33763331  0.04148433  0.0124522 ]
[-0.33592122  0.04438987  0.01572495]
[-0.33613641  0.04788722  0.0199243 ]
[-0.33752944  0.05010282  0.02234949]
[-0.34189015  0.0549182   0.02587716]
[-0.34394203  0.05763505  0.02784806]
[-0.34467108  0.06000962  0.02855913]
[-0.33827669  0.06480449  0.0318188 ]
[-0.32208628  0.06841573  0.04444236]
[-0.32208628  0.06841573  0.04444236]
[-0.31779563  0.06914283  0.05409535]
[-0.31862586  0.0694356   0.05764316]
[-0.31891733  0.07045831  0.06249478]
[-0.31806747  0.07176232  0.06598566]
[-0.31758904  0.07316402  0.07051186]
[-0.31681674  0.07490459  0.07459158]
[-0.31666186  0.07651277  0.07874911]
[-0.3160275   0.08019636  0.08640849]
[-0.31564666  0.08206263  0.08961438]
[-0.31731305  0.08390762  0.09392821]
[-0.31889033  0.08576022  0.09796108]
[-0.32226864  0.0897227   0.10616653]
[-0.32341425  0.09178232  0.10915063]
[-0.32433135  0.09320138  0.11276598]
[-0.32533062  0.09407873  0.1151132 ]
[-0.32650536  0.09429956  0.1167473 ]
[-0.32763516  0.09502368  0.11932364]
[-0.32762314  0.09591375  0.12001475]
[-0.32787419  0.09674763  0.12042148]
[-0.32784213  0.09742785  0.11990027]
[-0.32825362  0.09813086  0.11915035]
[-0.32866002  0.09910974  0.11745071]
[-0.32830567  0.09907138  0.11682625]
[-0.32799848  0.09891807  0.11636192]
[-0.32720357  0.09858717  0.11544278]
[-0.32588185  0.09876748  0.1152617 ]
[-0.32588185  0.09876748  0.1152617 ]
[-0.32639735  0.09906746  0.11635031]
[-0.32649953  0.0993104   0.1170558 ]
[-0.32719607  0.10000093  0.11833902]
[-0.32787594  0.10076326  0.11972938]
[-0.32879227  0.10347752  0.12638092]
[-0.32879227  0.10347752  0.12638092]
[-0.3274981   0.10560919  0.12958662]
[-0.32623143  0.10897455  0.13317658]
[-0.32279577  0.11322436  0.13736306]
[-0.32279455  0.11422814  0.13967952]
[-0.32620605  0.1148717   0.14391471]
[-0.33490654  0.1145431   0.14710274]
[-0.33490654  0.1145431   0.14710274]
[-0.33595172  0.1176764   0.14480112]
[-0.33409264  0.12016184  0.14419238]
[-0.33279514  0.12207729  0.14346501]
[-0.33305819  0.12276614  0.14091921]
[-0.33363416  0.12229984  0.13845029]
[-0.33333502  0.12139244  0.13610053]
[-0.33484394  0.11761761  0.13241895]
[-0.33278757  0.11344806  0.12435196]
[-0.33129587  0.11200853  0.11681002]
[-0.33060708  0.11080179  0.11038363]
[-0.32885897  0.10639746  0.09828244]
[-0.33214636  0.09879852  0.0845882 ]
[-0.33435787  0.09168936  0.06378417]
[-0.33443464  0.09020447  0.05761043]
[-0.33654014  0.0887552   0.0451896 ]
[-0.33555561  0.08753747  0.03980697]
[-0.33496032  0.08631118  0.03482975]
[-0.33371595  0.0814065   0.02584854]
[-0.32795643  0.07512607  0.0149659 ]
[-0.32509323  0.07333688  0.00927915]
[-0.3243488   0.07146256  0.00347545]
[-0.32242466  0.0679502  -0.00635387]
[-0.32324573  0.06264416 -0.01557423]
[-0.32510726  0.0595276  -0.01917534]
[-0.32432928  0.05349659 -0.02345398]
[-0.32192832  0.05009229 -0.02463958]
[-0.32538723  0.04112517 -0.02609846]
[-0.32538723  0.04112517 -0.02609846]
[-0.32816952  0.03819358 -0.02690233]
[-0.3281946   0.03544841 -0.02858801]
[-0.32849717  0.0333781  -0.03063739]
[-0.33050057  0.0302748  -0.03349432]
[-0.33571223  0.03012436 -0.03563662]
[-0.33811017  0.02977214 -0.03639752]
[-0.33909644  0.02937544 -0.03700325]
[-0.3414697   0.02865842 -0.0383376 ]
[-0.34195186  0.0283401  -0.03848831]
[-0.34235551  0.02702632 -0.03946185]
[-0.33881834  0.02217231 -0.04330553]
[-0.33896812  0.01633878 -0.04924336]
[-0.33841398  0.01385453 -0.05114021]
[-0.33892358  0.01108576 -0.05337797]
[-0.33886207  0.0084165  -0.05532023]
[-0.34046395  0.00245403 -0.06162465]
[-0.34068471  0.00064693 -0.06536711]
[-3.39782470e-01 -3.77854012e-05 -6.89000934e-02]
[-3.38673124e-01 -1.25029430e-04 -7.18974099e-02]
[-0.3371421  -0.0027286  -0.08210617]
[-0.33539707 -0.00348775 -0.08650491]
[-0.33162708 -0.00379268 -0.09210318]
[-0.32645045 -0.00486748 -0.09722253]
[-0.32343995 -0.00470958 -0.10016435]
[-0.32505427  0.00158627 -0.1074752 ]
[-0.3277402   0.00520014 -0.11288002]
[-0.32814551  0.00526639 -0.12031552]
[-0.32814551  0.00526639 -0.12031552]
[-0.32380849  0.00143466 -0.12373887]
[-0.31532768 -0.00193194 -0.12245744]
[-0.31532768 -0.00193194 -0.12245744]
[-0.31702053  0.00064335 -0.11922893]
[-0.31880664  0.00317719 -0.11677781]
[-0.32097633  0.00740369 -0.11433446]
[-0.32120378  0.00822234 -0.11316639]
[-0.32029892  0.00827183 -0.11176173]
[-0.3192487   0.00776545 -0.11108   ]
[-0.31814825  0.00706343 -0.11004763]
[-0.3178741   0.00668014 -0.10973975]
[-0.31879275  0.00689179 -0.10968375]
[-0.32098637  0.00879646 -0.10823492]
[-0.32079955  0.01025878 -0.1080042 ]
[-0.32112893  0.01074498 -0.10763769]
[-0.32095564  0.01036446 -0.10681674]
[-0.32229353  0.00678192 -0.1028944 ]
[-0.32919163  0.00716229 -0.0957173 ]
[-0.33211     0.01233186 -0.08768964]
[-0.33974482  0.02555599 -0.07087256]
[-0.35848836  0.03764571 -0.06414011]
[-0.36017626  0.04031536 -0.06459451]
[-0.35707051  0.04354786 -0.0659724 ]
[-0.35217368  0.04579015 -0.06689464]
[-0.34091251  0.04751023 -0.06147372]
[-0.33296647  0.04994138 -0.05840418]
[-0.33209501  0.05331596 -0.05871143]
[-0.33459763  0.05662906 -0.05815877]
[-0.33567634  0.05802331 -0.05813561]
[-0.33749909  0.05950068 -0.05881297]
[-0.340153    0.06113135 -0.05999956]
[-0.34489719  0.062548   -0.06284992]
[-0.35018661  0.06407466 -0.06547173]
[-0.35344044  0.06767671 -0.07322341]
[-0.34726722  0.0666785  -0.0760325 ]
[-0.33799879  0.06405893 -0.07664048]
[-0.3334621   0.06365669 -0.07637096]
[-0.33429941  0.06447218 -0.08226722]
[-0.33626779  0.06448462 -0.08811501]
[-0.32838693  0.06462398 -0.0948196 ]
[-0.32491333  0.06481607 -0.09827255]
[-0.32889619  0.06786531 -0.10375389]
[-0.33386514  0.0682713  -0.10454158]
[-0.33854034  0.06716481 -0.10518151]
[-0.3303652   0.06257057 -0.1033402 ]
[-0.32499629  0.06036183 -0.10079335]
[-0.32775932  0.06125152 -0.10252382]
[-0.32976898  0.06217705 -0.10323452]
[-0.33215197  0.06395172 -0.10393958]
[-0.33282178  0.06474438 -0.10378751]
[-0.33333022  0.06550536 -0.10467031]
[-0.33443315  0.06612244 -0.10545351]
[-0.33553241  0.06617172 -0.10615679]
[-0.33717597  0.06618244 -0.10764564]
[-0.33567309  0.06601249 -0.10935578]
[-0.33539944  0.06648261 -0.11052509]
[-0.33405046  0.06666005 -0.11041427]
[-0.33418889  0.06738681 -0.11079182]
[-0.33440194  0.0681528  -0.11209073]
[-0.33520705  0.06881888 -0.1139207 ]
[-0.33736334  0.07007816 -0.11760204]
[-0.33755856  0.07090833 -0.11857869]
[-0.33683924  0.07201866 -0.11973118]
[-0.33325101  0.07193585 -0.12391049]
[-0.33163633  0.07033204 -0.12722711]
[-0.33085104  0.06803615 -0.13083406]
[-0.33162194  0.06529099 -0.13659853]
[-0.3348616   0.06164609 -0.15099886]
[-0.33493442  0.06113769 -0.16003188]
[-0.33430582  0.06071211 -0.16859257]
[-0.33525301  0.05883346 -0.17677738]
[-0.33759592  0.05737302 -0.18340616]
[-0.34009657  0.05546505 -0.19171399]
[-0.35045941  0.05489621 -0.21905966]
[-0.35045941  0.05489621 -0.21905966]
[-0.35261447  0.05587793 -0.22781852]
[-0.35197076  0.05956985 -0.24768564]
[-0.35197076  0.05956985 -0.24768564]
[-0.34568303  0.06108474 -0.25535536]
[-0.34314918  0.06089064 -0.25811985]
[-0.33665954  0.05995134 -0.26148233]
[-0.33075578  0.05624053 -0.26284945]
[-0.32967969  0.05507511 -0.26364368]
[-0.3277027   0.05378822 -0.26503468]
[-0.32553312  0.05110507 -0.26656902]
[-0.32573543  0.04958326 -0.26635644]
[-0.3261135   0.04841754 -0.26522857]
[-0.32656489  0.04743502 -0.26351672]
[-0.32818256  0.0475225  -0.25903669]
[-0.32746097  0.04824016 -0.25483903]
[-0.32712355  0.04815178 -0.25077665]
[-0.32402148  0.04867295 -0.24614404]
[-0.3193953   0.04959187 -0.24181637]
[-0.31382031  0.05111861 -0.23376042]
[-0.31209738  0.05302947 -0.22770323]
[-0.30896173  0.05507445 -0.22116844]
[-0.30518361  0.05767935 -0.21118164]
[-0.30715998  0.06484408 -0.18773369]
[-0.31032413  0.06818016 -0.177316  ]
[-0.31157852  0.07568736 -0.16215011]
[-0.31262297  0.08208942 -0.14906621]
[-0.31381435  0.08491156 -0.1435768 ]
[-0.31534688  0.09028724 -0.13059415]
[-0.31534688  0.09028724 -0.13059415]
[-0.31192172  0.09402425 -0.12199142]
[-0.30622467  0.09784412 -0.11678548]
[-0.30405248  0.09980199 -0.11493966]
[-0.30246487  0.10207571 -0.11220796]
[-0.30112939  0.10462422 -0.11013085]
[-0.2973693   0.10905296 -0.10760116]
[-0.29643283  0.11164007 -0.1063955 ]
[-0.29643283  0.11164007 -0.1063955 ]
[-0.2972685   0.11241312 -0.10586324]
[-0.29714155  0.11467585 -0.10644729]
[-0.29647137  0.11566614 -0.10763723]
[-0.29462054  0.11589064 -0.10960486]
[-0.29392859  0.11638083 -0.11385001]
[-0.29321294  0.11744137 -0.11969551]
[-0.29068344  0.11715828 -0.12632909]
[-0.28978618  0.11695991 -0.12890542]
[-0.2888959   0.11677857 -0.13091162]
[-0.28793902  0.1161549  -0.13449594]
[-0.28779978  0.11438318 -0.1367867 ]
[-0.28808101  0.11352766 -0.13761128]
[-0.28961084  0.11290643 -0.13861291]
[-0.2903902   0.11254053 -0.13923889]
[-0.29131381  0.11134526 -0.13989565]
[-0.29045334  0.11034854 -0.13997695]
[-0.28920841  0.10969024 -0.13926616]
[-0.29431521  0.11113089 -0.13061956]
[-0.29431521  0.11113089 -0.13061956]
[-0.29735097  0.11148757 -0.12783448]
[-0.29978655  0.11265542 -0.12609705]
[-0.30417579  0.1132853  -0.12149783]
[-0.30628152  0.11380889 -0.11499346]
[-0.30662991  0.11438179 -0.11069275]
[-0.30624796  0.11459697 -0.10907933]
[-0.30546364  0.1151887  -0.10783663]
[-0.30378501  0.11577684 -0.10713986]
[-0.30084697  0.11681183 -0.10652529]
[-0.29871712  0.11715118 -0.10255862]
[-0.29851575  0.11775947 -0.09897586]
[-0.29844486  0.11821172 -0.09627972]
[-0.29854914  0.11897364 -0.0929662 ]
[-0.29879172  0.11936101 -0.09043304]
[-0.30280609  0.12089866 -0.08117023]
[-0.30335931  0.12135981 -0.07826629]
[-0.3010433   0.12251479 -0.07477703]
[-0.29878446  0.12356298 -0.07114311]
[-0.29388716  0.1267103  -0.06211004]
[-0.29408642  0.12809555 -0.05676433]
[-0.29546096  0.12886772 -0.05066279]
[-0.29700057  0.12938854 -0.04532869]
[-0.29805792  0.12928206 -0.03968265]
[-0.29834112  0.12810503 -0.0260835 ]
[-0.2993454   0.12758528 -0.01937679]
[-0.30028949  0.12702571 -0.01306498]
[-0.3009261   0.12628581 -0.00697631]
[-0.31101235  0.12020744  0.01004272]
[-0.31101235  0.12020744  0.01004272]
[-0.32108865  0.11316779  0.0244547 ]
[-0.31526282  0.10847483  0.03220765]
[-0.31526282  0.10847483  0.03220765]
[-0.29691803  0.10227228  0.03935838]
[-0.2930645   0.09918931  0.04193973]
[-0.28906394  0.09531479  0.04495168]
[-0.28339891  0.08700994  0.05145348]
[-0.28255806  0.08321702  0.05424171]
[-0.28207044  0.07855562  0.0566817 ]
[-0.28337462  0.07369547  0.05955631]
[-0.28615379  0.06501865  0.0658251 ]
[-0.28641648  0.06108509  0.06938335]
[-0.28700843  0.0575075   0.07261315]
[-0.28807744  0.05420094  0.07628216]
[-0.29067498  0.04922181  0.08125403]
[-0.29163592  0.04681902  0.0831798 ]
[-0.2920707   0.04024067  0.08226208]
[-0.29113201  0.03665723  0.08173931]
[-0.28755296  0.02956448  0.07963367]
[-0.28427229  0.02613039  0.08018265]
[-0.28240577  0.0222826   0.08015698]
[-0.28175361  0.01809349  0.0807704 ]
[-0.280694    0.01345276  0.08071279]
[-0.27985475  0.00512141  0.07998703]
[-0.27981118 -0.0016898   0.07792817]
[-0.28124375 -0.00460271  0.07707979]
[-0.28257198 -0.00745107  0.07556608]
[-0.28459913 -0.01405032  0.07397641]
[-0.28459092 -0.01559912  0.07399369]
[-0.28479143 -0.01655559  0.07413633]
[-0.28487893 -0.01830138  0.07493996]
[-0.28562165 -0.01897588  0.07543983]
[-0.28702479 -0.0226692   0.07486454]
[-0.28702479 -0.0226692   0.07486454]
[-0.28730678 -0.0240422   0.07412753]
[-0.28972075 -0.02910156  0.07255384]
[-0.2888972  -0.03161496  0.07279819]
[-0.27685283 -0.04687787  0.08531484]
[-0.27067091 -0.05913088  0.10029025]
[-0.2697446  -0.06382249  0.10887179]
[-0.26908646 -0.06983628  0.11502706]
[-0.26745097 -0.07928864  0.12252486]
[-0.26175701 -0.08541812  0.12606379]
[-0.25345247 -0.09007235  0.13198324]
[-0.25167284 -0.09151238  0.1331107 ]
[-0.25165488 -0.09297079  0.13368493]
[-0.25133247 -0.0942625   0.13311936]
[-0.2536623  -0.09646115  0.13021407]
[-0.25457679 -0.09676503  0.13052469]
[-0.25588572 -0.09672824  0.1314844 ]
[-0.2568624  -0.09685797  0.13341363]
[-0.25791039 -0.09655232  0.1341393 ]
[-0.25987221 -0.09387882  0.13436016]
[-0.2602967  -0.09148483  0.13421434]
[-0.26430008 -0.08701082  0.13456486]
[-0.26548319 -0.08478961  0.13496551]
[-0.2667319  -0.08226561  0.13490002]
[-0.26770465 -0.07601272  0.13441645]
[-0.2694234  -0.06865512  0.13161258]
[-0.26958176 -0.0647013   0.13080432]
[-0.26803029 -0.05641761  0.13048537]
[-0.26604042 -0.05153808  0.12943318]
[-0.26636086 -0.04538387  0.12826388]
[-0.26706434 -0.04062292  0.12677462]
[-0.26594409 -0.0310235   0.12703963]
[-0.26036503 -0.02472879  0.12471639]
[-0.25804494 -0.02271225  0.12188204]
[-0.25732702 -0.01988352  0.11910475]
[-0.25553791 -0.01301793  0.11231047]
[-0.25520302 -0.00936448  0.10773616]
[-0.25473944 -0.00592678  0.10290888]
[-0.25537435 -0.00189828  0.09878554]
[-0.2594292   0.00543322  0.09136499]
[-0.26256966  0.00885856  0.08865499]
[-0.26534312  0.01138309  0.08587377]
[-0.26737891  0.01383878  0.08308131]
[-0.2690258   0.01665978  0.08025019]
[-0.27147603  0.02366021  0.07534733]
[-0.27501322  0.03040979  0.06987663]
[-0.27684482  0.03449749  0.06634242]
[-0.27972142  0.03823982  0.06236365]
[-0.28213344  0.045656    0.05511992]
[-0.28336626  0.04861339  0.05176793]
[-0.28388503  0.05153565  0.04882139]
[-0.28456945  0.05458943  0.04637199]
[-0.28418695  0.05715581  0.04442535]
[-0.28224068  0.06384242  0.04117368]
[-0.28215558  0.07009164  0.03533826]
[-0.28488044  0.07253032  0.03149856]
[-0.29308807  0.07616504  0.02401036]
[-0.29846924  0.07841063  0.0207798 ]
[-0.30594137  0.08356818  0.01549378]
[-0.30873528  0.08581344  0.01352896]
[-0.31034399  0.08949236  0.01065277]
[-0.31042165  0.09074333  0.00575891]
[-0.31274908  0.09130885 -0.00094457]
[-0.31659364  0.09312749 -0.0027326 ]
[-0.32478403  0.09957089 -0.00239065]
[-0.32357479  0.09935319 -0.0021708 ]
[-0.32357479  0.09935319 -0.0021708 ]
[-0.32033823  0.09748631 -0.00495714]
[-0.3153443   0.09766393 -0.00673992]
[-0.3130796   0.09869672 -0.00673361]
[-0.31087402  0.09957657 -0.00756228]
[-0.30983218  0.10014093 -0.00870445]
[-0.30899029  0.098729   -0.01314181]
[-0.30923031  0.09773259 -0.01468582]
[-0.30910272  0.09697618 -0.01591052]
[-0.30885165  0.09674635 -0.01700212]
[-0.30775998  0.09788439 -0.01813275]
[-0.30730563  0.09888758 -0.01896884]
[-0.30723054  0.09988739 -0.01990197]
[-0.30760666  0.10088689 -0.02077461]
[-0.30814753  0.10134291 -0.0221828 ]
[-0.30894051  0.10150027 -0.02375802]
[-0.31133574  0.10214915 -0.0261655 ]
[-0.31278139  0.10264977 -0.02716422]
[-0.31455428  0.10321754 -0.02817858]
[-0.31761325  0.10425659 -0.03039389]
[-0.31849864  0.10465128 -0.03144732]
[-0.31886826  0.10516957 -0.03266631]
[-0.31950761  0.10562444 -0.03393479]
[-0.32001946  0.10603913 -0.03537811]
[-0.32176703  0.10703641 -0.03811513]
[-0.32133611  0.10722024 -0.03901342]
[-0.32135803  0.10737026 -0.03936933]
[-0.32283569  0.10870963 -0.03973429]
[-0.32471161  0.11303025 -0.03804273]
[-0.32469534  0.11548159 -0.03747512]
[-0.322691    0.11669717 -0.03698562]
[-0.31715118  0.11802668 -0.03805605]
[-0.31362114  0.11771278 -0.03921073]
[-0.31049303  0.11760043 -0.04057227]
[-0.30698354  0.11747579 -0.041557  ]
[-0.30478738  0.11741436 -0.0420167 ]
[-0.3031636   0.11750444 -0.04203947]
[-0.30092322  0.11704052 -0.04174829]
[-0.30073489  0.11673819 -0.04151958]
[-0.29967769  0.11603867 -0.04045305]
[-0.29875211  0.1153359  -0.04031759]
[-0.29515376  0.11358897 -0.04045036]
[-0.29260025  0.1126195  -0.0404638 ]
[-0.28887957  0.11180227 -0.03914789]
[-0.28798471  0.11103915 -0.03897461]
[-0.28921136  0.10942673 -0.04018007]
[-0.29089735  0.10824738 -0.04248875]
[-0.29158598  0.10715329 -0.04334509]
[-0.29209938  0.10623126 -0.04307208]
[-0.29163342  0.10592965 -0.04298926]
[-0.29172652  0.10560182 -0.04274134]
[-0.29140519  0.10508825 -0.04207369]
[-0.29133297  0.10480363 -0.04174059]
[-0.29181833  0.10424665 -0.04092179]
[-0.29306891  0.10451493 -0.04088139]
[-0.29457586  0.10470055 -0.04010245]
[-0.29731243  0.10522356 -0.03944735]
[-0.30086848  0.1048006  -0.04032147]
[-0.30262276  0.10454284 -0.040739  ]
[-0.30479444  0.10433982 -0.04139914]
[-0.30600947  0.10440449 -0.04095494]
[-0.30693945  0.10418906 -0.04081067]
[-0.31003577  0.10305659 -0.04045972]
[-0.31031857  0.10346921 -0.03993202]
[-0.30819445  0.10366077 -0.03948173]
[-0.30773572  0.10338138 -0.03992056]
[-0.30768582  0.10329758 -0.04048883]
[-0.30825254  0.10336488 -0.04066886]
[-0.3085224   0.10357358 -0.04049957]
[-0.3078715   0.10403026 -0.04076336]
[-0.30763703  0.10359424 -0.04219171]
[-0.30778996  0.10362394 -0.04417485]
[-0.30858552  0.10376915 -0.04651675]
[-0.30989649  0.10423484 -0.04853531]
[-0.31082194  0.10497362 -0.05089018]
[-0.31238277  0.10568455 -0.05657164]
[-0.31235612  0.10596831 -0.05929954]
[-0.31189605  0.10656583 -0.06115776]
[-0.31227975  0.10782425 -0.06271563]
[-0.31447839  0.1105434  -0.06459695]
[-0.31457137  0.11282335 -0.06382546]
[-0.31384503  0.11376513 -0.06222359]
[-0.31291973  0.1158509  -0.05810273]
[-0.31281007  0.11700259 -0.05679839]
[-0.3124472   0.11822349 -0.0552949 ]
[-0.31126777  0.1195416  -0.05401621]
[-0.30895285  0.12146536 -0.05170119]
[-0.30538152  0.12342297 -0.049394  ]
[-0.29779167  0.12592186 -0.04479147]
[-0.29392401  0.12653007 -0.04281271]
[-0.28994384  0.1264963  -0.04003929]
[-0.28607903  0.12627357 -0.03718979]
[-0.28330403  0.12571414 -0.03468024]
[-0.28121924  0.12529455 -0.0297948 ]
[-0.28218042  0.12532797 -0.02784168]
[-0.28570194  0.12523802 -0.02563875]
[-0.28810985  0.12535614 -0.02484661]
[-0.29383613  0.1262819  -0.01974887]
[-0.29383613  0.1262819  -0.01974887]
[-0.29411791  0.12661478 -0.01806295]
[-0.29396738  0.12725767 -0.01653802]
[-0.29416268  0.12826513 -0.01602328]
[-0.2945628   0.12872557 -0.01601894]
[-0.29505564  0.12890263 -0.01589419]
[-0.29489649  0.12955344 -0.01466223]
[-0.29590259  0.12978262 -0.01413339]
[-0.29731111  0.13038674 -0.01380215]
[-0.29928374  0.13082814 -0.01339088]
[-0.30085322  0.13139586 -0.01249473]
[-0.30281285  0.1329343  -0.0096868 ]
[-0.30322879  0.13358273 -0.00910957]
[-0.30345709  0.13418485 -0.00889303]
[-0.30376632  0.13469627 -0.00915559]
[-0.3026528   0.13536207 -0.00906793]
[-0.30049118  0.13703161 -0.0087842 ]
[-0.2977157   0.13860728 -0.00847543]
[-0.29690997  0.1394612  -0.00803852]
[-0.29557467  0.1427031  -0.00530319]
[-0.29545035  0.1454687  -0.00403516]
[-0.29437443  0.14708143 -0.00283038]
[-0.29429876  0.14877674 -0.0010516 ]
[-0.2957092   0.15128821  0.00157548]
[-0.2979073   0.15254773  0.00240263]
[-0.29886604  0.15358108  0.00317965]
[-0.29886799  0.15490626  0.0037953 ]
[-0.29883398  0.15593128  0.00387377]
[-0.29753695  0.1566287   0.0036705 ]
[-0.2965711   0.15695813  0.00431152]
[-0.29791973  0.16035463  0.00620439]
[-0.30012906  0.16344246  0.00582021]
[-0.30129867  0.16596071  0.00384437]
[-0.30221083  0.16938879  0.00110104]
[-0.30237728  0.17058401  0.00140872]
[-0.30416935  0.1724547   0.00256222]
[-0.3082977   0.1751256   0.00431168]
[-0.3081466   0.17747548  0.00533244]
[-0.30789542  0.17833455  0.00605483]
[-0.30803501  0.17925838  0.00792006]
[-0.31061227  0.17869604  0.01047559]
[-0.3111737   0.17828496  0.01136767]
[-0.30970296  0.17804292  0.01066175]
[-0.30970296  0.17804292  0.01066175]
[-0.30940708  0.17716415  0.01023148]
[-0.31043542  0.17560212  0.00975447]
[-0.31381413  0.17308304  0.00925694]
[-0.31487171  0.171891    0.00885549]
[-0.31507187  0.17093766  0.00847578]
[-0.3171222   0.16888194  0.00907281]
[-0.31840939  0.1682453   0.00969098]
[-0.32026927  0.16689515  0.01048963]
[-0.32413835  0.1635146   0.01065241]
[-0.32566046  0.16184214  0.00852243]
[-0.32757918  0.16082197  0.00117762]
[-0.33023579  0.16037789 -0.00271461]
[-0.3319682   0.16022125 -0.00650366]
[-0.33287979  0.15994976 -0.00935754]
[-0.33507287  0.15981625 -0.01267003]
[-0.34921826  0.1566925  -0.01633256]
[-0.34921826  0.1566925  -0.01633256]
[-0.35479387  0.15519044 -0.01723699]
[-0.35782422  0.15357952 -0.01946021]
[-0.35879593  0.1521154  -0.02039507]
[-0.36034403  0.14826503 -0.02086058]
[-0.36494451  0.14658411 -0.02031083]
[-0.37196759  0.14436521 -0.02218937]
[-0.373213    0.14348227 -0.02313141]
[-0.36616428  0.14150943 -0.0281951 ]
[-0.36467437  0.1395603  -0.02893025]
[-0.36374282  0.13308744 -0.02870083]
[-0.36370399  0.12940668 -0.02785384]
[-0.36553269  0.12564585 -0.02758008]
[-0.36518584  0.12239887 -0.02793795]
[-0.36244255  0.11700252 -0.02854941]
[-0.36138048  0.11416072 -0.02860532]
[-0.36683809  0.10734729 -0.02730816]
[-0.36821591  0.10391825 -0.02644783]
[-0.36507525  0.09863584 -0.02461597]
[-0.36655083  0.09525593 -0.02431778]
[-0.36969584  0.09286267 -0.02458207]
[-0.37378802  0.09148545 -0.02417246]
[-0.3766866   0.08949335 -0.02339032]
[-0.38269694  0.08598933 -0.02246916]
[-0.38549931  0.08315067 -0.02246412]
[-0.39187732  0.07724602 -0.02579948]
[-0.39187732  0.07724602 -0.02579948]
[-0.39427259  0.07546122 -0.02845919]
[-0.40341463  0.07559865 -0.03526545]
[-0.40564745  0.07576992 -0.0374773 ]
[-0.40695065  0.07558188 -0.03945982]
[-0.40126502  0.07320119 -0.04314169]
[-0.398649    0.07231199 -0.0449888 ]
[-0.39769253  0.07034134 -0.04679322]
[-0.39978344  0.06661235 -0.05054806]
[-0.40035113  0.06184138 -0.05633149]
[-0.40033769  0.05950222 -0.05906168]
[-0.39945658  0.0573718  -0.06165121]
[-0.39880309  0.0560621  -0.0637391 ]
[-0.40030884  0.05446701 -0.06565559]
[-0.40214502  0.05145404 -0.07236143]
[-0.40344941  0.04886571 -0.07718816]
[-0.40323817  0.04705864 -0.08055846]
[-0.40371063  0.04389044 -0.08617969]
[-0.40371063  0.04389044 -0.08617969]
[-0.40269362  0.04281307 -0.08892228]
[-0.40374809  0.04404974 -0.10297997]
[-0.40414166  0.0456016  -0.10781344]
[-0.40327599  0.04665723 -0.11147941]
[-0.39742684  0.04834041 -0.11618726]
[-0.39742684  0.04834041 -0.11618726]
[-0.39521424  0.04855795 -0.11578552]
[-0.39377567  0.04855224 -0.11506383]
[-0.39212576  0.04857134 -0.11259089]
[-0.39144359  0.048529   -0.11140103]
[-0.3895478   0.04850484 -0.10826157]
[-0.39119796  0.04860238 -0.10698265]
[-0.3936351   0.04923198 -0.1061858 ]
[-0.39629998  0.05070595 -0.10575372]
[-0.39792971  0.05469526 -0.10468676]
[-0.3964903   0.05663902 -0.1036438 ]
[-0.39523015  0.05988796 -0.10082369]
[-0.39310485  0.06437044 -0.09325586]
[-0.3927997   0.06585648 -0.07970829]
[-0.39096093  0.0659043  -0.07077815]
[-0.39410184  0.06756092 -0.05228841]
[-0.39654861  0.06806917 -0.04248158]
[-0.40014269  0.06774689 -0.03457737]
[-0.39976401  0.0700286  -0.02127091]
[-0.3962685   0.07260624 -0.01429056]
[-0.38171768  0.07808717  0.0070454 ]
[-0.38171768  0.07808717  0.0070454 ]
[-0.37025508  0.08052435  0.01621741]
[-0.36571857  0.08271377  0.01993375]
[-0.35520644  0.08963177  0.0330315 ]
[-0.35029211  0.09702836  0.03645743]
[-0.35738812  0.10624656  0.0387227 ]
[-0.35937644  0.10943799  0.04023525]
[-0.35791426  0.11137863  0.04281651]
[-0.35276807  0.11357056  0.04916385]
[-0.35276807  0.11357056  0.04916385]
[-0.35439981  0.1148412   0.05334609]
[-0.35493543  0.11561581  0.05487167]
[-0.35718065  0.11871544  0.05642872]
[-0.359959    0.12262216  0.05801639]
[-0.36062195  0.12372907  0.05991406]
[-0.35895286  0.124089    0.05888585]
[-0.35421627  0.1245743   0.05557295]
[-0.34842145  0.12488342  0.05059347]
[-0.34842145  0.12488342  0.05059347]
[-0.34726405  0.12434241  0.05074218]
[-0.34635946  0.12432851  0.05123794]
[-0.34569093  0.12552154  0.0515362 ]
[-0.34596782  0.12466678  0.04971699]
[-0.34577198  0.12308506  0.05085438]
[-0.34510181  0.12223034  0.05240511]
[-0.34311549  0.12324718  0.05407903]
[-0.34474845  0.11722258  0.04939282]
[-0.34474845  0.11722258  0.04939282]
[-0.34674221  0.11638996  0.04614901]
[-0.34894461  0.11756542  0.04014577]
[-0.35226125  0.11708574  0.02786381]
[-0.35349641  0.11343209  0.02286014]
[-0.3518092   0.10888062  0.02075998]
[-0.34329347  0.10051674  0.01801171]
[-0.34329347  0.10051674  0.01801171]
[-0.33785034  0.09716069  0.01712107]
[-0.33233292  0.08700451  0.01216651]
[-0.33233292  0.08700451  0.01216651]
[-0.33220764  0.08394612  0.01169736]
[-0.33217003  0.08158316  0.01124144]
[-0.33509607  0.07725348  0.00856826]
[-0.33680333  0.07659049  0.00687845]
[-0.34164449  0.07603196  0.00578913]
[-0.35302492  0.07016847  0.00768213]
[-0.35302492  0.07016847  0.00768213]
[-0.35397802  0.06652964  0.00800454]
[-0.3473931   0.05879156  0.00538013]
[-0.34354594  0.05319707  0.00279568]
[-0.33919171  0.04583631 -0.00044824]
[-0.33662484  0.03933176 -0.00319457]
[-0.33252395  0.02878783 -0.00818984]
[-0.33412413  0.02496186 -0.01023709]
[-0.33563093  0.02097713 -0.01123181]
[-0.33869524  0.01785755 -0.0119813 ]
[-0.34185761  0.01407345 -0.01284653]
[-0.34336089  0.01065854 -0.01356566]
[-0.34502412  0.00381484 -0.01524532]
[-0.34521484  0.00075077 -0.0157348 ]
[-0.34814651 -0.00702988 -0.01654163]
[-0.35067041 -0.00994443 -0.01631818]
[-0.35908339 -0.02028448 -0.01730366]
[-0.36132278 -0.02437706 -0.01745953]
[-0.36301283 -0.03269974 -0.0193454 ]
[-0.36218795 -0.03757695 -0.01964468]
[-0.35817512 -0.04844691 -0.02149822]
[-0.3532375  -0.05854052 -0.02409217]
[-0.35228361 -0.06192454 -0.0261279 ]
[-0.35196655 -0.06452996 -0.02838014]
[-0.35032473 -0.06923722 -0.03210781]
[-0.35143272 -0.07100764 -0.03364158]
[-0.35311369 -0.07246278 -0.03617163]
[-0.3535469  -0.08172388 -0.04848089]
[-0.35054217 -0.08828191 -0.06027146]
[-0.35143585 -0.09113447 -0.06988356]
[-0.35143585 -0.09113447 -0.06988356]
[-0.35237249 -0.09260839 -0.07394774]
[-0.35365803 -0.09472422 -0.0769463 ]
[-0.35277718 -0.09994849 -0.08341303]
[-0.35051305 -0.1035734  -0.08687387]
[-0.34541153 -0.11008143 -0.0962143 ]
[-0.34349882 -0.11322937 -0.10238764]
[-0.34399707 -0.11889712 -0.10995582]
[-0.34368891 -0.12247247 -0.1136403 ]
[-0.34495939 -0.12570328 -0.11545356]
[-0.34545691 -0.12839319 -0.11689991]
[-0.34645627 -0.13061836 -0.11796357]
[-0.35028308 -0.13249114 -0.11826852]
[-0.35243181 -0.13362685 -0.11957191]
[-0.35581549 -0.13655551 -0.12204323]
[-0.35668055 -0.1375078  -0.12341299]
[-0.35742659 -0.13886423 -0.12450902]
[-0.35801893 -0.13905887 -0.12464008]
[-0.36001071 -0.13978346 -0.12366159]
[-0.36103162 -0.13969918 -0.12336791]
[-0.36079217 -0.13779737 -0.12037689]
[-0.36030667 -0.13635978 -0.1175362 ]
[-0.36029317 -0.1347886  -0.11432914]
[-0.36145117 -0.13260977 -0.11136197]
[-0.3650517  -0.12546492 -0.10352377]
[-0.3650517  -0.12546492 -0.10352377]
[-0.36497387 -0.12389199 -0.10223543]
[-0.36408391 -0.11824762 -0.09881976]
[-0.36408391 -0.11824762 -0.09881976]
[-0.3644751  -0.11448372 -0.09665696]
[-0.36597724 -0.11049905 -0.09278987]
[-0.36834573 -0.10605317 -0.07778155]
[-0.36834573 -0.10605317 -0.07778155]
[-0.36856128 -0.10604117 -0.07043933]
[-0.37077161 -0.10635155 -0.05832686]
[-0.37362801 -0.10623087 -0.05312062]
[-0.37543058 -0.10556863 -0.04964444]
[-0.38019296 -0.10346033 -0.04257913]
[-0.38019296 -0.10346033 -0.04257913]
[-0.38246239 -0.10377524 -0.04133361]
[-0.384483   -0.10452918 -0.04054466]
[-0.3884461  -0.10748687 -0.04002153]
[-0.38938979 -0.10964574 -0.03931721]
[-0.39006286 -0.11524761 -0.03789886]
[-0.3900149  -0.11818974 -0.03751968]
[-0.38879983 -0.12273774 -0.03608487]
[-0.38621449 -0.12468654 -0.03384539]
[-0.38409222 -0.12407199 -0.03324983]
[-0.38307107 -0.12291774 -0.03362468]
[-0.38292361 -0.12227602 -0.03303973]
[-0.38303768 -0.12108288 -0.03184238]
[-0.38068061 -0.11799423 -0.02654388]
[-0.37821192 -0.11624393 -0.02273282]
[-0.37497906 -0.11341342 -0.01304144]
[-0.3743     -0.11148995 -0.00723736]
[-0.37024626 -0.10722     0.00551026]
[-0.36332508 -0.10461314  0.01585541]
[-0.36332508 -0.10461314  0.01585541]
[-0.35974132 -0.10216229  0.01951856]
[-0.35931254 -0.0960651   0.02344626]
[-0.36591245 -0.08621199  0.02717521]
[-0.36863036 -0.08259801  0.03002087]
[-0.37095694 -0.08030388  0.03240085]
[-0.36864215 -0.07854941  0.03708363]
[-0.36855918 -0.07659075  0.0400488 ]
[-0.36659848 -0.07537556  0.04323216]
[-0.36699454 -0.07485566  0.04387309]
[-0.36667583 -0.07329796  0.04540742]
[-0.36651208 -0.07181544  0.04728191]
[-0.36772923 -0.06799156  0.05232367]
[-0.36857174 -0.0667017   0.05520791]
[-0.3692446  -0.0648504   0.05735333]
[-0.36917319 -0.06095764  0.05988152]
[-0.36708645 -0.05567115  0.06154304]
[-0.36579625 -0.05323228  0.06180918]
[-0.3652033  -0.05077583  0.06188734]
[-0.36468553 -0.04861898  0.06149733]
[-0.36479671 -0.04623369  0.06132299]
[-0.3612197  -0.03998185  0.06051402]
[-0.35876727 -0.03712931  0.05986625]
[-0.35763196 -0.03462502  0.05955922]
[-0.35766838 -0.03204609  0.05963298]
[-0.35739324 -0.02516953  0.06019189]
[-0.35532219 -0.02036088  0.05947106]
[-0.3512286  -0.00881444  0.05861569]
[-0.34982293 -0.00192264  0.05949617]
[-0.34490844  0.01312608  0.05904419]
[-0.33683998  0.02592077  0.05351089]
[-0.33509714  0.03096317  0.0513788 ]
[-0.33529013  0.03529892  0.0511944 ]
[-0.33974203  0.04196845  0.05512879]
[-0.34207093  0.04457068  0.05622518]
[-0.34324884  0.04765388  0.05671326]
[-0.34332589  0.0513879   0.05630725]
[-0.34240411  0.05528557  0.05469625]
[-0.33631935  0.06327605  0.05249304]
[-0.33379968  0.06649183  0.05160106]
[-0.33190435  0.06981533  0.05094816]
[-0.33023491  0.07254731  0.04946071]
[-0.32726408  0.07759761  0.04504681]
[-0.32576356  0.07916364  0.04232495]
[-0.32574961  0.08148194  0.03401298]
[-0.32666659  0.08222277  0.0282987 ]
[-0.32678942  0.08287198  0.0236115 ]
[-0.3240924   0.0833809   0.01701431]
[-0.32211194  0.08352368  0.01550587]
[-0.3198111   0.08364514  0.01444566]
[-0.31684382  0.08554524  0.01407176]
[-0.31599105  0.08664068  0.01346175]
[-0.31652036  0.08851754  0.01012134]
[-0.31701514  0.089511    0.00771533]
[-0.31731149  0.09056589  0.00621353]
[-0.31744488  0.09370937  0.00507005]
[-0.31797312  0.09537462  0.00530824]
[-0.31818453  0.09730064  0.00547243]
[-0.31693449  0.10165693  0.00680531]
[-0.31337168  0.10478049  0.01042422]
[-0.31211981  0.10628569  0.01214352]
[-0.31074401  0.10902254  0.01319902]
[-0.31477759  0.11362365  0.01307264]
[-0.32041357  0.12305184  0.01274071]
[-0.32280254  0.12539381  0.01233521]
[-0.3220383   0.12675315  0.01144328]
[-0.31957057  0.12724157  0.00951125]
[-0.31581273  0.12768926  0.00590566]
[-0.31484976  0.12797609  0.0057962 ]
[-0.31745144  0.12739719  0.00684334]
[-0.31905285  0.12703872  0.00725281]
[-0.32155583  0.1261777   0.00236137]
[-0.32391682  0.12609774 -0.00458001]
[-0.32526719  0.12511238 -0.00781028]
[-0.32731227  0.12338536 -0.01039504]
[-0.33106548  0.11847857 -0.01655212]
[-0.33321013  0.11609262 -0.02071052]
[-0.33594044  0.11397472 -0.02511746]
[-0.3383533   0.11115199 -0.02883888]
[-0.34116002  0.10836982 -0.03099432]
[-0.34797191  0.10272113 -0.03324363]
[-0.35260465  0.09897126 -0.03452088]
[-0.35423803  0.09670396 -0.03589364]
[-0.35611845  0.08864451 -0.03831848]
[-0.35699298  0.08431706 -0.0391494 ]
[-0.35708996  0.08057602 -0.03941426]
[-0.35640881  0.07701647 -0.03994507]
[-0.35565353  0.07325242 -0.04035668]
[-0.35592126  0.06585518 -0.04016895]
[-0.35637769  0.05745274 -0.04023382]
[-0.35836839  0.05364018 -0.04146971]
[-0.35924546  0.04647543 -0.04393966]
[-0.36136656  0.04339308 -0.04582215]
[-0.36192993  0.03955093 -0.04686425]
[-0.36275944  0.03562746 -0.04767908]
[-0.36137571  0.02578098 -0.0476438 ]
[-0.36137571  0.02578098 -0.0476438 ]
[-0.36341687  0.01557424 -0.04852851]
[-0.36538636  0.0065295  -0.05103201]
[-0.36573141  0.00187924 -0.05158105]
[-0.36698205 -0.00741941 -0.05380937]
[-0.36815537 -0.0112432  -0.05401992]
[-0.36947186 -0.01802859 -0.05395572]
[-0.36861309 -0.02468544 -0.05240095]
[-0.36601698 -0.03071464 -0.05111262]
[-0.36383701 -0.03528163 -0.0506469 ]
[-0.3625423  -0.03752021 -0.0511028 ]
[-0.36161975 -0.04160306 -0.05172649]
[-0.36272355 -0.04478016 -0.05177118]
[-0.36297632 -0.0463196  -0.05223133]
[-0.36366629 -0.04941196 -0.05227906]
[-0.36495141 -0.05067525 -0.05236614]
[-0.36673256 -0.0520325  -0.05130304]
[-0.36739605 -0.05269165 -0.04961962]
[-0.3682072  -0.05376807 -0.04634177]
[-0.36768242 -0.05415242 -0.04527394]
[-0.3678667  -0.05500429 -0.04497149]
[-0.36719307 -0.05564871 -0.04478723]
[-0.36622242 -0.05608208 -0.04451703]
[-0.36540649 -0.05676947 -0.04457333]
[-0.36472798 -0.05769924 -0.04358598]
[-0.36187083 -0.05605556 -0.04296782]
[-0.35868242 -0.05304345 -0.04235251]
[-0.35510192 -0.04312145 -0.0421794 ]
[-0.35545413 -0.03037009 -0.0382978 ]
[-0.35564276 -0.01840965 -0.03323745]
[-0.3554441  -0.00840758 -0.02846412]
[-0.35496048 -0.00267319 -0.02525828]
[-0.35324603  0.00142501 -0.02207823]
[-0.35020351  0.00547947 -0.01953037]
[-0.34354427  0.01410558 -0.0148696 ]
[-0.34130713  0.01893951 -0.01206014]
[-0.33969789  0.02313668 -0.00936752]
[-0.33678357  0.02804409 -0.00602537]
[-0.33487704  0.03214429 -0.00272272]
[-3.34314519e-01  3.54386270e-02 -9.39504243e-05]
[-0.33616191  0.04144523  0.00425936]
[-0.33813209  0.04382234  0.00552436]
[-0.34016066  0.04648966  0.0066209 ]
[-0.34203711  0.04871277  0.00791107]
[-0.34548115  0.05442436  0.00962632]
[-0.34590847  0.05831384  0.00977209]
[-0.34676107  0.06335252  0.00902834]
[-0.34648634  0.06843708  0.00823384]
[-0.34476685  0.07874177  0.01081862]
[-0.34555271  0.08158707  0.01173697]
[-0.34509795  0.08497181  0.0136225 ]
[-0.34401909  0.08767772  0.01477303]
[-0.33408413  0.09275839  0.01538384]
[-0.32470962  0.09717721  0.01061083]
[-0.32123128  0.10020711  0.00817719]
[-0.31927443  0.1042878   0.00598109]
[-0.31393675  0.11003388  0.00100344]
[-0.31567498  0.10876819 -0.00143774]
[-0.31875751  0.10887693 -0.00190354]
[-0.32141709  0.10940158 -0.00329759]
[-0.32258221  0.10945566 -0.00356613]
[-0.32542277  0.10938298 -0.00367255]
[-0.3271774   0.10946885 -0.00375156]
[-0.32817441  0.1096489  -0.00360326]
[-0.330246    0.10955715 -0.00112476]
[-0.33079332  0.10802431  0.00135668]
[-0.32929509  0.10650732  0.00156503]
[-0.32651844  0.10545559  0.00199963]
[-0.32106885  0.10454301  0.0017362 ]
[-0.31742776  0.10410746  0.00037117]
[-0.31460188  0.10317998 -0.00041084]
[-0.31060811  0.1009455  -0.00164058]
[-0.30769325  0.09947795 -0.00197159]
[-0.30557115  0.09764133 -0.00252106]
[-0.30379123  0.09566783 -0.00417046]
[-0.30105887  0.09322479 -0.00567646]
[-0.29570041  0.08923767 -0.01066778]
[-0.29424117  0.08755294 -0.01338109]
[-0.29359339  0.08594438 -0.01592207]
[-0.29271536  0.08497488 -0.01832285]
[-0.29214596  0.08385874 -0.02042297]
[-0.2879292   0.08259363 -0.02408383]
[-0.28683666  0.08155616 -0.02560686]
[-0.28749266  0.08039118 -0.02685407]
[-0.29009191  0.07824364 -0.02733034]
[-0.30252426  0.0706573  -0.03100875]
[-0.30556994  0.0680521  -0.03295582]
[-0.30961459  0.0596625  -0.03747923]
[-0.31311035  0.04650658 -0.05002672]
[-0.31349332  0.0365436  -0.05891239]
[-0.3122979   0.02654294 -0.0664439 ]
[-0.30907949  0.01768661 -0.07369146]
[-0.30791698  0.00953478 -0.07964849]
[-0.30529405  0.00169573 -0.08517971]
[-0.30544161 -0.00596379 -0.09026088]
[-0.30703495 -0.01281226 -0.09399275]
[-0.31108383 -0.02393305 -0.09636906]
[-0.31302548 -0.02772427 -0.09864806]
[-0.3157995  -0.03163349 -0.10086163]
[-0.31597642 -0.03530036 -0.10390127]
[-0.31393794 -0.04370014 -0.10855064]
[-0.3130846  -0.04706662 -0.11057056]
[-0.31271272 -0.04992022 -0.11319118]
[-0.31235447 -0.05516184 -0.11654472]
[-0.31235447 -0.05516184 -0.11654472]
[-0.31141029 -0.05891256 -0.11902065]
[-0.31057532 -0.06043714 -0.11936258]
[-0.30823214 -0.06276294 -0.11978099]
[-0.3072073  -0.0636579  -0.11717861]
[-0.30757897 -0.06415933 -0.11546975]
[-0.3088551  -0.06507505 -0.11414288]
[-0.31001724 -0.06625713 -0.11317787]
[-0.31032758 -0.06737965 -0.11252785]
[-0.31009146 -0.06868659 -0.11229016]
[-0.30897068 -0.06852735 -0.11584911]
[-0.30956056 -0.06826805 -0.11764836]
[-0.31328049 -0.07046869 -0.11665057]
[-0.31614403 -0.0723654  -0.10792898]
[-0.3167078  -0.07106663 -0.10189192]
[-0.31703661 -0.06821265 -0.09631003]
[-0.31830292 -0.06599202 -0.09197256]
[-0.31889626 -0.06436092 -0.08740376]
[-0.31973479 -0.06217974 -0.08164582]
[-0.32187276 -0.05805812 -0.06631241]
[-0.32342071 -0.05671925 -0.05969966]
[-0.32388332 -0.0549977  -0.05461857]
[-0.32337485 -0.05278457 -0.04978296]
[-0.32383058 -0.0447313  -0.04099741]
[-0.3236428  -0.03938819 -0.03690897]
[-0.32486127 -0.03457234 -0.03413786]
[-0.32863984 -0.0217027  -0.02849991]
[-0.33023781 -0.01676481 -0.02732814]
[-0.33015802 -0.01132832 -0.02710125]
[-3.31397542e-01  2.50543002e-04 -2.65052412e-02]
[-0.33018249  0.00598606 -0.02559503]
[-0.32541161  0.0173976  -0.02312594]
[-0.32184578  0.02204259 -0.02231609]
[-0.31957584  0.02985552 -0.02059365]
[-0.32060353  0.03807575 -0.0199338 ]
[-0.32122661  0.0494954  -0.02002462]
[-0.32122661  0.0494954  -0.02002462]
[-0.32246696  0.05360148 -0.01894882]
[-0.32667322  0.06204871 -0.01800751]
[-0.32633709  0.06618246 -0.01836141]
[-0.32059432  0.07323141 -0.01846037]
[-0.31487397  0.07494476 -0.01802868]
[-0.30785962  0.07600673 -0.01815374]
[-0.28836502  0.07710042 -0.01867647]
[-0.28836502  0.07710042 -0.01867647]
[-0.28408023  0.07747002 -0.0190519 ]
[-0.28191797  0.07806777 -0.02032647]
[-0.27808909  0.079836   -0.025132  ]
[-0.27517954  0.08016248 -0.02807684]
[-0.27201999  0.08057743 -0.03027988]
[-0.26918534  0.08060646 -0.03173938]
[-0.26650709  0.08208162 -0.03136598]
[-0.26655961  0.08278734 -0.03107273]
[-0.26641898  0.0836481  -0.03069324]
[-0.26441938  0.0836274  -0.03253789]
[-0.26441938  0.0836274  -0.03253789]
[-0.26369867  0.08240972 -0.03708066]
[-0.26442137  0.08188633 -0.03971296]
[-0.26506352  0.08162206 -0.04195208]
[-0.26578014  0.08188871 -0.0435185 ]
[-0.26621591  0.08205218 -0.04439364]
[-0.26774713  0.08297966 -0.04384093]
[-0.26831634  0.08291566 -0.04284323]
[-0.26857183  0.08278101 -0.04216285]
[-0.26898348  0.08183496 -0.04165867]
[-0.27070773  0.08129175 -0.04182596]
[-0.27350619  0.08106109 -0.04214667]
[-0.28101031  0.08170956 -0.04240348]
[-0.28554448  0.08185414 -0.04267914]
[-0.29607276  0.08315463 -0.0423624 ]
[-0.29903621  0.08392455 -0.04305312]
[-0.29971131  0.08573348 -0.04363735]
[-0.2990483   0.08724478 -0.04501183]
[-0.29469628  0.09065521 -0.04623143]
[-0.29408883  0.09123032 -0.04586307]
[-0.29311729  0.09138341 -0.04460484]
[-0.29331965  0.09122564 -0.04341872]
[-0.29299007  0.09043423 -0.04281255]
[-0.29161094  0.09051003 -0.04218484]
[-0.28862863  0.09213037 -0.04222776]
[-0.28891584  0.09271708 -0.04272193]
[-0.28949741  0.09296236 -0.04316897]
[-0.29049737  0.092937   -0.04262076]
[-0.29140706  0.09248676 -0.04069077]
[-0.29150444  0.09244577 -0.03977947]
[-0.29275867  0.09240372 -0.0395751 ]
[-0.29514448  0.09270915 -0.03819364]
[-0.29408037  0.09371313 -0.03689227]
[-0.29230154  0.09462529 -0.03674375]
[-0.29207034  0.0956164  -0.03731344]
[-0.29259209  0.09593648 -0.03721191]
[-0.29300099  0.09618609 -0.03579164]
[-0.29453702  0.0951715  -0.02918839]
[-0.29453702  0.0951715  -0.02918839]
[-0.29380999  0.09494483 -0.0282131 ]
[-0.29128797  0.09445304 -0.02837517]
[-0.29169908  0.09397221 -0.02835193]
[-0.29804645  0.09507977 -0.02609489]
[-0.29804645  0.09507977 -0.02609489]
[-0.29969723  0.09629607 -0.0251545 ]
[-0.29948645  0.10014476 -0.02304358]
[-0.29758898  0.10397342 -0.02070494]
[-0.29524259  0.10562596 -0.01949863]
[-0.29219823  0.10780545 -0.01752576]
[-0.28783774  0.11194108 -0.01192659]
[-0.28769926  0.11712351 -0.00548749]
[-0.28842434  0.11972903 -0.00217759]
[-0.2890951   0.12252551  0.00042302]
[-0.28955961  0.12507515  0.00243953]
[-0.29028835  0.13128148  0.00499363]
[-0.29039184  0.13452451  0.00593234]
[-0.29237115  0.14133444  0.008848  ]
[-0.29393041  0.14441906  0.01079863]
[-0.29492753  0.14770178  0.01363467]
[-0.29792317  0.15356153  0.01992579]
[-0.30485878  0.15923725  0.03164037]
[-0.30841553  0.16192622  0.03981598]
[-0.31313571  0.1664461   0.05372781]
[-0.31465446  0.16991179  0.06246155]
[-0.31727886  0.17385834  0.07086082]
[-0.31960891  0.18254553  0.08580587]
[-0.32066672  0.18741281  0.09208136]
[-0.32107403  0.19283932  0.09957806]
[-0.32357758  0.2032785   0.11452267]
[-0.32357758  0.2032785   0.11452267]
[-0.3263467   0.21084213  0.12333963]
[-0.32779811  0.21416771  0.12577136]
[-0.32926936  0.2168926   0.12664005]
[-0.33115303  0.21948047  0.12688906]
[-0.33288022  0.22703831  0.12787308]
[-0.33380366  0.22925603  0.12905051]
[-0.33473631  0.23170188  0.13032046]
[-0.33587606  0.23338661  0.13176759]
[-0.33827504  0.23599139  0.13167973]
[-0.33898565  0.23639852  0.13020585]
[-0.34094136  0.23621972  0.12593432]
[-0.34148703  0.23603144  0.12354814]
[-0.34144274  0.23599905  0.12089016]
[-0.33968028  0.23568742  0.1147029 ]
[-0.33917434  0.23492862  0.11167021]
[-0.3378271   0.23343648  0.10856982]
[-0.33621676  0.23146479  0.10490185]
[-0.33513124  0.2272556   0.09366212]
[-0.33733472  0.21891859  0.07150663]
[-0.34120619  0.21652116  0.06529747]
[-0.35307451  0.20528169  0.04837956]
[-0.35307451  0.20528169  0.04837956]
[-0.35410639  0.20124139  0.04197445]
[-0.35367737  0.19731069  0.03483842]
[-0.3551948   0.18996997  0.01550763]
[-0.35914383  0.18640143  0.0070891 ]
[-0.36302032  0.18256389  0.0005034 ]
[-0.37526832  0.17003019 -0.01668444]
[-0.37939685  0.16263141 -0.02971034]
[-0.38168132  0.15889542 -0.03601716]
[-0.38534948  0.15270875 -0.0470748 ]
[-0.38462397  0.14819372 -0.05577194]
[-0.38391245  0.14503179 -0.05953535]
[-0.38328474  0.14133361 -0.0621917 ]
[-0.38180541  0.13714464 -0.06442661]
[-0.37982937  0.12870109 -0.06649597]
[-0.37813879  0.1202176  -0.0675496 ]
[-0.37698911  0.11647302 -0.06845671]
[-0.3773187   0.11340779 -0.07014769]
[-0.38348162  0.10702804 -0.07357765]
[-0.38644929  0.10338326 -0.07452933]
[-0.39066779  0.0999193  -0.07541449]
[-0.39331053  0.09628472 -0.0764135 ]
[-0.39655874  0.09280641 -0.07702164]
[-0.40471646  0.08455494 -0.07734242]
[-0.40963888  0.08056086 -0.07707021]
[-0.41281515  0.076975   -0.07648859]
[-0.41627862  0.07360602 -0.07608934]
[-0.41859272  0.07060224 -0.07548994]
[-0.42734053  0.06448833 -0.07343449]
[-0.42999425  0.0637673  -0.07309208]
[-0.43239956  0.06413272 -0.07274482]
[-0.44123884  0.06463064 -0.07219213]
[-0.44852885  0.06368963 -0.0709918 ]
[-0.46409448  0.06116394 -0.06723328]
[-0.47700726  0.06077847 -0.06222324]
[-0.48001226  0.06069923 -0.06155428]
[-0.48543447  0.06043049 -0.05953513]
[-0.48953583  0.06054194 -0.05925455]
[-0.49257939  0.06058396 -0.05826853]
[-0.4944187   0.05989143 -0.05693547]
[-0.49447607  0.06014177 -0.05548258]
[-0.4938606   0.05944679 -0.0515461 ]
[-0.49643334  0.05920014 -0.05150549]
[-0.49703258  0.05915399 -0.05291235]
[-0.49699419  0.05900538 -0.05415057]
[-0.49565839  0.05937437 -0.05457245]
[-0.49578007  0.05944287 -0.05439338]
[-0.49685224  0.05903946 -0.05490523]
[-0.49405193  0.05884432 -0.05388872]
[-0.49157532  0.05863486 -0.05319224]
[-0.48890614  0.05813051 -0.05210236]
[-0.48725438  0.05842317 -0.05176307]
[-0.485347    0.05871204 -0.05151662]
[-0.48348545  0.0590037  -0.05166567]
[-0.48227247  0.05712355 -0.05394597]
[-0.48227247  0.05712355 -0.05394597]
[-0.48298331  0.05686503 -0.05505077]
[-0.48137551  0.05791768 -0.05613386]
[-0.47318521  0.06089184 -0.05955536]
[-0.46972474  0.06199176 -0.06039181]
[-0.46731153  0.06181876 -0.06144484]
[-0.46523561  0.06117577 -0.06315187]
[-0.46134567  0.05883534 -0.06447394]
[-0.45295518  0.0581843  -0.06318685]
[-0.4512431   0.05805931 -0.06318678]
[-0.4512431   0.05805931 -0.06318678]
[-0.45515924  0.05793855 -0.06250664]
[-0.45834132  0.05786342 -0.06204904]
[-0.45856535  0.05792098 -0.06172582]
[-0.45148312  0.0571259  -0.06263207]
[-0.44647091  0.05689971 -0.06487313]
[-0.44594097  0.05782278 -0.06712743]
[-0.44732385  0.0588617  -0.06898646]
[-0.44804888  0.0597071  -0.06980288]
[-0.44821363  0.05976288 -0.07122389]
[-0.44626647  0.05766922 -0.07347186]
[-0.44331505  0.05564785 -0.07570314]
[-0.4408074   0.05393069 -0.07719241]
[-0.43631034  0.05242587 -0.07894851]
[-0.43073463  0.04849798 -0.07865957]
[-0.42873924  0.04648953 -0.07724748]
[-0.42808306  0.04576153 -0.07504458]
[-0.4256657   0.04621924 -0.07352072]
[-0.42010623  0.04792487 -0.07201576]
[-0.40385034  0.04939673 -0.07073086]
[-0.39911952  0.05025489 -0.06926701]
[-0.39702874  0.05001798 -0.06920433]
[-0.39614111  0.05065031 -0.06990629]
[-0.39645855  0.05203319 -0.06931642]
[-0.39828428  0.05401042 -0.0703993 ]
[-0.39755843  0.0546188  -0.07200732]
[-0.39650538  0.05398215 -0.07252617]
[-0.39700075  0.05262152 -0.07199176]
[-0.39656232  0.05135293 -0.07010451]
[-0.39299979  0.05184092 -0.06963282]
[-0.39170028  0.05135503 -0.06945429]
[-0.38956798  0.0506262  -0.06924088]
[-0.38326328  0.04897028 -0.06726966]
[-0.37872181  0.04742811 -0.06523047]
[-0.37441648  0.04661873 -0.06288816]
[-0.36570301  0.04386209 -0.05924262]
[-0.3624871   0.04315218 -0.05851767]
[-0.35286098  0.0387624  -0.05608898]
[-0.34993933  0.03799284 -0.05537218]
[-0.34680268  0.03746755 -0.0553761 ]
[-0.34124942  0.03634631 -0.0561525 ]
[-0.33877189  0.03432311 -0.05599172]
[-0.33832999  0.03297099 -0.05683023]
[-0.33853043  0.03238805 -0.05876854]
[-0.3386124   0.03159858 -0.05977275]
[-0.33746847  0.03036068 -0.059174  ]
[-0.33233623  0.02562316 -0.05323242]
[-0.33233623  0.02562316 -0.05323242]
[-0.32995267  0.02432584 -0.05229214]
[-0.32644517  0.02189903 -0.05094194]
[-0.3240371   0.02074204 -0.04940208]
[-0.32173029  0.01969854 -0.04836875]
[-0.32013764  0.01901158 -0.04834096]
[-0.31830601  0.01769047 -0.04762876]
[-0.31890539  0.01687925 -0.04636623]
[-0.32294677  0.01609609 -0.04090645]
[-0.32294677  0.01609609 -0.04090645]
[-0.3243834   0.01698273 -0.03993647]
[-0.32674161  0.01903758 -0.04264609]
[-0.32716163  0.01988076 -0.04371535]
[-0.3276028   0.02073599 -0.04414816]
[-0.32725962  0.0217343  -0.04378007]
[-0.32822778  0.02359639 -0.04156234]
[-0.32788449  0.02488338 -0.04096477]
[-0.32461263  0.02667641 -0.03816368]
[-0.32188767  0.02672835 -0.03778939]
[-0.31958664  0.02617513 -0.03823728]
[-0.31642573  0.02337425 -0.04114619]
[-0.31774966  0.01813553 -0.04543735]
[-0.31899684  0.01437943 -0.04843758]
[-0.31893052  0.00657672 -0.05540699]
[-0.31914096  0.00281426 -0.05888687]
[-0.32007457 -0.0109556  -0.07002296]
[-0.32089547 -0.01697727 -0.07242326]
[-0.32211334 -0.02250014 -0.07324629]
[-0.3221011  -0.02801232 -0.07403708]
[-0.32386195 -0.03308444 -0.07439676]
[-0.32480412 -0.03739611 -0.07499568]
[-0.3257028  -0.04553289 -0.07694437]
[-0.32509322 -0.04943449 -0.07721629]
[-0.32499766 -0.05246627 -0.07711161]
[-0.32460717 -0.0545327  -0.07642777]
[-0.32543027 -0.05922572 -0.07630916]
[-0.32621112 -0.06154575 -0.07564802]
[-0.32609948 -0.06291423 -0.07474775]
[-0.32614983 -0.06296369 -0.07501668]
[-0.32671779 -0.06314164 -0.07670104]
[-0.32818937 -0.06244069 -0.0778885 ]
[-0.32818937 -0.06244069 -0.0778885 ]
[-0.32862618 -0.06143152 -0.07721112]
[-0.32721125 -0.05845545 -0.07695225]
[-0.32721125 -0.05845545 -0.07695225]
[-0.32638256 -0.05584769 -0.07725943]
[-0.3270871  -0.05481426 -0.07705805]
[-0.32738138 -0.05311781 -0.07600579]
[-0.32731777 -0.05323165 -0.07592789]
[-0.32640202 -0.05443771 -0.07810277]
[-0.32629258 -0.05491305 -0.07947222]
[-0.32661062 -0.05437839 -0.08035109]
[-0.328331   -0.05293269 -0.08047744]
[-0.3286641  -0.0514942  -0.08066826]
[-0.32902142 -0.04982891 -0.08053745]
[-0.32954639 -0.04627025 -0.08160449]
[-0.32973578 -0.04419325 -0.08268154]
[-0.32998683 -0.04127439 -0.08584507]
[-0.33039989 -0.03817717 -0.08805656]
[-0.33032041 -0.03584672 -0.09015771]
[-0.33229961 -0.03235    -0.09271668]
[-0.33368223 -0.03323752 -0.09367811]
[-0.33428029 -0.03303069 -0.09359752]

程序已被终止，正在关闭套接字...
套接字已关闭。
