[-0.16986007  0.03534373 -0.05791467]
[-0.20534923  0.02633499 -0.04046768]
[-0.19526614  0.02753555 -0.03346489]
[-0.18781259  0.0267536  -0.03015154]
[-0.16832966  0.03500659 -0.03042579]
[-0.16832966  0.03500659 -0.03042579]
[-0.16508067  0.03729766 -0.02961171]
[-0.16101317  0.04010385 -0.02918876]
[-0.14782703  0.04461898 -0.02904258]
[-0.14779315  0.04343485 -0.02891896]
[-0.15373218  0.04079829 -0.02922226]
[-0.17368899  0.02539556 -0.02153752]
[-0.17565742  0.02218645 -0.02257239]
[-0.197058    0.00355799 -0.02749293]
[-0.22058155 -0.02301633 -0.03311056]
[-0.22388872 -0.02569228 -0.03254741]
[-0.22496759 -0.02800757 -0.03169884]
[-0.23158475 -0.03193533 -0.03625746]
[-0.22987186 -0.02656672 -0.03665058]
[-0.22780629 -0.0260991  -0.03226693]
[-0.22395575 -0.02017424 -0.02149648]
[-0.22544995 -0.01608255 -0.0145629 ]
[-0.22662705 -0.01044042 -0.00611439]
[-0.22269938  0.00130921  0.01306619]
[-0.21825698  0.00583941  0.02240875]
[-0.21498476  0.01143174  0.03210882]
[-0.20845664  0.02594583  0.0561095 ]
[-0.20542047  0.03377609  0.06398712]
[-0.20432629  0.03829414  0.06661175]
[-0.20054222  0.05722767  0.06565765]
[-0.19936852  0.06034131  0.06504654]
[-0.19822821  0.06363927  0.06556184]
[-0.19640558  0.06676333  0.06584575]
[-0.1933029   0.07166205  0.06695873]
[-0.18457398  0.08203384  0.06560287]
[-0.18391692  0.08435939  0.06464471]
[-0.18378212  0.08879196  0.06137766]
[-0.1818742   0.09027338  0.05987078]
[-0.17966686  0.09168425  0.05788345]
[-0.17774266  0.09312181  0.05496778]
[-0.17033077  0.10108543  0.03895507]
[-0.16513234  0.10642137  0.02514512]
[-0.1619225   0.10801718  0.01650253]
[-0.159114    0.10900348  0.00660466]
[-0.15685604  0.10927498 -0.00371243]
[-0.15565808  0.1085249  -0.02142812]
[-0.15896105  0.10631412 -0.0314823 ]
[-0.17357358  0.09779546 -0.05567588]
[-0.17117741  0.09164187 -0.08358819]
[-0.16787929  0.08190577 -0.11713886]
[-0.15581498  0.06886733 -0.16225782]
[-0.15181901  0.06686281 -0.17093185]
[-0.14903522  0.06425814 -0.17783944]
[-0.1461108   0.06033254 -0.18268727]
[-0.14327227  0.05166546 -0.18752991]
[-0.14280202  0.04777918 -0.18812071]
[-0.143448    0.04469118 -0.18829267]
[-0.14449498  0.04189531 -0.18771553]
[-0.14642884  0.0344338  -0.18256497]
[-0.14545327  0.02375069 -0.17458162]
[-0.14614854  0.01105996 -0.16405199]
[-0.12936418 -0.0166237  -0.07931703]
[-0.11797557 -0.02258042 -0.0381943 ]
[-0.07794038 -0.05933731  0.15915161]
[-0.06342981 -0.06117577  0.20784171]
[-0.06342981 -0.06117577  0.20784171]
[-0.06214103 -0.06070521  0.21735372]
[-0.06239865 -0.06003124  0.22422856]
[-0.06730078 -0.05677313  0.23562829]
[-0.0661699  -0.05555258  0.20157854]
[-0.07032634 -0.02842177  0.09445159]
[-0.07277666 -0.02137358  0.07071016]
[-0.09586847  0.00060558 -0.06636481]
[-0.09302187  0.03912534 -0.18947664]
[-0.09302187  0.03912534 -0.18947664]
[-0.09053302  0.0431583  -0.20510325]
[-0.09025693  0.04709435 -0.21820433]
[-0.08752986  0.05204223 -0.2346306 ]
[-0.08815621  0.05431087 -0.24081613]
[-0.0904921   0.05582161 -0.24702276]
[-0.12072633  0.05187254 -0.26086187]
[-0.12072633  0.05187254 -0.26086187]
[-0.12818251  0.04716034 -0.25681835]
[-0.14793647  0.03331501 -0.24039015]
[-0.16622545  0.02739193 -0.22777928]
[-0.17410414  0.02478953 -0.22218685]
[-0.19532003  0.01425608 -0.2136672 ]
[-0.23187705  0.00214831 -0.1979088 ]
[-0.24330906 -0.00440917 -0.18321069]
[-0.27860772 -0.035778   -0.10399917]
[-0.28470022 -0.04578836 -0.07755731]
[-0.28803259 -0.05156622 -0.0635333 ]
[-0.28639577 -0.06160472 -0.03621267]
[-0.2807039  -0.06705415 -0.02412645]
[-0.23878005 -0.08668777  0.04813728]
[-0.23341428 -0.08756477  0.05633896]
[-0.21720224 -0.08903901  0.07192484]
[-0.21420004 -0.08828347  0.07032042]
[-0.20804174 -0.08471879  0.06357511]
[-0.20384829 -0.07998884  0.05710379]
[-0.20135071 -0.06545858  0.03423011]
[-2.03167660e-01 -4.78430204e-02 -5.09463716e-05]
[-0.20482408 -0.03998401 -0.0166555 ]
[-0.20617699 -0.03340242 -0.03107058]
[-0.20620044 -0.02774255 -0.04209322]
[-0.20241936 -0.01837588 -0.05783828]
[-0.19307937 -0.00964845 -0.07421634]
[-0.18780992 -0.00441516 -0.08217981]
[-0.17701174  0.00471535 -0.09589436]
[-0.15673956  0.01743134 -0.09897768]
[-0.15251465  0.01634415 -0.08782528]
[-0.14911582  0.01666635 -0.0728454 ]
[-0.14439727  0.01752301 -0.06203549]
[-0.12200877  0.00959317  0.0295466 ]
[-0.1185357   0.00902869  0.04122159]
[-0.11341624  0.00678692  0.05201555]
[-0.09298146 -0.01262526  0.10667001]
[-0.08878645 -0.01650597  0.11654388]
[-0.08268463 -0.02304279  0.13287356]
[-0.0763054  -0.0273357   0.14251108]
[-0.07371757 -0.02938606  0.14616682]
[-0.07198256 -0.03134634  0.14926264]
[-0.07033523 -0.03343882  0.15298645]
[-0.06876314 -0.03572413  0.15693505]
[-0.06751878 -0.03772018  0.16012155]
[-0.0711354  -0.04086697  0.16317825]
[-0.07434178 -0.04078111  0.16186644]
[-0.08468048 -0.03202001  0.1281516 ]
[-0.08307084 -0.0308145   0.11640076]
[-0.08664604 -0.02891309  0.09422895]
[-0.09386039 -0.02773908  0.06918468]
[-0.09191306 -0.02629532  0.0573191 ]
[-0.09034638 -0.02495447  0.04626839]
[-0.09758168 -0.02732611 -0.00330938]
[-0.10164498 -0.02650287 -0.01636292]
[-0.11146797 -0.02285115 -0.04903472]
[-0.11220275 -0.02284117 -0.05046469]
[-0.11150769 -0.02313473 -0.05018826]
[-0.10632571 -0.01999873 -0.03750853]
[-0.11067979 -0.02174518 -0.02746141]
[-0.11365961 -0.02204231 -0.01960636]
[-0.11597005 -0.02176882 -0.01286506]
[-0.1250105  -0.01924099  0.00628091]
[-0.12757118 -0.018715    0.01422275]
[-0.1311017  -0.01746548  0.02366386]
[-0.11633337 -0.01105764  0.0540044 ]
[-0.112508   -0.01035611  0.0570867 ]
[-0.11037292 -0.00955658  0.05915625]
[-0.10925033 -0.00939976  0.0629582 ]
[-0.10597041 -0.008155    0.07266722]
[-0.10586054 -0.00688781  0.0756195 ]
[-0.1092389  -0.00322966  0.07839776]
[-0.11208912 -0.00128861  0.07498423]
[-0.11782874  0.00408311  0.06286767]
[-0.13044738  0.01346206  0.0376768 ]
[-0.12945598  0.01471993  0.03390547]
[-0.12812722  0.01614363  0.03072278]
[-0.12673688  0.0171976   0.02796182]
[-0.12894032  0.02176596  0.01683705]
[-0.12894032  0.02176596  0.01683705]
[-0.12976167  0.02257655  0.01382877]
[-0.12292185  0.02053678 -0.00027639]
[-0.11764136  0.01236987  0.00014345]
[-0.11555556  0.00950238 -0.00468254]
[-0.11739592  0.00551636 -0.01041764]
[-0.11881146  0.00405425 -0.01390149]
[-0.11801534  0.0026379  -0.01822264]
[-0.11569594  0.00121426 -0.02328295]
[-0.1113286  -0.00315612 -0.0363285 ]
[-0.11130238 -0.00530679 -0.04119625]
[-0.10968407 -0.00942355 -0.05284957]
[-0.10478348 -0.0138053  -0.06578157]
[-0.09854301 -0.02175978 -0.08006642]
[-0.09716447 -0.02519874 -0.08465836]
[-0.09921059 -0.04040802 -0.09892087]
[-0.10140584 -0.04330422 -0.09719511]
[-0.09279441 -0.05491016 -0.05694773]
[-0.09022691 -0.05589652 -0.04756945]
[-0.08954547 -0.05646219 -0.03876785]
[-0.08923044 -0.05622498  0.00784382]
[-0.09009562 -0.05590939  0.02071654]
[-0.09028337 -0.05483479  0.03478658]
[-0.08700656 -0.05187693  0.05898542]
[-0.08478846 -0.04914954  0.06903597]
[-0.08333277 -0.04684709  0.07554656]
[-0.08184092 -0.03825856  0.08339116]
[-0.078701   -0.02684271  0.0884066 ]
[-0.07749256 -0.02202542  0.09288258]
[-0.07574868 -0.01394495  0.10113484]
[-0.07439165 -0.01002252  0.10369164]
[-0.07220291 -0.00591645  0.10503526]
[-0.06973174 -0.00227007  0.10688951]
[-0.06639297  0.00134809  0.10766382]
[-0.06480727  0.00448311  0.10963312]
[-0.06366025  0.01098522  0.11491352]
[-0.064276    0.01418042  0.11693789]
[-0.06453596  0.01750078  0.11813068]
[-0.06370245  0.02106388  0.11840387]
[-0.06241706  0.02863828  0.1188385 ]
[-0.06196208  0.03774302  0.11986437]
[-0.06189383  0.03962786  0.12019524]
[-0.06305578  0.04398271  0.1201769 ]
[-0.06305578  0.04398271  0.1201769 ]
[-0.06387846  0.04656972  0.1175823 ]
[-0.06306499  0.04861891  0.11394448]
[-0.06352574  0.05072645  0.11178943]
[-0.06439202  0.05314413  0.1079865 ]
[-0.06403613  0.05448114  0.10207618]
[-0.06372354  0.05403339  0.09485616]
[-0.06223526  0.05319648  0.08479897]
[-0.06389956  0.05284421  0.06513932]
[-0.07263348  0.05291262  0.04137224]
[-0.07263348  0.05291262  0.04137224]
[-0.07163721  0.04981324  0.02726369]
[-0.07009059  0.04778865  0.02079247]
[-0.07005374  0.0450159   0.01424996]
[-0.07219882  0.04342097  0.00817346]
[-0.07680585  0.03749413 -0.00861475]
[-0.07644713  0.03459258 -0.01351336]
[-0.07636883  0.03145614 -0.01697087]
[-0.0784258   0.02404566 -0.02320551]
[-0.0784258   0.02404566 -0.02320551]
[-0.0810651   0.02067786 -0.02515673]
[-0.08438462  0.01535102 -0.0300564 ]
[-0.08603259  0.01321007 -0.03270105]
[-0.08789957  0.01089829 -0.03543909]
[-0.09285122  0.00655843 -0.03811695]
[-0.09544709  0.00403499 -0.03771504]
[-0.09774278 -0.00086133 -0.03671635]
[-0.09855051 -0.00319847 -0.03663855]
[-0.09892452 -0.00542239 -0.0370796 ]
[-0.10080701 -0.00810631 -0.03750324]
[-0.10128074 -0.0093132  -0.03661706]
[-0.09770402 -0.00984804 -0.03398175]
[-0.09770402 -0.00984804 -0.03398175]
[-0.09447893 -0.01006431 -0.03074121]
[-0.09360922 -0.00996329 -0.0267239 ]
[-0.0938323  -0.00932498 -0.02463637]
[-0.09564876 -0.00737007 -0.02075369]
[-0.09610921 -0.00593556 -0.01947538]
[-0.09652704 -0.00358248 -0.01846391]
[-0.09753963 -0.00046909 -0.01770461]
[-0.09824254  0.00168658 -0.01685749]
[-0.10046981  0.00371806 -0.01565718]
[-0.10639709  0.00830142 -0.01237909]
[-0.11152354  0.01035355 -0.00978129]
[-0.12953383  0.014952   -0.006617  ]
[-0.14779779  0.02053213 -0.00625877]
[-0.15542717  0.02262629 -0.00670437]
[-0.17066313  0.02506118 -0.0099816 ]
[-0.17783155  0.02660565 -0.0136677 ]
[-0.17900177  0.02647095 -0.01508695]
[-0.18033425  0.02551819 -0.01668786]
[-0.18169108  0.02357073 -0.0182932 ]
[-0.18185406  0.0189693  -0.02196616]
[-0.17858913  0.01710822 -0.02353525]
[-0.1757882   0.01525054 -0.02449142]
[-0.17714306  0.01094242 -0.02557952]
[-0.18806214  0.00200352 -0.02263342]
[-0.18806214  0.00200352 -0.02263342]
[-0.19066405 -0.00072169 -0.02134164]
[-0.19400235 -0.00598414 -0.02304467]
[-0.19598456 -0.00911847 -0.02615266]
[-0.19561892 -0.01314487 -0.03092028]
[-0.19512689 -0.01736674 -0.03387545]
[-0.19295391 -0.02853931 -0.04149036]
[-0.18981414 -0.03388448 -0.04484523]
[-0.18847187 -0.03833181 -0.04800063]
[-0.18422463 -0.04261484 -0.05169534]
[-0.18170148 -0.04622392 -0.05422595]
[-0.18058402 -0.05152183 -0.05786784]
[-0.18101765 -0.05447066 -0.05789613]
[-0.18203717 -0.05706699 -0.05917258]
[-0.18009807 -0.0599752  -0.06103894]
[-0.17607187 -0.06191786 -0.06064257]
[-0.16807854 -0.06486046 -0.06011397]
[-0.16511928 -0.06633685 -0.05977861]
[-0.16247584 -0.07014821 -0.06106164]
[-0.16220637 -0.07204832 -0.06158302]
[-0.16035173 -0.07625993 -0.05948763]
[-0.16011839 -0.07838228 -0.05817676]
[-0.15808568 -0.08229573 -0.05669931]
[-0.15804902 -0.086692   -0.05649218]
[-0.15854939 -0.0890654  -0.05582837]
[-0.15890657 -0.09372893 -0.05454585]
[-0.15748223 -0.09591241 -0.05396804]
[-0.15451928 -0.10159179 -0.05128017]
[-0.15560833 -0.10459421 -0.04919947]
[-0.15655128 -0.1078858  -0.04664463]
[-0.15588907 -0.11567794 -0.04279581]
[-0.15742587 -0.11781127 -0.04024228]
[-0.1572841  -0.11708663 -0.03928921]
[-0.15860731 -0.11519311 -0.03920657]
[-0.15901366 -0.11461724 -0.04083129]
[-0.15761966 -0.11288569 -0.04321894]
[-0.15700617 -0.1108961  -0.04391807]
[-0.15809135 -0.10729205 -0.0424446 ]
[-0.159347   -0.10570997 -0.04186318]
[-0.16337674 -0.10447478 -0.04151504]
[-0.16436195 -0.10339966 -0.04202239]
[-0.16448452 -0.10223019 -0.04244576]
[-0.16413431 -0.1002544  -0.04273966]
[-0.16410048 -0.09359853 -0.04385509]
[-0.16151432 -0.09016307 -0.04555982]
[-0.15080742 -0.08463497 -0.04870331]
[-0.14394288 -0.0834688  -0.04976364]
[-0.13431544 -0.0833497  -0.04832623]
[-0.13116209 -0.08351771 -0.04727753]
[-0.13005095 -0.08195814 -0.04830651]
[-0.13097666 -0.08023098 -0.04923328]
[-0.13459414 -0.07999461 -0.04995683]
[-0.13714481 -0.08002301 -0.05126647]
[-0.13823622 -0.08033226 -0.05205711]
[-0.13912818 -0.08162721 -0.05501331]
[-0.13839146 -0.08177484 -0.05610893]
[-0.13809281 -0.0818295  -0.05753007]
[-0.13689514 -0.08157714 -0.05884236]
[-0.13211975 -0.08051358 -0.06235373]
[-0.12965771 -0.08068001 -0.06446932]
[-0.12528624 -0.08239372 -0.06855918]
[-0.12396447 -0.0839398  -0.07045366]
[-0.12208191 -0.08546714 -0.07196148]
[-0.11800883 -0.0878593  -0.07443744]
[-0.11668738 -0.08884036 -0.07496535]
[-0.11757293 -0.08985333 -0.07482058]
[-0.12137179 -0.09027392 -0.07401822]
[-0.1310398  -0.08886425 -0.0707638 ]
[-0.13353327 -0.08722641 -0.06978881]
[-0.13661397 -0.08495893 -0.06881624]
[-0.13737559 -0.08524004 -0.06816919]
[-0.13841029 -0.08635021 -0.06750934]
[-0.13791996 -0.08797787 -0.06630313]
[-0.13759457 -0.08840342 -0.0665926 ]
[-0.13780011 -0.08859241 -0.06680184]
[-0.1383812  -0.08930055 -0.06704261]
[-0.13925374 -0.09036847 -0.06740744]
[-0.13854857 -0.0903401  -0.06743483]
[-0.13851796 -0.08942878 -0.06742203]
[-0.1393501  -0.08680923 -0.06716934]
[-0.1393501  -0.08680923 -0.06716934]
[-0.14028876 -0.08579213 -0.06717153]
[-0.14106829 -0.08453293 -0.06792694]
[-0.14063685 -0.08446299 -0.06861496]
[-0.13958111 -0.08440292 -0.06948645]
[-0.13676132 -0.08458322 -0.07126804]
[-0.13527917 -0.08441914 -0.07229391]
[-0.13384299 -0.08418651 -0.07292444]
[-0.13230939 -0.08375114 -0.07335749]
[-0.13046973 -0.08302891 -0.07314917]
[-0.12724926 -0.08129452 -0.07226406]
[-0.12550824 -0.08042952 -0.07182603]
[-0.12287103 -0.07836788 -0.07053833]
[-0.1196415  -0.07775622 -0.06940345]
[-0.11106927 -0.07424429 -0.06709102]
[-0.11106927 -0.07424429 -0.06709102]
[-0.1097622 -0.0697831 -0.0671439]
[-0.10899924 -0.06784906 -0.06704319]
[-0.10903283 -0.06538915 -0.06716121]
[-0.10909039 -0.06130224 -0.06676559]
[-0.10930241 -0.05885606 -0.06640092]
[-0.11039975 -0.05392718 -0.06594735]
[-0.11008695 -0.05150821 -0.06603315]
[-0.10843657 -0.04599328 -0.06563944]
[-0.10605833 -0.03986147 -0.06441343]
[-0.10043535 -0.03299814 -0.06228427]
[-0.10124844 -0.02514287 -0.06080554]
[-0.10243743 -0.02153554 -0.06103319]
[-0.10705655 -0.01436367 -0.06121728]
[-0.10912602 -0.01059799 -0.06086906]
[-0.11282919 -0.00015992 -0.05711336]
[-0.10983633  0.01583162 -0.05278879]
[-0.10809103  0.02300003 -0.05023533]
[-0.10662376  0.03568474 -0.0459288 ]
[-0.10528653  0.04552919 -0.04235299]
[-0.10477882  0.04917794 -0.04050709]
[-0.10380434  0.05211063 -0.03839064]
[-0.10356373  0.05452607 -0.03538422]
[-0.10491869  0.05594276 -0.03234863]
[-0.10662548  0.05696395 -0.03013683]
[-0.11024375  0.05919275 -0.02618141]
[-0.11242408  0.06066803 -0.02522518]
[-0.1139939   0.06239779 -0.02336333]
[-0.117788    0.06506343 -0.02174446]
[-0.11979313  0.06601918 -0.02117662]
[-0.12233139  0.06673897 -0.02085052]
[-0.12556248  0.06706773 -0.02055201]
[-0.12804726  0.06799714 -0.0198375 ]
[-0.13039845  0.06873209 -0.01924555]
[-0.13470399  0.0701762  -0.01876168]
[-0.13855054  0.0689755  -0.01761401]
[-0.14117255  0.06788163 -0.01706848]
[-0.14347592  0.06703197 -0.01702908]
[-0.15571749  0.06392894 -0.02040466]
[-0.15571749  0.06392894 -0.02040466]
[-0.15994637  0.06236517 -0.02190827]
[-0.1625503   0.06084294 -0.02352662]
[-0.16519573  0.05959126 -0.0256891 ]
[-0.17111231  0.05679022 -0.03156057]
[-0.17448776  0.05570153 -0.03378749]
[-0.1788824   0.0540185  -0.03602328]
[-0.18127779  0.05265476 -0.038138  ]
[-0.18415512  0.04887367 -0.04230244]
[-0.18671656  0.04366738 -0.04612471]
[-0.18578726  0.03785191 -0.04900683]
[-0.17844408  0.03340557 -0.05247669]
[-0.17844408  0.03340557 -0.05247669]
[-0.17423012  0.031186   -0.05485446]
[-0.17197049  0.0292475  -0.05639613]
[-0.16910822  0.02345161 -0.05982093]
[-0.167874    0.02062226 -0.06066824]
[-0.16605221  0.01808763 -0.06147453]
[-0.16074261  0.01336554 -0.0623327 ]
[-0.15593006  0.00812262 -0.06431297]
[-0.15145296  0.00166815 -0.06591407]
[-0.14971838 -0.00513652 -0.06521948]
[-0.14862629 -0.00799191 -0.06504969]
[-0.14528934 -0.01601927 -0.07465843]
[-0.14103924 -0.02001585 -0.08182922]
[-0.1370601 -0.0234726 -0.0868281]
[-0.13529922 -0.02531645 -0.08829687]
[-0.13271822 -0.02663855 -0.08840035]
[-0.12900673 -0.02830326 -0.08606081]
[-0.1277504  -0.02904136 -0.08434276]
[-0.12315865 -0.0306345  -0.07969017]
[-0.12315865 -0.0306345  -0.07969017]
[-0.12126579 -0.03047637 -0.07825822]
[-0.12024049 -0.02991325 -0.07775844]
[-0.12024049 -0.02991325 -0.07775844]
[-0.12005436 -0.02929888 -0.07766472]
[-0.11980913 -0.02853369 -0.07734905]
[-0.12068761 -0.02683569 -0.07605921]
[-0.12013086 -0.02565929 -0.07492808]
[-0.12023492 -0.02429845 -0.07356264]
[-0.12100062 -0.02211901 -0.07053287]
[-0.12504669 -0.01955763 -0.06734271]
[-0.12623542 -0.01757753 -0.06556385]
[-0.12738005 -0.01332221 -0.06303113]
[-0.12762526 -0.01161427 -0.06292389]
[-0.12949986 -0.01010604 -0.06348909]
[-0.13043987 -0.01053638 -0.06262941]
[-0.13167378 -0.01161481 -0.06162401]
[-0.13277444 -0.01211717 -0.05832358]
[-0.13277444 -0.01211717 -0.05832358]
[-0.13331993 -0.01107769 -0.055838  ]
[-0.12706961 -0.00045524 -0.04708048]
[-0.12706961 -0.00045524 -0.04708048]
[-0.12424005  0.00383558 -0.04575067]
[-0.12219036  0.00732906 -0.04542292]
[-0.11737987  0.01406934 -0.03975395]
[-0.11302887  0.01789385 -0.0360019 ]
[-0.10960923  0.021293   -0.03134471]
[-0.10770191  0.02748951 -0.02286237]
[-0.10770191  0.02748951 -0.02286237]
[-0.1096571   0.03028587 -0.01847385]
[-0.11193064  0.03690492 -0.00789854]
[-0.11249078  0.04019022 -0.00082789]
[-0.11116193  0.04335416  0.00383164]
[-0.11054194  0.04573016  0.01070384]
[-0.11205305  0.05339287  0.03284052]
[-0.11397147  0.05676765  0.03854758]
[-0.11522989  0.06048778  0.04500174]
[-0.12585176  0.06996319  0.07392354]
[-0.12585176  0.06996319  0.07392354]
[-0.12720248  0.07149585  0.08228794]
[-0.12646242  0.0723637   0.08799314]
[-0.12535923  0.07325581  0.09251659]
[-0.12476113  0.07398616  0.09684601]
[-0.12352998  0.07786545  0.10378736]
[-0.12485077  0.07939962  0.10611863]
[-0.12518591  0.08102199  0.10746573]
[-0.12711208  0.08333858  0.10777099]
[-0.12595196  0.08497377  0.10785508]
[-0.12308099  0.08557455  0.10759416]
[-0.12123983  0.0839661   0.1057493 ]
[-0.10985784  0.07667249  0.09706125]
[-0.10985784  0.07667249  0.09706125]
[-0.10613986  0.07521787  0.09568945]
[-0.10254612  0.07399392  0.09453975]
[-0.09701433  0.0711062   0.09244241]
[-0.09426784  0.06878464  0.09029429]
[-0.09235061  0.06630909  0.08766215]
[-0.08993228  0.06118853  0.08127861]
[-0.08959519  0.05826499  0.07729138]
[-0.08745055  0.0515061   0.06754205]
[-0.08432679  0.04739329  0.06185484]
[-0.07924598  0.03576114  0.04930016]
[-0.07671167  0.03130831  0.04208396]
[-0.07430909  0.02241721  0.02066178]
[-0.07430909  0.02241721  0.02066178]
[-0.07669194  0.01562099  0.00960363]
[-0.08046968  0.01158615  0.00497524]
[-0.08578254  0.00713835 -0.00125986]
[-0.08766364  0.00172604 -0.00858642]
[-0.08776269 -0.00407461 -0.01779366]
[-0.08596853 -0.01241676 -0.03275519]
[-0.0863315  -0.0162406  -0.04208067]
[-0.08853562 -0.0188487  -0.05043587]
[-0.0985938  -0.02787575 -0.06883308]
[-0.0985938  -0.02787575 -0.06883308]
[-0.1061523  -0.03732935 -0.08304606]
[-0.10851734 -0.04431728 -0.09758906]
[-0.10851734 -0.04431728 -0.09758906]
[-0.10957482 -0.04715568 -0.10369503]
[-0.11011072 -0.05023708 -0.10824952]
[-0.11051168 -0.05709134 -0.1154289 ]
[-0.10905058 -0.06039785 -0.11889149]
[-0.10792947 -0.06318459 -0.12098431]
[-0.10665593 -0.06909239 -0.12493992]
[-0.10665593 -0.06909239 -0.12493992]
[-0.10833413 -0.07491573 -0.12727647]
[-0.10860207 -0.07909761 -0.12779494]
[-0.10860207 -0.07909761 -0.12779494]
[-0.10731797 -0.08040676 -0.12768562]
[-0.10639779 -0.08170132 -0.127232  ]
[-0.10686463 -0.08554526 -0.1265844 ]
[-0.10886878 -0.08821785 -0.12611482]
[-0.11127989 -0.09101025 -0.12603609]
[-0.11463656 -0.09557898 -0.1257913 ]
[-0.11743159 -0.09755594 -0.12476258]
[-0.12886655 -0.10183528 -0.11662179]
[-0.12886655 -0.10183528 -0.11662179]
[-0.13331829 -0.1021888  -0.11041938]
[-0.14538434 -0.09481168 -0.0886353 ]
[-0.14538434 -0.09481168 -0.0886353 ]
[-0.14873477 -0.0919159  -0.08306357]
[-0.15112781 -0.08951815 -0.07759283]
[-0.15213609 -0.08695161 -0.07203298]
[-0.15038616 -0.08350458 -0.05745654]
[-0.14870946 -0.08099642 -0.04551012]
[-0.15066074 -0.07913543 -0.04097544]
[-0.15207577 -0.07448342 -0.03190858]
[-0.14959311 -0.06925359 -0.02240657]
[-0.14806014 -0.06674333 -0.01762976]
[-0.14651393 -0.06350933 -0.01409665]
[-0.14624398 -0.05992944 -0.01008625]
[-0.14041091 -0.04823868 -0.00017642]
[-0.14041091 -0.04823868 -0.00017642]
[-0.13875975 -0.04392803  0.00194651]
[-0.13817684 -0.03853015  0.00432276]
[-0.14016018 -0.02807052  0.00708926]
[-0.14133985 -0.02292374  0.00977086]
[-0.14208124 -0.01773611  0.0132435 ]
[-0.14146932 -0.01275166  0.01749246]
[-0.14105251 -0.0080042   0.02242506]
[-0.14082132 -0.00358998  0.02715489]
[-0.14204319  0.00490509  0.03698972]
[-0.14306241  0.00920455  0.04173569]
[-0.14440627  0.01780546  0.05267643]
[-0.14671118  0.02378192  0.06177681]
[-0.14671118  0.02378192  0.06177681]
[-0.14797711  0.0273785   0.06575973]
[-0.14770103  0.02992281  0.07104906]
[-0.14730433  0.03598954  0.08221767]
[-0.14961843  0.03928437  0.08782876]
[-0.15802332  0.04513895  0.09520483]
[-0.15869477  0.04901255  0.10127724]
[-0.15333593  0.05521986  0.10860846]
[-0.15090696  0.05836604  0.11206068]
[-0.15037064  0.06041084  0.11461821]
[-0.14974654  0.06490289  0.11885246]
[-0.1507544   0.06614494  0.12006284]
[-0.15127554  0.06800586  0.12128594]
[-0.15143359  0.0716012   0.1221799 ]
[-0.15143359  0.0716012   0.1221799 ]
[-0.15031365  0.07482858  0.12349469]
[-0.14979386  0.07468527  0.12502506]
[-0.14979386  0.07468527  0.12502506]
[-0.14939374  0.07406669  0.12460853]
[-0.14864588  0.07310397  0.12326963]
[-0.14799319  0.07100761  0.11567433]
[-0.14790058  0.07042786  0.10849516]
[-0.1456881   0.07048183  0.09972011]
[-0.14509313  0.07021884  0.0899317 ]
[-0.14362001  0.06807551  0.07251079]
[-0.14316512  0.06649745  0.06522965]
[-0.14438019  0.06487948  0.05647115]
[-0.14556209  0.06329232  0.04814803]
[-0.14835247  0.0611882   0.04036417]
[-0.15509578  0.05553173  0.02592304]
[-0.15374866  0.0521501   0.00814212]
[-0.15447089  0.05176191 -0.00224391]
[-0.16395126  0.05214296 -0.02201027]
[-0.16891339  0.05175263 -0.03175735]
[-0.17674883  0.05037402 -0.04273654]
[-0.1831143   0.04812302 -0.05255993]
[-0.18803017  0.04563028 -0.06261156]
[-0.19357261  0.04331199 -0.07290871]
[-0.20038892  0.03754864 -0.08876513]
[-0.20086409  0.03515273 -0.09486816]
[-0.19996954  0.03192577 -0.10030081]
[-0.19913994  0.02848437 -0.1076405 ]
[-0.20700887  0.01837657 -0.13039343]
[-0.20753965  0.01486495 -0.13903704]
[-0.20099652  0.0022493  -0.16510013]
[-0.20011445 -0.00161587 -0.17264129]
[-0.19802233 -0.01469666 -0.19364063]
[-0.19549086 -0.01877477 -0.20090412]
[-0.1939158  -0.02202509 -0.20694923]
[-0.19145826 -0.02666629 -0.21578279]
[-0.19026959 -0.02860471 -0.21706133]
[-0.1889276  -0.03071448 -0.21833701]
[-0.18798142 -0.03422532 -0.21931499]
[-0.1887206  -0.03563617 -0.21932329]
[-0.18814804 -0.03667283 -0.21760024]
[-0.18794634 -0.03942894 -0.2102108 ]
[-0.18794634 -0.03942894 -0.2102108 ]
[-0.18854427 -0.04134837 -0.20738384]
[-0.19405634 -0.04758128 -0.19937654]
[-0.19405634 -0.04758128 -0.19937654]
[-0.19574432 -0.04952519 -0.19647253]
[-0.19963091 -0.05276395 -0.18894917]
[-0.20032148 -0.05281145 -0.18710476]
[-0.20108427 -0.05275602 -0.18630937]
[-0.20253943 -0.05353263 -0.18711573]
[-0.20253943 -0.05353263 -0.18711573]
[-0.2024267  -0.05574019 -0.19149595]
[-0.20283354 -0.05719211 -0.196813  ]
[-0.20283354 -0.05719211 -0.196813  ]
[-0.20383999 -0.05799429 -0.19844401]
[-0.20524378 -0.05813836 -0.19095944]
[-0.20524378 -0.05813836 -0.19095944]
[-0.20657742 -0.05672519 -0.18549031]
[-0.20905421 -0.05498075 -0.18009242]
[-0.20867502 -0.05081755 -0.16595522]
[-0.20508851 -0.05066896 -0.15202864]
[-0.20425173 -0.05100482 -0.13497455]
[-0.19899407 -0.05127571 -0.09584274]
[-0.19899407 -0.05127571 -0.09584274]
[-0.1912205  -0.0489234  -0.07733743]
[-0.15718523 -0.05017203 -0.0176853 ]
[-0.15718523 -0.05017203 -0.0176853 ]
[-0.15009384 -0.05125868 -0.00174718]
[-0.14249919 -0.05161349  0.01429826]
[-0.13443568 -0.05114595  0.04336299]
[-0.13160199 -0.05146878  0.05451618]
[-0.12862794 -0.05216431  0.06506198]
[-0.12651552 -0.05287589  0.07703698]
[-0.12373421 -0.05235505  0.08902919]
[-0.12101309 -0.05073788  0.10150816]
[-0.11313005 -0.0488505   0.12715496]
[-0.11313005 -0.0488505   0.12715496]
[-0.10985322 -0.04884427  0.13190114]
[-0.10187699 -0.04985578  0.14198755]
[-0.09776985 -0.05079941  0.14641924]
[-0.09418129 -0.05179212  0.15195702]
[-0.09263984 -0.05272068  0.15663539]
[-0.09192445 -0.05373792  0.15889102]
[-0.09328266 -0.05516112  0.16230224]
[-0.09180825 -0.05545106  0.16524975]
[-0.08857572 -0.05404834  0.17111021]
[-0.08645433 -0.05301809  0.17640841]
[-0.08573739 -0.05241743  0.17819078]
[-0.08499645 -0.05168968  0.18000677]
[-0.08403909 -0.04865476  0.18244235]
[-0.08474022 -0.04824476  0.18237169]
[-0.08570539 -0.04858412  0.18227434]
[-0.08800724 -0.04989323  0.1816892 ]
[-0.08891218 -0.05064071  0.18046707]
[-0.09102435 -0.05198195  0.17573108]
[-0.09206575 -0.05288774  0.17291409]
[-0.09326393 -0.05349622  0.1707724 ]
[-0.09493542 -0.05409243  0.16763422]
[-0.09591489 -0.05399714  0.16658533]
[-0.09670818 -0.05440173  0.16533871]
[-0.09743686 -0.05503149  0.16397852]
[-0.09838763 -0.05599603  0.16261657]
[-0.10000019 -0.05748536  0.16040523]
[-0.10110295 -0.05828408  0.15637915]
[-0.10174351 -0.05866387  0.15347363]
[-0.10241867 -0.05902286  0.14940488]
[-0.10304446 -0.05935402  0.14232264]
[-0.10282572 -0.05947667  0.13836744]
[-0.1021803  -0.05959634  0.13325699]
[-0.10134415 -0.05960351  0.12601417]
[-0.10265608 -0.06017913  0.11641268]
[-0.10636563 -0.05982452  0.09460013]
[-0.1154884  -0.05681037  0.0666427 ]
[-0.12254087 -0.05450831  0.04829249]
[-0.13305988 -0.05366438  0.02729871]
[-0.15695112 -0.05205756 -0.02599137]
[-0.16093582 -0.0511296  -0.03897766]
[-0.16294265 -0.04991565 -0.04983122]
[-0.16154198 -0.04645013 -0.07154712]
[-0.16085963 -0.0444216  -0.08420943]
[-0.16114457 -0.04234056 -0.09747145]
[-0.16155763 -0.03861133 -0.12213834]
[-0.16155763 -0.03861133 -0.12213834]
[-0.16160129 -0.03661207 -0.13274965]
[-0.16394394 -0.03464051 -0.14859821]
[-0.16416446 -0.03403907 -0.15494668]
[-0.16461748 -0.03012554 -0.17642763]
[-0.16544622 -0.02815721 -0.18476002]
[-0.16618415 -0.02632784 -0.19356145]
[-0.16192401 -0.02772236 -0.20986506]
[-0.15351151 -0.02951721 -0.22086103]
[-0.1475024  -0.02764318 -0.23175471]
[-0.14651313 -0.02561973 -0.23758781]
[-0.14199009 -0.02090698 -0.24843045]
[-0.14002955 -0.02017359 -0.2505044 ]
[-0.13832628 -0.01949311 -0.25230184]
[-0.13791615 -0.01938014 -0.25408372]
[-0.13831059 -0.01903867 -0.25462925]
[-0.13887264 -0.0187462  -0.25500137]
[-0.14007879 -0.01801614 -0.25418985]
[-0.14383917 -0.01687247 -0.25269416]
[-0.14585098 -0.01506577 -0.2521126 ]
[-0.1543898  -0.01078835 -0.25008973]
[-0.15911877 -0.00933341 -0.24329858]
[-0.17104906 -0.01079959 -0.21324584]
[-0.17447884 -0.013323   -0.19750674]
[-0.17134652 -0.01562057 -0.16854851]
[-0.16635724 -0.01786829 -0.1529651 ]
[-0.16095939 -0.01811311 -0.13525736]
[-0.15936293 -0.01833351 -0.12037606]
[-0.15713939 -0.01747077 -0.10619134]
[-0.15156212 -0.01331928 -0.08334874]
[-0.14287953 -0.00885141 -0.06758332]
[-0.13965275 -0.00792095 -0.06037117]
[-0.13194676 -0.00058927 -0.04908696]
[-0.12667455  0.00562063 -0.04368772]
[-0.11677985  0.01247151 -0.03904854]
[-0.10119292  0.01968632 -0.03345793]
[-0.0899987   0.025818   -0.02825125]
[-0.07782005  0.03567209 -0.02202971]
[-0.07332756  0.03962127 -0.01899502]
[-0.06784228  0.04225795 -0.01529199]
[-0.06588721  0.04521608 -0.01214361]
[-0.06251106  0.04783448 -0.00808889]
[-0.05886018  0.05264569 -0.00274054]
[-5.60527608e-02  5.34108095e-02 -7.94681255e-05]
[-0.05332388  0.05343127  0.00608021]
[-0.05332388  0.05343127  0.00608021]
[-0.04949673  0.05348324  0.01295973]
[-0.04713904  0.05471535  0.01711771]
[-0.04738248  0.05527345  0.01881903]
[-0.04799203  0.05546453  0.02055847]
[-0.04902636  0.05577735  0.02315251]
[-0.05135957  0.05538573  0.02936832]
[-0.05246631  0.05534571  0.03212089]
[-0.05360016  0.0545903   0.03649468]
[-0.05493333  0.05396824  0.04074223]
[-0.05818807  0.05162431  0.05240359]
[-0.06085233  0.04972306  0.05861316]
[-0.06391547  0.04743351  0.06497078]
[-0.07076686  0.0446351   0.07968321]
[-0.07076686  0.0446351   0.07968321]
[-0.08147562  0.0425275   0.10203668]
[-0.08312985  0.04243192  0.10559328]
[-0.08596327  0.04325468  0.10920259]
[-0.08718662  0.04330352  0.10951484]
[-0.08560976  0.04219948  0.10980252]
[-0.08441742  0.04067697  0.11050949]
[-0.0828977   0.03866076  0.11075527]
[-0.08348301  0.03321533  0.10781187]
[-0.08436659  0.0301466   0.10355709]
[-0.0840997   0.02714912  0.0987244 ]
[-0.07990308  0.01979452  0.0853688 ]
[-0.07571361  0.01243902  0.07147002]
[-0.07446648  0.00811721  0.06182967]
[-0.073703    0.00364977  0.05158862]
[-0.07235967 -0.005261    0.02910556]
[-0.07101733 -0.01376979  0.01267053]
[-0.06970248 -0.0178573   0.00547896]
[-0.0688148  -0.02151368 -0.00192836]
[-0.06425962 -0.02863189 -0.01264162]
[-0.06189726 -0.0323264  -0.01656416]
[-0.06074724 -0.03578058 -0.0191353 ]
[-0.06000891 -0.03956819 -0.02182844]
[-0.05940911 -0.04994828 -0.02907309]
[-0.06015015 -0.05296372 -0.0317925 ]
[-0.06138437 -0.0558631  -0.03470786]
[-0.06232653 -0.05884161 -0.03793115]
[-0.06463438 -0.06419905 -0.04246707]
[-0.06704537 -0.07015198 -0.04583652]
[-0.06704537 -0.07015198 -0.04583652]
[-0.06668615 -0.07197683 -0.04635239]
[-0.06703419 -0.07478321 -0.04649441]
[-0.06822367 -0.07588495 -0.04668964]
[-0.06956215 -0.07700098 -0.04621916]
[-0.0704561  -0.07771518 -0.04523738]
[-0.07051104 -0.07848933 -0.04458935]
[-0.06944882 -0.07867346 -0.04306808]
[-0.07026763 -0.07883717 -0.04253897]
[-0.07129943 -0.07865936 -0.04228329]
[-0.07459752 -0.07812327 -0.04207526]
[-0.07599471 -0.07806456 -0.04173328]
[-0.07713556 -0.07795075 -0.04177977]
[-0.07874236 -0.07743728 -0.04159984]
[-0.07996355 -0.07679602 -0.04178289]
[-0.08199165 -0.07502097 -0.04404492]
[-0.08366011 -0.07358438 -0.0463799 ]
[-0.08563669 -0.0723758  -0.04631455]
[-0.08712381 -0.07103651 -0.04580609]
[-0.09121942 -0.06921508 -0.04357384]
[-0.09500678 -0.06907763 -0.03961851]
[-0.09735446 -0.06948654 -0.03703973]
[-0.09806005 -0.0674351  -0.03480038]
[-0.09154263 -0.06082222 -0.03697659]
[-0.08890963 -0.0574879  -0.03845778]
[-0.08583876 -0.05448135 -0.03978474]
[-0.08593003 -0.05058224 -0.04084011]
[-0.09496778 -0.044595   -0.03941965]
[-0.09966803 -0.04214483 -0.03958436]
[-0.1063875  -0.03802153 -0.04101374]
[-0.10645381 -0.03216594 -0.04531167]
[-0.10667263 -0.02839431 -0.04699637]
[-0.10711402 -0.02700107 -0.04751778]
[-0.10789279 -0.02668371 -0.04859122]
[-0.108233   -0.02853892 -0.04974598]
[-0.10729173 -0.03190963 -0.04940339]
[-0.10514033 -0.03867849 -0.04629551]
[-0.10539249 -0.04105841 -0.04531262]
[-0.1068591  -0.04229715 -0.04443508]
[-0.10922304 -0.04251064 -0.04373789]
[-0.10848485 -0.04168017 -0.04333778]
[-0.10714619 -0.04010704 -0.04335675]
[-0.10536099 -0.03874308 -0.04379423]
[-0.10461084 -0.03664231 -0.04599582]
[-0.10295499 -0.03621828 -0.04716391]
[-0.09843056 -0.03596614 -0.04506445]
[-0.09592187 -0.03537903 -0.04328412]
[-0.09393969 -0.03232243 -0.0407216 ]
[-0.09393969 -0.03232243 -0.0407216 ]
[-0.09425388 -0.03094772 -0.03967297]
[-0.09391953 -0.02897441 -0.03711671]
[-0.08951494 -0.02475969 -0.03320434]
[-0.08839232 -0.02334403 -0.03265633]
[-0.09082688 -0.02126418 -0.03412364]
[-0.09082688 -0.02126418 -0.03412364]
[-0.0919627  -0.02015441 -0.03556814]
[-0.09200565 -0.0191682  -0.03635503]
[-0.0925147  -0.01795204 -0.03694246]
[-0.09295299 -0.01689817 -0.03716909]
[-0.09404757 -0.01582434 -0.03712842]
[-0.09752197 -0.01358636 -0.04026646]
[-0.09852709 -0.01301783 -0.04149776]
[-0.09770212 -0.01271871 -0.04136292]
[-0.09621501 -0.01385935 -0.03953101]
[-0.09674249 -0.01508765 -0.0386483 ]
[-0.09856215 -0.01639134 -0.0377169 ]
[-0.10133187 -0.01775575 -0.03595818]
[-0.10345215 -0.01869105 -0.03281318]
[-0.10436841 -0.01901433 -0.02878229]
[-0.10374666 -0.01844492 -0.02867576]
[-0.10250795 -0.0172251  -0.0303521 ]
[-0.10252098 -0.01620437 -0.03248811]
[-0.10478624 -0.01556796 -0.03686419]
[-0.10670938 -0.01621939 -0.03803335]
[-0.10811825 -0.01691101 -0.03847931]
[-0.10872902 -0.01784136 -0.03803704]
[-0.10831165 -0.01866139 -0.03787658]
[-0.1084818  -0.01948384 -0.03780962]
[-0.10863118 -0.02024161 -0.03831375]
[-0.10978547 -0.02138952 -0.03953766]
[-0.10824151 -0.02212951 -0.03984758]
[-0.10609665 -0.02341344 -0.03906929]
[-0.10609665 -0.02341344 -0.03906929]
[-0.10714391 -0.02358777 -0.03980393]
[-0.10785385 -0.02366618 -0.0409499 ]
[-0.10631113 -0.02393229 -0.04373437]
[-0.10631113 -0.02393229 -0.04373437]
[-0.10527526 -0.02341206 -0.04414789]
[-0.10544079 -0.02252445 -0.04212685]
[-0.10624933 -0.02224554 -0.03903274]
[-0.10655321 -0.0224052  -0.03826898]
[-0.10677733 -0.02309378 -0.03793429]
[-0.10669875 -0.02372027 -0.03837777]
[-0.10622379 -0.02411947 -0.03894726]
[-0.10492316 -0.02441511 -0.03979852]
[-0.10304656 -0.02531542 -0.04022782]
[-0.09853758 -0.02711791 -0.03965319]
[-0.09598513 -0.02842615 -0.0391682 ]
[-0.09312938 -0.02959657 -0.03838732]
[-0.09011857 -0.03215129 -0.03831805]
[-0.08864842 -0.03298247 -0.03920143]
[-0.08779587 -0.0334814  -0.03976535]
[-0.08716874 -0.03351987 -0.04065372]
[-0.08393853 -0.03489547 -0.04127084]
[-0.08228192 -0.03622609 -0.0411676 ]
[-0.0810495  -0.03779831 -0.04103141]
[-0.07948206 -0.03900111 -0.04019596]
[-0.07926185 -0.04046878 -0.04005336]
[-0.08510687 -0.04020038 -0.04368492]
[-0.08619945 -0.0391532  -0.04378031]
[-0.08736158 -0.03979537 -0.04272507]
[-0.08777449 -0.03902617 -0.04178438]
[-0.09481715 -0.0382374  -0.03978782]
[-0.09481715 -0.0382374  -0.03978782]
[-0.09590888 -0.03882518 -0.04009897]
[-0.09664308 -0.03977831 -0.04042932]
[-0.09485588 -0.0424555  -0.04217342]
[-0.09479858 -0.04365851 -0.04248316]
[-0.09436758 -0.04507858 -0.04336168]
[-0.09494862 -0.04671981 -0.04355691]
[-0.0960721  -0.04847272 -0.04388414]
[-0.09763637 -0.04986678 -0.04465764]
[-0.10758143 -0.05405292 -0.04378485]
[-0.11170081 -0.05486452 -0.04251477]
[-0.11465435 -0.05532775 -0.04105018]
[-0.11840794 -0.05495084 -0.03880311]
[-0.11789467 -0.05409025 -0.03778675]
[-0.11602023 -0.05230383 -0.03771234]
[-0.11187584 -0.04984031 -0.03723921]
[-0.10653381 -0.04657682 -0.03688439]
[-0.09603129 -0.04020544 -0.03519484]
[-0.08454671 -0.03475682 -0.0349565 ]
[-0.08156497 -0.03186517 -0.03565632]
[-0.07658755 -0.02751741 -0.03749678]
[-0.07545394 -0.02599238 -0.03819507]
[-0.07399122 -0.02484037 -0.03765306]
[-0.07659003 -0.02463502 -0.03657576]
[-0.07917936 -0.024345   -0.03535813]
[-0.08213376 -0.0243077  -0.03211598]
[-0.08324579 -0.0236745  -0.02954653]
[-0.08725703 -0.02082407 -0.02612902]
[-0.08997339 -0.01519805 -0.022948  ]
[-0.09028708 -0.01272167 -0.02161422]
[-0.09539177 -0.00607093 -0.02100009]
[-0.09831961 -0.00532775 -0.02054703]
[-0.10345626 -0.00418712 -0.02074705]
[-0.10656696 -0.00053028 -0.02133925]
[-0.10758912  0.00675092 -0.01995153]
[-0.10758912  0.00675092 -0.01995153]
[-0.10674888  0.00841163 -0.01928151]
[-0.10529512  0.01017288 -0.01875067]
[-0.10242096  0.01538324 -0.01631265]
[-0.10117008  0.01834275 -0.01492064]
[-0.09986144  0.02230375 -0.01116917]
[-0.09957033  0.02365157 -0.00967066]
[-0.09822963  0.0270621  -0.00705569]
[-0.09679817  0.02891257 -0.00598425]
[-0.09341223  0.03179012 -0.00336308]
[-0.09200157  0.03354425  0.00140734]
[-0.09154949  0.03344836  0.00384462]
[-0.09109488  0.03288007  0.00713784]
[-0.09085137  0.03251504  0.0102455 ]
[-0.0917352   0.03404017  0.01744176]
[-0.08935966  0.03606141  0.02480505]
[-0.0871832   0.03741745  0.03042343]
[-0.08697566  0.0393324   0.03608776]
[-0.08835559  0.04487693  0.04109634]
[-0.08885087  0.04885179  0.03987222]
[-0.08845702  0.05078041  0.0411029 ]
[-0.08768833  0.05257831  0.04612491]
[-0.08686279  0.05686711  0.0606659 ]
[-0.08704433  0.05847183  0.06638866]
[-0.08815903  0.06036045  0.07190783]
[-0.09113029  0.06534879  0.07961363]
[-0.09113029  0.06534879  0.07961363]
[-0.09335537  0.06875634  0.0829116 ]
[-0.09984529  0.07783718  0.0859304 ]
[-0.09984529  0.07783718  0.0859304 ]
[-0.10615014  0.0842404   0.08808334]
[-0.10855128  0.08732643  0.08938338]
[-0.1092419   0.08999518  0.09089854]
[-0.10922772  0.09237818  0.09228382]
[-0.10994119  0.0943285   0.09388746]
[-0.11118308  0.09600997  0.09566847]
[-0.11549521  0.09811286  0.0998755 ]
[-0.11768767  0.10010464  0.10708386]
[-0.11811933  0.10396492  0.11477083]
[-0.11783557  0.10633212  0.11851615]
[-0.11760019  0.10895687  0.12286671]
[-0.1160024   0.1141234   0.13273199]
[-0.11642495  0.11927645  0.14267839]
[-0.11801777  0.12278482  0.14944744]
[-0.11788868  0.12399913  0.15103388]
[-0.11772622  0.12480949  0.15189043]
[-0.11707617  0.12605415  0.15338139]
[-0.11540124  0.12562397  0.15537824]
[-0.11511692  0.12433878  0.15657014]
[-0.11458581  0.12322955  0.15661299]
[-0.11647925  0.1202739   0.154681  ]
[-0.11809624  0.11895778  0.15265748]
[-0.12137263  0.11605857  0.15053673]
[-0.12214913  0.11248993  0.14675845]
[-0.12183917  0.11089127  0.14339577]
[-0.12043638  0.10663723  0.1361255 ]
[-0.11903704  0.10445086  0.13222551]
[-0.11796841  0.10227717  0.12830026]
[-0.11391943  0.09653473  0.12015241]
[-0.11171639  0.09320407  0.114448  ]
[-0.10779427  0.08941086  0.10814497]
[-0.09740757  0.08119625  0.09092992]
[-0.08900318  0.07337131  0.07513176]
[-0.08533546  0.07015485  0.06796925]
[-0.08041665  0.06278495  0.05755978]
[-0.07868477  0.0587654   0.05287264]
[-0.08276472  0.0440943   0.04160785]
[-0.08838897  0.03559706  0.03230982]
[-0.09280886  0.02496353  0.02226345]
[-0.09463592  0.01945028  0.02022603]
[-0.0948855   0.01288645  0.01843614]
[-0.09802287  0.00148572  0.01638275]
[-0.09998803 -0.00343857  0.01445033]
[-0.10572031 -0.011404    0.0100937 ]
[-0.10904914 -0.01804145  0.00515437]
[-0.10842081 -0.02055231  0.00280246]
[-0.10579555 -0.02438682 -0.00035335]
[-0.10473915 -0.02583803 -0.00100091]
[-0.10466395 -0.02667604 -0.00149914]
[-0.10543767 -0.02714911 -0.00252758]
[-0.10160121 -0.02723432 -0.00608994]
[-0.10160121 -0.02723432 -0.00608994]
[-0.10056901 -0.03007715 -0.00751727]
[-0.10112865 -0.03494149 -0.00833811]
[-0.10112568 -0.03746337 -0.00898771]
[-0.10103612 -0.03939924 -0.00981583]
[-0.10077657 -0.04107745 -0.01049229]
[-0.10039856 -0.04293526 -0.01166413]
[-0.09893306 -0.04418284 -0.01239643]
[-0.09640757 -0.04648319 -0.01454413]
[-0.09427356 -0.04708333 -0.01525624]
[-0.09217459 -0.04792789 -0.01667166]
[-0.09081406 -0.048605   -0.01755168]
[-0.09057861 -0.04908958 -0.01796993]
[-0.08959149 -0.05119462 -0.01816664]
[-0.08939836 -0.05203378 -0.0182186 ]
[-0.08857705 -0.0536586  -0.01814449]
[-0.08887161 -0.05453566 -0.01799608]
[-0.08951456 -0.05600438 -0.01791193]
[-0.08928306 -0.0606204  -0.01961853]
[-0.08970859 -0.06484429 -0.0211189 ]
[-0.09036725 -0.06670959 -0.02149541]
[-0.09242684 -0.06938779 -0.02150308]
[-0.09444118 -0.072308   -0.02089244]
[-0.09664429 -0.07855235 -0.02412071]
[-0.09549429 -0.08186199 -0.02889706]
[-0.09394729 -0.08578105 -0.03276135]
[-0.09286096 -0.08872349 -0.03643598]
[-0.08919929 -0.09332077 -0.03974768]
[-0.08786456 -0.09484979 -0.04018003]
[-0.08569151 -0.09777527 -0.03843121]
[-0.08486106 -0.0994295  -0.03804365]
[-0.08346922 -0.10107557 -0.03741286]
[-0.08156979 -0.10310171 -0.03754698]
[-0.07856098 -0.10685322 -0.03833131]
[-0.07689019 -0.1089409  -0.03952418]
[-0.07624266 -0.11360306 -0.0424837 ]
[-0.07684017 -0.11663309 -0.04442192]
[-0.07912681 -0.1243994  -0.04715446]
[-0.07926341 -0.12853906 -0.04815809]
[-0.0806959  -0.13826324 -0.04903292]
[-0.0825266  -0.14347339 -0.04805345]
[-0.08418546 -0.14726174 -0.04677739]
[-0.08873729 -0.15737796 -0.04313396]
[-0.08997494 -0.1615506  -0.04244291]
[-0.0920724  -0.16764525 -0.04177932]
[-0.09219926 -0.16958687 -0.04154512]
[-0.09110837 -0.17264038 -0.04242091]
[-0.09039981 -0.17398994 -0.04273438]
[-0.09118566 -0.17748636 -0.04199437]
[-0.09423388 -0.17946182 -0.03790314]
[-0.09645736 -0.18012294 -0.03510444]
[-0.0991888  -0.18153311 -0.0288229 ]
[-0.10128983 -0.18281893 -0.02521377]
[-0.10657995 -0.18323784 -0.01777273]
[-0.11166337 -0.18195274 -0.01417253]
[-0.12266371 -0.17914887 -0.00744435]
[-0.12754338 -0.17697439 -0.0052326 ]
[-0.13157653 -0.17401218 -0.00292231]
[-0.14030541 -0.16387746  0.00130897]
[-0.15377155 -0.15613957  0.00327421]
[-0.16265272 -0.15299083  0.00339511]
[-0.16850721 -0.14834861  0.00290894]
[-0.17618309 -0.14222854  0.00274081]
[-0.18257854 -0.13611311  0.00298808]
[-0.19629134 -0.12660883  0.00383904]
[-0.20473064 -0.1214339   0.00572914]
[-0.21172656 -0.11539184  0.00782657]
[-0.22048988 -0.10862648  0.0105758 ]
[-0.24129084 -0.09202655  0.01139172]
[-0.24622549 -0.08839736  0.01067981]
[-0.25368555 -0.08464041  0.00931197]
[-0.25938153 -0.0783399   0.00636567]
[-0.26055259 -0.07532822  0.00542685]
[-0.26050942 -0.07169326  0.00450112]
[-0.26446057 -0.06659301  0.00400135]
[-0.26684648 -0.06252275  0.00436882]
[-0.27024825 -0.05768837  0.00451409]
[-0.26656791 -0.05067369  0.00462137]
[-0.26052302 -0.04773003  0.00504448]
[-0.25366131 -0.04481066  0.00547786]
[-0.24629497 -0.03671118  0.00714245]
[-0.24514643 -0.03180199  0.00835204]
[-0.24545093 -0.02651769  0.00992553]
[-0.24737427 -0.02176781  0.01091549]
[-0.2485938  -0.01683028  0.01084361]
[-0.25248226 -0.0035659   0.01172028]
[-0.25454794  0.00067638  0.01326291]
[-0.26063889  0.0122501   0.01582899]
[-0.26063889  0.0122501   0.01582899]
[-0.26379378  0.02248342  0.01819498]
[-0.26412374  0.02662611  0.02325531]
[-0.26800364  0.03677199  0.02938208]
[-0.2733494   0.04609018  0.02627641]
[-0.27400605  0.05005254  0.02401183]
[-0.2678577   0.06107725  0.01861739]
[-0.2678577   0.06107725  0.01861739]
[-0.26601063  0.06480657  0.01810228]
[-0.26443865  0.06797749  0.01713565]
[-0.26347238  0.07045138  0.01754604]
[-0.26214671  0.07400249  0.02235864]
[-0.26214671  0.07400249  0.02235864]
[-0.26144217  0.07503914  0.0248918 ]
[-0.26150651  0.07619181  0.02597743]
[-0.26171526  0.07829569  0.0271479 ]
[-0.26144364  0.07897393  0.02763026]
[-0.25958564  0.07979051  0.02852342]
[-0.25755742  0.08012276  0.02822984]
[-0.25686588  0.08016868  0.02776494]
[-0.25681784  0.08001162  0.02675452]
[-0.25631859  0.0803679   0.02542743]
[-0.25635137  0.08123041  0.02401613]
[-0.25733423  0.08173887  0.02223159]
[-0.25967582  0.08144079  0.01847047]
[-0.25821123  0.07935969  0.01682965]
[-0.25607045  0.07606543  0.01643726]
[-0.25798403  0.07153957  0.01206871]
[-0.25831127  0.06925353  0.00908445]
[-0.25800819  0.06794148  0.00716101]
[-0.25308021  0.0603355   0.00068129]
[-0.25308021  0.0603355   0.00068129]
[-0.25148886  0.0559041  -0.00326018]
[-0.24923288  0.05219378 -0.00370637]
[-0.24437925  0.04466039 -0.00682914]
[-0.24229127  0.04134618 -0.00705612]
[-0.24175699  0.03773073 -0.00690594]
[-0.24528241  0.03396648 -0.00559976]
[-0.24830305  0.0281845  -0.00536909]
[-0.25046186  0.02250473 -0.00512338]
[-0.25566791  0.01014557 -0.00934466]
[-0.25979005  0.0038164  -0.01195888]
[-0.26255689 -0.00279396 -0.01343892]
[-0.26223625 -0.00894993 -0.01472178]
[-0.2622529  -0.02661791 -0.01285934]
[-0.26685833 -0.03760634 -0.0149689 ]
[-0.26850391 -0.04348604 -0.0190018 ]
[-0.27019248 -0.06040305 -0.02794112]
[-0.26872509 -0.06474191 -0.02869027]
[-0.2661188  -0.06868616 -0.02861896]
[-0.26485721 -0.0709176  -0.0275872 ]
[-0.2644553  -0.07292178 -0.02704352]
[-0.2640013  -0.07614996 -0.03158666]
[-0.25962722 -0.07744394 -0.04112209]
[-0.25693602 -0.07776238 -0.04521874]
[-0.25447171 -0.077786   -0.04919295]
[-0.25101174 -0.07901961 -0.05414681]
[-0.2494662  -0.07975911 -0.0562107 ]
[-0.24820428 -0.08260622 -0.05540341]
[-0.2468623  -0.08475037 -0.05631921]
[-0.24578704 -0.087759   -0.05768882]
[-0.24555991 -0.09355655 -0.05942895]
[-0.24620624 -0.0965189  -0.05946021]
[-0.24427141 -0.10085399 -0.05760894]
[-0.24427141 -0.10085399 -0.05760894]
[-0.24119432 -0.10196586 -0.05780103]
[-0.2226923  -0.10593836 -0.05858324]
[-0.2226923  -0.10593836 -0.05858324]
[-0.2127939  -0.10979729 -0.0574095 ]
[-0.20300464 -0.11120886 -0.0553489 ]
[-0.19750464 -0.11029922 -0.05371705]
[-0.19347376 -0.10882478 -0.05291582]
[-0.18980796 -0.10737628 -0.05277763]
[-0.18617841 -0.10702043 -0.0534854 ]
[-0.1795122  -0.10760641 -0.05546214]
[-0.17564876 -0.10791721 -0.05568966]
[-0.17214299 -0.10754941 -0.05548993]
[-0.16862971 -0.10651815 -0.05517422]
[-0.16206204 -0.10379638 -0.0563824 ]
[-0.1594338  -0.10254779 -0.05803173]
[-0.15716009 -0.10151946 -0.06002405]
[-0.15575834 -0.10027028 -0.06173643]
[-0.15115845 -0.09718426 -0.06265349]
[-0.15115845 -0.09718426 -0.06265349]
[-0.13846267 -0.09261078 -0.06073943]
[-0.13359961 -0.08928341 -0.05979691]
[-0.12977472 -0.0856379  -0.05953642]
[-0.12721527 -0.08418504 -0.05972516]
[-0.125193   -0.08274894 -0.05928161]
[-0.12190482 -0.07905936 -0.0582441 ]
[-0.12025978 -0.07611629 -0.05680579]
[-0.11854438 -0.07304087 -0.05488807]
[-0.11772128 -0.06660761 -0.04975974]
[-0.11644417 -0.06054427 -0.04602488]
[-0.11397513 -0.0570713  -0.04381704]
[-0.11014147 -0.05353133 -0.04237488]
[-0.10751173 -0.04918421 -0.04087633]
[-0.10444456 -0.04505901 -0.0391628 ]
[-0.10275448 -0.03928856 -0.03736062]
[-0.10138437 -0.03715489 -0.0348944 ]
[-0.09980245 -0.03293212 -0.03167073]
[-0.09579997 -0.02694228 -0.02769257]
[-0.0853539  -0.01033432 -0.01478714]
[-0.07309696  0.00537529 -0.00104719]
[-0.07309696  0.00537529 -0.00104719]
[-0.06279337  0.01947903  0.00968258]
[-0.06049355  0.02408561  0.01173867]
[-0.05766276  0.02872281  0.01451929]
[-0.05466322  0.03278609  0.01687061]
[-0.05039006  0.04045189  0.02181979]
[-0.04912225  0.04829461  0.02719999]
[-0.04985672  0.05176491  0.02899187]
[-0.0497134   0.05534558  0.0303791 ]
[-0.04999787  0.05855474  0.03198235]
[-0.05193496  0.0668708   0.03681268]
[-0.05383203  0.0691096   0.03861874]
[-0.05592739  0.07135084  0.04138311]
[-0.06002574  0.07570645  0.04510052]
[-0.06319288  0.07917166  0.04497143]
[-0.06416836  0.07993933  0.04543599]
[-0.06600428  0.08037038  0.04593356]
[-0.06812073  0.08069973  0.04620219]
[-0.07700431  0.08078472  0.04540827]
[-0.07700431  0.08078472  0.04540827]
[-0.08155398  0.08104726  0.04378442]
[-0.09371233  0.07980104  0.02824041]
[-0.09371233  0.07980104  0.02824041]
[-0.0964026   0.07917931  0.02189719]
[-0.10064946  0.0784134   0.01504743]
[-0.11136983  0.07601427 -0.00322878]
[-0.11136983  0.07601427 -0.00322878]
[-0.12327554  0.0694084  -0.02027658]
[-0.12574981  0.06648341 -0.02540851]
[-0.13540972  0.05813863 -0.04279246]
[-0.13805799  0.05616733 -0.04763614]
[-0.14014006  0.05358207 -0.05203827]
[-0.13989815  0.05176937 -0.05611318]
[-0.14070682  0.04943839 -0.05932628]
[-0.13884401  0.04429539 -0.06500922]
[-0.13832648  0.04133115 -0.06840915]
[-0.13829622  0.0388887  -0.07234223]
[-0.13784547  0.03596159 -0.08045166]
[-0.14013149  0.03288216 -0.08705176]
[-0.14127181  0.03055497 -0.08918963]
[-0.14243932  0.02713299 -0.09057207]
[-0.14256241  0.02404635 -0.09083366]
[-0.14127873  0.0189384  -0.09026269]
[-0.13696838  0.01777079 -0.09118061]
[-0.13584349  0.01771684 -0.0923857 ]
[-0.13186976  0.01625354 -0.09363907]
[-0.12601517  0.0109684  -0.09141158]
[-0.12601517  0.0109684  -0.09141158]
[-0.12461335  0.00881151 -0.09021655]
[-0.12545632  0.00162898 -0.08775227]
[-0.12545632  0.00162898 -0.08775227]
[-0.12560244 -0.00107387 -0.08682303]
[-0.12531885 -0.00820107 -0.08339936]
[-0.12450623 -0.01551402 -0.08207346]
[-0.12317738 -0.02107444 -0.08101745]
[-0.12244246 -0.0237009  -0.07964522]
[-0.12176704 -0.02648261 -0.0776493 ]
[-0.11985844 -0.03237987 -0.07175084]
[-0.11985844 -0.03237987 -0.07175084]
[-0.12206006 -0.03576266 -0.06922526]
[-0.12753569 -0.03883754 -0.06586652]
[-0.12943047 -0.04028738 -0.06397197]
[-0.12945236 -0.04199594 -0.05948092]
[-0.12945236 -0.04199594 -0.05948092]
[-0.12720394 -0.0410614  -0.05808263]
[-0.12411973 -0.03393059 -0.05518571]
[-0.12411973 -0.03393059 -0.05518571]
[-0.12413135 -0.03102798 -0.05533675]
[-0.1242748  -0.02850482 -0.05565258]
[-0.12513787 -0.02694386 -0.05481131]
[-0.12861843 -0.02582707 -0.04917322]
[-0.13252548 -0.02585978 -0.04619848]
[-0.13618173 -0.02559546 -0.04449618]
[-0.13900396 -0.02487463 -0.04480879]
[-0.14055321 -0.02443331 -0.04483182]
[-0.14124736 -0.02435978 -0.04218211]
[-0.14124736 -0.02435978 -0.04218211]
[-0.14208929 -0.02351617 -0.04071023]
[-0.14325931 -0.02192618 -0.03967275]
[-0.14443564 -0.0163269  -0.0396124 ]
[-0.14510657 -0.01407798 -0.03984327]
[-0.14539752 -0.01232424 -0.0399578 ]
[-0.14918351 -0.01120204 -0.03980081]
[-0.14918351 -0.01120204 -0.03980081]
[-0.15035723 -0.01052953 -0.04027718]
[-0.1528016  -0.00961773 -0.04191731]
[-0.15378006 -0.00907383 -0.04273545]
[-0.15536945 -0.00856442 -0.0430648 ]
[-0.15768549 -0.00548626 -0.04396098]
[-0.15768549 -0.00548626 -0.04396098]
[-0.15781266 -0.00427138 -0.04402767]
[-0.15766244 -0.00261072 -0.04407157]
[-0.15852697 -0.00099129 -0.04384552]
[-0.16017044  0.00180229 -0.04438548]
[-0.16238073  0.0042129  -0.04633436]
[-0.16238073  0.0042129  -0.04633436]
[-0.16072275  0.00461769 -0.04531432]
[-0.16074214  0.00156625 -0.04485559]
[-0.16349125 -0.00077448 -0.04512382]
[-0.16977592 -0.00453531 -0.0456579 ]
[-0.16997072 -0.00496865 -0.04467396]
[-0.16573587 -0.00403896 -0.04246794]
[-0.16022234 -0.00198954 -0.04135989]
[-0.15303266  0.0011317  -0.04125811]
[-0.15233302  0.00178814 -0.0428306 ]
[-0.1556037   0.00079584 -0.04643023]
[-1.57540836e-01 -2.76860264e-05 -4.85866703e-02]
[-0.1581816  -0.0019006  -0.04998798]
[-0.15911764 -0.00652255 -0.05251402]
[-0.1628406  -0.00900944 -0.05494314]
[-0.16852979 -0.01090085 -0.05814391]
[-0.16829901 -0.01071782 -0.05772144]
[-0.16808327 -0.01123395 -0.05653342]
[-0.16754343 -0.01168281 -0.05585978]
[-0.16739366 -0.01232068 -0.05617256]
[-0.16575607 -0.01428476 -0.05689219]
[-0.16570204 -0.01583937 -0.05742209]
[-0.16583839 -0.01716985 -0.05741929]
[-0.16624175 -0.01849268 -0.0579347 ]
[-0.16663673 -0.01965429 -0.05811793]
[-0.16356913 -0.02239509 -0.05786552]
[-0.16356913 -0.02239509 -0.05786552]
[-0.16251875 -0.02372985 -0.05844551]
[-0.16108907 -0.02547771 -0.05872697]
[-0.15873032 -0.0301067  -0.05943904]
[-0.15792851 -0.03286819 -0.0604208 ]
[-0.1569068  -0.04148494 -0.06526471]
[-0.1569068  -0.04148494 -0.06526471]
[-0.15672019 -0.04412388 -0.06530368]
[-0.15802793 -0.0493989  -0.06556147]
[-0.15797545 -0.05129286 -0.06605918]
[-0.15723805 -0.05343379 -0.0673077 ]
[-0.15717126 -0.05459067 -0.06816032]
[-0.1559323  -0.05822768 -0.07037553]
[-0.15277425 -0.06255237 -0.07187898]
[-0.1511923  -0.06464943 -0.07230147]
[-0.14983815 -0.06505331 -0.07154706]
[-0.14815261 -0.06464804 -0.07094306]
[-0.13773138 -0.06251948 -0.06834203]
[-0.13689702 -0.06226427 -0.0703126 ]
[-0.13689702 -0.06226427 -0.0703126 ]
[-0.13910232 -0.06285623 -0.07176723]
[-0.1366159  -0.06489572 -0.07492592]
[-0.1352891  -0.06546149 -0.07549891]
[-0.13838784 -0.06815033 -0.07482176]
[-0.13838784 -0.06815033 -0.07482176]
[-0.13959504 -0.0695645  -0.07519308]
[-0.1408346  -0.07230053 -0.07663403]
[-0.14228698 -0.07358154 -0.07690075]
[-0.14674102 -0.07513544 -0.07736103]
[-0.15084339 -0.07591238 -0.07642417]
[-0.15269716 -0.07590716 -0.07544773]
[-0.15612761 -0.07456898 -0.07372538]
[-0.15839438 -0.07393339 -0.07310584]
[-0.16066942 -0.07326958 -0.07271493]
[-0.16246051 -0.07228578 -0.07108852]
[-0.16716326 -0.0648255  -0.06709085]
[-0.16846382 -0.05949757 -0.06426686]
[-0.16955028 -0.05438279 -0.06097022]
[-0.17044696 -0.04454182 -0.05221722]
[-0.17044696 -0.04454182 -0.05221722]
[-0.17079221 -0.0387628  -0.04689123]
[-0.17007116 -0.01982735 -0.03390798]
[-0.17007116 -0.01982735 -0.03390798]
[-0.17088841 -0.01409697 -0.03140708]
[-0.17225955 -0.00864988 -0.02937716]
[-0.17296604  0.0028025  -0.02302066]
[-0.17308134  0.00873899 -0.01896981]
[-0.17764825  0.02634547 -0.0055714 ]
[-0.17935329  0.03155831 -0.00125468]
[-0.17996302  0.04613966  0.01448422]
[-0.17996302  0.04613966  0.01448422]
[-0.17985977  0.05023746  0.02105143]
[-0.17887852  0.05788766  0.03475609]
[-0.17776113  0.0617897   0.03977072]
[-0.17612821  0.07021844  0.05257477]
[-0.17452819  0.07348634  0.05522088]
[-0.17278689  0.07845725  0.06079453]
[-0.1673622   0.08547243  0.06545038]
[-0.16382846  0.0873789   0.06635786]
[-0.16382846  0.0873789   0.06635786]
[-0.15548551  0.09174488  0.06833956]
[-0.15548551  0.09174488  0.06833956]
[-0.15437134  0.09282199  0.06798685]
[-0.15394359  0.09533688  0.06652048]
[-0.1519699   0.09710892  0.06552428]
[-0.14907646  0.09957113  0.06458848]
[-0.14643972  0.10209571  0.06256787]
[-0.14478083  0.10390761  0.05997904]
[-0.14490552  0.10499723  0.05750504]
[-0.14616706  0.10501388  0.05491832]
[-0.14783936  0.10373417  0.04918325]
[-0.14704848  0.10373197  0.04664517]
[-0.14573166  0.10368171  0.04308502]
[-0.14639523  0.10311488  0.03594202]
[-0.15050943  0.10163065  0.0298358 ]
[-0.15548621  0.09809788  0.02915852]
[-0.1580871   0.09566099  0.02870892]
[-0.16021814  0.0901465   0.02059196]
[-0.1592577   0.08909691  0.01706769]
[-0.15707268  0.07648446 -0.00189469]
[-0.15225303  0.06815647 -0.01475009]
[-0.15003096  0.06151494 -0.02490059]
[-0.15247701  0.05795593 -0.02881713]
[-0.16462234  0.0479536  -0.04120203]
[-0.16654799  0.04495068 -0.04569533]
[-0.16641526  0.03909344 -0.05502826]
[-0.16205519  0.03225443 -0.0622553 ]
[-0.16046737  0.02924925 -0.06532829]
[-0.1592804   0.02233339 -0.06979601]
[-0.1596347   0.01886217 -0.07137517]
[-0.16021442  0.01555582 -0.07228374]
[-0.15978304  0.00904    -0.0752786 ]
[-0.15978304  0.00904    -0.0752786 ]
[-0.15599144  0.00261201 -0.08133409]
[-0.15149101 -0.00232424 -0.08767467]
[-0.15045923 -0.00472007 -0.09024651]
[-0.15090481 -0.00752923 -0.09268567]
[-0.1541208  -0.01628575 -0.09917942]
[-0.1541208  -0.01628575 -0.09917942]
[-0.15036504 -0.02647729 -0.10509279]
[-0.15036504 -0.02647729 -0.10509279]
[-0.14808792 -0.02940731 -0.10559256]
[-0.1436965  -0.03558796 -0.10738034]
[-0.14266186 -0.04147215 -0.1091362 ]
[-0.14358823 -0.04450937 -0.10959129]
[-0.14475598 -0.05088468 -0.11330995]
[-0.14135641 -0.05775353 -0.1178656 ]
[-0.14132696 -0.06629943 -0.12371179]
[-0.14132696 -0.06629943 -0.12371179]
[-0.14410917 -0.07032222 -0.1276724 ]
[-0.14254958 -0.07509541 -0.13837913]
[-0.14190851 -0.07658367 -0.14063542]
[-0.14139825 -0.0795863  -0.14205851]
[-0.13861826 -0.08728815 -0.14519978]
[-0.137194   -0.08995845 -0.14604928]
[-0.13505356 -0.09142099 -0.14685336]
[-0.13309269 -0.09236156 -0.14800031]
[-0.13077135 -0.09524827 -0.15090835]
[-0.13028502 -0.0974847  -0.15194689]
[-0.1306413  -0.09961182 -0.15195961]
[-0.13086516 -0.10161541 -0.15207246]
[-0.13084598 -0.10218642 -0.15230821]
[-0.12677491 -0.1018976  -0.1560484 ]
[-0.12512466 -0.10090934 -0.15761609]
[-0.12195538 -0.10021683 -0.16188568]
[-0.12164108 -0.09850766 -0.16469035]
[-0.12062195 -0.0984786  -0.16556035]
[-0.11583716 -0.10005085 -0.16496597]
[-0.11259362 -0.10081869 -0.16473961]
[-0.10877807 -0.10148604 -0.16519774]
[-0.10877807 -0.10148604 -0.16519774]
[-0.10882356 -0.10299989 -0.16514616]
[-0.11486439 -0.10728192 -0.1633742 ]
[-0.11872167 -0.10857856 -0.15563382]
[-0.11872167 -0.10857856 -0.15563382]
[-0.11801949 -0.10923452 -0.15296069]
[-0.1163487  -0.10979544 -0.14962701]
[-0.12046261 -0.108523   -0.129795  ]
[-0.12256455 -0.10741305 -0.12675601]
[-0.12453847 -0.10689627 -0.12342998]
[-0.13004523 -0.10489117 -0.11108159]
[-0.13500356 -0.10333769 -0.09768754]
[-0.13710197 -0.10240827 -0.09390183]
[-0.14098358 -0.10169481 -0.08428451]
[-0.14098358 -0.10169481 -0.08428451]
[-0.14373983 -0.10296977 -0.08209223]
[-0.14997782 -0.10334721 -0.08030337]
[-0.1617321  -0.10326203 -0.07398112]
[-0.16177092 -0.10077555 -0.06627949]
[-0.16080176 -0.09834199 -0.06226947]
[-0.16081281 -0.09713627 -0.06191953]
[-0.16116871 -0.08940843 -0.06140759]
[-0.16092929 -0.08688799 -0.0618779 ]
[-0.15657038 -0.08248914 -0.0651531 ]
[-0.15657038 -0.08248914 -0.0651531 ]
[-0.1553441  -0.08119772 -0.06510763]
[-0.15438527 -0.08019957 -0.0640199 ]
[-0.1509124  -0.07755673 -0.061196  ]
[-0.14772865 -0.07600363 -0.06012719]
[-0.14397071 -0.07403767 -0.05896712]
[-0.1360631  -0.06868891 -0.05812473]
[-0.1360631  -0.06868891 -0.05812473]
[-0.13187224 -0.06366794 -0.05787105]
[-0.12910216 -0.06060566 -0.05827172]
[-0.12442169 -0.060109   -0.05965867]
[-0.11937349 -0.0609929  -0.06095023]
[-0.1212253  -0.06040593 -0.06010144]
[-0.12141665 -0.05996889 -0.05933779]
[-0.12126774 -0.05833217 -0.05764911]
[-0.12126774 -0.05833217 -0.05764911]
[-0.12189569 -0.05808464 -0.05686543]
[-0.12272124 -0.05807704 -0.05412041]
[-0.12272124 -0.05807704 -0.05412041]
[-0.12359405 -0.05812693 -0.05370918]
[-0.12423047 -0.05833041 -0.0534476 ]
[-0.12663214 -0.05792642 -0.05362722]
[-0.12674874 -0.05788412 -0.05430734]
[-0.13043505 -0.05916095 -0.05821855]
[-0.13453437 -0.05990941 -0.05881867]
[-0.14075777 -0.06239722 -0.05906243]
[-0.14194343 -0.06249212 -0.05971783]
[-0.14304735 -0.06197244 -0.06005986]
[-0.14515868 -0.06089433 -0.06016688]
[-0.14916072 -0.05984345 -0.05866446]
[-0.15043037 -0.05981298 -0.0586343 ]
[-0.15133758 -0.05959297 -0.05877312]
[-0.15192002 -0.05910505 -0.05896058]
[-0.15332632 -0.05858224 -0.05904327]
[-0.15426192 -0.05784299 -0.05851339]
[-0.15652589 -0.0547033  -0.05866942]
[-0.15772107 -0.05132338 -0.05958116]
[-0.15957584 -0.04588051 -0.05922398]
[-0.15918635 -0.0418267  -0.05834106]
[-0.15945375 -0.03798046 -0.05673844]
[-0.16004915 -0.03117178 -0.05456834]
[-0.16069494 -0.02836449 -0.05413538]
[-0.16331389 -0.02222072 -0.05558322]
[-0.16504383 -0.01973825 -0.05729015]
[-0.17017371 -0.01670975 -0.06089031]
[-0.17505808 -0.01592773 -0.06281768]
[-0.17505808 -0.01592773 -0.06281768]
[-0.17592538 -0.01514656 -0.06282454]
[-0.18564475 -0.01203462 -0.06079909]
[-0.18967307 -0.01155002 -0.0608922 ]
[-0.19630093 -0.00889309 -0.06265971]
[-0.19848772 -0.00811979 -0.0626075 ]
[-0.20165798 -0.00737991 -0.06065932]
[-0.20231263 -0.0074843  -0.05890679]
[-0.20309517 -0.00663018 -0.05726827]
[-0.20357827 -0.0055466  -0.05667245]
[-0.2051425  -0.0041151  -0.05549989]
[-0.20884794 -0.00100311 -0.05256276]
[-0.2115865   0.00181761 -0.04999912]
[-0.2139631   0.00372592 -0.04880526]
[-0.22409454  0.00643117 -0.04674258]
[-0.23291603  0.00963215 -0.04603826]
[-0.23512563  0.01476271 -0.04462513]
[-0.23608842  0.01742685 -0.04370799]
[-0.24004658  0.01947109 -0.04347254]
[-0.25927242  0.02486708 -0.03847206]
[-0.2646411   0.02869019 -0.03518676]
[-0.26948414  0.03370775 -0.03437734]
[-0.27487048  0.03849727 -0.03329441]
[-0.27803161  0.04063387 -0.03279834]
[-0.28164118  0.04818952 -0.03231389]
[-0.28164118  0.04818952 -0.03231389]
[-0.28158458  0.04970584 -0.0317397 ]
[-0.28199292  0.04984423 -0.03155419]
[-0.28461745  0.04909111 -0.03244822]
[-0.28777415  0.04921437 -0.0335023 ]
[-0.29330059  0.05077255 -0.03393207]
[-0.29577956  0.05109159 -0.03240223]
[-0.30064123  0.05031448 -0.02909022]
[-0.30146309  0.05003168 -0.0290087 ]
[-0.30240386  0.04988172 -0.02862048]
[-0.30085974  0.05054428 -0.02915365]
[-0.29952309  0.05002037 -0.02842224]
[-0.29623122  0.04785759 -0.02633828]
[-0.29517711  0.0462555  -0.0248369 ]
[-0.2943029   0.04441801 -0.02448053]
[-0.29158396  0.04151976 -0.02063246]
[-0.28763398  0.03970266 -0.01603218]
[-0.28537447  0.03959735 -0.01434383]
[-0.27693487  0.04052226 -0.00831625]
[-0.27473261  0.04233136 -0.00528902]
[-0.27189355  0.04336564 -0.00323254]
[-0.27043831  0.04431621 -0.00092812]
[-0.26821496  0.04469486  0.00213556]
[-0.26253508  0.04611431  0.0102222 ]
[-0.25979372  0.04697416  0.01534513]
[-0.2564975   0.04827861  0.0206005 ]
[-0.25300393  0.04898274  0.02569639]
[-0.25019988  0.05077439  0.03364396]
[-0.2461171   0.05314748  0.04095448]
[-0.24330375  0.05439093  0.04343895]
[-0.23756022  0.05651813  0.04771983]
[-0.23782403  0.05729659  0.04917146]
[-0.2396015   0.05850666  0.05000582]
[-0.24244506  0.05960634  0.05227547]
[-0.24329302  0.06060496  0.0547211 ]
[-0.24202642  0.06201854  0.05980111]
[-0.23836615  0.06236646  0.06245905]
[-0.23492711  0.06322815  0.0635822 ]
[-0.23353052  0.06283349  0.06171709]
[-0.23196452  0.06111519  0.05853416]
[-0.22953221  0.06030517  0.05517736]
[-0.22736726  0.05953748  0.05149413]
[-0.22107609  0.06131952  0.04128045]
[-0.21888847  0.06255253  0.03432134]
[-0.21929345  0.06253624  0.02993055]
[-0.21771407  0.06138695  0.01662734]
[-0.21752023  0.0590172   0.00887831]
[-0.21922835  0.05383631 -0.0079971 ]
[-0.22204729  0.05094029 -0.01477034]
[-0.22216389  0.0480059  -0.02279428]
[-0.22183603  0.04248853 -0.03766472]
[-0.22225632  0.03977764 -0.04471504]
[-0.22386944  0.03718996 -0.05159799]
[-0.22618925  0.03440548 -0.05728617]
[-0.23407145  0.02731624 -0.07075337]
[-0.23591238  0.02461984 -0.07311787]
[-0.23721649  0.02143649 -0.07430621]
[-0.23791486  0.01446544 -0.07736491]
[-0.2423887   0.00532837 -0.08363403]
[-0.24368973  0.00277696 -0.08522006]
[-2.43760453e-01  2.23618976e-04 -8.69730264e-02]
[-0.24234038 -0.0041142  -0.0919127 ]
[-0.24033716 -0.00610331 -0.09449747]
[-0.23779324 -0.00854167 -0.09605412]
[-0.23513235 -0.01132227 -0.09723566]
[-0.23187769 -0.01650372 -0.09870428]
[-0.22877576 -0.02225445 -0.09916755]
[-0.22582872 -0.02428186 -0.10029288]
[-0.22111391 -0.02966649 -0.10378944]
[-0.21972899 -0.03259204 -0.10553113]
[-0.21940775 -0.03526305 -0.10712513]
[-0.21932022 -0.03761509 -0.1078772 ]
[-0.21848564 -0.04184147 -0.10786302]
[-0.21750658 -0.04494861 -0.1083833 ]
[-0.2168193  -0.04880869 -0.10899559]
[-0.21758278 -0.05283177 -0.11043143]
[-0.22008317 -0.05582699 -0.11308182]
[-0.22243642 -0.05826376 -0.11583699]
[-0.22343291 -0.06118469 -0.12380604]
[-0.22236967 -0.0625864  -0.12418929]
[-0.22096485 -0.06554721 -0.12802558]
[-0.21844577 -0.06750644 -0.13013212]
[-0.21676144 -0.06885895 -0.1333368 ]
[-0.2158098  -0.07097042 -0.13653007]
[-0.21455069 -0.07309649 -0.13726467]
[-0.21379809 -0.07809479 -0.13889827]
[-0.21179807 -0.08164348 -0.13832764]
[-0.2072837  -0.08436879 -0.13707368]
[-0.20204616 -0.08760607 -0.13288625]
[-0.20204616 -0.08760607 -0.13288625]
[-0.20040197 -0.08844986 -0.13135502]
[-0.1993974  -0.08957003 -0.13047798]
[-0.19774253 -0.09071898 -0.13006981]
[-0.19772062 -0.09331977 -0.12820573]
[-0.19812965 -0.09486119 -0.12780972]
[-0.19764374 -0.09662656 -0.12753397]
[-0.19601925 -0.09852387 -0.12753938]
[-0.19325184 -0.09964749 -0.12777735]
[-0.18847232 -0.10217723 -0.12799691]
[-0.18726883 -0.10320787 -0.12883711]
[-0.18695455 -0.10420543 -0.1304757 ]
[-0.18674446 -0.10512717 -0.13234472]
[-0.18496811 -0.1077017  -0.13778022]
[-0.1842602  -0.10897683 -0.14031729]
[-0.18414315 -0.11004321 -0.14279152]
[-0.18444506 -0.11091661 -0.1447926 ]
[-0.1844791  -0.11172918 -0.14674883]
[-0.18421641 -0.11263673 -0.14848457]
[-0.18426058 -0.11429263 -0.15220022]
[-0.18587521 -0.11467315 -0.15545869]
[-0.18650506 -0.11476692 -0.15764701]
[-0.18642815 -0.11427592 -0.1605113 ]
[-0.18428647 -0.11520022 -0.16202736]
[-0.18329507 -0.11692702 -0.1616478 ]
[-0.18028927 -0.1198105  -0.16044742]
[-0.17941198 -0.12042817 -0.16016422]
[-0.17740973 -0.12068906 -0.16068083]
[-0.17676401 -0.12050094 -0.16098595]
[-0.17450624 -0.1204334  -0.16056906]
[-0.17247477 -0.12168176 -0.15810522]
[-0.17179694 -0.12274148 -0.15654485]
[-0.17074114 -0.12363748 -0.15497532]
[-0.16934782 -0.12480466 -0.15238869]
[-0.16908813 -0.12529555 -0.15138066]
[-0.16873959 -0.12611592 -0.14989021]
[-0.16969498 -0.12683204 -0.15011872]
[-0.17054557 -0.12771194 -0.15039045]
[-0.17041001 -0.12775758 -0.14983995]
[-0.16914965 -0.12737906 -0.14835216]
[-0.16888093 -0.12670435 -0.14665383]
[-0.16971887 -0.12608242 -0.14465532]
[-0.17186611 -0.12463193 -0.13866425]
[-0.17440227 -0.1230665  -0.12874015]
[-0.17528084 -0.12200064 -0.12382761]
[-0.17628529 -0.12017114 -0.11978023]
[-0.17797273 -0.11687834 -0.11581993]
[-0.18213261 -0.10985812 -0.10622128]
[-0.18329413 -0.10677522 -0.10096762]
[-0.18384956 -0.10488824 -0.09570694]
[-0.18459168 -0.10211512 -0.08816297]
[-0.18514491 -0.1003147  -0.08495826]
[-0.18641489 -0.09789822 -0.08241732]
[-0.19053975 -0.09095191 -0.0755038 ]
[-0.19690788 -0.08268692 -0.06952853]
[-0.19690788 -0.08268692 -0.06952853]
[-0.20027013 -0.07751659 -0.06783242]
[-0.20289506 -0.07448452 -0.06719486]
[-0.2050937  -0.07171412 -0.06677559]
[-0.20785499 -0.06964408 -0.06566112]
[-0.20933636 -0.06756373 -0.06417476]
[-0.21202017 -0.0633286  -0.06218916]
[-0.21226581 -0.06068098 -0.06156307]
[-0.21332319 -0.05761869 -0.06108331]
[-0.21373137 -0.05469597 -0.06082419]
[-0.21317694 -0.05138908 -0.0600614 ]
[-0.21329557 -0.04555157 -0.06058818]
[-0.21310396 -0.04266923 -0.06178967]
[-0.21377529 -0.03687397 -0.06414201]
[-0.21354371 -0.03449836 -0.06478865]
[-0.21451498 -0.03028539 -0.06335342]
[-0.21421484 -0.02780987 -0.0622776 ]
[-0.21423629 -0.02542164 -0.06092061]
[-0.21339053 -0.02271237 -0.05969207]
[-0.21284469 -0.02027292 -0.05898588]
[-0.21074278 -0.01166842 -0.05711729]
[-0.20780979 -0.00465288 -0.05559108]
[-0.20554197  0.00103831 -0.05265269]
[-0.20325021  0.00564365 -0.05006094]
[-0.19829638  0.01330996 -0.04247257]
[-0.19829638  0.01330996 -0.04247257]
[-0.19691513  0.01473047 -0.04022377]
[-0.19496451  0.01567105 -0.03869069]
[-0.19306522  0.01816057 -0.03561792]
[-0.19209038  0.01967244 -0.03420207]
[-0.19131695  0.02136775 -0.03252545]
[-0.19061339  0.02476414 -0.02994709]
[-0.19061339  0.02476414 -0.02994709]
[-0.19072056  0.02633356 -0.02882819]
[-0.19231482  0.02925331 -0.02660562]
[-0.19240515  0.03084309 -0.02533625]
[-0.1925143   0.03282529 -0.02453626]
[-0.19248952  0.0347689  -0.02388281]
[-0.19211671  0.0388562  -0.02283786]
[-0.19161426  0.04056215 -0.02161101]
[-0.1917939   0.04202064 -0.0201825 ]
[-0.19204942  0.04463237 -0.01623458]
[-0.1923653   0.04633209 -0.01437103]
[-0.18908462  0.05126856 -0.01043284]
[-0.18109919  0.05321413 -0.00305938]
[-0.17626348  0.05409678  0.00118171]
[-0.16909947  0.05769146  0.00702855]
[-0.16470628  0.06061584  0.00909705]
[-0.16104407  0.06427002  0.01198408]
[-0.13985069  0.07329345  0.0125625 ]
[-0.13985069  0.07329345  0.0125625 ]
[-0.11995716  0.08130262  0.00970845]
[-0.11441831  0.08505471  0.00954624]
[-0.11189937  0.08918498  0.00998651]
[-0.10833227  0.0931809   0.01053013]
[-0.10447672  0.09630609  0.0112379 ]
[-0.10168148  0.1004444   0.01385946]
[-0.10037147  0.10220487  0.01362146]
[-0.09875458  0.1025506   0.01158996]
[-0.09762871  0.10272659  0.01052403]
[-0.09801581  0.1037907   0.00998711]
[-0.09893647  0.10416947  0.01056168]
[-0.09969024  0.10443897  0.01186484]
[-0.09884779  0.10363748  0.01279353]
[-0.09770233  0.1031877   0.01244696]
[-0.09712018  0.10251218  0.01177235]
[-0.09692005  0.10189783  0.01114616]
[-0.09643107  0.09986289  0.00824453]
[-0.09541828  0.09864803  0.00514453]
[-0.09516636  0.0972384   0.00236053]
[-0.09510405  0.09634355 -0.00056201]
[-0.0969572   0.09451984 -0.00887873]
[-0.09633991  0.09399998 -0.01347054]
[-0.09633991  0.09399998 -0.01347054]
[-0.09520148  0.092546   -0.01704216]
[-0.09498185  0.08877445 -0.02148873]
[-0.09331713  0.08583469 -0.02469609]
[-0.09244454  0.08243851 -0.02792885]
[-0.09169119  0.07624111 -0.03889208]
[-0.09254071  0.06953563 -0.05035881]
[-0.09356574  0.06563319 -0.0549248 ]
[-0.09457135  0.06098363 -0.05851874]
[-0.09729045  0.05630455 -0.06092241]
[-0.10057971  0.03993674 -0.06651375]
[-0.10057971  0.03993674 -0.06651375]
[-0.10102821  0.03492853 -0.06951502]
[-0.10207427  0.02972035 -0.07358301]
[-0.10298287  0.02529238 -0.07888835]
[-0.10477464  0.01701884 -0.08800441]
[-0.10427836  0.01316635 -0.09116773]
[-0.10152679  0.00536717 -0.09581068]
[-0.10152679  0.00536717 -0.09581068]
[-0.09808929 -0.00113986 -0.0999051 ]
[-0.09485434 -0.00722651 -0.10249126]
[-0.09485434 -0.00722651 -0.10249126]
[-0.09285843 -0.01028366 -0.10437772]
[-0.09227437 -0.01322931 -0.10667823]
[-0.09210941 -0.01790317 -0.11035836]
[-0.0940458  -0.02172128 -0.11200637]
[-0.09419329 -0.02356986 -0.11261872]
[-0.09456323 -0.02570417 -0.1134044 ]
[-0.09446534 -0.02838318 -0.11365502]
[-0.09351145 -0.03379506 -0.11294493]
[-0.09110456 -0.03877465 -0.11154042]
[-0.09096955 -0.04079768 -0.11088058]
[-0.09094391 -0.04554633 -0.11102515]
[-0.09282253 -0.05295595 -0.10993839]
[-0.09585096 -0.05717114 -0.1086705 ]
[-0.09542168 -0.05935626 -0.10827254]
[-0.09286776 -0.06076384 -0.10728894]
[-0.08604787 -0.06414372 -0.1029798 ]
[-0.08241654 -0.06630949 -0.09800091]
[-0.0848357  -0.06608318 -0.09410183]
[-0.08839489 -0.06458651 -0.08948637]
[-0.08834122 -0.06409075 -0.08618042]
[-0.08687402 -0.06371961 -0.08323793]
[-0.08613318 -0.06267328 -0.0816994 ]
[-0.08497083 -0.06121152 -0.07970407]
[-0.08278075 -0.05812455 -0.07699471]
[-0.0809339  -0.05631679 -0.07569461]
[-0.07967965 -0.05408407 -0.07435355]
[-0.07923915 -0.05111921 -0.07265618]
[-0.0810754  -0.04496631 -0.06913168]
[-0.0806535  -0.04263945 -0.06751644]
[-0.08036094 -0.04056443 -0.06609854]
[-0.07878778 -0.03862301 -0.06450009]
[-0.07762808 -0.03652913 -0.06302025]
[-0.08709727 -0.02814463 -0.05631363]
[-0.09235932 -0.02417028 -0.05348004]
[-0.09687128 -0.02104533 -0.05114138]
[-0.10184704 -0.01813609 -0.04982184]
[-0.11153282 -0.01154981 -0.04724869]
[-0.11574729 -0.00835673 -0.04662243]
[-0.12016692 -0.00455472 -0.04479804]
[-0.12463064 -0.00048529 -0.04281636]
[-0.12692133  0.00489108 -0.04014344]
[-0.12454705  0.01144339 -0.03978024]
[-0.12290106  0.01479594 -0.03985228]
[-0.121721    0.01850736 -0.03987471]
[-0.12306514  0.02280022 -0.03850512]
[-0.1250181   0.0263704  -0.03757225]
[-0.12911257  0.03267379 -0.03368657]
[-0.131606   0.0352532 -0.0312342]
[-0.13205529  0.03812206 -0.02925403]
[-0.13446704  0.04447382 -0.02544398]
[-0.13512355  0.04791252 -0.02375535]
[-0.13720247  0.05409587 -0.02017987]
[-0.14082822  0.05704052 -0.01883458]
[-0.14257022  0.05948129 -0.01781619]
[-0.14426225  0.06185827 -0.01652812]
[-0.14341589  0.06626745 -0.01319808]
[-0.1432428   0.06875958 -0.01173717]
[-0.14356951  0.07131403 -0.01058432]
[-0.14424425  0.07394955 -0.00908651]
[-0.14298991  0.07971748 -0.00869136]
[-0.14414953  0.08706639 -0.00627301]
[-0.14541343  0.08940217 -0.00436773]
[-0.14609902  0.0947579   0.00068709]
[-0.14663572  0.09794253  0.00954101]
[-0.14785149  0.09927274  0.01287593]
[-0.15353772  0.10235887  0.01898856]
[-0.15464498  0.10389392  0.02100021]
[-0.15633405  0.1051598   0.02317418]
[-0.15905365  0.10614105  0.0247284 ]
[-0.16165288  0.10510466  0.02545928]
[-0.16189852  0.10425707  0.02532519]
[-0.16236666  0.10270616  0.02395481]
[-0.16223018  0.09729326  0.01640726]
[-0.16172602  0.09269256  0.00936629]
[-0.16182308  0.08692829  0.00225069]
[-0.16251357  0.08062501 -0.00361669]
[-0.1621985   0.07417265 -0.00940138]
[-0.16049438  0.06068102 -0.01896425]
[-0.16206951  0.04822359 -0.02887142]
[-0.16408342  0.03674714 -0.03668283]
[-0.1667862   0.02740968 -0.04382195]
[-0.17099822  0.02103783 -0.0481315 ]
[-0.17247625  0.01885929 -0.04908085]
[-0.17700665  0.01650268 -0.05031591]
[-0.18344443  0.01474528 -0.05374483]
[-0.18541091  0.01439396 -0.05482351]
[-0.18597208  0.01395789 -0.05547476]
[-0.18572059  0.0130362  -0.05617748]
[-0.18555629  0.01017479 -0.05861662]
[-0.18673648  0.00709566 -0.06066976]
[-0.18781338  0.00394465 -0.06219001]
[-0.18867118 -0.0002891  -0.0618944 ]
[-0.18847085 -0.00244847 -0.06146773]
[-0.18673214 -0.00428404 -0.06118383]
[-0.18525045 -0.00982158 -0.06298821]
[-0.18520804 -0.01240612 -0.06351774]
[-0.18907188 -0.01794424 -0.0655458 ]
[-0.18907188 -0.01794424 -0.0655458 ]
[-0.19099425 -0.0210389  -0.06534441]
[-0.19225776 -0.02416739 -0.06514863]
[-0.19030935 -0.02996141 -0.06363927]
[-0.18920345 -0.03736636 -0.06340237]
[-0.18920345 -0.03736636 -0.06340237]
[-0.18773324 -0.04217016 -0.06462727]
[-0.18638334 -0.04379045 -0.06431093]
[-0.18641798 -0.04654254 -0.06256847]
[-0.18790334 -0.04934305 -0.06005062]
[-0.19246258 -0.05502171 -0.05590377]
[-0.19769034 -0.06059437 -0.0529298 ]
[-0.2006426  -0.06303995 -0.0518731 ]
[-0.20463827 -0.0650253  -0.04987606]
[-0.20778194 -0.06725835 -0.04623007]
[-0.20889392 -0.0678315  -0.044217  ]
[-0.20885135 -0.06837476 -0.0432784 ]
[-0.21095112 -0.06913368 -0.04300245]
[-0.21270606 -0.07143832 -0.04093315]
[-0.21270606 -0.07143832 -0.04093315]
[-0.21658702 -0.07374057 -0.03621251]
[-0.21764913 -0.07403417 -0.03355265]
[-0.22168503 -0.07476104 -0.0311167 ]
[-0.22540464 -0.07694559 -0.02338427]
[-0.22540464 -0.07694559 -0.02338427]
[-0.22631548 -0.077258   -0.0169551 ]
[-0.22671524 -0.07643013 -0.00540046]
[-0.22671524 -0.07643013 -0.00540046]
[-0.22295594 -0.07506832  0.00267434]
[-0.22158475 -0.07510247  0.00712871]
[-0.22515286 -0.07719648  0.02405824]
[-0.22377537 -0.07693063  0.032299  ]
[-0.2222878  -0.07606813  0.04287259]
[-0.21792136 -0.07429878  0.06359071]
[-0.21653594 -0.07457689  0.07158186]
[-0.20985115 -0.07388245  0.08184252]
[-0.20404605 -0.0714751   0.08894254]
[-0.20329595 -0.07055493  0.09236883]
[-0.20212911 -0.06904949  0.09495059]
[-0.20131844 -0.06765775  0.09617329]
[-0.19958938 -0.06719004  0.09619182]
[-0.19717742 -0.06560065  0.09550609]
[-0.19542099 -0.06302095  0.09364542]
[-0.19596963 -0.05975002  0.09225272]
[-0.19930285 -0.0574097   0.09129684]
[-0.20109357 -0.05671418  0.08930608]
[-0.19967935 -0.05193632  0.08426378]
[-0.19856729 -0.04932727  0.08182912]
[-0.19730343 -0.04570477  0.07797445]
[-0.19961472 -0.0376223   0.05832615]
[-0.19961472 -0.0376223   0.05832615]
[-0.2027616  -0.03299583  0.04582926]
[-0.20408069 -0.03039363  0.03833307]
[-0.20697048 -0.02514059  0.02101856]
[-0.20988213 -0.02221535  0.01263492]
[-0.21466124 -0.01872869 -0.00146551]
[-0.2163428  -0.0170568  -0.00820811]
[-0.21848235 -0.0160275  -0.01514394]
[-0.222001   -0.01406182 -0.02082358]
[-0.22405931 -0.01209274 -0.02608009]
[-0.23044673 -0.00972398 -0.03785485]
[-0.23114815 -0.00969887 -0.04347822]
[-0.23238553 -0.01042254 -0.04894132]
[-0.23290976 -0.01171362 -0.05396197]
[-0.22960818 -0.01574459 -0.06113515]
[-0.22849341 -0.01748056 -0.06514566]
[-0.22897075 -0.01925964 -0.06911492]
[-0.22926638 -0.02087318 -0.07329658]
[-0.23267874 -0.02359783 -0.08145695]
[-0.23267874 -0.02359783 -0.08145695]
[-0.23387262 -0.02515247 -0.08544466]
[-0.23704248 -0.02804807 -0.09355108]
[-0.23756491 -0.027095   -0.09689379]
[-0.24115581 -0.02739618 -0.10512307]
[-0.24115581 -0.02739618 -0.10512307]
[-0.24514416 -0.0284908  -0.11300908]
[-0.24783047 -0.02852539 -0.11559602]
[-0.25305951 -0.03011591 -0.12161289]
[-0.25340949 -0.03447217 -0.12824397]
[-0.25133167 -0.03731531 -0.1313144 ]
[-0.24852356 -0.03854083 -0.13435686]
[-0.24762416 -0.03892722 -0.13777584]
[-0.24635128 -0.03897562 -0.13830897]
[-0.24525557 -0.03975112 -0.13816722]
[-0.24365749 -0.04058678 -0.13707697]
[-0.24045515 -0.04085103 -0.13601336]
[-0.23887864 -0.04081158 -0.13520446]
[-0.23785579 -0.04241449 -0.13474165]
[-0.23783577 -0.04344864 -0.13375063]
[-0.23933475 -0.04400715 -0.1321011 ]
[-0.23719897 -0.04768087 -0.12049089]
[-0.23468412 -0.04860615 -0.11554345]
[-0.23417279 -0.04963863 -0.1121498 ]
[-0.23452144 -0.05289119 -0.10376955]
[-0.23452144 -0.05289119 -0.10376955]
[-0.2345929  -0.05721832 -0.0947817 ]
[-0.23394665 -0.0585322  -0.09147768]
[-0.23277169 -0.05963841 -0.08927717]
[-0.23008582 -0.06247704 -0.08539966]
[-0.22801136 -0.06454425 -0.08291236]
[-0.20972447 -0.06859837 -0.07506517]
[-0.20972447 -0.06859837 -0.07506517]
[-0.1948151  -0.06733435 -0.07108834]
[-0.18127305 -0.06527612 -0.06723867]
[-0.17398028 -0.06393038 -0.06511738]
[-0.16437459 -0.06240438 -0.0627478 ]
[-0.14984619 -0.05778598 -0.05599769]
[-0.13140728 -0.05105013 -0.0472137 ]
[-0.13140728 -0.05105013 -0.0472137 ]
[-0.1276403  -0.04979213 -0.03885241]
[-0.12781576 -0.0472371  -0.03351646]
[-0.12139226 -0.03773103 -0.0281758 ]
[-0.11921276 -0.03230594 -0.02725753]
[-0.11167727 -0.02334008 -0.02555291]
[-0.10865486 -0.01993099 -0.02416297]
[-0.10254809 -0.01640855 -0.02310672]
[-0.09204749 -0.01053452 -0.02086581]
[-0.08253104 -0.00382345 -0.01451472]
[-0.08253104 -0.00382345 -0.01451472]
[-0.07941698 -0.00242955 -0.01218944]
[-0.07573833 -0.00107274 -0.01023255]
[-0.07131475  0.00063357 -0.0089442 ]
[-0.06217137  0.00544383 -0.00633264]
[-0.05819603  0.00810378 -0.00673936]
[-0.05568959  0.01067431 -0.00789903]
[-0.05335276  0.01270605 -0.00836216]
[-0.05099379  0.01399915 -0.00912954]
[-0.04250209  0.01898095 -0.00521929]
[-0.04057505  0.0209265  -0.00374871]
[-0.03892034  0.02234683 -0.00248015]
[-0.03828798  0.02398374 -0.00165251]
[-3.91267553e-02  2.69559324e-02 -2.71247700e-06]
[-0.04080399  0.02797759 -0.00040609]
[-0.04291715  0.02846473 -0.00039085]
[-0.04542075  0.02859711 -0.00030381]
[-0.04904542  0.0290875  -0.0006792 ]
[-5.25116935e-02  2.95545999e-02 -8.17833934e-05]
[-0.06096614  0.03012491  0.00360053]
[-0.06096614  0.03012491  0.00360053]
[-0.06223889  0.03027619  0.00439549]
[-0.06102767  0.03024702  0.00710912]
[-0.06344372  0.03308868  0.01119702]
[-0.06742998  0.03506985  0.01205317]
[-0.07029678  0.03639172  0.01174336]
[-0.07130484  0.03781089  0.01141397]
[-0.07289052  0.04194955  0.01361126]
[-0.07289052  0.04194955  0.01361126]
[-0.07646355  0.04223251  0.01435279]
[-0.08168905  0.0418236   0.01467051]
[-0.09327648  0.03904118  0.01451491]
[-0.09910291  0.03720928  0.0148058 ]
[-0.10379091  0.03553675  0.01494091]
[-0.10769561  0.03443274  0.01554681]
[-0.11029801  0.03392773  0.01658951]
[-0.11358448  0.03415667  0.01737515]
[-0.11489738  0.03454885  0.01656858]
[-0.11643873  0.03483183  0.01493454]
[-0.12008317  0.03562808  0.00976507]
[-0.12260454  0.03640675  0.00571555]
[-0.12452867  0.03722435  0.00165829]
[-0.12642737  0.03752232 -0.0028199 ]
[-0.13423865  0.03658069 -0.01187997]
[-0.13901678  0.03539957 -0.01809523]
[-0.14306384  0.03434849 -0.02456259]
[-0.14546751  0.03410832 -0.03142714]
[-0.1479751   0.03371963 -0.03781439]
[-0.15350454  0.03136107 -0.04637248]
[-0.15823861  0.02943591 -0.05104395]
[-0.16010888  0.02759008 -0.05449272]
[-0.16096115  0.02637682 -0.05804647]
[-0.16070306  0.02538711 -0.06167217]
[-0.15861291  0.02408202 -0.06684151]
[-0.15850908  0.02255168 -0.07056756]
[-0.15896253  0.01889649 -0.07655442]
[-0.15988344  0.01690221 -0.07906683]
[-0.16127626  0.0143857  -0.08322691]
[-0.16535837  0.01201519 -0.09224367]
[-0.16374066  0.00745961 -0.09411221]
[-0.16295008  0.00448758 -0.09374183]
[-0.16261568  0.0016717  -0.0944411 ]
[-0.16334772 -0.00141848 -0.09668197]
[-0.16570025 -0.0050775  -0.09950203]
[-0.17230089 -0.01331715 -0.10485465]
[-0.1753861  -0.01756344 -0.10565216]
[-0.1785306  -0.0258119  -0.10724095]
[-0.1785306  -0.0258119  -0.10724095]
[-0.17955452 -0.02943158 -0.10784133]
[-0.18728125 -0.04141656 -0.11334773]
[-0.19065543 -0.04520581 -0.11526159]
[-0.19211232 -0.04832805 -0.1172701 ]
[-0.19280325 -0.05109064 -0.1191701 ]
[-0.1929423  -0.0533917  -0.12127815]
[-0.19173946 -0.05857832 -0.12443146]
[-0.19135643 -0.06066748 -0.12571257]
[-0.19070478 -0.06442725 -0.12634923]
[-0.18995921 -0.06625442 -0.12637994]
[-0.18495421 -0.06982552 -0.12679425]
[-0.18418289 -0.07047468 -0.12668605]
[-0.18401427 -0.07132295 -0.12624305]
[-0.1819336  -0.07365822 -0.12343223]
[-0.18049981 -0.07584336 -0.12160925]
[-0.18103345 -0.07802244 -0.11866039]
[-0.18250877 -0.08042564 -0.11554002]
[-0.18367273 -0.0812335  -0.11272134]
[-0.18531231 -0.08076198 -0.10563811]
[-0.18264954 -0.07824554 -0.09846858]
[-0.18090129 -0.07726002 -0.09520401]
[-0.17727703 -0.07423891 -0.08729203]
[-0.17577352 -0.07224255 -0.08339569]
[-0.17315889 -0.06804364 -0.07727249]
[-0.16840715 -0.06421116 -0.07331836]
[-0.16133101 -0.05917845 -0.06464338]
[-0.16133101 -0.05917845 -0.06464338]
[-0.15912632 -0.05698603 -0.06141752]
[-0.15509893 -0.05203992 -0.05702611]
[-0.1532704  -0.04933071 -0.05329276]
[-0.15230672 -0.04686422 -0.05078349]
[-0.15143774 -0.04417766 -0.04781546]
[-0.15009305 -0.03780644 -0.04468257]
[-0.14931902 -0.03461321 -0.04306348]
[-0.14930515 -0.03158712 -0.04139616]
[-0.14963422 -0.02864326 -0.03923975]
[-0.14938462 -0.02600369 -0.0369025 ]
[-0.14915229 -0.02334725 -0.03461119]
[-0.14763914 -0.02027599 -0.03189009]
[-0.14376522 -0.01388378 -0.0281932 ]
[-0.14202927 -0.01081784 -0.02657106]
[-0.14085399 -0.00506966 -0.0225865 ]
[-0.14006633 -0.00169602 -0.02115403]
[-0.13976503  0.00140447 -0.01913142]
[-0.13935828  0.00478431 -0.01770416]
[-0.13852536  0.00757009 -0.01686943]
[-0.13681485  0.01012975 -0.01504009]
[-0.13246422  0.01513649 -0.01249455]
[-0.13031927  0.01774825 -0.01027573]
[-0.12927509  0.02017363 -0.00832636]
[-0.12831132  0.02264768 -0.00598617]
[-0.12812763  0.02574745 -0.00499109]
[-0.12890205  0.03139587 -0.00283291]
[-0.12873914  0.03355348 -0.00210143]
[-0.12875267  0.03521613 -0.00033838]
[-0.12854646  0.03825285  0.00167621]
[-0.12902877  0.03966134  0.00188828]
[-0.12913781  0.04051841  0.00202815]
[-0.13363807  0.04080541  0.00608039]
[-0.13363807  0.04080541  0.00608039]
[-0.13402208  0.04164558  0.01068101]
[-0.13205665  0.04471599  0.01755148]
[-0.13237283  0.04638737  0.01876296]
[-0.1347884   0.04711175  0.02034193]
[-0.13818042  0.04743484  0.02021928]
[-0.14463923  0.04903176  0.02013001]
[-0.14772092  0.05058861  0.01915985]
[-0.14998028  0.05246796  0.01896434]
[-0.15297386  0.05443384  0.01717665]
[-0.15376264  0.05498361  0.01521929]
[-0.15595052  0.05658656  0.01049852]
[-0.15642735  0.05741454  0.00768024]
[-0.15685656  0.0580295   0.00544385]
[-0.15696499  0.05852347 -0.00164888]
[-0.15593676  0.06121493 -0.01329273]
[-0.15531893  0.06202608 -0.01849414]
[-0.15486542  0.06162373 -0.02442962]
[-0.15519661  0.06065178 -0.03526795]
[-0.15631198  0.06042733 -0.0394947 ]
[-0.15827648  0.06022671 -0.04404311]
[-0.16074043  0.0598692  -0.04956232]
[-0.1623748   0.05845217 -0.05832611]
[-0.16165768  0.05643968 -0.06632426]
[-0.15656194  0.05292705 -0.07584933]
[-0.15535318  0.05197575 -0.07786117]
[-0.15459516  0.05136512 -0.07999649]
[-0.15376611  0.04882223 -0.08323285]
[-0.15370812  0.04804067 -0.08423925]
[-0.15559028  0.04448663 -0.08594996]
[-0.15559028  0.04448663 -0.08594996]
[-0.15509251  0.04284862 -0.08655129]
[-0.15531212  0.03930206 -0.08705698]
[-0.15668709  0.0373825  -0.08785713]
[-0.15810757  0.03551923 -0.08885056]
[-0.15895012  0.03343149 -0.08944952]
[-0.15911223  0.0310495  -0.09046038]
[-0.15875889  0.02713346 -0.09231737]
[-0.15840532  0.02506643 -0.09375299]
[-0.15784209  0.02255865 -0.09502512]
[-0.15689417  0.02010204 -0.09576093]
[-0.15653503  0.01292337 -0.09835439]
[-0.15662133  0.00975823 -0.09944696]
[-0.15916944 -0.00298164 -0.10334939]
[-0.15916944 -0.00298164 -0.10334939]
[-0.15916522 -0.0073881  -0.10383186]
[-0.15717257 -0.01999388 -0.10305652]
[-0.1563897  -0.02468104 -0.10425414]
[-0.15345564 -0.02961495 -0.10549118]
[-0.15018731 -0.03425962 -0.10771744]
[-0.13993491 -0.04143682 -0.11120438]
[-0.1364231  -0.04417372 -0.11301587]
[-0.13230121 -0.05047522 -0.11536255]
[-0.13230121 -0.05047522 -0.11536255]
[-0.13189783 -0.05818492 -0.11747275]
[-0.13189783 -0.05818492 -0.11747275]
[-0.13063852 -0.06376451 -0.11839297]
[-0.13034525 -0.0685001  -0.11766176]
[-0.13034525 -0.0685001  -0.11766176]
[-0.1308299  -0.07134721 -0.11691583]
[-0.13139351 -0.08211807 -0.11650225]
[-0.13139351 -0.08211807 -0.11650225]
[-0.13084731 -0.08529088 -0.11738615]
[-0.12673415 -0.09243644 -0.1187103 ]
[-0.12673415 -0.09243644 -0.1187103 ]
[-0.1225663  -0.09889809 -0.12181964]
[-0.11913448 -0.10192244 -0.12265342]
[-0.11986992 -0.10320011 -0.12265145]
[-0.12183043 -0.10429933 -0.1229573 ]
[-0.1244673  -0.10601586 -0.12351806]
[-0.12633141 -0.10782738 -0.12403642]
[-0.127225   -0.10907864 -0.12292837]
[-0.12726603 -0.10906515 -0.12287805]
[-0.12817082 -0.10875078 -0.12176292]
[-0.13302414 -0.10925987 -0.11925282]
[-0.13575575 -0.10931543 -0.11781408]
[-0.13835686 -0.11006682 -0.11192311]
[-0.13835686 -0.11006682 -0.11192311]
[-0.13052829 -0.10989453 -0.09805426]
[-0.13052829 -0.10989453 -0.09805426]
[-0.12685007 -0.10421474 -0.08931963]
[-0.12503047 -0.10015693 -0.08654773]
[-0.12322009 -0.09595341 -0.0849074 ]
[-0.124417   -0.0913365  -0.08211306]
[-0.12560526 -0.0901906  -0.08053359]
[-0.12608865 -0.08950826 -0.07928881]
[-0.12486637 -0.08848038 -0.07829905]
[-0.12396723 -0.08416518 -0.07716737]
[-0.12623706 -0.07912449 -0.07710622]
[-0.1274699  -0.07329726 -0.07741511]
[-0.1274699  -0.07329726 -0.07741511]
[-0.12792907 -0.07124283 -0.07781658]
[-0.12860969 -0.06917495 -0.07792416]
[-0.13192814 -0.06638318 -0.07783723]
[-0.13529177 -0.06626695 -0.0780635 ]
[-0.13784094 -0.06606985 -0.07821059]
[-0.14063738 -0.06594149 -0.07895481]
[-0.14210105 -0.06509118 -0.07935181]
[-0.14272242 -0.06358369 -0.07811405]
[-0.14363967 -0.06268706 -0.07703904]
[-0.14503505 -0.06138299 -0.07592793]
[-0.14788955 -0.05707413 -0.07471592]
[-0.14847728 -0.05487699 -0.07380734]
[-0.14917659 -0.05111251 -0.07234652]
[-0.14937081 -0.0493875  -0.07171115]
[-0.15028097 -0.04750175 -0.0713711 ]
[-0.15169204 -0.04563194 -0.07037851]
[-0.154591   -0.0416012  -0.06685791]
[-0.15437704 -0.03998189 -0.06435724]
[-0.15356912 -0.03788883 -0.06181014]
[-0.15375881 -0.03672812 -0.06065425]
[-0.15485405 -0.03486509 -0.05942435]
[-0.15837164 -0.03067319 -0.05632167]
[-0.15967404 -0.02508982 -0.05313984]
[-0.16042951 -0.02013886 -0.05037281]
[-0.16188527 -0.01785849 -0.04893827]
[-0.16486211 -0.01132331 -0.04302029]
[-0.16618187 -0.00801716 -0.04165374]
[-0.17060422  0.00065654 -0.03939166]
[-0.17067032  0.00215296 -0.03814782]
[-0.16809227  0.002793   -0.03849206]
[-0.15968364  0.00551483 -0.03740653]
[-0.15968364  0.00551483 -0.03740653]
[-0.15597242  0.00776617 -0.03733169]
[-0.15787043  0.00835239 -0.0368183 ]
[-0.16006533  0.00808004 -0.03657441]
[-0.16167874  0.00816185 -0.03729253]
[-0.16785046  0.00776501 -0.04338886]
[-0.16785046  0.00776501 -0.04338886]
[-0.16767606  0.00839525 -0.04762651]
[-0.16831049  0.01268076 -0.0605823 ]
[-0.17118503  0.01533357 -0.06763614]
[-0.17319646  0.01736296 -0.0746123 ]
[-0.17668244  0.01888075 -0.08144506]
[-0.17771847  0.0201993  -0.08672421]
[-0.18093012  0.01911905 -0.0968343 ]
[-0.18274028  0.01810035 -0.09996156]
[-0.18475267  0.0172118  -0.10337865]
[-0.18786275  0.01769099 -0.10706548]
[-0.19023965  0.01895015 -0.11095779]
[-0.19308638  0.01851143 -0.11507516]
[-0.19391815  0.01728182 -0.1160201 ]
[-0.19516876  0.01552915 -0.11665878]
[-0.19594781  0.01363644 -0.11785454]
[-0.19601519  0.00821951 -0.11962968]
[-0.20003883 -0.00028484 -0.12175757]
[-0.20084954 -0.00350349 -0.12305283]
[-0.20185815 -0.0112027  -0.12337688]
[-0.19958123 -0.02013271 -0.11854777]
[-0.19958123 -0.02013271 -0.11854777]
[-0.19858991 -0.02318272 -0.1156757 ]
[-0.19545426 -0.03498959 -0.1016895 ]
[-0.19545426 -0.03498959 -0.1016895 ]
[-0.19279396 -0.04125974 -0.09642276]
[-0.19013958 -0.05282657 -0.08605105]
[-0.18654252 -0.0607364  -0.07610212]
[-0.18167126 -0.07160904 -0.06514869]
[-0.18167126 -0.07160904 -0.06514869]
[-0.18071613 -0.07502399 -0.06289982]
[-0.17812049 -0.07931634 -0.05936633]
[-0.17682769 -0.08059283 -0.05818447]
[-0.17572576 -0.08167404 -0.05764271]
[-0.17488664 -0.08298682 -0.05736999]
[-0.17457261 -0.08416403 -0.0576409 ]
[-0.17445778 -0.08602799 -0.05781148]
[-0.176899   -0.08730657 -0.05703736]
[-0.17863155 -0.08765463 -0.05674706]
[-0.18151643 -0.08810739 -0.05398681]
[-0.18371234 -0.08709191 -0.05013922]
[-0.18569385 -0.08479416 -0.04730986]
[-0.18642458 -0.07695758 -0.04430366]
[-0.18474215 -0.0733318  -0.04377565]
[-0.17421867 -0.06732487 -0.03798338]
[-0.17257672 -0.06617688 -0.03598719]
[-0.16938214 -0.06242815 -0.02955299]
[-0.16938214 -0.06242815 -0.02955299]
[-0.16608951 -0.05895368 -0.02659748]
[-0.16518122 -0.05660617 -0.02576508]
[-0.16603175 -0.0506186  -0.02486193]
[-0.16544493 -0.04721446 -0.02417888]
[-0.16375355 -0.04036943 -0.02206359]
[-0.16231506 -0.03725354 -0.02084772]
[-0.15965087 -0.03010126 -0.01384503]
[-0.15855936 -0.02718156 -0.01214028]
[-0.15887538 -0.02386567 -0.01120478]
[-0.15815711 -0.01943722 -0.00983088]
[-0.15966803 -0.01034493 -0.00648654]
[-0.16023939  0.00088855 -0.00062091]
[-0.16023939  0.00088855 -0.00062091]
[-0.16005786  0.00487823  0.00130268]
[-0.15782603  0.015268    0.00372738]
[-0.15782603  0.015268    0.00372738]
[-0.15811887  0.0176824   0.00481506]
[-0.15910897  0.01994087  0.00566037]
[-0.15785971  0.02467009  0.00554639]
[-0.15378519  0.02908216  0.00258518]
[-0.15145497  0.03393104 -0.00077167]
[-0.15145497  0.03393104 -0.00077167]
[-0.15130304  0.03646296 -0.00378407]
[-0.15393234  0.04270952 -0.01785076]
[-0.15393234  0.04270952 -0.01785076]
[-0.15471077  0.0443813  -0.02331313]
[-0.15363177  0.04805949 -0.03421483]
[-0.15374743  0.04961104 -0.03850365]
[-0.15506856  0.05103564 -0.04252546]
[-0.15610317  0.05165549 -0.04599083]
[-0.15678649  0.05220604 -0.04869403]
[-0.15535938  0.0530493  -0.05346705]
[-0.15478172  0.05375648 -0.05448365]
[-0.1559206   0.0546357  -0.05587559]
[-0.15775566  0.05563017 -0.05692905]
[-0.15982853  0.05623361 -0.0581113 ]
[-0.15881938  0.05794716 -0.06031812]
[-0.15673074  0.05867623 -0.06102304]
[-0.15758568  0.05990425 -0.06136807]
[-0.15758568  0.05990425 -0.06136807]
[-0.16015011  0.06005785 -0.06101459]
[-0.16459187  0.06119174 -0.05858826]
[-0.16459187  0.06119174 -0.05858826]
[-0.16117     0.06376674 -0.05982932]
[-0.16037746  0.06381676 -0.06174145]
[-0.16380987  0.06196656 -0.06081932]
[-0.17446049  0.05825587 -0.05662692]
[-0.17761482  0.0567866  -0.05623129]
[-0.17914366  0.0553555  -0.05665662]
[-0.17568877  0.05207347 -0.05927731]
[-0.1710745   0.05038675 -0.06002696]
[-0.16665056  0.04896867 -0.06052208]
[-0.16194413  0.04601258 -0.06200184]
[-0.16026765  0.04466313 -0.06213778]
[-0.15833464  0.04309451 -0.06255881]
[-0.1553931   0.0391413  -0.06468388]
[-0.15417507  0.0368797  -0.06774495]
[-0.15133877  0.030034   -0.07246807]
[-0.15083728  0.02534529 -0.07416935]
[-0.15038553  0.02427353 -0.07590809]
[-0.14875089  0.02460891 -0.07809127]
[-0.14599603  0.02688975 -0.08308042]
[-0.1400014   0.02608399 -0.08182517]
[-0.13782121  0.02421521 -0.07906986]
[-0.13156377  0.02014275 -0.0747922 ]
[-0.12913945  0.01977614 -0.0745177 ]
[-0.12534906  0.01945839 -0.07555038]
[-0.12312652  0.01956023 -0.07514298]
[-0.12024459  0.01888487 -0.07389566]
[-0.1209782   0.01572195 -0.07222661]
[-0.12170163  0.01126239 -0.0710625 ]
[-0.11713467  0.00664458 -0.0704268 ]
[-0.10933944  0.00316567 -0.06931   ]
[-0.10933944  0.00316567 -0.06931   ]
[-0.104749    0.00209196 -0.06796873]
[-0.09997009  0.00155572 -0.06630801]
[-9.17730719e-02  3.46159941e-05 -6.36493862e-02]
[-0.08671335 -0.00041601 -0.06256067]
[-7.32329503e-02 -6.49460562e-05 -5.91118820e-02]
[-7.32329503e-02 -6.49460562e-05 -5.91118820e-02]
[-0.066344   -0.00040949 -0.05915002]
[-0.06081963  0.00140682 -0.06266929]
[-0.06081963  0.00140682 -0.06266929]
[-0.05786087  0.00258303 -0.06370798]
[-0.05500627  0.0038149  -0.06440531]
[-0.05188052  0.00378685 -0.06517357]
[-0.0522987   0.00350759 -0.0649457 ]
[-0.05163609  0.0025795  -0.06155704]
[-0.05163609  0.0025795  -0.06155704]
[-0.05238431  0.00274135 -0.06035587]
[-0.06095486  0.00645809 -0.0614291 ]
[-0.06095486  0.00645809 -0.0614291 ]
[-0.06284092  0.00746953 -0.06200336]
[-0.06354974  0.00753305 -0.06225976]
[-0.06284331  0.00740892 -0.0623049 ]
[-0.0635014   0.00713923 -0.06260654]
[-0.06378182  0.00690158 -0.0637531 ]
[-0.0691182   0.00494483 -0.06708578]
[-0.07287807  0.00326322 -0.06793464]
[-0.09074214 -0.00101229 -0.06737867]
[-0.09074214 -0.00101229 -0.06737867]
[-0.0975018  -0.00181634 -0.06645497]
[-0.1120842  -0.00285174 -0.06662484]
[-0.11893326 -0.00428193 -0.06693872]
[-0.14679086 -0.00740273 -0.07181685]
[-0.15103217 -0.00705805 -0.07285661]
[-0.15543741 -0.00691498 -0.07361411]
[-0.16419999 -0.00715445 -0.07369423]
[-0.16743207 -0.00741572 -0.07297604]
[-0.16743207 -0.00741572 -0.07297604]
[-0.17381098 -0.00862928 -0.07088469]
[-0.1851964  -0.01021191 -0.07049402]
[-0.19100058 -0.01177721 -0.07015356]
[-0.19865651 -0.01263076 -0.06793503]
[-0.2065943  -0.01117733 -0.06595358]
[-0.20975339 -0.00930031 -0.06600243]
[-0.21234903 -0.0065757  -0.06515308]
[-0.21551109 -0.00358145 -0.06558169]
[-0.21802955 -0.00192851 -0.06571731]
[-0.22397074 -0.001339   -0.06665954]
[-0.22565905 -0.00213689 -0.06707515]
[-0.22715529 -0.00189987 -0.06583081]
[-0.22702301 -0.00205243 -0.06511504]
[-0.22824654 -0.00158787 -0.06393184]
[-0.22978703 -0.00182264 -0.06476753]
[-0.23254109 -0.00144564 -0.06737304]
[-0.23484785 -0.00107474 -0.07003908]
[-2.38423394e-01  6.56240331e-07 -7.31165037e-02]
[-0.24056078  0.0006319  -0.07426637]
[-0.24253323  0.00105441 -0.07517937]
[-0.24527028  0.00152516 -0.07629371]
[-0.24828092  0.00187177 -0.0772621 ]
[-0.25341769  0.00302995 -0.07689359]
[-0.25543562  0.00347579 -0.07680193]
[-0.25655225  0.00418424 -0.07617844]
[-0.25720357  0.00425675 -0.07577915]
[-0.25798348  0.00368533 -0.07514057]
[-0.25803396  0.00280543 -0.07510526]
[-0.25510965  0.00035604 -0.07416931]
[-0.25510965  0.00035604 -0.07416931]
[-0.25231717 -0.00119541 -0.0729496 ]
[-0.24802808 -0.00458688 -0.06817412]
[-0.24802808 -0.00458688 -0.06817412]
[-0.24833175 -0.0047812  -0.06678025]
[-0.24909517 -0.00462467 -0.06582277]
[-0.25394069 -0.00357509 -0.06544678]
[-0.25715638 -0.00294273 -0.06511232]
[-0.26047784 -0.00190762 -0.06499787]
[-0.26208295 -0.00115576 -0.06518245]
[-0.2621533   0.00027149 -0.06568936]
[-0.25567322  0.00135928 -0.06601859]
[-0.25167044  0.00065439 -0.06405687]
[-2.48101005e-01 -5.80304695e-05 -6.23284169e-02]
[-0.24376765 -0.00120027 -0.06089291]
[-0.24376765 -0.00120027 -0.06089291]
[-0.24349011 -0.0008197  -0.06107014]
[-0.24481915 -0.00095191 -0.05964592]
[-2.48147981e-01 -7.12313995e-05 -5.92324100e-02]
[-0.25019903  0.00046093 -0.05971463]
[-0.25334557  0.00131169 -0.06108664]
[-0.25330095  0.00115606 -0.06021543]
[-0.25342219  0.00153528 -0.06055418]
[-0.25412806  0.0024241  -0.05998886]
[-0.25788593  0.00623962 -0.06029158]
[-0.26100717  0.00848965 -0.06158258]
[-0.26555101  0.01333294 -0.06418473]
[-0.26881428  0.01501114 -0.06699225]
[-0.27209704  0.01665522 -0.06876143]

程序已被终止，正在关闭套接字...
套接字已关闭。
