[-0.21701219  0.04507422 -0.05350933]
[-0.21305085  0.04548077 -0.05399461]
[-0.21541263  0.04728935 -0.05494603]
[-0.21947993  0.04994816 -0.05533295]
[-0.20906893  0.06677694 -0.04776857]
[-0.23304887  0.02578939 -0.04122563]
[-0.22892814  0.02405458 -0.03862508]
[-0.22581143  0.02361332 -0.03515584]
[-0.22308435  0.02344052 -0.03454086]
[-0.21846187  0.02682575 -0.04125998]
[-0.21912311  0.03055769 -0.04559018]
[-0.2057765   0.04760755 -0.04803393]
[-0.19962811  0.04642427 -0.03567172]
[-0.1998596   0.04465616 -0.03246564]
[-0.19929192  0.04144696 -0.03301408]
[-0.19575354  0.04044063 -0.03671608]
[-0.19208991  0.03972108 -0.03772121]
[-0.18170999  0.0371715  -0.03954861]
[-0.18865037  0.04310411 -0.05436652]
[-0.18917917  0.04715949 -0.0558827 ]
[-0.1882162   0.05123673 -0.05727705]
[-0.18762373  0.05571753 -0.05830576]
[-0.18764711  0.07179859 -0.0576007 ]
[-0.18666643  0.07653628 -0.05780909]
[-0.18477036  0.08135694 -0.05792443]
[-0.1798439   0.09208963 -0.05501625]
[-0.17825572  0.09857316 -0.05270024]
[-0.17720512  0.10496191 -0.05060757]
[-0.1769838   0.11158165 -0.04829591]
[-0.17695679  0.1402434  -0.04239398]
[-0.17659656  0.14437914 -0.0434648 ]
[-0.1667902   0.1548958  -0.04305081]
[-0.1660519   0.15478174 -0.04248071]
[-0.1680489   0.14430226 -0.0535808 ]
[-0.1680489   0.14430226 -0.0535808 ]
[-0.16640316  0.14318925 -0.05337778]
[-0.16521642  0.13803831 -0.05112597]
[-0.16481962  0.13670537 -0.05074765]
[-0.16165436  0.12567514 -0.04871203]
[-0.16013871  0.12156502 -0.04647167]
[-0.15804359  0.11740923 -0.04382078]
[-0.15495119  0.11400006 -0.04102809]
[-0.15165523  0.11072267 -0.03864017]
[-0.14539525  0.1067652  -0.03479099]
[-0.13458352  0.08716775 -0.03093422]
[-0.13614383  0.08316318 -0.02917398]
[-0.13725275  0.0785579  -0.026793  ]
[-0.13574026  0.0700551  -0.02043042]
[-0.12438414  0.0594862  -0.01468597]
[-0.11931645  0.0565359  -0.01328343]
[-0.10475902  0.04554917 -0.00940348]
[-0.10331929  0.04372565 -0.00785417]
[-0.10261249  0.04200567 -0.00664051]
[-0.10193698  0.03766581 -0.00430145]
[-0.10181211  0.03643341 -0.00285121]
[-0.10147262  0.03486415 -0.00130114]
[-0.10051267  0.03321137  0.00071564]
[-0.08959818  0.02441212  0.00674217]
[-0.08776351  0.02258312  0.00755471]
[-0.0791363   0.01372698  0.01048097]
[-0.07572903  0.01218236  0.01023911]
[-0.07334666  0.01065709  0.00981853]
[-0.07123039  0.00951807  0.00966259]
[-0.07377111  0.00982002  0.00845664]
[-0.08717611  0.01160839  0.00861469]
[-0.09564298  0.01537138  0.00674486]
[-0.0941221   0.01731189  0.00352207]
[-0.09415622  0.01735044  0.0017506 ]
[-0.09342438  0.01679082  0.00072663]
[-0.09209631  0.01584437 -0.00021651]
[-0.09064291  0.01579736 -0.0002445 ]
[-0.09068457  0.0222081  -0.00092553]
[-0.09068457  0.0222081  -0.00092553]
[-0.09714915  0.02924466  0.0003666 ]
[-0.0994959   0.03782932  0.0008589 ]
[-0.09795244  0.04042585  0.00324653]
[-0.09610832  0.04178308  0.00497221]
[-0.09394775  0.05393672  0.00878477]
[-0.09494944  0.05659012  0.00786732]
[-0.09831956  0.05937349  0.00745708]
[-0.10198103  0.06028954  0.00707012]
[-0.12760443  0.06890734  0.0001618 ]
[-0.14102221  0.07433518 -0.00171232]
[-0.14643994  0.076823   -0.00154311]
[-0.15373782  0.08072548 -0.00213287]
[-0.15718375  0.08286187 -0.00423063]
[-0.16405602  0.08580738 -0.00672889]
[-0.17990521  0.08953115 -0.01169171]
[-0.18155146  0.09000313 -0.01078201]
[-0.18306844  0.09111707 -0.00898527]
[-0.18577941  0.09755416 -0.0006462 ]
[-0.18481477  0.10176574  0.00562199]
[-0.18504351  0.10426168  0.00872936]
[-0.18834147  0.11361752  0.02816343]
[-0.19036517  0.11599728  0.03442134]
[-0.19127687  0.12189098  0.04728795]
[-0.1886357   0.1285203   0.05903571]
[-0.1876585   0.13158917  0.06444623]
[-0.18481583  0.13815528  0.07815436]
[-0.18400169  0.14130767  0.08426749]
[-0.1847723   0.15164705  0.09976765]
[-0.18717672  0.15876785  0.10624982]
[-0.18886526  0.16156957  0.10871613]
[-0.19175948  0.16460973  0.11147329]
[-0.19405749  0.16725209  0.11357307]
[-0.1980036   0.16944087  0.08749423]
[-0.19051355  0.16161856  0.06616151]
[-0.19215157  0.15315281  0.04510172]
[-0.19215157  0.15315281  0.04510172]
[-0.19188253  0.15112959  0.03951196]
[-0.19294548  0.14619423  0.02084078]
[-0.19363317  0.1456333   0.01710414]
[-0.19433456  0.14462461  0.01294473]
[-0.19471534  0.14350884  0.0088267 ]
[-0.19409838  0.14224964  0.00572556]
[-0.19156893  0.13935763 -0.00238744]
[-0.19070198  0.13924257 -0.00460859]
[-0.19041513  0.1382722  -0.00889786]
[-0.18730968  0.13563327 -0.0100312 ]
[-0.18589807  0.1349311  -0.01216873]
[-0.18354959  0.1345699  -0.01481284]
[-0.18404047  0.13097294 -0.05475787]
[-0.18426379  0.13029437 -0.05951969]
[-0.18578337  0.11994339 -0.0738866 ]
[-0.18596857  0.11896061 -0.07445958]
[-0.1851805   0.11873128 -0.073276  ]
[-0.17974766  0.11796668 -0.05599061]
[-0.17847766  0.11844888 -0.04963319]
[-0.17062465  0.13251387 -0.01889056]
[-0.1707363   0.13821515 -0.01190687]
[-0.16177474  0.19020988  0.0310299 ]
[-0.1593512   0.19975676  0.03666779]
[-0.15556316  0.20871878  0.0416637 ]
[-0.14475751  0.23646404  0.05922575]
[-0.14348063  0.24471277  0.06318565]
[-0.14153341  0.25786     0.06541875]
[-0.13972133  0.2628119   0.06394847]
[-0.13577865  0.26888758  0.0572045 ]
[-0.13517225  0.26896384  0.05295655]
[-0.13573652  0.26218373  0.0416058 ]
[-0.13601441  0.25670782  0.03537808]
[-0.13396862  0.25118798  0.02992605]
[-0.13035845  0.24051231  0.0222795 ]
[-0.12898556  0.23645873  0.01877066]
[-0.13019966  0.2332028   0.00909158]
[-0.13165185  0.2343857   0.00298983]
[-0.13446655  0.23999751 -0.00793247]
[-0.12714284  0.28277278 -0.03915013]
[-0.12215047  0.29137927 -0.04174296]
[-0.09155139  0.30677834 -0.0554359 ]
[-0.09352976  0.28308174 -0.05100096]
[-0.0932282   0.25339746 -0.05159775]
[-0.09408117  0.23949358 -0.05075506]
[-0.09551969  0.22515395 -0.04962138]
[-0.10911308  0.15446965 -0.04445343]
[-0.11369513  0.13857782 -0.04495504]
[-0.11992569  0.12094318 -0.04716463]
[-0.12384753  0.1044489  -0.04855309]
[-0.13657945  0.05579083 -0.05236902]
[-0.1398615   0.04090546 -0.05286042]
[-0.14021607  0.01429936 -0.0537769 ]
[-0.14023823  0.00334614 -0.05534433]
[-0.13856468 -0.00725942 -0.05595781]
[-0.12927092 -0.07564978 -0.05510239]
[-0.12664046 -0.08363035 -0.05368662]
[-0.11698201 -0.12010059 -0.03943346]
[-0.11557318 -0.1262242  -0.03654315]
[-0.11254149 -0.13880661 -0.03150441]
[-0.10913237 -0.15172037 -0.0258782 ]
[-0.09706735 -0.20282207 -0.00259996]
[-0.09030072 -0.21807443  0.00492809]
[-0.08969436 -0.22305714  0.00737289]
[-0.08728529 -0.227028    0.01034638]
[-0.0834248  -0.23249407  0.01590053]
[-0.06738008 -0.23426774  0.05834937]
[-0.06644035 -0.23139669  0.07004808]
[-0.06636162 -0.22933654  0.07565905]
[-0.06529268 -0.22745317  0.080057  ]
[-0.0900727  -0.21726659  0.11015565]
[-0.09410748 -0.21603648  0.11393822]
[-0.11792015 -0.20253502  0.13031417]
[-0.12635652 -0.19925831  0.13357012]
[-0.13582763 -0.19287506  0.13756588]
[-0.13799545 -0.19000284  0.13855641]
[-0.13976893 -0.18737048  0.13993976]
[-0.15424978 -0.17776252  0.14595494]
[-0.15749513 -0.17603111  0.14773248]
[-0.16001291 -0.17405295  0.14978679]
[-0.16250901 -0.17183891  0.15100305]
[-0.16575445 -0.16844918  0.15266445]
[-0.17364352 -0.16028155  0.15651865]
[-0.17646872 -0.15588245  0.15785691]
[-0.17820237 -0.1511035   0.15850157]
[-0.19157608 -0.11849922  0.16426259]
[-0.19557194 -0.11135265  0.16487284]
[-0.19839482 -0.10448489  0.16582808]
[-0.20143876 -0.09718332  0.16742013]
[-0.21133752 -0.07650305  0.1763224 ]
[-0.21449077 -0.06655414  0.17804931]
[-0.21482055 -0.06251028  0.17792208]
[-0.21442773 -0.05960652  0.17705104]
[-0.21309564 -0.05693426  0.1768875 ]
[-0.19776046 -0.0486508   0.17934339]
[-0.19781191 -0.0493965   0.18052946]
[-0.19080847 -0.05143681  0.1744789 ]
[-0.18721139 -0.05134181  0.16910955]
[-0.18644918 -0.05111112  0.16658513]
[-0.18992143 -0.04665812  0.15856589]
[-0.19030153 -0.04527513  0.15489611]
[-0.19646946 -0.04030918  0.128573  ]
[-0.19642907 -0.03915478  0.12358359]
[-0.19544018 -0.03790502  0.11849862]
[-0.19660048 -0.03788796  0.09933991]
[-0.19987692 -0.03950422  0.09498113]
[-0.20339744 -0.0413806   0.09196022]
[-0.20650212 -0.04373714  0.08987773]
[-0.21265084 -0.04747036  0.08740567]
[-0.21505872 -0.04836163  0.0859578 ]
[-0.21690541 -0.0476138   0.08445405]
[-0.21870069 -0.0461637   0.08208253]
[-0.22122755 -0.04400976  0.07951772]
[-0.22760697 -0.03818033  0.07319842]
[-0.23454251 -0.01511911  0.06129545]
[-0.23454251 -0.01511911  0.06129545]
[-0.2348383  -0.01186104  0.06155407]
[-0.23593328 -0.00232233  0.06419342]
[-0.23647242  0.00133194  0.06531219]
[-0.24158114  0.02636238  0.07813723]
[-0.2407042   0.03176443  0.08242486]
[-0.2390715   0.03738602  0.08623229]
[-0.22335716  0.05734865  0.09256268]
[-0.22024886  0.06613741  0.09761201]
[-0.21857907  0.06891004  0.10059457]
[-0.21565012  0.07590398  0.1079644 ]
[-0.21590832  0.07775209  0.10932644]
[-0.21740017  0.07943209  0.11025345]
[-0.21840906  0.08038355  0.10957099]
[-0.21890783  0.08131921  0.10768329]
[-0.21962901  0.10012233  0.09246959]
[-0.21962901  0.10012233  0.09246959]
[-0.21726088  0.10090902  0.08895391]
[-0.21803087  0.10041253  0.08696943]
[-0.22249083  0.09834572  0.08226654]
[-0.22675056  0.09629291  0.07540204]
[-0.22656098  0.0917046   0.06613327]
[-0.22643939  0.08785246  0.05054481]
[-0.22547206  0.08385676  0.04700021]
[-0.21949167  0.07524684  0.04021388]
[-0.21714635  0.07129153  0.03725256]
[-0.21516978  0.06745678  0.0338139 ]
[-0.21292567  0.06336816  0.03086514]
[-0.21104975  0.05947097  0.02838419]
[-0.20033045  0.03202564  0.01897943]
[-0.19929195  0.01924265  0.01610635]
[-0.19957225  0.0121931   0.01582424]
[-0.20030803  0.00547036  0.01507094]
[-0.20092713 -0.00092121  0.01415856]
[-0.19874068 -0.04207676  0.01301859]
[-0.19709529 -0.04600615  0.01315447]
[-0.19419067 -0.05594619  0.01444215]
[-0.19320056 -0.05862274  0.01482585]
[-0.19207148 -0.06089484  0.01517771]
[-0.18254517 -0.06316421  0.01590219]
[-0.18193947 -0.06270714  0.01702299]
[-0.18046302 -0.06260519  0.02041902]
[-0.18020198 -0.06313794  0.02101738]
[-0.1691898  -0.05616595  0.02319394]
[-0.16578665 -0.05486641  0.02344984]
[-0.16183217 -0.05416103  0.02408977]
[-0.15873254 -0.05287055  0.02536464]
[-0.15006206 -0.04595595  0.0270951 ]
[-0.14747509 -0.04310096  0.0264337 ]
[-0.14560894 -0.039928    0.0259726 ]
[-0.1437243  -0.03669361  0.02541995]
[-0.13852238 -0.03065703  0.02420058]
[-0.13718331 -0.0279541   0.02270677]
[-0.13682839 -0.01405327  0.00735069]
[-0.13645827 -0.01467244  0.00729592]
[-0.13455945 -0.01473296  0.00941252]
[-0.13327489 -0.01375531  0.01012634]
[-0.13068943 -0.01100409  0.01041252]
[-0.12996277 -0.0091014   0.01050526]
[-0.12969761 -0.00684826  0.0103136 ]
[-0.12347687  0.00081348  0.00774575]
[-0.12347687  0.00081348  0.00774575]
[-0.1207189   0.0007783   0.00751195]
[-0.1181768  -0.00227791  0.00575952]
[-0.11841524 -0.00254577  0.00528412]
[-0.11904599 -0.00229718  0.00456392]
[-0.11990185 -0.00187894  0.00426217]
[-0.11949796 -0.00076794  0.0038784 ]
[-0.11799415 -0.00012111  0.00356314]
[-0.11625368  0.00045011  0.00331283]
[-0.11427852  0.0007068   0.00337997]
[-0.11131147  0.00152133  0.00403279]
[-0.11225373  0.00292735  0.00442183]
[-0.11559614  0.00596216  0.00475674]
[-0.12438202  0.01065535  0.00585614]
[-0.12749867  0.01272771  0.00672091]
[-0.12904787  0.01423336  0.00783436]
[-0.12727766  0.01866524  0.00828857]
[-0.12532437  0.0206685   0.0076081 ]
[-0.12332908  0.0223739   0.00683912]
[-0.12237903  0.02388251  0.00599647]
[-0.12162636  0.02538065  0.00506561]
[-0.12203203  0.02724141 -0.00386526]
[-0.12257149  0.0242332  -0.00371105]
[-0.12547399  0.0214753  -0.00245126]
[-0.13412243  0.01708318 -0.00250404]
[-0.1369024   0.01870559 -0.00307216]
[-0.1554277   0.02836096 -0.00790908]
[-0.159815    0.02898572 -0.01004369]
[-0.17543682  0.0172935  -0.0200408 ]
[-0.17552313  0.01453833 -0.01902982]
[-0.17762846  0.01457697 -0.01878426]
[-0.18332864  0.01489204 -0.01887831]
[-0.19430478  0.01592844 -0.01813495]
[-0.19941103  0.01624327 -0.01616403]
[-0.20072966  0.01633673 -0.0151122 ]
[-0.20115749  0.01611301 -0.01424299]
[-0.20186447  0.01596227 -0.01374535]
[-0.20455635  0.01739032 -0.01275982]
[-0.20081703  0.02741394 -0.02016726]
[-0.20220087  0.02733442 -0.02161509]
[-0.20473993  0.02668312 -0.02279881]
[-0.20577152  0.02583774 -0.02359168]
[-0.20616738  0.02497317 -0.02382535]
[-0.20525722  0.02308609 -0.02287679]
[-0.20424317  0.02231773 -0.02199082]
[-0.20658127  0.0293093  -0.02287565]

程序已被终止，正在关闭套接字...
套接字已关闭。
