[-0.32267075 -0.01110906 -0.08607528]
[-0.31937634 -0.00762028 -0.08643785]
[-0.31447698 -0.0034722  -0.08680212]
[-0.30624963  0.00501605 -0.08832525]
[-0.29950252  0.01376042 -0.0910969 ]
[-0.2788657   0.04757756 -0.09507452]
[-0.27711191  0.04922642 -0.09206475]
[-0.27667343  0.04935637 -0.08996427]
[-0.2611538   0.04432577 -0.08062697]
[-0.25129841  0.03756327 -0.07532932]
[-0.24688457  0.03327916 -0.07113453]
[-0.23306191  0.01430818 -0.0621343 ]
[-0.23278307  0.01143092 -0.05829158]
[-0.24222086  0.01838085 -0.04376854]
[-0.24395678  0.02107293 -0.04446435]
[-0.24142603  0.025365   -0.04698489]
[-0.22867862  0.02621488 -0.04543356]
[-0.21720588  0.02338566 -0.04103969]
[-0.21464879  0.02140423 -0.03810043]
[-0.20003374  0.01566927 -0.02961174]
[-0.20003374  0.01566927 -0.02961174]
[-0.1791107   0.01430136 -0.0195262 ]
[-0.16919838  0.02026802 -0.01563622]
[-0.16919838  0.02026802 -0.01563622]
[-0.17054263  0.02528782 -0.02151563]
[-0.17157072  0.02624476 -0.02502095]
[-0.17267165  0.02955924 -0.03247563]
[-0.17239908  0.03168796 -0.03634385]
[-0.1733021   0.03373264 -0.0417938 ]
[-0.17431197  0.03533244 -0.05383773]
[-0.17483345  0.03651516 -0.058145  ]
[-0.17600715  0.03708687 -0.06072433]
[-0.18672742  0.03794819 -0.06328272]
[-0.18883528  0.03782769 -0.06387276]
[-0.19004796  0.03760008 -0.06384772]
[-0.19343034  0.03912334 -0.06386466]
[-0.19343034  0.03912334 -0.06386466]
[-0.1925272   0.03903181 -0.06421394]
[-0.19225011  0.03842507 -0.06515848]
[-0.19435113  0.03884371 -0.06927678]
[-0.19287371  0.0395518  -0.06872288]
[-0.18756893  0.03540392 -0.06180458]
[-0.18662669  0.03421999 -0.05358199]
[-0.1880888   0.03448786 -0.04924021]
[-0.18994986  0.03623497 -0.0322638 ]
[-0.18994986  0.03623497 -0.0322638 ]
[-0.18897384  0.03634624 -0.02755927]
[-0.18913228  0.03903213 -0.0162945 ]
[-0.18727178  0.0426117  -0.0085472 ]
[-0.18540017  0.04624304  0.00057268]
[-0.17480051  0.05257181  0.0332436 ]
[-0.17345778  0.05212763  0.03678573]
[-0.1666831   0.05344943  0.04573413]
[-0.16623464  0.0543187   0.04639931]
[-0.1639875   0.05909961  0.04655691]
[-0.16427999  0.06010858  0.04759638]
[-0.16472913  0.06105026  0.04854659]
[-0.16499171  0.06243497  0.04969721]
[-0.16072305  0.0671905   0.05213405]
[-0.15709859  0.06723452 -0.00145128]
[-0.15851973  0.06553242 -0.00785286]
[-0.16049052  0.06394038 -0.01352645]
[-0.16807432  0.05606784 -0.03024146]
[-0.16844785  0.05098732 -0.0339072 ]
[-0.16844785  0.05098732 -0.0339072 ]
[-0.1697617   0.04939177 -0.03557933]
[-0.1735653   0.04339711 -0.04219255]
[-0.17623698  0.03810883 -0.04505186]
[-0.1749268   0.03313715 -0.04414936]
[-0.17186558  0.03083087 -0.04329019]
[-0.16822706  0.02917889 -0.04254903]
[-0.16519334  0.022738   -0.04320923]
[-0.16554084  0.02369488 -0.04196833]
[-0.16806889  0.02237376 -0.04091377]
[-0.16842165  0.02222292 -0.04022234]
[-0.16879892  0.02203628 -0.03953219]
[-0.16824501  0.02211695 -0.03821964]
[-0.1661344   0.02143657 -0.03454023]
[-0.16534421  0.02186691 -0.03318869]
[-0.16428085  0.02289809 -0.0315612 ]
[-0.16050381  0.02589374 -0.0270358 ]
[-0.15960356  0.02744401 -0.02497755]
[-0.15884642  0.03099881 -0.01164663]
[-0.15906171  0.03222864 -0.00934604]
[-0.16013906  0.03315582 -0.00724378]
[-0.16245318  0.03389543 -0.00439022]
[-0.16970845  0.03501856  0.00450599]
[-0.18260142  0.04404255  0.03205744]
[-0.18214333  0.04563545  0.03472678]
[-0.18182017  0.04979659  0.04069192]
[-0.18148136  0.05653685  0.04933731]
[-0.17794608  0.06335137  0.05423196]
[-0.17823821  0.06544205  0.05627596]
[-0.18648992  0.07100406  0.05839342]
[-0.18837708  0.07242805  0.05591542]
[-0.1943585   0.07103344  0.04449549]
[-0.2011785   0.0699084   0.03583995]
[-0.20479524  0.06947885  0.02977942]
[-0.20648095  0.07007203  0.02276287]
[-0.21003769  0.06843932 -0.00141375]
[-0.21129995  0.06874898 -0.00675049]
[-0.21163369  0.06888191 -0.01163835]
[-0.21245038  0.06967968 -0.01621126]
[-0.21375173  0.0698741  -0.02018623]
[-0.21622756  0.06964515 -0.02459063]
[-0.23281816  0.06537972 -0.04886919]
[-0.23411889  0.06516335 -0.05081932]
[-0.2340736   0.06495567 -0.05322909]
[-0.23489408  0.06472056 -0.0551215 ]
[-0.23455026  0.0648057  -0.05790988]
[-0.24341667  0.06493767 -0.0640789 ]
[-0.24596087  0.0658986  -0.06492087]
[-0.24686317  0.06640179 -0.0655753 ]
[-0.24463944  0.06709284 -0.06430486]
[-0.24339695  0.06689645 -0.06285637]
[-0.24265465  0.06667888 -0.06087273]
[-0.23742872  0.06445899 -0.04817826]
[-0.2369133   0.06447842 -0.04334819]
[-0.23632413  0.06397965 -0.03869625]
[-0.23541528  0.06367344 -0.03259887]
[-0.23626202  0.06321607 -0.02613969]
[-0.23672728  0.06502679 -0.01014358]
[-0.23503458  0.06728473 -0.00638556]
[-0.23265115  0.07187863  0.000915  ]
[-0.23210476  0.07374188  0.00423782]
[-0.23250904  0.07515793  0.0070229 ]
[-0.22503758  0.08682216  0.02892398]
[-0.22406463  0.08964733  0.03517734]
[-0.22487763  0.09188379  0.03989344]
[-0.22482626  0.09325775  0.06163198]
[-0.22532278  0.09402855  0.06518103]
[-0.22627637  0.10053624  0.06993849]
[-0.22607506  0.10119651  0.06898848]
[-0.22485502  0.101702    0.06520575]
[-0.2249421   0.10181963  0.06449384]
[-0.21225935  0.09946781  0.05325169]
[-0.21064494  0.09829203  0.05147645]
[-0.2103601   0.09678286  0.04919401]
[-0.21527982  0.08627636  0.04990212]
[-0.22203288  0.08427571  0.05075736]
[-0.22406798  0.08230815  0.0493123 ]
[-0.22518027  0.07087819  0.02079012]
[-0.22632871  0.06880305  0.01467353]
[-0.2331028   0.06226967 -0.00722362]
[-0.23702213  0.06119074 -0.012638  ]
[-0.2382054   0.05944372 -0.01730493]
[-0.23892268  0.05820951 -0.02144846]
[-0.24054483  0.0567798  -0.02439139]
[-0.24035365  0.05505277 -0.02612782]
[-0.24241103  0.04810303 -0.02763802]
[-0.24468371  0.04159598 -0.03093933]
[-0.24341212  0.03985396 -0.03137923]
[-0.24259982  0.03291851 -0.03608223]
[-0.24292466  0.03183626 -0.03845298]
[-0.24321484  0.02955209 -0.04210384]
[-0.23990119  0.02788656 -0.04712024]
[-0.23884145  0.02837904 -0.04808846]
[-0.23961888  0.02860566 -0.04900268]
[-0.24021761  0.0282433  -0.04904761]
[-0.24107288  0.02747974 -0.04845283]
[-0.24061906  0.02715022 -0.04701211]
[-0.2363355   0.03158743 -0.04502534]
[-0.23694328  0.03414792 -0.04354269]
[-0.23747939  0.03538327 -0.0427471 ]
[-0.24048895  0.04852423 -0.03889616]
[-0.24328642  0.05081637 -0.03882207]
[-0.2440666   0.05359495 -0.03806412]
[-0.24617358  0.05839429 -0.03896257]
[-0.24816746  0.06074172 -0.04329232]
[-0.25119633  0.06262226 -0.04736792]
[-0.24828399  0.07531793 -0.07066274]
[-0.24659941  0.07736006 -0.07578961]
[-0.2451461   0.07885801 -0.08026849]
[-0.24545068  0.08028343 -0.08464782]
[-0.24698634  0.08144018 -0.08935125]
[-0.24995064  0.08279699 -0.0991779 ]
[-0.24775688  0.08539425 -0.1085927 ]
[-0.25326876  0.08906291 -0.11517839]
[-0.25649112  0.09065487 -0.12012287]
[-0.25250939  0.0896517  -0.12213536]
[-0.23688543  0.08461155 -0.13590193]
[-0.2362357   0.08386835 -0.13774334]
[-0.23504307  0.08390301 -0.13923442]
[-0.23370836  0.08397778 -0.14117147]
[-0.23175157  0.08521579 -0.14540128]
[-0.23163872  0.08610921 -0.14957586]
[-0.23085577  0.08752533 -0.15473956]
[-0.19953244  0.10788536 -0.2025422 ]
[-0.19486949  0.11262242 -0.2123899 ]
[-0.18070872  0.12637253 -0.2417587 ]
[-0.18003314  0.12796088 -0.24510729]
[-0.18038305  0.12904634 -0.24147516]
[-0.18023367  0.12779744 -0.23357527]
[-0.18041526  0.12706958 -0.23077594]
[-0.18052153  0.12588914 -0.22853492]
[-0.18167012  0.12193625 -0.2236577 ]
[-0.18309846  0.11953618 -0.21977589]
[-0.18662448  0.11433444 -0.20952888]
[-0.19018135  0.1119767  -0.20503406]
[-0.19226688  0.10989685 -0.20000662]
[-0.20216748  0.10332856 -0.17551485]
[-0.20576733  0.10222052 -0.16436607]
[-0.20740485  0.10175322 -0.1542359 ]
[-0.20838506  0.10076059 -0.1439863 ]
[-0.20879671  0.09390035 -0.11251735]
[-0.21331626  0.08959217 -0.09387774]
[-0.21328101  0.087227   -0.08103657]
[-0.20765793  0.08048612 -0.05780446]
[-0.17762163  0.06166353  0.00166906]
[-0.17528196  0.05937914  0.01257071]
[-0.17587423  0.05788008  0.02314044]
[-0.18228027  0.05516404  0.06582364]
[-0.17848183  0.05088616  0.07589462]
[-0.17419339  0.04529207  0.0854216 ]
[-0.16815811  0.04001236  0.09305081]
[-0.15662506  0.02436683  0.10897513]
[-0.1550644   0.01923307  0.11337714]
[-0.1505868  -0.00358114  0.12914744]
[-0.15073107 -0.00795475  0.13032424]
[-0.15051809 -0.0117443   0.13084409]
[-0.14785315 -0.02706799  0.12504557]
[-0.14762202 -0.03078597  0.12378772]
[-0.14613576 -0.04988905  0.11938606]
[-0.14496451 -0.05325134  0.11705849]
[-0.140984   -0.06252037  0.11224219]
[-0.140056   -0.07034764  0.11215262]
[-0.13575584 -0.0928744   0.12294984]
[-0.13633057 -0.09640882  0.12514861]
[-0.13629999 -0.09929366  0.1277355 ]
[-0.13679744 -0.10722934  0.13183454]
[-0.1403835  -0.10694035  0.12691286]
[-0.1422934  -0.10577498  0.11884003]
[-0.14196646 -0.10573711  0.11561657]
[-0.13950033 -0.10652827  0.11106201]
[-0.13540244 -0.11137521  0.10506918]
[-0.13648386 -0.11567843  0.1011209 ]
[-0.1343349  -0.12253878  0.09365   ]
[-0.13702814 -0.12913606  0.08183873]
[-0.13842651 -0.13185126  0.07760191]
[-0.140101   -0.13498011  0.07340346]
[-0.14283113 -0.14581415  0.06408617]
[-0.14287707 -0.14900042  0.06130348]
[-0.14296889 -0.15197034  0.0582865 ]
[-0.14542569 -0.15502582  0.05416219]
[-0.14973397 -0.15795633  0.05061756]
[-0.15089205 -0.16041052  0.04866154]
[-0.15405077 -0.17646323  0.03644367]
[-0.16056137 -0.18524563  0.03651111]
[-0.1603859  -0.18531452  0.03822474]
[-0.15980436 -0.18613634  0.04655704]
[-0.16073535 -0.18647224  0.04869011]
[-0.16125434 -0.18749097  0.04969303]
[-0.15724758 -0.18840373  0.05462746]
[-0.15545117 -0.1877428   0.0568545 ]
[-0.15447521 -0.18647522  0.05866363]
[-0.15334087 -0.18494959  0.06062365]
[-0.15220428 -0.18295673  0.06201896]
[-0.14938292 -0.17544472  0.06462575]
[-0.14891723 -0.17174207  0.06491268]
[-0.14969051 -0.16114658  0.06440816]
[-0.15305581 -0.130511    0.05436638]
[-0.14820355 -0.11009493  0.04104567]
[-0.15212528 -0.09663717  0.03340651]
[-0.17111734 -0.06691143  0.01874616]
[-0.17525558 -0.04728843  0.00546799]
[-0.16417887 -0.00649028 -0.01166593]
[-0.16217154  0.01123427 -0.02021738]
[-0.16731046  0.03831695 -0.04301329]
[-0.16834374  0.04468276 -0.04995314]
[-0.1715882   0.08770841 -0.10958742]
[-0.17320764  0.09487534 -0.12512782]
[-0.17226226  0.10700244 -0.14787619]
[-0.17084824  0.11178023 -0.15734108]
[-0.16676286  0.11958805 -0.17041415]
[-0.16397363  0.12350397 -0.1745089 ]
[-0.16192271  0.12657882 -0.1788552 ]
[-0.16164194  0.12862909 -0.18600045]
[-0.1636316   0.12553523 -0.19153056]
[-0.16372815  0.12380795 -0.19148931]
[-0.16326654  0.12339601 -0.19034785]
[-0.16332954  0.12407781 -0.18867454]
[-0.16392526  0.12655431 -0.18631835]
[-0.16765528  0.13368703 -0.18222257]
[-0.168913    0.1370436  -0.17900863]
[-0.17183191  0.14099516 -0.17463343]
[-0.17657323  0.15044942 -0.16514507]
[-0.17657323  0.15044942 -0.16514507]
[-0.17987676  0.16029043 -0.15340397]
[-0.18075501  0.16456993 -0.14670542]
[-0.17980324  0.16838968 -0.1394705 ]
[-0.18001439  0.17198038 -0.13239306]
[-0.18078718  0.18303017 -0.10556566]
[-0.17883434  0.18810758 -0.09462263]
[-0.17558437  0.19455217 -0.0839426 ]
[-0.17241201  0.20065196 -0.07503755]
[-0.16904389  0.20695707 -0.06680122]
[-0.15113976  0.23354417 -0.03669275]
[-0.15113976  0.23354417 -0.03669275]
[-0.14629193  0.23973273 -0.02996707]
[-0.13945219  0.24866015 -0.0215864 ]
[-0.13783806  0.25120965 -0.01793288]
[-0.13700286  0.25289026 -0.01505616]
[-0.13498047  0.25412059 -0.00824816]
[-0.13165124  0.25180721 -0.00304689]
[-0.12831057  0.2471544   0.00053026]
[-0.12191093  0.23631349  0.00134364]
[-0.11991077  0.22931819 -0.00049916]
[-0.11197388  0.20994127 -0.00046863]
[-0.1012472   0.18771945  0.00206833]
[-0.09871319  0.18012026  0.00441342]
[-0.09575854  0.17478494  0.00793788]
[-0.09133731  0.16909954  0.01127301]
[-0.08736725  0.16631019  0.01237053]
[-0.08345233  0.16260205  0.01278521]
[-0.07620521  0.1552984   0.01283215]
[-0.07620521  0.1552984   0.01283215]
[-0.07175166  0.15158674  0.01221777]
[-0.06210628  0.13777478  0.01196756]
[-0.06210628  0.13777478  0.01196756]
[-0.05927042  0.13182715  0.01184825]
[-0.05558605  0.12024093  0.00967889]
[-0.05390028  0.11481338  0.00798988]
[-0.0519976   0.10923263  0.0076775 ]
[-0.05061542  0.10389919  0.00755699]
[-0.04820772  0.0951125   0.00726673]
[-0.04755054  0.09158138  0.00651369]
[-0.04386515  0.08672678  0.00436093]
[-0.0425206   0.08505782  0.00307836]
[-0.04167353  0.08216218  0.00194214]
[-0.04240617  0.08066341  0.0014196 ]
[-0.04308185  0.07919995  0.00107198]
[-0.04380355  0.07844244  0.00099303]
[-0.0446313   0.07820445  0.00140443]
[-0.04974085  0.0784068   0.00396163]
[-0.0532814  0.0788399  0.0049724]
[-0.0589319   0.08148982  0.00309972]
[-0.05930953  0.08365737  0.00069245]
[-0.05992787  0.08754444 -0.0035168 ]
[-0.05964503  0.09175339 -0.00503887]
[-0.05964503  0.09175339 -0.00503887]
[-0.05855154  0.09350846 -0.00592878]
[-0.063228    0.09380319 -0.01064184]
[-0.0700758   0.09170151 -0.0136663 ]
[-0.07755639  0.08996172 -0.01543007]
[-0.08653212  0.08795249 -0.01743579]
[-0.10587272  0.08598049 -0.02478987]
[-0.11677774  0.08612394 -0.0283674 ]
[-0.12607647  0.08772835 -0.0307046 ]
[-0.14103812  0.0941632  -0.03376443]
[-0.14103812  0.0941632  -0.03376443]
[-0.14674989  0.09756409 -0.03509789]
[-0.16096069  0.10393345 -0.03938866]
[-0.16641487  0.10737424 -0.04140756]
[-0.17039016  0.11093958 -0.04316253]
[-0.17256247  0.11525275 -0.04532476]
[-0.17564972  0.12476753 -0.04957144]
[-0.17565536  0.12995215 -0.05129076]
[-0.17604001  0.13507821 -0.05337329]
[-0.17543552  0.14066093 -0.05535031]
[-0.17493205  0.14716515 -0.05817992]
[-0.17587378  0.15328789 -0.0613677 ]
[-0.17484102  0.16448721 -0.06696966]
[-0.16737515  0.1732693  -0.07030003]
[-0.15879924  0.18244378 -0.07212834]
[-0.15476962  0.18810515 -0.07333463]
[-0.15184928  0.19389343 -0.07560022]
[-0.1493244   0.19871089 -0.07800741]
[-0.14855327  0.20305051 -0.08040053]
[-0.14788349  0.20729919 -0.08091719]
[-0.14561537  0.22630349 -0.07338715]
[-0.14654733  0.23052756 -0.07341314]
[-0.14597284  0.23368797 -0.07333551]
[-0.14100743  0.23710443 -0.07449747]
[-0.13702828  0.23738602 -0.07503103]
[-0.13341816  0.23777978 -0.07580577]
[-0.12556335  0.2377975  -0.07623663]
[-0.12556335  0.2377975  -0.07623663]
[-0.11792861  0.23379201 -0.07415861]
[-0.1134704   0.23145497 -0.0723744 ]
[-0.1070272   0.22691311 -0.06693303]
[-0.10728213  0.22487482 -0.06477402]
[-0.10948446  0.2222167  -0.0638983 ]
[-0.11638526  0.21558754 -0.06221154]
[-0.11728774  0.2129727  -0.06013686]
[-0.11886261  0.21171044 -0.05783125]
[-0.12039928  0.21043426 -0.05538257]
[-0.12092688  0.21020447 -0.0539832 ]
[-0.11886712  0.19812329 -0.04926875]
[-0.11733873  0.19281542 -0.04767018]
[-0.11696692  0.18809871 -0.04631437]
[-0.11657879  0.18419373 -0.04545842]
[-0.12313045  0.17527358 -0.04567011]
[-0.12774049  0.17107004 -0.04583285]
[-0.13228834  0.16700283 -0.0450437 ]
[-0.13609876  0.16324185 -0.04411767]
[-0.13874154  0.16015801 -0.04323993]
[-0.14363793  0.15395676 -0.04118462]
[-0.14634814  0.15149181 -0.04043297]
[-0.14812644  0.14940411 -0.03920468]
[-0.14958568  0.14784181 -0.03933812]
[-0.14996055  0.14634065 -0.03934098]
[-0.15370063  0.14191668 -0.04440639]
[-0.16010328  0.13755436 -0.05063546]
[-0.16343174  0.13392502 -0.05580203]
[-0.16350703  0.12625055 -0.06910632]
[-0.16350703  0.12625055 -0.06910632]
[-0.16395173  0.12434754 -0.0720997 ]
[-0.16381767  0.12351828 -0.07322995]
[-0.16479731  0.1195711  -0.0763787 ]
[-0.16657381  0.11614195 -0.07900733]
[-0.175203    0.09659255 -0.07740137]
[-0.175203    0.09659255 -0.07740137]
[-0.17692315  0.08970353 -0.07477415]
[-0.18109083  0.07704201 -0.07379618]
[-0.1835838   0.07089402 -0.07511538]
[-0.18694509  0.06542929 -0.07655312]
[-0.19211158  0.05969411 -0.07766649]
[-0.20190207  0.05237862 -0.07550257]
[-0.20526016  0.04999767 -0.07441556]
[-0.2084463   0.04251103 -0.07148701]
[-0.20894311  0.03762739 -0.07082836]
[-0.20794461  0.0313384  -0.06938872]
[-0.20623448  0.02518557 -0.06845125]
[-0.20344924  0.01580085 -0.06689397]
[-0.201131    0.0118574  -0.06506921]
[-0.19827445  0.0089114  -0.06178695]
[-0.19561552  0.00648631 -0.0586383 ]
[-0.19079921  0.00200416 -0.0543043 ]
[-1.89292857e-01 -1.34705624e-04 -5.39336242e-02]
[-0.1883153  -0.0024156  -0.05579447]
[-0.18825018 -0.00406172 -0.06051511]
[-0.18276933 -0.00475437 -0.06652277]
[-0.18276933 -0.00475437 -0.06652277]
[-0.1823589  -0.00693835 -0.0678499 ]
[-0.18704289 -0.01101471 -0.07064857]
[-0.1872338  -0.01059263 -0.07165461]
[-0.18713492 -0.01037416 -0.07327458]
[-0.18751652 -0.01111272 -0.0750493 ]
[-0.18878314 -0.01323973 -0.07505946]
[-0.19263307 -0.01949164 -0.07352898]
[-0.19263307 -0.01949164 -0.07352898]
[-0.19308158 -0.0201765  -0.07357858]
[-0.195803   -0.0203357  -0.07431667]
[-0.19688438 -0.02020511 -0.07418992]
[-0.19560199 -0.01990174 -0.07334165]
[-0.19369345 -0.0177911  -0.07322994]
[-0.19374713 -0.01679244 -0.07322288]
[-0.19363328 -0.01607162 -0.07352494]
[-0.19289358 -0.01586285 -0.07364371]
[-0.18733592 -0.01686752 -0.07387695]
[-0.18604358 -0.01732424 -0.07396486]
[-0.18657445 -0.0178394  -0.07439293]
[-0.1877313  -0.01788908 -0.07496359]
[-0.18944127 -0.01776958 -0.07526258]
[-0.19167002 -0.01702327 -0.0755387 ]
[-0.19491981 -0.01184549 -0.07430745]
[-0.19378861 -0.0098044  -0.07323472]
[-0.19160104 -0.0073624  -0.07119472]
[-0.18750215 -0.00494499 -0.07007544]
[-0.18278525 -0.0030543  -0.06893473]
[-0.1701819   0.00292929 -0.06853858]
[-0.1701819   0.00292929 -0.06853858]
[-0.16353803  0.00602971 -0.06872626]
[-0.15473786  0.00975217 -0.06789616]
[-0.149072   0.0110023 -0.0669532]
[-0.13735207  0.01408751 -0.06288338]
[-0.13440989  0.01458606 -0.06209763]
[-0.13102847  0.01412593 -0.06162591]
[-0.12620102  0.01334283 -0.06086386]
[-0.12212991  0.01290959 -0.06051404]
[-0.1160493   0.01224544 -0.05975717]
[-0.11090756  0.01237561 -0.05918767]
[-0.10066527  0.01183795 -0.05805979]
[-0.09566782  0.0115638  -0.05742407]
[-0.09177681  0.01120254 -0.05697477]
[-0.08820462  0.01137345 -0.05659465]
[-0.08479961  0.0119166  -0.05638085]
[-0.08046805  0.01288598 -0.05575959]
[-0.06834177  0.01689377 -0.05343889]
[-0.06502658  0.01803019 -0.05279856]
[-0.05813752  0.01953112 -0.05249709]
[-0.05462989  0.02002234 -0.05237345]
[-0.0510085   0.02021629 -0.05213396]
[-0.04752539  0.02055654 -0.05166567]
[-0.04439313  0.02079721 -0.05154782]
[-0.04059585  0.02214497 -0.05270354]
[-0.03809575  0.02371812 -0.05410191]
[-0.03694921  0.02459108 -0.05484095]
[-0.0365447   0.02543703 -0.05526296]
[-0.03782682  0.02684722 -0.05632021]
[-0.03898304  0.02713777 -0.05654884]
[-0.04087351  0.02743289 -0.05701146]
[-0.04301717  0.02722488 -0.05729878]
[-0.04687432  0.02776405 -0.05742305]
[-0.04892434  0.0282044  -0.05769267]
[-0.05123881  0.02925419 -0.05784176]
[-0.05366038  0.02990714 -0.05820832]
[-0.05809827  0.0307106  -0.05844803]
[-0.05902799  0.03100733 -0.05870274]
[-0.06114828  0.0316618  -0.05910427]
[-0.06218475  0.03207104 -0.05961088]
[-0.06366006  0.03189355 -0.06033675]
[-0.06319283  0.03145308 -0.06073496]
[-0.06307683  0.03101181 -0.06138813]
[-0.06410971  0.03096813 -0.06350373]
[-0.0658059   0.03138291 -0.065773  ]
[-0.06510656  0.03197872 -0.0667953 ]
[-0.06384635  0.03259112 -0.06731469]
[-0.06229416  0.03346056 -0.06780685]

程序已被终止，正在关闭套接字...
套接字已关闭。
