[-0.1899873   0.03700579 -0.10918042]
[-0.18837132  0.03651666 -0.10870954]
[-0.18600407  0.03563667 -0.10679676]
[-0.18372809  0.03605583 -0.10448603]
[-0.18125024  0.04176555 -0.09435343]
[-0.17541733  0.04744187 -0.08842926]
[-0.16313761  0.04686724 -0.07286435]
[-0.15711308  0.04998027 -0.06567764]
[-0.15229406  0.05129855 -0.06288349]
[-0.14774476  0.05215817 -0.05844019]
[-0.14215196  0.05193051 -0.0518299 ]
[-0.13637714  0.05055844 -0.04634551]
[-0.13423086  0.04876864 -0.04311415]
[-0.12010375  0.05536889 -0.04054586]
[-0.11830369  0.06314917 -0.03506981]
[-0.11491813  0.06954449 -0.03177221]
[-0.11162945  0.07611789 -0.02918362]
[-0.10791343  0.08158328 -0.02804927]
[-0.10477727  0.08604175 -0.02718049]
[-0.10373287  0.09020583 -0.02623961]
[-0.10316325  0.09320854 -0.02431171]
[-0.10362467  0.10652152 -0.01277278]
[-0.10223196  0.1117834  -0.00919692]
[-0.08745331  0.14012073  0.02710483]
[-0.08745331  0.14012073  0.02710483]
[-0.08265257  0.14602065  0.0354711 ]
[-0.07637672  0.15514591  0.04428758]
[-0.0684375   0.16512516  0.05276177]
[-0.03857689  0.19032517  0.08463253]
[-0.03129473  0.19459109  0.08786128]
[-0.01803202  0.20134331  0.09122853]
[-0.01023384  0.2052076   0.09463752]
[-0.00531233  0.20754245  0.09937523]
[-0.00531233  0.20754245  0.09937523]
[-0.00238086  0.21283786  0.10330216]
[-0.00362467  0.21846123  0.10516448]
[-0.00636771  0.22486763  0.10560732]
[-0.00933432  0.23124374  0.10494112]
[-0.01201459  0.23765951  0.10348178]
[-0.01036651  0.25132623  0.10316741]
[-0.00704607  0.25480336  0.10438363]
[-0.00392903  0.2588729   0.10625005]
[-0.00470001  0.28448638  0.10920528]
[-0.00432065  0.29037628  0.10912071]
[0.00317553 0.31045175 0.12322401]
[0.0060532  0.31275868 0.12558946]
[0.01776361 0.31500503 0.13091248]
[0.02355932 0.31254748 0.1353462 ]
[0.02588377 0.31069797 0.13670091]
[0.02646028 0.30901495 0.13668631]
[0.02591354 0.30641496 0.13479026]
[0.02177185 0.28455913 0.11963874]
[0.02220065 0.27251485 0.1091513 ]
[0.02466167 0.24125646 0.07556969]
[0.02459701 0.22151044 0.04832936]
[0.02572448 0.20480801 0.02400036]
[ 0.01886649  0.15795194 -0.02559486]
[ 0.01023001  0.13142036 -0.05220023]
[ 0.00649533  0.11835515 -0.06360913]
[ 0.00271772  0.09050895 -0.08285193]
[-0.00444804  0.00164966 -0.11123139]
[ 0.01939272 -0.06676523 -0.11673747]
[ 0.0239035  -0.07306242 -0.11471901]
[ 0.0301172  -0.08968963 -0.11000629]
[ 0.02976131 -0.09574298 -0.10638848]
[ 0.02997712 -0.11771522 -0.08631792]
[ 0.03084788 -0.12136919 -0.08220645]
[ 0.03318368 -0.12797473 -0.07002319]
[ 0.03415819 -0.13177432 -0.05543045]
[ 0.03474312 -0.13342957 -0.04957928]
[ 0.03730237 -0.13622071 -0.03471899]
[ 0.04080825 -0.13848709 -0.00073192]
[ 0.04211389 -0.13844162  0.01256212]
[ 0.04225575 -0.13625257  0.0577767 ]
[ 0.0440787  -0.13458079  0.07396925]
[ 0.04600645 -0.1332621   0.09118939]
[ 0.04979495 -0.13136397  0.11201949]
[ 0.0416398  -0.12490962  0.18345936]
[ 0.0416398  -0.12490962  0.18345936]
[ 0.02895867 -0.11363629  0.22066313]
[ 0.02845181 -0.11200462  0.2252695 ]
[ 0.00886712 -0.09393899  0.24154675]
[ 0.00332748 -0.09100801  0.24450196]
[-0.0082814 -0.0745413  0.260373 ]
[-0.00877149 -0.07278757  0.26269767]
[-0.00859387 -0.07152615  0.26433668]
[-0.00897033 -0.0694202   0.26622736]
[-0.0113974  -0.06868667  0.26573315]
[-0.01402395 -0.06848548  0.26488519]
[-0.01413525 -0.06818412  0.2640951 ]
[-0.00828882 -0.07036697  0.25821769]
[-0.00410094 -0.07146498  0.25707769]
[ 0.00205014 -0.07527947  0.25540277]
[ 0.00603845 -0.07714186  0.25174659]
[ 0.01613422 -0.0825093   0.23760121]
[ 0.02224436 -0.08614567  0.22743353]
[ 0.02292611 -0.10172988  0.16567785]
[ 0.0128402  -0.1026882   0.14245336]
[ 0.00991627 -0.1032295   0.13387232]
[ 0.00789527 -0.10447866  0.12571098]
[ 0.00710104 -0.10609684  0.11834692]
[ 0.0014706  -0.11092622  0.09347246]
[ 0.0010435  -0.11162291  0.0936675 ]
[ 0.0011094  -0.11206982  0.09606295]
[ 0.00313353 -0.10918129  0.10864161]
[ 0.00363578 -0.10858901  0.11387332]
[ 0.00879899 -0.10559165  0.13679732]
[ 0.00947844 -0.10464099  0.14303951]
[ 0.00932198 -0.10399374  0.14909501]
[ 0.00941605 -0.1008173   0.1596937 ]
[ 0.00979573 -0.09952207  0.16460767]
[ 0.01016954 -0.09795821  0.17009021]
[ 0.00910068 -0.09676627  0.17506199]
[ 0.00716214 -0.09564338  0.17930724]
[ 0.00561219 -0.09451621  0.18326601]
[ 0.00490262 -0.09246999  0.18952067]
[ 0.00570833 -0.09215928  0.19129732]
[ 0.00639286 -0.09201497  0.19226721]
[ 0.00644535 -0.09250654  0.19187407]
[ 0.00366748 -0.0948432   0.18584126]
[ 0.00323555 -0.09670757  0.16148494]
[ 0.00176135 -0.09688292  0.14657693]
[-0.00829124 -0.09648964  0.10320985]
[-0.00918829 -0.09488425  0.06915444]
[-0.00956912 -0.09448459  0.04907304]
[-0.02282377 -0.09863516 -0.03469563]
[-0.02362139 -0.09953553 -0.04444212]
[-0.02370744 -0.10100077 -0.05204411]
[-0.02956031 -0.10471059 -0.06418876]
[-0.03986232 -0.10547534 -0.06368065]
[-0.04506622 -0.10592011 -0.06212429]
[-0.04921664 -0.1057827  -0.06003093]
[-0.06134621 -0.10325295 -0.050064  ]
[-0.06675065 -0.10088492 -0.0464883 ]
[-0.07060528 -0.09847889 -0.04411674]
[-0.0738128  -0.09596677 -0.04183933]
[-0.07807435 -0.09010407 -0.03753953]
[-0.08314344 -0.08386627 -0.03488313]
[-0.08645419 -0.08148411 -0.03396152]
[-0.08819512 -0.07895841 -0.03299538]
[-0.09192177 -0.07256927 -0.0259551 ]
[-0.09069065 -0.07133831 -0.01996285]
[-0.08641394 -0.06934799 -0.01065334]
[-0.07630887 -0.06485669  0.0158814 ]
[-0.07019672 -0.06211856  0.0346721 ]
[-0.02588448 -0.04608305  0.17070104]
[-0.02621734 -0.04305551  0.18305251]
[-0.02929521 -0.03033451  0.24118999]
[-0.02929521 -0.03033451  0.24118999]
[-0.0297535  -0.02955703  0.2477217 ]
[-0.02762009 -0.02816747  0.2599251 ]
[-0.0261736  -0.02813331  0.26099998]
[-0.02333092 -0.02912932  0.25837266]
[-0.0095681  -0.0372303   0.21735394]
[-0.0066602  -0.03824163  0.19891872]
[-0.00872924 -0.03749745  0.1788156 ]
[-0.01265028 -0.03050799  0.08517948]
[-0.01426403 -0.03047461  0.04033544]
[-0.01757985 -0.02980692  0.00193344]
[-0.02031305 -0.02974246 -0.01374016]
[-0.02045862 -0.03040333 -0.0262538 ]
[-0.02294917 -0.03778413 -0.07500019]
[-0.01798699 -0.03319316 -0.02648827]
[-0.01022264 -0.03417557  0.00885123]
[-0.00593168 -0.03628109  0.05374511]
[ 0.00453127 -0.03476506  0.09942792]
[ 0.00818444 -0.03491087  0.12340987]
[ 0.01476814 -0.03395083  0.14874592]
[ 0.01840181 -0.03246015  0.17034777]
[ 0.01904588 -0.03076907  0.19445468]
[ 0.01740984 -0.02855263  0.2476432 ]
[ 0.01604319 -0.02782277  0.25979304]
[ 0.01505961 -0.02728751  0.27075917]
[ 0.01344661 -0.02704495  0.27866948]
[ 0.01048679 -0.02722935  0.29289472]
[ 0.00628238 -0.02849082  0.29908311]
[-0.00459319 -0.03232826  0.28306127]
[-0.00418408 -0.03344407  0.27133483]
[-0.00237888 -0.03482688  0.25636497]
[-0.00036109 -0.03664885  0.23927972]
[-0.01132103 -0.03580683  0.17584464]
[-0.01580659 -0.03508803  0.15912174]
[-0.01716594 -0.03598994  0.14225581]
[-0.01847325 -0.03822105  0.12680528]
[-0.01560172 -0.04109313  0.11086583]
[-0.01797042 -0.05645954  0.03060568]
[-0.02087828 -0.0589327   0.01999093]
[-0.02254436 -0.05975655  0.01561479]
[-0.02474146 -0.06178297  0.00533885]
[-0.02435259 -0.06316321 -0.00104979]
[-0.02197724 -0.06505296 -0.00363369]
[-0.02051772 -0.06607506 -0.00480006]
[-0.0195372  -0.06675503 -0.00601429]
[-0.01695999 -0.06800716 -0.00760082]
[-0.0145051  -0.06833351 -0.00813019]
[-0.01142674 -0.06822396 -0.00837675]
[-0.01415876 -0.05968583  0.04404852]
[-0.01412375 -0.05745725  0.05909255]
[-0.01147226 -0.05526684  0.07484335]
[-0.00718046 -0.05432985  0.09185296]
[-0.00059074 -0.05177872  0.10771578]
[ 0.01756342 -0.03743114  0.19401541]
[ 0.01759445 -0.0358745   0.20193724]
[ 0.01855571 -0.03472875  0.2078685 ]
[ 0.0166932  -0.03058995  0.23055793]
[ 0.01625851 -0.02905824  0.23615645]
[ 0.01672841 -0.02679534  0.2447622 ]
[ 0.01644304 -0.025201    0.24732181]
[ 0.01732146 -0.0230057   0.24798879]
[ 0.02271984 -0.02168862  0.24471618]
[ 0.02909521 -0.02129785  0.24064562]
[ 0.03234921 -0.02767332  0.21706961]
[ 0.03088354 -0.02865274  0.21016975]
[ 0.02857368 -0.02853265  0.20119783]
[ 0.02010972 -0.02981493  0.16779718]
[ 0.01985869 -0.03120568  0.15939376]
[ 0.02031902 -0.03282212  0.15197445]
[ 0.02159283 -0.03487832  0.14525223]
[ 0.01867758 -0.04334773  0.10807913]
[ 0.01093883 -0.05325405  0.06306542]
[ 0.0102083  -0.05535739  0.05356719]
[ 0.00660328 -0.05850834  0.03305658]
[ 0.00415835 -0.0592974   0.02368105]
[ 0.00227959 -0.06007333  0.01524861]
[ 0.00130527 -0.06156746  0.00793424]
[-8.52733850e-05 -6.44321069e-02 -5.18805115e-03]
[ 0.00090583 -0.06592804 -0.01158892]
[ 0.00191633 -0.0676086  -0.01696485]
[ 0.0051179  -0.07044498 -0.02415333]
[ 0.00595697 -0.07114241 -0.02540217]
[ 0.00441002 -0.06953087 -0.02454464]
[ 0.0028624  -0.06809365 -0.02224542]
[ 0.00390782 -0.06646956 -0.01409771]
[ 0.01373004 -0.05925914  0.03167588]
[ 0.01409919 -0.05785828  0.03919435]
[ 0.01444314 -0.05423883  0.05182448]
[ 0.01368109 -0.05191246  0.05785097]
[ 0.01170052 -0.04537361  0.07675859]
[ 0.01319308 -0.04359218  0.08360114]
[ 0.01572881 -0.0413514   0.09203878]
[ 0.01852053 -0.03924689  0.10077627]
[ 0.02904337 -0.03074665  0.13001266]
[ 0.03579313 -0.02694166  0.15060109]
[ 0.0373897  -0.02597054  0.16059048]
[ 0.0374574  -0.02414171  0.18251124]
[ 0.02831832 -0.01471758  0.22359745]
[ 0.02769665 -0.0136677   0.22123748]
[ 0.02667657 -0.01299096  0.21766783]
[ 0.02547989 -0.01271698  0.213462  ]
[ 0.02204802 -0.01169182  0.20339903]
[ 0.0041056  -0.01447224  0.14639041]
[-0.00206135 -0.01362369  0.1416271 ]
[-0.01335804 -0.01369861  0.13187368]
[-0.01990014 -0.01374518  0.12730038]
[-0.02607442 -0.01394039  0.12309458]
[-0.03196314 -0.01437866  0.12016839]
[-0.05017813 -0.01685703  0.11440033]
[-0.05681532 -0.01721721  0.11249027]
[-0.09518252 -0.012116    0.1100274 ]
[-0.10574071 -0.007932    0.12022541]
[-0.1080193  -0.00631431  0.12497876]
[-0.11190698 -0.00497175  0.1299544 ]
[-0.12187964 -0.0013349   0.14142993]
[-0.12642258  0.00418927  0.14986172]
[-0.12748585  0.00726137  0.15242362]
[-0.12768538  0.01005485  0.15491208]
[-0.13174942  0.01764163  0.16021395]
[-0.13714788  0.02306094  0.16313688]
[-0.15891502  0.03843627  0.171389  ]
[-0.15891502  0.03843627  0.171389  ]
[-0.16686181  0.04497388  0.17906737]
[-0.14810365  0.05200163  0.17805336]
[-0.14810365  0.05200163  0.17805336]
[-0.14344334  0.05066174  0.16364306]
[-0.143941    0.05090519  0.15228623]
[-0.14473812  0.05023494  0.12178719]
[-0.13966441  0.04894812  0.10354689]
[-0.13844536  0.04779591  0.08984686]
[-0.13951627  0.04585759  0.05889034]
[-0.14385922  0.03730502  0.02427571]
[-0.14272617  0.03378971  0.01637691]
[-0.14086668  0.0297497   0.00937052]
[-0.13889765  0.02530654  0.00533215]
[-1.40805409e-01  1.57940313e-02  5.53462123e-05]
[-0.14094326  0.0115933  -0.00144664]
[-0.14202981  0.00780973 -0.00347078]
[-0.13695591 -0.00552438 -0.01374416]
[-0.13577658 -0.00771923 -0.01489125]
[-0.134826   -0.00886344 -0.01487684]
[-0.13486105 -0.00984614 -0.01289915]
[-0.13282842 -0.01520232  0.0068742 ]
[-0.12779264 -0.02104904  0.01786218]
[-0.12299894 -0.02744632  0.03138547]
[-0.11496432 -0.03335595  0.05678199]
[-0.11275691 -0.03413905  0.06746934]
[-0.11089876 -0.03454281  0.07726306]
[-0.10768351 -0.0346202   0.08695762]
[-0.10229027 -0.03409052  0.09567736]
[-0.09383105 -0.03119585  0.1148264 ]
[-0.09440712 -0.02967837  0.11682644]
[-0.09540645 -0.02541355  0.11684196]
[-0.09725925 -0.02235583  0.11499419]
[-0.10092051 -0.01908597  0.11189758]
[-0.1094839  -0.00884743  0.06213675]
[-0.11321021 -0.00943503  0.02776718]
[-0.11020271 -0.01004972  0.02560993]
[-0.10371478 -0.01164791  0.02910878]
[-0.10072431 -0.01130778  0.03130681]
[-0.07608668 -0.00161786  0.03872037]
[-0.07608668 -0.00161786  0.03872037]
[-0.07373437  0.00095831  0.04016206]
[-0.07057411  0.00334347  0.04185069]
[-0.06115987  0.01009147  0.04552166]
[-0.05651778  0.01301114  0.04625994]
[-0.05457348  0.01399906  0.04640361]
[-0.05138979  0.01536684  0.04524334]
[-0.04720618  0.01620103  0.03282632]
[-0.04698329  0.01741256  0.03086229]
[-0.04436119  0.01476226  0.02384715]
[-0.04436119  0.01476226  0.02384715]
[-0.04367887  0.01328753  0.02485927]
[-0.04378271  0.01165668  0.02522852]
[-0.04527549  0.00939266  0.02421153]
[-0.04532773  0.0094241   0.02317592]
[-0.04462906  0.01419117  0.01365087]
[-0.04462906  0.01419117  0.01365087]
[-0.0452877   0.01482124  0.01367937]
[-0.04594171  0.01539181  0.01348568]
[-0.04730916  0.01667793  0.01214367]
[-0.04802738  0.01745582  0.01089136]
[-0.04932613  0.01846742  0.00871815]
[-0.05204599  0.01992623  0.00608812]
[-0.05352318  0.02028072  0.00479368]
[-0.05427211  0.01919909  0.00472   ]
[-0.05427211  0.01919909  0.00472   ]
[-0.05741852  0.0189939   0.00764284]
[-0.07217316  0.02276709  0.0059564 ]
[-0.07789838  0.0236232   0.00384443]

程序已被终止，正在关闭套接字...
套接字已关闭。
