YAML 文件验证通过
init data completed...
[0.4642857142857143, 0.5, 0.3333333333333333, 0.42424242424242425, 0.6153846153846154, 0.5869565217391305, 0.10422784835100174, 0.10446000099182129, 0.3292226180519702, 0.3292059333101057, 0.454270752392581, 0.5437004937217929, 0.12398271688393185, 0.12398271688393185, 0.867668267339468, 0.0, 0.0, 0.0, 0.024883983097970484, 0.456772118806839, 0.44779879972338676, 0.0, -0.0, 0.0, 0.5, 0.0, 0.6976744186046512, 0.022917957976460457, 0.09187525138258934]
[0.4642857142857143, 0.5, 0.3333333333333333, 0.42424242424242425, 0.6153846153846154, 0.5869565217391305, 0.02287527546286583, 0.02200368233025074, 0.387380123594295, 0.3873798728672998, 0.46133081999609166, 0.5398136754058237, 0.023963277095130513, 0.023963277095130513, 0.9703516997396946, 0.0, 0.0, 0.0, 0.006992307119071483, 0.49621819984167814, 0.4968790428247303, 0.0, -0.0, 0.0, 0.5, 0.0, 0.6976744186046512, 0.01217959076166153, 0.0]
[0.4642857142857143, 0.5, 0.3333333333333333, 0.42424242424242425, 0.6153846153846154, 0.5869565217391305, 0.08492447435855865, 0.08425511419773102, 0.3214169054596647, 0.3214000725609395, 0.4563898428220366, 0.5412925045366674, 0.025706659736377854, 0.025706659736377854, 0.9625626057386398, 0.0, 0.0, 0.0, 0.007917240215465426, 0.4959559068083763, 0.49637089506722987, 0.0, -0.0, 0.0, 0.5, 0.0, 0.6976744186046512, 0.01126761082559824, 0.0]
[0.4642857142857143, 0.5, 0.3333333333333333, 0.42424242424242425, 0.6153846153846154, 0.5869565217391305, 0.06369325518608093, 0.06333097815513611, 0.34533924673529015, 0.34532314322418733, 0.4578502848317017, 0.5389209776097406, 0.024909528770617077, 0.024909528770617077, 0.9611640572547913, 0.0, 0.0, 0.0, 0.009272596240043639, 0.49596633622422814, 0.4962458056397736, 0.0, -0.0, 0.006683870684355497, 0.6031746031746031, 0.006294171791523695, 0.8, 0.010055668652057648, 0.0]
[0.4642857142857143, 0.5, 0.3333333333333333, 0.42424242424242425, 0.6153846153846154, 0.5869565217391305, 0.0632045716047287, 0.06284546107053757, 0.34588853259843344, 0.34587247467405713, 0.45819295170658175, 0.5385978417979549, 0.025310524340186803, 0.025310524340186803, 0.9598613660782576, 0.0, 0.0, 0.0, 0.009662842936813831, 0.49592210724949837, 0.49618765502236784, 0.0, -0.0, 0.006722365040332079, 0.6031746031746031, 0.006337309721857309, 0.8, 0.010033829137682915, 0.0]
[0.4642857142857143, 0.5, 0.3333333333333333, 0.42424242424242425, 0.6153846153846154, 0.5869565217391305, 0.647826075553894, 0.6473575830459595, 0.20631970958089735, 0.20629780515885943, 0.47244844530098296, 0.5285462578163042, 0.11666872671672276, 0.11666872671672276, 0.8466565832495689, 0.0, 0.0, 0.0, 0.050650830194354055, 0.4823824521154165, 0.4835923835635185, 0.0, -0.0, 0.016541730612516403, 0.6031746031746031, 0.01793918013572693, 0.8, 0.018384937196969986, 0.0]
[0.4642857142857143, 0.5, 0.3333333333333333, 0.42424242424242425, 0.6153846153846154, 0.5869565217391305, 0.1709623485803604, 0.17065589129924774, 0.3137373655293685, 0.31371976905297594, 0.47738154736805144, 0.5200741840999346, 0.08558853396347592, 0.08558853396347592, 0.870598841458559, 0.0, 0.0, 0.0, 0.045743877254426475, 0.48442687559872866, 0.4842690769582987, 0.0, -0.0, 0.016915975138545036, 0.6031746031746031, 0.01770794205367565, 0.8, 0.01864365115761757, 0.0]
[0.4642857142857143, 0.5, 0.3333333333333333, 0.42424242424242425, 0.6153846153846154, 0.5869565217391305, 0.14386425912380219, 0.14357005059719086, 0.3244969954226259, 0.32447988900354213, 0.4757382797921365, 0.5215436294880647, 0.08687372452446393, 0.08687372452446393, 0.8681076318025589, 0.0, 0.0, 0.0, 0.04769704304635525, 0.48559972178190947, 0.4853066448122263, 0.0, -0.0, 0.01660943031311035, 0.6031746031746031, 0.017123941332101822, 0.8, 0.018660971894860268, 0.0]
[0.4642857142857143, 0.5, 0.3333333333333333, 0.42424242424242425, 0.6153846153846154, 0.5869565217391305, 0.128816157579422, 0.12836509943008423, 0.32468652223765737, 0.32466940442189207, 0.480535973611343, 0.516697769018655, 0.09672995656728745, 0.09672995656728745, 0.850560650229454, 0.0, 0.0, 0.0, 0.04978626184165477, 0.48692037910223007, 0.4864862523972988, 0.0, -0.0, 0.016235999763011932, 0.6031746031746031, 0.016384325921535492, 0.8, 0.017818883061408997, 0.0]
[0.4642857142857143, 0.5, 0.3333333333333333, 0.42424242424242425, 0.6153846153846154, 0.5869565217391305, 0.11621376872062683, 0.11556700617074966, 0.3155805736381283, 0.3155629885584173, 0.48801609298239246, 0.5094359374132434, 0.1008002513221332, 0.1008002513221332, 0.8240925893187523, 0.0, 0.0, 0.0, 0.048142449185252185, 0.4866755986586213, 0.48628735076636076, 0.0, -0.0, 0.016033045947551727, 0.6031746031746031, 0.01591971516609192, 0.8, 0.016478413715958595, 0.0]
[0.4642857142857143, 0.5, 0.3333333333333333, 0.42424242424242425, 0.6153846153846154, 0.5869565217391305, 0.13143399357795715, 0.13073399662971497, 0.31291070722941006, 0.3128929967862014, 0.48749432725614616, 0.5099326931217154, 0.1087686632360731, 0.1087686632360731, 0.8168871626257896, 0.0, 0.0, 0.0, 0.048547688871622086, 0.48601227812469006, 0.48560894187539816, 0.0, -0.0, 0.01606472209095955, 0.6031746031746031, 0.015884889289736748, 0.8, 0.016233574599027634, 0.0]
[0.4642857142857143, 0.5, 0.3333333333333333, 0.42424242424242425, 0.6153846153846154, 0.5869565217391305, 0.13617394864559174, 0.13527996838092804, 0.31135524253772273, 0.31133744092106136, 0.4860210269404643, 0.5114208262185015, 0.11769655559744155, 0.11769655559744155, 0.8022675588726997, 0.0, 0.0, 0.0, 0.051485915854573246, 0.4856978990137577, 0.48517290502786636, 0.0, -0.0, 0.01609421893954277, 0.6031746031746031, 0.015917565673589706, 0.8, 0.016367625445127487, 0.0]
[0.4642857142857143, 0.5, 0.3333333333333333, 0.42424242424242425, 0.6153846153846154, 0.5869565217391305, 0.20403993129730225, 0.20349720120429993, 0.30522414694324734, 0.3052061629796803, 0.4919561829496296, 0.5058682119362619, 0.20467784787927357, 0.20467784787927357, 0.7356298565864563, 0.0, 0.0, 0.0, 0.06319500133395195, 0.4825224559754133, 0.48035778664052486, 0.0, -0.0, 0.022835584357380867, 0.6031746031746031, 0.02073577605187893, 0.8, 0.01637209951877594, 0.0]
[0.029912973088877526, 0.0322139710187912, 0.9355720579624176, 0.9355720579624176, 0.6153846153846154, 0.5869565217391305, 0.21366533637046814, 0.2130095213651657, 0.3120442403206178, 0.3120264273072748, 0.48444803985081486, 0.5128141275276823, 0.2751286860023226, 0.2751286860023226, 0.7058372497558594, 0.0, 0.0, 0.0, 0.10239559188485145, 0.48014180548489094, 0.4778215140104294, 0.15243668854236603, 0.15243668854236603, 0.02767581306397915, 0.6031746031746031, 0.025260211899876595, 0.8, 0.020018719136714935, 0.0]
[0.0, 0.0, 1.0, 1.0, 0.6153846153846154, 0.5869565217391305, 0.21566085517406464, 0.21499350666999817, 0.30879126269776325, 0.30877325594083305, 0.4828395649192438, 0.5144712050325277, 0.2736527046986989, 0.2736527046986989, 0.6986758559942245, 0.0, 0.0, 0.0, 0.08458001650869845, 0.47908761724829674, 0.4765961728990078, 0.12563969194889069, 0.12563969194889069, 0.028922058641910553, 0.6031746031746031, 0.026523251086473465, 0.8, 0.02075435034930706, 0.0]
[0.4642857142857143, 0.5, 0.3333333333333333, 0.42424242424242425, 0.6153846153846154, 0.5869565217391305, 0.24276715517044067, 0.24251139163970947, 0.3033294258336492, 0.3033111683497237, 0.4643005530419359, 0.5330234156917153, 0.253089474780219, 0.253089474780219, 0.5745469778776169, 0.0, 0.0, 0.0, 0.3604462713003158, 0.3733183741569519, 0.36423392593860626, 0.5198595523834229, 0.5198595523834229, 0.03430679067969322, 0.5067057486564394, 0.034279536455869675, 0.7600002064434594, 0.022403113543987274, 0.010829323437064886]
[0.0, 0.0, 1.0, 1.0, 0.6153846153846154, 0.5869565217391305, 0.19766858220100403, 0.19714803993701935, 0.29701972144511646, 0.29700096250720054, 0.4454151717928126, 0.5516988045348213, 0.31188778579235077, 0.31188778579235077, 0.517651841044426, 0.0, 0.0, 0.0, 0.5444689869880676, 0.25771741569042206, 0.25454506278038025, 0.7845620512962341, 0.7845620512962341, 0.0, 0.5, 0.0, 0.6976744186046512, 0.04474562406539917, 0.0]
[0.4642857142857143, 0.5, 0.3333333333333333, 0.42424242424242425, 0.6153846153846154, 0.5869565217391305, 0.18822605907917023, 0.187763050198555, 0.2846237560075282, 0.28460435885544255, 0.41303748428023795, 0.584243946339336, 0.32499396375247414, 0.32499396375247414, 0.5055723339319229, 0.0, 0.0, 0.0, 0.6002442538738251, 0.21872007846832275, 0.22485512495040894, 0.8675797581672668, 0.8675797581672668, 0.0, 0.5, 0.0, 0.6976744186046512, 0.07075772434473038, 0.0]
[0.0, 0.0, 1.0, 1.0, 0.6153846153846154, 0.5869565217391305, 0.18779899179935455, 0.18703565001487732, 0.2796292970558881, 0.2796096491768073, 0.40061001841470345, 0.596749015059065, 0.3122214121477945, 0.3122214121477945, 0.5070705711841583, 0.0, 0.0, 0.0, 0.6091199368238449, 0.21404987573623657, 0.21342450380325317, 0.8792336583137512, 0.8792336583137512, 0.0, 0.5, 0.0, 0.6976744186046512, 0.0703851655125618, 0.0]
[0.0226521577153887, 0.024394631385803223, 0.9512107372283936, 0.9512107372283936, 0.6153846153846154, 0.5869565217391305, 0.1890295296907425, 0.18824008107185364, 0.2750569483974012, 0.27503700420459876, 0.390878243838396, 0.6067163020606656, 0.3063389126743589, 0.3063389126743589, 0.5117898285388947, 0.0, 0.0, 0.0, 0.6027541160583496, 0.21630218625068665, 0.22000214457511902, 0.8720641732215881, 0.8720641732215881, 0.0, 0.5, 0.0, 0.6976744186046512, 0.07006718963384628, 0.0]
[0.03216650230543955, 0.0346408486366272, 0.9307183027267456, 0.9307183027267456, 0.6153846153846154, 0.5869565217391305, 0.21509522199630737, 0.2140790969133377, 0.27096704406446526, 0.2709469631114836, 0.37986553923349764, 0.6180918029293225, 0.31057185360363554, 0.31057185360363554, 0.5242164134979248, 0.0, 0.0, 0.0, 0.595996305346489, 0.21126142144203186, 0.2201320230960846, 0.8632063269615173, 0.8632063269615173, 0.0, 0.5, 0.09369711577892303, 0.6274931877851486, 0.07192297279834747, 0.0]
[0.07195282940353664, 0.07748766243457794, 0.8450246751308441, 0.8450246751308441, 0.6153846153846154, 0.5869565217391305, 0.2132704257965088, 0.21227635443210602, 0.2703398390892131, 0.2703190515419721, 0.3890921786911857, 0.6086765654861535, 0.3130779628242765, 0.3130779628242765, 0.5369711518287659, 0.0, 0.0, 0.0, 0.5828586131334305, 0.22175967693328857, 0.23184075951576233, 0.8455083966255188, 0.8455083966255188, 0.0, 0.5, 0.0, 0.6976744186046512, 0.07404016703367233, 0.0]
[0.4642857142857143, 0.5, 0.3333333333333333, 0.42424242424242425, 0.6153846153846154, 0.5869565217391305, 0.19307450950145721, 0.19256670773029327, 0.2753221947649924, 0.2753017263248363, 0.40494828493143814, 0.5929227444632736, 0.3182884731463024, 0.3182884731463024, 0.5399397313594818, 0.0, 0.0, 0.0, 0.5790062010288238, 0.23158559203147888, 0.23498007655143738, 0.837344229221344, 0.837344229221344, 0.0, 0.5, 0.0, 0.6976744186046512, 0.07332824915647507, 0.0]
[0.11401809006929398, 0.12278871238231659, 0.7544225752353668, 0.7544225752353668, 0.6153846153846154, 0.5869565217391305, 0.18512706458568573, 0.1844402551651001, 0.2778984146409919, 0.27787803737428857, 0.44668729218652553, 0.550774053215588, 0.32816336623259956, 0.32816336623259956, 0.5620493143796921, 0.0, 0.0, 0.0, 0.5670652985572815, 0.2577800005674362, 0.2551499754190445, 0.8202182650566101, 0.8202182650566101, 0.0, 0.5, 0.0, 0.6976744186046512, 0.07377592474222183, 0.0]
[0.12179932104689734, 0.13116849958896637, 0.7376630008220673, 0.7376630008220673, 0.6153846153846154, 0.5869565217391305, 0.18461640179157257, 0.18425598740577698, 0.27020706774855663, 0.27018630299467883, 0.4931020074547135, 0.5041772407003338, 0.3265915917498725, 0.3265915917498725, 0.5637428313493729, 0.0, 0.0, 0.0, 0.567547744512558, 0.26629452407360077, 0.264691025018692, 0.8174861669540405, 0.8174861669540405, 0.0, 0.5, 0.0, 0.6976744186046512, 0.07496698945760727, 0.0]
[0.4642857142857143, 0.5, 0.3333333333333333, 0.42424242424242425, 0.6153846153846154, 0.5869565217391305, 0.18109509348869324, 0.18092969059944153, 0.2852068558249829, 0.2851867292852748, 0.5536661701950015, 0.44370314308557135, 0.3243380359240941, 0.3243380359240941, 0.5643968284130096, 0.0, 0.0, 0.0, 0.5667895495891571, 0.2717639058828354, 0.259424164891243, 0.809883713722229, 0.809883713722229, 0.05743315815925598, 0.4770267367362976, 0.0, 0.6976744186046512, 0.07402952760457993, 0.0]
[0.4642857142857143, 0.5, 0.3333333333333333, 0.42424242424242425, 0.6153846153846154, 0.5869565217391305, 0.16385126113891602, 0.16375860571861267, 0.3000713652908004, 0.3000519225519884, 0.5919627072022476, 0.40574007868032336, 0.31895292656762264, 0.31895292656762264, 0.536555826663971, 0.0, 0.0, 0.0, 0.5782958835363388, 0.26628872752189636, 0.235744446516037, 0.8220517635345459, 0.8220517635345459, 0.0, 0.5, 0.0, 0.6976744186046512, 0.06793398410081863, 0.10549722239375114]
[0.4642857142857143, 0.5, 0.3333333333333333, 0.42424242424242425, 0.6153846153846154, 0.5869565217391305, 0.17321725189685822, 0.1731911450624466, 0.313531427492831, 0.31351265715823345, 0.5950334176962508, 0.4025632194938846, 0.309823038322585, 0.309823038322585, 0.5408654659986496, 0.0, 0.0, 0.0, 0.5769030570983886, 0.26544463634490967, 0.23480072617530823, 0.8203476071357727, 0.8203476071357727, 0.05373978242278099, 0.4785040870308876, 0.0, 0.6976744186046512, 0.06248139590024948, 0.13747801072895527]
[0.4642857142857143, 0.5, 0.3333333333333333, 0.42424242424242425, 0.6153846153846154, 0.5869565217391305, 0.14134109020233154, 0.14125367999076843, 0.3239732381262697, 0.3239550604191155, 0.5892472084803974, 0.40818408565306474, 0.30470523451055803, 0.30470523451055803, 0.5464768260717392, 0.0, 0.0, 0.0, 0.5758697807788848, 0.2652117908000946, 0.23541054129600525, 0.819546639919281, 0.819546639919281, 0.050817590206861496, 0.5501797326973505, 0.05174292251467705, 0.778243612757949, 0.05885583534836769, 0.10803073644638062]
[0.4642857142857143, 0.5, 0.3333333333333333, 0.42424242424242425, 0.6153846153846154, 0.5869565217391305, 0.1158483624458313, 0.11562909185886383, 0.32022006014792914, 0.3202016886971877, 0.5548569125837395, 0.44203153481168406, 0.2948108528341566, 0.2948108528341566, 0.555973082780838, 0.0, 0.0, 0.0, 0.5750044405460357, 0.2732027918100357, 0.25250890851020813, 0.823502779006958, 0.823502779006958, 0.04828954115509987, 0.4895436437357039, 0.04911006987094879, 0.7440570683413467, 0.05557483434677124, 0.0]
[0.4642857142857143, 0.5, 0.3333333333333333, 0.42424242424242425, 0.6153846153846154, 0.5869565217391305, 0.11633726209402084, 0.11605426669120789, 0.3251415803373202, 0.3251235393903451, 0.49522024740680454, 0.50103108987247, 0.29467550771577017, 0.29467550771577017, 0.5602787882089615, 0.0, 0.0, 0.0, 0.5744841933250426, 0.25452569127082825, 0.24144715070724487, 0.8237971663475037, 0.8237971663475037, 0.047437574714422226, 0.4990047457672301, 0.04804246872663498, 0.7462113575879917, 0.053650468587875366, 0.0]
[0.4642857142857143, 0.5, 0.3333333333333333, 0.42424242424242425, 0.6153846153846154, 0.5869565217391305, 0.08238381147384644, 0.0821608379483223, 0.31911328281088946, 0.31909501393028245, 0.32532887340275785, 0.6734196491901956, 0.2900552430323192, 0.2900552430323192, 0.5967957377433777, 0.0, 0.0, 0.0, 0.5622456789016723, 0.2740669697523117, 0.2735842615365982, 0.8126324415206909, 0.8126324415206909, 0.04555509611964226, 0.5065786512125106, 0.0, 0.6976744186046512, 0.05068819969892502, 0.0]
[0.4642857142857143, 0.5, 0.3333333333333333, 0.42424242424242425, 0.6153846153846154, 0.5869565217391305, 0.08617789298295975, 0.08590630441904068, 0.31565075440342977, 0.3156323829526883, 0.3101787858893721, 0.6894614928488472, 0.2814002547945295, 0.2814002547945295, 0.5990246534347534, 0.0, 0.0, 0.0, 0.5566676348447799, 0.2662403881549835, 0.26658403873443604, 0.8048151731491089, 0.8048151731491089, 0.045259926468133926, 0.527597969013547, 0.04591614753007889, 0.7457083571962146, 0.050623588263988495, 0.0]
[0.4642857142857143, 0.5, 0.3333333333333333, 0.42424242424242425, 0.6153846153846154, 0.5869565217391305, 0.10437154024839401, 0.10386133939027786, 0.30792652808457444, 0.3079077235599321, 0.39777281453003166, 0.5997629415869891, 0.32833171742303036, 0.32833171742303036, 0.6021285504102707, 0.0, 0.0, 0.0, 0.5532859027385711, 0.26374855637550354, 0.26473191380500793, 0.8005121350288391, 0.8005121350288391, 0.04531898349523544, 0.5068235151351443, 0.04584217444062233, 0.7400640568067861, 0.051870062947273254, 0.0]
[0.4642857142857143, 0.5, 0.3333333333333333, 0.42424242424242425, 0.6153846153846154, 0.5869565217391305, 0.10653796046972275, 0.10612715035676956, 0.30252554950021193, 0.30250640307512155, 0.473035967030899, 0.5240074068542142, 0.3171723123107638, 0.3171723123107638, 0.5819045752286911, 0.0, 0.0, 0.0, 0.5744299948215484, 0.2548115849494934, 0.2464480996131897, 0.8274890184402466, 0.8274890184402466, 0.0, 0.5, 0.0, 0.6976744186046512, 0.05436606705188751, 0.0]
[0.4642857142857143, 0.5, 0.3333333333333333, 0.42424242424242425, 0.6153846153846154, 0.5869565217391305, 0.13101664185523987, 0.13082267343997955, 0.29217455902245487, 0.2921548199699212, 0.5742862318031646, 0.42359271828526013, 0.2987838642937797, 0.2987838642937797, 0.5404515415430069, 0.0, 0.0, 0.0, 0.5838096320629119, 0.2576901763677597, 0.2302842140197754, 0.8316287398338318, 0.8316287398338318, 0.04724404960870743, 0.5391219121123116, 0.04729987680912018, 0.7669048037293346, 0.05657383054494858, 0.0]
[0.4642857142857143, 0.5, 0.3333333333333333, 0.42424242424242425, 0.6153846153846154, 0.5869565217391305, 0.13145048916339874, 0.1312255859375, 0.29378894455802146, 0.2937693194723038, 0.6146828467257848, 0.3842195196721061, 0.2908787131309509, 0.2908787131309509, 0.5481269955635071, 0.0, 0.0, 0.0, 0.5692762553691864, 0.26197202503681183, 0.23477619886398315, 0.8074502348899841, 0.8074502348899841, 0.0, 0.5, 0.0, 0.6976744186046512, 0.05882837995886803, 0.03095991676673293]
[0.4642857142857143, 0.5, 0.3333333333333333, 0.42424242424242425, 0.6153846153846154, 0.5869565217391305, 0.13077989220619202, 0.1304532140493393, 0.2870418355296264, 0.2870219597169136, 0.6552279319179674, 0.34530184642256057, 0.28953311698777334, 0.28953311698777334, 0.5495643019676208, 0.0, 0.0, 0.0, 0.5456427872180938, 0.26273593306541443, 0.23573419451713562, 0.7708387970924377, 0.7708387970924377, 0.0, 0.5, 0.0, 0.6976744186046512, 0.06127505004405975, 0.13500291854143143]
[0.4642857142857143, 0.5, 0.3333333333333333, 0.42424242424242425, 0.6153846153846154, 0.5869565217391305, 0.9158885478973389, 0.9158510565757751, 0.28207192503015577, 0.28205250508470703, 0.6447640801023116, 0.3573194192376187, 0.40492269609655657, 0.40492269609655657, 0.5293107777833939, 0.0, 0.0, 0.0, 0.4634173363447189, 0.2598176449537277, 0.2228686809539795, 0.6520386338233948, 0.6520386338233948, 0.0, 0.5, 0.0, 0.6976744186046512, 0.06865116953849792, 0.19867436960339546]
[0.4642857142857143, 0.5, 0.3333333333333333, 0.42424242424242425, 0.6153846153846154, 0.5869565217391305, 0.27448803186416626, 0.27436214685440063, 0.2727097790282269, 0.2726940971943434, 0.5675965107649735, 0.4311272240454968, 0.32301041696752825, 0.32301041696752825, 0.5511456280946732, 0.0, 0.0, 0.0, 0.5400697082281112, 0.24561786651611328, 0.2247757911682129, 0.7666142582893372, 0.7666142582893372, 0.13631011545658112, 0.44547595381736754, 0.14110153913497925, 0.5589095659034197, 0.06745833903551102, 0.10640598833560944]
[0.4642857142857143, 0.5, 0.3333333333333333, 0.42424242424242425, 0.6153846153846154, 0.5869565217391305, 0.9616950154304504, 0.9616748094558716, 0.286817252521989, 0.28680250521599676, 0.4781811684654958, 0.5202442453827908, 0.49264865262167795, 0.49264865262167795, 0.485621839761734, 0.0, 0.0, 0.0, 0.5094843745231629, 0.20494669675827026, 0.19125404953956604, 0.728232204914093, 0.728232204914093, 0.13374486565589905, 0.4465020537376404, 0.13759668171405792, 0.5775951750056688, 0.06181627884507179, 0.0]
[0.4642857142857143, 0.5, 0.3333333333333333, 0.42424242424242425, 0.6153846153846154, 0.5869565217391305, 0.46523207426071167, 0.46432122588157654, 0.2476235630407388, 0.2476066959519687, 0.41796094760384206, 0.5809003679469206, 0.41240745357104713, 0.41240745357104713, 0.5743490606546402, 0.0, 0.0, 0.0, 0.5201697200536728, 0.22770926356315613, 0.22769084572792053, 0.7522176504135132, 0.7522176504135132, 0.143881693482399, 0.4424473226070404, 0.14735545217990875, 0.5662303747132768, 0.06846730411052704, 0.0]
[0.4642857142857143, 0.5, 0.3333333333333333, 0.42424242424242425, 0.6153846153846154, 0.5869565217391305, 0.20836833119392395, 0.20815105736255646, 0.2893232004592341, 0.28930829359969945, 0.34494508110542366, 0.654271525994263, 0.3440876411540168, 0.3440876411540168, 0.5569798201322556, 0.0, 0.0, 0.0, 0.5526761591434478, 0.22717022895812988, 0.2276116907596588, 0.7951740622520447, 0.7951740622520447, 0.0, 0.5, 0.0, 0.6976744186046512, 0.06474050134420395, 0.0]
[0.4642857142857143, 0.5, 0.3333333333333333, 0.42424242424242425, 0.6153846153846154, 0.5869565217391305, 0.13926076889038086, 0.1391468048095703, 0.2957659269154186, 0.2957514531297848, 0.3047894091268798, 0.6957611795542522, 0.31606423003332956, 0.31606423003332956, 0.5630466490983963, 0.0, 0.0, 0.0, 0.5534579277038574, 0.22878709435462952, 0.23528367280960083, 0.8014019727706909, 0.8014019727706909, 0.0, 0.5, 0.0, 0.6976744186046512, 0.06267275661230087, 0.0]
[0.4642857142857143, 0.5, 0.3333333333333333, 0.42424242424242425, 0.6153846153846154, 0.5869565217391305, 0.13119050860404968, 0.13105899095535278, 0.2959337316553178, 0.29591934904313677, 0.2961907952055193, 0.7046522551188683, 0.31498480056013384, 0.31498480056013384, 0.5681144744157791, 0.0, 0.0, 0.0, 0.5437675565481186, 0.22956576943397522, 0.23763900995254517, 0.7888057231903076, 0.7888057231903076, 0.0, 0.5, 0.0, 0.6976744186046512, 0.0625966489315033, 0.0]
[0.4642857142857143, 0.5, 0.3333333333333333, 0.42424242424242425, 0.6153846153846154, 0.5869565217391305, 0.13281702995300293, 0.13252179324626923, 0.29487235869777817, 0.2948577937386916, 0.33628131235534786, 0.6628823229682554, 0.3083220762865884, 0.3083220762865884, 0.59190933406353, 0.0, 0.0, 0.0, 0.5390316545963287, 0.24321529269218445, 0.25278861820697784, 0.7833278775215149, 0.7833278775215149, 0.0, 0.5, 0.1108633354306221, 0.6114760959564254, 0.06147848814725876, 0.0]
[0.4642857142857143, 0.5, 0.3333333333333333, 0.42424242424242425, 0.6153846153846154, 0.5869565217391305, 0.12212146073579788, 0.12172053754329681, 0.29096662473952106, 0.29095183184680246, 0.43436587244329217, 0.5631968069094266, 0.34753850528172087, 0.34753850528172087, 0.5960408002138138, 0.0, 0.0, 0.0, 0.5364832609891891, 0.24825897812843323, 0.2475123107433319, 0.7783834934234619, 0.7783834934234619, 0.0, 0.5, 0.0, 0.6976744186046512, 0.06797616928815842, 0.0]
[0.4642857142857143, 0.5, 0.3333333333333333, 0.42424242424242425, 0.6153846153846154, 0.5869565217391305, 0.12062331289052963, 0.12025076150894165, 0.29019641420353437, 0.2901815757240893, 0.48040531065678277, 0.5169493878042214, 0.3487058196749006, 0.3487058196749006, 0.584722027182579, 0.0, 0.0, 0.0, 0.5477527529001236, 0.24688589572906494, 0.2403302788734436, 0.7893613576889038, 0.7893613576889038, 0.0, 0.5, 0.11063860356807709, 0.6015255111594533, 0.06970356404781342, 0.0]
[0.4642857142857143, 0.5, 0.3333333333333333, 0.42424242424242425, 0.6153846153846154, 0.5869565217391305, 0.10354043543338776, 0.10315694659948349, 0.2905733480508196, 0.2905585323647377, 0.5474421175670441, 0.45036052603971843, 0.33668780965464457, 0.33668780965464457, 0.5429365038871765, 0.0, 0.0, 0.0, 0.5744423657655715, 0.23075437545776367, 0.2118956446647644, 0.820414125919342, 0.820414125919342, 0.11032991856336594, 0.45586803257465364, 0.10907944291830063, 0.5878041199473447, 0.06823771446943283, 0.0]
[0.4642857142857143, 0.5, 0.3333333333333333, 0.42424242424242425, 0.6153846153846154, 0.5869565217391305, 0.10732260346412659, 0.1070321798324585, 0.2921375881873399, 0.29212277250125807, 0.5913916593755865, 0.4070049507845378, 0.32499837023871286, 0.32499837023871286, 0.5539591908454895, 0.0, 0.0, 0.0, 0.5646811068058013, 0.2547518163919449, 0.22706720232963562, 0.8045600652694702, 0.8045600652694702, 0.0, 0.5, 0.0, 0.6976744186046512, 0.06329657137393951, 0.016140539664775133]
[0.4642857142857143, 0.5, 0.3333333333333333, 0.42424242424242425, 0.6153846153846154, 0.5869565217391305, 0.1304740607738495, 0.13018248975276947, 0.2885472687890835, 0.2885322023760064, 0.5815108959807037, 0.4168103137339456, 0.31903798026697977, 0.31903798026697977, 0.5276232212781906, 0.0, 0.0, 0.0, 0.571723073720932, 0.2244545817375183, 0.20454701781272888, 0.8135576248168945, 0.8135576248168945, 0.104171022772789, 0.4583315908908844, 0.10574314743280411, 0.5786301958006482, 0.06026338040828705, 0.0526646850630641]
[0.4642857142857143, 0.5, 0.3333333333333333, 0.42424242424242425, 0.6153846153846154, 0.5869565217391305, 0.1548822671175003, 0.15437358617782593, 0.2839392941039105, 0.283923954170475, 0.4830960871270692, 0.5142183354611556, 0.3400009125471115, 0.3400009125471115, 0.559866413474083, 0.0, 0.0, 0.0, 0.5315073460340499, 0.257207989692688, 0.24994271993637085, 0.7653031945228577, 0.7653031945228577, 0.10636992752552032, 0.45745202898979187, 0.10707008093595505, 0.548900518306466, 0.05771739035844803, 0.0]
[0.4642857142857143, 0.5, 0.3333333333333333, 0.42424242424242425, 0.6153846153846154, 0.5869565217391305, 0.15611973404884338, 0.1556522250175476, 0.28851109572168065, 0.28849618886214595, 0.39273536729539105, 0.6054402441134594, 0.32344089022704536, 0.32344089022704536, 0.575752004981041, 0.0, 0.0, 0.0, 0.5276071608066558, 0.2633845806121826, 0.2593912035226822, 0.7655357122421265, 0.7655357122421265, 0.0, 0.5, 0.11104335635900497, 0.6202581524848938, 0.0569218210875988, 0.0]
[0.4642857142857143, 0.5, 0.3333333333333333, 0.42424242424242425, 0.6153846153846154, 0.5869565217391305, 0.14905358850955963, 0.14863088726997375, 0.29710018201722244, 0.29708568543822544, 0.3644139639050281, 0.6341050409171545, 0.3176071814128331, 0.3176071814128331, 0.5826063752174377, 0.0, 0.0, 0.0, 0.5276698291301727, 0.24923667311668396, 0.250511109828949, 0.7656746506690979, 0.7656746506690979, 0.0, 0.5, 0.1124051958322525, 0.6083053974218147, 0.057724256068468094, 0.0]
[0.4642857142857143, 0.5, 0.3333333333333333, 0.42424242424242425, 0.6153846153846154, 0.5869565217391305, 0.14297974109649658, 0.14250676333904266, 0.29164119432350877, 0.2916264698108797, 0.37972459647213297, 0.6186000151519744, 0.32251355903489254, 0.32251355903489254, 0.5891783833503723, 0.0, 0.0, 0.0, 0.5287527561187744, 0.2461451292037964, 0.2497384250164032, 0.7672563195228577, 0.7672563195228577, 0.11345299333333969, 0.4546188026666641, 0.11337979137897491, 0.5740501055883807, 0.0626128539443016, 0.0]
[0.4642857142857143, 0.5, 0.3333333333333333, 0.42424242424242425, 0.6153846153846154, 0.5869565217391305, 0.13391606509685516, 0.13352122902870178, 0.2876573247161924, 0.2876424178566577, 0.42998964358014313, 0.5680298717545683, 0.3396795051438468, 0.3396795051438468, 0.5884391218423843, 0.0, 0.0, 0.0, 0.5282012581825256, 0.24509552121162415, 0.243033766746521, 0.766320526599884, 0.766320526599884, 0.113576740026474, 0.4545693039894104, 0.11324863135814667, 0.5508129125417665, 0.06440160423517227, 0.0]
[0.4642857142857143, 0.5, 0.3333333333333333, 0.42424242424242425, 0.6153846153846154, 0.5869565217391305, 0.1320878267288208, 0.13173654675483704, 0.2817316884976272, 0.2817163941509181, 0.4987696444377104, 0.4989603128254933, 0.35910347742693766, 0.35910347742693766, 0.557496964931488, 0.0, 0.0, 0.0, 0.5457065612077713, 0.23523634672164917, 0.22088885307312012, 0.7822850942611694, 0.7822850942611694, 0.11354000121355057, 0.4545839995145798, 0.11203686892986298, 0.5294043622737707, 0.06565825641155243, 0.0]
[0.4642857142857143, 0.5, 0.3333333333333333, 0.42424242424242425, 0.6153846153846154, 0.5869565217391305, 0.13034287095069885, 0.1300211101770401, 0.2809145236334427, 0.28089911531991757, 0.5345931596783333, 0.46335272597030697, 0.35436496138572693, 0.35436496138572693, 0.5361463278532028, 0.0, 0.0, 0.0, 0.5687033116817474, 0.21283185482025146, 0.1964031457901001, 0.8116298913955688, 0.8116298913955688, 0.1096377968788147, 0.45614488124847413, 0.10918918251991272, 0.5055345421613648, 0.06376776844263077, 0.0]
[0.4642857142857143, 0.5, 0.3333333333333333, 0.42424242424242425, 0.6153846153846154, 0.5869565217391305, 0.13015329837799072, 0.1298539936542511, 0.27317380631631005, 0.2731580561023369, 0.5646627940821602, 0.4337418051517666, 0.33383230013506754, 0.33383230013506754, 0.5092626959085464, 0.0, 0.0, 0.0, 0.5715082198381424, 0.2165524661540985, 0.19594839215278625, 0.8142101764678955, 0.8142101764678955, 0.10624571144580841, 0.4575017154216766, 0.10755614191293716, 0.5145567655563354, 0.06155667081475258, 0.0]
[0.4642857142857143, 0.5, 0.3333333333333333, 0.42424242424242425, 0.6153846153846154, 0.5869565217391305, 0.16101177036762238, 0.16056334972381592, 0.27955061436611195, 0.27953520605258686, 0.6070614982517454, 0.39238943601834797, 0.330229646393231, 0.330229646393231, 0.5611862391233444, 0.0, 0.0, 0.0, 0.5581465989351272, 0.22411400079727173, 0.19904807209968567, 0.7872319221496582, 0.7872319221496582, 0.10620010644197464, 0.45751995742321017, 0.10936622321605682, 0.4965392032334971, 0.06018896773457527, 0.11940594762563705]
[0.4642857142857143, 0.5, 0.3333333333333333, 0.42424242424242425, 0.6153846153846154, 0.5869565217391305, 0.1798297017812729, 0.17927250266075134, 0.27162032464722147, 0.27160475678015394, 0.6635579374506643, 0.33847509738313486, 0.3387062464441572, 0.3387062464441572, 0.5521258413791656, 0.0, 0.0, 0.0, 0.5444147676229476, 0.22873511910438538, 0.20165830850601196, 0.7625226974487305, 0.7625226974487305, 0.1093459352850914, 0.4562616258859634, 0.1145576760172844, 0.5465913234755051, 0.060222841799259186, 0.1489249151200056]
[0.4642857142857143, 0.5, 0.3333333333333333, 0.42424242424242425, 0.6153846153846154, 0.5869565217391305, 0.16948829591274261, 0.16833734512329102, 0.26884678262597517, 0.2688311691721812, 0.6902033562414049, 0.31336506233109973, 0.3479814742292677, 0.3479814742292677, 0.5783909261226654, 0.0, 0.0, 0.0, 0.5194892346858978, 0.25230132043361664, 0.22051295638084412, 0.7239415049552917, 0.7239415049552917, 0.1099742203950882, 0.4560103118419647, 0.11666010320186615, 0.5855553164038547, 0.06297695636749268, 0.16833454370498657]
[0.4642857142857143, 0.5, 0.3333333333333333, 0.42424242424242425, 0.6153846153846154, 0.5869565217391305, 0.15508362650871277, 0.15333649516105652, 0.26664512608748775, 0.2666295582204202, 0.722615142625331, 0.28263826392526104, 0.3509407596928733, 0.3509407596928733, 0.5588628351688385, 0.0, 0.0, 0.0, 0.517199233174324, 0.2519344985485077, 0.21986731886863708, 0.7189044952392578, 0.7189044952392578, 0.11116789281368256, 0.455532842874527, 0.11827930808067322, 0.6024871246759281, 0.06698527932167053, 0.18477058038115501]
[0.4642857142857143, 0.5, 0.3333333333333333, 0.42424242424242425, 0.6153846153846154, 0.5869565217391305, 0.14988240599632263, 0.1474093496799469, 0.26930237636967325, 0.26928692246942176, 0.7348539934103621, 0.2710106399678769, 0.3388004217829023, 0.3388004217829023, 0.5620027780532837, 0.0, 0.0, 0.0, 0.5224209398031234, 0.2411693036556244, 0.21594905853271484, 0.7261833548545837, 0.7261833548545837, 0.11028476059436798, 0.4558860957622528, 0.11739933490753174, 0.6181301367144252, 0.06882118433713913, 0.19445914775133133]
[0.4642857142857143, 0.5, 0.3333333333333333, 0.42424242424242425, 0.6153846153846154, 0.5869565217391305, 0.1467628926038742, 0.1448834240436554, 0.28046706712040803, 0.28045200070733095, 0.6757938592885238, 0.3267508751524971, 0.3075996254171644, 0.3075996254171644, 0.5706799924373627, 0.0, 0.0, 0.0, 0.5287159770727157, 0.2388032078742981, 0.21315431594848633, 0.7398495674133301, 0.7398495674133301, 0.1081484779715538, 0.45674060881137846, 0.11480480432510376, 0.6107833323090576, 0.06844178587198257, 0.19132252782583237]
[0.4642857142857143, 0.5, 0.3333333333333333, 0.42424242424242425, 0.6153846153846154, 0.5869565217391305, 0.14589637517929077, 0.14455045759677887, 0.28158455733815296, 0.2815693769582599, 0.6002664319871717, 0.39937546507983496, 0.2983666956424713, 0.2983666956424713, 0.5694896131753922, 0.0, 0.0, 0.0, 0.5484363675117492, 0.22322434186935425, 0.20120248198509216, 0.7774087190628052, 0.7774087190628052, 0.10838145762681961, 0.45664741694927213, 0.11406820267438889, 0.5824951966141546, 0.06675340980291367, 0.03944343887269497]
[0.4642857142857143, 0.5, 0.3333333333333333, 0.42424242424242425, 0.6153846153846154, 0.5869565217391305, 0.14323772490024567, 0.14218634366989136, 0.2811402007225139, 0.28112506592934716, 0.5482579604161629, 0.4502493058239702, 0.30008955725601744, 0.30008955725601744, 0.5706242024898529, 0.0, 0.0, 0.0, 0.5510264426469802, 0.21471762657165527, 0.1950453519821167, 0.7834817171096802, 0.7834817171096802, 0.10823751986026764, 0.45670499205589293, 0.11195985227823257, 0.5590059798817302, 0.06160370260477066, 0.0]
[0.4642857142857143, 0.5, 0.3333333333333333, 0.42424242424242425, 0.6153846153846154, 0.5869565217391305, 0.10543348640203476, 0.10466637462377548, 0.28490878701437955, 0.28489372060130247, 0.5005553488977552, 0.4971796269119989, 0.3296479050602232, 0.3296479050602232, 0.5680860579013824, 0.0, 0.0, 0.0, 0.5528677105903625, 0.2122592031955719, 0.19878599047660828, 0.7890425324440002, 0.7890425324440002, 0.10859369486570358, 0.45656252205371856, 0.11026687920093536, 0.5868160793947619, 0.05875073000788689, 0.0]
[0.4642857142857143, 0.5, 0.3333333333333333, 0.42424242424242425, 0.6153846153846154, 0.5869565217391305, 0.08517061173915863, 0.0847390741109848, 0.28793205312287606, 0.28791707788325177, 0.46896428029350296, 0.5283868780732788, 0.34102340894086025, 0.34102340894086025, 0.5651124715805054, 0.0, 0.0, 0.0, 0.5625944852828979, 0.21579217910766602, 0.20704877376556396, 0.8088246583938599, 0.8088246583938599, 0.11026830971240997, 0.45589267611503603, 0.11027664691209793, 0.5709316633468451, 0.05986471846699715, 0.0]
[0.4642857142857143, 0.5, 0.3333333333333333, 0.42424242424242425, 0.6153846153846154, 0.5869565217391305, 0.07681059837341309, 0.0765194520354271, 0.2922366709371826, 0.29222144497056307, 0.44720355616472873, 0.5496663007499788, 0.2586281512464796, 0.2586281512464796, 0.5981804728507996, 0.0, 0.0, 0.0, 0.5795924335718154, 0.27130652964115143, 0.26898185908794403, 0.8317372798919678, 0.8317372798919678, 0.10763248801231384, 0.45694700479507444, 0.10830679535865784, 0.5113757488339447, 0.059701137244701385, 0.0]
[0.4642857142857143, 0.5, 0.3333333333333333, 0.42424242424242425, 0.6153846153846154, 0.5869565217391305, 0.0796041265130043, 0.07933373749256134, 0.2979902400569296, 0.2979753787841213, 0.43854192429245314, 0.5584469148685389, 0.21528087556362152, 0.21528087556362152, 0.6882621794939041, 0.0, 0.0, 0.0, 0.5060607314109802, 0.3035102039575577, 0.3067280501127243, 0.7257896065711975, 0.7257896065711975, 0.10555806010961533, 0.45777677595615385, 0.10703157633543015, 0.47880479069643245, 0.06329841166734695, 0.03860288765281439]
[0.4642857142857143, 0.5, 0.3333333333333333, 0.42424242424242425, 0.6153846153846154, 0.5869565217391305, 0.1032898798584938, 0.10301968455314636, 0.3044590877073445, 0.3044446139217107, 0.4241211275297643, 0.5731332373955915, 0.15708340598004206, 0.15708340598004206, 0.7916138172149658, 0.0, 0.0, 0.0, 0.38005955815315245, 0.3696872740983963, 0.3774564266204834, 0.5499445199966431, 0.5499445199966431, 0.10408209264278412, 0.4583671629428864, 0.1059216782450676, 0.4876173859418825, 0.0735558345913887, 0.05208730697631836]
[0.4642857142857143, 0.5, 0.3333333333333333, 0.42424242424242425, 0.6153846153846154, 0.5869565217391305, 0.10368071496486664, 0.10338607430458069, 0.3060378016294986, 0.30602346460404406, 0.40905884005143583, 0.5885020856369015, 0.09690439062459129, 0.09690439062459129, 0.8469507023692131, 0.0, 0.0, 0.0, 0.2267576307058334, 0.4244125783443451, 0.430977426469326, 0.3313027322292328, 0.3313027322292328, 0.10367918759584427, 0.4585283249616623, 0.1046488806605339, 0.5537248662737912, 0.053536251187324524, 0.039715468883514404]
[0.4642857142857143, 0.5, 0.3333333333333333, 0.42424242424242425, 0.6153846153846154, 0.5869565217391305, 0.08353543281555176, 0.08313349634408951, 0.30539505158054214, 0.3053807373484507, 0.39333557353192944, 0.6046439807633318, 0.059969316103628705, 0.059969316103628705, 0.8958015069365501, 0.0, 0.0, 0.0, 0.0865774780511856, 0.46864769980311394, 0.4709667917340994, 0.12694981694221497, 0.12694981694221497, 0.07590433210134506, 0.469638267159462, 0.07312672585248947, 0.5884167551994324, 0.026606108993291855, 0.015070353401824832]
[0.4642857142857143, 0.5, 0.3333333333333333, 0.42424242424242425, 0.6153846153846154, 0.5869565217391305, 0.07106339186429977, 0.07070102542638779, 0.3050425978053368, 0.30502830636660866, 0.38603125794667814, 0.6121851136939197, 0.04893557301589421, 0.04893557301589421, 0.9122459143400192, 0.0, 0.0, 0.0, 0.04609539173543453, 0.4793234411627054, 0.4805096909403801, 0.0, -0.0, 0.05857056751847267, 0.47657177299261094, 0.05644279718399048, 0.6145607870678569, 0.020436445251107216, 0.0]
[0.4642857142857143, 0.5, 0.3333333333333333, 0.42424242424242425, 0.6153846153846154, 0.5869565217391305, 0.07543684542179108, 0.07503154128789902, 0.2956817054383841, 0.29566688975230226, 0.4075278440351468, 0.5906405304808867, 0.042858220902936804, 0.042858220902936804, 0.9163056761026382, 0.0, 0.0, 0.0, 0.027275400795042513, 0.48591729160398245, 0.4866801481693983, 0.0, -0.0, 0.05060898885130882, 0.4797564044594765, 0.048710014671087265, 0.6214067201281703, 0.016603726893663406, 0.0]
[0.4642857142857143, 0.5, 0.3333333333333333, 0.42424242424242425, 0.6153846153846154, 0.5869565217391305, 0.09986475855112076, 0.09943750500679016, 0.28304821036285926, 0.28303287042942377, 0.4432842829487292, 0.5549292180191354, 0.04021479482097286, 0.04021479482097286, 0.9074543677270412, 0.0, 0.0, 0.0, 0.02590190004557371, 0.4866272695362568, 0.48722981475293636, 0.0, -0.0, 0.048279207199811935, 0.4806883171200752, 0.0470392145216465, 0.6202780975158825, 0.014965899288654327, 0.0]
[0.4642857142857143, 0.5, 0.3333333333333333, 0.42424242424242425, 0.6153846153846154, 0.5869565217391305, 0.10184967517852783, 0.10139790177345276, 0.27823662256419546, 0.2782211686639439, 0.47217598768310837, 0.5263907492907913, 0.036762235686182976, 0.036762235686182976, 0.9038839675486088, 0.0, 0.0, 0.0, 0.024963146448135375, 0.4867246523499489, 0.48716811649501324, 0.0, -0.0, 0.046457815915346146, 0.48141687363386154, 0.04593656584620476, 0.6235077474699464, 0.013782316818833351, 0.0]
[0.4642857142857143, 0.5, 0.3333333333333333, 0.42424242424242425, 0.6153846153846154, 0.5869565217391305, 0.10412083566188812, 0.10359501093626022, 0.27540007968705654, 0.27538444343989943, 0.49737044970859307, 0.5013691553371535, 0.03520641608961991, 0.03520641608961991, 0.8937795422971249, 0.0, 0.0, 0.0, 0.029239389859139917, 0.485279212705791, 0.485477632842958, 0.0, -0.0, 0.0, 0.5, 0.046091943979263306, 0.6266123732162077, 0.013291764073073864, 0.0]
[0.4642857142857143, 0.5, 0.3333333333333333, 0.42424242424242425, 0.6153846153846154, 0.5869565217391305, 0.1460469663143158, 0.14523613452911377, 0.2680583829861526, 0.2680423364584578, 0.5099182955165666, 0.4892350115643354, 0.035394685609000075, 0.035394685609000075, 0.8866185247898102, 0.0, 0.0, 0.0, 0.03324602674692869, 0.48339012265205383, 0.4835034590214491, 0.0, -0.0, 0.0, 0.5, 0.0, 0.6976744186046512, 0.013481153175234795, 0.0]
[0.4642857142857143, 0.5, 0.3333333333333333, 0.42424242424242425, 0.6153846153846154, 0.5869565217391305, 0.3094942569732666, 0.3092282712459564, 0.22400090890450414, 0.22398299332102672, 0.5101615854647602, 0.49024276313494036, 0.04339426090674741, 0.04339426090674741, 0.857329785823822, 0.0, 0.0, 0.0, 0.05334724225103855, 0.469336599111557, 0.4694455023854971, 0.0, -0.0, 0.0, 0.5, 0.0, 0.6976744186046512, 0.022241126745939255, 0.0]
[0.4642857142857143, 0.5, 0.3333333333333333, 0.42424242424242425, 0.6153846153846154, 0.5869565217391305, 0.16283239424228668, 0.16179871559143066, 0.26441994679817504, 0.26440371792357464, 0.5139883496793233, 0.48531865020048504, 0.039740128974829404, 0.039740128974829404, 0.8948569111526012, 0.0, 0.0, 0.0, 0.027519270591437814, 0.48268615640699863, 0.48272037319839, 0.0, -0.0, 0.0, 0.5, 0.0, 0.6976744186046512, 0.01956307701766491, 0.0]
[0.4642857142857143, 0.5, 0.3333333333333333, 0.42424242424242425, 0.6153846153846154, 0.5869565217391305, 0.10910174995660782, 0.10823079943656921, 0.27727936968976635, 0.27726380182269883, 0.5068197650104818, 0.4920412107767106, 0.03513543467436518, 0.03513543467436518, 0.9115995392203331, 0.0, 0.0, 0.0, 0.022419109661132097, 0.48544372990727425, 0.48542858846485615, 0.0, -0.0, 0.0, 0.5, 0.0, 0.6976744186046512, 0.01595168374478817, 0.0]
[0.4642857142857143, 0.5, 0.3333333333333333, 0.42424242424242425, 0.6153846153846154, 0.5869565217391305, 0.10114181041717529, 0.10035782307386398, 0.27819071673070495, 0.278175217243727, 0.49817757837004234, 0.5005209231189236, 0.030245033225842887, 0.030245033225842887, 0.9263735227286816, 0.0, 0.0, 0.0, 0.018047744408249855, 0.48787468392401934, 0.48778510093688965, 0.0, -0.0, 0.0, 0.5, 0.0, 0.6976744186046512, 0.013327955268323421, 0.0]
[0.4642857142857143, 0.5, 0.3333333333333333, 0.42424242424242425, 0.6153846153846154, 0.5869565217391305, 0.09650440514087677, 0.09569858014583588, 0.2794570248168011, 0.27944152532982325, 0.4956773066925273, 0.502998812426066, 0.02741336822509766, 0.02741336822509766, 0.9263129867613316, 0.0, 0.0, 0.0, 0.01630343608558178, 0.48917674645781517, 0.4891336280852556, 0.0, -0.0, 0.0, 0.5, 0.0, 0.6976744186046512, 0.011548235081136227, 0.0]
[0.4642857142857143, 0.5, 0.3333333333333333, 0.42424242424242425, 0.6153846153846154, 0.5869565217391305, 0.09422500431537628, 0.09339305758476257, 0.2820827290843139, 0.2820674119442416, 0.4927206189295074, 0.5060100493371322, 0.025558401165263995, 0.025558401165263995, 0.9257808029651642, 0.0, 0.0, 0.0, 0.015145772974938153, 0.4904004316776991, 0.49042133521288633, 0.0, -0.0, 0.0, 0.5, 0.0, 0.6976744186046512, 0.010442803613841534, 0.0]
[0.4642857142857143, 0.5, 0.3333333333333333, 0.42424242424242425, 0.6153846153846154, 0.5869565217391305, 0.09168937057256699, 0.09089089930057526, 0.2864109836162618, 0.2863958944098215, 0.4893805877542405, 0.5093474621248012, 0.022727986132459983, 0.022727986132459983, 0.9422843605279922, 0.0, 0.0, 0.0, 0.012693094462156294, 0.4918810622766614, 0.49188023060560226, 0.0, -0.0, 0.0, 0.5, 0.0, 0.6976744186046512, 0.009229535236954689, 0.0]
[0.4642857142857143, 0.5, 0.3333333333333333, 0.42424242424242425, 0.6153846153846154, 0.5869565217391305, 0.08932158350944519, 0.08859077095985413, 0.2880257110522765, 0.2880107358126522, 0.4859292337930909, 0.5127378124985088, 0.02069829098348107, 0.02069829098348107, 0.94568314217031, 0.0, 0.0, 0.0, 0.01097804750315845, 0.49288859497755766, 0.49286151258274913, 0.0, -0.0, 0.0, 0.5, 0.0, 0.6976744186046512, 0.008396018296480179, 0.0]
[0.4642857142857143, 0.5, 0.3333333333333333, 0.42424242424242425, 0.6153846153846154, 0.5869565217391305, 0.08886058628559113, 0.08814261853694916, 0.2899778714371457, 0.28996301016433745, 0.4834575642249324, 0.515257239860918, 0.01963178028485605, 0.01963178028485605, 0.9462038110941648, 0.0, 0.0, 0.0, 0.009834446106106043, 0.4935720143839717, 0.49352402798831463, 0.0, -0.0, 0.0, 0.5, 0.0, 0.6976744186046512, 0.007831208407878876, 0.0]
[0.4642857142857143, 0.5, 0.3333333333333333, 0.42424242424242425, 0.6153846153846154, 0.5869565217391305, 0.08911237120628357, 0.08843275904655457, 0.2894944014102505, 0.28947194994749575, 0.48253501424597967, 0.5161390637981682, 0.018625683151185513, 0.018625683151185513, 0.947632459923625, 0.0, 0.0, 0.0, 0.009089910332113503, 0.4941487777978182, 0.49407945526763797, 0.0, -0.0, 0.0, 0.5, 0.0, 0.6976744186046512, 0.0073854257352650166, 0.0]
[0.4642857142857143, 0.5, 0.3333333333333333, 0.42424242424242425, 0.6153846153846154, 0.5869565217391305, 0.08792737871408463, 0.08729759603738785, 0.2893110060099206, 0.28928850896043945, 0.4818200804649302, 0.5167093394996509, 0.01780464380447354, 0.01780464380447354, 0.9496197737753391, 0.0, 0.0, 0.0, 0.008439890760928392, 0.4946068059653044, 0.49453043565154076, 0.0, -0.0, 0.0, 0.5, 0.0, 0.6976744186046512, 0.007003112696111202, 0.0]
[0.4642857142857143, 0.5, 0.3333333333333333, 0.42424242424242425, 0.6153846153846154, 0.5869565217391305, 0.08785814791917801, 0.08724203705787659, 0.2903700768377767, 0.2903475797882955, 0.4813713660431638, 0.5171593973052611, 0.01775350288621017, 0.01775350288621017, 0.9499363284558058, 0.0, 0.0, 0.0, 0.008350111125037073, 0.49469144782051444, 0.49461651127785444, 0.0, -0.0, 0.0, 0.5, 0.0, 0.6976744186046512, 0.006985971704125404, 0.0]
[0.4642857142857143, 0.5, 0.3333333333333333, 0.42424242424242425, 0.6153846153846154, 0.5869565217391305, 0.08734182268381119, 0.0867079421877861, 0.289853282913879, 0.2898308770378507, 0.48206176704248094, 0.5165344688171588, 0.01767953857779503, 0.01767953857779503, 0.9495627377182245, 0.0, 0.0, 0.0, 0.008305049687623977, 0.4947363971732557, 0.4946651295758784, 0.0, -0.0, 0.0, 0.5, 0.0, 0.6976744186046512, 0.0069245281629264355, 0.0]

程序已被终止，正在关闭套接字...
套接字已关闭。
