[-0.03989927 -0.00465846 -0.10587759]
[-0.05230606 -0.00790628 -0.07952094]
[-0.04303933 -0.02460586 -0.07577026]
[-0.03564479 -0.02525002 -0.07556672]
[-0.02289976 -0.02960113 -0.07156769]
[-0.00799657 -0.02473516 -0.06557853]
[-0.00332002 -0.02102762 -0.06293452]
[ 0.00026128 -0.02406149 -0.06176575]
[ 0.02117622 -0.01014125 -0.03734528]
[ 0.02729683 -0.00597811 -0.03739251]
[ 0.04289976  0.01224243 -0.02546869]
[ 0.04494739  0.01541303 -0.02227033]
[ 0.04712311  0.01929997 -0.02007084]
[ 0.04944447  0.02222061 -0.0190913 ]
[ 0.05778482  0.03060505 -0.01479438]
[ 0.06132603  0.03489529 -0.01122779]
[ 0.06459347  0.03931971 -0.00811604]
[ 0.06737407  0.04342399 -0.00624622]
[ 0.08501405  0.05499885 -0.00862192]
[ 0.09149914  0.05727499 -0.00604207]
[0.09963018 0.06423655 0.00191813]
[0.10099507 0.06878235 0.00306679]
[ 9.94807243e-02  7.97536895e-02 -5.25498763e-05]
[ 0.10004411  0.08492859 -0.0016856 ]
[ 0.10398672  0.09367695 -0.00244673]
[ 0.10682127  0.0989675  -0.00239261]
[ 0.10854036  0.10410906 -0.00296415]
[0.11185107 0.12501881 0.01244054]
[0.11711017 0.12537061 0.01397521]
[0.13042173 0.12413518 0.0234503 ]
[0.12438912 0.12209807 0.03693523]
[0.12105305 0.12026494 0.0403876 ]
[0.11183376 0.11607927 0.04776538]
[0.1077126  0.11633278 0.05200513]
[0.10626028 0.11509703 0.05524247]
[0.097777   0.09208883 0.03259007]
[0.09747646 0.08627742 0.02593597]
[0.09733666 0.06204169 0.00418819]
[ 0.09566337  0.05709681 -0.0008024 ]
[ 0.09383618  0.05267245 -0.00609045]
[ 0.09144071  0.04922702 -0.00999783]
[ 0.08684169  0.04348446 -0.01573924]
[ 0.08748301  0.04091355 -0.01861592]
[ 0.12823231  0.03127643 -0.03810418]
[ 0.14609019  0.0297851  -0.02582973]
[ 0.15253127  0.02775462 -0.01941046]
[ 0.1592002   0.02567985 -0.01499181]
[ 0.1796766   0.02214314 -0.00909955]
[ 0.18557308  0.02226507 -0.00881069]
[0.21079916 0.03722904 0.01056707]
[0.21462039 0.04218546 0.01514376]
[0.21659583 0.04780156 0.01961563]
[0.22269557 0.06295829 0.03289877]
[0.23044742 0.07057555 0.04443433]
[0.2389614  0.07873517 0.0580915 ]
[0.2967915  0.12838496 0.13806263]
[0.2967915  0.12838496 0.13806263]
[0.30604098 0.13419428 0.14724083]
[0.31489117 0.14011805 0.15553345]
[0.33908868 0.15195322 0.17649467]
[0.34752259 0.15529202 0.18232279]
[0.35672871 0.15923864 0.1900868 ]
[0.35796783 0.16373894 0.19826503]
[0.35533402 0.1639601  0.20151636]
[0.35533402 0.1639601  0.20151636]
[0.34906507 0.16425571 0.20328072]
[0.34650562 0.16436058 0.20387881]
[0.34264184 0.16609891 0.20437489]
[0.33618039 0.16881844 0.20412092]
[0.33291957 0.17159471 0.20327811]
[0.33300454 0.18253635 0.20559494]
[0.33351559 0.18302193 0.21104738]
[0.31424481 0.19058754 0.23396267]
[0.29199181 0.20034774 0.25422877]
[0.28779561 0.20222932 0.26006383]
[0.26660348 0.21026869 0.2904954 ]
[0.25691087 0.21185271 0.29684246]
[0.25691087 0.21185271 0.29684246]
[0.25210322 0.212363   0.29840055]
[0.24184275 0.21572272 0.29681417]
[0.2362344  0.21726754 0.29462057]
[0.23018882 0.21905643 0.29104969]
[0.22326112 0.22161067 0.28590778]
[0.19991819 0.22726892 0.26262748]
[0.19039584 0.2258202  0.24698237]
[0.18693641 0.2236795  0.23772989]
[0.18159479 0.22209534 0.22590156]
[0.173625   0.21500385 0.19785215]
[0.17555491 0.20497985 0.17630781]
[0.17424346 0.16748303 0.12868485]
[0.17454032 0.15889294 0.11973657]
[0.17529268 0.14924179 0.10869127]
[0.17465911 0.12525783 0.07436369]
[0.16958818 0.10532013 0.0407822 ]
[ 0.15576944  0.06598525 -0.02540955]
[ 0.15576944  0.06598525 -0.02540955]
[ 0.15421811  0.05847635 -0.0397941 ]
[ 0.15321082  0.05197099 -0.05179194]
[ 0.15233115  0.04110412 -0.06804643]
[ 0.15194369  0.03636469 -0.07414926]
[ 0.15073655  0.03242005 -0.0795228 ]
[ 0.13848624  0.02410869 -0.0901703 ]
[ 0.13583854  0.02316674 -0.08700839]
[ 0.1337863   0.02278777 -0.08199403]
[ 0.1312556   0.02349054 -0.07631999]
[ 0.12620399  0.03506733 -0.04551357]
[ 0.12429473  0.04026651 -0.03355549]
[ 0.12080619  0.04588499 -0.0217193 ]
[0.11422906 0.05953956 0.00532102]
[0.11090929 0.06626135 0.02310425]
[0.09408247 0.11413882 0.13520113]
[0.08688115 0.11972552 0.14682662]
[0.06106276 0.14612372 0.19003245]
[0.05689417 0.14975803 0.19612263]
[0.05094389 0.15539055 0.20314333]
[0.05005378 0.1620398  0.20378423]
[0.05179588 0.16276121 0.2004271 ]
[0.06930677 0.1465663  0.13180418]
[0.07923712 0.13882075 0.08116785]
[0.0813811  0.1337584  0.05082474]
[0.08314947 0.12842621 0.0213157 ]
[ 0.0845022   0.1207221  -0.00828458]
[ 0.08488572  0.11375216 -0.03897092]
[ 0.08158254  0.06598893 -0.20260131]
[ 0.08014581  0.05816879 -0.2221525 ]
[ 0.07801252  0.05423438 -0.22774068]
[ 0.07270486  0.04743784 -0.23316623]
[ 0.06989386  0.04335667 -0.23144563]
[ 0.06523371  0.03525091 -0.22282702]
[ 0.07241604  0.01785554 -0.17797737]
[ 0.0715711   0.01238222 -0.15464568]
[ 0.07865915 -0.0105303  -0.0449706 ]
[ 0.0797484  -0.01361    -0.01449397]
[ 0.08123755 -0.01398828  0.01371478]
[ 0.08462084 -0.01661782  0.0367153 ]
[ 0.090615   -0.02327369  0.10555164]
[ 0.08917365 -0.0220346   0.12454629]
[ 0.08683985 -0.02010424  0.14151432]
[0.08517247 0.00381716 0.19011162]
[0.08333317 0.01036872 0.19606213]
[0.08179062 0.01816276 0.20170896]
[0.08003946 0.02701916 0.20643394]
[0.07771017 0.05464599 0.22036082]
[0.07597824 0.06433652 0.22439936]
[0.07306287 0.07392441 0.231344  ]
[0.06964996 0.09472295 0.2496824 ]
[0.06753308 0.10245623 0.25855741]
[0.06614833 0.11230736 0.26688305]
[0.06449161 0.12133729 0.27524444]
[0.06275139 0.13042927 0.28132018]
[0.05605756 0.16077659 0.28713843]
[0.054697   0.16959386 0.28566739]
[0.05370175 0.17799877 0.28026703]
[0.06988919 0.20922786 0.19492216]
[0.07714502 0.20703688 0.17222714]
[0.08637804 0.20615856 0.0957355 ]
[0.08990761 0.20217748 0.07136807]
[0.09189967 0.19811988 0.04589674]
[ 0.0996552   0.17008741 -0.08754385]
[ 0.09987294  0.16146316 -0.11873883]
[ 0.09656391  0.14600627 -0.16233851]
[ 0.09670789  0.14212969 -0.16844618]
[ 0.09628091  0.13841799 -0.17164478]
[ 0.09600194  0.13472386 -0.17282717]
[ 0.09581295  0.13039967 -0.17187935]
[ 0.0949044   0.12117353 -0.1587974 ]
[ 0.09321274  0.11675144 -0.14389592]
[ 0.08927037  0.11001237 -0.09875587]
[ 0.08617418  0.10555252 -0.03495326]
[ 0.08784971  0.10735904 -0.01374095]
[0.08885734 0.10911667 0.00596161]
[0.08772632 0.11107463 0.02215989]
[0.08549448 0.11335865 0.03685592]
[0.0823723  0.11977172 0.05743787]
[0.08104697 0.12281142 0.06470789]
[0.08365875 0.15005584 0.06823555]
[0.08365875 0.15005584 0.06823555]
[0.08643525 0.15409185 0.06062606]
[0.10310794 0.16004671 0.02326395]
[0.10310794 0.16004671 0.02326395]
[0.10593075 0.1620799  0.00685396]
[ 0.10655085  0.16572914 -0.0063138 ]
[ 0.10997475  0.17455918 -0.0493424 ]
[ 0.11782936  0.17145456 -0.08848207]
[ 0.11744962  0.16809006 -0.09125444]
[ 0.11647899  0.16405064 -0.09401447]
[ 0.1131492   0.13881771 -0.09821508]
[ 0.11812074  0.12358759 -0.10007139]
[ 0.11812074  0.12358759 -0.10007139]
[ 0.11961419  0.11587477 -0.09873949]
[ 0.11911137  0.10787391 -0.09676919]
[ 0.11334831  0.09225414 -0.09457736]
[ 0.1087744   0.06020586 -0.0996806 ]
[ 0.1087744   0.06020586 -0.0996806 ]
[ 0.1077683   0.05082771 -0.0986727 ]
[ 0.10613457  0.04147069 -0.0972439 ]
[ 0.1020124  -0.02350733 -0.07886432]
[ 0.10593555 -0.06583011 -0.07054423]
[ 0.10772032 -0.07091775 -0.06914353]
[ 0.1098092  -0.07504634 -0.06688463]
[ 0.1152213  -0.08133934 -0.05526648]
[ 0.11922044 -0.08349796 -0.04930791]
[ 0.13984541 -0.08901756  0.02362741]
[ 0.14446667 -0.08932205  0.04147936]
[ 0.14885721 -0.0889406   0.05904558]
[ 0.14818746 -0.07987128  0.11264478]
[ 0.14695168 -0.06621635  0.15714145]
[ 0.14695168 -0.06621635  0.15714145]
[ 0.14751262 -0.06246189  0.16836639]
[ 0.1486106  -0.05504787  0.18754953]
[ 0.15034113 -0.05186453  0.19565219]
[ 0.15153582 -0.04908834  0.20314179]
[ 0.15232239 -0.04681891  0.20941709]
[ 0.14275504 -0.04675525  0.22931242]
[ 0.14275504 -0.04675525  0.22931242]
[ 0.14074112 -0.0483253   0.22909237]
[ 0.13838381 -0.04909427  0.22743985]
[ 0.13053194 -0.05196563  0.2120045 ]
[ 0.13165102 -0.05593361  0.20423751]
[ 0.14103148 -0.07818231  0.16618854]
[ 0.14542869 -0.08728134  0.13938162]
[ 0.14726139 -0.08984783  0.12169779]
[ 0.14774573 -0.09320673  0.10317628]
[ 0.14311281 -0.10182154  0.03857264]
[ 0.132684   -0.11542832 -0.0520665 ]
[ 0.13030595 -0.11715376 -0.06611199]
[ 0.12722573 -0.12075353 -0.09043313]
[ 0.12447063 -0.12358103 -0.09973635]
[ 0.12043313 -0.12641661 -0.106467  ]
[ 0.11329482 -0.13106243 -0.11175154]
[ 0.08882867 -0.15580828 -0.10585643]
[ 0.08761912 -0.15796427 -0.10079819]
[ 0.08943971 -0.15898266 -0.09801569]
[ 0.0911655  -0.16002814 -0.09544765]
[ 0.09281606 -0.16095929 -0.09264859]
[ 0.09737948 -0.16221958 -0.08380141]
[ 0.09909812 -0.15562594 -0.04552121]
[ 0.09909812 -0.15562594 -0.04552121]
[ 0.09936251 -0.15256326 -0.04065069]
[ 0.0988458  -0.14029749 -0.02395325]
[ 0.12031583 -0.09702419 -0.00549913]
[ 0.12031583 -0.09702419 -0.00549913]
[ 0.12328694 -0.08743516 -0.00279308]
[ 0.12231598 -0.0825019  -0.00271696]
[ 0.11821211 -0.07475494 -0.00192796]
[ 0.1161083  -0.07156089 -0.00167835]
[ 0.1109123  -0.06546413 -0.00148241]
[ 0.1109123  -0.06546413 -0.00148241]
[ 0.10832823 -0.06251223 -0.00274818]
[ 0.10466835 -0.05924273 -0.00384273]
[ 0.10029331 -0.05325756 -0.00622136]
[ 0.097365   -0.05009063 -0.00637586]
[ 0.09367215 -0.04729215 -0.00563488]
[ 0.07767985 -0.03984354 -0.00752753]
[ 0.05248163 -0.03726826 -0.02491901]
[ 0.05248163 -0.03726826 -0.02491901]
[ 0.04765987 -0.03773605 -0.03136023]
[ 0.04572678 -0.03876403 -0.03794208]
[ 0.04486924 -0.04093593 -0.04805784]
[ 0.04429369 -0.04162686 -0.05290331]
[ 0.04341363 -0.04220981 -0.05792758]
[ 0.04754229 -0.04808332 -0.0693059 ]
[ 0.04734102 -0.05013968 -0.07080913]
[ 0.04636486 -0.05238658 -0.07270519]
[ 0.04450875 -0.05330845 -0.07413927]
[ 0.03557459 -0.04958878 -0.07078475]
[ 0.03431649 -0.04821272 -0.06759057]
[ 0.03383344 -0.04594191 -0.0632623 ]
[ 0.01668981 -0.03319013 -0.04634243]
[ 0.01086997 -0.02958296 -0.04253458]
[ 0.00700068 -0.02604801 -0.03921884]
[ 0.00302552 -0.02133033 -0.03634598]
[-0.01047781 -0.00117517 -0.02695615]
[-0.01378033  0.00251676 -0.02337221]
[-0.03392617  0.02036399 -0.00880247]
[-0.04342104  0.02776421  0.00061963]
[-0.04727914  0.03037032  0.00545971]
[-0.05102002  0.03359251  0.01100302]
[-0.06106366  0.04523582  0.02470858]
[-0.06627429  0.05949383  0.03337766]
[-0.06627429  0.05949383  0.03337766]
[-0.07201948  0.06825183  0.0396586 ]
[-0.07756124  0.08969049  0.05176873]
[-0.08354694  0.09665155  0.04875176]
[-0.09165058  0.09721315  0.04419177]
[-0.09285791  0.0961685   0.04227969]
[-0.09273248  0.09184262  0.03102262]
[-0.09319125  0.09098373  0.02887771]
[-0.0819441   0.08579423  0.01203524]
[-0.07986185  0.08438329  0.00993385]
[-0.0780549   0.0832554   0.00744951]
[-0.07731501  0.08240735  0.00219815]
[-0.07812928  0.08303376  0.00012857]
[-0.06627771  0.06755188  0.00278039]
[-0.06396375  0.06372014  0.00428811]
[-0.0608365   0.06018993  0.00521961]
[-0.04241811  0.04942812  0.0077735 ]
[-0.04241811  0.04942812  0.0077735 ]
[-0.03649373  0.04719965  0.00529986]
[-0.03011368  0.04436462  0.00305818]
[-0.02695503  0.04227109  0.00120691]
[-0.02313083  0.03996085 -0.00136173]
[ 0.00611215  0.0281011  -0.00930635]
[ 0.01167112  0.02566713 -0.01064114]
[ 0.01584297  0.02351497 -0.01230567]
[ 0.02394911  0.01965882 -0.01522967]
[ 0.02864837  0.01827782 -0.01676203]
[ 0.03321174  0.01703462 -0.01832015]
[ 0.03749395  0.01594112 -0.01992705]
[ 0.03548651  0.01847613 -0.03252193]
[ 0.0327236   0.02101349 -0.03617531]
[ 0.03141888  0.02330587 -0.03921709]
[ 0.02550035  0.02372321 -0.04268495]
[ 0.02569944  0.02290527 -0.04227649]
[ 0.02657207  0.02189432 -0.04193766]
[ 0.03069606  0.02063743 -0.04104075]
[ 0.02752182  0.01821188 -0.04095247]
[ 0.02752182  0.01821188 -0.04095247]
[ 0.02234093  0.01594835 -0.04142804]
[ 0.0130587   0.0182301  -0.04419099]
[ 0.01078272  0.0187033  -0.04512667]
[ 0.01017991  0.01921977 -0.04517541]
[ 0.01028827  0.01954261 -0.04437818]
[ 0.00960954  0.02008845 -0.04432453]
[ 0.00106979  0.02635746 -0.05244355]
[-0.00126773  0.02812885 -0.0554166 ]
[ 0.00033495  0.03239265 -0.0645893 ]

程序已被终止，正在关闭套接字...
套接字已关闭。
