YAML 文件验证通过
init data completed...
[0.4642857142857143, 0.5, 0.3333333333333333, 0.42424242424242425, 0.6153846153846154, 0.5869565217391305, 0.2172432243824005, 0.21626941859722137, 0.28081496222297275, 0.280796112111604, 0.4673969488070982, 0.5305464181749082, 0.01994332897343806, 0.01994332897343806, 0.9536399077624083, 0.0, 0.0, 0.0, 0.012996038515120744, 0.4960035691037774, 0.49619603366591036, 0.0, -0.0, 0.0, 0.5, 0.0, 0.6976744186046512, 0.008605735376477242, 0.0]
[0.4642857142857143, 0.5, 0.3333333333333333, 0.42424242424242425, 0.6153846153846154, 0.5869565217391305, 0.06602200120687485, 0.06486089527606964, 0.3411789564967839, 0.34116271622550187, 0.46663152487738413, 0.5297776322241217, 0.00037089455872774124, 0.00037089455872774124, 0.9831511909142137, 0.0, 0.0, 0.0, 0.013582508359104394, 0.5, 0.5, 0.0, -0.0, 0.0, 0.5, 0.0, 0.6976744186046512, 0.016062365844845772, 0.0]
[0.4642857142857143, 0.5, 0.3333333333333333, 0.42424242424242425, 0.6153846153846154, 0.5869565217391305, 0.05797954648733139, 0.05689677968621254, 0.3436666583467852, 0.34365046366222957, 0.46838007499793294, 0.5278738849426952, 0.001017272609585364, 0.001017272609585364, 0.98390918597579, 0.0, 0.0, 0.0, 0.011351685412228106, 0.5, 0.5, 0.0, -0.0, 0.0, 0.5, 0.0, 0.6976744186046512, 0.013251466676592827, 0.0]
[0.4642857142857143, 0.5, 0.3333333333333333, 0.42424242424242425, 0.6153846153846154, 0.5869565217391305, 0.05450408533215523, 0.053428057581186295, 0.35135981731159505, 0.3513439531308059, 0.47126758383519335, 0.5247081688616922, 0.009190429534230915, 0.009190429534230915, 0.9782447656616569, 0.0, 0.0, 0.0, 0.009474955964833498, 0.49938304198440164, 0.49947036610683426, 0.0, -0.0, 0.0, 0.5, 0.0, 0.6976744186046512, 0.00968574732542038, 0.0]
[0.4642857142857143, 0.5, 0.3333333333333333, 0.42424242424242425, 0.6153846153846154, 0.5869565217391305, 0.05453205481171608, 0.05343550071120262, 0.35359003393417565, 0.3535742951168841, 0.4711445623556469, 0.5247406579517675, 0.012550760459687029, 0.012550760459687029, 0.9757910622283816, 0.0, 0.0, 0.0, 0.009177147457376121, 0.4983597663231194, 0.49846177105791867, 0.0, -0.0, 0.0, 0.5, 0.0, 0.6976744186046512, 0.008667589165270329, 0.0]
[0.4642857142857143, 0.5, 0.3333333333333333, 0.42424242424242425, 0.6153846153846154, 0.5869565217391305, 0.05266263708472252, 0.051449961960315704, 0.3717365369742049, 0.3717217440814863, 0.4946434877057832, 0.5012945868494355, 0.014992861875465939, 0.014992861875465939, 0.9743761625140905, 0.0, 0.0, 0.0, 0.009254817571491002, 0.49776593083515763, 0.49788671964779496, 0.0, -0.0, 0.0, 0.5, 0.0, 0.6976744186046512, 0.008416804485023022, 0.0]
[0.4642857142857143, 0.5, 0.3333333333333333, 0.42424242424242425, 0.6153846153846154, 0.5869565217391305, 0.0, 0.0, 0.415384659347753, 0.41537260735695947, 0.6136824916015392, 0.386031386906462, 0.017886081311319555, 0.017886081311319555, 0.9739011386409402, 0.0, 0.0, 0.0, 0.00978594608604908, 0.49713077512569726, 0.49732031929306686, 0.0, -0.0, 0.0, 0.5, 0.0, 0.6976744186046512, 0.008343981578946114, 0.0]
[0.4642857142857143, 0.5, 0.3333333333333333, 0.42424242424242425, 0.6153846153846154, 0.5869565217391305, 0.0, 0.0, 0.41827748473698045, 0.418265518221299, 0.5979863548825849, 0.4009566520818966, 0.018962287743176733, 0.018962287743176733, 0.974388973787427, 0.0, 0.0, 0.0, 0.009949230030179022, 0.49698541313409805, 0.4971838044002652, 0.0, -0.0, 0.0, 0.5, 0.0, 0.6976744186046512, 0.008304150775074959, 0.0]
[0.4642857142857143, 0.5, 0.3333333333333333, 0.42424242424242425, 0.6153846153846154, 0.5869565217391305, 0.36875659227371216, 0.36631765961647034, 0.29657142157764327, 0.29655346040743946, 0.5317230393280262, 0.46696730890369276, 0.021357628117714612, 0.021357628117714612, 0.9681302597746253, 0.0, 0.0, 0.0, 0.014892240334302186, 0.4964684182778001, 0.4967894933652133, 0.0, -0.0, 0.0, 0.5, 0.0, 0.6976744186046512, 0.008791270665824413, 0.0]
[0.4642857142857143, 0.5, 0.3333333333333333, 0.42424242424242425, 0.6153846153846154, 0.5869565217391305, 0.15871305763721466, 0.1576656848192215, 0.33695876529978064, 0.33694224011145857, 0.46597501333539393, 0.5302652363972677, 0.029896440516625135, 0.029896440516625135, 0.9568604547530413, 0.0, 0.0, 0.0, 0.018168276362121105, 0.494672364089638, 0.49509639851748943, 0.0, -0.0, 0.0, 0.5, 0.0, 0.6976744186046512, 0.009931103326380253, 0.0]
[0.4642857142857143, 0.5, 0.3333333333333333, 0.42424242424242425, 0.6153846153846154, 0.5869565217391305, 0.08868099749088287, 0.08757713437080383, 0.3654630170497566, 0.3654478594632267, 0.4643523338647919, 0.531400647896831, 0.027788347963775908, 0.027788347963775908, 0.9660915285348892, 0.0, 0.0, 0.0, 0.01651392923668027, 0.49511132715269923, 0.4954572720453143, 0.0, -0.0, 0.0, 0.5, 0.0, 0.6976744186046512, 0.00962438341230154, 0.0]
[0.4642857142857143, 0.5, 0.3333333333333333, 0.42424242424242425, 0.6153846153846154, 0.5869565217391305, 0.03091100975871086, 0.030275238677859306, 0.3689837597068364, 0.3689687502771673, 0.47977557704280027, 0.5157947814436711, 0.021805445929723128, 0.021805445929723128, 0.9720571814104915, 0.0, 0.0, 0.0, 0.012690169271081686, 0.49627951718866825, 0.49648081534542143, 0.0, -0.0, 0.0, 0.5, 0.0, 0.6976744186046512, 0.008415637537837029, 0.0]
[0.4642857142857143, 0.5, 0.3333333333333333, 0.42424242424242425, 0.6153846153846154, 0.5869565217391305, 0.02453819289803505, 0.02407204918563366, 0.3629819936551738, 0.3629667221018279, 0.5147656731692145, 0.4811917123506853, 0.020534076860972816, 0.020534076860972816, 0.9721642583608627, 0.0, 0.0, 0.0, 0.011712350975722074, 0.49655913724564016, 0.4967224504798651, 0.0, -0.0, 0.0, 0.5, 0.0, 0.6976744186046512, 0.008161723613739014, 0.0]
[0.4642857142857143, 0.5, 0.3333333333333333, 0.42424242424242425, 0.6153846153846154, 0.5869565217391305, 0.02629581280052662, 0.02567395754158497, 0.3515396455505838, 0.3515238155598394, 0.5403814487885791, 0.4561395781395262, 0.031028614778603827, 0.031028614778603827, 0.9281162694096565, 0.0, 0.0, 0.0, 0.05478040724992752, 0.49359453842043877, 0.4940157188102603, 0.0, -0.0, 0.0, 0.5, 0.0, 0.6976744186046512, 0.00980155635625124, 0.0]
[0.4642857142857143, 0.5, 0.3333333333333333, 0.42424242424242425, 0.6153846153846154, 0.5869565217391305, 0.03509504348039627, 0.03451967611908913, 0.34517877006166064, 0.3451626779472395, 0.5492294306508898, 0.4475159371053689, 0.12599477278334756, 0.12599477278334756, 0.8022533357143402, 0.0, 0.0, 0.0, 0.324459633231163, 0.4355543702840805, 0.4335816949605942, 0.4759226143360138, 0.4759226143360138, 0.020524820312857628, 0.6031746031746031, 0.021059297025203705, 0.8, 0.029815472662448883, 0.0]
[0.4642857142857143, 0.5, 0.3333333333333333, 0.42424242424242425, 0.6153846153846154, 0.5869565217391305, 0.3004496991634369, 0.3002316951751709, 0.2958117871621827, 0.2957935296782572, 0.5244748096621059, 0.47327242612788095, 0.15750408704791752, 0.15750408704791752, 0.7797657400369644, 0.0, 0.0, 0.0, 0.349891060590744, 0.42759788036346436, 0.4236335903406143, 0.5107957124710083, 0.5107957124710083, 0.024247154593467712, 0.6031746031746031, 0.025003425776958466, 0.8, 0.032991085201501846, 0.009735469939187169]
[0.4642857142857143, 0.5, 0.3333333333333333, 0.42424242424242425, 0.6153846153846154, 0.5869565217391305, 0.557456910610199, 0.5573932528495789, 0.2450694527270461, 0.24504914384043236, 0.4797101543920674, 0.5190815758700075, 0.27517833880015785, 0.27517833880015785, 0.7524333968758583, 0.0, 0.0, 0.0, 0.4242914408445358, 0.3735429048538208, 0.3751441538333893, 0.6103191375732422, 0.6103191375732422, 0.036892954260110855, 0.6031746031746031, 0.04156804829835892, 0.7985642361779546, 0.042960453778505325, 0.009396313689649105]
[0.4642857142857143, 0.5, 0.3333333333333333, 0.42424242424242425, 0.6153846153846154, 0.5869565217391305, 0.21712340414524078, 0.21658959984779358, 0.32691146219665645, 0.32689441276098075, 0.42940454934340816, 0.5669752962053114, 0.22731454244681767, 0.22731454244681767, 0.7489846050739288, 0.0, 0.0, 0.0, 0.44527087211608884, 0.389159195125103, 0.3893038257956505, 0.6456837058067322, 0.6456837058067322, 0.037576064467430115, 0.6031746031746031, 0.04104197397828102, 0.8, 0.045195840299129486, 0.0]
[0.4642857142857143, 0.5, 0.3333333333333333, 0.42424242424242425, 0.6153846153846154, 0.5869565217391305, 0.12341059744358063, 0.1231047734618187, 0.3497147519091575, 0.34969879655491554, 0.378405612923675, 0.6182813354426948, 0.20169174032551904, 0.20169174032551904, 0.76416826993227, 0.0, 0.0, 0.0, 0.4655843168497085, 0.3896931931376457, 0.39295411854982376, 0.6773126721382141, 0.6773126721382141, 0.03713833540678024, 0.6031746031746031, 0.039617959409952164, 0.8, 0.04763073846697807, 0.0]
[0.4642857142857143, 0.5, 0.3333333333333333, 0.42424242424242425, 0.6153846153846154, 0.5869565217391305, 0.11598797887563705, 0.11554938554763794, 0.3521494022063042, 0.35213356081887826, 0.35423191783533037, 0.6429463471732171, 0.1924972449030195, 0.1924972449030195, 0.7706332504749298, 0.0, 0.0, 0.0, 0.4651130527257919, 0.3831905648112297, 0.39358214288949966, 0.6799672842025757, 0.6799672842025757, 0.03644910827279091, 0.6031746031746031, 0.03847261890769005, 0.8, 0.04784693568944931, 0.0]
[0.4642857142857143, 0.5, 0.3333333333333333, 0.42424242424242425, 0.6153846153846154, 0.5869565217391305, 0.1052330732345581, 0.10447399318218231, 0.35771048137380335, 0.35769491350673577, 0.34452217304455846, 0.6527527586173323, 0.19312308302947453, 0.19312308302947453, 0.7700498849153519, 0.0, 0.0, 0.0, 0.4729592144489288, 0.37844976782798767, 0.39181145280599594, 0.6911775469779968, 0.6911775469779968, 0.036439526826143265, 0.6031746031746031, 0.03804583102464676, 0.8, 0.049038682132959366, 0.0]
[0.4642857142857143, 0.5, 0.3333333333333333, 0.42424242424242425, 0.6153846153846154, 0.5869565217391305, 0.09758687019348145, 0.09693392366170883, 0.36035442033187837, 0.3603389436382637, 0.34472048670110467, 0.652492686343188, 0.19080061465501785, 0.19080061465501785, 0.774343878030777, 0.0, 0.0, 0.0, 0.4732293516397476, 0.375161349773407, 0.3885849863290787, 0.691429078578949, 0.691429078578949, 0.03612446039915085, 0.6031746031746031, 0.03751838579773903, 0.8, 0.04983732849359512, 0.0]
[0.4642857142857143, 0.5, 0.3333333333333333, 0.42424242424242425, 0.6153846153846154, 0.5869565217391305, 0.10302723944187164, 0.10238807648420334, 0.353812588332488, 0.3537967583417436, 0.3803327575924292, 0.6159352145682279, 0.1980765855738095, 0.1980765855738095, 0.7577920630574226, 0.0, 0.0, 0.0, 0.5041982054710388, 0.3559482544660568, 0.36996059119701385, 0.7376294136047363, 0.7376294136047363, 0.03708500415086746, 0.5940768387582567, 0.038365982472896576, 0.7911280204736909, 0.05867098644375801, 0.0]
[0.4642857142857143, 0.5, 0.3333333333333333, 0.42424242424242425, 0.6153846153846154, 0.5869565217391305, 0.10504157096147537, 0.10444947332143784, 0.347113858217491, 0.34709776610306986, 0.41979972810179966, 0.5764750649727959, 0.20186940474169596, 0.20186940474169596, 0.7410812079906464, 0.0, 0.0, 0.0, 0.5004837512969971, 0.33924055099487305, 0.34873950481414795, 0.727230429649353, 0.727230429649353, 0.03812205791473389, 0.5584319129822746, 0.03938381001353264, 0.7730710424136285, 0.061761774122714996, 0.0]
[0.4642857142857143, 0.5, 0.3333333333333333, 0.42424242424242425, 0.6153846153846154, 0.5869565217391305, 0.09420304000377655, 0.09394228458404541, 0.34681126492429193, 0.3467951842065523, 0.47677205710976345, 0.5193170854461302, 0.20697229674884252, 0.20697229674884252, 0.7346811294555664, 0.0, 0.0, 0.0, 0.5086013019084931, 0.35196900367736816, 0.353837326169014, 0.7387537956237793, 0.7387537956237793, 0.038369305431842804, 0.6031746031746031, 0.03928390517830849, 0.8, 0.06074334681034088, 0.0]
[0.4642857142857143, 0.5, 0.3333333333333333, 0.42424242424242425, 0.6153846153846154, 0.5869565217391305, 0.09298016130924225, 0.09272686392068863, 0.3419636636117676, 0.34194737775375916, 0.5077148326040454, 0.4885727446981365, 0.24739141975130355, 0.24739141975130355, 0.6903907805681229, 0.0, 0.0, 0.0, 0.5174706637859344, 0.34570421278476715, 0.3451489508152008, 0.7495330572128296, 0.7495330572128296, 0.03859370946884155, 0.5734617445203993, 0.0392838716506958, 0.7825706955478635, 0.05949363857507706, 0.0]
[0.4642857142857143, 0.5, 0.3333333333333333, 0.42424242424242425, 0.6153846153846154, 0.5869565217391305, 0.10083062946796417, 0.10042732208967209, 0.33640487517727036, 0.3363882816088587, 0.5491533008177923, 0.44768800420418703, 0.2743563268865858, 0.2743563268865858, 0.656479150056839, 0.0, 0.0, 0.0, 0.5414025157690048, 0.32991284132003784, 0.3265574872493744, 0.7801133990287781, 0.7801133990287781, 0.0388890840113163, 0.5342220555222223, 0.03961056470870972, 0.7708375129935353, 0.058508411049842834, 0.0]
[0.4642857142857143, 0.5, 0.3333333333333333, 0.42424242424242425, 0.6153846153846154, 0.5869565217391305, 0.11460881680250168, 0.11438050121068954, 0.3373494777351219, 0.33733292975343665, 0.5558750237379202, 0.4410309289604432, 0.277586824127606, 0.277586824127606, 0.6517138928174973, 0.0, 0.0, 0.0, 0.5584823042154312, 0.31884223222732544, 0.31538301706314087, 0.8043389320373535, 0.8043389320373535, 0.038788802921772, 0.4844844788312912, 0.039730653166770935, 0.745302174933428, 0.05800537392497063, 0.0]
[0.4642857142857143, 0.5, 0.3333333333333333, 0.42424242424242425, 0.6153846153846154, 0.5869565217391305, 0.9183751940727234, 0.918356716632843, 0.2586722811594976, 0.2586525876936904, 0.5017497533608235, 0.496903189003075, 0.2982593540634428, 0.2982593540634428, 0.6870471686124802, 0.0, 0.0, 0.0, 0.5372464001178741, 0.2733568847179413, 0.2699841409921646, 0.7725604176521301, 0.7725604176521301, 0.0, 0.5, 0.0, 0.6976744186046512, 0.056527089327573776, 0.0]
[0.4642857142857143, 0.5, 0.3333333333333333, 0.42424242424242425, 0.6153846153846154, 0.5869565217391305, 0.29638853669166565, 0.2959654927253723, 0.3198542380652054, 0.3198369379025344, 0.4386311546110514, 0.5580831473938201, 0.30614312205995836, 0.30614312205995836, 0.666748657822609, 0.0, 0.0, 0.0, 0.5493534445762633, 0.28933781385421753, 0.29288339614868164, 0.7869937419891357, 0.7869937419891357, 0.0, 0.5, 0.0, 0.6976744186046512, 0.05851944908499718, 0.0]
[0.4642857142857143, 0.5, 0.3333333333333333, 0.42424242424242425, 0.6153846153846154, 0.5869565217391305, 0.15191999077796936, 0.15135422348976135, 0.355144438734474, 0.3551286315370928, 0.3944962571729438, 0.6016211619745883, 0.2526796396289553, 0.2526796396289553, 0.7191966772079468, 0.0, 0.0, 0.0, 0.5363056868314743, 0.3130595237016678, 0.3211631774902344, 0.7774431109428406, 0.7774431109428406, 0.046727944165468216, 0.5271613413379306, 0.0498218908905983, 0.7544419009151847, 0.058328453451395035, 0.0]
[0.4642857142857143, 0.5, 0.3333333333333333, 0.42424242424242425, 0.6153846153846154, 0.5869565217391305, 0.12315428256988525, 0.12251957505941391, 0.3612901904614888, 0.3612747251645557, 0.3940908202249735, 0.6018955798216983, 0.2493323385715485, 0.2493323385715485, 0.7202574908733368, 0.0, 0.0, 0.0, 0.5374044686555862, 0.314690962433815, 0.3235297203063965, 0.7793670892715454, 0.7793670892715454, 0.04359355568885803, 0.5543258388837178, 0.045975759625434875, 0.7685213674639547, 0.05799207463860512, 0.0]
[0.4642857142857143, 0.5, 0.3333333333333333, 0.42424242424242425, 0.6153846153846154, 0.5869565217391305, 0.12020716071128845, 0.11957570910453796, 0.3620704984573744, 0.36205504455712284, 0.3944277745132009, 0.6015426017991393, 0.2491515555552074, 0.2491515555552074, 0.7195935696363449, 0.0, 0.0, 0.0, 0.5379563212394713, 0.31473739445209503, 0.3236105442047119, 0.7801805138587952, 0.7801805138587952, 0.04333317652344704, 0.5547683560659015, 0.04564342647790909, 0.7683881714420263, 0.0582503117620945, 0.0]
[0.4642857142857143, 0.5, 0.3333333333333333, 0.42424242424242425, 0.6153846153846154, 0.5869565217391305, 0.11351436376571655, 0.11285865306854248, 0.35910676861356366, 0.3590913261099937, 0.43511328391773524, 0.5610083505774041, 0.25976372616631643, 0.25976372616631643, 0.712822750210762, 0.0, 0.0, 0.0, 0.507522776722908, 0.30624139308929443, 0.3084132522344589, 0.7355279922485352, 0.7355279922485352, 0.041757017374038696, 0.5315743557044438, 0.043252307921648026, 0.75589100245473, 0.055599913001060486, 0.0]
[0.4642857142857143, 0.5, 0.3333333333333333, 0.42424242424242425, 0.6153846153846154, 0.5869565217391305, 0.9622244238853455, 0.9621964693069458, 0.2998608457882591, 0.2998429985848713, 0.47989859567317633, 0.5182320187875413, 0.3251422728810992, 0.3251422728810992, 0.7154739946126938, 0.0, 0.0, 0.0, 0.5012277394533157, 0.29045069217681885, 0.29023614525794983, 0.7216381430625916, 0.7216381430625916, 0.0, 0.5, 0.0, 0.6976744186046512, 0.05301231890916824, 0.0]
[0.4642857142857143, 0.5, 0.3333333333333333, 0.42424242424242425, 0.6153846153846154, 0.5869565217391305, 0.42449861764907837, 0.42446887493133545, 0.2765271203239835, 0.27650801948561954, 0.4950191921360406, 0.5027940083593478, 0.3053381187575204, 0.3053381187575204, 0.7144034951925278, 0.0, 0.0, 0.0, 0.5283634990453719, 0.32165028154850006, 0.31537477672100067, 0.7586393356323242, 0.7586393356323242, 0.048582445830106735, 0.4805670216679573, 0.0, 0.6976744186046512, 0.05336220562458038, 0.0]
[0.4642857142857143, 0.5, 0.3333333333333333, 0.42424242424242425, 0.6153846153846154, 0.5869565217391305, 0.21921654045581818, 0.2190081924200058, 0.3352520324531978, 0.3352354730748309, 0.5138847395977144, 0.48268125863599, 0.2833539992570877, 0.2833539992570877, 0.700776070356369, 0.0, 0.0, 0.0, 0.5310137182474136, 0.3268264979124069, 0.31978699564933777, 0.7645438313484192, 0.7645438313484192, 0.0453830324113369, 0.48986870192346116, 0.04671259969472885, 0.736560265988458, 0.050765324383974075, 0.0]
[0.4642857142857143, 0.5, 0.3333333333333333, 0.42424242424242425, 0.6153846153846154, 0.5869565217391305, 0.17172063887119293, 0.17146189510822296, 0.3447961264768932, 0.3447840345977141, 0.5113274531713179, 0.48508908114464694, 0.26608389403138843, 0.26608389403138843, 0.6997731029987335, 0.0, 0.0, 0.0, 0.5292218089103699, 0.32830893993377686, 0.3201005458831787, 0.7627715468406677, 0.7627715468406677, 0.04188082739710808, 0.5738105026502458, 0.04299524053931236, 0.7757543568867584, 0.04766886308789253, 0.0]
[0.4642857142857143, 0.5, 0.3333333333333333, 0.42424242424242425, 0.6153846153846154, 0.5869565217391305, 0.09784670919179916, 0.0975344181060791, 0.3571406928804591, 0.35712918223204165, 0.49751586406482795, 0.49852110181159726, 0.26146121323108673, 0.26146121323108673, 0.6822659522294998, 0.0, 0.0, 0.0, 0.5456636279821395, 0.3186936527490616, 0.31089264154434204, 0.7860493659973145, 0.7860493659973145, 0.038769178092479706, 0.5585926799547104, 0.03991993889212608, 0.7686798534421033, 0.045284807682037354, 0.0]
[0.4642857142857143, 0.5, 0.3333333333333333, 0.42424242424242425, 0.6153846153846154, 0.5869565217391305, 0.061901312321424484, 0.06140655651688576, 0.37165803663133434, 0.37164722118049465, 0.4821588040879762, 0.5136690609946939, 0.26309030396597727, 0.26309030396597727, 0.6586210131645203, 0.0, 0.0, 0.0, 0.5508171170949936, 0.3014928549528122, 0.2967507690191269, 0.7960712909698486, 0.7960712909698486, 0.0388663150370121, 0.5454376037158664, 0.03970750421285629, 0.7602903848990452, 0.04472750797867775, 0.0]
[0.4642857142857143, 0.5, 0.3333333333333333, 0.42424242424242425, 0.6153846153846154, 0.5869565217391305, 0.012584601528942585, 0.01258757058531046, 0.3976891742837589, 0.3976796694513033, 0.4546099917154695, 0.5409525557703493, 0.27907252311706543, 0.27907252311706543, 0.6547775119543076, 0.0, 0.0, 0.0, 0.5613267242908477, 0.28038443624973297, 0.27659767866134644, 0.8145382404327393, 0.8145382404327393, 0.039580170065164566, 0.5285258856084611, 0.03988118842244148, 0.7464533325198085, 0.046251047402620316, 0.0]
[0.4642857142857143, 0.5, 0.3333333333333333, 0.42424242424242425, 0.6153846153846154, 0.5869565217391305, 0.007698156405240297, 0.007741786073893309, 0.4052674774913897, 0.4052583544477678, 0.4458121296096714, 0.5497247931498592, 0.29388885412897386, 0.29388885412897386, 0.6540693193674088, 0.0, 0.0, 0.0, 0.560832679271698, 0.2752886712551117, 0.2721104323863983, 0.8140300512313843, 0.8140300512313843, 0.04005790501832962, 0.5029863951698181, 0.0, 0.6976744186046512, 0.04710792377591133, 0.0]
[0.4642857142857143, 0.5, 0.3333333333333333, 0.42424242424242425, 0.6153846153846154, 0.5869565217391305, 0.0, 0.0, 0.4078303632499155, 0.4078213199830648, 0.39490021255230584, 0.6007530283011118, 0.30366367527416777, 0.30366367527416777, 0.6572852283716202, 0.0, 0.0, 0.0, 0.5659917384386062, 0.2750634700059891, 0.27281612157821655, 0.8204854726791382, 0.8204854726791382, 0.039798554033041, 0.5498139564953153, 0.040020402520895004, 0.7542342935190645, 0.04881294444203377, 0.0]
[0.4642857142857143, 0.5, 0.3333333333333333, 0.42424242424242425, 0.6153846153846154, 0.5869565217391305, 0.0, 0.0, 0.4057668515874596, 0.4057576715604297, 0.34067137109162016, 0.6560511520163684, 0.28280240084443775, 0.28280240084443775, 0.6386713087558746, 0.0, 0.0, 0.0, 0.5859379976987839, 0.27055445313453674, 0.2747625708580017, 0.8487472534179688, 0.8487472534179688, 0.03945248946547508, 0.5728311888755313, 0.03971481695771217, 0.7604768582034943, 0.049777790904045105, 0.0]
[0.4642857142857143, 0.5, 0.3333333333333333, 0.42424242424242425, 0.6153846153846154, 0.5869565217391305, 0.0, 0.0, 0.3953167954548823, 0.3953071082755211, 0.2768855687537112, 0.7222472841328867, 0.27099396501268663, 0.27099396501268663, 0.596708133816719, 0.0, 0.0, 0.0, 0.593944376707077, 0.24051520228385925, 0.25225333869457245, 0.861689567565918, 0.861689567565918, 0.03959370404481888, 0.5758018891016642, 0.040473196655511856, 0.7620255597109018, 0.05458990857005119, 0.0]
[0.4642857142857143, 0.5, 0.3333333333333333, 0.42424242424242425, 0.6153846153846154, 0.5869565217391305, 0.0, 0.0, 0.3807355049235415, 0.38072527070346346, 0.23019322747254234, 0.7719049849833353, 0.2763649821281433, 0.2763649821281433, 0.5652412623167038, 0.0, 0.0, 0.0, 0.5943661361932754, 0.2042628526687622, 0.21455729007720947, 0.863506555557251, 0.863506555557251, 0.03983430191874504, 0.5534535887695494, 0.04160512611269951, 0.7509348355233669, 0.06826145201921463, 0.0]
[0.4642857142857143, 0.5, 0.3333333333333333, 0.42424242424242425, 0.6153846153846154, 0.5869565217391305, 0.0, 0.0, 0.36669805264153854, 0.36668707763715636, 0.21009540740208232, 0.7931210246591627, 0.27840689889022285, 0.27840689889022285, 0.5796062797307968, 0.0, 0.0, 0.0, 0.598654681444168, 0.19347897171974182, 0.20806646347045898, 0.8706449270248413, 0.8706449270248413, 0.03798682615160942, 0.5427898684191326, 0.040817923843860626, 0.7460607215762138, 0.06966634094715118, 0.0]
[0.4642857142857143, 0.5, 0.3333333333333333, 0.42424242424242425, 0.6153846153846154, 0.5869565217391305, 0.0, 0.0, 0.3646486443725644, 0.36463513930486674, 0.20906334670962157, 0.794244623498246, 0.278905491743769, 0.278905491743769, 0.5631811767816544, 0.0, 0.0, 0.0, 0.5998117506504058, 0.17858725786209106, 0.18788516521453857, 0.8724703788757324, 0.8724703788757324, 0.03718642517924309, 0.4962091341851249, 0.0, 0.6976744186046512, 0.0691370815038681, 0.0]
[0.4642857142857143, 0.5, 0.3333333333333333, 0.42424242424242425, 0.6153846153846154, 0.5869565217391305, 0.0, 0.0, 0.3657549772390216, 0.3657415747414583, 0.23433560212757115, 0.7677601486450805, 0.2745892213923591, 0.2745892213923591, 0.5528191328048706, 0.0, 0.0, 0.0, 0.6003653764724731, 0.17459630966186523, 0.19115254282951355, 0.8735852837562561, 0.8735852837562561, 0.036844395101070404, 0.4930903566262078, 0.0, 0.6976744186046512, 0.06739886850118637, 0.0]
[0.4642857142857143, 0.5, 0.3333333333333333, 0.42424242424242425, 0.6153846153846154, 0.5869565217391305, 0.0, 0.0, 0.36063426584860103, 0.36062057843399775, 0.26740498843658034, 0.7332021961653843, 0.26446741606507984, 0.26446741606507984, 0.5643093436956406, 0.0, 0.0, 0.0, 0.599904042482376, 0.17624884843826294, 0.19311833381652832, 0.8728659152984619, 0.8728659152984619, 0.03727303817868233, 0.5500811248544663, 0.04048497602343559, 0.7540750247967798, 0.06583353132009506, 0.0]
[0.4642857142857143, 0.5, 0.3333333333333333, 0.42424242424242425, 0.6153846153846154, 0.5869565217391305, 0.013497550040483475, 0.01277817040681839, 0.3496278864019915, 0.3496136177566266, 0.3866114744036877, 0.6107223667054007, 0.31325241284711025, 0.31325241284711025, 0.553660199046135, 0.0, 0.0, 0.0, 0.5985493719577789, 0.15879669785499573, 0.17255041003227234, 0.8697134256362915, 0.8697134256362915, 0.0, 0.5, 0.0, 0.6976744186046512, 0.06856045126914978, 0.0]
[0.4642857142857143, 0.5, 0.3333333333333333, 0.42424242424242425, 0.6153846153846154, 0.5869565217391305, 0.014759285375475883, 0.01415012963116169, 0.34370022157410135, 0.3436856110282883, 0.47115568266771946, 0.5255631336695783, 0.3393738184656416, 0.3393738184656416, 0.5791243016719818, 0.0, 0.0, 0.0, 0.5998015493154525, 0.16265422105789185, 0.167013019323349, 0.8700074553489685, 0.8700074553489685, 0.0, 0.5, 0.0, 0.6976744186046512, 0.07381823658943176, 0.0]
[0.4642857142857143, 0.5, 0.3333333333333333, 0.42424242424242425, 0.6153846153846154, 0.5869565217391305, 0.014361207373440266, 0.013889855705201626, 0.3362610148654157, 0.3362459598490203, 0.5525327132263329, 0.444711817787386, 0.35321780613490517, 0.35321780613490517, 0.5648229718208313, 0.0, 0.0, 0.0, 0.6046588450670242, 0.17351800203323364, 0.16630986332893372, 0.8710729479789734, 0.8710729479789734, 0.0, 0.5, 0.0, 0.6976744186046512, 0.07759347558021545, 0.0]
[0.4642857142857143, 0.5, 0.3333333333333333, 0.42424242424242425, 0.6153846153846154, 0.5869565217391305, 0.02674286812543869, 0.026185642927885056, 0.332877488254817, 0.3328622850815607, 0.6004549331008591, 0.3979423323684573, 0.36685234733990263, 0.36685234733990263, 0.5553715229034424, 0.0, 0.0, 0.0, 0.6025427252054214, 0.17686066031455994, 0.16410231590270996, 0.8639916181564331, 0.8639916181564331, 0.0, 0.5, 0.0, 0.6976744186046512, 0.08253270387649536, 0.0]
[0.4642857142857143, 0.5, 0.3333333333333333, 0.42424242424242425, 0.6153846153846154, 0.5869565217391305, 0.016931677237153053, 0.01690695807337761, 0.35360266145738994, 0.35358913359632915, 0.726628871538443, 0.278244136573657, 0.37463371242795673, 0.37463371242795673, 0.5690314024686813, 0.0, 0.0, 0.0, 0.6004787176847457, 0.1774032711982727, 0.1644653081893921, 0.8604730367660522, 0.8604730367660522, 0.08841772377490997, 0.464632910490036, 0.08750052750110626, 0.5779521895009418, 0.08445099741220474, 0.0]
[0.4642857142857143, 0.5, 0.3333333333333333, 0.42424242424242425, 0.6153846153846154, 0.5869565217391305, 0.0, 0.0, 0.3915473088251701, 0.39153601471370314, 0.7474332630748275, 0.258894987310957, 0.35072797111102516, 0.35072797111102516, 0.5915357917547226, 0.0, 0.0, 0.0, 0.5999605566263199, 0.19120636582374573, 0.1796942949295044, 0.8614628911018372, 0.8614628911018372, 0.0, 0.5, 0.08561510592699051, 0.6259130495925282, 0.08355101197957993, 0.0]
[0.4642857142857143, 0.5, 0.3333333333333333, 0.42424242424242425, 0.6153846153846154, 0.5869565217391305, 0.0, 0.0, 0.37996734579024305, 0.37995536787788, 0.6855447005131504, 0.31780477640910954, 0.32818510064056944, 0.32818510064056944, 0.5994140356779099, 0.0, 0.0, 0.0, 0.6051329046487808, 0.17572182416915894, 0.16245555877685547, 0.8723578453063965, 0.8723578453063965, 0.0, 0.5, 0.08298727869987488, 0.6024100787417833, 0.07411748915910721, 0.0]
[0.4642857142857143, 0.5, 0.3333333333333333, 0.42424242424242425, 0.6153846153846154, 0.5869565217391305, 0.0, 0.0, 0.38633678018704887, 0.38632506439836256, 0.659144971384373, 0.3430390124972368, 0.355619809457234, 0.355619809457234, 0.5880322754383087, 0.0, 0.0, 0.0, 0.6058123260736465, 0.16730207204818726, 0.1598772406578064, 0.873915433883667, 0.873915433883667, 0.0, 0.5, 0.0, 0.6976744186046512, 0.06986524909734726, 0.0]
[0.4642857142857143, 0.5, 0.3333333333333333, 0.42424242424242425, 0.6153846153846154, 0.5869565217391305, 0.01644807681441307, 0.01588519848883152, 0.3417812255326922, 0.3417665010200632, 0.5775500362735405, 0.4202318596743666, 0.36846891045570374, 0.36846891045570374, 0.5717474073171616, 0.0, 0.0, 0.0, 0.6048687756061554, 0.17190071940422058, 0.16108182072639465, 0.8708232045173645, 0.8708232045173645, 0.0, 0.5, 0.0, 0.6976744186046512, 0.07079823315143585, 0.0]
[0.4642857142857143, 0.5, 0.3333333333333333, 0.42424242424242425, 0.6153846153846154, 0.5869565217391305, 0.08007074892520905, 0.07966505736112595, 0.31829622051683937, 0.3182804019227766, 0.7042954100249602, 0.2984049575000096, 0.3810938128403255, 0.3810938128403255, 0.5633578598499298, 0.0, 0.0, 0.0, 0.5846281170845031, 0.1899987757205963, 0.17564454674720764, 0.8291648030281067, 0.8291648030281067, 0.0, 0.5, 0.0, 0.6976744186046512, 0.07139423489570618, 0.23435790091753006]
[0.4642857142857143, 0.5, 0.3333333333333333, 0.42424242424242425, 0.6153846153846154, 0.5869565217391305, 0.04716087877750397, 0.04561742767691612, 0.3212179877789937, 0.32120243130860776, 0.7338869165963926, 0.27020067780646445, 0.3735923767089844, 0.3735923767089844, 0.5728553682565689, 0.0, 0.0, 0.0, 0.5761729836463928, 0.19784778356552124, 0.18899855017662048, 0.8161032795906067, 0.8161032795906067, 0.0, 0.5, 0.0, 0.6976744186046512, 0.07026679813861847, 0.24877918884158134]
[0.4642857142857143, 0.5, 0.3333333333333333, 0.42424242424242425, 0.6153846153846154, 0.5869565217391305, 0.05767887830734253, 0.05707592889666557, 0.3203774825108895, 0.3203617892803243, 0.6938461117717094, 0.30827095079553696, 0.36625119192259653, 0.36625119192259653, 0.5564640313386917, 0.0, 0.0, 0.0, 0.5901379644870758, 0.17500898241996765, 0.16331008076667786, 0.8375556468963623, 0.8375556468963623, 0.0, 0.5, 0.0, 0.6976744186046512, 0.06654819846153259, 0.24410050362348557]
[0.4642857142857143, 0.5, 0.3333333333333333, 0.42424242424242425, 0.6153846153846154, 0.5869565217391305, 0.09302589297294617, 0.09280902147293091, 0.3254345548312477, 0.32541894137745375, 0.6101238549781347, 0.38870480907983984, 0.3716765982764108, 0.3716765982764108, 0.5760830044746399, 0.0, 0.0, 0.0, 0.5933182775974273, 0.17088404297828674, 0.15713608264923096, 0.8421067595481873, 0.8421067595481873, 0.0, 0.5, 0.0, 0.6976744186046512, 0.06395576149225235, 0.18309574574232101]
[0.4642857142857143, 0.5, 0.3333333333333333, 0.42424242424242425, 0.6153846153846154, 0.5869565217391305, 0.11349396407604218, 0.11313425749540329, 0.3126887682519041, 0.31267250518725886, 0.5233881588647744, 0.4738394281325737, 0.3599343768187932, 0.3599343768187932, 0.5603163242340088, 0.0, 0.0, 0.0, 0.5961957216262816, 0.1575743854045868, 0.14191314578056335, 0.8486159443855286, 0.8486159443855286, 0.07918921113014221, 0.4683243155479431, 0.07944090664386749, 0.576197265885597, 0.05826321616768837, 0.0]
[0.4642857142857143, 0.5, 0.3333333333333333, 0.42424242424242425, 0.6153846153846154, 0.5869565217391305, 0.11980818957090378, 0.11931242048740387, 0.3174623139273824, 0.31744617622623483, 0.44047578730501136, 0.5560584147657629, 0.3912745841911861, 0.3912745841911861, 0.5244932174682617, 0.0, 0.0, 0.0, 0.6014102309942245, 0.14977163076400757, 0.13852059841156006, 0.861458957195282, 0.861458957195282, 0.0832153707742691, 0.46671385169029234, 0.0830751433968544, 0.5296909843766412, 0.05591307953000069, 0.0]
[0.4642857142857143, 0.5, 0.3333333333333333, 0.42424242424242425, 0.6153846153846154, 0.5869565217391305, 0.11343059688806534, 0.11261637508869171, 0.3329476006400289, 0.332932329086683, 0.39021528747296014, 0.6068578659411775, 0.393966053213392, 0.393966053213392, 0.55781090259552, 0.0, 0.0, 0.0, 0.5994505941867828, 0.15370479226112366, 0.14871445298194885, 0.8610212206840515, 0.8610212206840515, 0.08569876849651337, 0.46572049260139464, 0.0855490118265152, 0.5665908511294875, 0.055297672748565674, 0.0]
[0.4642857142857143, 0.5, 0.3333333333333333, 0.42424242424242425, 0.6153846153846154, 0.5869565217391305, 0.07348518073558807, 0.07228713482618332, 0.3401576884617997, 0.3401427702055835, 0.35805755591529276, 0.6396052504082205, 0.36060870758124763, 0.36060870758124763, 0.563031479716301, 0.0, 0.0, 0.0, 0.6014834970235824, 0.1481265127658844, 0.14843988418579102, 0.8657160997390747, 0.8657160997390747, 0.0, 0.5, 0.08662799000740051, 0.5802050059617951, 0.05430237576365471, 0.0]
[0.4642857142857143, 0.5, 0.3333333333333333, 0.42424242424242425, 0.6153846153846154, 0.5869565217391305, 0.05826443433761597, 0.05737541615962982, 0.3387752481901851, 0.338760295743924, 0.39674451474249933, 0.6001576542575724, 0.4041397890874318, 0.4041397890874318, 0.5334822237491608, 0.0, 0.0, 0.0, 0.6059200555086135, 0.12376028299331665, 0.11995050311088562, 0.8726380467414856, 0.8726380467414856, 0.0858793556690216, 0.4656482577323914, 0.08667010813951492, 0.5180520789567815, 0.05342574417591095, 0.0]
[0.4642857142857143, 0.5, 0.3333333333333333, 0.42424242424242425, 0.6153846153846154, 0.5869565217391305, 0.05372392013669014, 0.0531955249607563, 0.33469238700647885, 0.33467736618012817, 0.4960004628046521, 0.5010374720141668, 0.4322381104741778, 0.4322381104741778, 0.514165073633194, 0.0, 0.0, 0.0, 0.6097865700721741, 0.11004158854484558, 0.10179325938224792, 0.8760805130004883, 0.8760805130004883, 0.08638576418161392, 0.46544569432735444, 0.08720783144235611, 0.48429057348606197, 0.05503944680094719, 0.0]
[0.4642857142857143, 0.5, 0.3333333333333333, 0.42424242424242425, 0.6153846153846154, 0.5869565217391305, 0.05607329681515694, 0.0560360811650753, 0.3302233492667087, 0.3302079751432284, 0.5968388002187754, 0.4012002333577636, 0.4563152577195849, 0.4563152577195849, 0.49144282937049866, 0.0, 0.0, 0.0, 0.6161625295877456, 0.11103832721710205, 0.09785968065261841, 0.8785045742988586, 0.8785045742988586, 0.08695708960294724, 0.4652171641588211, 0.0888686552643776, 0.46445253789424895, 0.05879170075058937, 0.09282018058001995]
[0.4642857142857143, 0.5, 0.3333333333333333, 0.42424242424242425, 0.6153846153846154, 0.5869565217391305, 0.06489032506942749, 0.06487171351909637, 0.3279807216578642, 0.3279651993775231, 0.6352336051131298, 0.3639148384338988, 0.45629929218973436, 0.45629929218973436, 0.47885552048683167, 0.0, 0.0, 0.0, 0.6180116832256317, 0.11130711436271667, 0.09759044647216797, 0.8789684176445007, 0.8789684176445007, 0.086423859000206, 0.4654304563999176, 0.08922027051448822, 0.4759234536525815, 0.061101630330085754, 0.18583886325359344]
[0.4642857142857143, 0.5, 0.3333333333333333, 0.42424242424242425, 0.6153846153846154, 0.5869565217391305, 0.07047628611326218, 0.07044579088687897, 0.32862586500995705, 0.32861036552297906, 0.6270348551624364, 0.3718458005570039, 0.45559621282986235, 0.45559621282986235, 0.47452130913734436, 0.0, 0.0, 0.0, 0.618297278881073, 0.11235818266868591, 0.0978679358959198, 0.8787083625793457, 0.8787083625793457, 0.08561889827251434, 0.46575244069099425, 0.0889202430844307, 0.4644319027662277, 0.061985451728105545, 0.19081717357039452]
[0.4642857142857143, 0.5, 0.3333333333333333, 0.42424242424242425, 0.6153846153846154, 0.5869565217391305, 0.04812602698802948, 0.04798932746052742, 0.3413563914326363, 0.3413416441266441, 0.5400910784363975, 0.45697400897633683, 0.4470128246716091, 0.4470128246716091, 0.5009128749370575, 0.0, 0.0, 0.0, 0.6172399282455444, 0.11437302827835083, 0.09897825121879578, 0.8782187700271606, 0.8782187700271606, 0.08462844043970108, 0.4661486238241196, 0.08804935961961746, 0.4809082663336466, 0.060792144387960434, 0.0]
[0.4642857142857143, 0.5, 0.3333333333333333, 0.42424242424242425, 0.6153846153846154, 0.5869565217391305, 0.045208994299173355, 0.0450640544295311, 0.33541836702117045, 0.3354032436246854, 0.516015245228379, 0.4807437771770234, 0.4471313527652196, 0.4471313527652196, 0.48919089138507843, 0.0, 0.0, 0.0, 0.6170825898647307, 0.11196181178092957, 0.09822824597358704, 0.8782830834388733, 0.8782830834388733, 0.0846656933426857, 0.46613372266292574, 0.08797554671764374, 0.4813247988390368, 0.0604618638753891, 0.0]
[0.4642857142857143, 0.5, 0.3333333333333333, 0.42424242424242425, 0.6153846153846154, 0.5869565217391305, 0.03458453714847565, 0.03416816145181656, 0.3507234721976986, 0.3507091123788808, 0.3792825875729038, 0.6176306305099806, 0.4066318167107446, 0.4066318167107446, 0.5240168571472168, 0.0, 0.0, 0.0, 0.6153257697820663, 0.10863789916038513, 0.10298025608062744, 0.880236029624939, 0.880236029624939, 0.085394486784935, 0.465842205286026, 0.08830799162387848, 0.5043828764627146, 0.05899069458246231, 0.0]
[0.4642857142857143, 0.5, 0.3333333333333333, 0.42424242424242425, 0.6153846153846154, 0.5869565217391305, 0.030710667371749878, 0.030327409505844116, 0.3431135431986238, 0.343098898462766, 0.49490871911522993, 0.5017815784509455, 0.4190538823604584, 0.4190538823604584, 0.5116004943847656, 0.0, 0.0, 0.0, 0.6157270222902298, 0.10210299491882324, 0.09674596786499023, 0.8835340142250061, 0.8835340142250061, 0.08500638604164124, 0.4659974455833435, 0.08715716749429703, 0.4936644365621168, 0.058207787573337555, 0.0]
[0.4642857142857143, 0.5, 0.3333333333333333, 0.42424242424242425, 0.6153846153846154, 0.5869565217391305, 0.030670054256916046, 0.030359875410795212, 0.33869378471009814, 0.3386788208671555, 0.545687701004641, 0.4513054932913812, 0.43673259871346615, 0.43673259871346615, 0.5003385543823242, 0.0, 0.0, 0.0, 0.6170227378606796, 0.10232004523277283, 0.0952090322971344, 0.8849677443504333, 0.8849677443504333, 0.08469530940055847, 0.46612187623977663, 0.0866343230009079, 0.4830434502557267, 0.05936994031071663, 0.0]
[0.4642857142857143, 0.5, 0.3333333333333333, 0.42424242424242425, 0.6153846153846154, 0.5869565217391305, 0.030459197238087654, 0.030240988358855247, 0.33995351691091036, 0.3399385986546941, 0.6075025384330385, 0.39069329068897285, 0.435374847480229, 0.435374847480229, 0.47052784264087677, 0.0, 0.0, 0.0, 0.6194498002529144, 0.10406333208084106, 0.09437257051467896, 0.8854036927223206, 0.8854036927223206, 0.08448237180709839, 0.46620705127716067, 0.08672254532575607, 0.49398465905078626, 0.060826145112514496, 0.15285518020391464]
[0.4642857142857143, 0.5, 0.3333333333333333, 0.42424242424242425, 0.6153846153846154, 0.5869565217391305, 0.034789737313985825, 0.034729164093732834, 0.34902635815038735, 0.34901192995148, 0.563375356548375, 0.43373008936308033, 0.4129818081855774, 0.4129818081855774, 0.512024387717247, 0.0, 0.0, 0.0, 0.6212868958711624, 0.11992749571800232, 0.1069556176662445, 0.8855370283126831, 0.8855370283126831, 0.08586666733026505, 0.46565333306789397, 0.08827772736549377, 0.48661143280739005, 0.061980798840522766, 0.039391047321259975]
[0.4642857142857143, 0.5, 0.3333333333333333, 0.42424242424242425, 0.6153846153846154, 0.5869565217391305, 0.038210995495319366, 0.03782116249203682, 0.3539757660196571, 0.35396153156433685, 0.40342087317151276, 0.5930005951952929, 0.4107433344636645, 0.4107433344636645, 0.5487612038850784, 0.0, 0.0, 0.0, 0.6162177503108978, 0.12490290403366089, 0.11818176507949829, 0.8833925127983093, 0.8833925127983093, 0.08643124997615814, 0.46542750000953675, 0.08787725120782852, 0.5278172430604003, 0.05818543955683708, 0.0]
[0.4642857142857143, 0.5, 0.3333333333333333, 0.42424242424242425, 0.6153846153846154, 0.5869565217391305, 0.04290790855884552, 0.042397141456604004, 0.3535175168491458, 0.35350331658387046, 0.3660529548761722, 0.6310880999669468, 0.37988500935690744, 0.37988500935690744, 0.5544136315584183, 0.0, 0.0, 0.0, 0.6147097259759903, 0.12577137351036072, 0.12057444453239441, 0.882331907749176, 0.882331907749176, 0.08584991842508316, 0.46566003262996675, 0.08765866607427597, 0.5262449175812478, 0.05857083573937416, 0.0]
[0.4642857142857143, 0.5, 0.3333333333333333, 0.42424242424242425, 0.6153846153846154, 0.5869565217391305, 0.049172479659318924, 0.04826444759964943, 0.35227478849728294, 0.3522604742651916, 0.33933888247546456, 0.6583688723602846, 0.36261409521102905, 0.36261409521102905, 0.5463651418685913, 0.0, 0.0, 0.0, 0.6147482573986053, 0.12559261918067932, 0.12527266144752502, 0.8832035660743713, 0.8832035660743713, 0.0850687175989151, 0.46597251296043396, 0.08752889931201935, 0.525769314100576, 0.05769820883870125, 0.0]
[0.4642857142857143, 0.5, 0.3333333333333333, 0.42424242424242425, 0.6153846153846154, 0.5869565217391305, 0.06300823390483856, 0.06161636859178543, 0.34790772826448224, 0.34789336844566443, 0.3062307018622842, 0.6932150925044069, 0.3664263976471765, 0.3664263976471765, 0.5274044126272202, 0.0, 0.0, 0.0, 0.6143599808216095, 0.11568483710289001, 0.11836770176887512, 0.8838077783584595, 0.8838077783584595, 0.08379243314266205, 0.4664830267429352, 0.08727957308292389, 0.5179171783979549, 0.05618220567703247, 0.0]
[0.4642857142857143, 0.5, 0.3333333333333333, 0.42424242424242425, 0.6153846153846154, 0.5869565217391305, 0.06373468786478043, 0.06234686076641083, 0.34773125064988436, 0.3477168680377034, 0.30202562266508437, 0.6976412673246741, 0.36688211773123064, 0.36688211773123064, 0.5270342379808426, 0.0, 0.0, 0.0, 0.6143615245819092, 0.11351928114891052, 0.11605015397071838, 0.883898913860321, 0.883898913860321, 0.08355218917131424, 0.4665791243314743, 0.08727297186851501, 0.5169388166693754, 0.056281279772520065, 0.0]
[0.4642857142857143, 0.5, 0.3333333333333333, 0.42424242424242425, 0.6153846153846154, 0.5869565217391305, 0.3833545744419098, 0.3828186094760895, 0.2721761180155592, 0.272158111258629, 0.43161416646399414, 0.5668257603460192, 0.43113548840795246, 0.43113548840795246, 0.48301151394844055, 0.0, 0.0, 0.0, 0.6126812249422073, 0.10086777806282043, 0.09983634948730469, 0.881795346736908, 0.881795346736908, 0.08718662708997726, 0.4651253491640091, 0.09032711386680603, 0.47123220770858054, 0.05934971943497658, 0.0]
[0.4642857142857143, 0.5, 0.3333333333333333, 0.42424242424242425, 0.6153846153846154, 0.5869565217391305, 0.08334364742040634, 0.08329001814126968, 0.3394907090677586, 0.3394758933816767, 0.5239813077062312, 0.47306738842918994, 0.4266454705170223, 0.4266454705170223, 0.5241197496652603, 0.0, 0.0, 0.0, 0.6125956922769547, 0.10770371556282043, 0.09522742033004761, 0.8744157552719116, 0.8744157552719116, 0.09257951378822327, 0.4629681944847107, 0.09597433358430862, 0.490909454434417, 0.06461136043071747, 0.0]
[0.4642857142857143, 0.5, 0.3333333333333333, 0.42424242424242425, 0.6153846153846154, 0.5869565217391305, 0.05759935826063156, 0.05754793807864189, 0.34586338012213913, 0.34584891773318693, 0.5145934450922687, 0.4823158696271671, 0.41573552148682735, 0.41573552148682735, 0.5255915522575378, 0.0, 0.0, 0.0, 0.6135099112987518, 0.10782688856124878, 0.09547579288482666, 0.8763600587844849, 0.8763600587844849, 0.09179671108722687, 0.46328131556510926, 0.09497115015983582, 0.4991865227388781, 0.06443227082490921, 0.0]
[0.4642857142857143, 0.5, 0.3333333333333333, 0.42424242424242425, 0.6153846153846154, 0.5869565217391305, 0.0, 0.0, 0.3731126292941675, 0.3730996598705051, 0.37234971263440575, 0.6250295841392499, 0.3739968474422183, 0.3739968474422183, 0.5691244900226593, 0.0, 0.0, 0.0, 0.6123759776353835, 0.12154930830001831, 0.11826524138450623, 0.8785466551780701, 0.8785466551780701, 0.08859178423881531, 0.46456328630447385, 0.08967657387256622, 0.5619510765685591, 0.06289256364107132, 0.0]
[0.4642857142857143, 0.5, 0.3333333333333333, 0.42424242424242425, 0.6153846153846154, 0.5869565217391305, 0.0, 0.0, 0.3747661054476269, 0.3747532499907805, 0.2905457452879809, 0.7093581728857238, 0.3308789644922529, 0.3308789644922529, 0.5593233406543732, 0.0, 0.0, 0.0, 0.6080401390790939, 0.126252681016922, 0.12883076071739197, 0.877738356590271, 0.877738356590271, 0.0, 0.5, 0.08780503273010254, 0.599752706150676, 0.06277988106012344, 0.0]
[0.4642857142857143, 0.5, 0.3333333333333333, 0.42424242424242425, 0.6153846153846154, 0.5869565217391305, 0.0, 0.0, 0.370990692543482, 0.370977768706546, 0.2452210057989817, 0.7570066729598879, 0.2998755765812738, 0.2998755765812738, 0.4835033416748047, 0.0, 0.0, 0.0, 0.6055073082447051, 0.11545160412788391, 0.11767616868019104, 0.8766565322875977, 0.8766565322875977, 0.0, 0.5, 0.08678603172302246, 0.5743125046408454, 0.060446541756391525, 0.0]
[0.4642857142857143, 0.5, 0.3333333333333333, 0.42424242424242425, 0.6153846153846154, 0.5869565217391305, 0.9049511551856995, 0.9043091535568237, 0.28554613503625703, 0.2855290172204916, 0.330858269795405, 0.6701107708440861, 0.45597355280603685, 0.45597355280603685, 0.5001368522644043, 0.0, 0.0, 0.0, 0.5850350022315979, 0.11085426807403564, 0.1164272129535675, 0.8456476330757141, 0.8456476330757141, 0.09234890341758728, 0.4630604386329651, 0.1049107238650322, 0.5013125164564266, 0.06021621450781822, 0.0]
[0.4642857142857143, 0.5, 0.3333333333333333, 0.42424242424242425, 0.6153846153846154, 0.5869565217391305, 0.4304462969303131, 0.4287812411785126, 0.27270403510069985, 0.272686187897312, 0.3486713059317769, 0.6515097681417925, 0.4759325938565391, 0.4759325938565391, 0.5338466614484787, 0.0, 0.0, 0.0, 0.5869792640209197, 0.1096968948841095, 0.11571058630943298, 0.8435803055763245, 0.8435803055763245, 0.11051861196756363, 0.45579255521297457, 0.12598276138305664, 0.462693405705829, 0.06450814753770828, 0.0]
[0.4642857142857143, 0.5, 0.3333333333333333, 0.42424242424242425, 0.6153846153846154, 0.5869565217391305, 0.0647471696138382, 0.06410622596740723, 0.34912807353368, 0.34911366812813577, 0.45270230403137934, 0.5436176405588431, 0.3399233732904707, 0.3399233732904707, 0.6183492243289948, 0.0, 0.0, 0.0, 0.57767353951931, 0.26818154752254486, 0.26602452993392944, 0.8371343612670898, 0.8371343612670898, 0.0, 0.5, 0.0, 0.6976744186046512, 0.062113936990499496, 0.0]
[0.4642857142857143, 0.5, 0.3333333333333333, 0.42424242424242425, 0.6153846153846154, 0.5869565217391305, 0.12375208735466003, 0.123618945479393, 0.3694974309399752, 0.3694841082191832, 0.4490346040142198, 0.5469004611047636, 0.1850682550242969, 0.1850682550242969, 0.8343010097742081, 0.0, 0.0, 0.0, 0.13500282391905782, 0.48852131236344576, 0.4888489078730345, 0.20025336742401123, 0.20025336742401123, 0.03858252242207527, 0.6031746031746031, 0.03736468777060509, 0.8, 0.04173947498202324, 0.0]
[0.4642857142857143, 0.5, 0.3333333333333333, 0.42424242424242425, 0.6153846153846154, 0.5869565217391305, 0.1619517207145691, 0.16092675924301147, 0.34905111174282566, 0.3490365809737838, 0.38216006733035496, 0.6144426823523437, 0.20202957625899998, 0.20202957625899998, 0.8005804196000099, 0.0, 0.0, 0.0, 0.14743547663092613, 0.48552746046334505, 0.4867766238749027, 0.22275955975055695, 0.22275955975055695, 0.0333920419216156, 0.6031746031746031, 0.032097503542900085, 0.8, 0.05291066691279411, 0.0]
[0.4642857142857143, 0.5, 0.3333333333333333, 0.42424242424242425, 0.6153846153846154, 0.5869565217391305, 0.1671631783246994, 0.16595348715782166, 0.33922675052518825, 0.3392117866822456, 0.36572628039474925, 0.6316522471028984, 0.20112640091351103, 0.20112640091351103, 0.7950703799724579, 0.0, 0.0, 0.0, 0.11133473590016364, 0.4829545021057129, 0.4844243312254548, 0.1671055555343628, 0.1671055555343628, 0.03273897245526314, 0.6031746031746031, 0.031136101111769676, 0.8, 0.04407665506005287, 0.0]
[0.4642857142857143, 0.5, 0.3333333333333333, 0.42424242424242425, 0.6153846153846154, 0.5869565217391305, 0.17762930691242218, 0.17613159120082855, 0.3414783701158163, 0.3414636456031872, 0.3200200597825059, 0.6791067186727984, 0.19994029509169717, 0.19994029509169717, 0.8125411197543144, 0.0, 0.0, 0.0, 0.08231159634888172, 0.4858930576592684, 0.4874641736969352, 0.1254054456949234, 0.1254054456949234, 0.02985330857336521, 0.6031746031746031, 0.027499457821249962, 0.8, 0.044171929359436035, 0.0]
[0.4642857142857143, 0.5, 0.3333333333333333, 0.42424242424242425, 0.6153846153846154, 0.5869565217391305, 0.17606040835380554, 0.17470397055149078, 0.34430585263108204, 0.3442912078952242, 0.3912004166305863, 0.6058804466386548, 0.20503216556140355, 0.20503216556140355, 0.7974608391523361, 0.0, 0.0, 0.0, 0.10890536829829216, 0.48181004263460636, 0.4822150655090809, 0.16468824446201324, 0.16468824446201324, 0.030643414705991745, 0.6031746031746031, 0.02832888998091221, 0.8, 0.04103004187345505, 0.0]
[0.4642857142857143, 0.5, 0.3333333333333333, 0.42424242424242425, 0.6153846153846154, 0.5869565217391305, 0.1616571545600891, 0.16056545078754425, 0.34457377721884963, 0.34455922365644465, 0.43169746480981885, 0.5652116846577336, 0.2829370966979436, 0.2829370966979436, 0.7433906197547913, 0.0, 0.0, 0.0, 0.2399293169379234, 0.4515656381845474, 0.4479304924607277, 0.36330747604370117, 0.36330747604370117, 0.03315138816833496, 0.6031746031746031, 0.03121190331876278, 0.8, 0.04036824405193329, 0.0]
[0.4642857142857143, 0.5, 0.3333333333333333, 0.42424242424242425, 0.6153846153846154, 0.5869565217391305, 0.060940325260162354, 0.06050341948866844, 0.384157495334545, 0.3841454262487291, 0.625197299807751, 0.37481929735694697, 0.4143247434071132, 0.4143247434071132, 0.7043063640594482, 0.0, 0.0, 0.0, 0.25897172540426255, 0.4420335628092289, 0.43600301444530487, 0.3945329487323761, 0.3945329487323761, 0.03878087177872658, 0.6031746031746031, 0.03710373491048813, 0.8, 0.03769670054316521, 0.0]
[0.4642857142857143, 0.5, 0.3333333333333333, 0.42424242424242425, 0.6153846153846154, 0.5869565217391305, 0.0, 0.0, 0.4010873228368522, 0.4010761085021564, 0.5536150560780192, 0.4443916394144759, 0.31848758459091187, 0.31848758459091187, 0.7523464113473892, 0.0, 0.0, 0.0, 0.18219673931598662, 0.46295591443777084, 0.462748434394598, 0.2831108570098877, 0.2831108570098877, 0.04082691669464111, 0.6031746031746031, 0.039437226951122284, 0.8, 0.03863125666975975, 0.0]
[0.4642857142857143, 0.5, 0.3333333333333333, 0.42424242424242425, 0.6153846153846154, 0.5869565217391305, 0.0, 0.0, 0.400887094537797, 0.40087590299646436, 0.5250790332289088, 0.47272576719984677, 0.3047861691032137, 0.3047861691032137, 0.7566218450665474, 0.0, 0.0, 0.0, 0.1387751743197441, 0.46385713294148445, 0.46498213708400726, 0.21470218896865845, 0.21470218896865845, 0.039664097130298615, 0.6031746031746031, 0.03809116780757904, 0.8, 0.038458094000816345, 0.0]
[0.4642857142857143, 0.5, 0.3333333333333333, 0.42424242424242425, 0.6153846153846154, 0.5869565217391305, 0.010683119297027588, 0.010052311234176159, 0.38786290982029403, 0.3878508407344782, 0.4579738220110906, 0.5389915942981134, 0.2639506118638175, 0.2639506118638175, 0.7745102718472481, 0.0, 0.0, 0.0, 0.09618114046752452, 0.4760985430330038, 0.47830699756741524, 0.15000255405902863, 0.15000255405902863, 0.03384845331311226, 0.6031746031746031, 0.032406192272901535, 0.8, 0.03643425926566124, 0.0]
[0.4642857142857143, 0.5, 0.3333333333333333, 0.42424242424242425, 0.6153846153846154, 0.5869565217391305, 0.016506707295775414, 0.015786483883857727, 0.3797710493463403, 0.37975851299657876, 0.4742939925786414, 0.5227119318107296, 0.2644219036613192, 0.2644219036613192, 0.7691943198442459, 0.0, 0.0, 0.0, 0.16532677188515663, 0.4597560800611973, 0.46397052705287933, 0.2549002766609192, 0.2549002766609192, 0.03462444618344307, 0.6031746031746031, 0.03297536075115204, 0.8, 0.036678511649370193, 0.0]
[0.4642857142857143, 0.5, 0.3333333333333333, 0.42424242424242425, 0.6153846153846154, 0.5869565217391305, 0.015553580597043037, 0.015066194348037243, 0.37736615578485494, 0.37735369921186457, 0.5374446464542221, 0.46070013123255565, 0.35646751523017883, 0.35646751523017883, 0.7360326945781708, 0.0, 0.0, 0.0, 0.21294163316488265, 0.44363852962851524, 0.4438321739435196, 0.32680433988571167, 0.32680433988571167, 0.04467353597283363, 0.5816763525917417, 0.04236328601837158, 0.7776971503572409, 0.038369834423065186, 0.0]
[0.4642857142857143, 0.5, 0.3333333333333333, 0.42424242424242425, 0.6153846153846154, 0.5869565217391305, 0.015607885085046291, 0.015134396962821484, 0.369153524675971, 0.3691404982689006, 0.5020835156878367, 0.49526435758547344, 0.36056104515280046, 0.36056104515280046, 0.7156672775745392, 0.0, 0.0, 0.0, 0.23950650393962858, 0.4369319751858711, 0.4366972967982292, 0.3668406307697296, 0.3668406307697296, 0.04585158824920654, 0.6031746031746031, 0.043570760637521744, 0.7918184965329115, 0.038728635758161545, 0.0]
[0.4642857142857143, 0.5, 0.3333333333333333, 0.42424242424242425, 0.6153846153846154, 0.5869565217391305, 0.16802078485488892, 0.16670097410678864, 0.3305082435133808, 0.3304928693899005, 0.37328593863128023, 0.624339811382006, 0.2670110549245562, 0.2670110549245562, 0.7344535142183304, 0.0, 0.0, 0.0, 0.14862038046121595, 0.45190374180674553, 0.452007956802845, 0.22442737221717834, 0.22442737221717834, 0.051282063126564026, 0.6031746031746031, 0.049422018229961395, 0.8, 0.037722501903772354, 0.0]
[0.4642857142857143, 0.5, 0.3333333333333333, 0.42424242424242425, 0.6153846153846154, 0.5869565217391305, 0.1427362859249115, 0.14162510633468628, 0.34350580558266286, 0.34349118364016823, 0.3189594845926784, 0.6799422207976796, 0.20770198532513212, 0.20770198532513212, 0.79600590467453, 0.0, 0.0, 0.0, 0.07835329324007034, 0.47610361501574516, 0.47813504561781883, 0.1210225373506546, 0.1210225373506546, 0.030315563082695007, 0.6031746031746031, 0.028692688792943954, 0.8, 0.026496296748518944, 0.0]
[0.4642857142857143, 0.5, 0.3333333333333333, 0.42424242424242425, 0.6153846153846154, 0.5869565217391305, 0.11959762126207352, 0.11813654005527496, 0.3405238866350163, 0.34050902536220806, 0.39916633237616284, 0.5976528687818506, 0.25316232017108375, 0.25316232017108375, 0.742949590086937, 0.0, 0.0, 0.0, 0.2204145699739456, 0.44348087906837463, 0.4447047971189022, 0.335722416639328, 0.335722416639328, 0.0405452698469162, 0.6031746031746031, 0.03830014541745186, 0.8, 0.027921613305807114, 0.0]
[0.4642857142857143, 0.5, 0.3333333333333333, 0.42424242424242425, 0.6153846153846154, 0.5869565217391305, 0.09267666935920715, 0.09216084331274033, 0.3427480060329401, 0.34273314476013184, 0.5892581265013714, 0.4081331766763513, 0.3348998193229948, 0.3348998193229948, 0.6855686604976654, 0.0, 0.0, 0.0, 0.2699905544519424, 0.4340347573161125, 0.421158529818058, 0.39527928829193115, 0.39527928829193115, 0.045739687979221344, 0.6031746031746031, 0.04469659551978111, 0.8, 0.030524764209985733, 0.013286492321640253]
[0.4642857142857143, 0.5, 0.3333333333333333, 0.42424242424242425, 0.6153846153846154, 0.5869565217391305, 0.1337464153766632, 0.1329633593559265, 0.34880847639153156, 0.3487910280719998, 0.6902342754385895, 0.3105495805215603, 0.29025247054440634, 0.29025247054440634, 0.735154964029789, 0.0, 0.0, 0.0, 0.11956934630870818, 0.46184222400188446, 0.45471448078751564, 0.17007240653038025, 0.17007240653038025, 0.03730862960219383, 0.6031746031746031, 0.03817899525165558, 0.8, 0.02999887429177761, 0.13583367690443993]
[0.4642857142857143, 0.5, 0.3333333333333333, 0.42424242424242425, 0.6153846153846154, 0.5869565217391305, 0.1335083395242691, 0.13210178911685944, 0.34649708120590417, 0.34647950752287476, 0.6776264912767574, 0.32268989559746564, 0.2853732023920332, 0.2853732023920332, 0.7325588166713715, 0.0, 0.0, 0.0, 0.12503770515322685, 0.4628690183162689, 0.4541224353015423, 0.1783367395401001, 0.1783367395401001, 0.03188738971948624, 0.6031746031746031, 0.03283155709505081, 0.8, 0.02941056154668331, 0.1538708433508873]
[0.4642857142857143, 0.5, 0.3333333333333333, 0.42424242424242425, 0.6153846153846154, 0.5869565217391305, 0.11755635589361191, 0.11664808541536331, 0.33175877859214065, 0.33174052110821517, 0.5139083478236518, 0.4828098644895211, 0.33771564917904995, 0.33771564917904995, 0.6767298430204391, 0.0, 0.0, 0.0, 0.22631250619888305, 0.43639542162418365, 0.4243900254368782, 0.3362679183483124, 0.3362679183483124, 0.043284520506858826, 0.6031746031746031, 0.0433761328458786, 0.8, 0.025772884488105774, 0.0]
[0.4642857142857143, 0.5, 0.3333333333333333, 0.42424242424242425, 0.6153846153846154, 0.5869565217391305, 0.11583089083433151, 0.11500526964664459, 0.32913531947090335, 0.3291169480201619, 0.52902066388504, 0.467978855569271, 0.3380883378641946, 0.3380883378641946, 0.6750909835100174, 0.0, 0.0, 0.0, 0.22295716404914853, 0.43879465013742447, 0.4265083894133568, 0.32805049419403076, 0.32805049419403076, 0.04332185536623001, 0.6031746031746031, 0.043480705469846725, 0.8, 0.0257125161588192, 0.0]
[0.4642857142857143, 0.5, 0.3333333333333333, 0.42424242424242425, 0.6153846153846154, 0.5869565217391305, 0.0, 0.0, 0.41107198407955425, 0.411058268173247, 0.5753659591164233, 0.4226267583460876, 0.35938391728060587, 0.35938391728060587, 0.7291173785924911, 0.0, 0.0, 0.0, 0.18902061879634857, 0.46181828156113625, 0.45086558535695076, 0.2658368945121765, 0.2658368945121765, 0.038337089121341705, 0.6031746031746031, 0.04111681506037712, 0.8, 0.041058965027332306, 0.14992479234933853]
[0.4642857142857143, 0.5, 0.3333333333333333, 0.42424242424242425, 0.6153846153846154, 0.5869565217391305, 0.184143528342247, 0.18202565610408783, 0.3716231171989076, 0.37160742396834245, 0.5495661570054851, 0.4488422601167782, 0.33731471214975633, 0.33731471214975633, 0.7378810495138168, 0.0, 0.0, 0.0, 0.07784700244665145, 0.4769649840891361, 0.4738860856741667, 0.11051202565431595, 0.11051202565431595, 0.034798379987478256, 0.6031746031746031, 0.0373271107673645, 0.8, 0.03913896158337593, 0.12731718830764294]
[0.4642857142857143, 0.5, 0.3333333333333333, 0.42424242424242425, 0.6153846153846154, 0.5869565217391305, 0.7362098097801208, 0.7326804995536804, 0.23655248463267808, 0.23653037507037133, 0.5915961614302422, 0.40934935076008283, 0.38944587111473083, 0.38944587111473083, 0.7324483841657639, 0.0, 0.0, 0.0, 0.12919997498393057, 0.46009333431720734, 0.448342252522707, 0.1835830956697464, 0.1835830956697464, 0.03829105198383331, 0.6031746031746031, 0.04127878323197365, 0.8, 0.03758379444479942, 0.11785614304244518]
[0.4642857142857143, 0.5, 0.3333333333333333, 0.42424242424242425, 0.6153846153846154, 0.5869565217391305, 0.1475803256034851, 0.1466667503118515, 0.3369456819093022, 0.33692773213578, 0.524075695023254, 0.4726655528326057, 0.34473543720585964, 0.34473543720585964, 0.7149481326341629, 0.0, 0.0, 0.0, 0.13532166257500647, 0.45302271097898483, 0.44569678977131844, 0.20189259946346283, 0.20189259946346283, 0.042332541197538376, 0.6031746031746031, 0.04306112229824066, 0.8, 0.030463507398962975, 0.023411649744957685]
[0.4642857142857143, 0.5, 0.3333333333333333, 0.42424242424242425, 0.6153846153846154, 0.5869565217391305, 0.0841803029179573, 0.08344003558158875, 0.3513613444669297, 0.3513440101142139, 0.4756434508537015, 0.5203978555557555, 0.34922498677458086, 0.34922498677458086, 0.6947452872991562, 0.0, 0.0, 0.0, 0.16994199454784392, 0.4531589560210705, 0.4466274417936802, 0.25787848234176636, 0.25787848234176636, 0.04072669893503189, 0.6031746031746031, 0.040928203612565994, 0.8, 0.028011798858642578, 0.0]
[0.4642857142857143, 0.5, 0.3333333333333333, 0.42424242424242425, 0.6153846153846154, 0.5869565217391305, 0.06053191423416138, 0.06004619225859642, 0.36381488593996825, 0.3637982353881486, 0.45313774559283576, 0.5427747270294581, 0.33754359398569383, 0.33754359398569383, 0.712863877415657, 0.0, 0.0, 0.0, 0.13970870077610015, 0.46031931415200233, 0.4578575938940048, 0.21152476966381073, 0.21152476966381073, 0.040275417268276215, 0.6031746031746031, 0.04024386778473854, 0.8, 0.02798939123749733, 0.0]
[0.4642857142857143, 0.5, 0.3333333333333333, 0.42424242424242425, 0.6153846153846154, 0.5869565217391305, 0.13460983335971832, 0.1339890956878662, 0.3708204717070833, 0.3708041972457565, 0.5124617698771547, 0.48370276030294707, 0.293181272489684, 0.293181272489684, 0.7426099479198456, 0.0, 0.0, 0.0, 0.1193740241229534, 0.4653012230992317, 0.46108200773596764, 0.17866377532482147, 0.17866377532482147, 0.039758626371622086, 0.6031746031746031, 0.04122654348611832, 0.8, 0.023263128474354744, 0.0]
[0.4642857142857143, 0.5, 0.3333333333333333, 0.42424242424242425, 0.6153846153846154, 0.5869565217391305, 0.07458336651325226, 0.0741082951426506, 0.3805053261452378, 0.3804895303445382, 0.5241487192606151, 0.4717015075359422, 0.3152448790413993, 0.3152448790413993, 0.7300219237804413, 0.0, 0.0, 0.0, 0.14542413428425788, 0.4637983776628971, 0.457189928740263, 0.22031374275684357, 0.22031374275684357, 0.037844087928533554, 0.6031746031746031, 0.03866183012723923, 0.8, 0.02240164764225483, 0.0]
[0.4642857142857143, 0.5, 0.3333333333333333, 0.42424242424242425, 0.6153846153846154, 0.5869565217391305, 0.0, 0.0, 0.41367693498987085, 0.41366303673665794, 0.4962715784632681, 0.4992420501913618, 0.3399521006005151, 0.3399521006005151, 0.736111007630825, 0.0, 0.0, 0.0, 0.1555520623922348, 0.4605328254401684, 0.4543757289648056, 0.2387070506811142, 0.2387070506811142, 0.03415069356560707, 0.6031746031746031, 0.03434883803129196, 0.8, 0.021842366084456444, 0.0]
[0.4642857142857143, 0.5, 0.3333333333333333, 0.42424242424242425, 0.6153846153846154, 0.5869565217391305, 0.0, 0.0, 0.41852186378055956, 0.4185082561427275, 0.4881988003080707, 0.5072882384637979, 0.3320592535393579, 0.3320592535393579, 0.7415105402469635, 0.0, 0.0, 0.0, 0.17509489953517912, 0.45923175662755966, 0.4527902714908123, 0.26610589027404785, 0.26610589027404785, 0.03369488939642906, 0.6031746031746031, 0.03387727588415146, 0.8, 0.02166813239455223, 0.0]
[0.4642857142857143, 0.5, 0.3333333333333333, 0.42424242424242425, 0.6153846153846154, 0.5869565217391305, 0.0, 0.0, 0.39787560120139476, 0.39786076272194976, 0.46546897502975754, 0.5299859521671139, 0.1415427987064634, 0.1415427987064634, 0.8233421817421913, 0.0, 0.0, 0.0, 0.1768773481249809, 0.45559508726000786, 0.455500777810812, 0.26038050651550293, 0.26038050651550293, 0.08386340737342834, 0.4664546370506287, 0.08350051194429398, 0.5258315663005031, 0.0209517665207386, 0.032375799492001534]
[0.4642857142857143, 0.5, 0.3333333333333333, 0.42424242424242425, 0.6153846153846154, 0.5869565217391305, 0.0, 0.0, 0.3968189578667198, 0.3968041307839563, 0.46316212996925954, 0.5323478360768208, 0.11005101991551264, 0.11005101991551264, 0.8615138903260231, 0.0, 0.0, 0.0, 0.10009518563747405, 0.47367908246815205, 0.4742883648723364, 0.14864355325698853, 0.14864355325698853, 0.09057899564504623, 0.46376840174198153, 0.08782545477151871, 0.5428750189237816, 0.020815523341298103, 0.03159362357109785]
[0.4642857142857143, 0.5, 0.3333333333333333, 0.42424242424242425, 0.6153846153846154, 0.5869565217391305, 0.0, 0.0, 0.38240135787322005, 0.3823857786094709, 0.4526525717620412, 0.5433191764258467, 0.08020327825631415, 0.08020327825631415, 0.8866562396287918, 0.0, 0.0, 0.0, 0.047829282283782956, 0.4826672878116369, 0.4831366501748562, 0.0, -0.0, 0.07970350980758667, 0.4681185960769653, 0.0760512426495552, 0.5670746259911116, 0.017728645354509354, 0.008961493149399757]
[0.4642857142857143, 0.5, 0.3333333333333333, 0.42424242424242425, 0.6153846153846154, 0.5869565217391305, 0.0, 0.0, 0.376308452558791, 0.37629256558463864, 0.45112280658736514, 0.5451065108784704, 0.0738189635532243, 0.0738189635532243, 0.8935568071901798, 0.0, 0.0, 0.0, 0.038508834689855574, 0.4842389915138483, 0.48466307669878006, 0.0, -0.0, 0.06937985122203827, 0.4722480595111847, 0.06649009138345718, 0.5744352312975152, 0.015477057546377182, 0.0]
[0.4642857142857143, 0.5, 0.3333333333333333, 0.42424242424242425, 0.6153846153846154, 0.5869565217391305, 0.0, 0.0, 0.3724753040656533, 0.3724592689346401, 0.4507562437203373, 0.5456902168569278, 0.063343524400677, 0.063343524400677, 0.914945263415575, 0.0, 0.0, 0.0, 0.0296345729380846, 0.4860332477837801, 0.48628142941743135, 0.0, -0.0, 0.055030450224876404, 0.47798781991004946, 0.053392790257930756, 0.5784334692844125, 0.013474800623953342, 0.0]
[0.4642857142857143, 0.5, 0.3333333333333333, 0.42424242424242425, 0.6153846153846154, 0.5869565217391305, 0.0, 0.0, 0.3681465138896701, 0.36813023942834333, 0.45347243763976525, 0.5429071279779625, 0.05279107019305229, 0.05279107019305229, 0.9237794727087021, 0.0, 0.0, 0.0, 0.024147569015622136, 0.48826928716152906, 0.4884590292349458, 0.0, -0.0, 0.04717838764190674, 0.4811286449432373, 0.04546549916267395, 0.5803500635679378, 0.011547205969691277, 0.0]
[0.4642857142857143, 0.5, 0.3333333333333333, 0.42424242424242425, 0.6153846153846154, 0.5869565217391305, 0.0, 0.0, 0.37023071622757336, 0.37021453293969936, 0.4582992172150038, 0.5379153045089426, 0.04331132130963462, 0.04331132130963462, 0.938998868688941, 0.0, 0.0, 0.0, 0.019885125569999218, 0.4904015390202403, 0.490576995536685, 0.0, -0.0, 0.043031200766563416, 0.48278751969337463, 0.041140854358673096, 0.5910081849541775, 0.010241319425404072, 0.0]
[0.4642857142857143, 0.5, 0.3333333333333333, 0.42424242424242425, 0.6153846153846154, 0.5869565217391305, 0.0, 0.0, 0.37499545226817377, 0.3749794855172502, 0.4573980616565872, 0.5387798140376698, 0.03764975816011429, 0.03764975816011429, 0.9462498184293509, 0.0, 0.0, 0.0, 0.017351280339062213, 0.4919189903885126, 0.4920888775959611, 0.0, -0.0, 0.03955121710896492, 0.48417951315641405, 0.037570513784885406, 0.5974185085573862, 0.0092587536200881, 0.0]
[0.4642857142857143, 0.5, 0.3333333333333333, 0.42424242424242425, 0.6153846153846154, 0.5869565217391305, 0.0, 0.0, 0.3787368574744201, 0.37872109586376534, 0.45776456469103666, 0.5383540097950927, 0.03103449940681458, 0.03103449940681458, 0.9564940817654133, 0.0, 0.0, 0.0, 0.014151798654347658, 0.4937215708196163, 0.49387809867039323, 0.0, -0.0, 0.03453971445560455, 0.4861841142177582, 0.03254083916544914, 0.6214627814154292, 0.007990023121237755, 0.0]
[0.4642857142857143, 0.5, 0.3333333333333333, 0.42424242424242425, 0.6153846153846154, 0.5869565217391305, 0.0, 0.0, 0.37733642184255684, 0.37732053486840444, 0.4602608795831582, 0.5357298754204705, 0.027277754353625436, 0.027277754353625436, 0.9594823084771633, 0.0, 0.0, 0.0, 0.012502019573003053, 0.49475389206781983, 0.49489510292187333, 0.0, -0.0, 0.031866032630205154, 0.4872535869479179, 0.029875516891479492, 0.6235071652850439, 0.007356847170740366, 0.0]
[0.4642857142857143, 0.5, 0.3333333333333333, 0.42424242424242425, 0.6153846153846154, 0.5869565217391305, 0.0, 0.0, 0.37599698125062436, 0.3759810031030192, 0.46187438187590063, 0.5340388272569416, 0.026131117982523783, 0.026131117982523783, 0.9599080067127943, 0.0, 0.0, 0.0, 0.011997224949300288, 0.49519829684868455, 0.4953426499851048, 0.0, -0.0, 0.0303936954587698, 0.48784252181649207, 0.028428057208657265, 0.6243239031281582, 0.007232080679386854, 0.0]
[0.4642857142857143, 0.5, 0.3333333333333333, 0.42424242424242425, 0.6153846153846154, 0.5869565217391305, 0.0, 0.0, 0.37841966503208957, 0.37840386923139, 0.46232173296963053, 0.5335418094247928, 0.024319325706788474, 0.024319325706788474, 0.9621615037322044, 0.0, 0.0, 0.0, 0.011274124821648001, 0.4957502530887723, 0.4958855933509767, 0.0, -0.0, 0.02807755395770073, 0.4887689784169197, 0.0, 0.6976744186046512, 0.0070150429382920265, 0.0]
[0.4642857142857143, 0.5, 0.3333333333333333, 0.42424242424242425, 0.6153846153846154, 0.5869565217391305, 0.0, 0.0, 0.37684904275387243, 0.37683308739963045, 0.4639206873983088, 0.5319271631901346, 0.02286904092345919, 0.02286904092345919, 0.9638353381305933, 0.0, 0.0, 0.0, 0.010794806154444813, 0.4960974552668631, 0.49622778524644673, 0.0, -0.0, 0.026645969599485397, 0.48934161216020583, 0.0, 0.6976744186046512, 0.00689659221097827, 0.0]
[0.4642857142857143, 0.5, 0.3333333333333333, 0.42424242424242425, 0.6153846153846154, 0.5869565217391305, 0.0, 0.0, 0.37615321835869814, 0.37613725160777456, 0.46462206482659335, 0.531232347401282, 0.02247697939830167, 0.02247697939830167, 0.9641626477241516, 0.0, 0.0, 0.0, 0.01062462255358696, 0.49620497738942504, 0.4963342803530395, 0.0, -0.0, 0.026023557409644127, 0.48959057703614234, 0.0, 0.6976744186046512, 0.006880541797727346, 0.0]
[0.4642857142857143, 0.5, 0.3333333333333333, 0.42424242424242425, 0.6153846153846154, 0.5869565217391305, 0.0, 0.0, 0.37572984303388723, 0.37571391047300845, 0.4613035334911675, 0.5347106730340265, 0.02058616706303188, 0.02058616706303188, 0.966708367690444, 0.0, 0.0, 0.0, 0.009806149918586015, 0.4965455087367445, 0.49665461177937686, 0.0, -0.0, 0.0, 0.5, 0.0, 0.6976744186046512, 0.00652463361620903, 0.0]

程序已被终止，正在关闭套接字...
套接字已关闭。
