[-0.04548457  0.00702184  0.01727432]
[-0.04631294  0.00541912  0.01833045]
[-0.0473618   0.00352827  0.01926259]
[-0.04730003  0.00379112  0.01964796]
[-0.04303622  0.00596244  0.02098979]
[-0.0384929   0.00621094  0.01719014]
[-0.03686784  0.00575627  0.01474397]
[-0.03530836  0.00536396  0.01220808]
[-0.03279883  0.00464126  0.00997637]
[-0.02938031  0.00399279  0.00827035]
[-0.02444207  0.0026362   0.00619482]
[-0.02307194  0.00240551  0.00549856]
[-0.02236156  0.00231524  0.0051824 ]
[-0.02054285  0.00368648  0.0057251 ]
[-0.02083298  0.00463596  0.00629187]
[-0.02840341  0.00517234  0.00420337]
[-0.03136457  0.00510466  0.00524765]
[-0.02351333  0.00768633  0.00430872]
[-0.0249114   0.00875398  0.00032022]
[-0.01671838  0.0151279  -0.00672731]
[-0.01125176  0.01667612 -0.00660362]
[-0.00618149  0.01793122 -0.0066967 ]
[-0.00063699  0.01945005 -0.00844622]
[ 0.01335738  0.02511677 -0.01648347]
[ 0.02648324  0.02848621 -0.01834441]
[ 0.03401524  0.02983937 -0.01738887]
[ 0.04076414  0.03042438 -0.01526096]
[ 0.04907428  0.03203974 -0.01073396]
[0.08238035 0.03915595 0.0068185 ]
[0.08351419 0.03969878 0.01044359]
[0.0848098  0.04063262 0.01367244]
[0.08804113 0.0427951  0.01825927]
[0.08892231 0.04358604 0.02029801]
[0.08973241 0.0437376  0.02188678]
[0.09001893 0.04365474 0.02286227]
[0.09147387 0.04337491 0.02396078]
[0.09514775 0.05602332 0.03392558]
[0.09504319 0.05861945 0.03730217]
[0.09489573 0.06101191 0.03979127]
[0.094499   0.07691336 0.04480023]
[0.09631873 0.08146648 0.04812269]
[0.09764167 0.08612686 0.051817  ]
[0.09944241 0.09884258 0.06422469]
[0.09921563 0.10634159 0.07333296]
[0.09952275 0.1098379  0.07743516]
[0.09966933 0.11336991 0.08043478]
[0.09968334 0.11923111 0.08405743]
[0.09951184 0.12157078 0.0858476 ]
[0.09975632 0.12329973 0.08817918]
[0.10116545 0.12557842 0.09560838]
[0.10116545 0.12557842 0.09560838]
[0.10126445 0.12573531 0.09739991]
[0.10134641 0.12582113 0.09898529]
[0.10154904 0.12580475 0.10049439]
[0.10119379 0.12561016 0.10292023]
[0.10075594 0.12517868 0.10340807]
[0.09936965 0.12277246 0.10236095]
[0.09853687 0.1210988  0.10122703]
[0.09625482 0.11817528 0.09741841]
[0.09496041 0.11220193 0.08973397]
[0.09438199 0.10841369 0.08516754]
[0.09318559 0.08484057 0.04347108]
[0.09233508 0.07197284 0.02403247]
[0.09140778 0.06548297 0.01518541]
[0.08934603 0.05959791 0.00576467]
[ 0.08532444  0.04867144 -0.01135759]
[ 0.08279575  0.03821775 -0.02684472]
[ 0.08245627  0.03310748 -0.03315455]
[ 0.08215713  0.028206   -0.03909672]
[ 0.08067915  0.01321867 -0.05300698]
[ 0.08007385  0.00863303 -0.05570231]
[ 0.07941029  0.00463256 -0.05804125]
[ 0.07894029 -0.01125984 -0.06420489]
[ 0.07977807 -0.01476021 -0.06563959]
[ 0.08025799 -0.01804718 -0.06683729]
[ 0.08497483 -0.03142459 -0.07081646]
[ 0.08579867 -0.03368779 -0.07083309]
[ 0.08615073 -0.03592356 -0.07060613]
[ 0.08625241 -0.03832177 -0.07022881]
[ 0.08760197 -0.0423157  -0.06901854]
[ 0.08846319 -0.04586101 -0.06735633]
[ 0.09633707 -0.05038579 -0.06022162]
[ 0.09871092 -0.04988499 -0.0579365 ]
[ 0.10746441 -0.04193088 -0.04025839]
[ 0.10851455 -0.03995834 -0.03661623]
[ 0.10943711 -0.03782478 -0.03267914]
[ 0.11095134 -0.03247344 -0.02217202]
[ 0.11092735 -0.0304863  -0.01932519]
[ 0.11075137 -0.0285513  -0.01615706]
[ 0.11082468 -0.02622974 -0.01293432]
[ 0.11117504 -0.01977693 -0.005687  ]
[ 0.11145136 -0.01586821 -0.00225115]
[0.10549915 0.0097401  0.02400523]
[0.10403184 0.01271657 0.02773424]
[0.1012089  0.01805739 0.03354532]
[0.09590252 0.03086562 0.04244763]
[0.08322499 0.04798013 0.05577284]
[0.07958837 0.05200905 0.05829144]
[0.075885   0.05650881 0.06103643]
[0.0701774  0.06598333 0.06777874]
[0.06316792 0.07575694 0.07811817]
[0.05172276 0.10059699 0.10143961]
[0.04599645 0.10917544 0.11088824]
[0.04279923 0.11328556 0.11766386]
[0.03768121 0.12704617 0.14549728]
[0.03596484 0.13203953 0.15792471]
[0.03572186 0.13583788 0.16937129]
[0.03370514 0.14262611 0.21996723]
[0.02510447 0.14525037 0.24403995]
[0.02080487 0.1468655  0.25391293]
[0.01032396 0.15176584 0.27037388]
[0.0109987  0.15219139 0.26878303]
[0.01158397 0.15230235 0.26706848]
[0.01214515 0.15216397 0.26503396]
[0.01223103 0.15178245 0.26147699]
[0.01182111 0.15064374 0.25720295]
[0.01245152 0.14805777 0.22816594]
[0.01247983 0.14764702 0.22453788]
[0.01421214 0.14607777 0.22039631]
[0.01638532 0.14426562 0.21450722]
[0.01829956 0.14202113 0.20662461]
[0.02008561 0.1394095  0.18797296]
[0.02063078 0.13729973 0.17649634]
[0.02522638 0.13159375 0.15245298]
[0.0284327  0.12752764 0.13694544]
[0.03087237 0.12380221 0.12325875]
[0.02884721 0.09818473 0.04031692]
[0.0269475  0.09402826 0.03212779]
[0.02460881 0.08929369 0.02443086]
[0.01396089 0.07327993 0.00370559]
[ 0.01196097  0.06972218 -0.00056451]
[ 0.00975492  0.06596554 -0.00728521]
[ 0.00717235  0.06301329 -0.01525067]
[ 0.00286182  0.05283025 -0.03965402]
[ 0.00314181  0.05080799 -0.0435423 ]
[ 0.0038941   0.04854392 -0.04775764]
[ 0.00435243  0.04810735 -0.04873084]
[ 0.00489259  0.0484077  -0.04680603]
[ 0.00597716  0.04944831 -0.04234156]
[ 0.00576273  0.05256139 -0.02644312]
[ 0.00650038  0.056109   -0.01505054]
[ 0.00646613  0.05997685 -0.00334815]
[0.00655062 0.06448538 0.00744614]
[-0.00181887  0.0931151   0.08441447]
[-0.00411739  0.09878513  0.09667786]
[-0.00360876  0.11544404  0.12059876]
[-0.00280812  0.12614715  0.13137954]
[-0.00236685  0.13530833  0.13651091]
[-0.00250627  0.13893493  0.13732848]
[-0.00248932  0.14227599  0.13765714]
[-0.00252231  0.14558886  0.13773257]
[-0.01180852  0.16545238  0.14704461]
[-0.01426441  0.16732414  0.1572236 ]
[-0.01421993  0.16755973  0.170333  ]
[-0.01055937  0.17119516  0.21011482]
[-0.01346075  0.1730786   0.21943836]
[-0.01683953  0.17533873  0.22615792]
[-0.02812021  0.17910221  0.23610604]
[-0.04648915  0.18197353  0.24139491]
[-0.05691515  0.18226838  0.2385467 ]
[-0.06701807  0.18051796  0.23202962]
[-0.09766286  0.16993695  0.19738896]
[-0.10306963  0.16824563  0.18803386]
[-0.11003142  0.16743319  0.17754573]
[-0.11820465  0.16532892  0.16691318]
[-0.14217     0.15237813  0.14041564]
[-0.1592887   0.11607239  0.085517  ]
[-0.16097992  0.11025541  0.07790328]
[-0.16162625  0.1045203   0.06924228]
[-0.16315384  0.08551621  0.03435598]
[-0.16393036  0.0813302   0.02585228]
[-0.16567227  0.07306725  0.00869478]
[-0.17260524  0.06346375 -0.00830167]
[-0.17382137  0.0611621  -0.01206239]
[-0.16918123  0.05705006 -0.02456089]
[-0.1648536   0.06021374 -0.02044586]
[-0.16617119  0.06624757 -0.00843503]
[-0.16899191  0.0708108  -0.00282913]
[-0.16878943  0.07281515  0.00024625]
[-0.16832514  0.07499816  0.00399621]
[-0.16726336  0.07753941  0.00868349]
[-0.16638386  0.07970069  0.01338256]
[-0.15928559  0.09891755  0.07218129]
[-0.15861519  0.10230789  0.0957727 ]
[-0.15878445  0.10521971  0.10605254]
[-0.15845755  0.10831286  0.11552276]
[-0.15753829  0.11441983  0.12862967]
[-0.15719765  0.11644443  0.13241436]
[-0.15707198  0.11782575  0.13356538]
[-0.15778983  0.12057199  0.10115959]
[-0.15750833  0.12262061  0.079542  ]
[-0.1355679   0.11585131 -0.04936472]
[-0.12623774  0.10393009 -0.11787925]
[-0.12427155  0.10216444 -0.12528668]
[-0.12419755  0.10050507 -0.13194118]
[-0.12492919  0.09918725 -0.13759609]
[-0.12890155  0.09355532 -0.15078467]
[-0.12910104  0.09172112 -0.15384912]
[-0.12959809  0.09047993 -0.15561555]
[-0.13131829  0.08849622 -0.15595025]
[-0.13574745  0.08609667 -0.14987151]
[-0.13761074  0.0851897  -0.14395861]
[-0.12790017  0.10022245 -0.06462973]
[-0.12383795  0.10425265 -0.04440816]
[-0.12019286  0.10579847 -0.02524858]
[-0.11700199  0.10627245 -0.00888868]
[-0.10440057  0.11321332  0.07154322]
[-0.10299301  0.11540647  0.08015149]
[-0.103264    0.13100177  0.11312046]
[-0.10559083  0.13479486  0.12207121]
[-0.11068634  0.14110419  0.13821457]
[-0.11611844  0.14962853  0.16297358]
[-0.11740171  0.15139526  0.17138559]
[-0.11551934  0.15751332  0.20124969]
[-0.11551934  0.15751332  0.20124969]
[-0.1149169   0.15818281  0.20268959]
[-0.11330574  0.15772733  0.19886197]
[-0.11190576  0.1567893   0.19278473]
[-0.10841733  0.1563628   0.18487024]
[-0.09776494  0.15723333  0.16221213]
[-0.09106345  0.15746169  0.12927872]
[-0.09005584  0.15713742  0.1104244 ]
[-0.09034616  0.1499103   0.06473918]
[-0.08462288  0.14046392  0.02136036]
[-0.08458186  0.13568361 -0.00048896]
[-0.08395101  0.13037091 -0.01817905]
[-0.08335249  0.12456682 -0.03569689]
[-0.09058624  0.09397917 -0.12312474]
[-0.08972397  0.08959033 -0.13092278]
[-0.08940782  0.08065552 -0.14487654]
[-0.09103215  0.06846085 -0.15937102]
[-0.09103215  0.06846085 -0.15937102]
[-0.0916202   0.0648329  -0.16305931]
[-0.09322656  0.06168573 -0.16561213]
[-0.10006758  0.04117265 -0.1465399 ]
[-0.09984698  0.0386117  -0.13698682]
[-0.09501298  0.03612275 -0.1038991 ]
[-0.09152019  0.0365807  -0.08947576]
[-0.08688851  0.0374911  -0.07196744]
[-0.0832775   0.04053163  0.00483036]
[-0.08182909  0.04053336  0.02063907]
[-0.08150209  0.04037173  0.03503218]
[-0.07843936  0.04002052  0.06138188]
[-0.07156455  0.04016571  0.09719595]
[-0.06846617  0.03740719  0.11832505]
[-0.06776754  0.03514308  0.12730932]
[-0.06786717  0.03335212  0.13749661]
[-0.06733293  0.03102995  0.14702584]
[-0.0677257   0.01688919  0.1812484 ]
[-0.06554578  0.013788    0.18108051]
[-0.06426864  0.01212811  0.17847675]
[-0.06339162  0.01088299  0.17391595]
[-0.06228449  0.00950339  0.16657111]
[-0.06454966  0.000776    0.07564923]
[-0.06697747 -0.00214458  0.05404798]
[-0.06464072 -0.02159699 -0.02150402]
[-0.07161076 -0.03586422 -0.05038074]
[-0.07161076 -0.03586422 -0.05038074]
[-0.07352156 -0.04029891 -0.05832914]
[-0.07631583 -0.04474704 -0.06678218]
[-0.08031946 -0.05254439 -0.08191533]
[-0.08273433 -0.0559585  -0.09025245]
[-0.08296502 -0.05885561 -0.09670063]
[-0.083846   -0.06165434 -0.10325366]
[-0.08539941 -0.06709789 -0.1132927 ]
[-0.08899983 -0.08148754 -0.13310729]
[-0.08830979 -0.08498029 -0.1332612 ]
[-0.08830979 -0.08498029 -0.1332612 ]
[-0.08807437 -0.08666314 -0.13232183]
[-0.08709064 -0.0885487  -0.12817721]
[-0.06579232 -0.0888302  -0.06716316]
[-0.0563595  -0.08697995 -0.0025219 ]
[-0.05363567 -0.08522668  0.01102994]
[-0.04983282 -0.08395429  0.02340042]
[-0.04717267 -0.08272228  0.03461539]
[-0.03875407 -0.07408208  0.06795014]
[-0.03227117 -0.06596111  0.10612033]
[-0.02954559 -0.06514339  0.11834443]
[-0.02631363 -0.06328111  0.13844725]
[-0.02585266 -0.06140624  0.14744389]
[-0.02772882 -0.05872511  0.15525348]
[-0.02734079 -0.05054049  0.17449041]
[-0.02663984 -0.04875606  0.17709218]
[-0.02649465 -0.0454426   0.1806199 ]
[-0.02708817 -0.04385716  0.18126494]
[-0.02897626 -0.04239659  0.18052895]
[-0.0298398  -0.04064926  0.17774606]
[-0.02983493 -0.03791889  0.17002203]
[-0.02381025 -0.04244173  0.13641025]
[-0.02288052 -0.04462545  0.11082397]
[-0.01981714 -0.05718822  0.03471594]
[-0.020703   -0.06367429  0.00884349]
[-0.02263477 -0.06711832 -0.00181233]
[-0.02311187 -0.07167847 -0.01233767]
[-0.02700403 -0.08047527 -0.03324744]
[-0.02997536 -0.08979902 -0.05051951]
[-0.04188047 -0.10697994 -0.07613063]
[-0.04410865 -0.11419239 -0.08702686]
[-0.04382181 -0.11757194 -0.09160034]
[-0.04278846 -0.12460297 -0.10311109]
[-0.04128669 -0.1285225  -0.10745439]
[-0.04045137 -0.12996629 -0.1078876 ]
[-0.03915595 -0.13092141 -0.10739927]
[-0.03649847 -0.13180134 -0.10507284]
[-0.0331527  -0.13366653 -0.09711348]
[-0.03325386 -0.13363217 -0.09112465]
[-0.03391011 -0.13293955 -0.08489557]
[-0.03338555 -0.13136169 -0.07780356]
[-0.03326045 -0.12941882 -0.06898017]
[-0.02917217 -0.12073269 -0.04166229]
[-0.01172339 -0.10873632  0.0124349 ]
[-0.00466385 -0.10496064  0.03400789]
[ 0.00114805 -0.09316201  0.06778544]
[-0.00111146 -0.09009145  0.06661498]
[-0.00511455 -0.08600136  0.06203484]
[-0.00757761 -0.08525919  0.05884864]
[-0.01307882 -0.08905527  0.0406079 ]
[-0.01591838 -0.09149447  0.0086672 ]
[-0.01362557 -0.09184817 -0.00458933]
[-0.01124852 -0.09227669 -0.01597354]
[-0.01268692 -0.09625754 -0.04679766]
[-0.0160329  -0.09967678 -0.06479783]
[-0.02428211 -0.10390538 -0.09577201]
[-0.02581207 -0.10600843 -0.10812722]
[-0.02805758 -0.10785806 -0.12164657]
[-0.02881215 -0.11028421 -0.1318171 ]
[-0.03006181 -0.11290779 -0.14276648]
[-0.03367747 -0.11827144 -0.16200016]
[-0.0367441  -0.12013088 -0.17053074]
[-0.04306926 -0.12660339 -0.19500875]
[-0.04296591 -0.13151398 -0.19733192]
[-0.04124833 -0.13178609 -0.1943873 ]
[-0.04037941 -0.13186419 -0.18803014]
[-0.03788869 -0.12802701 -0.13951667]
[-0.03562403 -0.12658297 -0.12763201]
[-0.03410284 -0.12542833 -0.11435293]
[-0.03342394 -0.1237012  -0.10243437]
[-0.02878425 -0.11615121 -0.07711991]
[-0.02689104 -0.11146632 -0.06550959]
[-0.01602925 -0.09037451  0.00350017]
[-0.01378084 -0.08701046  0.01540267]
[-0.00486944 -0.05969799  0.07330444]
[-0.00663073 -0.05374857  0.08210892]
[-0.00887003 -0.04787259  0.08952262]
[-0.00974582 -0.03277898  0.11400482]
[-0.00967122 -0.02768305  0.1229118 ]
[-0.0103815  -0.02238685  0.13066429]
[-0.01194752 -0.01629564  0.13834327]
[-0.01447942 -0.0054137   0.15201487]
[-0.01379543 -0.0007965   0.15754287]
[-0.01306973  0.00319414  0.16241387]
[-0.01267115  0.00688482  0.16541886]
[-0.01234     0.0105966   0.16718821]
[-0.01160095  0.02520284  0.15938158]
[-0.0111578   0.02728178  0.15567137]
[-0.01108433  0.02893038  0.14938961]
[-0.01069167  0.03374055  0.12952676]
[-0.01266381  0.03764953  0.10731406]
[-0.01361526  0.03899978  0.09581939]
[-0.01247465  0.0289901   0.0138746 ]
[-0.01362386  0.02676134  0.00029153]
[-0.01808248  0.02294882 -0.02392009]
[-0.01988162  0.02063897 -0.03401926]
[-0.0241997   0.01600833 -0.048271  ]
[-0.02585388  0.0134403  -0.05330972]
[-0.02835211  0.01027688 -0.05827039]
[-0.03474383  0.00249936 -0.06118978]
[-0.03348245  0.00230078 -0.04878237]
[-0.03320164  0.0024402  -0.03962353]
[-0.03231821  0.00474664 -0.02812784]
[-0.0299589   0.01166101 -0.00148566]
[-0.02530498  0.01552041  0.0125405 ]
[-0.0201134   0.0180539   0.02686581]
[-0.01047965  0.03186789  0.08536047]
[-0.00980195  0.04147442  0.11365287]
[-0.00998592  0.04647158  0.12642771]
[-0.01137187  0.05097851  0.13721855]
[-0.01422554  0.06330671  0.16802113]
[-0.01719701  0.06973492  0.18604445]
[-0.01679594  0.07226118  0.19439346]
[-0.01710857  0.07442705  0.20285079]
[-0.01719494  0.07852615  0.21679351]
[-0.01804663  0.08001785  0.22209501]
[-0.02381567  0.08477498  0.23519237]
[-0.02256113  0.08553673  0.23414227]
[-0.02096429  0.08607667  0.2316696 ]
[-0.01944316  0.08606742  0.22812676]
[-0.0146055   0.08474856  0.22094092]
[-0.01255169  0.08409904  0.21737912]
[-0.01082372  0.08329587  0.21398489]
[-0.00950699  0.08252495  0.20981179]
[-0.0081097   0.0809861   0.20442554]
[-0.00725352  0.0795419   0.19839583]
[-0.00631678  0.07676654  0.18407142]
[-0.00662881  0.0755551   0.17715061]
[-0.00926017  0.07246868  0.14391424]
[-0.01249542  0.05218242  0.09142152]
[-0.01363886  0.04892996  0.08216941]
[-0.02815325  0.03087333  0.0280232 ]
[-0.02446439  0.02678996  0.01354974]
[-0.02153433  0.02207418 -0.00013629]
[-0.0191292   0.01248014 -0.02646867]
[-0.01966862  0.00377917 -0.04608143]
[-0.0203483  -0.0003208  -0.05388349]
[-0.02159474 -0.00494827 -0.06172905]
[-0.02835772 -0.02177292 -0.0893077 ]
[-0.02976569 -0.03083112 -0.10167687]
[-0.03026749 -0.03836994 -0.1123272 ]
[-0.03046196 -0.0414688  -0.11643008]
[-0.02667254 -0.07131051 -0.13740449]
[-0.02617311 -0.07471969 -0.13923636]
[-0.02310576 -0.09208398 -0.15074819]
[-0.02310576 -0.09208398 -0.15074819]
[-0.0212499  -0.09465108 -0.15227808]
[-0.01762966 -0.09688609 -0.15328687]
[-0.00621919 -0.1016224  -0.15554519]
[-0.0030606  -0.102938   -0.15621655]
[ 0.01922212 -0.10781777 -0.15815116]
[ 0.02338468 -0.10872141 -0.15821241]
[ 0.02657176 -0.10952654 -0.15867166]
[ 0.02988686 -0.11007413 -0.15915337]
[ 0.03386218 -0.11011648 -0.15936287]
[ 0.04098642 -0.10948534 -0.15866095]
[ 0.04319148 -0.10926336 -0.15830016]
[ 0.04686782 -0.10978197 -0.15725954]
[ 0.04912407 -0.11007618 -0.15678149]
[ 0.05197046 -0.11057795 -0.15678968]
[ 0.07412533 -0.11650909 -0.15969187]
[ 0.07628188 -0.117427   -0.15901916]
[ 0.08597167 -0.11807804 -0.15230121]
[ 0.08734945 -0.11803105 -0.15183192]
[ 0.09359058 -0.11651617 -0.15174641]
[ 0.09504538 -0.11562315 -0.14996445]
[ 0.09520059 -0.11434352 -0.14674887]
[ 0.09564554 -0.11167199 -0.14116918]
[ 0.09614163 -0.10830256 -0.13493253]
[ 0.09579275 -0.1063179  -0.13069662]
[ 0.09471202 -0.10420503 -0.1254295 ]
[ 0.09321404 -0.10195327 -0.11950802]
[ 0.08875083 -0.09162277 -0.09904668]
[ 0.0875925  -0.08733257 -0.09192419]
[ 0.08591247 -0.07551607 -0.07912539]
[ 0.08507659 -0.06782768 -0.07331966]
[ 0.08400408 -0.05911764 -0.06782148]
[ 0.08397416 -0.04014937 -0.05969864]
[ 0.07746283  0.01054524 -0.02618068]
[ 0.07802258  0.03465646 -0.00620395]
[ 0.07802258  0.03465646 -0.00620395]
[0.07867449 0.04136442 0.00289923]
[0.0790985  0.04792638 0.01452169]
[0.0741497  0.0916454  0.08339681]
[0.07107145 0.13202398 0.1321004 ]
[0.07250834 0.1439967  0.14168598]
[0.07096223 0.18951221 0.17636827]
[0.06977195 0.19970213 0.18539983]
[0.065505   0.24627203 0.23179831]
[0.06610853 0.2547631  0.24028623]
[0.0662987  0.2632657  0.24771489]
[0.06700859 0.27286679 0.25374728]
[0.06500817 0.29204005 0.26478791]
[0.0639003  0.2996645  0.26882476]
[0.06203567 0.30555385 0.27259159]
[0.06017657 0.31815621 0.27845716]
[0.06072546 0.32030684 0.27897179]
[0.06120995 0.3232252  0.27933967]
[0.05950229 0.33090901 0.26898202]
[0.05909144 0.32869396 0.26641935]
[0.05907113 0.32632178 0.26385748]
[0.05849916 0.32371509 0.26115388]
[0.05536683 0.3205252  0.25507492]
[0.05349121 0.31925973 0.25239292]
[0.0485527  0.30271292 0.22953621]
[0.04800545 0.29957387 0.22488149]
[0.03758921 0.28268835 0.20472847]
[0.03575618 0.27902243 0.20129423]
[0.02580353 0.26228273 0.1874668 ]
[0.02447327 0.25747502 0.18566826]
[0.02357288 0.25308973 0.18417007]
[0.01921258 0.24421431 0.17888403]
[0.01657898 0.23969993 0.1735816 ]
[0.01210595 0.23003605 0.16179757]
[0.00898779 0.22498387 0.1585564 ]
[0.00126121 0.2172152  0.15349941]
[-0.00281768  0.21333492  0.15084188]
[-0.00557479  0.20955899  0.14638983]
[-0.00825704  0.20526756  0.14160416]
[-0.0119716   0.19609223  0.13297372]
[-0.01370201  0.19194566  0.12969017]
[-0.01565243  0.1880282   0.12649661]
[-0.01993891  0.18098807  0.12059328]
[-0.02231667  0.17812765  0.1177342 ]
[-0.02442963  0.17457473  0.11485658]
[-0.03018133  0.15886416  0.10192729]
[-0.03189068  0.15142976  0.09878679]
[-0.03228263  0.14737973  0.09781467]
[-0.03231     0.14329059  0.09605406]
[-0.03279479  0.13531439  0.09299434]
[-0.03259806  0.13183928  0.09074536]
[-0.03318846  0.12873141  0.08833344]
[-0.0398098   0.1167614   0.08249599]
[-0.04505136  0.110905    0.07616659]
[-0.04642339  0.10764405  0.07090886]
[-0.04748318  0.10398897  0.06642469]
[-0.04647639  0.09741985  0.05629396]
[-0.04207907  0.09112915  0.04712511]
[-0.03938888  0.0882085   0.0436079 ]
[-0.03710669  0.08517644  0.04059007]
[-0.03212677  0.07668934  0.03446503]
[-0.03084406  0.07089705  0.02782867]
[-0.03011042  0.06827424  0.02423445]
[-0.0274857   0.06243449  0.01730395]
[-0.0254474   0.05980541  0.01461949]
[-0.02478045  0.05712002  0.01257452]
[-0.0246255   0.05374363  0.01078108]
[-0.02491432  0.0507991   0.00883209]
[-0.02468572  0.04368813  0.00370301]
[-0.02395288  0.03980142  0.00108744]
[-0.02195133  0.03658459 -0.00078247]
[-0.01967261  0.0337919  -0.00216731]
[-0.01796305  0.03188831 -0.00294397]
[-0.01608571  0.03065374 -0.00266423]
[-0.01482939  0.0265281  -0.00342925]
[-0.01402829  0.02322848 -0.0055222 ]
[-0.0130764   0.0192245  -0.00884463]
[-0.01205412  0.01560079 -0.01194941]
[-0.01168736  0.00955367 -0.01689854]
[-0.0126274   0.00706787 -0.01857417]
[-0.0136886   0.00479877 -0.02022909]
[-0.01446442  0.00264477 -0.02184944]
[-0.01573364 -0.00199639 -0.02580368]
[-0.01612885 -0.00398317 -0.0279786 ]
[-0.01614144 -0.00607795 -0.0302418 ]
[-0.01605863 -0.00823658 -0.03231517]
[-0.01587626 -0.01012576 -0.03438281]
[-0.01619589 -0.01233531 -0.03648411]
[-0.01746414 -0.01502161 -0.03883897]
[-0.02106906 -0.02039644 -0.04302438]
[-0.02318237 -0.02278741 -0.04441255]
[-0.02499142 -0.02460338 -0.04578656]
[-0.02705207 -0.02749451 -0.04833786]
[-0.02863014 -0.03108875 -0.0503411 ]
[-0.02966949 -0.03288956 -0.05073336]
[-0.0327525  -0.0367461  -0.05263627]
[-0.03487708 -0.03872601 -0.05378757]
[-0.03807123 -0.04289724 -0.05707346]
[-0.03884588 -0.045057   -0.05891957]
[-0.03910981 -0.04741151 -0.06174596]
[-0.04088079 -0.05161446 -0.06678514]
[-0.04128823 -0.05357828 -0.06936483]
[-0.04198866 -0.05553151 -0.07144803]
[-0.04199045 -0.05705675 -0.07315648]
[-0.04171847 -0.05991286 -0.0760861 ]
[-0.04098935 -0.06096115 -0.07720988]
[-0.03912003 -0.06227256 -0.07891319]
[-0.03334422 -0.06356632 -0.08148149]
[-0.0304014  -0.06353337 -0.08200997]
[-0.02677485 -0.06343193 -0.08183941]
[-0.02558335 -0.06365509 -0.08182567]
[-0.02402061 -0.06528568 -0.08160147]
[-0.02282227 -0.06731965 -0.08141361]
[-0.02166259 -0.06846985 -0.08151107]
[-0.01756915 -0.07428139 -0.08447989]
[-0.01670262 -0.0770165  -0.08625902]
[-0.01312464 -0.08404379 -0.09204422]
[-0.00913418 -0.08790984 -0.09660186]
[ 0.00026335 -0.09358811 -0.11117227]
[ 0.00671481 -0.09944475 -0.13175635]
[ 0.00671481 -0.09944475 -0.13175635]
[ 0.00737998 -0.10225374 -0.14143036]
[ 0.00703635 -0.10549601 -0.15123604]
[ 0.00684542 -0.11081419 -0.16929947]
[ 0.00679385 -0.11308125 -0.17681733]
[ 0.00777862 -0.11541398 -0.18334408]
[ 0.00852247 -0.11770526 -0.18897966]
[ 0.0077125  -0.12224022 -0.19629513]
[ 0.00675116 -0.12474488 -0.1986635 ]
[ 0.00576521 -0.12715377 -0.20034648]
[ 0.00540524 -0.12919928 -0.20141126]
[ 0.00552153 -0.13067834 -0.2023593 ]
[ 0.00367644 -0.13172063 -0.20187297]
[ 0.00367644 -0.13172063 -0.20187297]
[ 0.00267937 -0.13173278 -0.20039903]
[ 0.00236613 -0.13200819 -0.19766796]
[ 0.00178996 -0.13194226 -0.1892477 ]
[-0.00077536 -0.13124858 -0.17782089]
[-0.00377507 -0.1307123  -0.17074032]
[-0.00571727 -0.13031079 -0.16264427]
[-0.00690196 -0.13048506 -0.15402706]
[-0.00793772 -0.12754822 -0.12588917]
[-0.00897402 -0.12568024 -0.11777965]
[-0.00864133 -0.12342891 -0.11099473]
[-0.00693632 -0.11759402 -0.09832619]
[-0.00520115 -0.11497439 -0.09189244]
[-0.00476497 -0.11102727 -0.07233882]
[-0.00486692 -0.11035673 -0.06610762]
[-0.00429189 -0.10937455 -0.06014394]
[-0.0040251  -0.10767732 -0.05290148]
[-0.00465091 -0.10309178 -0.03874505]
[-0.00480396 -0.09485622 -0.02038747]
[-0.00480396 -0.09485622 -0.02038747]
[-0.00453449 -0.09215353 -0.0149634 ]
[-0.00328367 -0.08698831 -0.00455603]
[-0.00083449 -0.0801302   0.00580162]
[ 0.00291734 -0.07249056  0.01561069]
[ 0.0053714  -0.06951283  0.01956818]
[ 0.00817977 -0.06516513  0.02403074]
[ 0.01340323 -0.04969402  0.04346494]
[ 0.01340323 -0.04969402  0.04346494]
[ 0.01435316 -0.04517065  0.05130172]
[ 0.01532655 -0.04029011  0.0593842 ]
[ 0.01514888 -0.03413706  0.06744083]
[ 0.01252309 -0.01619245  0.0871655 ]
[ 0.01194713 -0.01178669  0.09260752]
[ 0.01164649 -0.00302538  0.10180203]
[0.01124767 0.00134335 0.10516062]
[0.00980387 0.00545478 0.10676229]
[0.00910779 0.00898172 0.10731061]
[0.00807088 0.01181702 0.10622571]
[0.00717502 0.01400342 0.10470237]
[0.00505457 0.01722006 0.1012748 ]
[0.004699   0.01816186 0.10013296]
[0.00475075 0.01940568 0.09388388]
[0.00454242 0.01995544 0.08984438]
[0.00300216 0.02131269 0.08025893]
[0.00250884 0.0223378  0.07559821]
[0.00186715 0.02322006 0.07088552]
[0.0008007  0.02393386 0.06655814]
[0.00015315 0.02638551 0.05574499]
[0.00104674 0.02748314 0.05320232]
[0.00187734 0.0285765  0.0507922 ]
[0.00264434 0.02913879 0.04894725]
[0.0033027  0.03018365 0.04624812]
[0.00430243 0.0307094  0.0458404 ]
[0.00616839 0.0346108  0.04766041]
[0.00644874 0.03740806 0.04841421]
[0.00165065 0.04646249 0.05173811]
[0.00165065 0.04646249 0.05173811]
[0.00060222 0.04936711 0.05714757]
[0.00107135 0.05276756 0.0644093 ]
[0.00257582 0.06049862 0.07964015]
[0.00356268 0.06446838 0.08814874]
[0.00370297 0.06930549 0.09661262]
[0.00349981 0.07348309 0.1051541 ]
[0.00375005 0.07797202 0.11382592]
[0.00305428 0.08284025 0.12261157]
[0.00301184 0.08691762 0.13018493]
[0.00116438 0.09939901 0.14942223]
[0.00086168 0.10348006 0.15411304]
[0.00023009 0.10751124 0.15886289]
[0.00047623 0.1142264  0.1667424 ]
[0.00049459 0.11722226 0.17076644]
[0.00065576 0.11966353 0.17417172]
[0.00054438 0.12189777 0.17742035]
[0.00053421 0.12346429 0.17954566]
[0.00134299 0.1251277  0.18054436]
[0.00120974 0.1256059  0.17889009]
[-0.00027753  0.1249831   0.17102069]
[-0.00048337  0.12338851  0.16432288]
[0.00055127 0.12083047 0.15571442]
[0.00151486 0.11728387 0.14668573]
[0.001724   0.11478638 0.13781187]
[0.00306383 0.10811092 0.11689974]
[0.00707903 0.1010632  0.09832767]
[0.00818426 0.09415029 0.07705986]
[0.00644573 0.08699151 0.03934404]
[0.00644573 0.08699151 0.03934404]
[0.00500756 0.08529146 0.02858266]
[0.00225916 0.08138832 0.00061448]
[ 0.00190339  0.08035028 -0.0065714 ]
[ 0.00076084  0.07839111 -0.02113354]
[ 0.0006013   0.07748943 -0.02560212]
[ 0.00185381  0.07481177 -0.03461687]
[ 0.00185381  0.07481177 -0.03461687]
[ 0.00291844  0.07427762 -0.03586835]
[ 0.00377089  0.07359449 -0.0369555 ]
[ 0.00435873  0.07324179 -0.03709867]
[ 0.00441553  0.07293087 -0.03768968]
[ 0.00464245  0.07211437 -0.03854691]
[ 0.00453857  0.07124282 -0.03951474]
[ 0.0037879   0.06931599 -0.0401659 ]
[ 0.00341367  0.06860906 -0.03999532]
[ 0.00371093  0.06826475 -0.03978077]
[ 0.00388638  0.06823182 -0.03965328]
[ 0.00448211  0.06826817 -0.03923106]
[ 0.00627491  0.06893638 -0.03691876]
[ 0.00731062  0.06925846 -0.03445526]
[ 0.00749124  0.06978979 -0.03134931]
[ 0.00729569  0.07004741 -0.0269349 ]
[ 0.00903512  0.07119281 -0.01607734]
[ 0.00968607  0.07302931 -0.00842124]
[ 0.00986675  0.07550707 -0.000681  ]
[0.01056471 0.07756551 0.00702224]
[0.01161926 0.07944261 0.01500784]
[0.01197041 0.08164227 0.02402032]
[0.01297159 0.08669181 0.04634967]
[0.01380922 0.08956369 0.0583348 ]
[0.0163354  0.09274843 0.07146232]
[0.01806003 0.0969585  0.08439589]
[0.01925986 0.10552176 0.11264034]
[0.01911638 0.10961586 0.12671782]
[0.01941595 0.11330908 0.13930123]
[0.01837001 0.11664558 0.15164746]
[0.01729788 0.12313057 0.17185283]
[0.01650815 0.12934244 0.18513864]
[0.01720545 0.13255106 0.1897746 ]
[0.01891319 0.13564812 0.19429111]
[0.02086364 0.14123884 0.20026833]
[0.02064464 0.1440219  0.20333566]
[0.01978784 0.14667864 0.20581543]
[0.01919932 0.14950709 0.20888741]
[0.01777188 0.15209483 0.21079284]
[0.01505262 0.15695636 0.2127986 ]
[0.01353025 0.16077952 0.21178171]
[0.01336648 0.16290319 0.20581569]
[0.01428511 0.16266167 0.19734141]
[0.01564648 0.16211686 0.19380657]
[0.02059724 0.159641   0.18700844]
[0.02525518 0.1546225  0.17775102]
[0.02768978 0.15105416 0.1715368 ]
[0.03072489 0.14761381 0.16325192]
[0.03152079 0.14514682 0.15478203]
[0.03087378 0.14120606 0.13835847]
[0.02867614 0.13571975 0.12164391]
[0.03294102 0.13146564 0.1098813 ]
[0.0379428  0.1268605  0.10008684]
[0.04587991 0.10604934 0.06191402]
[0.04587991 0.10604934 0.06191402]
[0.0466805  0.09745183 0.04406425]
[0.04704618 0.08979603 0.0271002 ]
[0.04780523 0.08298615 0.00944118]
[ 0.04573708  0.06381218 -0.0276965 ]
[ 0.04067581  0.04226665 -0.05784369]
[ 0.03784893  0.03248217 -0.0708522 ]
[ 0.03614119  0.02383177 -0.08220941]
[ 0.03478906  0.00956799 -0.09832774]
[ 0.03345132  0.00355704 -0.10482157]
[ 0.03232298 -0.00207127 -0.10985956]
[ 0.03095276 -0.00712729 -0.11363128]
[ 0.02964073 -0.01685664 -0.11809955]
[ 0.03120064 -0.02723194 -0.12215129]
[ 0.03229787 -0.03202955 -0.12387457]
[ 0.03320611 -0.04126947 -0.12571925]
[ 0.03237388 -0.04922478 -0.12576634]
[ 0.03224654 -0.0527823  -0.12605974]
[ 0.03215904 -0.05579069 -0.12595645]
[ 0.03138197 -0.05839681 -0.12577111]
[ 0.0289646  -0.06186315 -0.12626697]
[ 0.02822139 -0.06466833 -0.12915017]
[ 0.02866848 -0.06619354 -0.13055921]
[ 0.02987609 -0.06875913 -0.1331131 ]
[ 0.03038644 -0.0696872  -0.13419218]
[ 0.03048714 -0.07156834 -0.13603979]
[ 0.03013857 -0.07267886 -0.13669133]
[ 0.02903733 -0.07362773 -0.13767022]
[ 0.02840835 -0.07365634 -0.13783626]
[ 0.02570224 -0.07384346 -0.1367792 ]
[ 0.02468169 -0.07451086 -0.1364051 ]
[ 0.02316924 -0.07632242 -0.13661513]
[ 0.02213987 -0.0770326  -0.13631262]
[ 0.01903964 -0.07775214 -0.13238321]
[ 0.01703072 -0.07756999 -0.12463345]
[ 0.01685189 -0.07697678 -0.12026671]
[ 0.0164878  -0.07655127 -0.1160003 ]
[ 0.01684954 -0.07534328 -0.10846967]
[ 0.02100587 -0.07317848 -0.10022078]
[ 0.02310898 -0.07181702 -0.09570665]
[ 0.02465724 -0.06981048 -0.0907608 ]
[ 0.0263632 -0.0680451 -0.084856 ]
[ 0.02710657 -0.06666578 -0.07890584]
[ 0.03482992 -0.06324048 -0.06104608]
[ 0.03649518 -0.06081886 -0.05111415]
[ 0.03945833 -0.05927118 -0.04147764]
[ 0.04024917 -0.05778338 -0.03121203]
[ 0.03875818 -0.05511796 -0.00424865]
[ 0.03894282 -0.05250388  0.00915376]
[ 0.04093443 -0.049895    0.02281804]
[ 0.04703357 -0.04539242  0.05053549]
[ 0.04861121 -0.03887824  0.07518657]
[ 0.04831373 -0.03513065  0.08452731]
[ 0.04858705 -0.03143638  0.0922957 ]
[ 0.04915597 -0.02837392  0.09854043]
[ 0.05255032 -0.0228507   0.10786142]
[ 0.05245828 -0.01929278  0.1114113 ]
[ 0.05275247 -0.0153412   0.11411717]
[ 0.05168494 -0.01097227  0.11578445]
[ 0.04983067 -0.00656464  0.11725792]
[ 0.04822979 -0.00202536  0.11820503]
[0.04386786 0.00718541 0.11864749]
[0.04229877 0.0110162  0.1177202 ]
[0.04030434 0.01425735 0.11568017]
[0.03901958 0.01734067 0.11257216]
[0.0361926  0.02376243 0.10260177]
[0.03539657 0.02642264 0.09685569]
[0.03350092 0.02878148 0.08989995]
[0.03189284 0.03017907 0.0824481 ]
[0.03174917 0.03144213 0.07390547]
[0.03125002 0.0319325  0.0477249 ]
[0.03098021 0.03159634 0.03298764]
[0.03059887 0.03190994 0.01753022]
[ 0.02809261  0.03533046 -0.00749513]
[ 0.02658913  0.03758568 -0.01796468]
[ 0.02527604  0.03937454 -0.02670712]
[ 0.02377821  0.04033942 -0.03309609]
[ 0.02309831  0.04074118 -0.03919669]
[ 0.02215861  0.04044148 -0.04339329]
[ 0.01880992  0.03939426 -0.05329894]
[ 0.01648552  0.03884021 -0.06378168]
[ 0.01683391  0.03983169 -0.06701725]
[ 0.01908704  0.04138424 -0.06872845]
[ 0.02464726  0.04541741 -0.06778375]
[ 0.0267621   0.04716146 -0.06570514]
[ 0.0288623   0.04831696 -0.06192026]
[ 0.03225341  0.05119347 -0.05043332]
[ 0.03245135  0.05723717 -0.03636395]
[ 0.03361406  0.06188324 -0.02841687]
[ 0.03898194  0.06990813 -0.00956796]
[ 4.17590201e-02  7.25968555e-02 -2.99206004e-05]
[0.04348887 0.07442047 0.00937179]
[0.04444634 0.07633942 0.01856519]
[0.04523521 0.0787263  0.02886341]
[0.05003261 0.085593   0.05537712]
[0.0522887  0.09511491 0.08276173]
[0.05248087 0.10052776 0.09393859]
[0.05344505 0.10653067 0.10629377]
[0.05458369 0.11928555 0.13106261]
[0.05482071 0.12485958 0.14308675]
[0.05602863 0.13006879 0.15582198]
[0.05620902 0.1344991  0.16949594]
[0.05651522 0.13828371 0.18073709]
[0.05727542 0.14541459 0.20033586]
[0.05731989 0.14868452 0.20776789]
[0.0572836  0.15225576 0.21366067]
[0.05606977 0.15860271 0.22082485]
[0.05509239 0.16388537 0.22231786]
[0.05547396 0.1659161  0.22113922]
[0.05588331 0.16753054 0.21884577]
[0.05670687 0.16896346 0.21519589]
[0.05679638 0.170237   0.21081533]
[0.05883216 0.17211729 0.19541775]
[0.06073318 0.17139301 0.19037546]
[0.06306451 0.16957156 0.18499283]
[0.06932137 0.16464573 0.17318253]
[0.07310279 0.16163574 0.16645548]
[0.0761873  0.15546308 0.15295734]
[0.07569171 0.15307151 0.14743663]
[0.07544676 0.14680751 0.13256851]
[0.07893663 0.13687678 0.10812387]
[0.08018931 0.13216083 0.0980443 ]
[0.08421088 0.12279592 0.07613033]
[0.08756202 0.11156718 0.0529276 ]
[0.08820043 0.10571442 0.04103697]
[0.08849098 0.10007153 0.03062827]
[0.08874131 0.08918756 0.01344108]
[0.08784611 0.08420114 0.00500387]
[ 0.08647322  0.0800398  -0.00286164]
[ 0.08294561  0.07164227 -0.02058745]
[ 0.08172003  0.06308614 -0.03782685]
[ 0.08147273  0.0588209  -0.045649  ]
[ 0.08237497  0.05509727 -0.05221077]
[ 0.08308688  0.051546   -0.05787348]
[ 0.08438925  0.04720348 -0.06353404]
[ 0.08627266  0.03696714 -0.07410135]
[ 0.08844759  0.02556306 -0.08413523]
[ 0.08985489  0.01965315 -0.08864719]
[ 0.09172878  0.01364129 -0.0930233 ]
[ 0.090707    0.00200322 -0.10135563]
[ 0.08956959 -0.00371556 -0.10548239]
[ 0.0888735  -0.00878794 -0.10969291]
[ 0.08863362 -0.0140039  -0.11377353]
[ 0.08880279 -0.01853621 -0.11818733]
[ 0.08977241 -0.02682168 -0.12599607]
[ 0.08993126 -0.03022774 -0.12858537]
[ 0.08975608 -0.0333887  -0.13064873]
[ 0.08998837 -0.03644471 -0.13276242]
[ 0.08837352 -0.04160265 -0.13706806]
[ 0.08850706 -0.04385814 -0.13956496]
[ 0.08814926 -0.04599824 -0.14218073]
[ 0.08747745 -0.04873714 -0.14431675]
[ 0.08734377 -0.05584461 -0.14813682]
[ 0.08745985 -0.0600957  -0.14986639]
[ 0.08822172 -0.06372245 -0.1518043 ]
[ 0.08788668 -0.06729495 -0.1543164 ]
[ 0.08644079 -0.07129551 -0.15838477]
[ 0.08319769 -0.07964689 -0.171427  ]
[ 0.08153518 -0.08387722 -0.17812181]
[ 0.08019794 -0.0880853  -0.18486159]
[ 0.07533226 -0.09573004 -0.19973874]
[ 0.07533226 -0.09573004 -0.19973874]
[ 0.06995629 -0.10126308 -0.21305525]
[ 0.06626313 -0.10683519 -0.22288059]
[ 0.06626313 -0.10683519 -0.22288059]
[ 0.064425   -0.10927421 -0.22575428]
[ 0.06411093 -0.11101533 -0.22834088]
[ 0.06391755 -0.11140179 -0.22950383]
[ 0.06500662 -0.11068172 -0.22778776]
[ 0.06827093 -0.10970792 -0.22474596]
[ 0.0749338  -0.10814855 -0.22436108]
[ 0.07953691 -0.10637213 -0.22155833]
[ 0.08484282 -0.10140166 -0.20151725]
[ 0.08484282 -0.10140166 -0.20151725]
[ 0.08510526 -0.10068429 -0.19185801]
[ 0.08451681 -0.10063189 -0.1823073 ]
[ 0.08354684 -0.09915505 -0.16144204]
[ 0.08252676 -0.09850718 -0.15158552]
[ 0.08186927 -0.09742089 -0.14312358]
[ 0.08231815 -0.09681694 -0.1351928 ]
[ 0.08383132 -0.09633271 -0.12854251]
[ 0.09038875 -0.09681898 -0.11446391]
[ 0.09537237 -0.0943655  -0.09925561]
[ 0.0968015  -0.09199775 -0.09220161]
[ 0.09809395 -0.08994367 -0.08537423]
[ 0.09863619 -0.08617463 -0.07297512]
[ 0.09959318 -0.08265025 -0.06221128]
[ 0.10141361 -0.08076844 -0.05771065]
[ 0.10426418 -0.07771084 -0.05227131]
[ 0.10774565 -0.07003591 -0.03964819]
[ 0.11140082 -0.06309165 -0.0261304 ]
[ 0.11344597 -0.05968333 -0.01936642]
[ 0.11530498 -0.05282992 -0.00722953]
[ 0.11570043 -0.04942302 -0.00291102]
[ 0.11608768 -0.04326995  0.00222397]
[ 0.11539993 -0.03703054  0.00282705]
[ 0.11494262 -0.03378954  0.00140431]
[ 0.11497859 -0.03168618 -0.00102364]
[ 0.11493308 -0.03013013 -0.00982149]
[ 0.11287651 -0.02996969 -0.01715126]
[ 0.1071817  -0.02617754 -0.04575562]
[ 0.10610763 -0.02586819 -0.05385436]
[ 0.10246951 -0.02565367 -0.06898174]
[ 0.09992348 -0.026422   -0.0880583 ]
[ 0.10181711 -0.02742255 -0.09749346]
[ 0.10404683 -0.02893822 -0.10659028]
[ 0.10661671 -0.03367636 -0.12409848]
[ 0.10545156 -0.03540472 -0.13272117]
[ 0.10506878 -0.0371292  -0.14094467]
[ 0.1042921  -0.0381976  -0.14743824]
[ 0.10425798 -0.03895431 -0.15389811]
[ 0.10528809 -0.04011111 -0.16181651]
[ 0.10520858 -0.04133937 -0.161092  ]
[ 0.10520858 -0.04133937 -0.161092  ]
[ 0.10376302 -0.04192247 -0.15621409]
[ 0.09463093 -0.0429873  -0.14236517]
[ 0.09166264 -0.04294441 -0.1332033 ]
[ 0.09037308 -0.04386664 -0.12028825]
[ 0.09347441 -0.04420991 -0.10381112]
[ 0.09804154 -0.04244769 -0.08420483]
[ 0.10198442 -0.03678589 -0.04583582]
[ 0.10371051 -0.03361393 -0.02684135]
[ 0.10530183 -0.0306756  -0.00668124]
[ 0.10851527 -0.02590385  0.01401516]
[ 0.11408878 -0.01404734  0.05552828]
[ 0.11537624 -0.00830699  0.07133225]
[ 0.11527271 -0.00343976  0.08489694]
[0.11418987 0.00201576 0.09611125]
[0.11254228 0.007554   0.1067888 ]
[0.10967807 0.01799438 0.12283038]
[0.10837839 0.02274176 0.12917547]
[0.10771335 0.02744835 0.13474374]
[0.10705844 0.03228331 0.1395002 ]
[0.10638741 0.04273642 0.14690402]
[0.10422218 0.05342202 0.15112673]
[0.10306115 0.05891959 0.15209372]
[0.10217968 0.06406375 0.15340966]
[0.10128794 0.06959366 0.15500371]
[0.09855749 0.08079004 0.16141921]
[0.0964264  0.08694972 0.1664127 ]
[0.0943727  0.09395605 0.17315733]
[0.09384214 0.10557101 0.1861406 ]
[0.09338588 0.11192773 0.19172874]
[0.09210893 0.11915589 0.19815832]
[0.0902153  0.12594195 0.20338306]
[0.08693733 0.13085894 0.20982081]
[0.07861402 0.139339   0.21927848]
[0.07486725 0.14246339 0.22191432]
[0.07171669 0.1458827  0.22120146]
[0.0704669  0.15169062 0.21379076]
[0.07169046 0.15357976 0.20910706]
[0.0768827  0.15344074 0.20082878]
[0.07953886 0.15142128 0.19671689]
[0.08215251 0.14892259 0.19246297]
[0.08468722 0.14584723 0.18792956]
[0.08877542 0.14105901 0.17644423]
[0.09150756 0.13673195 0.16442835]
[0.0904682  0.13087013 0.15024021]
[0.087626   0.12599246 0.13941982]
[0.08610978 0.12319867 0.13390164]
[0.0855262  0.11968848 0.1277612 ]
[0.08482552 0.11134785 0.11415863]
[0.08135529 0.10348727 0.09885526]
[0.07864632 0.10043153 0.09220987]
[0.07549972 0.09790221 0.08499265]
[0.06953636 0.09396305 0.07174272]
[0.06003345 0.08966286 0.05417311]
[0.05408921 0.08720761 0.04515693]
[0.0491436  0.08506945 0.03708594]
[0.03799347 0.08358091 0.02199127]
[0.03390428 0.08285861 0.01688346]
[0.03006533 0.0820694  0.01270818]
[0.02599165 0.08056114 0.00875814]
[0.02276564 0.07870656 0.00480557]
[0.02030518 0.0767811  0.00055562]
[ 0.01686748  0.07209759 -0.00814072]
[ 0.01501796  0.06962384 -0.01224428]
[ 0.0093959   0.06492937 -0.02576933]
[ 0.0093959   0.06492937 -0.02576933]
[ 0.00734796  0.06330046 -0.03409222]
[ 0.00578708  0.05953368 -0.05197705]
[ 0.00614752  0.05688788 -0.06082822]
[ 0.00533818  0.05290342 -0.06958105]
[ 0.00267797  0.04908865 -0.07762558]
[ 0.00114839  0.04541234 -0.0851239 ]
[-0.00399622  0.03890801 -0.09753814]
[-0.00701802  0.03600878 -0.10292573]
[-0.01544427  0.02851873 -0.1127319 ]
[-0.01995427  0.02423555 -0.11702651]
[-0.02859748  0.01207556 -0.12925039]
[-0.02859748  0.01207556 -0.12925039]
[-0.02982792  0.008582   -0.13488618]
[-0.03002973  0.00574727 -0.14212222]
[-0.02894625  0.0012202  -0.15752043]
[-0.02772684 -0.00095178 -0.16498931]
[-0.02757082 -0.00369477 -0.17283405]
[-0.0280872  -0.00618435 -0.17837614]
[-0.02827992 -0.00868258 -0.18210597]
[-0.02823983 -0.01318235 -0.18283689]
[-0.02767064 -0.01583299 -0.17803833]
[-0.02288676 -0.02179334 -0.16053575]
[-0.02288676 -0.02179334 -0.16053575]
[-0.00831392 -0.02396701 -0.10323294]
[-0.00831392 -0.02396701 -0.10323294]
[-0.00868679 -0.02742267 -0.08547934]
[-0.00572468 -0.03488196 -0.02412064]
[-0.00572468 -0.03488196 -0.02412064]
[-0.00434514 -0.0355827  -0.00346912]
[-0.00024597 -0.03520848  0.01138393]
[ 0.00885675 -0.03402858  0.04217962]
[ 0.01065533 -0.03382602  0.05687323]
[ 0.01438608 -0.03169522  0.10017791]
[ 0.01612083 -0.03119646  0.11152948]
[ 0.0193275  -0.03014385  0.12692605]
[ 0.0205166  -0.02893054  0.13179353]
[ 0.02102192 -0.02531129  0.13405843]
[ 0.02118412 -0.02372998  0.13132164]
[ 0.02406112 -0.02144774  0.11152045]
[ 0.02406112 -0.02144774  0.11152045]
[ 0.02596531 -0.02000071  0.09164105]
[ 0.02626713 -0.02183036  0.0670241 ]
[ 0.02635009 -0.02331996  0.04984901]
[ 0.02510918 -0.02427525  0.03032415]
[ 0.02388803 -0.02742943 -0.0068865 ]
[ 0.02634517 -0.03034469 -0.02278512]
[ 0.03006104 -0.03863106 -0.05393238]
[ 0.02933521 -0.04370062 -0.07027859]
[ 0.02401506 -0.05238519 -0.10238452]
[ 0.02021403 -0.05542838 -0.11562078]
[ 0.0202574  -0.0575352  -0.12673299]
[ 0.01891305 -0.06210536 -0.14995018]
[ 0.01458641 -0.06417436 -0.16944118]
[ 0.01355947 -0.06285954 -0.18372974]
[ 0.01394557 -0.06273636 -0.18660435]
[ 0.0127395  -0.06465047 -0.19018292]
[ 0.01249447 -0.06575596 -0.19026095]
[ 0.01209988 -0.0675472  -0.1896456 ]
[ 0.01165417 -0.06933043 -0.18894112]
[ 0.01216339 -0.07108784 -0.18813564]
[ 0.0124698  -0.07297313 -0.18768147]
[ 0.01402768 -0.07569978 -0.18817568]
[ 0.01450474 -0.07699312 -0.18899314]
[ 0.01521403 -0.07885887 -0.19182239]
[ 0.01521403 -0.07885887 -0.19182239]
[ 0.01535141 -0.07951325 -0.19390756]
[ 0.01422455 -0.08123231 -0.20406768]
[ 0.01422455 -0.08123231 -0.20406768]
[ 0.01347066 -0.08269591 -0.20915878]
[ 0.01212365 -0.08422019 -0.21423896]
[ 0.00978752 -0.0885664  -0.2233178 ]
[ 0.00917701 -0.09057926 -0.2273313 ]
[ 0.00871227 -0.09273819 -0.23124205]
[ 0.00750127 -0.09669624 -0.23804058]
[ 0.00750127 -0.09669624 -0.23804058]
[ 0.00703899 -0.09879968 -0.24159302]
[ 0.00823625 -0.10331187 -0.24903418]
[ 0.01007166 -0.10581807 -0.2528345 ]
[ 0.01155121 -0.10819992 -0.25611219]
[ 0.01324989 -0.11132037 -0.26333109]
[ 0.01481318 -0.11286052 -0.27072567]
[ 0.01791707 -0.11180021 -0.27649963]
[ 0.01791707 -0.11180021 -0.27649963]
[ 0.01963634 -0.11114528 -0.27835202]
[ 0.02308912 -0.11010145 -0.28240588]
[ 0.03760358 -0.10595684 -0.29696652]
[ 0.03760358 -0.10595684 -0.29696652]
[ 0.04085991 -0.10367442 -0.29798186]
[ 0.03843786 -0.10295695 -0.29467565]
[ 0.03263704 -0.10257502 -0.2866182 ]
[ 0.02877454 -0.10269664 -0.27868244]
[ 0.02954226 -0.10136592 -0.26612303]
[ 0.03188736 -0.10084388 -0.25645068]
[ 0.03911982 -0.10081105 -0.22366464]
[ 0.03911982 -0.10081105 -0.22366464]
[ 0.04452018 -0.09853645 -0.19026156]
[ 0.04867808 -0.09384557 -0.16098407]
[ 0.05725435 -0.08639501 -0.12791704]
[ 0.06306784 -0.08107015 -0.10950144]
[ 0.07613963 -0.06994902 -0.07695284]
[ 0.08612191 -0.05806348 -0.05064178]
[ 0.08982133 -0.05195142 -0.03855031]
[ 0.10004593 -0.0408937  -0.01182638]
[ 0.10432    -0.03515252  0.00217718]
[ 0.10871637 -0.0294124   0.01541994]
[ 0.11267639 -0.02262509  0.02836361]
[ 0.11515162 -0.0156271   0.03986831]
[ 0.11952147 -0.00280867  0.05968825]
[0.12163371 0.00384609 0.06842577]
[0.12347511 0.00952813 0.07588999]
[0.12414107 0.01498903 0.08402303]
[0.12417588 0.01941298 0.09015272]
[0.12332011 0.02811169 0.10004225]
[0.12312842 0.03289615 0.10388493]
[0.12322894 0.03801546 0.10761563]
[0.12301607 0.04671304 0.11484914]
[0.12070877 0.05471411 0.12200658]
[0.11861048 0.05948059 0.12540455]
[0.11660776 0.06421627 0.12933014]
[0.11395351 0.06906175 0.13306302]
[0.11096401 0.07476389 0.13671146]
[0.10626063 0.08492297 0.14506908]
[0.10875902 0.09407151 0.15218651]
[0.10875902 0.09407151 0.15218651]
[0.11039022 0.09904297 0.15416707]
[0.10866365 0.10816591 0.15700111]
[0.10519049 0.11399008 0.15956737]
[0.10493634 0.11714093 0.16047797]
[0.10494528 0.12044282 0.16119003]
[0.10345922 0.12929966 0.1647865 ]
[0.10001147 0.14095908 0.17083569]
[0.09878529 0.14698319 0.17388204]
[0.09767935 0.15237506 0.17762378]
[0.09167381 0.16172525 0.18757609]
[0.08843157 0.16619328 0.19220008]
[0.08539485 0.17017521 0.19688958]
[0.0828673  0.17368194 0.2010188 ]
[0.08100628 0.17653319 0.20477316]
[0.07808169 0.18015933 0.21041429]
[0.07672692 0.18119273 0.2119344 ]
[0.0750658  0.18267672 0.21261831]
[0.0724201  0.18426444 0.21305743]
[0.06155562 0.18929099 0.21449843]
[0.05783092 0.19072928 0.21464635]
[0.05444755 0.19177236 0.21479507]
[0.05137259 0.19281539 0.21459091]
[0.04831802 0.19357073 0.21395411]
[0.04295746 0.19480696 0.21169047]
[0.04035877 0.19580224 0.21109618]
[0.03818092 0.19684683 0.21007651]
[0.03533844 0.19837134 0.20832776]
[0.02760855 0.2001069  0.20479012]
[0.02234147 0.20116654 0.20334613]
[0.01758838 0.20225772 0.20256753]
[0.01238713 0.20399553 0.20147273]
[0.00218538 0.20690981 0.1990104 ]
[-0.0079741   0.20864436  0.1963055 ]
[-0.01285597  0.2096633   0.19588302]
[-0.02125659  0.21249355  0.1943747 ]
[-0.02569158  0.21481298  0.19383542]
[-0.03003607  0.21647286  0.19316122]
[-0.03418242  0.21812107  0.19203022]
[-0.03720862  0.2187399   0.19008304]
[-0.04074456  0.21922621  0.18628296]
[-0.04605318  0.21955758  0.18421584]
[-0.04881781  0.21953139  0.18382396]
[-0.05097029  0.21928436  0.18356277]
[-0.05517794  0.21893421  0.18130553]
[-0.05760275  0.21914087  0.17874679]
[-0.06015771  0.21906519  0.17599519]
[-0.0616148   0.21882758  0.17378217]
[-0.06263996  0.21834493  0.1727784 ]
[-0.06389213  0.21637805  0.17099915]
[-0.06397341  0.21548387  0.17029016]
[-0.05946183  0.21240544  0.16858493]
[-0.05946183  0.21240544  0.16858493]
[-0.05662083  0.21088628  0.16779724]
[-0.05979942  0.20810597  0.16452491]
[-0.06391481  0.20702428  0.16265097]
[-0.07022297  0.20381099  0.15997435]
[-0.07422203  0.19950598  0.15442026]
[-0.07771377  0.19806229  0.15018237]
[-0.080527    0.19785058  0.14661577]
[-0.08343055  0.1976876   0.14302991]
[-0.08716383  0.19675554  0.13988529]
[-0.09802332  0.19332181  0.13327803]
[-0.09802332  0.19332181  0.13327803]
[-0.09981233  0.19217907  0.13197976]
[-0.09977923  0.19030508  0.13070138]
[-0.1009299   0.18530235  0.13069059]
[-0.10310012  0.18324956  0.13153678]
[-0.10551697  0.18177138  0.13236389]
[-0.10738519  0.18119651  0.13335477]
[-0.10885161  0.18058313  0.13180432]
[-0.10703959  0.18003909  0.12677926]
[-0.10404956  0.1796601   0.12116234]
[-0.10277659  0.17976759  0.118808  ]
[-0.09956108  0.17974578  0.1127821 ]
[-0.09678904  0.17951415  0.10842078]
[-0.08847484  0.17787197  0.09821859]
[-0.07874133  0.17352518  0.08640426]
[-0.07207322  0.16907749  0.07405958]
[-0.06622388  0.16600327  0.06012401]
[-0.05983895  0.16242847  0.04349925]
[-0.05614902  0.16127178  0.03343759]
[-0.05102834  0.16028474  0.02246007]
[-0.04054278  0.15954964  0.00402517]
[-0.03232809  0.15892506 -0.01097616]
[-0.02910563  0.15735473 -0.02286728]
[-0.02777331  0.155101   -0.03155949]
[-0.0290488   0.15326065 -0.03532626]
[-0.03094369  0.15234339 -0.03533063]
[-0.03289969  0.15106679 -0.03454141]
[-0.03715371  0.14836401 -0.02314878]
[-0.03752102  0.14858817 -0.01520974]
[-0.03704697  0.14916167 -0.00631102]
[-0.03548119  0.15100001  0.002695  ]
[-0.03026044  0.15554304  0.02027855]
[-0.02799262  0.15769337  0.02928391]
[-0.02616062  0.15931074  0.03942098]
[-0.0239426   0.16007932  0.05120284]
[-0.02461236  0.16152905  0.0619622 ]
[-0.02670042  0.1644544   0.07484999]
[-0.03110096  0.17137039  0.10331682]
[-0.03419292  0.17611375  0.11934029]
[-0.03753115  0.18097988  0.13310331]
[-0.04053186  0.18453947  0.14386874]
[-0.04372256  0.18842374  0.15912215]
[-0.04427173  0.18929048  0.16376293]
[-0.04382733  0.18995018  0.16692229]
[-0.04149027  0.1913657   0.16844229]
[-0.04149027  0.1913657   0.16844229]
[-0.03961251  0.19167669  0.16902262]
[-0.03283244  0.18952648  0.16744167]
[-0.03283244  0.18952648  0.16744167]
[-0.03010146  0.18824203  0.16431081]
[-0.02463166  0.18663162  0.15423264]
[-0.02295459  0.1859791   0.14830633]
[-0.02109558  0.18510763  0.14144774]
[-0.01839689  0.18419805  0.13395606]
[-0.01429848  0.1836649   0.1183925 ]
[-0.00701582  0.17880684  0.08372033]
[-0.00701582  0.17880684  0.08372033]
[-0.00119677  0.17487766  0.06953343]
[0.01349901 0.16587576 0.03403984]
[0.01761957 0.16023321 0.01889673]
[0.02121159 0.15457302 0.0067122 ]
[ 0.02261171  0.14943169 -0.0042468 ]
[ 0.02383155  0.14054714 -0.02497511]
[ 0.02203756  0.13360994 -0.04244275]
[ 0.02124328  0.13079029 -0.050729  ]
[ 0.01856983  0.12703432 -0.06424475]
[ 0.01803689  0.12482508 -0.07626342]
[ 0.01873772  0.12409154 -0.08188099]
[ 0.02021479  0.12322576 -0.08775467]
[ 0.02335466  0.12054105 -0.09723311]
[ 0.0247164   0.11887266 -0.10068057]
[ 0.02517091  0.11758216 -0.10266057]
[ 0.02531833  0.11672343 -0.10423169]
[ 0.02492455  0.11620164 -0.10523685]
[ 0.02413121  0.11528969 -0.10698121]
[ 0.02372517  0.11496083 -0.1076338 ]
[ 0.02371361  0.11603542 -0.10496341]
[ 0.02371361  0.11603542 -0.10496341]
[ 0.02364936  0.11668087 -0.09688491]
[ 0.02326318  0.11720192 -0.08340664]
[ 0.02326318  0.11720192 -0.08340664]
[ 0.02328054  0.11676468 -0.07591008]
[ 0.02390536  0.11645341 -0.06712314]
[ 0.02495309  0.11731821 -0.04820349]
[ 0.02770639  0.11890993 -0.03714012]
[ 0.03394536  0.12170681 -0.010222  ]
[0.03672872 0.12411446 0.00050499]
[0.03510646 0.12848836 0.01836864]
[0.03358856 0.13114098 0.0278826 ]
[0.03106686 0.13426575 0.04143456]
[0.03279192 0.13929778 0.05509429]
[0.03647157 0.14969249 0.08194148]
[0.03632637 0.15349121 0.09719356]
[0.03370004 0.15844831 0.11478276]
[0.02992243 0.16355066 0.13034622]
[0.02596772 0.16995904 0.14398243]
[0.01897646 0.18104845 0.1653955 ]
[0.01758417 0.18608558 0.17464676]
[0.01616325 0.1919487  0.18298613]
[0.01463476 0.19908707 0.1899685 ]
[0.01318308 0.20581435 0.19595096]
[0.00878068 0.2193429  0.20536105]
[0.00057474 0.22940408 0.21020722]
[-0.00369943  0.23287603  0.21057467]
[-0.01027999  0.23957403  0.20691964]
[-0.01185408  0.24260986  0.20166616]
[-0.01201183  0.24633719  0.19190484]
[-0.01027536  0.24653699  0.18846872]
[-0.00886477  0.2435212   0.17754011]
[-0.01030154  0.23952167  0.16589125]
[-0.01031801  0.22967431  0.13601518]
[-0.01000811  0.22663142  0.11945511]
[-0.00317452  0.22286049  0.08805282]
[-0.00038374  0.22002126  0.07007698]
[0.00192184 0.21175195 0.02656836]
[0.00267608 0.20841515 0.00947627]
[ 0.00536866  0.19780114 -0.03320638]
[ 0.00536866  0.19780114 -0.03320638]
[ 0.00729624  0.19357592 -0.04538979]
[ 0.00931024  0.18885942 -0.05658146]
[ 0.01025805  0.17922461 -0.0746913 ]
[ 0.00862709  0.17521033 -0.08265486]
[ 0.00676278  0.1717622  -0.09019047]
[ 0.0042175   0.16863213 -0.09801405]
[ 0.0016072   0.16552134 -0.10510831]
[-0.00343187  0.15875641 -0.11920386]
[-0.0043231   0.1552705  -0.12512003]
[-0.00485372  0.15184008 -0.13066755]
[-0.00478686  0.14855541 -0.13510691]
[-0.00634881  0.1422708  -0.1417305 ]
[-0.00687178  0.13957347 -0.14313056]
[-0.00742687  0.13688399 -0.14469713]
[-0.00749963  0.13479067 -0.14612056]
[-0.00949522  0.13188544 -0.14517355]
[-0.01202642  0.13131712 -0.14037229]
[-0.01418135  0.13129857 -0.13324843]
[-0.01467853  0.13134754 -0.12532914]
[-0.01389178  0.131265   -0.11699535]
[-0.01088403  0.13123846 -0.09937657]
[-0.01086592  0.13142619 -0.09089227]
[-0.01164525  0.13195965 -0.08279152]
[-0.01268729  0.13251238 -0.07464838]
[-0.01359137  0.13229515 -0.0661677 ]
[-0.01193894  0.12977971 -0.0455383 ]
[-0.01170799  0.12860514 -0.03405947]
[-0.0115676   0.12841175 -0.02323224]
[-0.01276303  0.12920028 -0.01367667]
[-0.01247469  0.13017549 -0.00482955]
[-0.01214104  0.13217723  0.00910491]
[-0.01151658  0.13213584  0.01547229]
[-0.01169188  0.13208906  0.02003082]
[-0.01278319  0.13172936  0.02375705]
[-0.01297844  0.1303442   0.02658476]
[-0.01086939  0.12616967  0.03013964]
[-0.00897693  0.12402102  0.03024201]
[-0.00677807  0.12212189  0.02780189]
[-0.004168    0.12021945  0.02095652]
[8.91745090e-05 1.17044218e-01 7.06413819e-04]
[-0.00079233  0.11484252 -0.01000985]
[-0.00183969  0.11111895 -0.02252396]
[-0.00206726  0.10800178 -0.03549722]
[ 0.000185    0.10623705 -0.04795732]
[ 0.00202597  0.10356175 -0.06119907]
[ 0.00507445  0.09628019 -0.09292229]
[ 0.00383098  0.09174795 -0.10695039]
[ 0.00290292  0.08740333 -0.11948653]
[ 0.0014183   0.08270419 -0.13013904]
[ 0.00027486  0.07423493 -0.14709269]
[ 0.00040937  0.0703584  -0.15362366]
[ 0.0007148   0.06646635 -0.15950289]
[ 0.00221575  0.06261313 -0.16403575]
[ 0.0034459   0.05454177 -0.16995448]
[ 0.00163925  0.0458163  -0.17123498]
[-0.00066602  0.03831454 -0.17000899]
[-0.00051101  0.03113419 -0.16908598]
[-0.00081916  0.02719426 -0.16919117]
[-4.13000584e-05  2.35918984e-02 -1.69682980e-01]
[ 0.00097341  0.01314376 -0.17550974]
[ 1.38288736e-04  9.57801007e-03 -1.78401932e-01]
[-0.00088511  0.00637138 -0.18071501]
[-0.00207807 -0.00096135 -0.18382597]
[-0.00226128 -0.00421408 -0.18415937]
[-0.00280769 -0.01035446 -0.18280052]
[-0.00265657 -0.01272021 -0.18206316]
[ 0.00354222 -0.0164557  -0.18607289]
[ 0.00730758 -0.01883392 -0.18825577]
[ 0.01071162 -0.0246793  -0.18904048]
[ 0.00966168 -0.02809381 -0.18858664]
[ 0.00573631 -0.0362181  -0.19049267]
[ 0.00333636 -0.03977638 -0.19470261]
[ 0.00244789 -0.04306694 -0.19994803]
[ 0.00190673 -0.04567965 -0.20653778]
[ 0.00140259 -0.04796559 -0.21293549]
[ 0.00133493 -0.05234814 -0.22594395]
[ 0.00077774 -0.054987   -0.233027  ]
[ 0.00059629 -0.06309164 -0.25395671]
[ 0.00059629 -0.06309164 -0.25395671]
[ 0.00083829 -0.06573466 -0.25890255]
[ 0.00191096 -0.06999787 -0.26419953]
[ 0.00187502 -0.07168655 -0.26464528]
[ 0.00099083 -0.07328655 -0.26366463]
[-0.00048321 -0.07498427 -0.26164752]
[-0.00197893 -0.07845941 -0.25489989]
[-0.00080425 -0.07990938 -0.25090051]
[-6.39200211e-05 -8.15780386e-02 -2.44725585e-01]
[ 0.00134527 -0.08377997 -0.22376265]
[ 0.00174074 -0.08294753 -0.20858647]
[ 0.00375425 -0.07616363 -0.15730642]
[ 0.00375425 -0.07616363 -0.15730642]
[ 0.00658048 -0.0733038  -0.14297181]
[ 0.02003508 -0.06424873 -0.09914627]
[ 0.02003508 -0.06424873 -0.09914627]
[ 0.02569119 -0.06367379 -0.08183232]
[ 0.03166354 -0.06065621 -0.06192854]
[ 0.03553942 -0.04657423 -0.00600208]
[ 0.03751229 -0.04347278  0.00986855]
[ 0.03987328 -0.0395916   0.0230584 ]
[ 0.04232771 -0.0345853   0.03853207]
[ 0.04816552 -0.02154671  0.06423797]
[ 0.04996515 -0.01465845  0.07573179]
[ 0.05113589 -0.00735589  0.08814659]
[0.05168802 0.00819621 0.10967486]
[0.05168802 0.00819621 0.10967486]
[0.05192592 0.01560991 0.11986018]
[0.0526151  0.03003439 0.13889824]
[0.05191976 0.03620669 0.14752567]
[0.05040591 0.04298668 0.15534426]
[0.04387786 0.06283717 0.18038785]
[0.0428101  0.07043761 0.18736494]
[0.04111921 0.07891945 0.19647388]
[0.03894641 0.09595448 0.21275997]
[0.03779664 0.10291643 0.22194822]
[0.03467163 0.11805792 0.23987305]
[0.03391536 0.12473734 0.24803425]
[0.0333614  0.13558297 0.26277375]
[0.03245789 0.14049138 0.26946267]
[0.02773794 0.14947185 0.28445786]
[0.02374623 0.15307041 0.29156578]
[0.01774876 0.15794271 0.30269921]
[0.01982295 0.16073382 0.3049286 ]
[0.02358254 0.16354413 0.30698767]
[0.02617974 0.16548494 0.30660516]
[0.02852272 0.16677161 0.30272374]
[0.02345349 0.16381353 0.28787729]
[0.01989759 0.16167288 0.27730978]
[0.01740437 0.16007301 0.26553735]
[0.0164948  0.15788633 0.25219259]
[0.01857435 0.15554975 0.23108505]
[0.0203767  0.15165313 0.21894792]
[0.02233306 0.14765215 0.20487376]
[0.02275593 0.14493284 0.18812954]
[0.02186907 0.14236148 0.16914056]
[0.0206471  0.13816082 0.12971814]
[0.02201369 0.13478647 0.11114989]
[0.02456622 0.13165557 0.09437015]
[0.02730308 0.1290593  0.07919012]
[0.0290843  0.1274485  0.06371403]
[0.03061438 0.12306093 0.0335876 ]
[0.02962398 0.12138603 0.01863639]
[0.02828596 0.1203203  0.00520678]
[ 0.02667843  0.11921632 -0.00621618]
[ 0.02506616  0.11790904 -0.01611373]
[ 0.02086177  0.11494745 -0.03685281]
[ 0.01973278  0.11364564 -0.04583526]
[ 0.01899814  0.11234438 -0.05389825]
[ 0.01849969  0.11128712 -0.06050729]
[ 0.0180903   0.11031578 -0.06618322]
[ 0.01746275  0.10909211 -0.07349704]
[ 0.01755423  0.10827482 -0.07648601]
[ 0.01586335  0.10799525 -0.07283542]
[ 0.01468599  0.10754162 -0.06779451]
[ 0.01438557  0.10708129 -0.06160155]
[ 0.01574669  0.10613178 -0.05434268]
[ 0.01716065  0.10578599 -0.04571073]
[ 0.0201342   0.10563384 -0.03473826]
[ 0.02314872  0.10472908 -0.02440212]
[0.02963849 0.105346   0.00155192]
[0.03100157 0.10549852 0.01810835]
[0.02985879 0.10616148 0.02463249]
[0.02565411 0.10786822 0.03885819]
[0.02381698 0.10892694 0.04645795]
[0.0227147  0.10982244 0.05391952]
[0.02119293 0.11089375 0.06612193]
[0.02119293 0.11089375 0.06612193]
[0.02060608 0.1129767  0.07738713]
[0.01984704 0.11356013 0.07910316]
[0.01837104 0.11374151 0.07957396]
[0.01562811 0.11341893 0.0754635 ]
[0.01443308 0.11266894 0.07143178]
[0.01475235 0.11095923 0.06702904]
[0.0154674  0.10830601 0.060994  ]
[0.01638331 0.10537048 0.0534707 ]
[0.01711666 0.10287465 0.02891465]
[0.01663586 0.10218479 0.0146917 ]
[0.01582337 0.10145585 0.00128763]
[ 0.01625232  0.09988664 -0.00996019]
[ 0.01562204  0.09832042 -0.02123609]
[ 0.01307783  0.09537313 -0.04123221]
[ 0.00887129  0.0890511  -0.05786412]
[ 0.00887129  0.0890511  -0.05786412]
[ 0.00873849  0.08464608 -0.06453232]
[ 0.01047046  0.0826841  -0.06760383]
[ 0.01131131  0.08130685 -0.07063188]
[ 0.01110645  0.07992021 -0.0728654 ]
[ 0.01085832  0.0790408  -0.07371141]
[ 0.00744619  0.07815056 -0.0717312 ]
[ 0.00621267  0.07869951 -0.06932028]
[ 0.00641761  0.08091079 -0.06353012]
[ 0.00726952  0.08346599 -0.05991472]
[ 0.00774122  0.08903439 -0.05112201]
[ 0.0062562   0.09062523 -0.04832434]
[ 0.00434155  0.09202015 -0.04559655]
[ 0.00312998  0.09297372 -0.04344245]
[ 0.00213963  0.09404314 -0.04064749]
[ 0.00385792  0.09791699 -0.03072844]
[ 0.00432204  0.09955928 -0.02552499]
[ 0.00578358  0.1012674  -0.02032482]
[ 0.00759383  0.10254267 -0.01461503]
[ 0.01025764  0.10422142 -0.00819699]
[0.0163326  0.10652262 0.00836272]
[0.01849276 0.1077475  0.01741772]
[0.01999207 0.10898758 0.02499301]
[0.02039262 0.11019768 0.03157676]
[0.02021292 0.11168381 0.03737245]
[0.02204195 0.11573392 0.05547765]
[0.02595144 0.11777604 0.06736705]
[0.02839359 0.12010885 0.07694296]
[0.0300124  0.12278305 0.08427879]
[0.03257326 0.12936591 0.09533289]
[0.03379879 0.13271227 0.09960297]
[0.03499134 0.1354885  0.10361809]
[0.03495408 0.13751985 0.10736419]
[0.03420358 0.13902284 0.10995132]
[0.03302208 0.14103153 0.10826746]
[0.03301134 0.14216557 0.09490571]
[0.03427986 0.14160535 0.07681955]
[0.03799798 0.14110635 0.05839772]
[0.03526739 0.13917865 0.03206083]
[0.03358245 0.1372599  0.01859071]
[0.03483987 0.1357543  0.0072827 ]
[ 0.03570472  0.13455182 -0.00717307]
[ 0.03569359  0.13432613 -0.0130674 ]
[ 0.03478276  0.13395101 -0.01800546]
[ 0.03416551  0.1330467  -0.02329759]
[ 0.03052237  0.13027669 -0.03426374]
[ 0.02732662  0.12976956 -0.03914254]
[ 0.02260043  0.13024452 -0.04447226]
[ 0.02193267  0.13019937 -0.04438891]
[ 0.02169684  0.1300828  -0.04277439]
[ 0.01854803  0.13038598 -0.03966385]
[ 0.01531616  0.13165079 -0.03978327]
[ 0.01322652  0.13325949 -0.03992277]
[ 0.01210142  0.1345195  -0.03895196]
[ 0.01536239  0.1369451  -0.03188701]
[ 0.01806778  0.13766424 -0.02709515]
[ 0.02017268  0.13871302 -0.02216073]
[ 0.01821463  0.14124477 -0.00583113]
[ 0.01821463  0.14124477 -0.00583113]
[0.01547902 0.14172268 0.01689829]
[0.01590576 0.14186688 0.02960598]
[0.01762446 0.14255789 0.04182797]
[0.01747923 0.14316338 0.059848  ]
[0.01713431 0.14402938 0.07074437]
[0.0194632  0.14608376 0.09236279]
[0.01969049 0.14820325 0.10140216]
[0.01668983 0.15191799 0.11811261]
[0.01590463 0.15318933 0.12462918]
[0.01428559 0.15464805 0.12986331]
[0.01420011 0.15558955 0.13457806]
[0.01386311 0.15656112 0.13763808]
[0.01369565 0.15803659 0.14199245]
[0.01357478 0.15850297 0.14232811]
[0.01340648 0.15844484 0.1381191 ]
[0.01340648 0.15844484 0.1381191 ]
[0.01490969 0.15795521 0.13288029]
[0.01536996 0.15756568 0.12959872]
[0.01549112 0.15730308 0.12594233]
[0.01573897 0.15703641 0.12199924]
[0.01518645 0.15664411 0.11725915]
[0.01314678 0.15630658 0.10591613]
[0.01323751 0.15589263 0.09849446]
[0.01362186 0.15471166 0.09119619]
[0.01379027 0.15280119 0.08399755]
[0.01480157 0.15026677 0.07645924]
[0.01691263 0.14429031 0.06250367]
[0.01880004 0.14109616 0.05579378]
[0.02051293 0.1377535  0.04749139]
[0.02131788 0.13418755 0.03789701]
[0.02221376 0.1312882  0.02909847]
[0.0216563  0.12436567 0.01731276]
[0.01789819 0.11477822 0.00638103]
[0.01789819 0.11477822 0.00638103]
[0.01656637 0.11000806 0.00046863]
[ 0.01493344  0.09859405 -0.01470448]
[ 0.01493344  0.09859405 -0.01470448]
[ 0.01111246  0.09162267 -0.0203205 ]
[ 0.00932278  0.08505156 -0.02331105]
[ 0.00932278  0.08505156 -0.02331105]
[ 0.01042292  0.07930508 -0.02622856]
[ 0.01026875  0.07466724 -0.02773502]
[ 0.01026875  0.07466724 -0.02773502]
[ 0.00875661  0.07218143 -0.02717517]
[ 0.00679753  0.06772574 -0.02800838]
[ 0.00653296  0.06636228 -0.02887129]
[ 0.00738401  0.06662767 -0.02855473]
[ 0.00822916  0.06652606 -0.02827348]
[ 0.00868917  0.06591307 -0.02819228]
[ 0.00999174  0.06525639 -0.02759373]
[ 0.00999174  0.06525639 -0.02759373]
[ 0.01087423  0.06516294 -0.02688476]
[ 0.01363442  0.06437526 -0.02202639]
[ 0.01363442  0.06437526 -0.02202639]
[ 0.01523829  0.06382205 -0.01989262]
[ 0.01741306  0.06319392 -0.01732581]
[ 0.02312507  0.06148265 -0.01161347]
[ 0.02626306  0.06049379 -0.00885484]
[ 0.03068068  0.05734362 -0.00471107]
[ 0.03298213  0.05557404 -0.00327283]
[ 0.03491748  0.05404354 -0.00223733]
[0.04208878 0.05158897 0.0011349 ]
[0.04208878 0.05158897 0.0011349 ]
[0.04444844 0.05089671 0.00237689]
[0.05119022 0.04844659 0.00426135]
[0.05338058 0.04815362 0.00469017]
[0.05568711 0.04838525 0.00521969]
[0.05782396 0.04884162 0.0055529 ]
[0.06038732 0.04934998 0.00427832]
[0.06043724 0.04924449 0.00310692]
[0.0598967  0.04903434 0.0017677 ]
[0.05918736 0.04891845 0.00087289]
[ 0.05893706  0.04831458 -0.00099062]
[ 0.05977587  0.04611028 -0.00192423]
[ 0.05977587  0.04611028 -0.00192423]
[ 0.060005    0.04436117 -0.00143565]
[ 0.0588895   0.04290419 -0.00119123]
[ 0.05973942  0.04155529 -0.00078972]
[ 0.06118993  0.04256715 -0.00060215]
[0.06441506 0.04401487 0.00075009]
[0.06459369 0.04452169 0.00118867]
[0.06554361 0.04579886 0.00135642]
[0.06596262 0.04647098 0.00090611]
[0.0659355  0.04643334 0.00083704]
[0.06545388 0.04590188 0.00059688]
[0.06432883 0.04516796 0.00073796]
[0.06067792 0.04542468 0.00090331]
[0.05887825 0.04642149 0.00096892]
[0.05747784 0.04782429 0.00049082]
[ 0.05668936  0.05072143 -0.00144723]
[ 0.05668936  0.05072143 -0.00144723]
[ 0.05678501  0.05195751 -0.00322663]
[ 0.05611644  0.05135456 -0.00345943]
[ 0.0528307   0.05017379 -0.00363805]
[0.04172919 0.04769713 0.00261671]
[0.04006895 0.0469317  0.00513678]
[0.03813667 0.04616604 0.00527196]
[0.03380019 0.04616145 0.00516614]
[0.0340225  0.04725545 0.00632528]
[0.03468501 0.04912675 0.00913516]
[0.03468501 0.04912675 0.00913516]
[0.03462847 0.04900239 0.00999808]
[0.0343978  0.04890134 0.01276385]
[0.03413104 0.04815618 0.01676473]

程序已被终止，正在关闭套接字...
套接字已关闭。
