YAML 文件验证通过
init data completed...
[0.4642857142857143, 0.5, 0.3333333333333333, 0.42424242424242425, 0.6153846153846154, 0.5869565217391305, 0.020151743665337563, 0.019819047302007675, 0.3628990827965235, 0.3628801073216571, 0.4638665246689981, 0.5334397037051554, 0.012850471373115268, 0.012850471373115268, 0.9774469891563058, 0.0, 0.0, 0.0, 0.005382954445667564, 0.4975005032029003, 0.49751201714389026, 0.0, -0.0, 0.0, 0.5, 0.0, 0.6976744186046512, 0.005952271167188883, 0.0]
[0.4642857142857143, 0.5, 0.3333333333333333, 0.42424242424242425, 0.6153846153846154, 0.5869565217391305, 0.037234459072351456, 0.03634452819824219, 0.36937532689329766, 0.36935671611224263, 0.461383549592691, 0.5359107678246038, 0.023930833808013374, 0.023930833808013374, 0.956456271931529, 0.0, 0.0, 0.0, 0.014820493943989276, 0.4934652470983565, 0.4954228224232793, 0.0, -0.0, 0.01395286712795496, 0.494418853148818, 0.0, 0.6976744186046512, 0.008630815893411636, 0.008865341078490019]
[0.4642857142857143, 0.5, 0.3333333333333333, 0.42424242424242425, 0.6153846153846154, 0.5869565217391305, 0.5757634043693542, 0.5751570463180542, 0.24135244781610843, 0.24133403077864052, 0.46537953387254966, 0.5356763608774259, 0.0202206163001912, 0.0202206163001912, 0.9548376798629761, 0.0, 0.0, 0.0, 0.008075103722512722, 0.4949065959081054, 0.49602427473291755, 0.0, -0.0, 0.0, 0.5, 0.0, 0.6976744186046512, 0.00455744843930006, 0.0]
[0.4642857142857143, 0.5, 0.3333333333333333, 0.42424242424242425, 0.6153846153846154, 0.5869565217391305, 0.11580217629671097, 0.1151498481631279, 0.33578373323663013, 0.33576484893521663, 0.45945790928590824, 0.5380738765121595, 0.022010021576923985, 0.022010021576923985, 0.9570255987346172, 0.0, 0.0, 0.0, 0.010365669475868344, 0.49517077999189496, 0.49594104290008545, 0.0, -0.0, 0.0, 0.5, 0.0, 0.6976744186046512, 0.006888771429657936, 0.0]
[0.4642857142857143, 0.5, 0.3333333333333333, 0.42424242424242425, 0.6153846153846154, 0.5869565217391305, 0.39815402030944824, 0.3973436653614044, 0.2636148396231248, 0.26359273006081807, 0.4648978417279843, 0.5345021379786691, 0.059281076703752794, 0.059281076703752794, 0.894567783921957, 0.0, 0.0, 0.0, 0.02284918902441859, 0.49367251293733716, 0.4942487240768969, 0.0, -0.0, 0.008698436431586742, 0.6031746031746031, 0.008014042861759663, 0.8, 0.008526044897735119, 0.0]
[0.4642857142857143, 0.5, 0.3333333333333333, 0.42424242424242425, 0.6153846153846154, 0.5869565217391305, 0.28097212314605713, 0.2808322608470917, 0.28042626700027495, 0.2804049779990435, 0.4713107886551443, 0.5277396320334306, 0.1418820662157876, 0.1418820662157876, 0.8341315388679504, 0.0, 0.0, 0.0, 0.05308844074606895, 0.4835334438830614, 0.48328534327447414, 0.0, -0.0, 0.01748555526137352, 0.6031746031746031, 0.018791954964399338, 0.8, 0.01614389754831791, 0.0]
[0.4642857142857143, 0.5, 0.3333333333333333, 0.42424242424242425, 0.6153846153846154, 0.5869565217391305, 0.16875006258487701, 0.16840721666812897, 0.31958874097061885, 0.319569207058354, 0.47802177020286285, 0.5202323330013469, 0.11804428483758654, 0.11804428483758654, 0.8418840393424034, 0.0, 0.0, 0.0, 0.05400770045816898, 0.4841337874531746, 0.48358871974051, 0.0, -0.0, 0.017608199268579483, 0.6031746031746031, 0.01839281991124153, 0.8, 0.0173287782818079, 0.0]
[0.4642857142857143, 0.5, 0.3333333333333333, 0.42424242424242425, 0.6153846153846154, 0.5869565217391305, 0.1421019434928894, 0.1416357010602951, 0.31678684400554824, 0.31676712774637783, 0.48421958197143294, 0.5139840339332825, 0.12015774846076967, 0.12015774846076967, 0.8169820532202721, 0.0, 0.0, 0.0, 0.05474613681435585, 0.48393220640718937, 0.4830027613788843, 0.0, -0.0, 0.018247194588184357, 0.6031746031746031, 0.018679475411772728, 0.8, 0.017535211518406868, 0.0]
[0.4642857142857143, 0.5, 0.3333333333333333, 0.42424242424242425, 0.6153846153846154, 0.5869565217391305, 0.14396564662456512, 0.14360235631465912, 0.3139824397705253, 0.31396260954453886, 0.48575208519886376, 0.5125934763751974, 0.12183439518724169, 0.12183439518724169, 0.8214530199766159, 0.0, 0.0, 0.0, 0.05556126311421394, 0.484138673171401, 0.4828157667070627, 0.0, -0.0, 0.018730714917182922, 0.6031746031746031, 0.019067255780100822, 0.8, 0.018090466037392616, 0.0]
[0.4642857142857143, 0.5, 0.3333333333333333, 0.42424242424242425, 0.6153846153846154, 0.5869565217391305, 0.144063338637352, 0.14369943737983704, 0.31359513494298286, 0.31357533890704126, 0.4855285065237924, 0.5128389352543582, 0.1220044174364635, 0.1220044174364635, 0.8217052966356277, 0.0, 0.0, 0.0, 0.0556408267468214, 0.48415398597717285, 0.48278458043932915, 0.0, -0.0, 0.018805934116244316, 0.6031746031746031, 0.01912832073867321, 0.8, 0.018140554428100586, 0.0]
[0.4642857142857143, 0.5, 0.3333333333333333, 0.42424242424242425, 0.6153846153846154, 0.5869565217391305, 0.1446385234594345, 0.14418239891529083, 0.30363298784478443, 0.3036106959355721, 0.4865882697000558, 0.5115572615922929, 0.12088544666767122, 0.12088544666767122, 0.8204832896590233, 0.0, 0.0, 0.0, 0.05362799540162086, 0.4833858646452427, 0.4819569103419781, 0.0, -0.0, 0.018930455669760704, 0.6031746031746031, 0.019190240651369095, 0.8, 0.017315715551376343, 0.0]
[0.4642857142857143, 0.5, 0.3333333333333333, 0.42424242424242425, 0.6153846153846154, 0.5869565217391305, 0.2211821973323822, 0.2208344042301178, 0.2835478636776284, 0.2835245916537983, 0.4883066926927913, 0.5101952299282559, 0.10588854551315308, 0.10588854551315308, 0.8261112868785858, 0.0, 0.0, 0.0, 0.05145180709660053, 0.4835586380213499, 0.4822727758437395, 0.0, -0.0, 0.019319670274853706, 0.6031746031746031, 0.01949089579284191, 0.8, 0.01666855253279209, 0.0]
[0.4642857142857143, 0.5, 0.3333333333333333, 0.42424242424242425, 0.6153846153846154, 0.5869565217391305, 0.7608660459518433, 0.7599563598632812, 0.19849828096466354, 0.19847158993635305, 0.4850118906730448, 0.5161016940791971, 0.16873885478292194, 0.16873885478292194, 0.7685298100113869, 0.0, 0.0, 0.0, 0.057085989788174626, 0.4783858973532915, 0.4767134692519903, 0.0, -0.0, 0.022865252569317818, 0.6031746031746031, 0.023893779143691063, 0.8, 0.016931427642703056, 0.0]
[0.4642857142857143, 0.5, 0.3333333333333333, 0.42424242424242425, 0.6153846153846154, 0.5869565217391305, 0.3598686754703522, 0.35971373319625854, 0.25416010697986613, 0.2541357408746023, 0.4750366943744127, 0.5247769791760313, 0.188840531877109, 0.188840531877109, 0.7863004356622696, 0.0, 0.0, 0.0, 0.060803523659706114, 0.47410015761852264, 0.4720083586871624, 0.0, -0.0, 0.028668908402323723, 0.6031746031746031, 0.030195564031600952, 0.8, 0.018191205337643623, 0.0]
[0.4642857142857143, 0.5, 0.3333333333333333, 0.42424242424242425, 0.6153846153846154, 0.5869565217391305, 0.23533037304878235, 0.23496755957603455, 0.30760746658646126, 0.30758547099097056, 0.46022297137098145, 0.5380192650385108, 0.18222345305340631, 0.18222345305340631, 0.7838852480053902, 0.0, 0.0, 0.0, 0.060303501784801476, 0.4764425549656153, 0.4750625863671303, 0.0, -0.0, 0.031907666474580765, 0.6031746031746031, 0.03182487562298775, 0.8, 0.01824989914894104, 0.0]
[0.4642857142857143, 0.5, 0.3333333333333333, 0.42424242424242425, 0.6153846153846154, 0.5869565217391305, 0.22634929418563843, 0.22595243155956268, 0.31075729284414144, 0.3107354795955563, 0.45670633436844865, 0.5414665204680394, 0.17657684428351267, 0.17657684428351267, 0.7877179905772209, 0.0, 0.0, 0.0, 0.05634074471890926, 0.47728653624653816, 0.47602604888379574, 0.0, -0.0, 0.03291960433125496, 0.6031746031746031, 0.0322767049074173, 0.8, 0.017994316294789314, 0.0]
[0.4642857142857143, 0.5, 0.3333333333333333, 0.42424242424242425, 0.6153846153846154, 0.5869565217391305, 0.2049117088317871, 0.20464791357517242, 0.2967521273611152, 0.29672951634481803, 0.43504899523682167, 0.5633155660300542, 0.17868609832865853, 0.17868609832865853, 0.795423187315464, 0.0, 0.0, 0.0, 0.06698171235620975, 0.4772940743714571, 0.4758875258266926, 0.0, -0.0, 0.03398744761943817, 0.6031746031746031, 0.03231919929385185, 0.8, 0.018926674500107765, 0.0]
[0.4642857142857143, 0.5, 0.3333333333333333, 0.42424242424242425, 0.6153846153846154, 0.5869565217391305, 0.21453313529491425, 0.21413041651248932, 0.2868267117677181, 0.28680373605760967, 0.43455390059469307, 0.5642099911356925, 0.20812533795833588, 0.20812533795833588, 0.7355617731809616, 0.0, 0.0, 0.0, 0.10358186736702918, 0.47355675138533115, 0.4700393248349428, 0.15287168323993683, 0.15287168323993683, 0.03538445010781288, 0.6031746031746031, 0.033295005559921265, 0.8, 0.020039264112710953, 0.0]
[0.4642857142857143, 0.5, 0.3333333333333333, 0.42424242424242425, 0.6153846153846154, 0.5869565217391305, 0.2509629726409912, 0.2505912780761719, 0.2659366171856911, 0.26591252460078574, 0.44740365340194554, 0.5514898681025837, 0.19644947988646372, 0.19644947988646372, 0.74176324903965, 0.0, 0.0, 0.0, 0.0864206038415432, 0.4685592092573643, 0.464264590293169, 0.12706467509269714, 0.12706467509269714, 0.03591141477227211, 0.6031746031746031, 0.03369259834289551, 0.8, 0.020521752536296844, 0.0]
[0.4642857142857143, 0.5, 0.3333333333333333, 0.42424242424242425, 0.6153846153846154, 0.5869565217391305, 0.31473228335380554, 0.31451570987701416, 0.23961484135906735, 0.2395897686595443, 0.48165266748596103, 0.5182164224287698, 0.23098512419632505, 0.23098512419632505, 0.7328615635633469, 0.0, 0.0, 0.0, 0.08597000315785408, 0.45547813922166824, 0.4486466385424137, 0.12601087987422943, 0.12601087987422943, 0.03713367506861687, 0.6031746031746031, 0.035648442804813385, 0.8, 0.02020457200706005, 0.0]
[0.4642857142857143, 0.5, 0.3333333333333333, 0.42424242424242425, 0.6153846153846154, 0.5869565217391305, 0.3518200218677521, 0.35149842500686646, 0.21765954453448266, 0.21763378803406347, 0.5227561658586645, 0.47831861461730985, 0.24256129349981037, 0.24256129349981037, 0.6842311918735504, 0.0, 0.0, 0.0, 0.09745821878314018, 0.45306727290153503, 0.4454519525170326, 0.14025995135307312, 0.14025995135307312, 0.053616002202034, 0.6031746031746031, 0.055828437209129333, 0.8, 0.02029968798160553, 0.0]
[0.4642857142857143, 0.5, 0.3333333333333333, 0.42424242424242425, 0.6153846153846154, 0.5869565217391305, 0.400836706161499, 0.4005810022354126, 0.21130858415855275, 0.21128259972450153, 0.531751496841985, 0.4697266962463901, 0.2397053156580244, 0.2397053156580244, 0.6644169241189957, 0.0, 0.0, 0.0, 0.10927710682153702, 0.4505559802055359, 0.4409695081412792, 0.15618015825748444, 0.15618015825748444, 0.06794383376836777, 0.6031746031746031, 0.07133501768112183, 0.8, 0.020772140473127365, 0.0]
[0.4642857142857143, 0.5, 0.3333333333333333, 0.42424242424242425, 0.6153846153846154, 0.5869565217391305, 0.4104495048522949, 0.41003885865211487, 0.20890012343572611, 0.2088740706215853, 0.5337143672583892, 0.4678423461170492, 0.24002781936100553, 0.24002781936100553, 0.6575833112001419, 0.0, 0.0, 0.0, 0.1390364348888397, 0.43949681892991066, 0.4272943511605263, 0.19846880435943604, 0.19846880435943604, 0.07266649603843689, 0.6031746031746031, 0.0755712240934372, 0.8, 0.021648487076163292, 0.003498560981824994]
[0.4642857142857143, 0.5, 0.3333333333333333, 0.42424242424242425, 0.6153846153846154, 0.5869565217391305, 0.39882171154022217, 0.39837589859962463, 0.20821060140547742, 0.20818452579797336, 0.5365302821418295, 0.46503822110072557, 0.23733482829162053, 0.23733482829162053, 0.6479533016681671, 0.0, 0.0, 0.0, 0.14619668200612068, 0.43379851430654526, 0.4213557168841362, 0.2086087316274643, 0.2086087316274643, 0.07552377134561539, 0.5884647066631015, 0.0786365270614624, 0.7948997660085213, 0.022616716101765633, 0.008425090927630663]
[0.4642857142857143, 0.5, 0.3333333333333333, 0.42424242424242425, 0.6153846153846154, 0.5869565217391305, 0.4008302390575409, 0.4004499614238739, 0.20890021460917896, 0.20887427576185413, 0.5377881737785631, 0.4638434556833822, 0.23846222886017393, 0.23846222886017393, 0.6478762924671173, 0.0, 0.0, 0.0, 0.1265534743666649, 0.4390932470560074, 0.42845460772514343, 0.18013674020767212, 0.18013674020767212, 0.07672183960676193, 0.5737662485667637, 0.08000123500823975, 0.7863647746312064, 0.022548377513885498, 0.010050276760011911]
[0.41032947905893835, 0.44189328514039516, 0.11621342971920967, 0.11621342971920967, 0.6153846153846154, 0.5869565217391305, 0.9041095972061157, 0.904071033000946, 0.15666067531870154, 0.15663334607622137, 0.537562952556756, 0.4663575522479724, 0.3068753331899643, 0.3068753331899643, 0.5170827805995941, 0.0, 0.0, 0.0, 0.24570234417915343, 0.35188329219818115, 0.32117439806461334, 0.34438517689704895, 0.34438517689704895, 0.26005789637565613, 0.39597684144973755, 0.300886869430542, 0.5390571438988974, 0.02608601748943329, 0.018919206922873855]
[0.4642857142857143, 0.5, 0.3333333333333333, 0.42424242424242425, 0.6153846153846154, 0.5869565217391305, 0.5798959732055664, 0.5795372724533081, 0.17658161889070761, 0.17655460875531226, 0.5530642544562229, 0.45002912193543093, 0.32665917915957315, 0.32665917915957315, 0.5263349413871765, 0.0, 0.0, 0.0, 0.47480874359607694, 0.2016800045967102, 0.17833733558654785, 0.6613694429397583, 0.6613694429397583, 0.22936813533306122, 0.4082527458667755, 0.2426304817199707, 0.4919935035151105, 0.05915367230772972, 0.1090326625853777]
[0.4642857142857143, 0.5, 0.3333333333333333, 0.42424242424242425, 0.6153846153846154, 0.5869565217391305, 0.4553088843822479, 0.4547644257545471, 0.20186761870666853, 0.2018412923721693, 0.5826093480418335, 0.41995079471271257, 0.33108749559947426, 0.33108749559947426, 0.517488494515419, 0.0, 0.0, 0.0, 0.5338225692510604, 0.13872769474983215, 0.12432456016540527, 0.7499327659606934, 0.7499327659606934, 0.1840793788433075, 0.426368248462677, 0.18954457342624664, 0.4729650602784268, 0.07921172678470612, 0.12218562886118889]
[0.4642857142857143, 0.5, 0.3333333333333333, 0.42424242424242425, 0.6153846153846154, 0.5869565217391305, 0.43858399987220764, 0.4378197491168976, 0.20302898614857895, 0.2030028193676221, 0.5964279954337709, 0.40649822013049414, 0.35701675074441097, 0.35701675074441097, 0.46327629685401917, 0.0, 0.0, 0.0, 0.5587295770645141, 0.10268208384513855, 0.09070909023284912, 0.7883508205413818, 0.7883508205413818, 0.15253880620002747, 0.43898447751998904, 0.15547627210617065, 0.4549253125523412, 0.09466049075126648, 0.15106610022485256]
[0.4642857142857143, 0.5, 0.3333333333333333, 0.42424242424242425, 0.6153846153846154, 0.5869565217391305, 0.3981699049472809, 0.3975197374820709, 0.20965736454805045, 0.20963144849408882, 0.5970106051939168, 0.40570405376978125, 0.36221097622598925, 0.36221097622598925, 0.4568764269351959, 0.0, 0.0, 0.0, 0.57442227602005, 0.0979611873626709, 0.08487111330032349, 0.8101959228515625, 0.8101959228515625, 0.13899961113929749, 0.44440015554428103, 0.1416444033384323, 0.4433422386646271, 0.09825821965932846, 0.16135092824697495]
[0.4642857142857143, 0.5, 0.3333333333333333, 0.42424242424242425, 0.6153846153846154, 0.5869565217391305, 0.32950907945632935, 0.3290918469429016, 0.23504386030237262, 0.23501869642939666, 0.5873373753709957, 0.41409948765155186, 0.36455346005303524, 0.36455346005303524, 0.48350435495376587, 0.0, 0.0, 0.0, 0.5865591943264007, 0.09940767288208008, 0.08763733506202698, 0.8311260342597961, 0.8311260342597961, 0.13029178977012634, 0.44788328409194944, 0.13184453547000885, 0.4516133873961693, 0.09480935335159302, 0.16200188547372818]
[0.4642857142857143, 0.5, 0.3333333333333333, 0.42424242424242425, 0.6153846153846154, 0.5869565217391305, 0.26079225540161133, 0.26072490215301514, 0.24211246971874345, 0.24208744260594678, 0.5482494926817331, 0.45194539416993734, 0.35587267151900703, 0.35587267151900703, 0.5048398226499557, 0.0, 0.0, 0.0, 0.6077212274074554, 0.10046908259391785, 0.09117022156715393, 0.8632800579071045, 0.8632800579071045, 0.11928840726613998, 0.452284637093544, 0.12065917998552322, 0.4517363280057907, 0.08453644067049026, 0.14093222096562386]
[0.4642857142857143, 0.5, 0.3333333333333333, 0.42424242424242425, 0.6153846153846154, 0.5869565217391305, 0.2453831434249878, 0.24534259736537933, 0.25042621218679517, 0.2504013902142672, 0.5146568234632394, 0.4847135205974948, 0.3479374200105667, 0.3479374200105667, 0.5201089382171631, 0.0, 0.0, 0.0, 0.6125999271869659, 0.10550358891487122, 0.0973137617111206, 0.8702892661094666, 0.8702892661094666, 0.11217182874679565, 0.4551312685012817, 0.11395138502120972, 0.4544194459915161, 0.0786387100815773, 0.10294132865965366]
[0.4642857142857143, 0.5, 0.3333333333333333, 0.42424242424242425, 0.6153846153846154, 0.5869565217391305, 0.23143711686134338, 0.23134870827198029, 0.25511216296748496, 0.2550874777551363, 0.4672479371951597, 0.5316196835696989, 0.3455824937139239, 0.3455824937139239, 0.5100753158330917, 0.0, 0.0, 0.0, 0.6129470020532608, 0.1058952808380127, 0.09879496693611145, 0.8725312352180481, 0.8725312352180481, 0.10657054930925369, 0.45737178027629855, 0.1081668958067894, 0.4647200953128726, 0.07734604179859161, 0.0]
[0.4642857142857143, 0.5, 0.3333333333333333, 0.42424242424242425, 0.6153846153846154, 0.5869565217391305, 0.22180327773094177, 0.22149214148521423, 0.26519106906868983, 0.26516672575678923, 0.42576701349327717, 0.5728455780290458, 0.347179759825979, 0.347179759825979, 0.5237429291009903, 0.0, 0.0, 0.0, 0.6085255891084671, 0.10724017024040222, 0.10684648156166077, 0.8721385598182678, 0.8721385598182678, 0.10280108451843262, 0.45887956619262693, 0.10430087894201279, 0.46328958383826324, 0.07639431953430176, 0.0]
[0.4642857142857143, 0.5, 0.3333333333333333, 0.42424242424242425, 0.6153846153846154, 0.5869565217391305, 0.21652424335479736, 0.21609264612197876, 0.2582759957468532, 0.258251698021679, 0.3781503728425298, 0.6219709427310627, 0.3576873775039401, 0.3576873775039401, 0.5272039175033569, 0.0, 0.0, 0.0, 0.5992113322019577, 0.10677707195281982, 0.10838586091995239, 0.8620843887329102, 0.8620843887329102, 0.10023573040962219, 0.45990570783615115, 0.10200835764408112, 0.46223385389461075, 0.07362250238656998, 0.0]
[0.4642857142857143, 0.5, 0.3333333333333333, 0.42424242424242425, 0.6153846153846154, 0.5869565217391305, 0.2213975191116333, 0.22093172371387482, 0.26130049269696265, 0.26127621776515164, 0.3893261753578259, 0.61042922695959, 0.39343690233571194, 0.39343690233571194, 0.5042729377746582, 0.0, 0.0, 0.0, 0.5897519409656524, 0.10028299689292908, 0.10141462087631226, 0.847332239151001, 0.847332239151001, 0.09942557662725449, 0.4602297693490982, 0.10106533020734787, 0.4646871810735658, 0.0736820176243782, 0.0]
[0.023421912321022587, 0.02522359788417816, 0.9495528042316437, 0.9495528042316437, 0.6153846153846154, 0.5869565217391305, 0.22405625879764557, 0.22371745109558105, 0.26697743052962175, 0.2669534519115324, 0.430872618582235, 0.5682865791584697, 0.41564794523375376, 0.41564794523375376, 0.48473772406578064, 0.0, 0.0, 0.0, 0.5878579348325729, 0.0934394896030426, 0.09492629766464233, 0.8442401885986328, 0.8442401885986328, 0.10084117203950882, 0.45966353118419645, 0.10131757706403732, 0.46768208575803183, 0.0758209303021431, 0.0]
[0.0, 0.0, 1.0, 1.0, 0.6153846153846154, 0.5869565217391305, 0.2949221134185791, 0.2948048412799835, 0.26705242069455903, 0.2670283964897433, 0.48771326890639094, 0.5111446105448689, 0.436005996806281, 0.436005996806281, 0.4867614209651947, 0.0, 0.0, 0.0, 0.5799062758684158, 0.09526705741882324, 0.09388077259063721, 0.8264492154121399, 0.8264492154121399, 0.09990793466567993, 0.46003682613372804, 0.09981140494346619, 0.4640371508376543, 0.07457859814167023, 0.0]
[0.0, 0.0, 1.0, 1.0, 0.6153846153846154, 0.5869565217391305, 0.29902803897857666, 0.29894599318504333, 0.2770259530776773, 0.27700213401313034, 0.5633674700447068, 0.43574060075774884, 0.46377778053283697, 0.46377778053283697, 0.4919757544994354, 0.0, 0.0, 0.0, 0.5778253912925719, 0.09931209683418274, 0.09331676363945007, 0.8200476765632629, 0.8200476765632629, 0.10109639912843704, 0.45956144034862517, 0.10182595252990723, 0.4592696189880371, 0.07284311950206757, 0.1109611801803112]
[0.0, 0.0, 1.0, 1.0, 0.6153846153846154, 0.5869565217391305, 0.2710324823856354, 0.2709468603134155, 0.27952137048112274, 0.279497802143571, 0.6095577020262213, 0.3905928289406564, 0.47628300530569895, 0.47628300530569895, 0.48786064982414246, 0.0, 0.0, 0.0, 0.5773861497640609, 0.10109573602676392, 0.09217661619186401, 0.8164269328117371, 0.8164269328117371, 0.10280884057283401, 0.4588764637708664, 0.10481223464012146, 0.4580751061439514, 0.07210665941238403, 0.16395457088947296]
[0.0, 0.0, 1.0, 1.0, 0.6153846153846154, 0.5869565217391305, 0.2566009759902954, 0.2564868628978729, 0.2785962790421729, 0.2785727107046211, 0.6079375839598092, 0.3921898687268256, 0.4780094112668719, 0.4780094112668719, 0.4771386682987213, 0.0, 0.0, 0.0, 0.5788519501686096, 0.10124024748802185, 0.09089821577072144, 0.8161522746086121, 0.8161522746086121, 0.10257931798696518, 0.4589682728052139, 0.1054464727640152, 0.45782141089439393, 0.0713982880115509, 0.1787123642861843]
[0.0, 0.0, 1.0, 1.0, 0.6153846153846154, 0.5869565217391305, 0.19869068264961243, 0.1984747052192688, 0.28423727174106106, 0.28421374899023577, 0.49768555548975163, 0.5000970634351447, 0.46274187309401377, 0.46274187309401377, 0.4937697947025299, 0.0, 0.0, 0.0, 0.5918691247701644, 0.10136333107948303, 0.0921134352684021, 0.841838002204895, 0.841838002204895, 0.10059648752212524, 0.4597614049911499, 0.10353923588991165, 0.45858430564403535, 0.0675642266869545, 0.031989291310310364]
[0.4642857142857143, 0.5, 0.3333333333333333, 0.42424242424242425, 0.6153846153846154, 0.5869565217391305, 0.19624438881874084, 0.19589625298976898, 0.2909111684868486, 0.29088819277674016, 0.3883314501942914, 0.6104140294846745, 0.43389673743929186, 0.43389673743929186, 0.5032468140125275, 0.0, 0.0, 0.0, 0.5927530527114868, 0.10334905982017517, 0.10166999697685242, 0.8458494544029236, 0.8458494544029236, 0.09745270758867264, 0.46101891696453096, 0.09955882281064987, 0.48386033884314605, 0.06266138702630997, 0.0]
[0.4642857142857143, 0.5, 0.3333333333333333, 0.42424242424242425, 0.6153846153846154, 0.5869565217391305, 0.1410297304391861, 0.14080680906772614, 0.2915490635494429, 0.29152652091323533, 0.27514356317757194, 0.727700311362123, 0.3937011105673654, 0.3937011105673654, 0.46905428171157837, 0.0, 0.0, 0.0, 0.5969358921051025, 0.10744908452033997, 0.113605797290802, 0.8579357862472534, 0.8579357862472534, 0.09131242334842682, 0.4634750306606293, 0.09430309385061264, 0.5011041774306186, 0.0572209469974041, 0.0]
[0.4642857142857143, 0.5, 0.3333333333333333, 0.42424242424242425, 0.6153846153846154, 0.5869565217391305, 0.14118130505084991, 0.1408768594264984, 0.29265663865419467, 0.29263409601798707, 0.28942716098880217, 0.7127044095541227, 0.3950933367013931, 0.3950933367013931, 0.4671684503555298, 0.0, 0.0, 0.0, 0.5959528505802154, 0.10703200101852417, 0.11304748058319092, 0.8576833605766296, 0.8576833605766296, 0.09160149097442627, 0.4633594036102295, 0.09466087073087692, 0.49966119056524233, 0.05764073133468628, 0.0]
[0.4642857142857143, 0.5, 0.3333333333333333, 0.42424242424242425, 0.6153846153846154, 0.5869565217391305, 0.14998140931129456, 0.1488669365644455, 0.28953499639011476, 0.2895118611264639, 0.38576135033631187, 0.6130819926475654, 0.4480702962194171, 0.4480702962194171, 0.48263129591941833, 0.0, 0.0, 0.0, 0.5970258682966232, 0.1040010154247284, 0.10773754119873047, 0.8602087497711182, 0.8602087497711182, 0.09494344890117645, 0.4620226204395294, 0.09744010865688324, 0.4779879021090131, 0.06438197940587997, 0.0]
[0.4642857142857143, 0.5, 0.3333333333333333, 0.42424242424242425, 0.6153846153846154, 0.5869565217391305, 0.15085084736347198, 0.15000100433826447, 0.28659574661838394, 0.28657258856136986, 0.5229821919711096, 0.4755995373374367, 0.4067718556949071, 0.4067718556949071, 0.4944891035556793, 0.0, 0.0, 0.0, 0.5963082492351531, 0.10842376947402954, 0.10035404562950134, 0.8484728336334229, 0.8484728336334229, 0.09477759897708893, 0.4620889604091644, 0.09625990688800812, 0.48730504374171413, 0.06670486181974411, 0.0]
[0.4642857142857143, 0.5, 0.3333333333333333, 0.42424242424242425, 0.6153846153846154, 0.5869565217391305, 0.14980334043502808, 0.1491931825876236, 0.2845551707776509, 0.2845319671339104, 0.5900285193842638, 0.4096284440958199, 0.4089993877070291, 0.4089993877070291, 0.4867827594280243, 0.0, 0.0, 0.0, 0.6061667650938034, 0.10837090015411377, 0.09674519300460815, 0.8605449795722961, 0.8605449795722961, 0.0945369154214859, 0.46218523383140564, 0.09674514085054398, 0.47522670307824777, 0.06622618436813354, 0.1367964781820774]
[0.4642857142857143, 0.5, 0.3333333333333333, 0.42424242424242425, 0.6153846153846154, 0.5869565217391305, 0.13556444644927979, 0.1354379951953888, 0.2811971613371577, 0.2811775818381665, 0.6272509704356439, 0.3734782270395455, 0.42109634195055284, 0.42109634195055284, 0.46713003516197205, 0.0, 0.0, 0.0, 0.6069167822599411, 0.10723158717155457, 0.09454569220542908, 0.8598558306694031, 0.8598558306694031, 0.09366098791360855, 0.4625356048345566, 0.09685658663511276, 0.4683433022609977, 0.06530512869358063, 0.1708007976412773]
[0.4642857142857143, 0.5, 0.3333333333333333, 0.42424242424242425, 0.6153846153846154, 0.5869565217391305, 0.14439657330513, 0.14417725801467896, 0.27466729585344885, 0.2746474884208256, 0.6827171952045215, 0.3202280984047443, 0.4412545476640974, 0.4412545476640974, 0.4669075906276703, 0.0, 0.0, 0.0, 0.6033965915441513, 0.11747711896896362, 0.10584595799446106, 0.8519121408462524, 0.8519121408462524, 0.09410031139850616, 0.46235987544059753, 0.09738706052303314, 0.4669093600539274, 0.06642524152994156, 0.20456824451684952]
[0.4642857142857143, 0.5, 0.3333333333333333, 0.42424242424242425, 0.6153846153846154, 0.5869565217391305, 0.14727018773555756, 0.1470208615064621, 0.27108873783060516, 0.2710687708444395, 0.6938624090263994, 0.3095768965402429, 0.4555762452738626, 0.4555762452738626, 0.45983007550239563, 0.0, 0.0, 0.0, 0.6011067986488342, 0.11989644169807434, 0.1085856556892395, 0.8477137684822083, 0.8477137684822083, 0.09340856969356537, 0.46263657212257386, 0.09625125676393509, 0.4706855152928552, 0.0678865909576416, 0.22886544466018677]
[0.4642857142857143, 0.5, 0.3333333333333333, 0.42424242424242425, 0.6153846153846154, 0.5869565217391305, 0.14653605222702026, 0.14627088606357574, 0.26828877830140674, 0.2682685833816091, 0.6741670627666934, 0.3283893076862427, 0.44153009142194477, 0.44153009142194477, 0.45333319902420044, 0.0, 0.0, 0.0, 0.6012725859880447, 0.1196756660938263, 0.10826098918914795, 0.847861111164093, 0.847861111164093, 0.09259425103664398, 0.4629622995853424, 0.0953034907579422, 0.47540171201839004, 0.0678311139345169, 0.23008620366454124]
[0.4642857142857143, 0.5, 0.3333333333333333, 0.42424242424242425, 0.6153846153846154, 0.5869565217391305, 0.17875157296657562, 0.17839862406253815, 0.275487788548661, 0.2754678443558586, 0.5034851643539979, 0.4949015613217148, 0.4143800692898887, 0.4143800692898887, 0.47011375427246094, 0.0, 0.0, 0.0, 0.5979436129331588, 0.10997948050498962, 0.10073494911193848, 0.8479553461074829, 0.8479553461074829, 0.09409452974796295, 0.4623621881008148, 0.09678836166858673, 0.47404193600942923, 0.0645098090171814, 0.0741835031658411]
[0.4642857142857143, 0.5, 0.3333333333333333, 0.42424242424242425, 0.6153846153846154, 0.5869565217391305, 0.17880067229270935, 0.17845527827739716, 0.2770692148810363, 0.2770493618616866, 0.45114890498823235, 0.5471222675958459, 0.41460143668310984, 0.41460143668310984, 0.4782227873802185, 0.0, 0.0, 0.0, 0.5969200164079665, 0.10802996158599854, 0.10099148750305176, 0.8477957844734192, 0.8477957844734192, 0.09488702565431595, 0.46204518973827363, 0.09729091078042984, 0.47374236029247907, 0.06399600952863693, 0.036014344077557325]
[0.4642857142857143, 0.5, 0.3333333333333333, 0.42424242424242425, 0.6153846153846154, 0.5869565217391305, 0.13155116140842438, 0.13135239481925964, 0.2916488301001817, 0.2916300483689025, 0.34563960627889545, 0.6546295299534082, 0.39391318602221354, 0.39391318602221354, 0.4716339707374573, 0.0, 0.0, 0.0, 0.5838371068239212, 0.11949360370635986, 0.12088873982429504, 0.8394635319709778, 0.8394635319709778, 0.09659988433122635, 0.4613600462675095, 0.09877795726060867, 0.5174152518427649, 0.06089150160551071, 0.0]
[0.4642857142857143, 0.5, 0.3333333333333333, 0.42424242424242425, 0.6153846153846154, 0.5869565217391305, 0.12555000185966492, 0.12537093460559845, 0.2896317542169108, 0.2896128357254524, 0.32766904520942874, 0.6730748767783897, 0.3920422813722066, 0.3920422813722066, 0.45584583282470703, 0.0, 0.0, 0.0, 0.5935535967350005, 0.11400547623634338, 0.11996287107467651, 0.8539389967918396, 0.8539389967918396, 0.09558283537626266, 0.46176686584949495, 0.09837876260280609, 0.5071034265118977, 0.05835692584514618, 0.0]
[0.4642857142857143, 0.5, 0.3333333333333333, 0.42424242424242425, 0.6153846153846154, 0.5869565217391305, 0.13848817348480225, 0.1380242109298706, 0.29991443298514897, 0.2998960387410443, 0.4078777791437182, 0.590948639767981, 0.4241011611052922, 0.4241011611052922, 0.489714652299881, 0.0, 0.0, 0.0, 0.5794212847948074, 0.1181584894657135, 0.11832025647163391, 0.8317613005638123, 0.8317613005638123, 0.09765215963125229, 0.4609391361474991, 0.10042984038591385, 0.4616746652958005, 0.061666373163461685, 0.0]
[0.4642857142857143, 0.5, 0.3333333333333333, 0.42424242424242425, 0.6153846153846154, 0.5869565217391305, 0.0851893350481987, 0.08469253778457642, 0.3143728444954633, 0.31435535058920516, 0.4975384243302774, 0.500922354133311, 0.4328586161136627, 0.4328586161136627, 0.5078426897525787, 0.0, 0.0, 0.0, 0.5689067751169204, 0.1364384889602661, 0.12794175744056702, 0.813774585723877, 0.813774585723877, 0.09877622872591019, 0.46048950850963594, 0.1001686155796051, 0.5040452715962432, 0.06524819880723953, 0.0]
[0.4642857142857143, 0.5, 0.3333333333333333, 0.42424242424242425, 0.6153846153846154, 0.5869565217391305, 0.07898317277431488, 0.07842075824737549, 0.3106250457508386, 0.3106072555308588, 0.5106500408275634, 0.48773179495944985, 0.4319977334567479, 0.4319977334567479, 0.5081375241279602, 0.0, 0.0, 0.0, 0.5702979326248169, 0.13601619005203247, 0.1256987750530243, 0.8148303627967834, 0.8148303627967834, 0.09817299991846085, 0.4607308000326157, 0.09944026172161102, 0.49895518740942313, 0.06496776640415192, 0.0]
[0.4642857142857143, 0.5, 0.3333333333333333, 0.42424242424242425, 0.6153846153846154, 0.5869565217391305, 0.0752117857336998, 0.0745992586016655, 0.3030433463320905, 0.30302504326143864, 0.4890471721356503, 0.5091588555918091, 0.4311488994530269, 0.4311488994530269, 0.49952493607997894, 0.0, 0.0, 0.0, 0.5793526709079742, 0.12914350628852844, 0.11969968676567078, 0.8270313143730164, 0.8270313143730164, 0.09705184400081635, 0.46117926239967344, 0.09798447787761688, 0.493629630221877, 0.06515426933765411, 0.0]
[0.4642857142857143, 0.5, 0.3333333333333333, 0.42424242424242425, 0.6153846153846154, 0.5869565217391305, 0.06772347539663315, 0.06665200740098953, 0.2994499498298018, 0.29943146441224433, 0.4362106020090457, 0.5619518540677737, 0.424349776336125, 0.424349776336125, 0.492011696100235, 0.0, 0.0, 0.0, 0.5818980604410171, 0.12588751316070557, 0.11993315815925598, 0.8335936665534973, 0.8335936665534973, 0.09893832355737686, 0.4604246705770493, 0.0990980714559555, 0.4794377920239471, 0.06692816317081451, 0.0]
[0.4642857142857143, 0.5, 0.3333333333333333, 0.42424242424242425, 0.6153846153846154, 0.5869565217391305, 0.0700826570391655, 0.06915885955095291, 0.3028433117766225, 0.30282494032588103, 0.4083705887511857, 0.5901343725100936, 0.43160706758499146, 0.43160706758499146, 0.5105336606502533, 0.0, 0.0, 0.0, 0.5676881849765777, 0.1331179440021515, 0.13035240769386292, 0.8158402442932129, 0.8158402442932129, 0.09999007731676102, 0.4600039690732956, 0.10000104457139969, 0.4906196718992189, 0.06699463725090027, 0.0]
[0.4642857142857143, 0.5, 0.3333333333333333, 0.42424242424242425, 0.6153846153846154, 0.5869565217391305, 0.056762970983982086, 0.05544654652476311, 0.3065893326389174, 0.306571303088624, 0.38881168356361173, 0.610041882243662, 0.43658241629600525, 0.43658241629600525, 0.51746965944767, 0.0, 0.0, 0.0, 0.5648721367120743, 0.1367565095424652, 0.13675862550735474, 0.8133178353309631, 0.8133178353309631, 0.10381905734539032, 0.45847237706184385, 0.10335630178451538, 0.490511343922726, 0.06847862154245377, 0.0]
[0.4642857142857143, 0.5, 0.3333333333333333, 0.42424242424242425, 0.6153846153846154, 0.5869565217391305, 0.8866864442825317, 0.8862184882164001, 0.22770186728774705, 0.2276797805188035, 0.4119932861218717, 0.5884711550430353, 0.5068273416587284, 0.5068273416587284, 0.49095258116722107, 0.0, 0.0, 0.0, 0.5390917778015136, 0.12577199935913086, 0.12855401635169983, 0.7770538926124573, 0.7770538926124573, 0.12036478519439697, 0.4518540859222412, 0.12572379410266876, 0.4497104823589325, 0.07017505913972855, 0.0]
[0.4642857142857143, 0.5, 0.3333333333333333, 0.42424242424242425, 0.6153846153846154, 0.5869565217391305, 0.33848267793655396, 0.3381332755088806, 0.2639215699117453, 0.26390123823176836, 0.389907748019946, 0.6098897650359871, 0.4357526983533587, 0.4357526983533587, 0.49035295844078064, 0.0, 0.0, 0.0, 0.5434361904859543, 0.12878528237342834, 0.13207143545150757, 0.7793229818344116, 0.7793229818344116, 0.12683522701263428, 0.4492659091949463, 0.1324259340763092, 0.4470296263694763, 0.07132046669721603, 0.0]
[0.4642857142857143, 0.5, 0.3333333333333333, 0.42424242424242425, 0.6153846153846154, 0.5869565217391305, 0.24698147177696228, 0.24653439223766327, 0.2811420241915701, 0.28112246748594205, 0.3961505880775233, 0.6029178821055379, 0.4301677218505315, 0.4301677218505315, 0.5072169452905655, 0.0, 0.0, 0.0, 0.5474408507347106, 0.13304996490478516, 0.13553008437156677, 0.7859925031661987, 0.7859925031661987, 0.12399519234895706, 0.45040192306041715, 0.12907131016254425, 0.4483714759349823, 0.07029635459184647, 0.0]
[0.4642857142857143, 0.5, 0.3333333333333333, 0.42424242424242425, 0.6153846153846154, 0.5869565217391305, 0.1824161410331726, 0.18186798691749573, 0.2774319256696829, 0.2774120726503332, 0.4108558346163018, 0.5878124695840297, 0.42691286121095934, 0.42691286121095934, 0.5101657509803772, 0.0, 0.0, 0.0, 0.5654919356107712, 0.13230007886886597, 0.13465330004692078, 0.8118898868560791, 0.8118898868560791, 0.11718158423900604, 0.4531273663043976, 0.12051966041326523, 0.4517921358346939, 0.0696374922990799, 0.0]
[0.4642857142857143, 0.5, 0.3333333333333333, 0.42424242424242425, 0.6153846153846154, 0.5869565217391305, 0.16951113939285278, 0.16891680657863617, 0.2729371656195383, 0.2729170390798302, 0.42078712519906447, 0.5777635324816809, 0.41286068303244455, 0.41286068303244455, 0.5060052424669266, 0.0, 0.0, 0.0, 0.5691108226776123, 0.12865006923675537, 0.1305607557296753, 0.8170433640480042, 0.8170433640480042, 0.11142098903656006, 0.455431604385376, 0.11366286873817444, 0.4577645243600358, 0.06878688186407089, 0.0]
[0.4642857142857143, 0.5, 0.3333333333333333, 0.42424242424242425, 0.6153846153846154, 0.5869565217391305, 0.17149920761585236, 0.17109498381614685, 0.27242527226872926, 0.272405236902474, 0.44070318529300434, 0.5581056556619097, 0.3818533250263759, 0.3818533250263759, 0.503647968173027, 0.0, 0.0, 0.0, 0.5620281964540481, 0.12834027409553528, 0.12987196445465088, 0.8032553791999817, 0.8032553791999817, 0.10862723737955093, 0.45654910504817964, 0.11017580330371857, 0.47805772271267205, 0.06962533295154572, 0.0]
[0.4642857142857143, 0.5, 0.3333333333333333, 0.42424242424242425, 0.6153846153846154, 0.5869565217391305, 0.20789194107055664, 0.20772671699523926, 0.2585371848957944, 0.25851657969545905, 0.5235039890382304, 0.47607090408847114, 0.3648196692977633, 0.3648196692977633, 0.5122149288654327, 0.0, 0.0, 0.0, 0.5664190888404845, 0.1377154290676117, 0.12807708978652954, 0.8018566370010376, 0.8018566370010376, 0.1051061674952507, 0.45795753300189973, 0.10658853501081467, 0.4733893483184105, 0.06957834213972092, 0.05310028791427612]
[0.4642857142857143, 0.5, 0.3333333333333333, 0.42424242424242425, 0.6153846153846154, 0.5869565217391305, 0.21930547058582306, 0.21906845271587372, 0.26017306457286127, 0.2601524821658891, 0.5844928320233727, 0.4159895247250118, 0.3892212041786739, 0.3892212041786739, 0.49360379576683044, 0.0, 0.0, 0.0, 0.570717105269432, 0.13227465748786926, 0.11793789267539978, 0.8066680431365967, 0.8066680431365967, 0.10390128195285797, 0.4584394872188568, 0.10642766207456589, 0.45742893517017363, 0.0671517476439476, 0.11524439789354801]
[0.4642857142857143, 0.5, 0.3333333333333333, 0.42424242424242425, 0.6153846153846154, 0.5869565217391305, 0.22614605724811554, 0.2257484346628189, 0.2590571243038141, 0.259036541896842, 0.6305474947788975, 0.3711303282827487, 0.4173364170960018, 0.4173364170960018, 0.4900706708431244, 0.0, 0.0, 0.0, 0.5644944369792938, 0.14549905061721802, 0.12913188338279724, 0.7932726740837097, 0.7932726740837097, 0.10512398928403854, 0.45795040428638456, 0.10860011726617813, 0.45655995309352876, 0.0662272498011589, 0.1624399796128273]
[0.4642857142857143, 0.5, 0.3333333333333333, 0.42424242424242425, 0.6153846153846154, 0.5869565217391305, 0.20010297000408173, 0.19970518350601196, 0.26978468393504507, 0.2697647625356058, 0.6514614882022427, 0.3506492606033964, 0.4153204389980861, 0.4153204389980861, 0.4909272640943527, 0.0, 0.0, 0.0, 0.5633394330739975, 0.14994901418685913, 0.132961243391037, 0.7909606695175171, 0.7909606695175171, 0.10654422640800476, 0.4573823094367981, 0.1103433296084404, 0.45586266815662385, 0.06714862585067749, 0.18039053305983543]
[0.4642857142857143, 0.5, 0.3333333333333333, 0.42424242424242425, 0.6153846153846154, 0.5869565217391305, 0.18916098773479462, 0.18883252143859863, 0.2738689355139067, 0.27384919646137307, 0.6263556015423105, 0.37481591254251134, 0.4068705226693835, 0.4068705226693835, 0.4919110834598541, 0.0, 0.0, 0.0, 0.5701814621686935, 0.14908325672149658, 0.1317305862903595, 0.8034109473228455, 0.8034109473228455, 0.10571284592151642, 0.4577148616313934, 0.10956790298223495, 0.456172838807106, 0.06803968548774719, 0.18232671543955803]
[0.4642857142857143, 0.5, 0.3333333333333333, 0.42424242424242425, 0.6153846153846154, 0.5869565217391305, 0.20678186416625977, 0.20642144978046417, 0.2707819847486215, 0.270761926589003, 0.5659024738216947, 0.43367998955076054, 0.3387512266635895, 0.3387512266635895, 0.5108818113803864, 0.0, 0.0, 0.0, 0.5708138823509216, 0.1540820598602295, 0.13826900720596313, 0.805565357208252, 0.805565357208252, 0.10267183929681778, 0.4589312642812729, 0.10663459450006485, 0.5034164079399996, 0.06647325307130814, 0.15636136755347252]
[0.4642857142857143, 0.5, 0.3333333333333333, 0.42424242424242425, 0.6153846153846154, 0.5869565217391305, 0.20707255601882935, 0.20669153332710266, 0.26365703013841324, 0.2636365389048939, 0.480235900409363, 0.5185481655843349, 0.3480848563568933, 0.3480848563568933, 0.5152560919523239, 0.0, 0.0, 0.0, 0.5557582348585128, 0.15278011560440063, 0.14288899302482605, 0.7900399565696716, 0.7900399565696716, 0.10208499431610107, 0.4591660022735596, 0.105288065969944, 0.49227035322854684, 0.0659002810716629, 0.02418617717921734]
[0.4642857142857143, 0.5, 0.3333333333333333, 0.42424242424242425, 0.6153846153846154, 0.5869565217391305, 0.19299782812595367, 0.19239705801010132, 0.26681117573842034, 0.26679077567835385, 0.42196748521086364, 0.5769787826291412, 0.3556431829929352, 0.3556431829929352, 0.5220270454883575, 0.0, 0.0, 0.0, 0.5368371993303298, 0.15099039673805237, 0.14813336730003357, 0.770159900188446, 0.770159900188446, 0.10432428866624832, 0.45827028453350066, 0.10574354231357574, 0.5007897352063378, 0.06551458686590195, 0.0]
[0.4642857142857143, 0.5, 0.3333333333333333, 0.42424242424242425, 0.6153846153846154, 0.5869565217391305, 0.05315553769469261, 0.05238086357712746, 0.3693857890470078, 0.36937186230209085, 0.5020094753650817, 0.4970055084104925, 0.4267286828586034, 0.4267286828586034, 0.6056083589792252, 0.0, 0.0, 0.0, 0.5293649613857269, 0.17120221257209778, 0.18068552017211914, 0.7644721865653992, 0.7644721865653992, 0.10818397253751755, 0.456726410984993, 0.10849407315254211, 0.5299580617006435, 0.0669473335146904, 0.0]
[0.4642857142857143, 0.5, 0.3333333333333333, 0.42424242424242425, 0.6153846153846154, 0.5869565217391305, 0.0, 0.0, 0.41236014530262116, 0.4123492101866246, 0.5717548578692668, 0.42913957439412076, 0.4327973510537829, 0.4327973510537829, 0.61741042137146, 0.0, 0.0, 0.0, 0.5176318198442459, 0.19628766179084778, 0.20115840435028076, 0.7551223635673523, 0.7551223635673523, 0.11749858409166336, 0.45300056636333463, 0.11525554209947586, 0.5299380802830984, 0.07575709372758865, 0.0]
[0.4642857142857143, 0.5, 0.3333333333333333, 0.42424242424242425, 0.6153846153846154, 0.5869565217391305, 0.0, 0.0, 0.4092184049905372, 0.40920723624256783, 0.5791417196193571, 0.4217181465087333, 0.4301092454365322, 0.4301092454365322, 0.616484135389328, 0.0, 0.0, 0.0, 0.515593472123146, 0.19980761408805847, 0.2058665156364441, 0.7535458207130432, 0.7535458207130432, 0.12562286853790283, 0.4497508525848389, 0.12114240974187851, 0.52580478579499, 0.08384876698255539, 0.0]
[0.4642857142857143, 0.5, 0.3333333333333333, 0.42424242424242425, 0.6153846153846154, 0.5869565217391305, 0.0, 0.0, 0.41235437288339005, 0.41234339787900787, 0.6077395780136663, 0.39382839243402396, 0.4240378737449646, 0.4240378737449646, 0.6089291423559189, 0.0, 0.0, 0.0, 0.5133909851312637, 0.19410178065299988, 0.19336119294166565, 0.7493770122528076, 0.7493770122528076, 0.1292354017496109, 0.44830583930015566, 0.12333080172538757, 0.5261071788710218, 0.08685395121574402, 0.0]
[0.4642857142857143, 0.5, 0.3333333333333333, 0.42424242424242425, 0.6153846153846154, 0.5869565217391305, 0.0, 0.0, 0.3886826275411573, 0.38866996582789815, 0.5305349837069757, 0.4686243123301078, 0.41641054408890865, 0.41641054408890865, 0.6128635853528976, 0.0, 0.0, 0.0, 0.5134626030921936, 0.19897276163101196, 0.19809570908546448, 0.7480522394180298, 0.7480522394180298, 0.12942352890968323, 0.44823058843612673, 0.1228002980351448, 0.5368621196857719, 0.08739661425352097, 0.0]
[0.4642857142857143, 0.5, 0.3333333333333333, 0.42424242424242425, 0.6153846153846154, 0.5869565217391305, 0.37583136558532715, 0.37525463104248047, 0.24759589189781056, 0.2475746940700319, 0.4818944153206754, 0.5175570759622312, 0.394569890839713, 0.394569890839713, 0.537023276090622, 0.0, 0.0, 0.0, 0.5301087617874145, 0.13786715269088745, 0.13334020972251892, 0.754902184009552, 0.754902184009552, 0.122239850461483, 0.4511040598154068, 0.11750151962041855, 0.4927478072255157, 0.0789211094379425, 0.04714897833764553]
[0.4642857142857143, 0.5, 0.3333333333333333, 0.42424242424242425, 0.6153846153846154, 0.5869565217391305, 0.22087924182415009, 0.22070513665676117, 0.2630973391049679, 0.26307684787144847, 0.4793106465677002, 0.5195855200353995, 0.3725660166570119, 0.3725660166570119, 0.5263362675905228, 0.0, 0.0, 0.0, 0.5656954824924468, 0.1280888020992279, 0.12356525659561157, 0.805777370929718, 0.805777370929718, 0.11427201330661774, 0.4542911946773529, 0.11181030422449112, 0.4921485518300256, 0.07499516755342484, 0.07869445718824863]
[0.4642857142857143, 0.5, 0.3333333333333333, 0.42424242424242425, 0.6153846153846154, 0.5869565217391305, 0.1873733103275299, 0.18721458315849304, 0.2685293850433758, 0.2685090761567621, 0.4751954871883356, 0.5235243699012199, 0.3630698791572026, 0.3630698791572026, 0.5268978029489517, 0.0, 0.0, 0.0, 0.5670333176851272, 0.12767979502677917, 0.1234571635723114, 0.8080040812492371, 0.8080040812492371, 0.10960027575492859, 0.45615988969802856, 0.10802681744098663, 0.5138619278752526, 0.07458128780126572, 0.0784199871122837]
[0.4642857142857143, 0.5, 0.3333333333333333, 0.42424242424242425, 0.6153846153846154, 0.5869565217391305, 0.17179614305496216, 0.17166221141815186, 0.2675427059370519, 0.2675223742570749, 0.47355378665614084, 0.5251495566417742, 0.3468912733452661, 0.3468912733452661, 0.5270502120256424, 0.0, 0.0, 0.0, 0.5746975034475326, 0.12787312269210815, 0.12381699681282043, 0.820807158946991, 0.820807158946991, 0.10388517379760742, 0.45844593048095705, 0.10312442481517792, 0.5224066764809365, 0.0764869824051857, 0.06961464881896973]
[0.4642857142857143, 0.5, 0.3333333333333333, 0.42424242424242425, 0.6153846153846154, 0.5869565217391305, 0.1682659536600113, 0.16811741888523102, 0.2651483543060478, 0.26512793145261804, 0.45352005582466637, 0.5451902479965367, 0.3439239731856755, 0.3439239731856755, 0.5277575999498367, 0.0, 0.0, 0.0, 0.5776457726955413, 0.12748277187347412, 0.12544354796409607, 0.8257359266281128, 0.8257359266281128, 0.10150691121816635, 0.4593972355127335, 0.10094857960939407, 0.5275466102500295, 0.0788041353225708, 0.038051875308156013]
[0.4642857142857143, 0.5, 0.3333333333333333, 0.42424242424242425, 0.6153846153846154, 0.5869565217391305, 0.1725214570760727, 0.17229337990283966, 0.2653446279565873, 0.2653241823097944, 0.4479111077452709, 0.5508048937044403, 0.3347727337053844, 0.3347727337053844, 0.5266847610473633, 0.0, 0.0, 0.0, 0.5576196134090423, 0.1480320394039154, 0.1487688422203064, 0.7965322732925415, 0.7965322732925415, 0.10139995813369751, 0.459440016746521, 0.10072541981935501, 0.5317523659661759, 0.07742859423160553, 0.02395925112068653]
[0.4642857142857143, 0.5, 0.3333333333333333, 0.42424242424242425, 0.6153846153846154, 0.5869565217391305, 0.18123342096805573, 0.18089687824249268, 0.26516260015804954, 0.2651421089245302, 0.44827302646454614, 0.5504863144284174, 0.3343213668891362, 0.3343213668891362, 0.5245011895895004, 0.0, 0.0, 0.0, 0.5532696932554244, 0.16288089752197266, 0.16237056255340576, 0.7901874780654907, 0.7901874780654907, 0.10278091579675674, 0.4588876336812973, 0.1019405871629715, 0.5317988887775776, 0.07570250332355499, 0.0052335683722049]
[0.4642857142857143, 0.5, 0.3333333333333333, 0.42424242424242425, 0.6153846153846154, 0.5869565217391305, 0.210671067237854, 0.2105909287929535, 0.268191815334342, 0.26817159762118103, 0.4573254619456158, 0.54137799389453, 0.32567304159913746, 0.32567304159913746, 0.5378779321908951, 0.0, 0.0, 0.0, 0.5460934609174728, 0.1787739396095276, 0.17353615164756775, 0.7841973304748535, 0.7841973304748535, 0.1036931723356247, 0.45852273106575014, 0.1027412936091423, 0.5349783564722815, 0.06665674597024918, 0.0]
[0.4642857142857143, 0.5, 0.3333333333333333, 0.42424242424242425, 0.6153846153846154, 0.5869565217391305, 0.44468286633491516, 0.4446119964122772, 0.23769030653039996, 0.23766856166190442, 0.4673589807623431, 0.532287133076856, 0.4057235590049199, 0.4057235590049199, 0.5412527471780777, 0.0, 0.0, 0.0, 0.5326810628175735, 0.1476905345916748, 0.14065423607826233, 0.7564311623573303, 0.7564311623573303, 0.11982855945825577, 0.4520685762166977, 0.1266181766986847, 0.5158254504203796, 0.06657782196998596, 0.051703681237995625]
[0.4642857142857143, 0.5, 0.3333333333333333, 0.42424242424242425, 0.6153846153846154, 0.5869565217391305, 0.11419879645109177, 0.11413212865591049, 0.32426550602593796, 0.3242482970367198, 0.48308167317401385, 0.5142908183561405, 0.32341545181615017, 0.32341545181615017, 0.5696832537651062, 0.0, 0.0, 0.0, 0.565025845170021, 0.18559709191322327, 0.1720423698425293, 0.8062118887901306, 0.8062118887901306, 0.10085028409957886, 0.45965988636016847, 0.10447060316801071, 0.5520032519517943, 0.054796457290649414, 0.028974516317248344]
[0.4642857142857143, 0.5, 0.3333333333333333, 0.42424242424242425, 0.6153846153846154, 0.5869565217391305, 0.07915537059307098, 0.07907412201166153, 0.33361204997075444, 0.3335953994189348, 0.500942982982552, 0.49621635658968427, 0.323372557759285, 0.323372557759285, 0.5737715363502502, 0.0, 0.0, 0.0, 0.5664308339357376, 0.2019856572151184, 0.18569526076316833, 0.8086708784103394, 0.8086708784103394, 0.09670691192150116, 0.46131723523139956, 0.10015204548835754, 0.575174959593041, 0.05198078975081444, 0.0]
[0.4642857142857143, 0.5, 0.3333333333333333, 0.42424242424242425, 0.6153846153846154, 0.5869565217391305, 0.061518799513578415, 0.06142574921250343, 0.34266435438998566, 0.34264817110211165, 0.5145220619770583, 0.4824602029013082, 0.30862563422748024, 0.30862563422748024, 0.5769456326961517, 0.0, 0.0, 0.0, 0.5648832768201828, 0.20569288730621338, 0.18777421116828918, 0.8062354326248169, 0.8062354326248169, 0.0, 0.5, 0.09437156468629837, 0.6169580009787582, 0.0482238233089447, 0.0]
[0.4642857142857143, 0.5, 0.3333333333333333, 0.42424242424242425, 0.6153846153846154, 0.5869565217391305, 0.05290615186095238, 0.0527762845158577, 0.346455483318059, 0.3464395165671354, 0.519368406805436, 0.47751342766548843, 0.30521397079740253, 0.30521397079740253, 0.5782664269208908, 0.0, 0.0, 0.0, 0.5556371957063675, 0.2087617814540863, 0.19039320945739746, 0.7936031222343445, 0.7936031222343445, 0.0, 0.5, 0.0, 0.6976744186046512, 0.04634983465075493, 0.0]
[0.4642857142857143, 0.5, 0.3333333333333333, 0.42424242424242425, 0.6153846153846154, 0.5869565217391305, 0.012077271938323975, 0.012068081647157669, 0.36460855084669064, 0.3645936781772008, 0.5283083427932477, 0.46835092873185313, 0.2811939801488604, 0.2811939801488604, 0.5914629101753235, 0.0, 0.0, 0.0, 0.5513798803091049, 0.23418796062469482, 0.21312397718429565, 0.7882134318351746, 0.7882134318351746, 0.0, 0.5, 0.0, 0.6976744186046512, 0.04074309021234512, 0.0]
[0.4642857142857143, 0.5, 0.3333333333333333, 0.42424242424242425, 0.6153846153846154, 0.5869565217391305, 0.009394766762852669, 0.009379783645272255, 0.372977772360778, 0.3729634581286866, 0.5278338476531136, 0.4686151550964411, 0.2683026875768389, 0.2683026875768389, 0.6267387568950653, 0.0, 0.0, 0.0, 0.4863424479961395, 0.276070237159729, 0.2570217102766037, 0.6960529685020447, 0.6960529685020447, 0.0, 0.5, 0.0, 0.6976744186046512, 0.03303069248795509, 0.0]
[0.4642857142857143, 0.5, 0.3333333333333333, 0.42424242424242425, 0.6153846153846154, 0.5869565217391305, 0.006920305546373129, 0.006906587164849043, 0.3798449226364807, 0.37983100728824537, 0.5210664710510757, 0.475151795907362, 0.2654309677226203, 0.2654309677226203, 0.6331417411565781, 0.0, 0.0, 0.0, 0.45221666693687435, 0.29607096314430237, 0.2781717777252197, 0.6461991667747498, 0.6461991667747498, 0.035568974912166595, 0.4857724100351334, 0.037033699452877045, 0.7377481843929652, 0.028811350464820862, 0.020863697864115238]
[0.4642857142857143, 0.5, 0.3333333333333333, 0.42424242424242425, 0.6153846153846154, 0.5869565217391305, 0.0, 0.0, 0.41085541293908256, 0.4108436002786027, 0.500943820193467, 0.49520511763450925, 0.1569794011967523, 0.1569794011967523, 0.8415305092930794, 0.0, 0.0, 0.0, 0.11498145759105681, 0.45908068493008614, 0.4603642374277115, 0.17093171179294586, 0.17093171179294586, 0.06859671324491501, 0.472561314702034, 0.07027647644281387, 0.5914304977239564, 0.025445640087127686, 0.05354533903300762]
[0.4642857142857143, 0.5, 0.3333333333333333, 0.42424242424242425, 0.6153846153846154, 0.5869565217391305, 0.0, 0.0, 0.4190052141422979, 0.4189939086341493, 0.4970161808337696, 0.49893724594193206, 0.14644223664488112, 0.14644223664488112, 0.8567778542637825, 0.0, 0.0, 0.0, 0.08087358884513378, 0.470873698592186, 0.4725754652172327, 0.1218109279870987, 0.1218109279870987, 0.0718521997332573, 0.47125912010669707, 0.07246065884828568, 0.5554672937060512, 0.024944623932242393, 0.05488900002092123]
[0.4642857142857143, 0.5, 0.3333333333333333, 0.42424242424242425, 0.6153846153846154, 0.5869565217391305, 0.0, 0.0, 0.42119029990573686, 0.4211791311577675, 0.4916511479173974, 0.504252977347916, 0.08394583261438779, 0.08394583261438779, 0.9137441664934158, 0.0, 0.0, 0.0, 0.04220973532646894, 0.4834917839616537, 0.4845065763220191, 0.0, -0.0, 0.07764597237110138, 0.46894161105155946, 0.07547394931316376, 0.5814755621344544, 0.022212527692317963, 0.0361077138222754]
[0.4642857142857143, 0.5, 0.3333333333333333, 0.42424242424242425, 0.6153846153846154, 0.5869565217391305, 0.0, 0.0, 0.4102619535380522, 0.41025006679914194, 0.48681849264050076, 0.5091580891649714, 0.05368771031498909, 0.05368771031498909, 0.9395684152841568, 0.0, 0.0, 0.0, 0.02559682615101337, 0.4889864306896925, 0.48951926827430725, 0.0, -0.0, 0.06907249987125397, 0.4723710000514984, 0.06491569429636002, 0.5856686137443365, 0.017834167927503586, 0.011141356080770493]
[0.4642857142857143, 0.5, 0.3333333333333333, 0.42424242424242425, 0.6153846153846154, 0.5869565217391305, 0.0, 0.0, 0.4012103044280131, 0.4011978592517043, 0.4816360553979418, 0.5143142670285354, 0.043544775939413485, 0.043544775939413485, 0.9475845973938704, 0.0, 0.0, 0.0, 0.02040773145854473, 0.49101425614207983, 0.4914854606613517, 0.0, -0.0, 0.059080805629491806, 0.47636767774820327, 0.054693736135959625, 0.6016639048276946, 0.015363737940788269, 0.00017508515156805515]
[0.4642857142857143, 0.5, 0.3333333333333333, 0.42424242424242425, 0.6153846153846154, 0.5869565217391305, 0.0, 0.0, 0.3784183202236606, 0.37840446185883325, 0.4750826400962888, 0.5214537666536375, 0.03600736414747579, 0.03600736414747579, 0.9521831683814526, 0.0, 0.0, 0.0, 0.01711366707459092, 0.49288072623312473, 0.49329226091504097, 0.0, -0.0, 0.047384779900312424, 0.48104608803987503, 0.044323645532131195, 0.6066146908804428, 0.011999327689409256, 0.0]
[0.4642857142857143, 0.5, 0.3333333333333333, 0.42424242424242425, 0.6153846153846154, 0.5869565217391305, 0.0, 0.0, 0.365335624942816, 0.365320957413595, 0.4732349758850229, 0.5235833021417808, 0.03218066745570728, 0.03218066745570728, 0.9531640186905861, 0.0, 0.0, 0.0, 0.015384250693023203, 0.4935983191244304, 0.4939610604196787, 0.0, -0.0, 0.04207471385598183, 0.48317011445760727, 0.039425078779459, 0.6067325521347134, 0.010358748957514763, 0.0]
[0.4642857142857143, 0.5, 0.3333333333333333, 0.42424242424242425, 0.6153846153846154, 0.5869565217391305, 0.0, 0.0, 0.3627585161256517, 0.36274362066279864, 0.47055226541613987, 0.5262488435098314, 0.02814035729638168, 0.02814035729638168, 0.9580743294209242, 0.0, 0.0, 0.0, 0.013376187533140182, 0.4943988681770861, 0.4947514492087066, 0.0, -0.0, 0.03530164435505867, 0.4858793422579765, 0.032924070954322815, 0.6168384607448134, 0.009021739475429058, 0.0]
[0.4642857142857143, 0.5, 0.3333333333333333, 0.42424242424242425, 0.6153846153846154, 0.5869565217391305, 0.0, 0.0, 0.3585643663461076, 0.35854927713966733, 0.4719802724699673, 0.5249548699791476, 0.02553427724965981, 0.02553427724965981, 0.9596749246120453, 0.0, 0.0, 0.0, 0.01208520820364356, 0.49483285658061504, 0.4951310120522976, 0.0, -0.0, 0.032211944460868835, 0.48711522221565245, 0.03003029152750969, 0.6134248923423679, 0.008164004422724247, 0.0]
[0.4642857142857143, 0.5, 0.3333333333333333, 0.42424242424242425, 0.6153846153846154, 0.5869565217391305, 0.0, 0.0, 0.35834132189048634, 0.35832619849400127, 0.4736242551876528, 0.5233975134383145, 0.023700129240751266, 0.023700129240751266, 0.9599847756326199, 0.0, 0.0, 0.0, 0.011128983972594141, 0.4951957701705396, 0.4954373030923307, 0.0, -0.0, 0.030931612476706505, 0.4876273550093174, 0.028836989775300026, 0.6168910237245782, 0.007540917955338955, 0.0]
[0.4642857142857143, 0.5, 0.3333333333333333, 0.42424242424242425, 0.6153846153846154, 0.5869565217391305, 0.010137406177818775, 0.009974461048841476, 0.35934377400414663, 0.35932843407071113, 0.47254325429522515, 0.5243382468227624, 0.020973120283867632, 0.020973120283867632, 0.9636603649705648, 0.0, 0.0, 0.0, 0.009675633069127797, 0.49576869886368513, 0.4959488809108734, 0.0, -0.0, 0.0, 0.5, 0.0, 0.6976744186046512, 0.006914100609719753, 0.0]
[0.4642857142857143, 0.5, 0.3333333333333333, 0.42424242424242425, 0.6153846153846154, 0.5869565217391305, 0.01138998568058014, 0.011186938732862473, 0.35845699820874066, 0.35844162408526037, 0.4725884934228419, 0.5243947116817567, 0.020122271962463856, 0.020122271962463856, 0.9645698089152575, 0.0, 0.0, 0.0, 0.009229602385312318, 0.49590184818953276, 0.4960581585764885, 0.0, -0.0, 0.0, 0.5, 0.0, 0.6976744186046512, 0.00669386051595211, 0.0]
[0.4642857142857143, 0.5, 0.3333333333333333, 0.42424242424242425, 0.6153846153846154, 0.5869565217391305, 0.014176654629409313, 0.01387455128133297, 0.35639662633206604, 0.3563811496384513, 0.4720302070304039, 0.525103987010391, 0.018537195532449657, 0.018537195532449657, 0.9665280692279339, 0.0, 0.0, 0.0, 0.008534720866009593, 0.49612112040631473, 0.4962333736475557, 0.0, -0.0, 0.024875761941075325, 0.4900496952235699, 0.0, 0.6976744186046512, 0.006278911139816046, 0.0]
[0.4642857142857143, 0.5, 0.3333333333333333, 0.42424242424242425, 0.6153846153846154, 0.5869565217391305, 0.014141123741865158, 0.013849867507815361, 0.3537059153926988, 0.35369029054222323, 0.47530697522610144, 0.5218286832882792, 0.018459264455097064, 0.018459264455097064, 0.9658341687172651, 0.0, 0.0, 0.0, 0.008573066489771007, 0.49615892046131194, 0.49627600610256195, 0.0, -0.0, 0.025489196181297302, 0.4898043215274811, 0.023822767660021782, 0.6231347904648892, 0.006284357979893684, 0.0]

程序已被终止，正在关闭套接字...
套接字已关闭。
