[-0.04812431  0.03702493 -0.02933502]
[-0.04537576  0.04076154 -0.02838596]
[-0.03379571  0.08244037 -0.01560763]
[-0.02891605  0.0783499   0.00040287]
[-0.04095937  0.04322143 -0.01999957]
[-0.04225921  0.0428201  -0.02227887]
[-0.0469472   0.04261173 -0.01930628]
[-0.04557318  0.04278921 -0.01745531]
[-0.04442532  0.04276863 -0.01588757]
[-0.0402372   0.04534524 -0.00599675]
[-0.04285831  0.04509851  0.00401305]
[-0.04325093  0.04518602  0.00941067]
[-0.04020417  0.05259188  0.01823179]
[-0.03682784  0.0581357   0.02191478]
[-0.02831756  0.07086723  0.03119557]
[-0.02831756  0.07086723  0.03119557]
[-0.02642534  0.07861803  0.0415197 ]
[-0.01130251  0.10225546  0.07879214]
[-0.00551782  0.10490589  0.08186089]
[0.02877348 0.1175502  0.09586439]
[0.02877348 0.1175502  0.09586439]
[0.03469116 0.118745   0.09529989]
[0.03984807 0.11932907 0.09604599]
[0.05060596 0.12071323 0.0978564 ]
[0.05349839 0.12059508 0.09696466]
[0.06748278 0.1163961  0.10083708]
[0.07314098 0.11575242 0.10164544]
[0.07890715 0.11456943 0.10204598]
[0.08374884 0.11331562 0.10186633]
[0.0887756  0.10826689 0.10150923]
[0.08748054 0.10581703 0.10099255]
[0.085415   0.10040976 0.09862623]
[0.085415   0.10040976 0.09862623]
[0.08325564 0.09549378 0.09438248]
[0.08008886 0.09088678 0.08744012]
[0.08008886 0.09088678 0.08744012]
[0.06414296 0.07714975 0.07015142]
[0.06177514 0.07585081 0.06462218]
[0.05929657 0.07451817 0.0593598 ]
[0.0553114  0.07196698 0.05412894]
[0.05173165 0.06821734 0.04813101]
[0.04210093 0.05232938 0.02969344]
[0.03810284 0.04628034 0.02296627]
[0.02871986 0.03441549 0.01069124]
[ 0.0220563   0.0232613  -0.00097503]
[ 0.0202958   0.01806181 -0.00595771]
[ 0.0036888  -0.00754029 -0.03098088]
[ 0.00181679 -0.01114073 -0.03402426]
[ 0.00015087 -0.01467032 -0.03732313]
[-0.00499842 -0.02646406 -0.04618512]
[-0.00599224 -0.03066938 -0.05059006]
[-0.00712261 -0.03831792 -0.05866857]
[-0.00753882 -0.04261717 -0.06201128]
[-0.00870115 -0.04690135 -0.06559879]
[-0.00837783 -0.05850206 -0.07542384]
[-0.00608076 -0.06675356 -0.08149359]
[-0.00608076 -0.06675356 -0.08149359]
[-0.00750668 -0.07181168 -0.08367088]
[-0.01152095 -0.08154003 -0.08515365]
[-0.01483659 -0.07704404 -0.07604139]
[-0.0108292  -0.07335445 -0.07101617]
[-0.00294224 -0.06662937 -0.05939559]
[-0.00120715 -0.0628646  -0.05454044]
[-0.00012794 -0.0585576  -0.04982217]
[ 0.0088394  -0.03006273 -0.01589204]
[ 0.01165578 -0.02182391 -0.00296301]
[ 0.01404897 -0.01315927  0.01035897]
[ 0.01478471 -0.00818485  0.01509889]
[ 0.01624831 -0.00329974  0.01930596]
[0.02557932 0.00985387 0.03492189]
[0.05559129 0.04797187 0.07207507]
[0.05926425 0.04994652 0.07681392]
[0.06493064 0.0526746  0.08462344]
[0.06721843 0.05340658 0.08832861]
[0.06858287 0.05355607 0.09060708]
[0.07825398 0.04461206 0.09449402]
[0.08246697 0.03149211 0.0748873 ]
[0.08269361 0.02613896 0.06438534]
[0.08251413 0.02352201 0.05896274]
[0.08089105 0.01619056 0.03943112]
[0.08030554 0.01327712 0.03158199]
[ 0.07853026 -0.01457897 -0.02207899]
[ 0.07853026 -0.01457897 -0.02207899]
[ 0.07709429 -0.01800858 -0.02826905]
[ 0.06740824 -0.03115918 -0.05490707]
[ 0.06937114 -0.03806559 -0.07010686]
[ 0.07237147 -0.04200233 -0.07783837]
[ 0.07458071 -0.04601387 -0.08434942]
[ 0.0750324  -0.05424007 -0.094003  ]
[ 0.07213352 -0.05981391 -0.09737399]
[ 0.0666698  -0.06587885 -0.10040971]
[ 0.06037181 -0.07212939 -0.10368448]
[ 0.05458494 -0.08184056 -0.11116693]
[ 0.05377341 -0.08627605 -0.11534468]
[ 0.04823198 -0.103524   -0.13846833]
[ 0.04727568 -0.10471979 -0.14008667]
[ 0.04834618 -0.10040812 -0.12300628]
[ 0.04970115 -0.09853166 -0.1154066 ]
[ 0.05107767 -0.09629694 -0.10663489]
[ 0.07239125 -0.08144326 -0.05204685]
[ 0.07569036 -0.07476092 -0.03301731]
[ 0.0770149  -0.06896531 -0.01757978]
[ 0.09136327 -0.04402919  0.07275858]
[ 0.09136327 -0.04402919  0.07275858]
[ 0.091464   -0.039281    0.08140406]
[ 0.09135591 -0.03322857  0.08874071]
[ 0.09188632 -0.01612994  0.10270559]
[ 0.0915891  -0.01147242  0.10650141]
[ 0.09233745 -0.00251291  0.11399841]
[0.0933366  0.00177375 0.11749294]
[0.09491772 0.00565759 0.12050054]
[0.09766694 0.01144628 0.12394335]
[0.09766694 0.01144628 0.12394335]
[0.10122494 0.01418487 0.125145  ]
[0.10255817 0.01443048 0.12566935]
[0.10328746 0.01466498 0.12566909]
[0.1031836  0.01685579 0.12456206]
[0.10301629 0.01822047 0.12411337]
[0.10309339 0.020369   0.12467179]
[0.09066742 0.06269183 0.18779597]
[0.08807333 0.08611628 0.24606958]
[0.08745658 0.08919937 0.25191683]
[0.08546299 0.09319741 0.25578812]
[0.07513397 0.10120757 0.25958005]
[0.07324462 0.10349099 0.25902712]
[0.07874521 0.11144318 0.24804698]
[0.08015684 0.11121967 0.24568537]
[0.08185065 0.11000286 0.24023812]
[0.08364098 0.10811345 0.23259604]
[0.09371113 0.09098607 0.18027557]
[0.09308918 0.08728041 0.16227897]
[0.09232116 0.08251984 0.14445497]
[0.09270107 0.07655215 0.12390322]
[0.09302337 0.06082756 0.07318124]
[0.09111667 0.05114971 0.04821695]
[0.08542644 0.04371706 0.02475555]
[0.0790286  0.03720682 0.00087455]
[ 0.07750512  0.02861217 -0.02026981]
[ 0.06918254  0.01167908 -0.05671143]
[ 0.02785496 -0.02459748 -0.13372952]
[ 0.02240284 -0.02992832 -0.14102094]
[ 0.01748129 -0.03604157 -0.14731723]
[-0.01046857 -0.05829046 -0.16957211]
[-0.01046857 -0.05829046 -0.16957211]
[-0.0133078  -0.06033549 -0.16452509]
[-0.0143547  -0.05946685 -0.14377655]
[-0.0130673  -0.05847484 -0.12811327]
[-0.01124873 -0.0568318  -0.11209575]
[-0.0059712  -0.03873364  0.00228938]
[-0.00274138 -0.03410078  0.02387247]
[ 0.00284753 -0.01661115  0.09700902]
[ 0.0030747  -0.01151211  0.11202867]
[ 0.00632509 -0.00170796  0.13704479]
[0.00734859 0.00355182 0.14744064]
[0.00689313 0.00896146 0.15716337]
[0.00640643 0.01400838 0.16634615]
[0.00750097 0.02485684 0.18282233]
[0.01134128 0.03987795 0.19722904]
[0.01472392 0.04548516 0.19406876]
[0.01601753 0.04731572 0.18943214]
[0.01729946 0.04756825 0.18164159]
[0.01873056 0.04817864 0.17185558]
[0.0203359  0.05098981 0.14937876]
[0.01922633 0.05260598 0.13680004]
[0.01839647 0.05335253 0.1232188 ]
[0.0251979  0.0496392  0.09155054]
[0.02764375 0.04786835 0.07942042]
[ 0.02688455  0.04501767 -0.0056013 ]
[ 0.02308584  0.046678   -0.01631691]
[ 0.01940734  0.04808914 -0.02608641]
[ 0.01030039  0.0514253  -0.04874976]
[ 0.00643747  0.05252448 -0.05908513]
[ 0.00562096  0.0521765  -0.06237041]
[ 0.00535188  0.05133347 -0.06408834]
[ 0.00611036  0.04980766 -0.06509808]
[ 0.00966633  0.04671616 -0.06138109]
[ 0.01065143  0.04547914 -0.05652534]
[ 0.01160014  0.04424141 -0.04719619]
[0.0192398  0.04808765 0.0177941 ]
[0.01994576 0.05073019 0.02866279]
[0.02025989 0.05324377 0.04091208]
[0.02284188 0.05509876 0.05620318]
[0.03031599 0.05956289 0.10269662]
[0.03358892 0.06051258 0.11647619]
[0.04265519 0.06391206 0.14382897]
[0.04534464 0.06627116 0.15591618]
[0.04724657 0.06858066 0.16609195]
[0.05115528 0.07357765 0.19056349]
[0.05038126 0.07319357 0.18819141]
[0.04635192 0.07080367 0.17335542]
[0.04557118 0.06988733 0.17006168]
[0.04541925 0.0679963  0.15996073]
[0.046831   0.06656716 0.15235057]
[0.04785729 0.06292677 0.13317174]
[0.04670877 0.05863504 0.11404328]
[0.04551092 0.0560169  0.10632741]
[0.04569618 0.05349906 0.09884887]
[0.04556779 0.05075532 0.08928303]
[0.04787374 0.04846269 0.07586686]
[0.05032723 0.0465095  0.06069009]
[0.04946688 0.04448882 0.04502261]
[0.04434932 0.0394455  0.01531346]
[0.04147165 0.03737128 0.00270083]
[ 0.03793847  0.03522276 -0.01038502]
[ 0.03502659  0.03427895 -0.0225074 ]
[ 0.02544596  0.02616225 -0.06984048]
[ 0.02411958  0.0210834  -0.08803827]
[ 0.02238529  0.01896676 -0.09645177]
[ 0.02028382  0.01704657 -0.10383064]
[ 0.01752639  0.01462805 -0.11654641]
[ 0.0164764   0.01333878 -0.12134513]
[ 0.01573846  0.01175462 -0.12529005]
[ 0.01467258 -0.00225343 -0.13715513]
[ 0.01519493 -0.00508381 -0.13788128]
[ 0.01552815 -0.00743019 -0.13939141]
[ 0.02505011 -0.01788135 -0.14377962]
[ 0.02623107 -0.02079332 -0.14257114]
[ 0.0300482  -0.03084277 -0.13156584]
[ 0.03303944 -0.03278022 -0.12769565]
[ 0.03785551 -0.03419558 -0.12375647]
[ 0.04935931 -0.03575011 -0.08821036]
[ 0.05067796 -0.03536063 -0.07505309]
[ 0.05297556 -0.03497126 -0.06245908]
[ 0.0536252  -0.03512607 -0.05062828]
[ 0.05489073 -0.03145486 -0.02184643]
[ 0.0558592  -0.02887348 -0.00854881]
[ 0.05670827 -0.02626216  0.00373727]
[ 0.05809244 -0.0211636   0.02467166]
[ 0.05828204 -0.01855868  0.03372284]
[ 0.05946038 -0.01588702  0.0425294 ]
[ 0.07404183 -0.00172545  0.09286121]
[0.07533974 0.00070518 0.098712  ]
[0.07635625 0.00359778 0.10518113]
[0.07746882 0.00966363 0.11821968]
[0.08010445 0.01583644 0.13066235]
[0.08835729 0.03424781 0.15269794]
[0.08963186 0.0363667  0.15424195]
[0.09378148 0.04389139 0.16009352]
[0.09655527 0.04505764 0.16315459]
[0.09935953 0.04505976 0.16382334]
[0.10176397 0.04523814 0.16418537]
[0.10743586 0.0438058  0.16374791]
[0.10787118 0.04057912 0.1629889 ]
[0.10717819 0.03906973 0.16258256]
[0.1013465  0.03597834 0.15858604]
[0.09991481 0.03524792 0.15604566]
[0.09838912 0.03491865 0.15231834]
[0.0962938  0.03511068 0.14649224]
[0.09352983 0.03577731 0.13945593]
[0.09112096 0.036397   0.12207779]
[0.08799261 0.03004429 0.05388324]
[0.08527475 0.02841883 0.03445209]
[ 0.07502764  0.02598954 -0.00116387]
[ 0.0692445   0.02486244 -0.01715527]
[ 0.06482371  0.02369341 -0.02896248]
[ 0.05665161  0.01562386 -0.07746541]
[ 0.05627233  0.01471141 -0.07835399]
[ 0.05899858  0.01300888 -0.06781352]
[ 0.05918332  0.01230183 -0.06105187]
[ 0.05995544  0.01080004 -0.05310441]
[ 0.06191232  0.00914376 -0.04365955]
[ 0.06382487  0.00791928 -0.03349425]
[ 0.06807607  0.00765106 -0.0088238 ]
[0.0697748  0.00889261 0.00277177]
[0.07042292 0.01029555 0.01526846]
[0.07090521 0.012118   0.02967741]
[0.07352566 0.01309474 0.04232857]
[0.08019169 0.01460488 0.06931502]
[0.08544843 0.01586846 0.08433345]
[0.09575643 0.02639662 0.15786031]
[0.09917553 0.03539775 0.17557921]
[0.10100601 0.03517253 0.17275912]
[0.10220895 0.0350326  0.16843811]
[0.10181162 0.03418729 0.15657769]
[0.0879894  0.02498962 0.07275293]
[ 0.07019656  0.00356501 -0.01507363]
[ 0.06806908 -0.0016451  -0.02874934]
[ 0.06859145 -0.00782153 -0.04293702]
[ 0.07037798 -0.01324985 -0.05606022]
[ 0.06906553 -0.02845368 -0.09525701]
[ 0.06759623 -0.03378593 -0.10686391]
[ 0.06294691 -0.04182115 -0.12654655]
[ 0.05992596 -0.04570428 -0.13361686]
[ 0.05422575 -0.05562919 -0.15178135]
[ 0.05186813 -0.06240299 -0.16052668]
[ 0.05243987 -0.0651195  -0.16442952]
[ 0.05207037 -0.06721263 -0.16770013]
[ 0.05139347 -0.06851956 -0.17215507]
[ 0.05193762 -0.0661454  -0.16514772]
[ 0.05120968 -0.06620663 -0.15353096]
[ 0.0512336  -0.06598558 -0.14647448]
[ 0.05278561 -0.0655508  -0.13827592]
[ 0.05890602 -0.06490688 -0.12297343]
[ 0.06121107 -0.06489633 -0.11606678]
[ 0.06178986 -0.06501024 -0.10994703]
[ 0.0574461 -0.0620983 -0.0796147]
[ 0.06024241 -0.06142304 -0.06981339]
[ 0.06241619 -0.06053078 -0.06013681]
[ 0.07544065 -0.04757835 -0.00447625]
[ 0.07720024 -0.04371014  0.0084277 ]
[ 0.07721122 -0.03938758  0.02279661]
[ 0.07745742 -0.02741469  0.06986441]
[ 0.07913082 -0.02062711  0.09698243]
[ 0.08009354 -0.01652046  0.10835061]
[ 0.08187141 -0.01218278  0.11737938]
[ 0.08317273 -0.0070615   0.12497817]
[0.08479536 0.00390827 0.13611649]
[0.08621207 0.00852339 0.14068022]
[0.08678234 0.01193931 0.14510408]
[0.08748051 0.02603379 0.16150489]
[0.08810655 0.0274706  0.16326348]
[0.08830947 0.02893534 0.16386735]
[0.08952782 0.03176843 0.16297379]
[0.08906881 0.03347027 0.16136736]
[0.08064598 0.04094389 0.11915654]
[0.07658168 0.04355079 0.09801243]
[0.06810399 0.03496211 0.0409273 ]
[0.0688275  0.03271135 0.03141026]
[0.06945165 0.03038061 0.02218585]
[ 0.0648127   0.02485373 -0.00864421]
[ 0.06006036  0.02257972 -0.02167474]
[ 0.05352726  0.02032861 -0.04832322]
[ 0.05340414  0.01917837 -0.05352439]
[ 0.05385151  0.01687503 -0.05832044]
[ 0.05403914  0.01343076 -0.06147116]
[ 0.05424998  0.00899615 -0.06337182]
[ 0.06034448 -0.00456191 -0.06153093]
[ 0.06419865 -0.00790281 -0.06023174]
[ 0.06709844 -0.01040525 -0.05939239]
[ 0.08602177 -0.01634368 -0.05119867]
[ 0.10883535 -0.01324169 -0.02776874]
[ 0.11051256 -0.00798187 -0.02367392]
[ 0.11209986 -0.00466529 -0.02205206]
[ 0.11314861 -0.00169506 -0.02111244]
[ 0.1163292   0.00300063 -0.01957594]
[ 0.12085379  0.00628606 -0.01760424]
[ 0.12221403  0.00814738 -0.01675709]
[ 0.12064937  0.01357882 -0.01439532]
[ 0.12143922  0.01764397 -0.01566325]
[ 0.12023453  0.02009276 -0.01630047]
[ 0.10716069  0.02932031 -0.0241727 ]
[ 0.10393143  0.0297075  -0.0268248 ]
[ 0.10048679  0.0306513  -0.03012529]
[ 0.08033881  0.0329073  -0.04278598]
[ 0.0755117   0.03248925 -0.04465632]
[ 0.07048034  0.03170757 -0.04705358]
[ 0.0653116   0.03083583 -0.04990068]
[ 0.05678799  0.02971747 -0.0554007 ]
[ 0.05366228  0.02942316 -0.05619272]
[ 0.0410141   0.02330608 -0.05022561]
[ 0.0402891   0.02266848 -0.04458177]
[ 0.0404283   0.0231354  -0.04201124]
[ 0.04215266  0.02533291 -0.03703958]
[ 0.0424095   0.02622294 -0.03495147]
[ 0.04229983  0.02697976 -0.03330734]
[ 0.0407737   0.02872713 -0.02801037]
[ 0.041273    0.02877328 -0.0270761 ]
[ 0.04188368  0.02853379 -0.02537979]
[ 0.04133261  0.02830561 -0.02458375]
[ 0.04029039  0.02806327 -0.02416729]
[ 0.03633944  0.02854997 -0.01927878]
[ 0.03625908  0.02881488 -0.01936831]
[ 0.03605117  0.02889289 -0.01966341]
[ 0.03596272  0.02876257 -0.0198097 ]
[ 0.03467525  0.02836242 -0.01901659]
[ 0.03436244  0.02850075 -0.01895092]
[ 0.03439418  0.0289756  -0.01894791]
[ 0.03442123  0.02921044 -0.01916173]
[ 0.03387048  0.02956338 -0.01895076]
[ 0.03218161  0.03226974 -0.01943685]
[ 0.03022649  0.03224857 -0.01912991]
[ 0.02738208  0.03198397 -0.01891032]
[ 0.02698751  0.03217101 -0.01877329]
[ 0.02685306  0.03291132 -0.01861064]
[ 0.02791814  0.03721554 -0.01926555]

程序已被终止，正在关闭套接字...
套接字已关闭。
