[ 0.02755467  0.0317436  -0.0350201 ]
[ 0.024537    0.05575331 -0.02019834]
[ 0.01466767  0.0369253  -0.02493896]
[ 0.01264364  0.03206509 -0.02790916]
[ 0.00589035  0.03048963 -0.03178057]
[ 0.00441303  0.03110138 -0.0316978 ]
[-0.00745071  0.03457289 -0.02774485]
[-0.00808989  0.03426421 -0.0261502 ]
[-0.00808989  0.03426421 -0.0261502 ]
[-0.0061378   0.03434072 -0.02480931]
[-0.00580024  0.03426675 -0.02419964]
[-0.00574216  0.0344952  -0.02376168]
[-0.00627131  0.03475771 -0.02366243]
[-0.00826449  0.03579384 -0.02287169]
[-0.00836533  0.03629392 -0.02265145]
[-0.00943437  0.03543841 -0.02354616]
[-0.00609886  0.02657082 -0.03534402]
[-0.0043826   0.02485602 -0.03505043]
[-0.00233933  0.02321716 -0.03298632]
[-0.00067496  0.02224229 -0.03109916]
[-0.01474486  0.02416861 -0.02631724]
[-0.01928846  0.02360022 -0.02701341]
[-0.02131193  0.01889753 -0.02772454]
[-0.01934364  0.01842423 -0.02733839]
[-0.01639746  0.01762995 -0.02680386]
[-0.01040816  0.01695192 -0.02314511]
[-0.01204934  0.02007668 -0.00886811]
[-0.01276728  0.02484579 -0.00606434]
[-0.01128427  0.02727765 -0.00588367]
[-0.01170235  0.02928638 -0.00522939]
[-0.01097822  0.03102704 -0.00355458]
[0.01099614 0.05908154 0.0199533 ]
[0.0135683  0.06416249 0.02457708]
[0.01555898 0.06979599 0.02936895]
[0.01771334 0.08086056 0.03976362]
[0.01999815 0.08635528 0.04680242]
[0.02303219 0.09197137 0.05471511]
[0.04806828 0.11421046 0.09695032]
[0.05035689 0.11743245 0.10337342]
[0.05302428 0.11960373 0.10935189]
[0.05602636 0.12100504 0.11516017]
[0.06164009 0.12208596 0.1262902 ]
[0.06245855 0.1217969  0.12710814]
[0.07149564 0.11319114 0.1048843 ]
[0.07149564 0.11319114 0.1048843 ]
[0.07332546 0.10956918 0.10088522]
[0.0737065  0.10531544 0.09680039]
[0.07329709 0.09328285 0.08161763]
[0.07320218 0.08771264 0.06790385]
[0.0720515  0.08207704 0.05100946]
[0.06737017 0.07138167 0.01880838]
[0.0644544  0.06621382 0.00283343]
[ 0.06062234  0.06092026 -0.01192656]
[ 0.05775136  0.03219626 -0.08080477]
[ 0.05805658  0.02600876 -0.08979933]
[ 0.05748603  0.02025646 -0.09875316]
[ 0.05489593 -0.00071784 -0.12641528]
[ 0.05186488 -0.00453684 -0.13148314]
[ 0.03685184 -0.02333462 -0.14422213]
[ 0.03511027 -0.02737889 -0.145596  ]
[ 0.03267484 -0.03121569 -0.14653024]
[ 0.02590877 -0.044864   -0.14480193]
[ 0.02559128 -0.04792329 -0.14322272]
[ 0.02467317 -0.05245646 -0.13906859]
[ 0.0249091  -0.05416792 -0.13596536]
[ 0.02610079 -0.05765244 -0.1253856 ]
[ 0.02644234 -0.05961492 -0.11620948]
[ 0.02587641 -0.06214834 -0.09809133]
[ 0.02617641 -0.06184717 -0.08830934]
[ 0.02834038 -0.0595137  -0.0775463 ]
[ 0.03320796 -0.05564971 -0.06475004]
[ 0.05162815 -0.01577227  0.01563042]
[0.04882183 0.00535818 0.04183627]
[0.04882183 0.00535818 0.04183627]
[0.04944897 0.01340506 0.05110662]
[0.04935554 0.02119946 0.06148181]
[0.05639353 0.06025548 0.12719917]
[0.05623098 0.06262558 0.13407221]
[0.05533627 0.06469824 0.14976241]
[0.0547067  0.06446975 0.14586337]
[0.05227939 0.06260168 0.12812074]
[0.04949874 0.0561761  0.10329273]
[0.04849139 0.0550372  0.08923389]
[0.04803461 0.05456869 0.06831704]
[0.04800213 0.05389463 0.04836036]
[0.04445397 0.0522311  0.00906758]
[ 0.04154193  0.05089546 -0.02128964]
[ 0.04048113  0.0507898  -0.03353974]
[ 0.04017351  0.05046209 -0.04336153]
[ 0.04136854  0.04868256 -0.05920552]
[ 0.0414178   0.04741504 -0.06536055]
[ 0.04081268  0.04601019 -0.06974769]
[ 0.03975975  0.0445539  -0.07274088]
[ 0.03737891  0.04359113 -0.07488341]
[ 0.03081023  0.04143682 -0.07566646]
[ 0.02386223  0.03826337 -0.07391234]
[ 0.02113304  0.03637253 -0.07251877]
[ 0.01439196  0.03186066 -0.06165236]
[ 0.01897005  0.03197865 -0.05343444]
[ 0.01897005  0.03197865 -0.05343444]
[ 0.02028175  0.03199802 -0.04784089]
[ 0.0196997   0.03354627 -0.02420905]
[ 0.01977693  0.03511914 -0.01548445]
[0.02145935 0.03864924 0.00326514]
[0.02352688 0.04218977 0.02865567]
[0.02301731 0.04438977 0.03982634]
[0.0246126  0.04711571 0.0585359 ]
[0.02718947 0.04975506 0.06326836]
[0.03086675 0.05692519 0.07284622]
[0.03124238 0.06008676 0.07727122]
[0.03214379 0.06350649 0.08118656]
[0.03250135 0.06732807 0.08443764]
[0.03158698 0.07762352 0.08910406]
[0.03021703 0.07211462 0.08766735]
[0.02853403 0.07095074 0.08386485]
[0.02537682 0.07020212 0.07976013]
[0.02210397 0.06946573 0.0749639 ]
[0.01860443 0.06836268 0.06966366]
[0.00519458 0.05854659 0.04466525]
[-0.02894648  0.05109095  0.00789231]
[-3.64606172e-02  4.99215499e-02 -8.15785024e-05]
[-0.04259202  0.04776845 -0.0057316 ]
[-0.04775676  0.04505089 -0.01087255]
[-0.05715197  0.03811043 -0.02032395]
[-0.0622154   0.03404389 -0.02554289]
[-0.08110916  0.00078004 -0.06308857]
[-0.0820345  -0.00604918 -0.07065722]
[-0.07698368 -0.03049733 -0.10217278]
[-0.07977883 -0.04389134 -0.11939297]
[-0.08695508 -0.07010946 -0.17608851]
[-0.08141089 -0.07546863 -0.19601364]
[-0.08141089 -0.07546863 -0.19601364]
[-0.07145921 -0.07932165 -0.21710303]
[-0.06344801 -0.08398315 -0.23766494]
[-0.06154607 -0.0858259  -0.24517584]
[-0.06009109 -0.08788691 -0.25410056]
[-0.05479313 -0.09883513 -0.2836138 ]
[-0.05289077 -0.10291854 -0.28952944]
[-0.05083269 -0.10660097 -0.29331535]
[-0.04962616 -0.10960331 -0.29589096]
[-0.0455766  -0.11584942 -0.29993314]
[-0.04432934 -0.11677028 -0.29999459]
[-0.04173062 -0.11461886 -0.2896536 ]
[-0.0408153  -0.11387289 -0.28653547]
[-0.04011011 -0.11223041 -0.28426614]
[-0.03905757 -0.10882932 -0.27867177]
[-0.03400016 -0.1060556  -0.26769882]
[-0.03023922 -0.10437927 -0.26098198]
[-0.02594306 -0.10319483 -0.25221369]
[-0.00563195 -0.09230223 -0.19347031]
[ 0.00444136 -0.08057161 -0.15104872]
[ 0.00647924 -0.07597383 -0.13094689]
[ 0.02063557 -0.05983042 -0.06681629]
[ 0.03051225 -0.0470692  -0.0311826 ]
[ 0.03525967 -0.04050177 -0.01523782]
[ 0.03820044 -0.03275148  0.00189961]
[ 0.042311   -0.02596888  0.01656893]
[ 0.04680096 -0.01926494  0.03108031]
[ 0.04996803 -0.01193084  0.04727251]
[0.05520772 0.00291332 0.08053964]
[0.05543584 0.01074778 0.09724202]
[0.06023381 0.03080286 0.13673688]
[0.06355531 0.03594792 0.14640734]
[0.06690606 0.04080057 0.15480708]
[0.06876583 0.04551389 0.1645758 ]
[0.06852142 0.05499341 0.1828288 ]
[0.06852142 0.05499341 0.1828288 ]
[0.06833529 0.0590673  0.19058166]
[0.06584308 0.06618093 0.19223379]
[0.06485876 0.06417133 0.18488745]
[0.06132539 0.06024433 0.1184798 ]
[0.05930636 0.05932842 0.09958575]
[0.05456211 0.06143433 0.03821189]
[0.05273705 0.06191044 0.03091717]
[0.0495261  0.06262033 0.02719711]
[0.04505022 0.06426875 0.02853194]
[0.03924364 0.07252475 0.08156867]
[0.04271563 0.07556392 0.10312006]
[0.04607773 0.08091114 0.13134675]
[0.06289292 0.10218506 0.23393361]
[0.06276735 0.10748023 0.2551415 ]
[0.06378945 0.1160275  0.28534928]
[0.0543189  0.12869917 0.31269491]
[0.04682232 0.13703923 0.32003   ]
[0.04371468 0.13911286 0.32018971]
[0.03849595 0.14236188 0.30297098]
[0.03949193 0.14194107 0.29477492]
[0.04117792 0.13966326 0.28726155]
[0.05300759 0.12556419 0.24613877]
[0.05602815 0.12205182 0.23317286]
[0.06655215 0.11385927 0.12283054]
[0.06555851 0.11308571 0.10458843]
[0.05851481 0.10699545 0.02542191]
[0.05433612 0.10765775 0.008462  ]
[ 0.04975673  0.10222515 -0.04786338]
[ 0.04361824  0.09699404 -0.07627286]
[ 0.04044065  0.09457034 -0.08815971]
[ 0.03858854  0.0923086  -0.09716393]
[ 0.0347377   0.08834893 -0.11251052]
[ 0.03319882  0.08703266 -0.11758249]
[ 0.03140867  0.0857237  -0.12103931]
[ 0.02886321  0.08451635 -0.12210956]
[ 0.0252228   0.08331506 -0.12063895]
[ 0.02039083  0.08140956 -0.11418521]
[ 0.01664365  0.0785506  -0.08875509]
[ 0.01888058  0.07597017 -0.07541891]
[ 0.02435499  0.07340946 -0.05598029]
[ 0.02990255  0.07048727 -0.02916099]
[0.02888224 0.06990329 0.00247975]
[0.02506474 0.07243839 0.02981489]
[0.01575682 0.08515351 0.15900601]
[0.01093041 0.09007675 0.18958792]
[0.00908347 0.09224077 0.20337299]
[0.0086208  0.09310646 0.20818941]
[0.00879743 0.0933352  0.21186149]
[0.00880221 0.09344263 0.21335636]
[0.01024499 0.09353008 0.21257128]
[0.01254905 0.09300719 0.20594943]
[0.01387165 0.09252214 0.20113844]
[0.01404313 0.09255139 0.19438553]
[0.01160771 0.09290851 0.18553683]
[0.00631592 0.09567498 0.15304877]
[0.00692307 0.09476134 0.13335347]
[-0.00129483  0.08992211 -0.00785375]
[-0.00133561  0.08785126 -0.02264394]
[-0.00093975  0.08302201 -0.05015561]
[-0.00277849  0.08001953 -0.06116997]
[-0.00475866  0.07780571 -0.06934461]
[-0.00906924  0.07158063 -0.06457452]
[-0.00479294  0.07133324 -0.05344718]
[ 0.00141402  0.0719962  -0.01504108]
[0.00084095 0.07468907 0.0305146 ]
[-0.00025524  0.0749944   0.05126164]
[-0.00102037  0.07479002  0.07065275]
[-0.0012626   0.07508846  0.09049653]
[-1.25804543e-04  7.77199715e-02  1.60590321e-01]
[-0.00066299  0.0786785   0.17275497]
[-0.00308105  0.08639143  0.20851339]
[-0.00108383  0.08785448  0.19869691]
[7.02053308e-05 8.85524377e-02 1.91747606e-01]
[0.0004932  0.0942534  0.16243099]
[0.00565297 0.09057318 0.05337225]
[0.0044939  0.09001088 0.03546948]
[0.00027121 0.08754878 0.00183186]
[-0.00278508  0.07367817 -0.03794358]
[-0.00391824  0.06730095 -0.0505298 ]
[-0.00508883  0.06073057 -0.06143184]
[-0.00646524  0.05400513 -0.07108161]
[-0.00734721  0.03878347 -0.08954422]
[-0.00884063  0.031336   -0.09877777]
[-0.01040513  0.02459363 -0.10785411]
[-0.01166136  0.0177284  -0.11706972]
[-0.01248797  0.01048369 -0.12665583]
[-0.01421305  0.00274539 -0.13491605]
[-0.02277882 -0.02126986 -0.15422454]
[-0.02490784 -0.02876267 -0.15920013]
[-0.025549   -0.03572115 -0.16375405]
[-0.02582022 -0.04220441 -0.16769317]
[-0.02550551 -0.04912131 -0.17179479]
[-0.0256225  -0.05539085 -0.17516623]
[-0.01966109 -0.11167862 -0.08681674]
[-0.00934877 -0.11109511 -0.06456621]
[ 0.0091215  -0.12511493  0.04524302]
[ 0.03279247 -0.13966987  0.11367901]
[ 0.03422572 -0.13938752  0.11739319]
[ 0.03608491 -0.13907284  0.11595869]
[ 0.03431292 -0.13901022  0.1098405 ]
[-0.00674681 -0.14717211 -0.04526687]
[-0.01799203 -0.15255013 -0.1631635 ]
[-0.0353593  -0.15446812 -0.21471383]
[-0.03902597 -0.15603967 -0.21906483]
[-0.04384603 -0.1623124  -0.23408765]
[-0.04026231 -0.16206686 -0.23410663]
[-0.0293437  -0.17033602 -0.20139624]
[-0.02474447 -0.17677139 -0.17025259]
[ 0.00723307 -0.1607839   0.00061191]
[ 0.00754312 -0.15842329  0.00328807]
[ 0.00319194 -0.14365622  0.00047302]
[ 0.0083709  -0.14768289 -0.08122335]
[ 0.0083709  -0.14768289 -0.08122335]
[ 0.00893193 -0.15141122 -0.0910592 ]
[ 0.01852243 -0.16670895 -0.12522934]
[ 0.01852243 -0.16670895 -0.12522934]
[ 0.01862226 -0.16830073 -0.13168879]
[-0.00730371 -0.16610207 -0.19421251]
[-0.01657904 -0.14889267 -0.13694854]
[-0.01971052 -0.14483336 -0.122876  ]
[-0.02416229 -0.13457648 -0.07583655]
[-0.02187035 -0.13133723 -0.0596289 ]
[-0.00776328 -0.11577535  0.02412416]
[-0.00933672 -0.11557538  0.02644479]
[-0.02446268 -0.11026229 -0.05168769]
[-0.02598905 -0.11172753 -0.06412654]
[-0.03106018 -0.12178398 -0.10503716]
[-0.03106018 -0.12178398 -0.10503716]
[-0.03738117 -0.1418798  -0.17897956]
[-0.03419864 -0.13945235 -0.17255864]
[-0.03165027 -0.13694847 -0.16684158]
[-0.02972956 -0.13405152 -0.16036285]
[-0.02410118 -0.12966469 -0.10911187]
[-0.01926664 -0.12870257 -0.09589221]
[ 0.0072834  -0.10809357 -0.06817001]
[ 0.00585364 -0.11383812 -0.09486087]
[ 0.00288505 -0.11857598 -0.10961125]
[-0.05522014 -0.15217087 -0.23405159]
[-0.05405293 -0.15192206 -0.22828221]
[-0.05405202 -0.14992622 -0.21095134]
[-0.05176551 -0.14616618 -0.18003201]
[-0.05164363 -0.14017189 -0.14878322]
[-0.0504053  -0.13499266 -0.12867837]
[-0.02546444 -0.05241306  0.14715391]
[-0.03549826 -0.0068283   0.21884455]
[-0.0423888   0.02666772  0.26409358]
[-0.04051025  0.03341684  0.26939604]
[-0.04109375  0.04172393  0.27534479]
[-0.03912483  0.04964454  0.28059885]
[-0.03956153  0.05806084  0.28473783]
[-0.0386281   0.11901333  0.31000185]
[-0.03718903  0.12290959  0.30720702]
[-0.03514797  0.12651588  0.30117166]
[-0.00889478  0.16094439  0.01004572]
[-0.00506856  0.16249491  0.02530324]
[-0.00491931  0.16677295  0.04501271]
[-0.00635012  0.17258178  0.06518164]
[-0.00851859  0.17783827  0.08851805]
[-0.05205662  0.2501899   0.39602509]
[-0.05375962  0.25001651  0.39742872]
[-0.05627764  0.24875806  0.39714438]
[-0.05906543  0.244534    0.39347133]
[-0.0582575   0.24313168  0.38538069]
[-0.04410578  0.23496124  0.34179196]
[-0.03224595  0.22581972  0.30707505]
[0.0014111  0.18965246 0.20381664]
[0.00208158 0.18609647 0.18901755]
[0.00414558 0.17633884 0.15690733]
[0.00552913 0.17170572 0.1418258 ]
[0.00833172 0.15185343 0.05698662]
[0.00640578 0.14821164 0.04066459]
[0.00468083 0.14659001 0.03218391]
[0.00212902 0.14509076 0.02474264]
[-0.00225433  0.14048381  0.01428167]
[-0.00225433  0.14048381  0.01428167]
[-0.04385889  0.09049808  0.07363959]
[-0.05698949  0.07937143  0.08964423]
[-0.0745316   0.04222476  0.06411903]
[-0.0758725   0.03979341  0.06038681]
[-0.07563809  0.03663413  0.05697086]
[-0.07432164  0.03069815  0.05143161]
[-0.05845784  0.02367243  0.03563086]
[-0.05581331  0.02404992  0.03440737]
[-0.05043655  0.0241626   0.03317148]
[-0.05043655  0.0241626   0.03317148]
[-0.04834622  0.02415653  0.03235491]
[-0.04657978  0.02398881  0.03067924]
[-0.0249489   0.02349332  0.01032198]
[-0.02248027  0.02361314  0.00780229]
[-0.00903367  0.02372734 -0.00048334]
[-0.00775702  0.02411279 -0.00143151]
[-0.0069691   0.02632903 -0.00104574]
[-0.00366152  0.0267521  -0.00137791]
[-0.00290304  0.02740577 -0.00160883]
[-0.00362911  0.0283538  -0.00179932]
[-0.00222171  0.03285644 -0.00431002]
[-0.00254882  0.03349273 -0.00459183]
[-0.00254882  0.03349273 -0.00459183]
[-0.00437836  0.03486241 -0.00513389]
[-0.00437836  0.03486241 -0.00513389]
[-0.00458428  0.03464798 -0.00450523]
[-0.00500425  0.03424763 -0.00380336]
[-0.00763851  0.03406261 -0.00300194]
[-0.00988328  0.0344158  -0.00333995]
[-0.01461186  0.03604819 -0.00494156]
[-0.01654806  0.03700365 -0.00584922]
[-0.02405391  0.0435087  -0.00824889]
[-0.02442353  0.04358543 -0.0091525 ]
[-0.0255786   0.04614891 -0.00945792]
[-0.02534875  0.04648972 -0.00981548]
[-0.02269737  0.04405319 -0.0116962 ]
[-0.02635411  0.04374478 -0.01204439]
[-0.02721189  0.04337626 -0.01169241]
[-0.02610038  0.04131804 -0.00965274]
[-0.0242566   0.04026505 -0.00831958]
[-0.02259671  0.03966205 -0.00721494]
[-0.02222596  0.03977778 -0.00658979]
[-0.02711322  0.04333727 -0.01002576]
[-0.02880288  0.04515179 -0.01219187]
[-0.02880288  0.04515179 -0.01219187]
[-0.02899777  0.04670871 -0.0125756 ]

程序已被终止，正在关闭套接字...
套接字已关闭。
