[ 0.03003072 -0.00417715 -0.10692362]
[ 0.02263548 -0.00869025 -0.09175215]
[ 0.02692731 -0.00903198 -0.08094384]
[0.05347801 0.00104816 0.05518553]
[ 0.04245958 -0.00249459  0.03254749]
[ 0.03997222 -0.00115938  0.02550098]
[0.0393927  0.0011123  0.02106209]
[0.03857746 0.00461724 0.01569189]
[0.03553653 0.01003679 0.00088221]
[ 0.02659041  0.01270468 -0.00173348]
[ 0.02659041  0.01270468 -0.00173348]
[ 0.02452919  0.01331255 -0.00211766]
[ 0.02265776  0.01378057 -0.00269802]
[ 0.02546634  0.02646645 -0.0074958 ]
[ 0.02698313  0.03794984 -0.01450945]
[ 0.02698313  0.03794984 -0.01450945]
[ 0.022786    0.03925957 -0.01277388]
[ 0.01965936  0.03987749 -0.01092851]
[ 0.01058742  0.04666573 -0.00856464]
[-0.0003349   0.0621549  -0.00875556]
[-0.00129321  0.06473722 -0.00580258]
[-0.0025961   0.06711155 -0.00311459]
[-0.00523033  0.06862033  0.00020124]
[-0.00826746  0.07157085  0.02361059]
[-0.00473618  0.07106238  0.02321818]
[-0.00202308  0.07168427  0.02154208]
[0.00531375 0.07625972 0.0229308 ]
[0.00778695 0.0775837  0.02906731]
[0.00914054 0.07805417 0.03554016]
[0.00548524 0.07815996 0.03868139]
[-0.01402906  0.08323774  0.039152  ]
[-0.00525316  0.0873623   0.04778189]
[-0.0019025   0.08711118  0.05418129]
[-0.00283881  0.08754378  0.05448098]
[-0.0028391   0.08809426  0.05396386]
[-0.02342244  0.0972275   0.0621095 ]
[-0.03114566  0.09784846  0.06440187]
[-0.04288245  0.09504177  0.05947059]
[-0.04317241  0.09056069  0.05502916]
[-0.03815665  0.08384737  0.0509005 ]
[-0.03301259  0.07602317  0.04722571]
[-0.01675812  0.06078253  0.04029979]
[0.01195761 0.05196474 0.03595549]
[0.01592544 0.0473849  0.02971439]
[0.0200718  0.04271609 0.0212923 ]
[0.02428125 0.03882532 0.0137014 ]
[0.02734997 0.03632657 0.00706843]
[ 0.04807366  0.03381506 -0.02138007]
[ 0.04510087  0.03183811 -0.03318296]
[ 0.03821183  0.02974578 -0.03828745]
[ 0.03408149  0.02772481 -0.03977647]
[ 0.03229295  0.02721792 -0.04158165]
[ 0.03149674  0.0194961  -0.0516162 ]
[ 0.0336945   0.01341442 -0.05650158]
[ 0.04479784 -0.00475077 -0.07084256]
[ 0.0405968  -0.00437615 -0.08688945]
[ 0.03350285 -0.00823557 -0.09144134]
[ 0.02777404 -0.00716074 -0.08692052]
[ 0.02385922 -0.00703923 -0.08405375]
[ 0.01949753 -0.00676839 -0.07963664]
[ 0.01428067 -0.00785284 -0.07522289]
[ 0.00669756 -0.00583057 -0.06746391]
[ 0.00528129 -0.00383227 -0.06294014]
[ 0.0048811   0.00014324 -0.05661304]
[ 0.00452579  0.00368928 -0.04881676]
[ 0.00411355  0.00871598 -0.03895713]
[ 0.00130711  0.02047241 -0.01574821]
[-0.00104667  0.02696875 -0.0038564 ]
[-0.00530636  0.03360384  0.00640658]
[-0.01185379  0.0418735   0.01726027]
[-0.02095268  0.05749737  0.03681229]
[-0.02349744  0.06551684  0.04602989]
[-0.0664952   0.11222125  0.11402241]
[-0.08530709  0.12389452  0.13135558]
[-0.10573514  0.13742819  0.14800146]
[-0.11274503  0.14341401  0.15563822]
[-0.11954479  0.14790513  0.16208918]
[-0.12503043  0.15223849  0.16746163]
[-0.12953544  0.15584429  0.1732478 ]
[-0.13424426  0.15928857  0.17823657]
[-0.14422709  0.16703738  0.18665799]
[-0.14743217  0.16851689  0.18583886]
[-0.159334    0.16946913  0.17034252]
[-0.16010221  0.16889733  0.16716017]
[-0.16023534  0.16816626  0.16482247]
[-0.15937564  0.16733931  0.16344294]
[-0.15707754  0.15939875  0.15744604]
[-0.15617826  0.1549508   0.1500688 ]
[-0.14858294  0.14713828  0.12594154]
[-0.14367096  0.13830957  0.09070937]
[-0.14269022  0.13272603  0.06838811]
[-0.10811629  0.08568239 -0.07865877]
[-0.10357029  0.0720019  -0.11533029]
[-0.10327252  0.06582244 -0.13060869]
[-0.10273806  0.06094552 -0.14420915]
[-0.09988963  0.05277143 -0.16823344]
[-0.09781462  0.04900507 -0.17789923]
[-0.08336167  0.03754354 -0.20641792]
[-0.08228507  0.03557711 -0.20564252]
[-0.07990907  0.03732451 -0.15941088]
[-0.08020871  0.04344265 -0.11927315]
[-0.07693894  0.04556679 -0.09710058]
[-0.07505298  0.04588183 -0.07657654]
[-0.0752126   0.04729028 -0.03571801]
[-0.07932301  0.05636216  0.01128834]
[-0.07959155  0.06161752  0.03475356]
[-0.07741809  0.08446726  0.11687096]
[-0.07618211  0.09279287  0.13144439]
[-0.07530421  0.10142028  0.14422788]
[-0.0759894   0.10983603  0.15490259]
[-0.07972891  0.12573339  0.17888644]
[-0.08160428  0.13728382  0.19882853]
[-0.08131794  0.14277393  0.20833105]
[-0.08104684  0.14852625  0.21757592]
[-0.08094935  0.15485249  0.22602883]
[-0.08669582  0.16934972  0.25123975]
[-0.08980246  0.17308018  0.26001567]
[-0.0888135   0.17499876  0.27691811]
[-0.0888135   0.17499876  0.27691811]
[-0.0826511   0.17221835  0.29043907]
[-0.06488042  0.15798919  0.2628614 ]
[-0.06286191  0.15760781  0.2464824 ]
[-0.059562    0.15511975  0.20528904]
[-0.059562    0.15511975  0.20528904]
[-0.0580179   0.15142894  0.18324164]
[-0.05448287  0.14328703  0.14355646]
[-0.05191595  0.13927422  0.12244996]
[-0.04543739  0.13552102  0.09913057]
[-0.03919085  0.13141206  0.07809478]
[-0.04436553  0.12186804  0.02399466]
[-0.04900755  0.1173449   0.00908617]
[-0.05136043  0.11229899 -0.00763208]
[-0.05047663  0.10678142 -0.02366297]
[-0.04795274  0.10111843 -0.04008153]
[-0.03644496  0.08509733 -0.07666701]
[-0.03199114  0.06519099 -0.1149407 ]
[-0.03199114  0.06519099 -0.1149407 ]
[-0.03477404  0.05531682 -0.13162424]
[-0.04286904  0.02803312 -0.17276195]
[-0.04286904  0.02803312 -0.17276195]
[-0.04593306  0.01810698 -0.18131387]
[-0.04767514  0.00852008 -0.18876231]
[-0.04839292 -0.00864276 -0.20283966]
[-0.04871075 -0.01584411 -0.21116178]
[-0.04924666 -0.02298492 -0.21992314]
[-0.05081552 -0.03627099 -0.23334534]
[-0.05081552 -0.03627099 -0.23334534]
[-0.05105581 -0.04202833 -0.23817016]
[-0.05107486 -0.04692135 -0.24291612]
[-0.04899944 -0.05717139 -0.25053194]
[-0.05077521 -0.06345501 -0.2454423 ]
[-0.05128894 -0.06571297 -0.23977511]
[-0.05179811 -0.06679793 -0.23147191]
[-0.05161514 -0.06758121 -0.21787161]
[-0.05045851 -0.06943497 -0.19974688]
[-0.04412307 -0.07319007 -0.15863509]
[-0.04223133 -0.07404632 -0.14236318]
[-0.04094241 -0.0752615  -0.12688902]
[-0.03854787 -0.07696953 -0.10847798]
[-0.0343555  -0.07732549 -0.07689881]
[-0.03292658 -0.07632944 -0.06320464]
[-0.03262489 -0.07422874 -0.05006207]
[-0.03271084 -0.071545   -0.03763933]
[-0.03615128 -0.06006751  0.00360014]
[-0.03615128 -0.06006751  0.00360014]
[-0.03565624 -0.05516154  0.01712236]
[-0.03677704 -0.03807658  0.06236215]
[-0.03785917 -0.03275318  0.07757447]
[-0.04079315 -0.01768658  0.11064806]
[-0.04173619 -0.013718    0.11876674]
[-0.04294625 -0.0105348   0.12552604]
[-0.04351236 -0.0076829   0.13051045]
[-0.04316361 -0.00507233  0.13318606]
[-0.0415664  -0.00189254  0.13237666]
[-0.03998445 -0.00199798  0.12714051]
[-0.0377101  -0.00490706  0.11691406]
[-0.0342084  -0.00767905  0.10114591]
[-0.02552137 -0.01609099  0.06330492]
[-0.02258206 -0.01991241  0.03779124]
[-0.02134707 -0.02254881  0.01507152]
[-0.02142213 -0.02471613 -0.01036185]
[-0.01969198 -0.03055304 -0.05178517]
[-0.01885388 -0.03450659 -0.07081322]
[-0.01813034 -0.03929107 -0.09046239]
[-0.01957756 -0.04336495 -0.1075502 ]
[-0.02104513 -0.04716308 -0.12437821]
[-0.02430474 -0.05081538 -0.13812366]
[-0.03087405 -0.05830643 -0.15885596]
[-0.03414957 -0.06248036 -0.16528441]
[-0.03682035 -0.06556322 -0.17112431]
[-0.03871638 -0.0679312  -0.17550845]
[-0.04049056 -0.06961932 -0.18261588]
[-0.03960624 -0.06974225 -0.18318158]
[-0.03960624 -0.06974225 -0.18318158]
[-0.04003733 -0.07003655 -0.17655502]
[-0.03945194 -0.06902838 -0.16493803]
[-0.04081295 -0.06557936 -0.13928296]
[-0.03879521 -0.06504674 -0.1268492 ]
[-0.03075783 -0.06436394 -0.07859614]
[-0.02671018 -0.06092803 -0.05107378]
[-0.02586661 -0.05837149 -0.03828739]
[-0.02497818 -0.05593005 -0.02605026]
[-0.02547545 -0.05246341 -0.01375963]
[-0.02603292 -0.04970721 -0.00221465]
[-0.02650399 -0.04285128  0.01939089]
[-0.02806123 -0.0351807   0.03719141]
[-0.02806123 -0.0351807   0.03719141]
[-0.02921635 -0.0316104   0.04442466]
[-0.02955582 -0.0273859   0.05211683]
[-0.02792032 -0.01342282  0.07389577]
[-0.02792032 -0.01342282  0.07389577]
[-0.02823121 -0.00357596  0.08766115]
[-0.02910397  0.00163412  0.09511443]
[-0.0277621   0.01621888  0.11212745]
[-0.0242706   0.02565918  0.124218  ]
[-0.02162261  0.03414169  0.13983157]
[-0.01978735  0.04165738  0.1542158 ]
[-0.01590451  0.05829985  0.17781474]
[-0.01248028  0.06792473  0.18794471]
[-0.00847436  0.07806995  0.19756785]
[-0.00635082  0.08806012  0.20738567]
[-0.00439715  0.10584559  0.22848223]
[-0.00437863  0.11406156  0.23707072]
[-0.00523559  0.12326867  0.24385194]
[-0.00550478  0.13252139  0.25083014]
[-0.00538179  0.15161352  0.26456264]
[-0.00604754  0.16863425  0.28111097]
[-0.01077419  0.1860944   0.29687229]
[-0.01077419  0.1860944   0.29687229]
[-0.01329949  0.19331501  0.30388245]
[-0.01922555  0.20878933  0.31978947]
[-0.01922555  0.20878933  0.31978947]
[-0.01956963  0.21711113  0.32421303]
[-0.02047373  0.2198492   0.32419702]
[-0.02616222  0.22227398  0.30960134]
[-0.02616222  0.22227398  0.30960134]
[-0.0240335   0.22290722  0.29967311]
[-0.02094264  0.22292671  0.29248145]
[-0.01184987  0.21656272  0.26104131]
[-0.00799195  0.21196401  0.24750021]
[-0.00401225  0.20583045  0.23315994]
[-0.0007096   0.20081684  0.21792561]
[0.0003932  0.19624151 0.19915158]
[0.00132299 0.19109915 0.18355109]
[0.00300745 0.18020201 0.15582429]
[0.00327141 0.1741899  0.1407502 ]
[0.00221143 0.16880436 0.12508263]
[0.00087214 0.16464818 0.11094522]
[0.00262446 0.15616933 0.08629685]
[0.00630923 0.15065993 0.07251998]
[0.01023296 0.14550397 0.05886892]
[0.01368406 0.13707766 0.03443463]
[0.01279213 0.12899524 0.01412889]
[0.01268721 0.12535977 0.00452336]
[ 0.01245393  0.12221324 -0.00462954]
[ 0.00994294  0.11644235 -0.02002107]
[ 0.00525004  0.11057734 -0.0347502 ]
[ 0.00297021  0.10782412 -0.04217328]
[-0.00029121  0.10447256 -0.04822692]
[-0.00449125  0.09554534 -0.05738909]
[-0.00739158  0.09004565 -0.06123987]
[-0.00962006  0.08557979 -0.0645486 ]
[-0.01300112  0.08164177 -0.06808185]
[-0.0155456   0.07813398 -0.07090759]
[-0.0197159   0.07141321 -0.07671461]
[-0.02001108  0.06731131 -0.07929594]
[-0.02039241  0.05907822 -0.08432052]
[-0.02036176  0.05527074 -0.08677182]
[-0.02185223  0.04731185 -0.09206308]
[-0.02328519  0.0436923  -0.09548615]
[-0.02416564  0.03988903 -0.09856723]
[-0.02589835  0.0365351  -0.10287683]
[-0.02652363  0.03329849 -0.10697262]
[-0.02755986  0.03025274 -0.1111705 ]
[-0.02932178  0.02247472 -0.11896136]
[-0.02993273  0.01831589 -0.12291966]
[-0.02946603  0.01395262 -0.12661576]
[-0.02735174  0.00473973 -0.13696627]
[-0.02735174  0.00473973 -0.13696627]
[-0.02629271  0.00245043 -0.14014055]
[-2.47153729e-02  8.85739937e-05 -1.42840996e-01]
[-0.02371083 -0.00190872 -0.14542301]
[-0.02177651 -0.00553863 -0.1490583 ]
[-0.02042528 -0.00703064 -0.15010829]
[-0.01944747 -0.00857256 -0.15053996]
[-0.01807206 -0.0099801  -0.15060614]
[-0.0165393  -0.01132649 -0.14969759]
[-0.01103134 -0.01346813 -0.14397857]
[-0.00430574 -0.01267233 -0.13395202]
[-0.00076466 -0.01100409 -0.12800275]
[ 0.00840334 -0.00574451 -0.11379544]
[ 0.01315283 -0.00289011 -0.10616631]
[ 0.02354672  0.00403717 -0.08869264]
[ 0.0288635   0.00796957 -0.0790116 ]
[ 0.03547773  0.01180878 -0.06950632]
[ 0.04588581  0.0178123  -0.05215894]
[ 0.05276317  0.02296387 -0.03653576]
[ 0.05442711  0.02538509 -0.02970962]
[ 0.05984586  0.02887391 -0.01411161]
[ 0.06228909  0.02984326 -0.00658732]
[0.06567386 0.03205881 0.00713279]
[0.06726742 0.03369939 0.01388179]
[0.07052705 0.03728412 0.02658905]
[0.07162423 0.03925651 0.03243842]
[0.07248091 0.04141638 0.03758695]
[0.07217016 0.04366059 0.04142233]
[0.07092207 0.04891089 0.04660855]
[0.07144029 0.05115755 0.04773461]
[0.07476035 0.05401213 0.04853391]
[0.07689565 0.05807703 0.04806278]
[0.07845142 0.06103797 0.04781538]
[0.07800289 0.06346891 0.04777706]
[0.07141306 0.06536663 0.05133642]
[0.06737401 0.0654969  0.05330385]
[0.06422046 0.06557243 0.05410887]
[0.0626902  0.06572276 0.05394689]
[0.06235219 0.06648277 0.05148571]
[0.06429811 0.06774188 0.04898027]
[0.06496175 0.0688298  0.04836266]
[0.06358302 0.07079268 0.04853457]
[0.06056108 0.07149258 0.04831148]
[0.05814176 0.0717193  0.04671597]
[0.05705573 0.07225182 0.04314577]
[0.05296192 0.07410014 0.03430916]
[0.05061681 0.0736554  0.03213981]
[0.04932489 0.07270399 0.030272  ]
[0.05029844 0.0703024  0.02867111]
[0.0532164  0.06778047 0.02600612]
[0.06211664 0.06147231 0.02029321]
[0.06568431 0.05849507 0.01823639]
[0.06781532 0.05535858 0.01659767]
[0.06833479 0.05255792 0.0154024 ]
[0.0685407  0.04983252 0.01391759]
[0.06962401 0.04579219 0.01127671]
[0.06938615 0.04417008 0.01019867]
[0.06424077 0.04457133 0.00849649]
[0.0580823  0.04676253 0.00563437]
[ 0.05085415  0.04989531 -0.00128309]
[ 0.04911738  0.0517995  -0.00823398]
[ 0.04770591  0.05237143 -0.01122593]
[ 0.04586867  0.05205914 -0.01309663]
[ 0.04452424  0.0512852  -0.01456285]
[ 0.04268174  0.0486429  -0.01903674]
[ 0.04350496  0.04774651 -0.02143526]
[ 0.04366032  0.0466272  -0.02401468]
[ 0.04002078  0.04379896 -0.02986353]
[ 0.03761374  0.04409799 -0.03099656]
[ 0.03336277  0.04627246 -0.03380439]
[ 0.03202935  0.04705023 -0.03566253]
[ 0.02975697  0.04688136 -0.03748346]
[ 0.02793927  0.04670732 -0.04127102]
[ 0.02366126  0.04685301 -0.0450226 ]
[ 0.01922992  0.04868291 -0.0491743 ]
[ 0.01667171  0.0507024  -0.05556682]

程序已被终止，正在关闭套接字...
套接字已关闭。
