[-0.18447763 -0.00075003 -0.09914979]
[-0.1855331  -0.00206849 -0.10030692]
[-0.14158258  0.01157142 -0.06597576]
[-0.1517915  -0.00626796 -0.05671827]
[-0.14953258 -0.00984553 -0.05033667]
[-0.1426099  -0.01791183 -0.03758214]
[-0.13910111 -0.01863339 -0.03563257]
[-0.12976971 -0.01393214 -0.03337549]
[-0.12628334 -0.01010141 -0.03344223]
[-0.12428069 -0.007241   -0.0324319 ]
[-0.12578701 -0.00033238 -0.03106812]
[-0.12744334  0.00234828 -0.03210394]
[-0.12269276  0.00746493 -0.03210892]
[-0.12193321  0.00771279 -0.03247983]
[-0.12145041  0.0085799  -0.03224253]
[-0.12167808  0.01006182 -0.03186616]
[-0.13226971  0.00951823 -0.02879179]
[-0.13243413  0.00895515 -0.0292536 ]
[-0.1200349   0.00568696 -0.0210069 ]
[-0.12074782  0.00502925 -0.01524134]
[-0.12096071  0.0035451  -0.00884601]
[-0.12225703 -0.00179088  0.00140879]
[-0.12130901 -0.00397193  0.00569847]
[-0.12130714 -0.00574449  0.00977693]
[-0.12869246 -0.00589275  0.01861475]
[-0.12969083 -0.00373906  0.01914163]
[-0.12903079 -0.00249219  0.0180118 ]
[-0.12695439 -0.00212462  0.01209863]
[-0.12595176 -0.00205484  0.00959976]
[-0.12476708 -0.00180151  0.00806224]
[-0.12372643 -0.00203408  0.00293265]
[-0.12329951 -0.00136033 -0.00015809]
[-0.13211152 -0.0046951  -0.00697134]
[-0.14223496 -0.00944479 -0.0146704 ]
[-0.14316643 -0.00960984 -0.01913084]
[-0.14527989 -0.00780884 -0.03456475]
[-0.18282521 -0.01216029 -0.08414985]
[-0.20148702 -0.01195246 -0.10065536]
[-0.23087422 -0.01834099 -0.11363925]
[-0.23903498 -0.02309508 -0.11195012]
[-0.24586804 -0.02558622 -0.11094048]
[-0.25906795 -0.0303491  -0.10697246]
[-0.26202986 -0.03035191 -0.10572538]
[-0.29584346 -0.0268353  -0.10678674]
[-0.29992803 -0.02464721 -0.09421643]
[-0.29693718 -0.02409923 -0.09130448]
[-0.29394899 -0.02337091 -0.08940266]
[-0.28813017 -0.01998051 -0.08714523]
[-0.28819566 -0.01785727 -0.08789092]
[-0.2882274  -0.0138428  -0.08997078]
[-0.28746795 -0.00409226 -0.08820084]
[-0.2710346   0.05532959 -0.04077062]
[-0.25581455  0.07130977 -0.02549874]
[-0.24765219  0.08303377 -0.00997171]
[-0.24497253  0.08735918 -0.00439959]
[-2.43121976e-01  9.11825374e-02 -7.86669552e-05]
[-0.2410651   0.09489588  0.00304694]
[-0.22261432  0.10534631  0.01161349]
[-0.21814735  0.10651618  0.01320219]
[-0.21490041  0.10801351  0.01389487]
[-0.20354348  0.11416327  0.01800493]
[-0.20204044  0.11374628  0.01863434]
[-0.20044258  0.11293008  0.01904372]
[-0.19754849  0.11169434  0.01863129]
[-0.19567277  0.10909954  0.01734997]
[-0.19618129  0.10684327  0.01751079]
[-0.19965952  0.10262293  0.01640046]
[-0.19961057  0.10054266  0.01233715]
[-0.19705719  0.09889019  0.00504729]
[-0.19283006  0.09689739 -0.00186296]
[-0.16943883  0.07692908 -0.03795452]
[-0.166519    0.06769758 -0.04616957]
[-0.16672484  0.06258096 -0.05090246]
[-0.16561361  0.0574723  -0.05510007]
[-0.16271098  0.04109153 -0.06735502]
[-0.16071571  0.02983154 -0.07969014]
[-0.16036677  0.02400908 -0.08649709]
[-0.16219673  0.01775834 -0.09430394]
[-0.16532654  0.01166556 -0.1015119 ]
[-0.16870296  0.00578676 -0.10777543]
[-0.17195978  0.00027786 -0.11308485]
[-0.1975473  -0.02573524 -0.13699411]
[-0.21244595 -0.03596832 -0.13922504]
[-0.21520647 -0.03781002 -0.13829668]
[-0.22333345 -0.04536349 -0.13848273]
[-0.22405256 -0.04539353 -0.13920245]
[-0.22465971 -0.04555981 -0.13905409]
[-0.225188   -0.04561422 -0.13840291]
[-0.22445731 -0.0455143  -0.13634194]
[-0.22469285 -0.04585383 -0.1352431 ]
[-0.22606404 -0.04570822 -0.1331283 ]
[-0.22652862 -0.04129119 -0.12930751]
[-0.22718595 -0.03985886 -0.12784627]
[-0.22919917 -0.03856302 -0.12668256]
[-0.23146982 -0.03772831 -0.12522648]
[-0.23447537 -0.03595721 -0.1223987 ]
[-0.2334867  -0.03472878 -0.11874602]
[-0.2337541  -0.03415428 -0.11276263]
[-0.23366901 -0.03329485 -0.11089941]
[-0.23394077 -0.03217655 -0.10920431]
[-0.2343292  -0.02528798 -0.10514259]
[-0.234109   -0.02371033 -0.10445297]
[-0.23308659 -0.01766767 -0.10212301]
[-0.23169462 -0.01735438 -0.10125385]
[-0.23149247 -0.0171434  -0.10070718]
[-0.23206201 -0.01696935 -0.09989621]
[-0.23077656 -0.01590364 -0.09665966]
[-0.22692607 -0.01599991 -0.0947796 ]
[-0.2201239  -0.0160037  -0.09019662]
[-0.2170293  -0.01279497 -0.08861404]
[-0.21685828 -0.01129932 -0.08840065]
[-0.21666023 -0.01038794 -0.08829072]
[-0.21835454 -0.01186503 -0.08691091]
[-0.21773067 -0.01249626 -0.08597619]
[-0.21699345 -0.01274328 -0.08563724]
[-0.21623758 -0.01185686 -0.08512043]
[-0.21070926 -0.00344594 -0.08514169]
[-0.21069928 -0.00230077 -0.0852228 ]
[-0.20994013 -0.00123103 -0.08476679]
[-0.20734921  0.00063856 -0.08320715]
[-0.20604141  0.00106978 -0.08195287]
[-0.2039143   0.00166843 -0.08010541]
[-0.2019933   0.00224236 -0.07814191]
[-0.19462477  0.00522704 -0.07189507]
[-0.19418545  0.00668209 -0.07054568]
[-0.18867865  0.01036055 -0.06845447]
[-0.18550874  0.01125665 -0.06797367]
[-0.18213876  0.01194142 -0.06670506]
[-0.17915451  0.01206467 -0.06512272]
[-0.17329096  0.0113995  -0.05781433]
[-0.16846211  0.0120546  -0.05595433]
[-0.16060604  0.01607398 -0.05554321]
[-0.15960878  0.01696257 -0.05573832]
[-0.15885018  0.01741477 -0.05587195]
[-0.15764227  0.01799047 -0.0557145 ]
[-0.15719499  0.0184687  -0.05539886]
[-0.15389883  0.01517954 -0.045721  ]
[-0.15313015  0.01500031 -0.04521826]
[-0.15279114  0.01528359 -0.04494812]
[-0.15338343  0.0153974  -0.04679902]
[-0.15335805  0.01503477 -0.04804507]
[-0.15315703  0.0147732  -0.04793674]
[-0.15192785  0.0159902  -0.04590281]
[-0.15044654  0.01716515 -0.04552583]
[-0.14888197  0.0183126  -0.04511014]
[-0.14470263  0.02211858 -0.04344454]
[-0.14317755  0.02247861 -0.04190354]
[-0.14230369  0.02160606 -0.03999678]
[-0.14211678  0.02058032 -0.03889374]
[-0.14277388  0.01912973 -0.03982402]
[-0.14323696  0.01877522 -0.04119254]
[-0.14376475  0.01875872 -0.04242234]
[-0.14728477  0.0188778  -0.04713127]
[-0.14797046  0.01825545 -0.04839025]
[-0.14878584  0.01751604 -0.04956432]
[-0.15065778  0.01678761 -0.05115993]
[-0.15445494  0.01531193 -0.05378135]
[-0.15584848  0.01502236 -0.05485648]
[-0.16195828  0.01243621 -0.05725731]
[-0.16050454  0.01143371 -0.05653817]
[-0.15957079  0.01050284 -0.05577003]
[-0.15818914  0.01009611 -0.05532352]
[-0.15669427  0.01065596 -0.05653293]
[-0.15669427  0.01065596 -0.05653293]
[-0.15706041  0.01025147 -0.05681215]
[-0.15715693  0.00960083 -0.05705867]
[-0.15623781  0.00828326 -0.05796322]
[-0.15595223  0.00747431 -0.05787278]
[-0.15544609  0.00669508 -0.05764569]
[-0.15564686  0.00609671 -0.05763639]
[-0.1563188   0.00533473 -0.05892476]
[-0.15810251  0.00411604 -0.06301212]
[-0.16102928  0.00561748 -0.06674108]
[-0.16554024  0.00610426 -0.06929623]
[-0.1721718   0.00502912 -0.07235754]
[-0.17720139  0.0016404  -0.07700722]
[-0.17423306 -0.00056507 -0.08412262]
[-0.17317859 -0.00180526 -0.08748108]
[-0.17336246 -0.00353565 -0.08969523]
[-0.17708159 -0.00607387 -0.09227742]
[-0.17954103 -0.00648799 -0.09317768]
[-0.18201807 -0.00661512 -0.09333564]
[-0.18547113 -0.00727597 -0.09252082]
[-0.19018594 -0.00935678 -0.08997018]
[-0.19161348 -0.01064325 -0.08944201]
[-0.19233852 -0.01183375 -0.08928929]
[-0.19229373 -0.01289141 -0.08904719]
[-0.19309767 -0.01395059 -0.08853088]
[-0.1953142  -0.01333029 -0.08633672]
[-0.19687545 -0.01235084 -0.08381098]
[-0.19814057 -0.01115539 -0.08077114]
[-0.19850971 -0.01025874 -0.07711397]
[-0.19629172 -0.00920342 -0.06930062]
[-0.19464617 -0.00859996 -0.06488322]
[-0.19382766 -0.00764725 -0.06036964]
[-0.19336444 -0.006078   -0.05606864]
[-0.19188974 -0.00397617 -0.05205787]
[-0.18540903 -0.00055646 -0.04267039]
[-0.18079758  0.00054772 -0.03721522]
[-0.17731724  0.00096147 -0.03100922]
[-0.17538361  0.00142731 -0.02521391]
[-0.1707682   0.00286566 -0.01350111]
[-0.16786988  0.00380927 -0.00742476]
[-0.1640344   0.00404406 -0.00208144]
[-0.160154    0.00324256  0.0030175 ]
[-0.15433391  0.00258095  0.00944583]
[-0.15478402  0.00541758  0.01019172]
[-0.15468472  0.00990178  0.00897757]
[-0.14802039  0.00668329  0.01303857]
[-0.1339494   0.00070014  0.02700242]
[-0.12656373 -0.000183    0.03073398]
[-0.11771518  0.00048148  0.03418344]
[-0.10683958  0.00069807  0.03552492]
[-0.09678764  0.00060171  0.03771904]
[-0.06857472 -0.00016051  0.04181301]
[-0.05398137  0.0007362   0.03905916]
[-0.04896227  0.00305318  0.03357016]
[-0.04547122  0.00253905  0.02982347]
[-0.04524596  0.00336245  0.02621723]
[-0.04203475  0.00600817  0.02530809]
[-0.03715601  0.00810349  0.0264271 ]
[-0.0316262   0.00998157  0.02670969]
[-0.02033503  0.00868552  0.02059512]
[-0.02033503  0.00868552  0.02059512]
[-0.01749041  0.00861844  0.01914748]
[-0.01428745  0.00940979  0.01749498]
[-0.0106189   0.01092012  0.01670716]
[0.0020827  0.01190918 0.01353346]
[0.00422519 0.01126903 0.01353589]
[0.00566655 0.01109453 0.0137678 ]
[0.00833466 0.01131247 0.01561231]
[0.01210979 0.01152794 0.01715536]
[0.0143347  0.01142387 0.01760262]
[0.01680612 0.01082079 0.01838326]
[0.01863927 0.01018145 0.01919586]
[0.02340393 0.00918504 0.02343576]
[0.02459774 0.00906155 0.02484814]
[0.02567232 0.00874385 0.02632225]
[0.02666486 0.00772183 0.02903804]
[0.02674322 0.00723523 0.03025125]
[0.02597315 0.00664842 0.03104634]
[0.02461246 0.00591725 0.03142364]
[0.02149362 0.00287046 0.02983276]
[0.02072877 0.0005881  0.02804829]
[ 0.01902493 -0.00174401  0.02586153]
[ 0.01609609 -0.00400978  0.02283513]
[ 0.0122629  -0.0081875   0.01694564]
[ 0.01041553 -0.01078129  0.01365238]
[ 0.00859252 -0.01352769  0.01056131]
[ 0.00542705 -0.01804998  0.00693465]
[ 0.01026355 -0.02051711  0.00680638]
[ 0.01158953 -0.02038955  0.00738574]
[ 0.0109415  -0.02035237  0.00810884]
[ 0.01092794 -0.02093275  0.00827226]
[ 0.01069956 -0.0224661   0.00805118]
[ 0.01408584 -0.02655174  0.00796727]
[ 0.01433001 -0.02833924  0.00799874]
[ 0.01295205 -0.02963781  0.00805208]
[ 0.01020839 -0.03085533  0.00779087]
[ 0.00471609 -0.03272329  0.00867755]
[ 0.00162513 -0.03338725  0.01027652]
[-0.00043724 -0.03366105  0.01222269]
[-0.00267624 -0.03391772  0.01487319]
[-0.00480501 -0.03452484  0.01814892]
[-0.00627641 -0.03606425  0.02995463]
[-0.00569832 -0.03656595  0.03896026]
[-0.00211912 -0.03784348  0.07073273]
[-0.00211912 -0.03784348  0.07073273]
[ 0.00094136 -0.04003501  0.09494059]
[ 0.00441036 -0.04121329  0.10749848]
[ 0.00770274 -0.04250327  0.12005261]
[ 0.01193838 -0.04365882  0.13020791]
[ 0.01358837 -0.04443475  0.14704311]
[ 0.01187674 -0.04438043  0.15270764]
[ 0.00817679 -0.04324167  0.15679531]
[ 0.00463035 -0.0414216   0.15842922]
[ 0.00115131 -0.0394863   0.15870251]
[-0.00243745 -0.03538332  0.15626761]
[-0.00338838 -0.03412067  0.15473217]
[-0.00446654 -0.03277787  0.15369131]
[-0.00587014 -0.03148052  0.1532668 ]
[-0.00789046 -0.03039022  0.15324943]
[-0.01069193 -0.02900803  0.1543828 ]
[-0.0116554  -0.02900246  0.15477127]
[-0.01461523 -0.02874674  0.15414572]
[-0.01778377 -0.02722309  0.14812168]
[-0.01928649 -0.02606739  0.14276028]
[-0.02120253 -0.02448597  0.13652931]
[-0.02367415 -0.02293645  0.13006097]
[-0.02736137 -0.02119916  0.12312902]
[-0.03424589 -0.01780559  0.10807329]
[-0.04097114 -0.01511296  0.09212361]
[-0.04396136 -0.01367834  0.07885968]
[-0.0470044  -0.01247393  0.06543641]
[-0.04904882 -0.01208599  0.05765962]
[-0.04858141 -0.01130245  0.05188108]
[-0.04534351 -0.01131127  0.04580567]
[-0.04484584 -0.0090472   0.04045767]
[-0.04763767 -0.0065911   0.02719779]
[-0.04467978 -0.00774549  0.01823326]
[-0.04619566 -0.0104665  -0.00047112]
[-0.04887957 -0.01152984 -0.0083985 ]
[-0.05231032 -0.01144542 -0.01468654]
[-0.0549323  -0.01163834 -0.02037026]
[-0.05632232 -0.01187701 -0.02619925]
[-0.05936627 -0.01205275 -0.03587397]
[-0.0619823  -0.01121333 -0.04517433]
[-0.06330881 -0.01087227 -0.05040594]
[-0.06516551 -0.0106591  -0.05596654]
[-0.0662755  -0.01221298 -0.06501022]
[-0.06645581 -0.01324953 -0.06890646]
[-0.06722342 -0.0141876  -0.07254575]
[-0.06924235 -0.01436325 -0.07579807]
[-0.07155376 -0.01496865 -0.0799739 ]
[-0.07691624 -0.01621936 -0.08984531]
[-0.08241853 -0.01683026 -0.1055398 ]
[-0.08373134 -0.01686633 -0.11803909]
[-0.08398334 -0.01748553 -0.12041433]
[-0.08419026 -0.01807449 -0.12257589]
[-0.0839984  -0.01870841 -0.12470335]
[-0.08304104 -0.01911919 -0.12667277]
[-0.08058416 -0.02022873 -0.12980767]
[-0.08052567 -0.0208385  -0.13028835]
[-0.08121857 -0.0211798  -0.13070305]
[-0.08261091 -0.02187823 -0.13084768]
[-0.08406684 -0.0227614  -0.13086009]
[-0.08510708 -0.02420488 -0.13037196]
[-0.08556047 -0.02420739 -0.1297358 ]
[-0.08550044 -0.02398061 -0.12925097]
[-0.08608255 -0.02363492 -0.12957852]
[-0.08760907 -0.02117188 -0.13421178]
[-0.08735579 -0.02015819 -0.13551007]
[-0.08684085 -0.01931468 -0.13614762]
[-0.08514252 -0.01855558 -0.13621482]
[-0.08309881 -0.01614488 -0.13740624]
[-0.08297032 -0.01495401 -0.13882633]
[-0.0841131  -0.01403801 -0.14077729]
[-0.08558958 -0.01349705 -0.14254856]
[-0.08596336 -0.01351127 -0.14377436]
[-0.08530424 -0.01313498 -0.14463753]
[-0.08329492 -0.01239801 -0.14508462]
[-0.08299121 -0.0116557  -0.14491573]
[-0.08319385 -0.01096804 -0.14460512]
[-0.08397303 -0.01012089 -0.14464423]
[-0.08341793 -0.0083484  -0.14441818]
[-0.08299161 -0.00710393 -0.14419577]
[-0.08243825 -0.00603175 -0.14320731]
[-0.08280674 -0.00510526 -0.1418016 ]
[-0.08207844 -0.00454896 -0.13853803]
[-0.07927358 -0.00379815 -0.13771026]
[-0.07927358 -0.00379815 -0.13771026]
[-0.07912748 -0.00338539 -0.13822451]
[-0.08400283 -0.00049837 -0.14061016]
[-0.08400283 -0.00049837 -0.14061016]
[-0.08548618  0.00062879 -0.14145097]
[-0.08649848  0.00160414 -0.14161474]
[-0.08651247  0.00260667 -0.14057919]
[-0.0851417  0.0047101 -0.1352434]
[-0.08141937  0.00600592 -0.12829019]
[-0.07797615  0.00686392 -0.12143228]
[-0.07749897  0.00819935 -0.11512973]
[-0.07774288  0.00838496 -0.11196935]
[-0.07828097  0.00898161 -0.10879831]
[-0.07632132  0.0126802  -0.09815101]
[-0.07632132  0.0126802  -0.09815101]
[-0.07564142  0.0143747  -0.09496383]
[-0.07502592  0.01650197 -0.09185061]
[-0.0725167   0.02134289 -0.08770985]
[-0.07104543  0.02392336 -0.08616705]
[-0.06828618  0.02778292 -0.08272144]
[-0.06571146  0.03129739 -0.07753733]
[-0.06146986  0.03280133 -0.07029355]
[-0.05890304  0.03222743 -0.06684677]
[-0.05290397  0.03106494 -0.06095172]
[-0.04833047  0.03210438 -0.05641219]
[-0.04721771  0.03378744 -0.05501151]
[-0.04604322  0.03473407 -0.05432506]
[-0.04540819  0.03647194 -0.05495897]
[-0.04289653  0.03756436 -0.05534007]
[-0.0354659   0.04019814 -0.05436657]
[-0.0354659   0.04019814 -0.05436657]
[-0.03474055  0.04045442 -0.05373553]
[-0.03351993  0.04172907 -0.05177876]
[-0.03353124  0.04272591 -0.05067973]
[-0.03341199  0.04371493 -0.04965786]
[-0.03406739  0.04469157 -0.04854874]
[-0.03412543  0.04546214 -0.04767932]
[-0.03413145  0.04618157 -0.04655607]
[-0.03583278  0.04710147 -0.04698548]
[-0.03733774  0.04769145 -0.04689333]
[-0.03801893  0.04828069 -0.04647519]
[-0.03952693  0.04920831 -0.04351099]
[-0.04008951  0.04941793 -0.04220744]
[-0.04257102  0.04848874 -0.04066597]
[-0.04326116  0.04749634 -0.04009443]
[-0.04361262  0.04541826 -0.03786313]
[-0.04287492  0.04473129 -0.03685131]
[-0.04379809  0.04402265 -0.03649597]
[-0.04558717  0.0440814  -0.03724305]
[-0.04789744  0.04451764 -0.03932139]
[-0.04882915  0.04416286 -0.04046712]
[-0.05171484  0.04258649 -0.04264977]
[-0.05344383  0.04048759 -0.04264429]
[-0.05344383  0.04048759 -0.04264429]
[-0.0536373   0.03961997 -0.04197158]
[-0.05796392  0.03402679 -0.04146007]
[-0.06068704  0.03138448 -0.04189992]
[-0.06317086  0.02909531 -0.042352  ]
[-0.06747599  0.02636935 -0.04329243]
[-0.07027562  0.02523919 -0.04252272]
[-0.07244736  0.02478548 -0.04186825]
[-0.07382594  0.02363217 -0.04129439]
[-0.06825939  0.02345226 -0.03967795]
[-0.06758477  0.02350905 -0.03926873]
[-0.06795149  0.02277357 -0.03943495]
[-0.0683671   0.0224242  -0.03935536]
[-0.06918401  0.02202476 -0.03931675]
[-0.07006411  0.02173677 -0.03909777]
[-0.07110444  0.02166249 -0.03898072]
[-0.07205807  0.02168307 -0.03916452]
[-0.07431378  0.02172422 -0.03872813]
[-0.07521518  0.02177337 -0.03836335]
[-0.07543203  0.02175806 -0.03788737]
[-0.07519744  0.02180413 -0.03763549]
[-0.07413024  0.02195285 -0.03756365]
[-0.0728351   0.02202422 -0.03707194]
[-0.07216421  0.02223446 -0.03647597]
[-0.07237969  0.02257879 -0.0359011 ]
[-0.07389906  0.02387125 -0.03471128]
[-0.07585208  0.02423569 -0.03524157]
[-0.07741038  0.0241965  -0.03594421]
[-0.08024612  0.0245837  -0.03729785]
[-0.08124473  0.02486833 -0.0373197 ]
[-0.0805248   0.02499744 -0.03674132]
[-0.07688539  0.02036761 -0.03226843]
[-0.07744973  0.0196158  -0.03166277]
[-0.08028032  0.0186612  -0.03302711]
[-0.08348646  0.01839095 -0.03480159]
[-0.08645871  0.01822051 -0.03691087]
[-0.08923521  0.01802874 -0.03869734]
[-0.09131161  0.01819881 -0.0392193 ]
[-0.09172167  0.0183665  -0.03848106]
[-0.09611727  0.0185264  -0.03948307]
[-0.09611727  0.0185264  -0.03948307]
[-0.09874616  0.01862352 -0.04094312]
[-0.10371378  0.01972645 -0.04254017]
[-0.10556678  0.02085331 -0.0431242 ]
[-0.10735003  0.02294515 -0.04441496]
[-0.10715564  0.02385899 -0.04530833]
[-0.10713541  0.02438627 -0.04536303]
[-0.10678491  0.02500791 -0.04497375]
[-0.10562671  0.02577152 -0.04425984]
[-0.10237211  0.02635594 -0.04219557]
[-0.10180613  0.02604747 -0.04175267]
[-0.10356985  0.0253326  -0.04207618]
[-0.10479631  0.02469544 -0.04252733]
[-0.10700071  0.02397656 -0.04315713]
[-0.11015489  0.02345221 -0.04331544]
[-0.11217909  0.02278169 -0.04295427]
[-0.11371898  0.02314622 -0.04161786]
[-0.11926642  0.02447893 -0.03949274]
[-0.12495405  0.02662032 -0.03842882]
[-0.12774418  0.03065294 -0.03833744]
[-0.12491417  0.03214508 -0.03854458]
[-0.12239897  0.03254919 -0.0387741 ]
[-0.12280603  0.03418093 -0.03987974]
[-0.12280603  0.03418093 -0.03987974]
[-0.12666524  0.03297757 -0.04171006]
[-0.13015906  0.02962876 -0.04353234]
[-0.13015906  0.02962876 -0.04353234]
[-0.13194492  0.02868475 -0.04400956]
[-0.13682565  0.02760257 -0.04542325]
[-0.13682565  0.02760257 -0.04542325]
[-0.13741534  0.02714237 -0.04641872]
[-0.13732011  0.02585386 -0.04696506]
[-0.13824587  0.02416212 -0.04723959]
[-0.14388479  0.02140313 -0.04716903]
[-0.14738153  0.02061521 -0.04740003]
[-0.15010003  0.01963422 -0.04801397]
[-0.15228889  0.01976389 -0.04794149]
[-0.15491407  0.01946075 -0.04817891]
[-0.1657004   0.02173177 -0.04933823]
[-0.16861788  0.02229888 -0.04964265]
[-0.17012565  0.02225711 -0.04973283]
[-0.17200003  0.02225319 -0.04934088]
[-0.17748992  0.02258828 -0.0484166 ]
[-0.18172804  0.02315917 -0.04749842]
[-0.18641633  0.02344199 -0.04750708]
[-0.19080746  0.02283682 -0.04724765]
[-0.19537944  0.02134569 -0.04698391]
[-0.20541078  0.01494642 -0.04418286]
[-0.20955443  0.011626   -0.04092068]
[-0.21389251  0.00751623 -0.03864361]
[-0.21858873  0.0037894  -0.03697565]
[-0.23137174 -0.00142854 -0.03178705]
[-0.2371411  -0.00285127 -0.03083479]
[-0.24174783 -0.00327487 -0.03018427]
[-0.24566452 -0.00269175 -0.0327154 ]
[-0.24675737 -0.00077357 -0.03663699]
[-0.24400787  0.00301577 -0.04418062]
[-0.24292059  0.00455037 -0.04655514]
[-0.24399223  0.00605397 -0.04881909]
[-0.24608113  0.00744705 -0.0501091 ]
[-0.24956156  0.00901206 -0.05345167]
[-0.25042322  0.00846423 -0.0538751 ]
[-0.25086416  0.00719444 -0.05368048]
[-0.25089695  0.00502869 -0.05171703]
[-0.25289734  0.00259523 -0.04829974]
[-0.25767224  0.00044004 -0.04548816]
[-0.26568253  0.0040125  -0.05060228]
[-0.26863771  0.00652632 -0.05207854]
[-0.27054389  0.00853751 -0.0531467 ]
[-0.27033661  0.01116015 -0.05207744]
[-0.26996553  0.01161906 -0.0519366 ]
[-0.26986661  0.01175207 -0.05149157]
[-0.27115683  0.01283908 -0.05279157]
[-0.27394511  0.01434704 -0.05506669]
[-0.28464253  0.02042639 -0.06106995]
[-0.28760649  0.02187231 -0.0631488 ]
[-0.29036687  0.02279588 -0.06572241]
[-0.29168389  0.02091952 -0.06942812]
[-0.29104219  0.01666455 -0.07519456]
[-0.28981046  0.01491928 -0.07687865]
[-0.28877809  0.01461345 -0.07675635]
[-0.28792418  0.01461445 -0.07615644]
[-0.28772683  0.01477157 -0.07523292]
[-0.28877876  0.01548291 -0.07738172]
[-0.28992544  0.01543814 -0.07934977]
[-0.29103466  0.01576672 -0.0811118 ]
[-0.29308617  0.01626595 -0.08084623]
[-0.2935889   0.01743819 -0.08088738]
[-0.29496391  0.01807521 -0.0816887 ]
[-0.29660685  0.01992766 -0.08335272]
[-0.2983175   0.02089913 -0.08535063]
[-0.29966093  0.02236174 -0.08897454]
[-0.29821286  0.02350656 -0.08978746]
[-0.29466085  0.02435871 -0.09029812]

程序已被终止，正在关闭套接字...
套接字已关闭。
