[-0.17968984  0.00254546 -0.0797686 ]
[-0.16598796  0.0047649  -0.07917527]
[-0.1613668   0.01550698 -0.0721413 ]
[-0.14588542  0.02942911 -0.05925966]
[-0.14910707  0.01990566 -0.06879074]
[-0.15504345  0.02086063 -0.07305411]
[-0.16071785  0.02535212 -0.0759837 ]
[-0.16619451  0.03259305 -0.07349522]
[-0.16477117  0.02959753 -0.06493636]
[-0.16542511  0.02305423 -0.05862686]
[-0.1620578   0.00433785 -0.03426203]
[-0.15723703 -0.00041908 -0.02329243]
[-0.15419712 -0.00185091 -0.01741996]
[-0.14731256 -0.00217748 -0.01223835]
[-0.14587837 -0.00122948 -0.01202356]
[-0.14674793  0.00117119 -0.00606447]
[-0.14674793  0.00117119 -0.00606447]
[-0.1481093   0.00101764 -0.00243394]
[-0.15639315  0.00632349  0.01436855]
[-0.1582023   0.0088325   0.01869921]
[-0.17790778  0.01505009  0.03179324]
[-0.17982026  0.01949247  0.03079245]
[-0.17109492  0.02334999  0.02753759]
[-0.15111207  0.03532435  0.02419543]
[-0.14332478  0.03604423  0.02703912]
[-0.08627279  0.03130598  0.03808769]
[-0.08627279  0.03130598  0.03808769]
[-0.07593984  0.03153456  0.04005441]
[-0.06760308  0.03136829  0.04011958]
[-0.0515099   0.03058924  0.03807173]
[-0.04451774  0.02895385  0.03728781]
[-0.01052293  0.02208416  0.03366647]
[-0.00467289  0.02145826  0.03330613]
[-0.00011913  0.02130709  0.03348165]
[0.00359251 0.02109344 0.03384338]
[0.00702984 0.02070296 0.03434698]
[0.01606206 0.01913932 0.03435793]
[0.02039658 0.01811907 0.03382959]
[0.04418469 0.00870774 0.03983001]
[0.04410431 0.00773119 0.04161755]
[0.04520375 0.00749602 0.0427936 ]
[0.05552027 0.00310548 0.04044144]
[ 0.0573371  -0.00106475  0.03966312]
[ 0.05273411 -0.00629925  0.03987359]
[ 0.05065303 -0.00655254  0.04024405]
[ 0.04778088 -0.00725151  0.04020373]
[ 0.04495898 -0.00796457  0.03990975]
[ 0.03184021 -0.01062958  0.03546267]
[ 0.02709929 -0.01091156  0.03362636]
[ 0.01609506 -0.00975616  0.03337549]
[ 0.00884085 -0.00942764  0.03331285]
[-0.00650107 -0.00937696  0.03299311]
[-0.01729044 -0.01069812  0.0319547 ]
[-0.03827287 -0.01274003  0.03154754]
[-0.04942153 -0.01294612  0.03160286]
[-0.05690301 -0.01358421  0.03282608]
[-0.06332081 -0.0136371   0.03413351]
[-0.08616246 -0.0129435   0.03277629]
[-0.08837805 -0.01420888  0.03193896]
[-0.09105757 -0.0158123   0.03023783]
[-0.09906064 -0.01975818  0.02317527]
[-0.09942888 -0.01853698  0.02351178]
[-0.0989774  -0.01668833  0.02531214]
[-0.09936891 -0.01638897  0.02861005]
[-0.09899201 -0.01658609  0.02948359]
[-0.09762745 -0.01738363  0.03019588]
[-0.09128248 -0.0195548   0.03003862]
[-0.09025639 -0.01953248  0.02939915]
[-0.08839819 -0.0198141   0.0286167 ]
[-0.08701469 -0.02052187  0.0281776 ]
[-0.08049163 -0.02220168  0.02955328]
[-0.07876878 -0.02243008  0.03050434]
[-0.07510583 -0.0228458   0.03225032]
[-0.07278039 -0.02264566  0.03316182]
[-0.07042136 -0.02187748  0.03450203]
[-0.05878979 -0.01559614  0.04683314]
[-0.05623333 -0.0133441   0.05066723]
[-0.05243413 -0.01179377  0.05527813]
[-0.05029023 -0.01126425  0.05719425]
[-0.02735818 -0.00946619  0.06408054]
[-0.02484387 -0.0088141   0.06357294]
[-0.01543904 -0.00913945  0.06600916]
[-0.01944813 -0.01032536  0.06639947]
[-0.03231177 -0.01513473  0.06580979]
[-0.04128962 -0.01626603  0.06524616]
[-0.05866092 -0.02079889  0.06075346]
[-0.06541889 -0.02369839  0.06092079]
[-0.06894536 -0.02457108  0.06251549]
[-0.07281583 -0.02528724  0.06393449]
[-0.07767012 -0.02356883  0.06944883]
[-0.07815301 -0.02056876  0.06990964]
[-0.07841402 -0.01762289  0.06948219]
[-0.08392117 -0.01174403  0.075433  ]
[-0.08627655 -0.0098729   0.07811387]
[-0.08106793  0.00258435  0.10009953]
[-0.07903311  0.0043778   0.10394817]
[-0.07638651  0.00608703  0.10860322]
[-0.06774374  0.00875859  0.12180027]
[-0.06689651  0.00855639  0.12526152]
[-0.06685142  0.0084091   0.12827218]
[-0.06707955  0.00915887  0.13102147]
[-0.06403595  0.01305     0.13880108]
[-0.06231253  0.01361995  0.14082043]
[-0.06107515  0.01415546  0.14261998]
[-0.0603795   0.01440118  0.14412892]
[-0.05957274  0.01368004  0.15029855]
[-0.05847406  0.0129884   0.15225413]
[-0.05706985  0.01229847  0.15405887]
[-0.05784457  0.01084304  0.16575813]
[-0.05996154  0.00965947  0.16623835]
[-0.05938578  0.00892957  0.16691482]
[-0.05901228  0.00821172  0.16834094]
[-0.0576774   0.00745704  0.16996469]
[-0.05624102  0.0071861   0.17162211]
[-0.05359856  0.00744172  0.17270581]
[-0.05283586  0.00784868  0.17295553]
[-0.05192163  0.00815424  0.173453  ]
[-0.05122867  0.0081736   0.17403029]
[-0.05037717  0.0077771   0.17432271]
[-0.0531014   0.00668841  0.17137928]
[-0.05491062  0.00280273  0.16519061]
[-0.05306766 -0.00382434  0.15025595]
[-0.05227449 -0.00623933  0.14541736]
[-0.05660537 -0.00949532  0.11878629]
[-0.06646157 -0.01105899  0.08763865]
[-0.0680036  -0.01206858  0.08264834]
[-0.06926129 -0.0132781   0.0773973 ]
[-0.0695148  -0.01453296  0.0713855 ]
[-0.07239843 -0.01979736  0.05071025]
[-0.07656528 -0.02228313  0.03820693]
[-0.08225607 -0.02844554  0.01415873]
[-0.08225607 -0.02844554  0.01415873]
[-0.08432955 -0.02953176  0.01221769]
[-0.08513811 -0.03196358  0.00659481]
[-0.08371966 -0.03245242  0.00434822]
[-0.08272156 -0.03324626  0.00207539]
[-0.07670526 -0.04031496 -0.00897221]
[-0.07569315 -0.04178111 -0.01110294]
[-0.07575538 -0.04266209 -0.01316927]
[-0.07557842 -0.04335051 -0.01536467]
[-0.07353943 -0.04689714 -0.01897841]
[-0.07275158 -0.04868984 -0.01919306]
[-0.07277414 -0.05040197 -0.01916572]
[-0.07041847 -0.05609171 -0.02991352]
[-0.06943251 -0.05640826 -0.03418088]
[-0.06879264 -0.05709713 -0.03886864]
[-0.06465919 -0.06175352 -0.05336601]
[-0.06885818 -0.07108472 -0.06747623]
[-0.07261638 -0.07515972 -0.07516557]
[-0.07311218 -0.07617076 -0.07713147]
[-0.0735087  -0.07688934 -0.0794877 ]
[-0.0707451  -0.07902858 -0.08412923]
[-0.07010472 -0.07971694 -0.08597779]
[-0.07036778 -0.08001683 -0.08776608]
[-0.07183899 -0.08049346 -0.08987024]
[-0.07323687 -0.08078907 -0.09135332]
[-0.07514044 -0.08121433 -0.09302434]
[-0.07739907 -0.0808975  -0.09336976]
[-0.08292336 -0.0775939  -0.09956896]
[-0.08179638 -0.07851105 -0.10261805]
[-0.08443076 -0.07365891 -0.11097459]
[-0.08388689 -0.07336726 -0.11025802]
[-0.08375352 -0.07359309 -0.10993212]
[-0.08699527 -0.0753625  -0.11101986]
[-0.08915574 -0.07601758 -0.11205578]
[-0.09096907 -0.07642557 -0.11277445]
[-0.09487235 -0.0762918  -0.11347742]
[-0.09999465 -0.076502   -0.11248779]
[-0.09999465 -0.076502   -0.11248779]
[-0.10025516 -0.07636686 -0.11194307]
[-0.10048466 -0.0760688  -0.11163715]
[-0.1031029  -0.07497947 -0.10973561]
[-0.10466512 -0.07458963 -0.10883445]
[-0.10607004 -0.07395094 -0.1079777 ]
[-0.11052689 -0.07222157 -0.10561921]
[-0.11381038 -0.07241283 -0.10550351]
[-0.11575782 -0.07292644 -0.10457558]
[-0.11873362 -0.0722104  -0.10403369]
[-0.12072883 -0.07082152 -0.10235532]
[-0.12280181 -0.06889515 -0.09776881]
[-0.1230459  -0.06088391 -0.08854779]
[-0.1230459  -0.06088391 -0.08854779]
[-0.12034158 -0.05819352 -0.08590207]
[-0.11828968 -0.05452698 -0.08001155]
[-0.11939312 -0.05048365 -0.0767664 ]
[-0.12150434 -0.04893589 -0.07947458]
[-0.12859889 -0.04676525 -0.0917126 ]
[-0.13204881 -0.04802128 -0.10264087]
[-0.13460638 -0.04954319 -0.12885419]
[-0.13596779 -0.04935205 -0.14066072]
[-0.14046746 -0.0473443  -0.15596339]
[-0.14595805 -0.03813996 -0.20061412]
[-0.15000228 -0.04023511 -0.21510632]
[-0.15334445 -0.04202874 -0.22056313]
[-0.1499777  -0.04456347 -0.23702288]
[-0.14872102 -0.04621341 -0.24211141]
[-0.14963765 -0.04742311 -0.24693382]
[-0.15277393 -0.04423957 -0.24788192]
[-0.14924591 -0.0441776  -0.24016094]
[-0.14847827 -0.04327796 -0.2242199 ]
[-0.15333806 -0.04313632 -0.21352901]
[-0.16137692 -0.03533893 -0.1358639 ]
[-0.16137692 -0.03533893 -0.1358639 ]
[-0.15136349 -0.03131601 -0.11737344]
[-0.14236729 -0.02716012 -0.1037893 ]
[-0.12062489 -0.0170141  -0.05650858]
[-0.11652292 -0.01418457 -0.04347979]
[-0.1139395  -0.0106998  -0.03132436]
[-0.11153609 -0.00699017 -0.01990886]
[-0.10867345 -0.00273646 -0.00997743]
[-0.1054226  0.0033964  0.0055445]
[-0.09684144  0.01094483  0.03024784]
[-0.08506438  0.02168047  0.09892577]
[-0.08506438  0.02168047  0.09892577]
[-0.07562675  0.01950899  0.13701671]
[-0.06952913  0.01825124  0.17854637]
[-0.07062198  0.01833687  0.19027217]
[-0.08064727  0.02548077  0.21107636]
[-0.08299446  0.02664324  0.20942815]
[-0.08560536  0.02701116  0.20667945]
[-0.08717504  0.02717772  0.20447491]
[-0.08790512  0.02888954  0.19514066]
[-0.0873809   0.02836392  0.19266357]
[-0.08649787  0.02730804  0.19072138]
[-0.08588872  0.02553943  0.18869224]
[-0.08554074  0.02348945  0.18656446]
[-0.08570071  0.02034419  0.18213655]
[-0.0855619   0.01936909  0.18021327]
[-0.08647305  0.01898589  0.17675804]
[-0.08736751  0.01886657  0.17546554]
[-0.08898391  0.0187057   0.17191973]
[-0.08892657  0.01698983  0.15868834]
[-0.08615367  0.01117239  0.14340867]
[-0.08615367  0.01117239  0.14340867]
[-0.09034755  0.00634075  0.1350311 ]
[-0.07919533 -0.00207712  0.11497184]
[-0.07691115 -0.00678909  0.10279569]
[-0.07911489 -0.01372173  0.09188604]
[-0.0790356  -0.01662604  0.08873059]
[-0.07840399 -0.01980232  0.08562994]
[-0.08053295 -0.0349337   0.07223539]
[-0.0807304  -0.03918554  0.07020604]
[-0.08020912 -0.0489483   0.06565038]
[-0.07799272 -0.06338894  0.05613578]
[-0.07930574 -0.07238109  0.04616899]
[-0.08478107 -0.0768349   0.04247558]
[-0.09041966 -0.08229551  0.03913922]
[-0.09423414 -0.08695931  0.03668911]
[-0.09307996 -0.09059808  0.03331181]
[-0.10521788 -0.10299321  0.01590012]
[-0.10909889 -0.1048528   0.01419   ]
[-0.12731747 -0.11451413  0.01143102]
[-0.12731747 -0.11451413  0.01143102]
[-0.12928532 -0.11499395  0.01237271]
[-0.13657867 -0.11353893  0.01411664]
[-0.13732783 -0.11298358  0.0147641 ]
[-0.12650216 -0.10890187  0.02441008]
[-0.12650216 -0.10890187  0.02441008]
[-0.12272493 -0.10692149  0.02556605]
[-0.12085981 -0.10469727  0.0273485 ]
[-0.11184734 -0.09412183  0.0392152 ]
[-0.10526022 -0.0891288   0.04440223]
[-0.06709115 -0.06439051  0.06924751]
[-0.06142192 -0.05987359  0.07025455]
[-0.05614969 -0.05619241  0.07059647]
[-0.03604677 -0.04068351  0.06772558]
[-0.02474641 -0.03759129  0.0676351 ]
[-0.01905678 -0.03655195  0.0677457 ]
[-0.01264387 -0.03672463  0.0682332 ]
[ 0.0003385  -0.03747332  0.07272336]
[ 0.00771793 -0.03802736  0.07466451]
[ 0.02920238 -0.0355363   0.07276181]
[ 0.02920238 -0.0355363   0.07276181]
[ 0.04106965 -0.03306536  0.07006975]
[ 0.05832457 -0.02014654  0.0727145 ]
[ 0.06068379 -0.01804236  0.07330692]
[ 0.06393105 -0.01662394  0.07325831]
[ 0.08098126 -0.01472753  0.06936773]
[ 0.08412842 -0.0140703   0.06920452]
[ 0.08557769 -0.01339937  0.06930058]
[ 0.09057947 -0.01221439  0.0674384 ]
[ 0.09047771 -0.01291005  0.06698291]
[ 0.09148121 -0.01383025  0.06721658]
[ 0.09325648 -0.01317546  0.06711698]
[ 0.09168174 -0.01389712  0.06749373]
[ 0.08977169 -0.01466583  0.06754829]
[ 0.08945552 -0.01473122  0.06693646]
[ 0.09027419 -0.01188334  0.06231246]
[ 0.09000123 -0.01158718  0.06099745]
[ 0.09009421 -0.01651575  0.05696311]
[ 0.09096213 -0.01777218  0.05487212]
[ 0.09085534 -0.01906121  0.05218498]
[ 0.09021782 -0.02193972  0.04620236]
[ 0.09005656 -0.02463854  0.03720757]
[ 0.0902261  -0.0262363   0.03260381]
[ 0.0918659  -0.03828912  0.01234782]
[ 0.08588537 -0.04663349  0.00620687]
[ 0.06103851 -0.06397584 -0.00716972]
[ 0.05293112 -0.06784679 -0.01076769]
[ 0.03164219 -0.07751898 -0.02080678]
[ 0.02970461 -0.07746246 -0.02109545]
[ 0.02723487 -0.07762428 -0.02211623]
[ 0.01168714 -0.07867619 -0.02541966]
[ 0.00863357 -0.07813399 -0.02609762]
[ 0.00182583 -0.07665657 -0.02528116]
[-0.00324462 -0.07662567 -0.02228027]
[-0.00944647 -0.07664676 -0.01904571]
[-0.01756846 -0.076293   -0.01630253]
[-0.01870821 -0.07575657 -0.01766617]
[-0.01893167 -0.07340605 -0.02237495]
[-0.01893167 -0.07340605 -0.02237495]
[-0.02083299 -0.07233688 -0.02172681]
[-0.02387732 -0.07097396 -0.02084613]
[-0.02763971 -0.06861749 -0.01989041]
[-0.02953838 -0.06698656 -0.0198603 ]
[-0.03235223 -0.06473493 -0.01947743]
[-0.04155976 -0.0582096  -0.01879977]
[-0.04470479 -0.05553711 -0.01816322]
[-0.04794573 -0.05287979 -0.01720082]
[-0.06669957 -0.03663516 -0.01322065]
[-0.07151064 -0.03262948 -0.01253687]
[-0.09364828 -0.01907605 -0.00637716]
[-0.10792197 -0.01159397 -0.00258264]
[-0.12050173 -0.00522948 -0.00041451]
[-1.22913481e-01 -4.42526815e-03  6.76458731e-05]
[-0.12552676 -0.00350348  0.00394005]
[-0.12464631 -0.00338919  0.00490858]
[-0.12477224 -0.00263211  0.00545063]
[-0.12514345 -0.00180664  0.00652187]
[-0.12525926 -0.00156015  0.00677869]
[-0.12379357 -0.00375889  0.00484636]
[-0.12073119 -0.00576784  0.0018641 ]
[-0.1160874  -0.00801362 -0.00220917]
[-0.11494829 -0.00860586 -0.0025284 ]
[-0.11412251 -0.01044984 -0.00228696]
[-0.11252873 -0.01255805 -0.00274891]
[-0.11146324 -0.01356763 -0.00231142]
[-0.1116808  -0.00835072 -0.00585409]
[-0.11222704 -0.00473499 -0.00869845]
[-0.1135959  -0.00133521 -0.01184706]
[-0.11902367  0.01095805 -0.02173535]
[-0.11902367  0.01095805 -0.02173535]
[-0.11870394  0.01629475 -0.01292211]
[-0.11635531  0.01514949 -0.0121481 ]
[-0.11362177  0.01413761 -0.01168227]
[-0.11252802  0.01491297 -0.01231745]
[-0.11481222  0.0191931  -0.01624959]
[-0.11347842  0.02146711 -0.01845413]

程序已被终止，正在关闭套接字...
套接字已关闭。
