[-0.08637269  0.03225677 -0.01479041]
[-0.08438309  0.03361267 -0.01502426]
[-0.08740393  0.02790119 -0.0268057 ]
[-0.08978018  0.02541512 -0.03126873]
[-0.08808898  0.02625592 -0.0299604 ]
[-0.08906499  0.02854629 -0.02659837]
[-0.08771779  0.03048812 -0.02254646]
[-0.08610615  0.03145437 -0.01691037]
[-0.08501333  0.03155763 -0.01067929]
[-0.08421318  0.0293644   0.00615653]
[-0.08526812  0.02878612  0.01028041]
[-0.08647489  0.02809771  0.01452159]
[-0.08774801  0.02707404  0.01866511]
[-0.09332162  0.02578261  0.02910679]
[-0.10139604  0.03013534  0.04059278]
[-0.10249913  0.03532204  0.03443298]
[-0.10828632  0.03900831  0.03761096]
[-0.10926784  0.0398677   0.03989527]
[-0.11196508  0.0406238   0.04190258]
[-0.11496909  0.04064426  0.0427554 ]
[-0.12272914  0.04021361  0.04499489]
[-0.12592536  0.03973091  0.04586574]
[-0.1363436   0.03369967  0.05123604]
[-0.13607503  0.03369153  0.05152779]
[-0.13506691  0.03391353  0.05159388]
[-0.13151246  0.03347662  0.04838821]
[-0.12654389  0.03393676  0.04745426]
[-0.12709626  0.03680095  0.04293112]
[-0.13202112  0.03763708  0.03552029]
[-0.13380982  0.03643112  0.0268441 ]
[-0.13380982  0.03643112  0.0268441 ]
[-0.13332019  0.03689747  0.02551995]
[-0.13342487  0.03717798  0.02486854]
[-0.13455503  0.03715027  0.023885  ]
[-0.12249044  0.02527254  0.02071786]
[-0.11823248  0.02390938  0.01975331]
[-0.11316813  0.02260013  0.01913969]
[-0.10279169  0.02016535  0.01771427]
[-0.0982534   0.01932261  0.01750695]
[-0.10087189  0.0100232   0.01035304]
[-0.10479368  0.00873015  0.01055584]
[-0.1092314   0.00768035  0.01100201]
[-0.13114325  0.00588664  0.01088235]
[-0.14009931  0.0020256   0.00843165]
[-0.14206725 -0.00068514  0.00955889]
[-0.13876542 -0.00197501  0.01267533]
[-0.13361832 -0.00301087  0.01553462]
[-0.12413751 -0.00372982  0.01860344]
[-0.1153812  -0.00452132  0.02162379]
[-0.0920905  -0.00517822  0.03231728]
[-0.08356057 -0.00732556  0.03535753]
[-0.07423994 -0.00947335  0.03769583]
[-0.05342097 -0.01011841  0.04031151]
[-0.04370326 -0.00817618  0.04186991]
[-0.02501038 -0.01007077  0.0400424 ]
[ 0.02275263 -0.01091478  0.03386152]
[ 0.026184   -0.00844182  0.0332271 ]
[ 0.02886293 -0.0064774   0.03300887]
[ 0.03698229 -0.00362383  0.03210532]
[ 0.04677682 -0.00221493  0.03219485]
[ 0.05147376 -0.00184985  0.03197248]
[ 0.05488146 -0.00168399  0.03267998]
[0.07008742 0.00461439 0.04397235]
[0.07577941 0.00864337 0.04539021]
[0.0788111  0.01028987 0.04598911]
[0.08439929 0.01209768 0.05041779]
[0.08606113 0.01477045 0.05799228]
[0.08715745 0.01724184 0.06483955]
[0.08695661 0.01834102 0.07050087]
[0.08712502 0.01834329 0.07324936]
[0.08692919 0.01797018 0.07602501]
[0.08708969 0.0173681  0.07830614]
[0.08757663 0.01659749 0.07990256]
[0.08096891 0.01436754 0.08105941]
[0.08096891 0.01436754 0.08105941]
[0.07730541 0.0138511  0.07961258]
[0.07348934 0.01343069 0.07778423]
[0.07084215 0.01334185 0.07593859]
[0.06461728 0.01590177 0.07475105]
[0.06029653 0.02092418 0.07746144]
[0.05902063 0.02336927 0.07929962]
[0.05815031 0.02540278 0.08157425]
[0.05602095 0.02649013 0.08381826]
[0.0528902  0.02688035 0.08623619]
[0.04565155 0.02667978 0.09032899]
[0.04187579 0.02615996 0.09293029]
[0.0358438  0.02404459 0.09760071]
[0.03272343 0.02314644 0.09901731]
[0.02537005 0.02271595 0.1003726 ]
[0.02537005 0.02271595 0.1003726 ]
[0.02158656 0.02343103 0.10151036]
[0.00426409 0.02636482 0.11354938]
[0.00135765 0.02673666 0.11626239]
[-0.00239528  0.02722603  0.11932162]
[-0.00587592  0.02819031  0.12209234]
[-0.01469612  0.03126352  0.12559733]
[-0.0196363   0.03268503  0.12768252]
[-0.02530741  0.03334175  0.13068955]
[-0.03080861  0.03307116  0.13411163]
[-0.04181792  0.03184596  0.14225462]
[-0.04644417  0.03093694  0.14540689]
[-0.05015542  0.03044328  0.14797691]
[-0.05308376  0.03047356  0.14992617]
[-0.06044328  0.03078747  0.15143573]
[-0.06460367  0.03058442  0.15135825]
[-0.06869669  0.03041479  0.15053743]
[-0.07143311  0.03045861  0.14911261]
[-0.07418657  0.03066425  0.14771248]
[-0.07656612  0.0300904   0.14466059]
[-0.07777422  0.02914906  0.14361778]
[-0.0773956   0.02799109  0.14255232]
[-0.07790389  0.02741783  0.14099605]
[-0.07887845  0.02627756  0.13840921]
[-0.08009748  0.02556759  0.13430254]
[-0.08283196  0.02197189  0.12428216]
[-0.08458743  0.02012502  0.11789614]
[-0.086253    0.01820459  0.11182181]
[-0.08800394  0.01735564  0.10403206]
[-0.09376182  0.01823903  0.08132843]
[-0.09804521  0.01800159  0.06765641]
[-0.10179471  0.01629876  0.05333354]
[-0.10288906  0.01441598  0.04113225]
[-0.10124085  0.01062253  0.01865145]
[-0.09957529  0.00884011  0.00692905]
[-0.09602494  0.00644116 -0.01679576]
[-0.0934199   0.00433564 -0.0262954 ]
[-0.09122466 -0.00126945 -0.04114979]
[-0.09082661 -0.00483792 -0.04872257]
[-0.09000535 -0.00892463 -0.05562386]
[-0.09015661 -0.0132428  -0.06238818]
[-0.09081671 -0.02082259 -0.07236236]
[-0.08738382 -0.02624436 -0.07929678]
[-0.08491442 -0.02893149 -0.08286394]
[-0.08186189 -0.03144722 -0.08640495]
[-0.07625369 -0.0397891  -0.09587397]
[-0.07625369 -0.0397891  -0.09587397]
[-0.07514781 -0.04205797 -0.09816684]
[-0.07553689 -0.04410739 -0.10168036]
[-0.07531709 -0.04748218 -0.10867304]
[-0.07486432 -0.0485827  -0.11070001]
[-0.07406776 -0.04924325 -0.11056708]
[-0.07310742 -0.04956613 -0.10824094]
[-0.07299271 -0.05035241 -0.10542746]
[-0.07142925 -0.05128021 -0.10236272]
[-0.0659666  -0.05295932 -0.09697253]
[-0.06139154 -0.05400365 -0.09207211]
[-0.05860591 -0.05424813 -0.08978116]
[-0.054826   -0.05467285 -0.08644464]
[-0.04728083 -0.05389952 -0.0778437 ]
[-0.04298412 -0.05234403 -0.06979392]
[-0.04109521 -0.05102874 -0.06610693]
[-0.03910734 -0.04897929 -0.06143942]
[-0.03628203 -0.0437473  -0.04978555]
[-0.03603207 -0.04094878 -0.04237484]
[-0.03698082 -0.03795465 -0.03498597]
[-0.03654041 -0.03261448 -0.02096128]
[-0.03514536 -0.03026341 -0.01384046]
[-0.03226204 -0.02765993 -0.00058171]
[-0.03118952 -0.02624159  0.00592386]
[-0.032541   -0.02346025  0.02036209]
[-0.03327696 -0.01570253  0.03389961]
[-0.03202558 -0.01202505  0.03463848]
[-0.03553933 -0.0031449   0.03664135]
[-0.03553933 -0.0031449   0.03664135]
[-0.03720264 -0.00066769  0.0391246 ]
[-0.03813402  0.00172392  0.0419877 ]
[-0.03810116  0.00372417  0.04434486]
[-0.03724825  0.00553462  0.04689001]
[-0.04301809  0.00937927  0.0538814 ]
[-0.04301809  0.00937927  0.0538814 ]
[-0.04563396  0.01035804  0.05481502]
[-0.05135364  0.01280048  0.05514733]
[-0.05135364  0.01280048  0.05514733]
[-0.05246735  0.01362046  0.05634632]
[-0.05344465  0.0147635   0.05942247]
[-0.05410196  0.01824289  0.06813841]
[-0.05410196  0.01824289  0.06813841]
[-0.05429692  0.02020051  0.07249407]
[-0.05407016  0.0216543   0.07633796]
[-0.05609307  0.02342701  0.09157518]
[-0.05690539  0.02422377  0.09787769]
[-0.05774723  0.0267064   0.11706092]
[-0.05677034  0.02803046  0.12308665]
[-0.05554792  0.02981247  0.12827581]
[-0.0545701  0.0318567  0.1323543]
[-0.05461566  0.0370944   0.13790868]
[-0.05509904  0.03766828  0.13922878]
[-0.05529648  0.03722655  0.14122845]
[-0.05558752  0.03704657  0.14969303]
[-0.05737177  0.04013965  0.16420549]
[-0.05571457  0.04069438  0.17104794]
[-0.05392792  0.04019869  0.17809552]
[-0.04780609  0.03822396  0.18665141]
[-0.04649142  0.03740268  0.18917501]
[-0.04541859  0.03736465  0.19153816]
[-0.04512718  0.03778781  0.1944048 ]
[-0.04535805  0.03838197  0.19765584]
[-0.0464825   0.03925045  0.20233139]
[-0.04910122  0.03919836  0.20346317]
[-0.04910122  0.03919836  0.20346317]
[-0.05027805  0.0389753   0.20336689]
[-0.05188608  0.03866411  0.20230108]
[-0.05565775  0.03804562  0.19770236]
[-0.05788449  0.03777194  0.19469023]
[-0.05888749  0.03788418  0.19166183]
[-0.0596359   0.03831316  0.18900518]
[-0.06066035  0.03890353  0.18692794]
[-0.06406093  0.04077963  0.18563734]
[-0.06760905  0.0419074   0.18630655]
[-0.06791251  0.04185367  0.18754517]
[-0.06562026  0.04084928  0.18896681]
[-0.06266411  0.03882587  0.18975788]
[-0.06167779  0.03818912  0.18912503]
[-0.0622702   0.0390726   0.18655378]
[-0.06986593  0.04531897  0.18066145]
[-0.07108789  0.04811724  0.1785786 ]
[-0.07101596  0.04883545  0.17731321]
[-0.06968552  0.04834821  0.17569615]
[-0.06555001  0.04714722  0.17380261]
[-0.0638312   0.04783814  0.17389086]
[-0.0648365   0.04821768  0.17407779]
[-0.06734213  0.04833438  0.17297046]
[-0.07090087  0.04886123  0.17139356]
[-0.07527454  0.0488844   0.16858086]
[-0.08245172  0.04868804  0.16335665]
[-0.08543784  0.04871118  0.16139925]
[-0.09002587  0.04905741  0.16043095]
[-0.09002587  0.04905741  0.16043095]
[-0.09186977  0.04930731  0.16112398]
[-0.09810236  0.04535496  0.15679967]
[-0.0991557   0.04399342  0.15350167]
[-0.1024407   0.04259252  0.14772038]
[-0.10392919  0.04249487  0.14467461]
[-0.10670069  0.0429177   0.13731082]
[-0.10899498  0.04329506  0.13364683]
[-0.11111888  0.04376213  0.13016921]
[-0.11256464  0.04369064  0.12722546]
[-0.11380228  0.04366444  0.12486746]
[-0.115284    0.04239916  0.11980435]
[-0.12068687  0.03894127  0.11218309]
[-0.12236164  0.03806497  0.11023284]
[-0.12323821  0.03610741  0.10589311]
[-0.12203947  0.03551299  0.1021729 ]
[-0.12194619  0.03480247  0.09724421]
[-0.12268106  0.03412522  0.09228364]
[-0.12591807  0.03222774  0.08551642]
[-0.13810099  0.01798444  0.06539913]
[-0.14970499  0.00687937  0.05063458]
[-0.18148664 -0.012573    0.01817397]
[-0.19180693 -0.01990861  0.00644729]
[-0.19843608 -0.02613166 -0.00219245]
[-0.20288811 -0.03160716 -0.00964574]
[-0.20808282 -0.03604036 -0.01794857]
[-0.22021886 -0.04205355 -0.03832968]
[-0.22381114 -0.0445448  -0.04845083]
[-0.22534823 -0.05375724 -0.0705608 ]
[-0.22597125 -0.05912345 -0.08044233]
[-0.23082511 -0.06472629 -0.09330801]
[-0.23742025 -0.06844091 -0.10691845]
[-0.24209636 -0.07197654 -0.1211362 ]
[-0.24514324 -0.07594546 -0.13341379]
[-0.24648769 -0.08031079 -0.14535458]
[-0.24446144 -0.08963863 -0.1647763 ]
[-0.24493911 -0.09546656 -0.17282565]
[-0.24563898 -0.10157869 -0.17872256]
[-0.2473932  -0.11261102 -0.18823782]
[-0.24686785 -0.11606926 -0.19237705]
[-0.24623031 -0.11857866 -0.19592598]
[-0.24652976 -0.11993641 -0.19903819]
[-0.24826081 -0.1216032  -0.20182505]
[-0.24900927 -0.12281446 -0.20102857]
[-0.24802428 -0.12544081 -0.19800816]
[-0.24937973 -0.12848374 -0.19668956]
[-0.25019656 -0.13010404 -0.19697742]
[-0.24959964 -0.13196799 -0.19625564]
[-0.24826759 -0.13464735 -0.19537826]
[-0.24461898 -0.13984613 -0.1929113 ]
[-0.24461898 -0.13984613 -0.1929113 ]
[-0.24418284 -0.14051165 -0.19279814]
[-0.24473514 -0.1409876  -0.19285004]
[-0.24585613 -0.14084436 -0.19268656]
[-0.24568484 -0.14081851 -0.19292884]
[-0.24548803 -0.1409734  -0.19336952]
[-0.24478988 -0.14162375 -0.19429679]
[-0.24538266 -0.1430555  -0.19577169]
[-0.24572227 -0.14363883 -0.19615653]
[-0.24587935 -0.14408019 -0.19595417]
[-0.24390329 -0.14484534 -0.19430514]
[-0.24145785 -0.14499623 -0.19327196]
[-0.23937292 -0.14520642 -0.19239506]
[-0.23737426 -0.14540407 -0.19145088]
[-0.23538565 -0.14623971 -0.19226967]
[-0.23370676 -0.14709969 -0.19605365]
[-0.22731523 -0.14495744 -0.20199491]
[-0.22452928 -0.14333972 -0.20137846]
[-0.20860213 -0.13916512 -0.17178729]
[-0.19851632 -0.13633227 -0.1602152 ]
[-0.19297107 -0.13449141 -0.15585756]
[-0.1878633  -0.13267262 -0.15130953]
[-0.17932655 -0.12953191 -0.14188549]
[-0.17447071 -0.12726986 -0.13555248]
[-0.17042677 -0.12439317 -0.12899011]
[-0.16671841 -0.1222541  -0.12272032]
[-0.16171028 -0.11957536 -0.11685304]
[-0.15106774 -0.11387619 -0.10633541]
[-0.1433832  -0.1080434  -0.09625611]
[-0.13928471 -0.10545825 -0.0913435 ]
[-0.13528799 -0.1025573  -0.08693131]
[-0.12756861 -0.09699921 -0.07696344]
[-0.12573222 -0.09442443 -0.07153456]
[-0.12509422 -0.09096453 -0.06533325]
[-0.12238131 -0.08683899 -0.05942867]
[-0.11289214 -0.07614988 -0.04867776]
[-0.10773007 -0.07099369 -0.04443651]
[-0.10204338 -0.0663626  -0.04054085]
[-0.09379471 -0.06265628 -0.03674375]
[-0.08461958 -0.06016948 -0.03453289]
[-0.07698453 -0.0582976  -0.03331837]
[-0.0561352  -0.05319975 -0.03030709]
[-0.04929766 -0.05206459 -0.02872385]
[-0.03000658 -0.05068357 -0.02233113]
[-0.03000658 -0.05068357 -0.02233113]
[-0.01907452 -0.04850048 -0.0169329 ]
[-0.01380951 -0.04648049 -0.01393072]
[-0.00272492 -0.04281659 -0.00911997]
[ 0.00309034 -0.04093339 -0.00685537]
[ 0.01434436 -0.03623044 -0.00084692]
[ 0.01865179 -0.03479313  0.00207977]
[ 0.02692143 -0.03268109  0.00615906]
[ 0.03116008 -0.03355718  0.00731619]
[ 0.04098471 -0.03439328  0.01125781]
[ 0.04841662 -0.03482575  0.01422987]
[ 0.0536635  -0.03418097  0.01711231]
[ 0.06221364 -0.032334    0.0217533 ]
[ 0.06296094 -0.03152612  0.02370636]
[ 0.06462952 -0.03093734  0.02452267]
[ 0.0669901  -0.03046407  0.02498347]
[ 0.06838777 -0.03018122  0.02496124]
[ 0.0727785  -0.02915649  0.02442697]
[ 0.07675817 -0.02809351  0.02461192]
[ 0.07918902 -0.02849127  0.02416008]
[ 0.08743016 -0.02867364  0.02068374]
[ 0.09191442 -0.02920924  0.0195144 ]
[ 0.09655363 -0.02903135  0.0187214 ]
[ 0.10250125 -0.0295022   0.01768907]
[ 0.11177239 -0.02654064  0.01245228]
[ 0.11177239 -0.02654064  0.01245228]
[ 0.12487284 -0.02249628  0.01141156]
[ 0.12487284 -0.02249628  0.01141156]
[ 0.12681148 -0.02205454  0.01167171]
[ 0.12765489 -0.02227771  0.01200995]
[ 0.12865368 -0.02366579  0.0131865 ]
[ 0.12881396 -0.0239522   0.01349271]
[ 0.12866325 -0.02345804  0.01348638]
[ 0.12771693 -0.02259875  0.01317372]
[ 0.12313283 -0.02032328  0.01277217]
[ 0.11799411 -0.01708827  0.01426985]
[ 0.11505575 -0.01444153  0.01588057]
[ 0.11444659 -0.01221886  0.01767401]
[ 0.10885439 -0.00971099  0.01990557]
[ 0.10689891 -0.01069054  0.01922243]
[ 0.10485566 -0.01179746  0.01913839]
[ 0.10420794 -0.01226883  0.01869129]
[ 0.10415668 -0.01245625  0.01911922]
[ 0.09902192 -0.01391095  0.02121606]
[ 0.09581502 -0.0144934   0.02122424]
[ 0.0932958  -0.01439552  0.02065988]
[ 0.09102052 -0.01332906  0.0202656 ]
[ 0.08804267 -0.01004077  0.02157141]
[ 0.08568051 -0.00770689  0.02375108]
[ 0.08365934 -0.00598603  0.02610151]
[ 0.0814658  -0.00464792  0.02802714]
[ 0.07842707 -0.00448156  0.02949844]
[ 0.07714715 -0.00573239  0.03021572]
[ 0.07655474 -0.00794922  0.03110222]
[ 0.07009459 -0.00836215  0.03458425]
[ 0.06649612 -0.00748091  0.03538901]
[ 0.05789796 -0.0053158   0.03863806]
[ 0.05789796 -0.0053158   0.03863806]
[ 0.05148933 -0.005642    0.04141112]
[ 0.04695291 -0.005429    0.04175984]
[ 0.04364518 -0.00494677  0.04196008]
[ 0.04079165 -0.00431717  0.04233129]
[ 0.03790936 -0.00389711  0.04304762]
[ 0.0329243  -0.00222666  0.04529428]
[ 0.03057269 -0.00099675  0.04622225]
[0.02886931 0.0005005  0.046801  ]
[0.02706496 0.00196143 0.04739766]
[0.0253052  0.00318282 0.04787408]
[0.02151801 0.00541322 0.04963399]
[0.01969906 0.00642264 0.05074434]
[0.01792051 0.00751055 0.05248246]
[0.01610143 0.00865069 0.05361218]
[0.01412285 0.00919623 0.05448557]
[0.00944989 0.01105656 0.05388723]
[0.00844329 0.01239065 0.05390068]
[0.00853584 0.01384383 0.05437292]
[0.00774415 0.01545676 0.05678875]
[0.00729104 0.01681351 0.058922  ]
[0.00359887 0.01855498 0.06072442]
[0.00059608 0.01923995 0.05916131]
[-0.00292993  0.01913483  0.05771167]
[-0.00605608  0.0188617   0.05712879]
[-0.00907345  0.01847176  0.0574609 ]
[-0.01487451  0.01881352  0.05815686]
[-0.02020448  0.0201731   0.05733043]
[-0.02441818  0.02182893  0.05597425]
[-0.03169735  0.02354577  0.0539431 ]
[-0.03169735  0.02354577  0.0539431 ]
[-0.03669413  0.02258373  0.05114353]
[-0.04055868  0.01991052  0.04693078]
[-0.04055868  0.01991052  0.04693078]
[-0.04154015  0.01835524  0.04606171]
[-0.04298317  0.01650443  0.04761833]
[-0.04640223  0.0172939   0.05040282]
[-0.04979521  0.01942144  0.05065712]
[-0.05223783  0.02196262  0.04984133]
[-0.05316424  0.02316664  0.04970495]
[-0.05208337  0.02382601  0.05056021]
[-0.04985131  0.02654944  0.05357867]
[-0.04972948  0.02772208  0.05468209]
[-0.04995122  0.02839806  0.05549423]
[-0.04979929  0.0288769   0.05552634]
[-0.04882425  0.02872456  0.05494872]
[-0.04844844  0.02971946  0.05303345]
[-0.05094496  0.0336798   0.05123162]
[-0.05311166  0.03479843  0.05092729]
[-0.05497406  0.03575794  0.05036376]
[-0.05465788  0.03649832  0.04936851]
[-0.05249905  0.037329    0.04928702]
[-0.05032175  0.03771807  0.0496023 ]
[-0.04894927  0.03808836  0.04959551]
[-0.05030836  0.03782829  0.04768945]
[-0.05129331  0.03742677  0.0462499 ]
[-0.05041963  0.03577666  0.04574944]
[-0.05941005  0.03052805  0.04015408]
[-0.06458336  0.03005236  0.03401322]
[-0.06861141  0.02903262  0.02884478]
[-0.06674194  0.0263217   0.02029432]
[-0.06271114  0.02458552  0.01685105]
[-0.06133197  0.02285797  0.0125536 ]
[-0.06258197  0.01988861  0.00847019]
[-0.07432816  0.01231538 -0.00123763]
[-0.07977934  0.00836227 -0.00431765]
[-0.08592578  0.00098582 -0.00529689]
[-0.09000119 -0.0021668  -0.00337706]
[-0.0985041  -0.00763026 -0.00084847]
[-0.10336979 -0.00967321 -0.00141507]
[-0.10733909 -0.01157265 -0.00486663]
[-0.11250971 -0.01368183 -0.01031543]
[-0.11669302 -0.01683446 -0.01319713]
[-0.12154512 -0.02087294 -0.01459027]
[-0.12288959 -0.02264465 -0.01132881]
[-0.12462861 -0.02335993 -0.00943215]
[-0.12989963 -0.02429073 -0.00859651]
[-0.14238261 -0.02636436 -0.01252099]
[-0.14578126 -0.02731702 -0.0136933 ]
[-0.14610568 -0.02806691 -0.01415002]
[-0.14549736 -0.02866688 -0.01409283]
[-0.14540692 -0.02911894 -0.01520074]
[-0.14718325 -0.03007163 -0.01688309]
[-0.14907062 -0.03151602 -0.01886209]
[-0.15061192 -0.03341625 -0.01968377]
[-0.14990286 -0.03509605 -0.01925386]
[-0.14760146 -0.03684121 -0.0140153 ]
[-0.1464602  -0.03738748 -0.01186851]
[-0.14659204 -0.03795643 -0.01130973]
[-0.14765972 -0.03846714 -0.01239404]
[-0.14948164 -0.03851292 -0.01430773]
[-0.15077326 -0.039378   -0.0156894 ]
[-0.14757368 -0.04034321 -0.01065349]
[-0.14662883 -0.04011235 -0.00860967]
[-0.14866321 -0.0389609  -0.01190184]
[-0.14788741 -0.03929836 -0.01216257]
[-0.14463609 -0.04035525 -0.00616325]
[-0.14379737 -0.03993104 -0.00338575]
[-0.14499022 -0.03732041 -0.00198986]
[-0.14057936 -0.03281289 -0.00038275]
[-0.13672094 -0.03092488  0.00322007]
[-0.13399304 -0.0261812   0.00994624]
[-0.1350798  -0.02387535  0.01109137]
[-0.1353952  -0.02254684  0.01078009]
[-0.13384997 -0.01918992  0.01715831]
[-0.132699   -0.01646534  0.02634317]
[-0.13285217 -0.01432064  0.03406187]
[-0.12752523 -0.00956574  0.03985175]
[-0.12278809 -0.00700041  0.03996702]
[-0.11496532  0.00638562  0.05065364]
[-0.11427412  0.01108201  0.05585413]
[-0.11333665  0.01601774  0.06057926]
[-0.11201234  0.02733483  0.06301115]
[-0.1057437   0.04225714  0.06086887]
[-0.10211949  0.04706098  0.06115492]
[-0.09314355  0.05578402  0.0642969 ]
[-0.08912041  0.05996199  0.06466544]
[-0.08514924  0.0639644   0.06474081]
[-0.07731617  0.07130624  0.06342144]
[-0.07360374  0.07484003  0.06320581]
[-0.06955019  0.07775562  0.06267893]
[-0.06577411  0.08047006  0.06155508]
[-0.06157926  0.08281815  0.0607206 ]
[-0.05687961  0.08454799  0.05926692]
[-0.05122376  0.08572062  0.05743879]
[-0.04320639  0.08578563  0.05182854]
[-0.04102059  0.0837109   0.04711296]
[-0.0389595   0.08320484  0.0416129 ]
[-0.03247711  0.08157073  0.02956368]
[-0.03029335  0.08077021  0.02292105]
[-0.0301761   0.07781893  0.01629809]
[-0.030718    0.07438347  0.01061528]
[-0.0316809   0.06954081  0.00453205]
[-0.03017762  0.05736714 -0.00730529]
[-0.02728722  0.05023532 -0.01370209]
[-0.02261681  0.04224807 -0.0204622 ]
[-0.01025709  0.02710945 -0.03344166]
[-0.00524349  0.02028946 -0.03930581]
[-0.0021471   0.00433069 -0.05526671]
[-0.0021471   0.00433069 -0.05526671]
[-0.00373835  0.00033643 -0.05910397]
[-0.00369571 -0.01189402 -0.06748912]
[-0.0019071  -0.01594605 -0.06934487]
[-0.0003374  -0.02025499 -0.07063768]
[ 0.00084372 -0.02413015 -0.07159358]
[ 0.0012147  -0.02836188 -0.07273716]
[ 0.00084481 -0.0365617  -0.07488215]
[ 0.00102984 -0.04010537 -0.07604049]
[ 0.00206569 -0.04319868 -0.07713792]
[ 0.0044878  -0.04532803 -0.07823306]
[ 0.00696406 -0.04697167 -0.07901052]
[ 0.01140729 -0.04741346 -0.07912858]
[ 0.01256402 -0.04678727 -0.07772709]
[ 0.01341095 -0.04570039 -0.07623065]
[ 0.01773547 -0.03974104 -0.06821526]
[ 0.02017457 -0.03710472 -0.06551993]
[ 0.02211446 -0.03367902 -0.0630355 ]
[ 0.02493275 -0.02923025 -0.06003719]
[ 0.0250432  -0.0246986  -0.05676606]
[ 0.020582   -0.01400526 -0.05084158]
[ 0.01604806 -0.00882276 -0.04767717]
[ 0.0032017   0.00023508 -0.04014154]
[-0.0131552   0.0082445  -0.03340343]
[-0.03199718  0.01327473 -0.0290162 ]
[-0.05122019  0.01710779 -0.02608492]
[-0.06751444  0.02298494 -0.02299188]
[-0.07440863  0.02564961 -0.02174932]
[-0.08123833  0.0274443  -0.02056626]
[-0.09609277  0.03036002 -0.01757158]
[-0.10153022  0.03194889 -0.01611102]
[-0.1082818   0.03423978 -0.01386624]
[-0.1098907   0.03452187 -0.01008537]
[-0.11054813  0.03450812 -0.00756112]
[-0.11151897  0.03321854 -0.0019392 ]
[-0.11193614  0.03296435  0.00027928]
[-0.11231609  0.03291574  0.00205863]
[-0.11281105  0.03464592  0.0046625 ]
[-0.11321652  0.03527071  0.00585598]
[-0.11392842  0.03610543  0.00725432]
[-0.11471796  0.03703112  0.00801132]
[-0.11459988  0.03782007  0.00908957]
[-0.11345786  0.03925385  0.01005882]
[-0.11279664  0.03968392  0.01054107]
[-0.11208671  0.04001741  0.01078605]
[-0.1113991   0.04060144  0.01067752]
[-0.1101079   0.04296925  0.01007615]
[-0.11070695  0.04393578  0.00970838]
[-0.11136823  0.04513871  0.00913158]
[-0.1118933   0.04606374  0.00845832]
[-0.11214062  0.04710929  0.00683807]
[-0.11046139  0.0475195   0.00510071]
[-0.10606074  0.04513723  0.00453858]
[-0.10464061  0.04402437  0.00421387]
[-0.10314997  0.0436627   0.00373082]
[-0.10159793  0.04432651  0.00258091]
[-0.10143237  0.04591434 -0.00016057]
[-0.10145869  0.04701357 -0.00349476]
[-0.1021447   0.04928683 -0.01007431]
[-0.1000609   0.05303896 -0.01642802]
[-0.09814838  0.05542496 -0.01897897]
[-0.09736425  0.06022182 -0.02539658]
[-0.0982598   0.0617357  -0.02747001]
[-0.09962626  0.06307857 -0.03041868]
[-0.10120627  0.06404292 -0.03176249]
[-0.1019446   0.06481595 -0.03262487]
[-0.10373008  0.06606463 -0.03262141]
[-0.10374561  0.06669337 -0.03229975]
[-0.10411624  0.06713598 -0.03160072]
[-0.10427128  0.06698186 -0.03173416]

程序已被终止，正在关闭套接字...
套接字已关闭。
