[-0.13311399  0.03729985 -0.0490214 ]
[-0.1324682   0.03660291 -0.04796109]
[-0.1128694   0.06635314 -0.0216814 ]
[-0.11494688  0.05837823 -0.03503321]
[-0.12233899  0.03867098 -0.05042429]
[-0.12240311  0.04004171 -0.0539998 ]
[-0.12134092  0.04098802 -0.05494478]
[-0.12081696  0.04144336 -0.05524018]
[-0.11107035  0.03943414 -0.05660569]
[-0.10046058  0.0487352  -0.03555045]
[-0.10046058  0.0487352  -0.03555045]
[-0.09039939  0.05269642 -0.03405847]
[-0.08241128  0.05515871 -0.03319373]
[-0.05955219  0.06299222 -0.03081062]
[-0.05020079  0.06592201 -0.03030705]
[ 0.00451743  0.07212893 -0.02660611]
[ 0.01672991  0.07232355 -0.02510601]
[ 0.0263014   0.07261264 -0.02363676]
[ 0.03429258  0.07228377 -0.02217096]
[ 0.05167165  0.07108948 -0.01938582]
[ 0.06347855  0.06976757 -0.01785147]
[ 0.06896955  0.06929361 -0.01642038]
[ 0.0811714   0.07072067 -0.01067552]
[0.09840201 0.07394571 0.00347921]
[0.09910913 0.07457789 0.00653164]
[0.09998471 0.07552285 0.00944947]
[0.10073299 0.07574276 0.01477502]
[0.10452447 0.07335382 0.02948925]
[0.10806656 0.07262918 0.03072868]
[0.11462653 0.07098856 0.02917729]
[0.11716128 0.07031484 0.02868711]
[0.11998308 0.06924821 0.02914117]
[0.12211332 0.06845873 0.03022077]
[0.1235965  0.06775191 0.03142614]
[0.1222632  0.06355155 0.02964719]
[0.1222632  0.06355155 0.02964719]
[0.11991597 0.06128205 0.02710243]
[0.11636142 0.05630767 0.02193818]
[0.11505595 0.05334881 0.01915214]
[0.11505595 0.05334881 0.01915214]
[0.11408115 0.05065188 0.01640252]
[0.11014578 0.0415461  0.00354611]
[ 0.10223646  0.03655868 -0.00041998]
[ 0.09253863  0.02900486 -0.0034133 ]
[ 0.07934589  0.01903423 -0.01606798]
[ 0.04163653 -0.00565062 -0.04143715]
[ 0.04163653 -0.00565062 -0.04143715]
[ 0.0356195 -0.0078648 -0.0426317]
[ 0.02976588 -0.00952049 -0.0437385 ]
[ 0.018644   -0.01174286 -0.04451311]
[ 0.0143744  -0.012642   -0.04361269]
[ 0.01041493 -0.01332323 -0.0426714 ]
[-0.00917611 -0.01156064 -0.04123646]
[-0.00917611 -0.01156064 -0.04123646]
[-0.01255378 -0.01055436 -0.04222572]
[-0.01488724 -0.00936958 -0.04279632]
[-0.01699143 -0.00624255 -0.04246596]
[-0.01687626 -0.00466456 -0.04224937]
[-0.0166528  -0.00290985 -0.04129129]
[-0.01497331  0.00490495 -0.03655208]
[-0.01497331  0.00490495 -0.03655208]
[-0.01530235  0.00585921 -0.03478775]
[-0.0167132   0.00678959 -0.03284901]
[-0.03460971  0.01122366 -0.02707175]
[-0.04004032  0.0130288  -0.0260446 ]
[-0.04450967  0.01463165 -0.02583609]
[-0.0494219   0.01805416 -0.02407258]
[-0.05159348  0.0193575  -0.02332301]
[-0.05497933  0.02192218 -0.02120441]
[-0.05497933  0.02192218 -0.02120441]
[-0.05500079  0.02325414 -0.01958605]
[-0.04980641  0.02624029 -0.01702556]
[-0.04426129  0.0310221  -0.01622098]
[-0.04383066  0.03568328 -0.01609173]
[-0.04721795  0.04021112 -0.01699274]
[-0.05002526  0.04266512 -0.01792734]
[-0.05559725  0.04480875 -0.01937409]
[-0.05955559  0.04590556 -0.02056255]
[-0.06191425  0.04604626 -0.02018697]
[-0.0637648   0.04644881 -0.01592384]
[-0.0637648   0.04644881 -0.01592384]
[-0.06408199  0.04736868 -0.0151506 ]
[-0.06380124  0.04872968 -0.0144696 ]
[-0.06305257  0.05065847 -0.01401945]
[-0.06211825  0.05107669 -0.01278914]
[-0.06128004  0.0515544  -0.00794525]
[-0.06128004  0.0515544  -0.00794525]
[-0.06114441  0.05258414 -0.00688345]
[-0.06017476  0.0549382  -0.00573025]
[-0.0593963   0.05560594 -0.00510641]
[-0.05847334  0.05595611 -0.00440794]
[-0.05551977  0.05720825 -0.00111262]
[-0.05551977  0.05720825 -0.00111262]
[-5.47703370e-02  5.79669029e-02  2.08185520e-05]
[-0.05405796  0.0590716   0.00127863]
[-0.05325907  0.06021862  0.00282415]
[-0.05211701  0.06170864  0.00466359]
[-0.04973389  0.06430628  0.00915371]
[-0.04868036  0.06567717  0.01169184]
[-0.04753328  0.06669533  0.01491835]
[-0.04702266  0.06857697  0.02140163]
[-0.04707326  0.06907797  0.02411854]
[-0.04692131  0.06998176  0.02629005]
[-0.04550567  0.07107909  0.02878164]
[-0.04304812  0.07206729  0.03186795]
[-0.04117018  0.07514559  0.03740335]
[-0.04205305  0.07715078  0.03945544]
[-0.04367946  0.0791641   0.04085291]
[-0.04435212  0.08094208  0.04216744]
[-0.04419086  0.08216418  0.04372965]
[-0.04293652  0.0829492   0.04702967]
[-0.04399372  0.08312855  0.04948646]
[-0.04490588  0.08334441  0.05004163]
[-0.04563013  0.083491    0.05053657]
[-0.04618337  0.08312593  0.05105399]
[-0.04625172  0.08256125  0.0511375 ]
[-0.04442872  0.07865311  0.04905309]
[-0.04442872  0.07865311  0.04905309]
[-0.04485675  0.07703175  0.04644628]
[-0.04615037  0.07587039  0.0426206 ]
[-0.04615037  0.07587039  0.0426206 ]
[-0.0468318   0.07521315  0.04075045]
[-0.04930616  0.07397653  0.03825007]
[-0.04930616  0.07397653  0.03825007]
[-0.04968244  0.07405826  0.03778369]
[-0.05007156  0.07437759  0.0372394 ]
[-0.0503426   0.07470603  0.03594436]
[-0.05134242  0.07413248  0.03222355]
[-0.05251091  0.07315762  0.03045226]
[-0.05404305  0.07224318  0.02905541]
[-0.05483438  0.07183778  0.02863464]
[-0.05442688  0.07169928  0.02891925]
[-0.05353213  0.07149633  0.0295908 ]
[-0.05170068  0.06948742  0.03125242]
[-0.05174335  0.06765912  0.03132322]
[-0.05251464  0.06451648  0.02994329]
[-0.05304111  0.06320206  0.02881564]
[-0.05382563  0.0622424   0.02794327]
[-0.05392933  0.06028457  0.02640365]
[-0.05392933  0.06028457  0.02640365]
[-0.05413418  0.05848259  0.02569227]
[-0.05584183  0.05436073  0.0235407 ]
[-0.0565581   0.05401607  0.02323044]
[-0.05748087  0.05396241  0.02287077]
[-0.05743186  0.0520718   0.0219461 ]
[-0.0573913   0.05092846  0.02094623]
[-0.05734681  0.0497635   0.01975058]
[-0.05776882  0.04771843  0.01601557]
[-0.05776882  0.04771843  0.01601557]
[-0.05805869  0.04645957  0.01292059]
[-0.05838138  0.0434256   0.0079511 ]
[-0.05956166  0.04040737  0.00534544]
[-0.05649839  0.03995267  0.00085929]
[-0.05649839  0.03995267  0.00085929]
[-0.05727201  0.04067971 -0.00156192]
[-0.0573929   0.04049774 -0.00816881]
[-0.05573943  0.03716883 -0.01402965]
[-0.05433931  0.03518451 -0.01543914]
[-0.05929361  0.03023908 -0.01787331]
[-0.06322743  0.02716775 -0.020747  ]
[-0.0640337   0.02600829 -0.02251408]
[-0.06450565  0.02526242 -0.02445985]
[-0.06701848  0.02444134 -0.02981865]
[-0.06802608  0.02428575 -0.03047912]
[-0.06873492  0.02358762 -0.03039498]
[-0.06923686  0.02257225 -0.03027338]
[-0.06952977  0.01985316 -0.02987792]
[-0.06967924  0.01848557 -0.02938745]
[-0.06982202  0.01690948 -0.02814578]
[-0.06982202  0.01690948 -0.02814578]
[-0.07035221  0.01631447 -0.02759802]
[-0.07020041  0.01590634 -0.02699553]
[-0.06986372  0.01533306 -0.02563571]
[-0.06924012  0.01523162 -0.02547901]
[-0.06921444  0.01517743 -0.02558802]
[-0.07000306  0.01517275 -0.02495327]
[-0.07155347  0.01515501 -0.02361675]
[-0.07305373  0.01559749 -0.02215518]
[-0.07361701  0.0159899  -0.01978347]
[-0.07315355  0.01661717 -0.01628866]
[-0.06948386  0.01767951 -0.00565624]
[-0.06891283  0.0181167  -0.00025605]
[-0.06843959  0.01887374  0.00432821]
[-0.06686649  0.02099812  0.01332766]
[-0.06662283  0.02179975  0.0157413 ]
[-0.06706228  0.02277577  0.01819055]
[-0.06692124  0.02414724  0.02026586]
[-0.06637052  0.02755601  0.02425376]
[-0.06594974  0.03125416  0.02646022]
[-0.06615257  0.03297289  0.0269577 ]
[-0.06603395  0.03508664  0.02731307]
[-0.06340038  0.03802262  0.0310148 ]
[-0.06193931  0.03769048  0.03244053]
[-0.06099741  0.03766564  0.03371437]
[-0.06019681  0.03820624  0.03511583]
[-0.06006143  0.03943802  0.03773255]
[-0.0590316   0.04205458  0.04094894]
[-0.06276847  0.04441641  0.04246104]
[-0.06911501  0.04909502  0.04563789]
[-0.06696838  0.04981292  0.04673483]
[-0.06169722  0.04924411  0.04683684]
[-0.05487938  0.0485114   0.04657815]
[-0.05882961  0.05096788  0.04600219]
[-0.06426456  0.05216401  0.04439596]
[-0.06800349  0.05155034  0.04177974]
[-0.07292701  0.05135312  0.03852618]
[-0.07576269  0.05150185  0.0369476 ]
[-0.07900999  0.05157081  0.03524635]
[-0.08602199  0.05174152  0.02998568]
[-0.09014266  0.05165648  0.02658367]
[-0.09450018  0.05132882  0.02213366]
[-0.09895703  0.05112312  0.01758766]
[-0.10304723  0.05065296  0.01105908]
[-0.11013898  0.04746883 -0.0006794 ]
[-0.12151009  0.03825102 -0.01459713]
[-0.12669691  0.03478082 -0.02000904]
[-0.13515098  0.03025256 -0.03174059]
[-0.13871616  0.0290312  -0.03907767]
[-0.14428392  0.02717764 -0.04693835]
[-0.15661214  0.0246981  -0.05434239]
[-0.16735373  0.02353907 -0.0596405 ]
[-0.17591875  0.02190675 -0.07460187]
[-0.16041386  0.02367892 -0.09880994]
[-0.16041386  0.02367892 -0.09880994]
[-0.15672801  0.02490205 -0.10354303]
[-0.1517518   0.02516753 -0.11383978]
[-0.15165737  0.02436008 -0.1168196 ]
[-0.15135396  0.02288552 -0.12112106]
[-0.14995809  0.02058189 -0.12908743]
[-0.14860645  0.01847675 -0.13820416]
[-0.14802614  0.01742553 -0.14812492]
[-0.14766999  0.0170579  -0.15256037]
[-0.14720006  0.01669864 -0.161222  ]
[-0.14716744  0.01645372 -0.16514418]
[-0.14715184  0.01650108 -0.1680966 ]
[-0.14669047  0.01664945 -0.17040524]
[-0.14634909  0.0167998  -0.17212176]
[-0.14586581  0.01669876 -0.17392351]
[-0.14589403  0.01657476 -0.17412709]
[-0.14625352  0.0162225  -0.17383595]
[-0.14641508  0.01599498 -0.17300528]
[-0.14676731  0.01561962 -0.17197098]
[-0.14600087  0.01481954 -0.17106991]
[-0.14570798  0.01484516 -0.17152195]
[-0.14547038  0.01519397 -0.1725485 ]
[-0.1446051   0.01550414 -0.17407602]
[-0.14386352  0.01554366 -0.17406234]
[-0.14286394  0.01565237 -0.17378387]
[-0.14276157  0.01642662 -0.17366228]
[-0.14287622  0.01749521 -0.17315659]
[-0.14457327  0.01852929 -0.17019469]
[-0.14408776  0.01866252 -0.16413447]
[-0.14416384  0.01765416 -0.16009039]
[-0.14751857  0.01633279 -0.15381232]
[-0.15502858  0.01688863 -0.11601185]
[-0.14568307  0.01935156 -0.10081995]
[-0.13166617  0.02257574 -0.08302722]
[-0.11275547  0.02656485 -0.04810653]
[-0.10662537  0.02684788 -0.03170129]
[-0.09917422  0.02770061 -0.00195897]
[-0.09334164  0.03158911  0.02550282]
[-0.08974904  0.03571502  0.04726648]
[-0.08770922  0.03734792  0.05595224]
[-0.08643022  0.0396449   0.06368661]
[-0.08534     0.04478437  0.07596695]
[-0.08499976  0.04942478  0.08331574]
[-0.08526298  0.0511919   0.08560684]
[-0.0851197   0.05246475  0.08719484]
[-0.08387873  0.05414288  0.09053232]
[-0.08237586  0.05452945  0.09229266]
[-0.08102066  0.05481048  0.0935816 ]
[-0.08005922  0.0551092   0.09428204]
[-0.0794676   0.05515317  0.09462351]
[-0.0778511   0.05548069  0.0948806 ]
[-0.07581933  0.05584734  0.09594718]
[-0.07524231  0.05601724  0.09652641]
[-0.07554913  0.05613558  0.09712096]
[-0.07543329  0.0572264   0.09943882]
[-0.08054852  0.05900602  0.10254099]
[-0.08397149  0.06109888  0.10588462]
[-0.0870729   0.06304586  0.10760105]
[-0.08843729  0.0637463   0.10776905]
[-0.08030985  0.06361853  0.10380574]
[-0.07694139  0.06320319  0.10195407]
[-0.07463288  0.06347639  0.10116746]
[-0.0742835   0.06393041  0.10105047]
[-0.07681952  0.06477503  0.10100437]
[-0.07825001  0.0651896   0.10104004]
[-0.07926525  0.06541391  0.1014929 ]
[-0.07985665  0.06584857  0.10279367]
[-0.08001314  0.06636704  0.10493056]
[-0.08023948  0.06667416  0.10664192]
[-0.08024296  0.06833906  0.10832207]
[-0.08004573  0.06907424  0.10725743]
[-0.07961004  0.06937357  0.10562158]
[-0.0788331   0.06943509  0.1035328 ]
[-0.07692658  0.06829042  0.09903523]
[-0.07601214  0.06782435  0.09744708]
[-0.07461392  0.06715453  0.09541043]
[-0.07381886  0.06666856  0.09262873]
[-0.07223816  0.06541004  0.08449552]
[-0.07253695  0.06439698  0.08000106]
[-0.07347881  0.06354051  0.07498589]
[-0.07547717  0.06223777  0.06661507]
[-0.07657606  0.06163721  0.0625812 ]
[-0.07701367  0.06071404  0.05907471]
[-0.07716213  0.0597375   0.05578853]
[-0.0760831   0.05747142  0.04496351]
[-0.07762673  0.05605898  0.04061519]
[-0.08319377  0.05570931  0.03387893]
[-0.08969827  0.05421827  0.02722055]
[-0.0933418   0.05247601  0.02094751]
[-0.08586993  0.04632224  0.00494276]
[-0.08287423  0.04330433 -0.00245437]
[-0.08073864  0.04004795 -0.00835312]
[-0.0814454   0.03675075 -0.01479022]
[-0.08183514  0.03109988 -0.03024967]
[-0.0822101   0.02925163 -0.03804884]
[-0.08290179  0.02769871 -0.04604246]
[-0.08420321  0.02623739 -0.05323682]
[-0.085387    0.02443349 -0.05922747]
[-0.08652937  0.02278892 -0.06522147]
[-0.0863846   0.01783502 -0.0829704 ]
[-0.0863846   0.01783502 -0.0829704 ]
[-0.08664444  0.01681939 -0.08929235]
[-0.0877465   0.01641975 -0.0955893 ]
[-0.089146    0.01543033 -0.10746755]
[-0.09059539  0.01495958 -0.11354135]
[-0.0940877   0.01146387 -0.13388348]
[-0.09435512  0.01035697 -0.14436477]
[-0.09807843  0.00954571 -0.16654927]
[-0.09724102  0.0093453  -0.17476094]
[-0.09796972  0.00865383 -0.18222708]
[-0.09828119  0.00526694 -0.19222015]
[-0.09921237  0.00327829 -0.19533433]
[-0.09966355  0.00194813 -0.19785991]
[-0.09928857  0.00078097 -0.200109  ]
[-0.10152012 -0.0012688  -0.20801835]
[-0.10332612 -0.00248095 -0.21231858]
[-0.10499054 -0.00338836 -0.21607509]
[-0.10537616 -0.00441178 -0.21954218]
[-0.10378432 -0.00550637 -0.22335614]
[-0.10140625 -0.00653214 -0.22773568]
[-0.09362944 -0.0068643  -0.23743127]
[-0.09362944 -0.0068643  -0.23743127]
[-0.09195937 -0.00659666 -0.23950879]
[-0.09087695 -0.00700057 -0.24085948]
[-0.08922674 -0.00760721 -0.24135028]
[-0.08859636 -0.00794831 -0.24015985]
[-0.08821595 -0.00834301 -0.23865129]
[-0.08833243 -0.00862217 -0.23842521]
[-0.08836176 -0.00884659 -0.23847158]
[-0.08803626 -0.00797719 -0.2375408 ]
[-0.08803626 -0.00797719 -0.2375408 ]
[-0.08830949 -0.00712091 -0.23779199]
[-0.08265516 -0.00044511 -0.23569895]
[-0.08673134  0.00129952 -0.23053586]
[-0.0859911   0.00181915 -0.22450371]
[-0.08354496  0.00175879 -0.21524107]
[-0.07611606  0.00329366 -0.19074969]
[-0.06958444  0.00582342 -0.15802328]
[-0.06579352  0.00798605 -0.14131165]
[-0.06413623  0.01057648 -0.12592278]
[-0.06102344  0.01761421 -0.09897406]
[-0.05680715  0.02453259 -0.07619835]
[-0.05434157  0.02815793 -0.06624216]
[-0.05123439  0.03240616 -0.05620147]
[-0.04720865  0.03896832 -0.03982649]
[-0.04359207  0.04489521 -0.02452373]
[-0.04159212  0.04801369 -0.01708069]
[-0.03877978  0.05473725 -0.00429852]
[-0.03771211  0.05732299 -0.00107034]
[-0.03640109  0.06251927  0.00314632]
[-0.03534327  0.06464285  0.00358466]
[-0.0343704   0.06656639  0.00522981]
[-0.03019528  0.06896501  0.00839342]
[-0.02734366  0.06965123  0.00992622]
[-0.02454365  0.07038302  0.01066048]
[-0.02230913  0.07111756  0.01117495]
[-0.01863084  0.0724848   0.01209132]
[-0.01762148  0.07354684  0.01193319]
[-0.01646256  0.07454412  0.01138343]
[-0.01516736  0.07546879  0.01015832]
[-0.00934833  0.0759839   0.01102685]
[-0.00590816  0.07611251  0.01196545]
[-0.00349886  0.07635242  0.0124228 ]
[-0.00119922  0.07708412  0.01211295]
[0.00066479 0.07781335 0.01185209]
[0.00535946 0.07768601 0.0081752 ]
[0.00605761 0.0768502  0.00548262]
[0.00626732 0.0767674  0.00282391]
[0.0044695  0.07690485 0.00103971]
[ 0.00391861  0.07812027 -0.00260618]
[ 0.00506318  0.07506677 -0.01123978]
[ 0.00554985  0.07295626 -0.01562725]
[ 0.00484233  0.07064946 -0.02031734]
[ 0.0024906   0.06626078 -0.02889828]
[ 0.00058538  0.0641271  -0.03264345]
[-0.00147761  0.06180173 -0.03544291]
[-0.00368285  0.05939948 -0.03752692]
[-0.00491472  0.0570401  -0.03937126]
[-0.00434049  0.05166347 -0.04430621]
[-0.00408807  0.04887009 -0.04758099]
[-0.00462938  0.04556428 -0.05083496]
[-0.00822365  0.03813373 -0.05645739]
[-0.00996     0.03477062 -0.05780711]
[-0.0129525   0.03068406 -0.05997841]
[-0.01575417  0.02712275 -0.06164163]
[-0.02224552  0.01904696 -0.06402411]
[-0.02409224  0.01570794 -0.064574  ]
[-0.03275012  0.00543628 -0.06762263]
[-0.03275012  0.00543628 -0.06762263]
[-0.03659699  0.00185732 -0.06916448]
[-0.04216033 -0.00478632 -0.0723369 ]
[-0.04492838 -0.0082589  -0.07382797]
[-0.04811789 -0.01099153 -0.07563108]
[-0.05075555 -0.01366203 -0.07749098]
[-0.05311221 -0.016338   -0.07926968]
[-0.05503854 -0.01911117 -0.08099863]
[-0.05853417 -0.02553085 -0.08385023]
[-0.06040113 -0.02879304 -0.08541857]
[-0.06244446 -0.03210024 -0.087313  ]
[-0.06420953 -0.03527556 -0.0885558 ]
[-0.0672636  -0.04121456 -0.09200886]
[-0.06868724 -0.04385855 -0.09384504]
[-0.07077395 -0.04957119 -0.09837971]
[-0.07052378 -0.05268518 -0.09983992]
[-0.07054275 -0.05757282 -0.10296711]
[-0.07054404 -0.05967114 -0.10411346]
[-0.0716978  -0.06337626 -0.10522704]
[-0.07118961 -0.06709486 -0.10434399]
[-0.07065125 -0.06853587 -0.10154467]
[-0.07001757 -0.06972486 -0.09507948]
[-0.06563265 -0.07062091 -0.0673802 ]
[-0.06068997 -0.07019521 -0.05030639]
[-0.05094396 -0.06720953 -0.01382363]
[-0.0461341  -0.06490532  0.002216  ]
[-0.03430838 -0.06381012  0.02870312]
[-0.02649841 -0.06172845  0.04986697]
[-0.02367934 -0.05954346  0.0590944 ]
[-0.02235501 -0.05589692  0.06699958]
[-0.02142254 -0.04762771  0.07751901]
[-0.02217806 -0.0385888   0.08202481]
[-0.02280571 -0.03412586  0.08166995]
[-0.02336168 -0.02996752  0.07987191]
[-0.02430143 -0.02638731  0.07690133]
[-0.02532202 -0.02333555  0.0736625 ]
[-0.02687762 -0.01637836  0.06876003]
[-0.02728081 -0.01286509  0.06657141]
[-0.02718552 -0.00950477  0.06501089]
[-0.02657636 -0.00685519  0.06362987]
[-0.02444842 -0.00225487  0.0605871 ]
[-0.02343524 -0.00056552  0.05856013]
[-0.02238114  0.00040876  0.05376111]
[-0.01884913  0.00058538  0.04929406]
[-0.01346029  0.00087077  0.04532036]
[-0.01055942  0.00580353  0.03898007]
[-0.02191266  0.00974294  0.03726079]
[-0.02191266  0.00974294  0.03726079]
[-0.02317589  0.00893057  0.03512523]
[-0.0249135   0.00858675  0.02823078]
[-0.02483828  0.00960843  0.0237849 ]
[-0.0233765   0.01178779  0.02077971]
[-0.01863446  0.01358551  0.01862148]
[-0.00346237  0.0142399   0.01459132]
[0.00657435 0.01247267 0.01227546]
[0.01434918 0.01074539 0.00974004]
[0.02131364 0.009703   0.00576261]
[0.02429736 0.00794769 0.00192283]
[ 0.02243847  0.00454453 -0.004927  ]
[ 0.02034329 -0.00199691 -0.018952  ]
[ 0.02190461 -0.00421054 -0.02628145]
[ 0.02621994 -0.00501527 -0.03335917]
[ 0.03286449 -0.00572318 -0.04514457]
[ 0.03537594 -0.00613937 -0.04997486]
[ 0.03907867 -0.00662156 -0.05405241]
[ 0.04515951 -0.00685845 -0.05801469]
[ 0.05370357 -0.00638901 -0.06288671]
[ 0.06950182 -0.00562657 -0.07545999]
[ 0.07610128 -0.00656051 -0.08584464]
[ 0.08053072 -0.00896223 -0.09928253]
[ 0.0836854  -0.01090016 -0.11301226]
[ 0.08576275 -0.01303482 -0.12584968]
[ 0.08834434 -0.01444868 -0.15325606]
[ 0.09030879 -0.01426996 -0.16487581]
[ 0.09454878 -0.01391076 -0.17723806]
[ 0.09812014 -0.01355606 -0.18662421]
[ 0.10255379 -0.01333059 -0.19415529]
[ 0.10919527 -0.01407379 -0.20663629]
[ 0.10947192 -0.01775558 -0.21336776]
[ 0.09444836 -0.03132952 -0.21619298]
[ 0.08416825 -0.03915489 -0.21268173]
[ 0.08026165 -0.05593811 -0.20349011]
[ 0.08781392 -0.09122469 -0.17275369]
[ 0.07964281 -0.11173144 -0.15271419]
[ 0.06449503 -0.12903455 -0.13681217]
[ 0.05792417 -0.14337824 -0.13043976]
[ 0.05340857 -0.16209276 -0.12988408]
[ 0.04520465 -0.17677201 -0.12919456]
[ 0.03668211 -0.18311694 -0.12916376]
[ 0.03203251 -0.1837143  -0.13015257]
[ 0.02803349 -0.18355878 -0.13187048]
[ 0.02520484 -0.18283014 -0.13230522]
[ 0.0221063  -0.18111978 -0.13291523]
[ 0.02384514 -0.1779957  -0.13150212]
[ 0.02778791 -0.17439806 -0.11991768]
[ 0.02775996 -0.17306802 -0.11332797]
[ 0.0250776  -0.17206213 -0.10731834]
[ 0.01886814 -0.17309009 -0.09868018]
[ 0.01365209 -0.17425296 -0.09402839]
[ 0.00842725 -0.17424305 -0.08721062]
[ 0.00523395 -0.17414436 -0.0798826 ]
[ 0.00306379 -0.17314734 -0.07105256]
[ 0.00850328 -0.16239513 -0.0340592 ]
[ 0.01243516 -0.15648414 -0.02036983]
[ 0.01170828 -0.1517417  -0.01589618]
[ 0.00855572 -0.14489962 -0.01583049]
[-0.00424657 -0.13002288 -0.02989179]
[-0.00760245 -0.12144941 -0.03434342]
[-0.00968772 -0.1102047  -0.03621133]
[-0.01131072 -0.09678279 -0.03724086]
[-0.01231306 -0.08453284 -0.0397529 ]
[-0.01469728 -0.07288518 -0.04482875]
[-0.02277444 -0.05146534 -0.06048158]
[-0.03016868 -0.03169505 -0.07573655]
[-0.03310841 -0.02778591 -0.07799724]
[-0.03962422 -0.02436866 -0.08290174]
[-0.041187   -0.02448102 -0.08477049]
[-0.0422056  -0.02424556 -0.08655031]
[-0.03867275 -0.02343626 -0.08710115]
[-0.03663809 -0.02191436 -0.08737876]
[-0.03519226 -0.01945935 -0.0864009 ]
[-0.03547138 -0.01650593 -0.08746995]
[-0.03498594 -0.01228833 -0.08811828]
[-0.0329714  -0.00759639 -0.08914034]
[-0.02556069  0.00389403 -0.08736882]
[-0.00536198  0.01451051 -0.08493301]
[-0.01640863  0.03220296 -0.08608554]
[-0.01690189  0.03943851 -0.09078494]
[-0.02860184  0.03002634 -0.10345412]
[-0.03271326  0.02471113 -0.11010461]

程序已被终止，正在关闭套接字...
套接字已关闭。
