[-0.2175751  -0.00243571 -0.06992725]
[-0.21608362  0.00240764 -0.06102214]
[-0.21607722  0.00190473 -0.04880548]
[-0.22180668 -0.01109872 -0.05300558]
[-0.22293367 -0.01487222 -0.05521752]
[-0.22056069 -0.01725255 -0.05492026]
[-0.21697287 -0.01753031 -0.05143727]
[-0.21285228 -0.01680003 -0.04612221]
[-0.20912211 -0.01467075 -0.03843939]
[-0.20986439 -0.01370151 -0.03717119]
[-0.2087333  -0.01236664 -0.03727209]
[-0.20326977 -0.0062821  -0.03625615]
[-0.20956629  0.00396851 -0.0257498 ]
[-0.20966512  0.00525374 -0.02401499]
[-0.20477668  0.01832807 -0.02244459]
[-0.21302946  0.02712791 -0.0252735 ]
[-0.21415484  0.02787064 -0.02523923]
[-0.21470868  0.02847754 -0.02526952]
[-0.21514631  0.02877377 -0.02515483]
[-0.21665443  0.02796725 -0.02338689]
[-0.2168359   0.02818599 -0.02185211]
[-0.21845135  0.03068738 -0.01271402]
[-0.22089295  0.0317894  -0.0055719 ]
[-0.22189496  0.03279642  0.00036625]
[-0.22193788  0.03276621  0.00415655]
[-0.21723947  0.03280283  0.0064462 ]
[-0.19696499  0.03068343  0.00430441]
[-0.18553791  0.02940898  0.00319251]
[-0.175648    0.02650865  0.00279149]
[-0.16898494  0.02475487  0.00302608]
[-0.15747523  0.01941902  0.00288768]
[-0.15145093  0.0168233   0.0026986 ]
[-0.13189008  0.00849809  0.00537033]
[-0.12443662  0.00744749  0.00688726]
[-0.11447653  0.0094692   0.01051211]
[-0.10025808  0.01074413  0.01096448]
[-0.08207462  0.00890182  0.01052317]
[-0.07316167  0.00730538  0.01122553]
[-0.06462374  0.00575613  0.01229205]
[-0.0273718  -0.00473374  0.01316057]
[-0.02143975 -0.00633558  0.0141199 ]
[-0.01560039 -0.00771448  0.0153526 ]
[-0.00057624 -0.01063235  0.02040092]
[ 0.00523264 -0.01176292  0.02230015]
[ 0.00991054 -0.01336779  0.02369603]
[ 0.03306689 -0.02786436  0.03221624]
[ 0.03185522 -0.02783532  0.03381801]
[ 0.02759763 -0.02748305  0.03772307]
[ 0.02307964 -0.0282664   0.04104354]
[-0.00180002 -0.02803156  0.05107634]
[-0.00759836 -0.02777286  0.05222864]
[-0.02580893 -0.02479132  0.05623103]
[-0.02729378 -0.02512216  0.05650379]
[-0.02802061 -0.02554064  0.05680776]
[-0.02790634 -0.02568218  0.05637705]
[-0.02746932 -0.02588793  0.05574303]
[-0.02632547 -0.02712013  0.05411576]
[-0.02562775 -0.02793857  0.05401196]
[-0.00362625 -0.02887288  0.05728838]
[-0.00362625 -0.02887288  0.05728838]
[ 0.0041152  -0.03016349  0.05703563]
[ 0.02039105 -0.03483515  0.05478951]
[ 0.02675017 -0.0376429   0.05417738]
[ 0.03366477 -0.04046252  0.05325654]
[ 0.04198152 -0.04342864  0.05278305]
[ 0.04955881 -0.04569459  0.0521871 ]
[ 0.06462525 -0.04822802  0.05059915]
[ 0.07126196 -0.04951583  0.04907438]
[ 0.11225245 -0.05524493  0.04910006]
[ 0.11325732 -0.05608942  0.05049682]
[ 0.11503086 -0.0563623   0.05234266]
[ 0.11444897 -0.05827117  0.05620559]
[ 0.11454231 -0.05889522  0.05791674]
[ 0.11050717 -0.05899072  0.06245417]
[ 0.10962353 -0.05791772  0.06361342]
[ 0.11000345 -0.05456268  0.06453418]
[ 0.10917232 -0.05372522  0.06365085]
[ 0.11063097 -0.04983993  0.06039201]
[ 0.11572266 -0.0510126   0.06023715]
[ 0.11845327 -0.0523137   0.05993777]
[ 0.11904699 -0.05334741  0.0593348 ]
[ 0.11928863 -0.05337044  0.05921664]
[ 0.11160938 -0.05138662  0.06051218]
[ 0.10803602 -0.05082018  0.06067809]
[ 0.08002185 -0.04368884  0.06358243]
[ 0.07358486 -0.04236003  0.0639526 ]
[ 0.0652489  -0.04044025  0.06382493]
[ 0.05874867 -0.03893031  0.06289873]
[ 0.02959443 -0.03756775  0.06200104]
[ 0.02186894 -0.03768911  0.06223753]
[ 0.00811184 -0.03829471  0.0607578 ]
[ 0.00811184 -0.03829471  0.0607578 ]
[-0.00369763 -0.03754893  0.0586128 ]
[-0.03562416 -0.030242    0.05469625]
[-0.03687492 -0.02966088  0.05376608]
[-0.04126863 -0.02784163  0.05304758]
[-0.04126863 -0.02784163  0.05304758]
[-0.04513581 -0.02751173  0.05320947]
[-0.0530083  -0.0283008   0.05247624]
[-0.05731771 -0.02848385  0.05171472]
[-0.05774652 -0.02751484  0.05091722]
[-0.05616228 -0.02367825  0.05031334]
[-0.05396009 -0.02217178  0.0497815 ]
[-0.0490146  -0.01847328  0.05070036]
[-0.04724563 -0.02001873  0.0511111 ]
[-0.04625105 -0.02320245  0.05425192]
[-0.04499797 -0.02428559  0.05515369]
[-0.03830592 -0.02492793  0.05671465]
[-0.03250393 -0.02464194  0.05724354]
[-0.03071807 -0.02412491  0.05785861]
[-0.02786147 -0.02410606  0.05842976]
[-0.01748278 -0.0290541   0.05664354]
[-0.00670757 -0.03117373  0.05513696]
[-0.00603774 -0.0313586   0.05561039]
[ 0.00418793 -0.03471025  0.06712058]
[ 0.00418793 -0.03471025  0.06712058]
[ 0.00634029 -0.03852613  0.07144383]
[ 0.0133721  -0.03820515  0.07669531]
[ 0.01926548 -0.03597802  0.10288404]
[ 0.01945282 -0.03546584  0.1069164 ]
[ 0.01934755 -0.03473773  0.11087664]
[ 0.02154747 -0.03282652  0.12312341]
[ 0.02860232 -0.03402014  0.14423504]
[ 0.02860232 -0.03402014  0.14423504]
[ 0.03523198 -0.03356335  0.14814436]
[ 0.03308662 -0.03429078  0.14852159]
[ 0.03518752 -0.03355276  0.15463503]
[ 0.03518752 -0.03355276  0.15463503]
[ 0.03767974 -0.03326944  0.15624397]
[ 0.03609501 -0.03390679  0.15569775]
[ 0.03364225 -0.03516063  0.15429877]
[ 0.03207683 -0.03604975  0.15352051]
[ 0.03177623 -0.03503546  0.15124202]
[ 0.03318348 -0.03415828  0.14992318]
[ 0.03919824 -0.03359081  0.14653637]
[ 0.03867655 -0.03397018  0.14514777]
[ 0.02895253 -0.0394366   0.12993303]
[ 0.02830984 -0.03998615  0.12678343]
[ 0.02726757 -0.04029407  0.12316248]
[ 0.02445275 -0.04016531  0.11047833]
[ 0.02294356 -0.03907618  0.10311254]
[ 0.0217623 -0.0377003  0.0482498]
[ 0.02107584 -0.03874825  0.04163929]
[ 0.02010963 -0.04036395  0.03456834]
[ 0.01968617 -0.04365876  0.02332361]
[ 0.02105544 -0.04758063  0.01417595]
[ 0.01961664 -0.0527896  -0.00036883]
[ 0.01537303 -0.05983402 -0.01624668]
[ 0.01211784 -0.06298925 -0.03949469]
[ 0.00672871 -0.06155319 -0.04768811]
[ 0.00440089 -0.06095413 -0.05056233]
[ 0.00197098 -0.06297093 -0.05293445]
[ 0.00314373 -0.06401236 -0.05014675]
[ 0.00365319 -0.06450359 -0.04684714]
[ 0.00203011 -0.06461673 -0.04404487]
[ 0.00374433 -0.06554098 -0.04634804]
[ 0.00594819 -0.06523579 -0.04963773]
[ 0.00950857 -0.06382594 -0.05233838]
[ 0.01038704 -0.05924733 -0.0572598 ]
[ 0.00598515 -0.06073185 -0.05435888]
[ 0.00493429 -0.06200678 -0.05233233]
[ 0.00558039 -0.06309424 -0.04990582]
[ 0.00575053 -0.06339604 -0.04775275]
[-0.00240972 -0.06174836 -0.04757992]
[-0.00309133 -0.06194331 -0.0472339 ]
[-0.00262325 -0.06240932 -0.04592301]
[-0.00226284 -0.06252912 -0.04432625]
[-0.00218556 -0.06231753 -0.04274208]
[-0.00255049 -0.06198109 -0.04170926]
[-0.0038916  -0.05721126 -0.03813211]
[ 0.00891752 -0.05309475 -0.03840885]
[ 0.00891752 -0.05309475 -0.03840885]
[ 0.01127461 -0.05110206 -0.03697108]
[ 0.00863693 -0.04658439 -0.02728731]
[ 0.0085499  -0.04533864 -0.02508333]
[ 0.00996468 -0.04343104 -0.02332836]
[ 0.00919681 -0.04005482 -0.01834444]
[ 0.00559149 -0.03842058 -0.01379731]
[ 0.00214963 -0.03638585 -0.00960165]
[-0.00351616 -0.03220902  0.0005059 ]
[-0.0061691  -0.03060829  0.00991767]
[-0.01112879 -0.02492744  0.02483593]
[-0.01153235 -0.01833874  0.03335028]
[-0.0105365  -0.01650668  0.03580268]
[-0.00843059 -0.01362574  0.04256467]
[-0.00667516 -0.01308425  0.05524648]
[ 0.00501334 -0.01265376  0.0975414 ]
[ 0.00789765 -0.00762669  0.11376945]
[0.01238499 0.00027599 0.12326224]
[0.00924601 0.00514513 0.12093693]
[0.00618958 0.0080136  0.12052678]
[0.00027075 0.01444467 0.1171151 ]
[0.00015073 0.0183775  0.11703636]
[0.00039697 0.01983163 0.11832435]
[0.0024341  0.02141949 0.12196536]
[0.00201814 0.02341625 0.12248248]
[0.00186749 0.02508307 0.12292612]
[0.00698606 0.03079193 0.12688193]
[0.00914774 0.03357092 0.12914355]
[0.00951133 0.03428499 0.13022752]
[0.00934967 0.03513982 0.13106868]
[0.00817741 0.03651403 0.13151573]
[0.00636964 0.03796522 0.13201886]
[-0.00347685  0.04601139  0.13409647]
[-0.0029204   0.0471596   0.13577573]
[-0.00290438  0.04803328  0.13663851]
[-0.00291046  0.04853976  0.13791163]
[-0.00386989  0.0489185   0.1417011 ]
[0.00386055 0.0450284  0.15549389]
[0.00372705 0.04452531 0.15680784]
[0.00373588 0.04391953 0.15816164]
[0.00416367 0.04308737 0.15973483]
[0.00591219 0.04196802 0.16507412]
[0.00653802 0.04195616 0.1680297 ]
[0.00695244 0.04206184 0.17161623]
[0.01008662 0.04115153 0.18838722]
[0.00947545 0.04113199 0.18987454]
[0.00851356 0.04091413 0.19049701]
[0.00745553 0.04063503 0.19065823]
[0.00498154 0.04051707 0.19048388]
[0.00419564 0.04048066 0.19091918]
[0.00415044 0.04032617 0.19182898]
[0.00642485 0.03959791 0.19467354]
[0.00843989 0.03791283 0.19797093]
[0.00858756 0.03689151 0.19940758]
[0.00835857 0.03596338 0.20095299]
[0.00861596 0.03511972 0.20265265]
[0.00952533 0.0321405  0.20973331]
[0.00910959 0.03149008 0.21205586]
[0.00869325 0.03101903 0.21349226]
[0.00729876 0.03102246 0.21361157]
[0.00769842 0.03096376 0.21361767]
[0.00769842 0.03096376 0.21361767]
[0.00176256 0.02330662 0.173048  ]
[-0.00132298  0.02385824  0.16108112]
[0.00198836 0.02359581 0.14902699]
[0.00027981 0.02362881 0.09943254]
[-0.00902086  0.02218497  0.06677368]
[-0.01574495  0.02207916  0.05345593]
[-0.01912416  0.02143387  0.04445419]
[-0.02684275  0.0158121   0.02182234]
[-0.02863264  0.01268732  0.01513654]
[-0.02883694  0.00952956  0.00904674]
[-0.02919788  0.00703666  0.00309426]
[-0.02895703  0.00508774 -0.00152532]
[-3.25354278e-02  2.45488700e-05 -1.18022142e-02]
[-0.04562672 -0.01300573 -0.01707825]
[-0.05660302 -0.01850245 -0.01773013]
[-0.06498144 -0.02248035 -0.01909037]
[-0.07202687 -0.02256807 -0.02116466]
[-0.07823806 -0.02923101 -0.03072597]
[-0.07817513 -0.03041021 -0.02836084]
[-0.0780801  -0.03149313 -0.02597131]
[-0.07842187 -0.03219635 -0.023902  ]
[-0.07982125 -0.03307692 -0.02109627]
[-0.08334606 -0.03356799 -0.01594156]
[-0.08496103 -0.03338297 -0.01301421]
[-0.08595066 -0.03258486 -0.01021856]
[-0.08775881 -0.03121302 -0.00743613]
[-0.08782439 -0.03007022 -0.0057402 ]
[-0.08787261 -0.02750917 -0.00399061]
[-0.08746854 -0.02634173 -0.00260773]
[-0.08750432 -0.02573703 -0.00033486]
[-0.08622968 -0.02596913  0.00532719]
[-0.08410956 -0.02740887  0.01394307]
[-0.08002437 -0.0278277   0.02355381]
[-0.07513781 -0.02723021  0.0294062 ]
[-0.06923284 -0.02956435  0.03272071]
[-0.06851009 -0.02961332  0.03291526]
[-0.06641029 -0.02940166  0.03306583]
[-0.06467515 -0.02991523  0.03368169]
[-0.05827597 -0.0313888   0.03513341]
[-0.05599567 -0.03028351  0.03581547]
[-0.05621002 -0.02836931  0.03504253]
[-0.03431735 -0.03514194  0.03566852]
[-0.03349537 -0.03558011  0.03638959]
[-0.01653723 -0.03788394  0.0320332 ]
[-0.01248748 -0.03993128  0.03006564]
[ 0.0205178  -0.04985014  0.02437754]
[ 0.04218722 -0.04703178  0.02685558]
[ 0.04828224 -0.04510269  0.0252374 ]
[ 0.04996636 -0.04487039  0.02557348]
[ 0.05070657 -0.0442345   0.02631992]
[ 0.05201191 -0.04347639  0.02710026]
[ 0.05436072 -0.04182624  0.03023733]
[ 0.05569192 -0.04101619  0.03152997]
[ 0.05643733 -0.0401191   0.03310199]
[ 0.05728709 -0.03931935  0.0342592 ]
[ 0.05785196 -0.03917354  0.03480395]
[ 0.05712584 -0.03759535  0.02275665]
[ 0.04986019 -0.03450178 -0.00139042]
[ 0.04659159 -0.03498776 -0.00371976]
[ 0.04303671 -0.04052823 -0.01830203]
[ 0.04303671 -0.04052823 -0.01830203]
[ 0.04216558 -0.04027275 -0.01929366]
[ 0.04707131 -0.04029301 -0.01861432]
[ 0.03428347 -0.03876075 -0.02332458]
[ 0.03177937 -0.03914806 -0.02452926]
[ 0.02887276 -0.0398079  -0.02559785]
[ 0.02173937 -0.04059405 -0.02670168]
[ 0.02173937 -0.04059405 -0.02670168]
[ 0.01377182 -0.04040004 -0.0275845 ]
[ 0.01048215 -0.0401927  -0.02879797]
[ 0.00892529 -0.03971858 -0.03018544]
[ 0.00752335 -0.03882212 -0.03187318]
[ 0.00669419 -0.03788539 -0.03346628]
[ 0.0060881  -0.03263457 -0.03006687]
[-0.00039282 -0.02759424 -0.02294718]
[-0.00332446 -0.02582078 -0.02143041]
[-0.00670307 -0.02522423 -0.01928803]
[-0.00942329 -0.02525679 -0.01738983]
[-0.03273974 -0.01073711  0.00866618]
[-0.04222503  0.00797055  0.01580986]
[-0.04222503  0.00797055  0.01580986]
[-0.04634805  0.01373304  0.01717371]
[-0.05543839  0.02422613  0.01940167]
[-0.05833204  0.02827883  0.02075273]
[-0.05986902  0.03138582  0.02361979]
[-0.0598858   0.0337377   0.02654778]
[-0.06093824  0.03925682  0.03212884]
[-0.06576362  0.0421543   0.03295543]
[-0.07090333  0.04480014  0.03384442]
[-0.08605166  0.05822405  0.03678476]
[-0.08605166  0.05822405  0.03678476]
[-0.08785504  0.06062837  0.03687892]
[-0.08949617  0.06264005  0.03636118]
[-0.09173828  0.06558389  0.0346031 ]
[-0.09890749  0.06456213  0.03094382]
[-0.10357725  0.06255691  0.02880569]
[-0.11098025  0.05840903  0.02669817]
[-0.11567704  0.05525839  0.02518351]
[-0.1202413   0.05238627  0.02353866]
[-0.12438428  0.04928229  0.02092631]
[-0.1276688   0.0431273   0.01411768]
[-0.12740649  0.04015168  0.01063863]
[-0.12705841  0.03776953  0.00760029]
[-0.12498454  0.02314938 -0.00185829]
[-0.12330828  0.02068163 -0.00293529]
[-0.11758552  0.01713273 -0.00640515]
[-0.11543318  0.01778652 -0.00614289]
[-0.09805657  0.0256894  -0.01713028]
[-0.09805657  0.0256894  -0.01713028]
[-0.09775002  0.02779119 -0.02074126]
[-0.09929041  0.02953568 -0.0267119 ]
[-0.09642971  0.02712571 -0.02440972]
[-0.09126428  0.0239189  -0.02156064]
[-0.0796919   0.01431207 -0.01508858]
[-0.07496856  0.01059853 -0.01220189]
[-0.07009829  0.0051166  -0.00755576]
[-0.06782589  0.00317163 -0.0040261 ]
[-0.06748751  0.00405419 -0.00210086]
[-0.06748751  0.00405419 -0.00210086]
[-0.0663729   0.00267406 -0.00154498]
[-0.06580402  0.00117771 -0.00109622]
[-0.06531675 -0.00135957  0.00129557]
[-0.06531675 -0.00135957  0.00129557]
[-0.06739207  0.00370343 -0.00052734]
[-0.0713405   0.00368197 -0.00036692]
[-0.07220429  0.00443379 -0.00099663]
[-0.07284254  0.0058316  -0.00110064]
[-0.06807059  0.00911811  0.00120087]
[-0.06322265  0.0085814   0.00270504]
[-0.0605948   0.00872879  0.00369637]
[-0.05799864  0.00997067  0.00483025]
[-0.056943    0.01187263  0.00381184]
[-0.0564703   0.01224692  0.00322218]
[-0.05653841  0.01304808  0.00222669]
[-0.05650289  0.01357282  0.00198256]
[-0.0571544   0.01453734  0.00139332]
[-0.05807909  0.0156797   0.00040797]
[-0.06100258  0.01961563 -0.00203993]

程序已被终止，正在关闭套接字...
套接字已关闭。
