[-0.26385354  0.0232967  -0.04080365]
[-0.26083134  0.01988608 -0.03673611]
[-0.25526254  0.02343659 -0.03184559]
[-0.24822989  0.02607618 -0.02549906]
[-0.23381948  0.0332335  -0.02063736]
[-0.23578143  0.02768287 -0.02581234]
[-0.20840101  0.01548975 -0.01127328]
[-0.18358369  0.03974641 -0.00616569]
[-0.18149663  0.04027495 -0.00495731]
[-0.17475136  0.04593695 -0.00266474]
[-0.1694239   0.04829593 -0.00093626]
[-0.16593297  0.04905909  0.00070164]
[-0.15388844  0.05224722  0.00532973]
[-0.1503937   0.05371433  0.00661408]
[-0.14720247  0.05541589  0.00959338]
[-0.14702748  0.05542976  0.01927764]
[-0.14647629  0.05566232  0.02418753]
[-0.09035216  0.06144165  0.0331968 ]
[-0.04555439  0.06619655  0.03159269]
[-0.03953589  0.06620395  0.03250659]
[-0.00639466  0.06743932  0.03534074]
[-0.00037369  0.06698718  0.03503952]
[0.00636584 0.06593481 0.03462926]
[0.03561959 0.06241383 0.03615548]
[0.04544688 0.06061135 0.03855003]
[0.05084712 0.05986121 0.03833068]
[0.06130475 0.05656497 0.04388994]
[0.07077967 0.05609279 0.03931459]
[0.07398306 0.0549643  0.03889038]
[0.07174568 0.05595347 0.04094834]
[0.06957435 0.05669644 0.04123828]
[0.06716814 0.05712515 0.04186727]
[0.06536154 0.05691475 0.04238654]
[0.05066616 0.05341283 0.04397204]
[0.02167296 0.04546327 0.0335265 ]
[0.01630287 0.04415551 0.03124919]
[-0.01134855  0.03857193  0.03051511]
[-0.01632535  0.03857174  0.0320363 ]
[-0.02659436  0.03349003  0.03543085]
[-0.02939604  0.03032401  0.03503149]
[-0.03051964  0.02884943  0.03485006]
[-0.0316469   0.02776318  0.03465344]
[-0.0327961   0.0232262   0.03383559]
[-0.03254163  0.02150876  0.03383195]
[-0.03229781  0.01930436  0.03379452]
[-0.02784293  0.01174505  0.03061729]
[-0.02596758  0.00931244  0.02935258]
[-0.02447001  0.00686717  0.02850827]
[-0.02454617  0.00112176  0.02588598]
[-0.02277547 -0.00563703  0.02239441]
[-0.021337   -0.00808459  0.02151388]
[-0.02017426 -0.01023096  0.02038693]
[-0.01678223 -0.01645234  0.01839839]
[-0.01515474 -0.01853774  0.0179826 ]
[-0.01386454 -0.02036492  0.01688709]
[-0.00613751 -0.03487628  0.01673922]
[-0.00613751 -0.03487628  0.01673922]
[-0.00485753 -0.0383582   0.0168835 ]
[-0.00114618 -0.04283796  0.0160784 ]
[ 0.00419976 -0.04562116  0.01529062]
[ 0.00824443 -0.04506967  0.01458262]
[ 0.02528698 -0.03941236  0.01468292]
[ 0.02818247 -0.03957319  0.01555307]
[ 0.03379638 -0.04065358  0.01816038]
[ 0.03581109 -0.04086822  0.01979783]
[ 0.03585226 -0.04019168  0.02023855]
[ 0.03842214 -0.03810554  0.02144148]
[ 0.04051324 -0.03767684  0.02283797]
[ 0.04213669 -0.03593548  0.02546861]
[ 0.04229262 -0.03492816  0.02599718]
[ 0.04215985 -0.03216916  0.0267609 ]
[ 0.03744127 -0.02448702  0.02860884]
[ 0.03572623 -0.02234804  0.02925796]
[ 0.03435764 -0.02033034  0.02993163]
[ 0.03424931 -0.01858511  0.03098913]
[ 0.03515496 -0.01641972  0.03399263]
[ 0.03583673 -0.015722    0.03553698]
[ 0.03548065 -0.01478647  0.03632334]
[ 0.03469118 -0.01377009  0.03696319]
[ 0.03475316 -0.01255291  0.03739403]
[ 0.03469973 -0.01010706  0.03861975]
[ 0.0348921  -0.00899691  0.03970415]
[ 0.03517202 -0.00789324  0.04070868]
[ 0.03531895 -0.00708455  0.04185814]
[ 0.03615173 -0.0054873   0.0437397 ]
[ 0.03613715 -0.00440629  0.04449316]
[ 0.03565626 -0.0028408   0.04501899]
[ 0.03670158 -0.00201744  0.05593098]
[ 0.03670158 -0.00201744  0.05593098]
[ 0.03748181 -0.00076065  0.05778441]
[0.03735935 0.00098044 0.05923928]
[0.0361403  0.00149808 0.06316429]
[0.03455298 0.00036257 0.06447119]
[0.03402116 0.00018048 0.06474832]
[0.03280725 0.00011495 0.06538308]
[0.03153997 0.00125037 0.06754965]
[0.03094635 0.00205498 0.06911451]
[0.03050122 0.00340638 0.07084738]
[0.02951113 0.00729044 0.07394513]
[0.02998345 0.00989685 0.0767105 ]
[0.0306999  0.01447798 0.08491046]
[0.0282915  0.01659299 0.09008676]
[0.02095962 0.01929532 0.1042078 ]
[0.01839947 0.0204316  0.11205507]
[0.01571893 0.02242305 0.12714991]
[0.01416097 0.02301423 0.13518642]
[0.01277508 0.02406524 0.14251433]
[0.01203958 0.02731823 0.15426166]
[0.0127371  0.03113731 0.16323633]
[0.01261026 0.03728186 0.18057173]
[0.01237515 0.03944541 0.18005264]
[0.00110125 0.04454418 0.17090259]
[-0.00141374  0.04431947  0.16755717]
[-0.00642959  0.04342667  0.16344154]
[-0.0082546   0.04367244  0.16116163]
[-0.00937253  0.04387132  0.15804319]
[-0.0099745   0.04343035  0.14876595]
[-0.01843796  0.03701272  0.11501188]
[-0.02023562  0.03550237  0.11135355]
[-0.02258805  0.03405548  0.10677058]
[-0.02486228  0.03254726  0.10241534]
[-0.02974703  0.02448541  0.08486661]
[-0.02974703  0.02448541  0.08486661]
[-0.03011251  0.0235371   0.08297926]
[-0.03054086  0.02243183  0.08059058]
[-0.02008037  0.01777637  0.0621908 ]
[-0.01823864  0.01524682  0.05945498]
[-0.01910799  0.01061542  0.05430097]
[-0.02127689  0.00901893  0.0516126 ]
[-0.02400693  0.00867786  0.04961176]
[-0.03145286  0.01585778  0.04729705]
[-0.03133243  0.01699646  0.04644319]
[-0.03081969  0.01794462  0.04531936]
[-0.02688233  0.01919649  0.04172984]
[-0.0201212   0.02108428  0.03628375]
[-0.01795038  0.02337428  0.03415462]
[-0.01928789  0.02325037  0.03551421]
[-0.02249647  0.02081354  0.03854784]
[-0.02703546  0.02132864  0.03677586]
[-0.03315383  0.01966476  0.03352693]
[-0.03639931  0.02000385  0.03199941]
[-0.03759588  0.01902413  0.0309609 ]
[-0.03870009  0.01806125  0.03057566]
[-0.03992938  0.01692412  0.03057678]
[-0.04182823  0.01608161  0.03025418]
[-0.04374495  0.01439054  0.03025072]
[-0.04412408  0.01340551  0.03021357]
[-0.04345447  0.01122488  0.03092133]
[-0.04344262  0.01216746  0.03051433]
[-0.04289358  0.01166741  0.03085968]
[-0.04152479  0.00898632  0.03104702]
[-0.04321152  0.00835022  0.02995353]
[-0.04465889  0.00577419  0.02715387]
[-0.04250627  0.00311609  0.02458097]
[-0.04227899  0.00235095  0.02349954]
[-0.04529339 -0.00032857  0.02143459]
[-0.04348511 -0.00265891  0.02149745]
[-0.04295486 -0.00384803  0.02162196]
[-0.04461318 -0.00631885  0.0211653 ]
[-0.04605755 -0.01589552  0.01672912]
[-0.0466236  -0.01692924  0.0160597 ]
[-0.04686894 -0.01805379  0.01565065]
[-0.04685728 -0.01950448  0.01619256]
[-0.04685845 -0.02017857  0.01658276]
[-0.04723659 -0.02070393  0.01656512]
[-0.0481894  -0.0215623   0.01625556]
[-0.04856825 -0.02242669  0.01573785]
[-0.04718419 -0.02447378  0.01503419]
[-0.04639693 -0.02460286  0.01511292]
[-0.04467634 -0.02498581  0.01488391]
[-0.04422494 -0.02506491  0.01484499]
[-0.04398929 -0.02516885  0.01510057]
[-0.04401253 -0.02502492  0.01556796]
[-0.04584135 -0.02459933  0.01901866]
[-0.04713406 -0.02389081  0.02138393]
[-0.04437164 -0.02269735  0.02331068]
[-0.04224743 -0.02259002  0.0237867 ]
[-0.03940302 -0.02311178  0.02370358]
[-0.03940302 -0.02311178  0.02370358]
[-0.03955817 -0.0232075   0.02428574]
[-0.04085653 -0.02238671  0.02615354]
[-0.04091408 -0.02073315  0.02716383]
[-0.03974911 -0.01882354  0.02922877]
[-0.03138265 -0.00427806  0.04668888]
[-0.03079592 -0.00273236  0.04746284]
[-0.02909366 -0.00051553  0.04827451]
[-0.02772878  0.00050045  0.0490181 ]
[-0.02658764  0.00175868  0.05005727]
[-0.02481338  0.00439748  0.05231022]
[-0.02376757  0.00572842  0.05387666]
[-0.01783428  0.01424566  0.06551369]
[-0.01739731  0.01722949  0.07178327]
[0.00503603 0.0303486  0.11458347]
[0.00757197 0.0292058  0.11861327]
[0.00877484 0.02850147 0.11871061]
[0.00919557 0.02722238 0.1211281 ]
[0.00638278 0.02845915 0.12139268]
[0.00711044 0.03332018 0.1146623 ]
[0.00676045 0.0322306  0.114257  ]
[0.00678869 0.02844245 0.10943831]
[0.00751858 0.0250633  0.10112094]
[-0.00226977  0.02119751  0.09316816]
[-0.00454896  0.01973711  0.09129444]
[-0.00637723  0.01809868  0.08962367]
[-0.00642099  0.01631407  0.08830757]
[-0.01839238  0.01490846  0.08307023]
[-0.01863185  0.01466609  0.0814947 ]
[-0.01195576  0.01442588  0.08127632]
[-0.01103751  0.01475922  0.08156759]
[-0.01763357  0.01029906  0.08382817]
[-0.09180436 -0.06330188  0.01360471]
[-0.09360657 -0.06620749  0.0086805 ]
[-0.1094533  -0.08826333 -0.01179904]
[-0.1135672  -0.08665467 -0.01441699]
[-0.11452397 -0.06959179 -0.01178643]
[-0.09895137 -0.0578214  -0.01476915]
[-0.09039671 -0.05670562 -0.01363009]
[-0.07818631 -0.05714061 -0.00412235]
[-0.07368384 -0.05519317 -0.00260097]
[-0.0679034  -0.05241875 -0.00246216]
[-0.04860828 -0.04554722 -0.00498202]
[-0.04478002 -0.04447999 -0.00480814]
[ 0.1418503  -0.0411815   0.01816556]
[ 0.14911989 -0.04152528  0.01836001]
[ 0.1560075  -0.04128861  0.01814759]
[ 0.16240046 -0.04027954  0.01728143]
[ 0.18287853 -0.0341992   0.01689816]
[ 0.19167457 -0.03139554  0.02071518]
[ 0.20879847 -0.03292608  0.02502256]
[ 0.21481363 -0.03240949  0.0271961 ]
[ 0.21915439 -0.03096689  0.02788649]
[ 0.22759969 -0.02767634  0.03131489]
[ 0.23143197 -0.02486352  0.03487525]
[ 0.23303506 -0.02402841  0.0364458 ]
[ 0.23363948 -0.02329628  0.03810361]
[ 0.23107637 -0.0176248   0.04391381]
[ 0.22782672 -0.01481744  0.04471656]
[ 0.22643921 -0.01392431  0.0449288 ]
[ 0.22048715 -0.00525687  0.04942844]
[0.22137249 0.0006808  0.05580069]
[0.22298498 0.0033042  0.05996929]
[0.22556192 0.0054138  0.06466684]
[0.23065317 0.02381288 0.09358197]
[0.21717415 0.03488518 0.10477433]
[0.20564184 0.03757124 0.10777196]
[0.20423368 0.03729306 0.1079651 ]
[0.19677961 0.03922395 0.11039511]
[0.19457442 0.03987025 0.1114132 ]
[0.19029713 0.04092454 0.11321124]
[0.17253745 0.03850598 0.11691535]
[0.16046098 0.03686719 0.12573083]
[0.15724987 0.03694963 0.13052003]
[0.13100437 0.04068296 0.1523838 ]
[0.12568606 0.04212666 0.15906198]
[0.09732436 0.0451343  0.2112854 ]
[0.07306432 0.04109076 0.24291328]
[0.06950212 0.03998327 0.24358097]
[0.05692039 0.03791461 0.23148352]
[0.04950354 0.03606782 0.22103292]
[0.0457555  0.03552221 0.21504048]
[0.04302551 0.03434258 0.20900708]
[0.02610471 0.00534136 0.09082121]
[0.01922708 0.00167187 0.0771239 ]
[ 0.00250447 -0.01001447  0.0321421 ]
[-0.02023458 -0.05676695 -0.03176016]
[-0.02431076 -0.09351839 -0.05460405]
[-0.02163962 -0.10763489 -0.05301623]
[-0.01191897 -0.1345045  -0.04199961]
[-0.00894857 -0.14443953 -0.03799646]
[-0.00816798 -0.14769073 -0.03698249]
[-0.00763364 -0.15154859 -0.03678766]
[-0.00725418 -0.15976232 -0.03538614]
[-0.00432893 -0.16999133 -0.0290808 ]
[-0.00336028 -0.01142754  0.07529336]
[-0.00329986 -0.00732246  0.07527359]
[-0.02451795  0.06366278  0.03048583]
[-0.03263861  0.06939209  0.02331151]
[-0.03630872  0.07127004  0.02057389]
[-0.05118463  0.07618982  0.00803259]
[-0.05358816  0.0765206   0.00643781]
[-0.05439241  0.07082912 -0.00101041]
[-0.08141772  0.06177582 -0.01067317]
[-0.08624941  0.04728051 -0.02389112]
[-0.08859532  0.04491124 -0.02644021]
[-0.10638759  0.02930545 -0.03233349]
[-0.11101135  0.02294885 -0.03307889]
[-0.1117789   0.02001211 -0.0327655 ]
[-0.11289583  0.01153288 -0.0336697 ]
[-0.11144692 -0.00581961 -0.03883968]
[-0.08867924 -0.04361679 -0.04060008]
[-0.08230029 -0.04733376 -0.04010777]
[-0.06844648 -0.0548856  -0.02952337]
[-0.06150278 -0.05736561 -0.02483449]
[-0.05524783 -0.05961261 -0.02023854]
[-0.02927943 -0.05483792 -0.0089613 ]
[-0.01821993 -0.04243654 -0.01020776]
[-0.01715183 -0.03780602 -0.00793164]
[-0.01312707 -0.02973638 -0.00105761]
[-0.01108819 -0.02710514  0.00240798]
[ 0.00019301 -0.01054475  0.01702393]
[ 0.00409891 -0.00731086  0.01864192]
[ 0.00856382 -0.00411982  0.02011354]
[0.01639328 0.00209729 0.02247022]
[0.01943331 0.00511188 0.02321373]
[0.02139246 0.00787892 0.02402895]
[0.08086298 0.01687906 0.02990287]
[0.09138911 0.0174553  0.02590507]
[0.11528174 0.0126841  0.01535111]
[0.12680728 0.00904434 0.01102496]
[0.13379506 0.00722643 0.01009277]
[0.13754663 0.00599304 0.00957161]
[0.13675088 0.00544994 0.01016698]
[ 0.12735624 -0.0014394   0.00952661]
[ 0.12010745 -0.00520807  0.01025441]
[ 0.11727653 -0.00605116  0.0103294 ]
[ 0.11382831 -0.00700581  0.01042103]
[ 0.1046761  -0.00805219  0.00951508]
[ 0.08923282 -0.00353823  0.01204069]
[ 0.03360117 -0.01387582  0.01907793]
[ 0.0309369  -0.01375607  0.01864231]
[ 0.02428441 -0.01088488  0.01853137]
[ 0.02035131 -0.0077497   0.02162765]
[ 0.02006704 -0.00168875  0.02713371]
[ 1.52027965e-02 -2.56227008e-06  2.97407657e-02]
[0.01136342 0.00129296 0.03094758]
[0.0096467  0.00299985 0.03117123]
[0.01073279 0.0081323  0.03339764]
[0.02218959 0.01596956 0.03812181]
[0.02565142 0.01641601 0.03913631]
[0.03370752 0.01745737 0.04194571]
[0.03744895 0.0179654  0.04309328]
[0.04099145 0.01871208 0.04363145]
[0.05839274 0.02338938 0.0449314 ]
[0.06132025 0.02347732 0.04556156]
[0.07201772 0.02567552 0.04578093]
[0.08402005 0.02628145 0.04776023]
[0.08544554 0.02584456 0.04864896]
[0.09097276 0.02492848 0.05411083]
[0.0952933  0.0237076  0.05676547]
[0.10965774 0.02343043 0.05928843]
[0.13886315 0.02147346 0.07571162]
[0.14051951 0.02196191 0.07770162]
[0.16331208 0.02665809 0.08257172]
[0.16482646 0.02662277 0.08236388]
[0.16627327 0.02636975 0.08271933]
[0.16732535 0.02607726 0.08329644]
[0.17008329 0.02508097 0.08493108]
[0.17478973 0.02054771 0.08397095]
[0.17544956 0.02038202 0.08369394]
[0.17687363 0.02035566 0.08417052]
[0.17791695 0.02024232 0.08451516]
[0.18005062 0.01867826 0.08523585]
[0.18015877 0.0158683  0.08713252]
[0.17536286 0.01274442 0.09563385]
[0.1744524  0.0123376  0.09699313]
[0.17270855 0.01195557 0.10188324]
[0.16938422 0.01166274 0.13152356]
[0.14491696 0.02501146 0.200306  ]
[0.14579008 0.02185852 0.19209662]
[0.14658169 0.02029483 0.18729377]
[0.14215384 0.01355322 0.15440854]
[0.14008415 0.01206207 0.14242186]
[0.12613121 0.00022751 0.06400817]
[ 0.11429155 -0.0046381   0.02244353]
[ 0.11140425 -0.00640596  0.01139518]
[ 0.09565716 -0.04258484 -0.07662524]
[ 0.09419862 -0.04554795 -0.07945494]
[ 0.08970987 -0.05204342 -0.08250199]
[ 0.08719068 -0.07294538 -0.08986744]
[ 0.07510207 -0.0915913  -0.07035404]
[ 0.07511385 -0.10110698 -0.02916501]
[ 0.07595669 -0.10117028 -0.02150764]
[ 0.07983302 -0.09891259 -0.00897617]
[ 0.0871607  -0.05917126  0.04059402]
[ 0.08952486 -0.05452847  0.05172422]
[ 0.090771   -0.05177764  0.05831378]
[ 0.09237457 -0.04883938  0.06378677]
[ 0.099136   -0.0347519   0.08287374]
[ 0.10128117 -0.01304423  0.09288011]
[0.09590853 0.01226154 0.10788117]
[0.09276519 0.03677094 0.12550175]
[0.08970999 0.04076605 0.1211108 ]
[0.08763318 0.04109899 0.11432255]
[0.08728405 0.04099227 0.11253744]
[0.09181168 0.03910851 0.1014987 ]
[0.09260943 0.03933144 0.09929546]
[0.0974305  0.02774278 0.08553588]
[0.09502555 0.02334932 0.08311129]
[0.08353086 0.01071955 0.07591857]
[0.06885839 0.00022502 0.05868894]
[ 0.06569474 -0.00055055  0.05599469]
[ 0.05864207 -0.00091826  0.05135889]
[0.05246382 0.00159409 0.04837035]
[0.05246382 0.00159409 0.04837035]
[0.04773607 0.00579326 0.04505224]
[0.04745108 0.00681476 0.04378733]
[0.04739734 0.00730292 0.04185148]
[0.04909921 0.00432876 0.03774922]
[0.0502988  0.0012389  0.03561366]
[ 0.0511728  -0.00053272  0.03403985]
[ 0.051563   -0.00391262  0.02949154]
[ 0.05299403 -0.0085953   0.02240889]
[ 0.07822727 -0.03616159  0.01693081]
[ 0.09481638 -0.04884796  0.01344767]
[ 0.09748227 -0.05049697  0.01282341]
[ 0.10012785 -0.05257477  0.01152514]
[ 0.10361297 -0.05480352  0.01020436]
[ 0.113744   -0.06075849  0.00994681]
[ 0.11554388 -0.0617627   0.00985743]
[ 0.11663944 -0.06282611  0.01003246]
[ 0.11778188 -0.06542016  0.01134416]
[ 0.11879206 -0.0664236   0.01178177]
[ 0.12044335 -0.06868226  0.01291212]
[ 0.12069408 -0.06959136  0.01334446]
[ 0.1185113  -0.07396206  0.01564156]
[ 0.11792583 -0.07515532  0.01600452]
[ 0.12259821 -0.07507487  0.01680518]
[ 0.12537686 -0.07610815  0.01747174]
[ 0.1281184  -0.07724944  0.01735519]
[ 0.12909175 -0.07757861  0.01687783]
[ 0.13233069 -0.07970281  0.01786085]
[ 0.13224948 -0.08009326  0.018287  ]
[ 0.13069296 -0.07802187  0.0213734 ]
[ 0.12897996 -0.07738296  0.0234106 ]
[ 0.12897996 -0.07738296  0.0234106 ]
[ 0.12870247 -0.07707371  0.02482742]
[ 0.12965286 -0.07740781  0.02497984]
[ 0.12877229 -0.07352532  0.02519845]
[ 0.12434832 -0.07355484  0.02834128]
[ 0.12226681 -0.07187472  0.02763938]
[ 0.12155843 -0.07115436  0.02713281]
[ 0.119288   -0.06610821  0.02450012]
[ 0.1190897  -0.06480354  0.02338979]
[ 0.11892215 -0.06405489  0.02299092]
[ 0.11838529 -0.06440128  0.02347033]
[ 0.11595759 -0.06447446  0.024682  ]
[ 0.11450393 -0.06343824  0.02406691]
[ 0.11373467 -0.05774909  0.02571118]
[ 0.11393247 -0.05612534  0.02559879]
[ 0.11438141 -0.05454006  0.02472274]
[ 0.11395336 -0.05190542  0.02472331]
[ 0.10244457 -0.04216031  0.04964234]
[ 0.10154108 -0.0408186   0.05246977]
[ 0.10297844 -0.03666397  0.05862332]
[ 0.10248641 -0.03554043  0.0583559 ]
[ 0.09418199 -0.02719886  0.05459015]
[ 0.0932656  -0.02676772  0.0538917 ]
[ 0.09414438 -0.02605907  0.05079844]
[ 0.08565637 -0.02720426  0.03537183]
[ 0.08553909 -0.02703201  0.03451449]
[ 0.08462404 -0.026896    0.03318038]
[ 0.08418099 -0.03200541  0.02436824]
[ 0.09325407 -0.03186423  0.0190506 ]
[ 0.09729852 -0.03516237  0.01492361]
[ 0.09960813 -0.03606457  0.01487465]
[ 0.10115979 -0.03673109  0.01496167]
[ 0.09034765 -0.05301895  0.0055153 ]
[ 0.07478485 -0.05947095 -0.00226502]
[ 0.07341438 -0.06047099 -0.00226156]
[ 0.07648132 -0.06107701 -0.0026969 ]
[ 0.06625926 -0.06503415  0.00144106]
[ 0.06262191 -0.06652461  0.00115116]
[ 6.02174759e-02 -6.83085918e-02 -4.10880893e-05]
[ 0.06067631 -0.07084856 -0.00334774]
[ 0.06160309 -0.06896917 -0.00363777]
[ 0.06171133 -0.06781489 -0.00318938]
[ 0.06315151 -0.06682631 -0.00301928]
[ 0.06407627 -0.06682788 -0.0037435 ]
[ 0.06563366 -0.06635043 -0.00619833]
[ 0.06565609 -0.06539486 -0.00794563]
[ 0.06555732 -0.0643648  -0.01018137]
[ 0.06037087 -0.06713873 -0.02179644]
[ 0.06242264 -0.06697502 -0.02465539]
[ 0.06242264 -0.06697502 -0.02465539]
[ 0.06741758 -0.06599192 -0.03109239]
[ 0.0745982  -0.06822875 -0.04238589]
[ 0.0745982  -0.06822875 -0.04238589]
[ 0.07587889 -0.06851037 -0.04294944]
[ 0.0763003  -0.06790942 -0.04220694]
[ 0.06739417 -0.06705725 -0.04266179]
[ 0.04922212 -0.07020039 -0.04843576]
[ 0.03413088 -0.07698856 -0.0642335 ]
[ 0.03065605 -0.08044714 -0.07196612]
[ 0.0306372  -0.08025293 -0.07153565]
[ 0.03145816 -0.07779582 -0.07230738]
[ 0.03037935 -0.07717013 -0.07269274]
[ 0.0238368  -0.07103802 -0.07527756]
[ 0.0238368  -0.07103802 -0.07527756]
[ 0.03410693 -0.06467555 -0.07648773]
[ 0.03789132 -0.0627088  -0.07490266]
[ 0.0353117  -0.05829352 -0.06392411]
[ 0.04170834 -0.04782371 -0.03430868]
[ 0.03715575 -0.0464062  -0.02005866]
[ 0.03090419 -0.03044425  0.03901407]
[ 0.03162356 -0.0279919   0.04832831]
[ 0.03045497 -0.01594562  0.07673281]
[ 0.03389758 -0.01227565  0.08478635]
[ 0.04223973 -0.01355849  0.1043775 ]
[ 0.04626859 -0.0121142   0.11507712]
[ 0.06018761 -0.01329501  0.13742967]
[ 0.06018761 -0.01329501  0.13742967]
[ 0.06713699 -0.0127671   0.14752194]
[ 0.07349824 -0.01143909  0.15711948]
[0.09818969 0.00310843 0.19886543]
[0.08184134 0.00495845 0.22518095]
[0.08016694 0.00481104 0.23084916]
[0.08016694 0.00481104 0.23084916]
[ 0.0881807  -0.00234925  0.24565385]
[ 0.08652129 -0.00206723  0.24728692]
[ 0.08305728 -0.00318287  0.2508671 ]
[ 0.08301803 -0.00390617  0.25152776]
[ 0.08294799 -0.00446374  0.25206685]
[ 0.08313421 -0.00517977  0.25208151]
[ 0.0838703  -0.00879888  0.2509627 ]
[ 0.08342705 -0.00994569  0.25077292]
[ 0.0822641 -0.0122469  0.2507616]
[ 0.08210937 -0.01328563  0.25065589]
[ 0.08168689 -0.01420107  0.25062251]
[ 0.08036195 -0.01561578  0.24958219]
[ 0.08071188 -0.01912232  0.24410793]
[ 0.08097028 -0.0202702   0.24191031]
[ 0.08106967 -0.02157307  0.23953469]
[ 0.08145717 -0.02314288  0.23674358]
[ 0.08255898 -0.03168578  0.22342078]
[ 0.08363829 -0.03419035  0.21990232]
[ 0.08913333 -0.05350603  0.18688487]
[ 0.06298307 -0.06594347  0.06943185]
[ 0.05969234 -0.06626994  0.055565  ]
[ 0.02817454 -0.06853545 -0.01885289]
[ 0.02577381 -0.0694977  -0.02489484]
[ 0.02428499 -0.07011794 -0.02974003]
[ 0.01896559 -0.07322499 -0.04136104]
[ 0.01771117 -0.07502393 -0.04479089]
[ 0.01699445 -0.07716732 -0.0477537 ]
[ 0.0163879  -0.07861754 -0.05004359]
[ 0.01536359 -0.08216911 -0.05356324]
[ 0.01662273 -0.08923946 -0.07453885]
[ 0.0117562  -0.08928604 -0.07349605]
[ 0.00329789 -0.08960817 -0.06671218]
[ 0.00632024 -0.09109832 -0.07272176]
[-0.00934578 -0.10256482 -0.0795339 ]
[-0.01192271 -0.10304096 -0.08128983]
[-0.01744647 -0.10760599 -0.09444061]
[-0.01836948 -0.1087586  -0.09551851]
[-0.02221985 -0.11063902 -0.09707606]
[-0.02442051 -0.11163738 -0.09811488]
[-0.02771878 -0.11373833 -0.10108459]
[-0.02850282 -0.11458603 -0.10247029]
[-0.02898945 -0.11528703 -0.10414292]
[-0.0288094  -0.11546426 -0.1044203 ]
[-0.02524742 -0.11484004 -0.10668456]
[-0.02320659 -0.11454711 -0.10765371]
[-0.02215835 -0.11405502 -0.10840873]
[-0.0303838  -0.11007573 -0.10797022]
[-0.02977631 -0.10949562 -0.10461961]
[-0.02895425 -0.10833877 -0.10065847]
[-0.02804644 -0.10644375 -0.09659085]
[-0.0258826  -0.1016623  -0.08952317]
[-0.0249778  -0.09899683 -0.08598594]
[-0.01826029 -0.08289301 -0.06197476]
[-0.01637104 -0.07768284 -0.05638475]
[-0.01429781 -0.07194015 -0.05012666]
[-0.01393112 -0.04261657 -0.02119256]
[-0.01464027 -0.02923328 -0.01366008]
[-0.00499391 -0.00123009 -0.00825111]
[ 0.0061143   0.00892405 -0.00230421]
[0.02642851 0.01905962 0.01137379]
[0.02893054 0.02251786 0.01313217]
[0.0314653  0.02570616 0.01374725]
[0.03419228 0.02833636 0.01443616]
[0.0380471  0.03157917 0.01521178]
[0.04812915 0.03908509 0.02135738]
[0.07039074 0.06867877 0.03658318]
[0.08664951 0.07549755 0.05103905]
[0.08688866 0.06836757 0.05650987]
[0.08483045 0.06754501 0.05564375]
[0.06401456 0.06878918 0.047476  ]
[0.04194536 0.07149655 0.05138252]
[0.0382247  0.07058001 0.05188452]
[0.03363392 0.06879853 0.05142252]
[0.01677979 0.06358737 0.04879673]
[0.01348687 0.06148368 0.04666028]
[0.00846556 0.05829834 0.04329435]
[0.00224916 0.05476011 0.03912441]
[-0.0139816   0.04127819  0.02538375]
[-0.01777656  0.03651104  0.02153536]
[-0.02480168  0.02696248  0.01472116]
[-0.02763741  0.02185763  0.01228603]
[-0.0312146   0.01641735  0.00958895]
[-0.04192113 -0.00244939  0.00328117]
[-0.04539787 -0.00842003  0.00193553]
[-0.05871873 -0.0267235  -0.00519344]
[-0.06352183 -0.03329782 -0.00586664]
[-0.06541348 -0.03583166 -0.00714471]
[-0.06958807 -0.04359262 -0.01361896]
[-0.07057543 -0.0464043  -0.01556266]
[-0.07106231 -0.0490013  -0.01644718]
[-0.07179621 -0.05153263 -0.01643498]
[-0.07240289 -0.05354398 -0.01609795]
[-0.07404663 -0.05773905 -0.01232888]
[-0.07389471 -0.05804556 -0.01069876]
[-0.05511651 -0.02421875  0.01002947]
[-0.05344983 -0.01928099  0.01084981]
[-0.05222156 -0.01449032  0.01181555]
[-0.0515341  -0.01056625  0.0125891 ]
[-0.05062627  0.00090152  0.01536372]
[-0.05041326  0.00399845  0.01660369]
[-0.05096803  0.00641143  0.01760793]
[-0.05177927  0.00886224  0.01903608]
[-0.05238895  0.01526689  0.02010977]
[-0.04971183  0.03213602  0.01810581]
[-0.04962171  0.0323926   0.01869958]
[-0.04991546  0.03254041  0.01946914]
[-0.04814027  0.03265569  0.02253976]
[-0.04635826  0.03104959  0.02524681]
[-0.04194378  0.0256368   0.0237111 ]
[-0.0441583   0.02514761  0.02508194]
[-0.04676497  0.0248754   0.02636042]
[-0.05068235  0.02536718  0.02608423]
[-0.05133064  0.02602727  0.02391142]
[-0.05258405  0.0258881   0.01538927]
[-0.05749539  0.02078233  0.00740783]
[-0.05970865  0.01995176  0.00725383]
[-0.0596917   0.01900555  0.00737385]
[-0.05744355  0.01794166  0.00771186]
[-0.05190543  0.01522389  0.0079716 ]
[-0.04838093  0.01174031  0.00668783]
[-0.04781951  0.00971288  0.00525954]
[-0.04268942  0.00517883  0.00185187]
[-0.02299746 -0.00176159 -0.00040644]
[-0.01753593 -0.00374322 -0.00046647]
[ 0.01103497 -0.01347431 -0.0073086 ]
[ 0.01943    -0.01551265 -0.00820285]
[ 0.02633876 -0.01757118 -0.00829393]
[ 0.03047252 -0.02004329 -0.00925939]
[ 0.04541867 -0.02914356 -0.00925261]
[ 0.05338619 -0.03186916 -0.00889109]
[ 0.06102425 -0.03370353 -0.00769803]
[ 0.09136595 -0.04137558 -0.00429471]
[ 0.10103223 -0.0419791  -0.00323786]
[ 0.12760738 -0.04375543  0.00294309]
[ 0.13235465 -0.04379885  0.00360208]
[ 0.13641829 -0.04397127  0.00408501]
[ 0.15167755 -0.04187042  0.0063484 ]
[ 0.15385488 -0.04144059  0.00734592]
[ 0.15556023 -0.04130727  0.00806241]
[ 0.156705   -0.0413322   0.00898944]
[ 0.15681559 -0.0410446   0.01176549]
[ 0.15634016 -0.04108362  0.01235335]
[ 0.15918169 -0.04241215  0.01475415]
[ 0.16040597 -0.04244562  0.01546326]
[ 0.1616414  -0.04235815  0.01612875]
[ 0.16308594 -0.04201822  0.01697792]
[ 0.16393003 -0.0418732   0.01785912]
[ 0.16380269 -0.04056151  0.01998921]
[ 0.16161061 -0.03851222  0.02111821]
[ 0.15979186 -0.0357645   0.02349228]
[ 0.15841082 -0.03337924  0.02698568]
[ 0.16497908 -0.00789643  0.11042912]
[0.16875736 0.00353591 0.13364053]
[0.18336711 0.01818647 0.17558493]
[0.18743837 0.01960948 0.18277217]
[0.19109664 0.02182343 0.18860547]
[0.1963845  0.03288751 0.20007302]
[0.19493139 0.03917931 0.20599563]
[0.19280577 0.0480369  0.21686296]
[0.19131694 0.05002224 0.21996759]
[0.19624368 0.0507448  0.22737046]
[0.1976316 0.0508832 0.2259822]
[0.1985142  0.05059585 0.22414751]
[0.19961593 0.04964059 0.22170901]
[0.19098372 0.05002272 0.20980719]
[0.19098372 0.05002272 0.20980719]
[0.18728135 0.04946803 0.2029089 ]
[0.18593538 0.04848663 0.20033467]
[0.18597222 0.04869012 0.2004412 ]
[0.18573642 0.04819607 0.20010434]
[0.18717167 0.03960214 0.19403173]
[0.18688229 0.03791985 0.19170931]
[0.18540127 0.03423003 0.18349609]
[0.17996187 0.02928082 0.1685562 ]
[0.17671347 0.02942276 0.15930836]
[0.16980506 0.02845936 0.14285611]
[0.15239818 0.02367287 0.11326334]
[0.14522496 0.01137661 0.08152855]
[0.14361996 0.00990804 0.07414443]
[0.14328546 0.00851468 0.07057441]
[0.14185262 0.00726258 0.06730275]
[0.14059455 0.0048566  0.06286995]
[0.13932065 0.00398939 0.06198371]
[ 0.13633931 -0.00176895  0.05711617]
[ 0.13359666 -0.00249312  0.05631326]
[ 0.13236353 -0.00263327  0.05637046]
[ 0.1306505  -0.0024037   0.05520796]
[ 0.12985626 -0.0021506   0.05414725]
[ 0.12906767 -0.00177232  0.05308361]
[ 0.12803794 -0.00138071  0.05239694]
[ 0.1275782  -0.00118794  0.05143024]
[ 0.12731061 -0.00180244  0.04759259]
[ 0.12670053 -0.00248997  0.04691696]
[ 0.12597541 -0.003147    0.04691799]
[ 0.12560595 -0.00379364  0.04696259]
[ 0.12530235 -0.00407228  0.04633152]
[ 0.12525878 -0.0035396   0.04589311]
[ 0.12438599 -0.00296263  0.04548994]
[ 0.12438599 -0.00296263  0.04548994]
[ 0.12284101 -0.00428517  0.0450264 ]
[ 0.12018431 -0.00612778  0.04040702]
[ 0.11931155 -0.00601332  0.04039073]
[ 0.11803002 -0.00665609  0.04036167]
[ 0.1176419  -0.00703978  0.04035705]
[ 0.11666114 -0.00769282  0.03919626]
[ 0.11568425 -0.0081994   0.03874577]
[ 0.11610047 -0.00987451  0.02410063]
[ 0.11699737 -0.01136553  0.01799882]
[ 0.11493397 -0.01182962  0.0150694 ]
[ 0.1081313  -0.01316766 -0.00040412]
[ 0.10692984 -0.01283056 -0.00847674]
[ 0.10453323 -0.01213134 -0.01573878]
[ 0.08868142 -0.01444852 -0.04314887]
[ 0.0847036  -0.01474569 -0.05243243]
[ 0.08151451 -0.01430718 -0.06169489]
[ 0.0738398  -0.01381553 -0.08289095]
[ 0.07201997 -0.01459052 -0.09265675]
[ 0.06936285 -0.01521392 -0.1145492 ]
[ 0.06688756 -0.01478713 -0.12587544]
[ 0.05670412 -0.01318296 -0.15980425]
[ 0.05670412 -0.01318296 -0.15980425]
[ 0.0548692  -0.01303739 -0.16998522]
[ 0.05336209 -0.01346948 -0.17906378]
[ 0.05196183 -0.0144773  -0.18826534]
[ 0.04917999 -0.01537234 -0.19779268]
[ 0.04491725 -0.01767543 -0.21363659]
[ 0.04736841 -0.02842467 -0.27023956]
[ 0.04751953 -0.02966059 -0.27413067]
[ 0.04766469 -0.03044645 -0.27785432]
[ 0.04807695 -0.03115938 -0.28169608]
[ 0.04930521 -0.03180268 -0.28543872]
[ 0.05129487 -0.0318532  -0.28852397]
[ 0.05281537 -0.03192539 -0.29725143]
[ 0.05254968 -0.03244682 -0.29827085]
[ 0.05197231 -0.03256966 -0.29926687]
[ 0.05127152 -0.0321027  -0.30382356]
[ 0.05057832 -0.03184441 -0.30586493]
[ 0.04939339 -0.03191214 -0.30558145]
[ 0.0476984  -0.03208086 -0.30426958]
[ 0.04526213 -0.03169368 -0.3006106 ]
[ 0.0442479  -0.03118031 -0.29856554]
[ 0.04391565 -0.0305884  -0.29670575]
[ 0.0431884  -0.03011024 -0.29409212]
[ 0.04295727 -0.02972426 -0.29154801]
[ 0.04292074 -0.02868982 -0.28820595]
[ 0.04728705 -0.02424012 -0.27309987]
[ 0.04491695 -0.02214475 -0.25994131]
[ 0.04402237 -0.02126726 -0.25394195]
[ 0.04357693 -0.02093622 -0.24904045]
[ 0.04557923 -0.01936869 -0.24094795]
[ 0.03680736 -0.01637086 -0.19459774]
[ 0.0377664  -0.01504138 -0.18908107]
[ 0.04089833 -0.01361509 -0.17929381]
[ 0.0431868  -0.01356161 -0.17335458]
[ 0.04537376 -0.01317421 -0.16269287]
[ 0.04665481 -0.01277869 -0.15639681]
[ 0.0564192  -0.01033993 -0.12663253]
[ 0.05804937 -0.00979314 -0.12231596]
[ 0.06145742 -0.00933057 -0.11777912]
[ 0.06657319 -0.00898559 -0.11313139]
[ 0.08046875 -0.00918812 -0.09921493]
[ 0.08901831 -0.00793182 -0.09222171]
[ 0.10978088 -0.00724394 -0.08128068]
[ 0.11553863 -0.00487432 -0.07986505]
[ 0.11739341 -0.00352077 -0.07982968]
[ 0.11910409 -0.00225751 -0.07974352]
[ 0.12127635 -0.00086778 -0.07929405]
[ 0.13068981  0.0110207  -0.07922588]
[ 0.1321129   0.01196957 -0.07693078]
[ 0.13477612  0.01321066 -0.07438324]
[ 0.13789008  0.01452275 -0.07124172]
[ 0.14389253  0.01789398 -0.06478997]
[ 0.14544154  0.01947438 -0.06150164]
[ 0.15083364  0.02542041 -0.04502955]
[ 0.15347472  0.02656504 -0.04112373]
[ 0.15539748  0.02756101 -0.03758895]
[ 0.1568423   0.02786668 -0.03447324]
[ 0.16412363  0.0281793  -0.02044478]
[ 0.16412363  0.0281793  -0.02044478]
[ 0.16392854  0.02832823 -0.01797899]
[ 0.1629811   0.02821702 -0.01572979]
[ 0.16054223  0.02761713 -0.00894385]
[ 0.15891183  0.02700557 -0.00385197]
[0.15722356 0.02636887 0.00144081]
[0.15432972 0.0263208  0.02103742]
[0.15275851 0.02668908 0.02563665]
[0.15053127 0.02674823 0.03058524]
[0.14271764 0.02508707 0.04572006]
[0.13921962 0.02413012 0.05100415]
[0.13270924 0.02349923 0.07093694]
[0.13685191 0.02353558 0.0994293 ]
[0.13765666 0.02315081 0.10457639]
[0.13814158 0.02333256 0.10804252]
[0.13797469 0.0238185  0.11159956]
[0.13712249 0.02428877 0.11152596]
[0.13983051 0.02731472 0.11021403]
[0.14016969 0.02725664 0.11078504]
[0.13999162 0.02526437 0.11454343]
[0.14020074 0.02540602 0.11446142]
[0.13990287 0.02315364 0.11158279]
[0.13996542 0.02314624 0.11104913]
[0.13964567 0.02341432 0.10988475]
[0.13751373 0.02094674 0.10572375]
[0.13708336 0.01848319 0.10463709]
[0.13709242 0.01764663 0.10387813]
[0.13730384 0.01713052 0.10334236]
[0.13715605 0.01620473 0.10396662]
[0.13722113 0.01531592 0.10418073]
[0.13697473 0.0141629  0.1040344 ]
[0.13658447 0.01329289 0.10360968]
[0.13569362 0.01292295 0.10213581]
[0.13487039 0.01313591 0.10097554]
[0.13411165 0.01343903 0.09968973]
[0.13317058 0.01368182 0.09825502]
[0.13243372 0.01418842 0.09603792]
[0.1322741  0.01428081 0.09537992]
[0.13804675 0.01220525 0.09361544]
[0.13804675 0.01220525 0.09361544]
[0.13923178 0.01186189 0.09440308]
[0.14134545 0.01022805 0.09726647]
[0.14158363 0.01004393 0.09822513]
[0.14159528 0.0100695  0.09890109]
[0.14075086 0.00987872 0.09926121]
[0.13639671 0.00755795 0.09878248]
[0.13414288 0.00715196 0.09899325]
[0.13325894 0.00719463 0.09883155]
[0.13567725 0.00755294 0.09729391]
[0.14261023 0.00365581 0.08780944]
[0.14123345 0.00372321 0.08597697]
[0.13970826 0.00471068 0.08637632]
[0.13684008 0.00581902 0.08770559]
[0.13269148 0.0063007  0.08875876]
[0.1245755  0.00533773 0.0899568 ]
[0.12003509 0.00307277 0.0901396 ]
[0.11874781 0.0022744  0.09012842]
[0.11761392 0.00166199 0.08924599]
[0.11596811 0.00140995 0.08816756]
[0.11440307 0.00112354 0.08655301]
[0.11244229 0.00075748 0.08513268]
[ 0.10820681 -0.00192804  0.07263302]
[ 0.10597528 -0.00639596  0.06606427]
[ 0.10430286 -0.00843624  0.06359445]
[ 0.10231153 -0.01010726  0.06184287]
[ 0.09820207 -0.01103684  0.05912599]
[ 0.09637172 -0.01236827  0.04976531]
[ 0.09637172 -0.01236827  0.04976531]
[ 0.09584506 -0.01283271  0.04880114]
[ 0.09518093 -0.01328453  0.04794134]
[ 0.09297662 -0.01448837  0.04350517]
[ 0.09153142 -0.01447367  0.04134611]
[ 0.09037801 -0.01409251  0.03917946]
[ 0.08776153 -0.01361553  0.03502382]
[ 0.08708944 -0.01359749  0.03324531]
[ 0.08618446 -0.01364193  0.03187825]
[ 0.0855963  -0.01354719  0.03066166]
[ 0.08520504 -0.01378982  0.02954949]
[ 0.08470944 -0.01402889  0.02885385]
[ 0.08243953 -0.01429204  0.02713429]
[ 0.08264728 -0.01332056  0.02634223]
[ 0.08263405 -0.01205781  0.02597087]
[ 0.0825259  -0.01075685  0.02594652]
[ 0.08156635 -0.00929747  0.02579994]
[ 0.08166944 -0.00876262  0.02348628]
[ 0.08166944 -0.00876262  0.02348628]
[ 0.0821122  -0.01079542  0.01835471]
[ 0.08179135 -0.01117096  0.01711675]
[ 0.08080109 -0.01142197  0.01417933]
[ 0.08058242 -0.01148355  0.01323014]
[ 0.07901982 -0.0119822   0.01072117]
[ 0.07901982 -0.0119822   0.01072117]
[ 0.07822048 -0.01216418  0.00949864]
[ 0.07669737 -0.01214005  0.00660918]
[ 0.07607057 -0.01217291  0.00595973]
[ 0.07446077 -0.01230357  0.0055495 ]
[ 0.07285721 -0.01169736  0.0054862 ]
[ 0.0715458  -0.01106256  0.0056519 ]
[ 0.06917294 -0.00882693  0.00562671]
[ 0.07154561 -0.00783732  0.00577003]
[ 0.07817203 -0.00716612  0.00757523]
[ 0.08090068 -0.00748026  0.00711048]
[ 0.08036943 -0.0085009   0.00652965]
[ 0.0747715  -0.01114477  0.00408309]
[ 0.07167717 -0.01250117  0.00365392]
[ 0.06771207 -0.01428707  0.00324591]
[ 0.06631327 -0.01416319  0.00272942]
[ 0.06605307 -0.01366397  0.00208662]
[ 0.06622811 -0.013333    0.0014687 ]
[ 0.06623927 -0.01303852  0.00112228]
[ 0.06604946 -0.01311576  0.00069224]
[ 0.06509662 -0.01317776  0.00073329]
[ 0.06287227 -0.01280666  0.00222544]
[ 0.06287227 -0.01280666  0.00222544]
[ 0.06132916 -0.01205684  0.00342918]
[ 0.05912518 -0.01115833  0.00468457]
[ 0.05536052 -0.00891733  0.00679192]
[ 0.05399274 -0.0078295   0.0072994 ]
[ 0.05332198 -0.00674665  0.00770406]
[ 0.05316866 -0.00434744  0.00834204]
[ 0.05316866 -0.00434744  0.00834204]
[ 0.05452936 -0.00208225  0.00824078]
[ 0.05713219 -0.0007004   0.00891951]
[ 6.22234106e-02 -8.49385906e-05  9.78838280e-03]
[0.07427197 0.00232603 0.01169319]
[0.08302421 0.00458661 0.00998222]
[0.08230755 0.00574166 0.01142526]
[0.07993064 0.00485023 0.0129292 ]
[0.07743668 0.00375535 0.01339881]
[0.07529183 0.00279038 0.01206968]
[0.07205226 0.00293973 0.0091055 ]
[0.07062713 0.00358399 0.00945919]
[0.06892968 0.00415549 0.00995366]
[0.06577527 0.00424664 0.01039468]
[0.05717724 0.00284853 0.01067221]
[0.0533871  0.00272502 0.01042272]
[0.05020761 0.00475461 0.00926773]
[0.04953294 0.00689953 0.01019084]
[0.05024759 0.00973416 0.00899882]
[0.04753397 0.00895463 0.00533541]
[0.04363357 0.00752698 0.00352446]
[0.03956091 0.00563002 0.00160692]
[ 0.03464589  0.00170436 -0.00227037]
[ 3.36669743e-02 -5.99049190e-06 -4.09878464e-03]
[ 0.03089139 -0.00356873 -0.00691101]
[ 0.02985362 -0.00580528 -0.0076483 ]
[ 0.02797048 -0.013626   -0.00701941]
[ 0.02647342 -0.01586444 -0.00608039]
[ 0.0225101  -0.01808989 -0.00501015]
[ 0.00948933 -0.02349763 -0.00221356]
[ 0.00344875 -0.02581753 -0.00077337]
[-0.00572864 -0.02818643  0.00420216]
[-0.00926946 -0.02861876  0.00701183]
[-0.01680128 -0.02931097  0.0106165 ]
[-0.01958231 -0.02997178  0.01176502]
[-0.02498474 -0.03188086  0.01348568]
[-0.03215062 -0.03445015  0.01583982]
[-0.04169684 -0.03398636  0.01697199]
[-0.05015523 -0.03170441  0.0155113 ]
[-0.05324187 -0.03112543  0.01511245]
[-0.05846439 -0.03050087  0.01684617]
[-0.06195475 -0.03012677  0.01795855]
[-0.06973284 -0.0284857   0.01931348]
[-0.07313688 -0.02694561  0.01994972]
[-0.07697543 -0.02291596  0.02122981]
[-0.07697543 -0.02291596  0.02122981]
[-0.07870978 -0.01834485  0.02426332]
[-0.08675364 -0.01421516  0.02481781]
[-0.09077345 -0.01142725  0.02545797]
[-0.09194104 -0.00875642  0.02611133]
[-0.09016599 -0.00533071  0.02849307]
[-0.0840518   0.00101041  0.03112346]
[-0.0825234   0.00371068  0.03229786]
[-0.0822731   0.00604698  0.0331226 ]
[-0.08182015  0.01039593  0.03505472]
[-0.08167087  0.01239432  0.03591116]
[-0.08139453  0.01547701  0.03655667]
[-0.08129165  0.01565521  0.03595275]
[-0.07989652  0.01445979  0.03316494]
[-0.07808225  0.01426746  0.03062047]
[-0.07622789  0.01421121  0.02863481]
[-0.07571034  0.01455809  0.02662873]
[-0.07801512  0.0149431   0.02315132]
[-0.0797246   0.01690048  0.01990189]
[-0.07771025  0.01996403  0.01788753]
[-0.07594109  0.02099714  0.01782575]
[-0.07365746  0.02165978  0.01798908]
[-0.07175974  0.02465097  0.01736807]
[-0.08768404  0.02697871  0.01699046]
[-0.09132642  0.02673437  0.01659643]
[-0.09177083  0.02737118  0.0151081 ]
[-0.08826015  0.02964043  0.01196875]
[-0.08374028  0.03205042  0.00960809]
[-0.07691684  0.0360907   0.00639404]
[-0.07500087  0.03774267  0.00573327]
[-0.07462573  0.0396175   0.00574808]
[-0.07439547  0.04136465  0.00645735]
[-0.07389216  0.04359027  0.00837348]
[-0.07275213  0.04712873  0.01149138]
[-0.0701476   0.06367081  0.01528008]
[-0.07166823  0.07814102  0.01493677]
[-0.07232705  0.08457353  0.01577466]
[-0.07194807  0.09048726  0.01829122]
[-0.07109365  0.09551102  0.02123604]
[-0.06953342  0.0991867   0.02408989]
[-0.06750499  0.10290243  0.0284411 ]
[-0.0658042   0.1013651   0.03076289]
[-0.06411187  0.09952812  0.03106712]
[-0.06312263  0.09782939  0.03073101]
[-0.06230083  0.09644805  0.03002482]
[-0.06060878  0.09445252  0.02766609]
[-0.05915365  0.09248984  0.02594031]
[-0.05208967  0.08528683  0.02144031]
[-0.04355364  0.0739328   0.01643202]
[-0.04005402  0.06653079  0.01365292]
[-0.03695861  0.05783097  0.01164792]
[-0.03457664  0.04790177  0.00953038]
[-0.0340116   0.03746445  0.00643204]
[-0.03295808  0.01799932  0.00067054]
[-0.03219729  0.00927386 -0.0023486 ]
[-0.03035208  0.00135023 -0.00539673]
[-0.02997202 -0.00629204 -0.0082542 ]
[-0.02896269 -0.01402513 -0.0118554 ]
[-0.02788021 -0.02942218 -0.01990105]
[-0.02699414 -0.0369825  -0.02305986]
[-0.02619808 -0.04492338 -0.02604438]
[-0.02547117 -0.05318698 -0.02829905]
[-0.0223657  -0.06831251 -0.03373396]
[-0.02187123 -0.07548141 -0.03611191]
[-0.02182909 -0.08142629 -0.03792098]
[-0.02353659 -0.0875655  -0.0390026 ]
[-0.02443218 -0.09324341 -0.04007905]
[-0.02470916 -0.10306877 -0.04051376]
[-0.02367867 -0.11078656 -0.0414189 ]
[-0.02336405 -0.11357059 -0.04123671]
[-0.02346117 -0.11602061 -0.04088432]
[-0.02099437 -0.11870791 -0.03969252]
[-0.01763704 -0.12022538 -0.03755897]
[-0.01733638 -0.11925182 -0.03558409]
[-0.01981598 -0.11780922 -0.03238837]
[-0.02178658 -0.11604606 -0.02851839]
[-0.02001558 -0.11254696 -0.02613062]
[-0.01106598 -0.10778089 -0.02461593]
[-0.00566317 -0.10480585 -0.02115523]
[ 0.00451843 -0.0982971  -0.01321113]
[ 0.00925565 -0.0947137  -0.0099869 ]
[ 0.01327332 -0.09092449 -0.00644828]
[ 0.0168673  -0.08743321 -0.00362117]
[ 0.02199168 -0.08032183  0.00186929]
[ 0.02543611 -0.0692473   0.00916029]
[ 0.02607315 -0.06381836  0.01368619]
[ 0.03010119 -0.05444753  0.0201098 ]
[ 0.034021   -0.05064292  0.02245616]
[ 0.04286337 -0.04433651  0.02406817]
[ 0.04770776 -0.04215422  0.02527229]
[ 0.05586343 -0.03744079  0.02728622]
[ 0.06201715 -0.03172752  0.02801018]
[ 0.06551017 -0.02868647  0.02897085]
[ 0.06832569 -0.02565456  0.02963833]
[ 0.07135536 -0.02198196  0.03061745]
[ 0.07959192 -0.01501033  0.03329255]
[ 0.08396796 -0.01194433  0.03449531]
[ 0.09294755 -0.00625631  0.03657252]
[ 0.09696808 -0.0036923   0.03766965]
[ 0.10022826 -0.00135796  0.03805482]
[0.10593975 0.0026351  0.03870684]
[0.11177266 0.00533186 0.03883638]
[0.12254689 0.0100232  0.0375875 ]
[0.1254378  0.01141213 0.03674662]
[0.12773675 0.0122603  0.03613004]
[0.13197399 0.01519288 0.03379379]
[0.13657693 0.01705182 0.03211527]
[0.1430522  0.01738548 0.0328953 ]
[0.14647318 0.01823014 0.03379529]
[0.14982477 0.01948091 0.03494539]
[0.15214661 0.02072779 0.03578071]
[0.15384782 0.02196697 0.03643434]
[0.15598122 0.02307375 0.03765562]
[0.15674008 0.02318204 0.03809215]
[0.15922079 0.02278635 0.03776438]
[0.16205541 0.0234137  0.03698165]
[0.16379613 0.02420044 0.03708866]
[0.16557405 0.02505372 0.03720624]
[0.16800443 0.02759452 0.03794768]
[0.16822297 0.0290736  0.03842632]
[0.16737319 0.03337006 0.03875142]
[0.1668509  0.03550046 0.03864412]
[0.1664748  0.03790562 0.03865647]
[0.1661923  0.04026146 0.03858097]
[0.16521323 0.04260922 0.03874336]
[0.163737   0.04722802 0.03828568]
[0.16343496 0.04831983 0.03787425]
[0.16412128 0.04930913 0.03829544]
[0.1651255  0.05065385 0.03930614]
[0.16773108 0.05306074 0.04090427]
[0.16943038 0.05391062 0.04084553]
[0.17077244 0.05429361 0.04051814]
[0.17309648 0.05521752 0.04082331]
[0.17291996 0.05481563 0.04139695]
[0.17291996 0.05481563 0.04139695]
[0.1732865  0.05273083 0.03995435]
[0.1732865  0.05273083 0.03995435]
[0.17451016 0.05294706 0.0385474 ]
[0.17554266 0.05284703 0.03755765]
[0.17582414 0.05276765 0.03708985]
[0.17522538 0.0526016  0.03741657]
[0.17391641 0.0526938  0.03752453]
[0.17372949 0.05248225 0.03628255]
[0.17332253 0.05407492 0.03566737]
[0.17179081 0.05538021 0.03485014]
[0.16797546 0.05626418 0.03344763]
[0.16663781 0.05526468 0.03293461]
[0.16564704 0.05299566 0.0329245 ]
[0.16547007 0.04952888 0.03277224]
[0.16429631 0.04340054 0.03248342]
[0.16363097 0.04064495 0.03273327]
[0.16184515 0.03810918 0.0329248 ]
[0.1596928  0.03554128 0.03263511]
[0.15654147 0.03046215 0.03230048]
[0.15439672 0.02796793 0.0320854 ]
[0.15238754 0.02481943 0.03197877]
[0.14677817 0.0179706  0.03212871]
[0.14677817 0.0179706  0.03212871]
[0.14432288 0.01411854 0.0324741 ]
[0.14096869 0.00751643 0.0326032 ]
[0.14002547 0.00463785 0.03334411]
[0.13987923 0.00231918 0.03451555]
[ 0.14098877 -0.00232092  0.03814037]
[ 0.14166946 -0.004498    0.03945386]
[ 0.14340214 -0.00792532  0.04159616]
[ 0.14410222 -0.00914052  0.04286258]
[ 0.14494584 -0.01042438  0.04634814]
[ 0.14505038 -0.0102778   0.05137976]
[ 0.14691941 -0.00945215  0.05634572]
[ 0.15071563 -0.00800209  0.06336218]
[ 0.15402565 -0.00661694  0.0704488 ]
[ 0.15992511 -0.0045017   0.08817028]
[ 0.16077352 -0.00170468  0.10867356]
[0.16178534 0.00057704 0.11933248]
[0.16360713 0.00285104 0.13562882]
[0.16456876 0.00414554 0.14153165]
[0.16546196 0.00481211 0.14611295]
[0.1665476  0.00497036 0.1501504 ]
[0.16974527 0.0029122  0.15646404]
[0.1710707  0.00151418 0.15911938]
[0.17256934 0.00096283 0.16122839]
[0.17349235 0.00154966 0.16320732]
[0.17390255 0.00290191 0.16442105]
[0.17450089 0.00481604 0.16466793]
[0.17430184 0.00606325 0.1643876 ]
[0.1748879  0.00697196 0.16365097]
[0.17529664 0.00661195 0.16345848]
[0.17529664 0.00661195 0.16345848]
[0.17767522 0.00251972 0.15760107]
[0.17993442 0.00058404 0.15219223]
[ 0.18272308 -0.00061521  0.1447714 ]
[ 0.18369485 -0.00134858  0.14058091]
[ 0.18451647 -0.00212067  0.1356885 ]
[0.18459508 0.00018555 0.1210335 ]
[0.18029461 0.00788181 0.09558439]
[0.17025766 0.01296348 0.06636721]
[0.16872633 0.01418831 0.05495522]
[0.17043546 0.01373677 0.03617225]
[0.17043546 0.01373677 0.03617225]
[0.17173982 0.01044066 0.02374865]
[0.17182166 0.00553478 0.01543781]
[0.17200524 0.00313911 0.01258364]
[0.17300738 0.00060966 0.01013375]
[ 0.17263708 -0.00196765  0.0081858 ]
[ 0.17330319 -0.00380781  0.00584865]
[ 0.17464504 -0.00567819  0.00355331]
[ 0.17533714 -0.00876229 -0.00250643]
[ 0.17327881 -0.01278098 -0.01412176]
[ 0.1723488  -0.01413467 -0.02301418]
[ 0.17068717 -0.01436818 -0.03228385]
[ 0.16824502 -0.01447077 -0.04177399]
[ 0.16628415 -0.01618964 -0.04964116]
[ 0.16473202 -0.02141111 -0.06894737]
[ 0.16490803 -0.02389992 -0.07825715]
[ 0.16416583 -0.02539627 -0.08611235]
[ 0.16169766 -0.02810109 -0.1000516 ]
[ 0.16031397 -0.03048703 -0.10581265]
[ 0.1583491  -0.03278879 -0.11041693]
[ 0.15265337 -0.03620007 -0.11577158]
[ 0.1448432  -0.03731605 -0.11490809]
[ 0.14028749 -0.03864224 -0.11408843]
[ 0.12424592 -0.043437   -0.11551712]
[ 0.11283816 -0.04696908 -0.11791237]
[ 0.11283816 -0.04696908 -0.11791237]
[ 0.09983472 -0.04952707 -0.12008503]
[ 0.08771802 -0.05346297 -0.12298991]
[ 0.05803231 -0.06350514 -0.12663528]
[ 0.04605295 -0.06825146 -0.12978415]
[ 0.03634175 -0.07123987 -0.131862  ]
[ 0.00979198 -0.07738195 -0.13216536]
[ 0.00117812 -0.07831333 -0.13202591]
[-0.00671408 -0.0797992  -0.13180515]
[-0.01413082 -0.07988413 -0.13319421]
[-0.02207606 -0.07883422 -0.13709208]
[-0.02832952 -0.07797723 -0.14000471]
[-0.0383844  -0.07720239 -0.14482935]
[-0.04658894 -0.07776065 -0.14655699]
[-0.05040771 -0.07792168 -0.14756541]
[-0.05402288 -0.07801823 -0.14881431]
[-0.05719721 -0.07781067 -0.1503671 ]
[-0.06071362 -0.07800017 -0.15131989]
[-0.06439877 -0.07751568 -0.15194923]
[-0.07033021 -0.07629697 -0.15170671]
[-0.07364108 -0.07444461 -0.14904846]
[-0.07402643 -0.0736246  -0.14666347]
[-0.0747039  -0.07330696 -0.14384338]
[-0.07930339 -0.07062894 -0.13427736]
[-0.08252741 -0.06867231 -0.13066779]
[-0.08576989 -0.06457354 -0.12055403]
[-0.08576989 -0.06457354 -0.12055403]
[-0.08655469 -0.06203725 -0.11613148]
[-0.08805161 -0.0588469  -0.11270411]
[-0.08871191 -0.05747047 -0.11152203]
[-0.08757029 -0.05370408 -0.10882173]
[-0.08757029 -0.05370408 -0.10882173]
[-0.08695289 -0.05322545 -0.10691769]
[-0.08450897 -0.05353106 -0.10236221]
[-0.08348077 -0.05302667 -0.10091011]
[-0.08250494 -0.05175328 -0.10054447]
[-0.08166754 -0.05025519 -0.10103507]
[-0.08107986 -0.04741061 -0.10370538]
[-0.08137299 -0.04662349 -0.10473741]
[-0.08213863 -0.04496254 -0.10643592]
[-0.08065872 -0.04444878 -0.10630164]
[-0.07471392 -0.04360949 -0.10550648]
[-0.07203116 -0.04323101 -0.104548  ]
[-0.07029205 -0.04290005 -0.10420944]
[-0.0690941  -0.04266163 -0.10430203]
[-0.06806395 -0.0423058  -0.10447188]
[-0.06607864 -0.04289778 -0.10592178]
[-0.06417404 -0.04385071 -0.10717484]
[-0.06393536 -0.04390191 -0.10778973]
[-0.06369887 -0.04399008 -0.10797326]
[-0.06542745 -0.04433246 -0.1074069 ]
[-0.06629153 -0.04462345 -0.10669561]
[-0.06717539 -0.0448435  -0.1059211 ]
[-0.06787187 -0.04512184 -0.10527249]
[-0.06881862 -0.04512761 -0.10485228]
[-0.06876727 -0.04515482 -0.10489986]
[-0.06648383 -0.0451118  -0.10426135]
[-0.06637108 -0.04444871 -0.10473431]
[-0.06430369 -0.04024693 -0.11105935]
[-0.06392834 -0.03745367 -0.11320421]
[-0.06185412 -0.03532687 -0.11365153]
[-0.06145498 -0.03423124 -0.11139727]
[-0.06145521 -0.03261629 -0.10302605]
[-0.06152713 -0.03244238 -0.09698161]
[-0.05770086 -0.0308206  -0.08234401]
[-0.0546074  -0.02922012 -0.07495322]
[-0.05301491 -0.02686304 -0.06779967]
[-0.04541336 -0.01875509 -0.04496872]
[-0.0433081  -0.01687608 -0.03734862]
[-0.03866652 -0.00665548 -0.0040402 ]
[-0.03476016 -0.00457388  0.0043493 ]
[-2.69591749e-02 -2.95132122e-05  2.42531467e-02]
[-0.02432994  0.00212655  0.03542291]
[-0.02261242  0.00672287  0.0584379 ]
[-0.02175943  0.00824407  0.07101816]
[-0.02052929  0.01001053  0.08478864]
[-0.01526741  0.01576732  0.11488277]
[-0.0132825   0.01919786  0.12824138]
[-0.01183377  0.02231986  0.14206807]
[-0.0127477   0.02495335  0.15470374]
[-0.01610326  0.03060582  0.17509349]
[-0.01719286  0.03400154  0.18335198]
[-0.01786294  0.03743825  0.19051577]
[-0.01861804  0.04276971  0.20178318]
[-0.01933072  0.04436655  0.20591417]
[-0.02080991  0.04574317  0.21104264]
[-0.02216863  0.0473754   0.21182203]
[-0.02357193  0.04856637  0.21188128]
[-0.02493202  0.04944813  0.21172589]
[-0.02568903  0.04780516  0.21027675]
[-0.02593403  0.04721753  0.21006218]
[-0.02651288  0.04679813  0.20809042]
[-0.02582384  0.04748664  0.20724361]
[-0.02535074  0.04782594  0.20636076]
[-0.02488033  0.04747357  0.20544367]
[-0.02472013  0.04702413  0.20508742]
[-0.0246752   0.04604748  0.20416349]
[-0.01842886  0.04313104  0.19995312]
[-0.0116004   0.03914999  0.1981004 ]
[-0.00413107  0.03667278  0.19619606]
[0.00381566 0.03249994 0.1921066 ]
[0.00347503 0.03179532 0.18847506]
[0.00166645 0.03120333 0.18510568]
[-0.00021222  0.03134994  0.18169565]
[-0.00321978  0.03179943  0.17877619]
[-0.00569192  0.03235592  0.17700249]
[-0.01459297  0.03185344  0.17359708]
[-0.01883558  0.0308354   0.17075695]
[-0.02361768  0.02923603  0.16635752]
[-0.02711685  0.02439028  0.15412261]
[-0.02686627  0.02227788  0.14870045]
[-0.0187685   0.01509728  0.13878807]
[-0.0187685   0.01509728  0.13878807]
[-0.01558464  0.01090107  0.13641967]
[-0.01561917  0.00965013  0.13609527]
[-0.01645189  0.00831303  0.13571505]
[-0.01602868  0.00678368  0.13571402]
[-0.01526947  0.00560315  0.13519828]
[-0.01312367  0.00390079  0.13426669]
[-0.0068804   0.0009632   0.13493523]
[-0.00366115 -0.00062034  0.13535731]
[-0.0006691  -0.00166533  0.1362824 ]
[ 0.00214205 -0.00267752  0.13728082]
[ 0.00480992 -0.00383007  0.13870899]
[ 0.00744443 -0.00529823  0.14203794]
[ 0.00611805 -0.00491307  0.14148694]
[ 0.00444396 -0.00412323  0.14182259]
[ 0.00375993 -0.00345883  0.14246304]
[ 0.00259933 -0.00302666  0.14215681]
[ 0.0029544  -0.00351668  0.14075595]
[ 0.01223282 -0.0079358   0.13178022]
[ 0.01637993 -0.00920833  0.12621707]
[ 0.02238547 -0.01097512  0.11669595]
[ 0.02444605 -0.01115259  0.11113868]
[ 0.0310694  -0.01351987  0.09349419]
[ 0.03249032 -0.0164126   0.083724  ]
[ 0.02818804 -0.01991864  0.06360805]
[ 0.02339405 -0.02076082  0.04367911]
[ 0.02351978 -0.02085406  0.03558129]
[ 0.02398706 -0.02164026  0.02841678]
[ 0.02317952 -0.02468759  0.01584801]
[ 0.0229618  -0.02651628  0.0104516 ]
[ 0.02335963 -0.02857506  0.00446636]
[ 0.02600612 -0.03197474 -0.00661441]
[ 0.03019699 -0.03439703 -0.0206432 ]
[ 0.03351564 -0.03599144 -0.0346541 ]
[ 0.03460897 -0.03772682 -0.04233136]
[ 0.03197714 -0.04013502 -0.04872024]
[ 0.02547198 -0.0414124  -0.05593376]
[ 0.02091553 -0.04265599 -0.07678757]
[ 0.01760878 -0.0447694  -0.09762511]
[ 0.01392291 -0.04404111 -0.10707418]
[ 0.00797441 -0.0431027  -0.11613255]
[-0.00349587 -0.03958591 -0.13385972]
[-0.00841243 -0.03960881 -0.14142123]
[-0.01204189 -0.03918624 -0.14783728]
[-0.01417937 -0.03952618 -0.15366264]
[-0.01547014 -0.04051866 -0.15806463]
[-0.01623712 -0.04109664 -0.16342002]
[-0.01654486 -0.04301353 -0.16548601]
[-0.0168776  -0.04485286 -0.16579749]
[-0.0168699  -0.04678009 -0.1658186 ]
[-0.01898662 -0.04946791 -0.16431171]
[-0.02031575 -0.05018982 -0.16299652]
[-0.02207225 -0.05054214 -0.16115052]
[-0.02305379 -0.05066245 -0.15900838]
[-0.02329704 -0.05033746 -0.15682098]
[-0.02317543 -0.04853558 -0.15260272]
[-0.02271802 -0.04745791 -0.1501049 ]
[-0.02197405 -0.04695087 -0.14694038]
[-0.02129679 -0.04695973 -0.14382298]
[-0.01975077 -0.04769187 -0.14267501]
[-0.00915729 -0.04752487 -0.14143796]
[-0.00596666 -0.0456394  -0.13270545]
[-0.00409476 -0.04241697 -0.11723595]
[ 0.01100606 -0.03229314 -0.06719578]
[ 0.01100606 -0.03229314 -0.06719578]
[ 0.01308694 -0.03123501 -0.04769015]
[ 0.00634675 -0.0269601   0.03118427]
[ 0.00599647 -0.02329896  0.05359783]
[ 0.00884434 -0.01680556  0.0845525 ]
[ 0.01111417 -0.01353617  0.09754926]
[ 0.01398799 -0.00978034  0.11001714]
[ 0.0152627  -0.00218281  0.12785436]
[0.01712639 0.00119261 0.13386951]
[0.01836384 0.0052411  0.13949469]
[0.01949497 0.00925258 0.14332265]
[0.02344561 0.01558956 0.14763564]
[0.0261162  0.01789785 0.14900599]
[0.03041837 0.01953254 0.15091738]
[0.03698789 0.02273813 0.154276  ]
[0.04011529 0.02462483 0.15555814]
[0.04736573 0.02804955 0.15831004]
[0.05278399 0.02980597 0.15957534]
[0.06319062 0.03313508 0.16079095]
[0.07087058 0.03635542 0.16197601]
[0.0744623  0.03813403 0.16325805]
[0.07873527 0.03890507 0.16469941]
[0.08699805 0.03942013 0.16665749]
[0.09102984 0.03967079 0.16700493]
[0.09934265 0.04102075 0.16840112]
[0.10302419 0.04147619 0.16903874]
[0.11060969 0.04256416 0.17085418]
[0.11808974 0.04368452 0.17189403]
[0.12195752 0.04405979 0.17202972]
[0.1250062  0.04430985 0.1720054 ]
[0.13063092 0.04401823 0.17234495]
[0.13571406 0.04372713 0.17155628]
[0.13592509 0.04415457 0.17067555]
[0.13564292 0.04470075 0.16845934]
[0.13594813 0.04403677 0.16457929]
[0.13642294 0.04244894 0.15864825]
[0.13767928 0.04191348 0.15273339]
[0.13800023 0.04117024 0.1480588 ]
[0.13782943 0.04187993 0.14346285]
[0.13544047 0.04250717 0.1416911 ]
[0.13288704 0.04342709 0.1398502 ]
[0.13033558 0.04437055 0.13748427]
[0.12777633 0.04452912 0.13479818]
[0.12497897 0.04424025 0.13285561]
[0.11754016 0.04289227 0.12841348]
[0.11417843 0.04203028 0.12580061]
[0.11147878 0.04141255 0.1225104 ]
[0.10809503 0.04111122 0.11707199]
[0.10525156 0.04030077 0.11255106]
[0.1042353  0.03860702 0.10966446]
[0.10341362 0.03630428 0.10579821]
[0.10264457 0.03116156 0.09787932]
[0.10236046 0.02871048 0.09422807]
[0.10234249 0.02625462 0.09153406]
[0.10134334 0.02419576 0.08875141]
[0.10030887 0.02190162 0.08500532]
[0.09833322 0.01986272 0.08141113]
[0.09225104 0.01621664 0.07265116]
[0.09016567 0.01435891 0.06816818]
[0.08814684 0.01247555 0.06295612]
[0.08516117 0.00833356 0.05636028]
[0.08516117 0.00833356 0.05636028]
[0.08630439 0.00653173 0.05331899]
[0.09031158 0.00197466 0.04506427]
[ 9.01969433e-02 -3.54417643e-05  4.21531573e-02]
[ 0.08768345 -0.00134136  0.03891222]
[ 0.08324797 -0.00382784  0.03620985]
[ 0.07278121 -0.00982983  0.02966104]
[ 0.06791902 -0.01413704  0.02729943]
[ 0.06301161 -0.01761954  0.02536215]
[ 0.05851748 -0.02072625  0.02317008]
[ 0.05472941 -0.02333812  0.02237117]
[ 0.049867   -0.02733636  0.02007572]
[ 0.04818355 -0.02961968  0.01870816]
[ 0.04553141 -0.03175978  0.01764655]
[ 0.04272964 -0.03412919  0.01647525]
[ 0.03554154 -0.03975492  0.01536431]
[ 0.03264036 -0.04270449  0.01461645]
[ 0.02959441 -0.04582851  0.01411515]
[ 0.02578594 -0.04918452  0.01343905]
[ 0.02070583 -0.05257772  0.01216877]
[ 0.01586921 -0.05555565  0.01018018]
[ 0.01117436 -0.05854279  0.00831607]
[ 0.00231813 -0.06332619  0.00497903]
[-0.00606711 -0.06623271  0.00357311]
[-0.00993315 -0.06699819  0.0030786 ]
[-0.01314635 -0.06740822  0.00222224]
[-0.01877827 -0.06580935  0.00080036]
[-0.01952062 -0.06405971  0.00147886]
[-0.01943686 -0.06198051  0.00224304]
[-0.01758536 -0.05862224  0.00463056]
[-0.01531925 -0.05411741  0.0066312 ]
[-0.01228836 -0.04517112  0.0116177 ]
[-0.01150712 -0.03755687  0.01498815]
[-0.01196983 -0.03494275  0.0156145 ]
[-0.01174996 -0.03277031  0.01582612]
[-0.01586902 -0.02613098  0.02032938]
[-0.0183334  -0.02363731  0.0216499 ]
[-0.02062149 -0.02157446  0.02220665]
[-0.02513146 -0.01924295  0.02261204]
[-0.02693757 -0.01850012  0.02345196]
[-0.02856337 -0.01766849  0.02358869]
[-0.03120718 -0.01739402  0.02360757]
[-0.03280483 -0.01819708  0.02301059]
[-0.03718856 -0.0223177   0.02391395]
[-0.0387504  -0.02469239  0.02487609]
[-0.04188641 -0.0287486   0.026443  ]
[-0.04374277 -0.03022389  0.02680664]
[-0.04771759 -0.03260222  0.02543894]
[-0.0490055  -0.03391669  0.02377895]
[-0.05047333 -0.03552939  0.02189008]
[-0.05170293 -0.03840174  0.02010236]
[-0.05366702 -0.04863236  0.01809359]
[-0.0550817  -0.06011853  0.01648407]
[-0.0553587  -0.06503474  0.0160551 ]
[-0.05614342 -0.06905578  0.01575408]
[-0.05968923 -0.07526717  0.01519862]
[-0.06202817 -0.07843837  0.01352792]
[-0.06056944 -0.07952395  0.01271847]
[-0.05852237 -0.08047624  0.01205062]
[-0.05225097 -0.07941835  0.00900414]
[-0.05120465 -0.07870547  0.00812133]
[-0.05051819 -0.07827324  0.00740442]
[-0.0478923  -0.07711468  0.00719957]
[-0.04666308 -0.0761061   0.00736777]
[-0.04533461 -0.07417461  0.00757835]
[-0.04464226 -0.07203266  0.00777044]
[-0.04071732 -0.0668278   0.00738148]
[-0.03660312 -0.06117164  0.00384334]
[-0.03584573 -0.058555    0.0020311 ]
[-0.03556309 -0.05627508  0.00021855]
[-0.03576879 -0.0532833  -0.00115502]
[-0.03654376 -0.05247584 -0.00189729]
[-0.03776245 -0.05246684 -0.00232925]
[-0.04039829 -0.05439829 -0.00407991]
[-0.04118584 -0.05511848 -0.00460411]
[-0.04195229 -0.05578344 -0.00496144]
[-0.04172731 -0.05549647 -0.00534246]
[-0.03894194 -0.05249709 -0.009027  ]
[-0.0380586  -0.04992372 -0.01143489]
[-0.03818318 -0.04739007 -0.01374072]
[-0.03881798 -0.04204235 -0.01770938]
[-0.03877755 -0.03893824 -0.01949907]
[-0.03705518 -0.03399988 -0.02249093]
[-0.03654362 -0.03201707 -0.02247723]
[-0.03601529 -0.03120102 -0.02249587]
[-0.03550315 -0.03033405 -0.02083084]
[-0.03621748 -0.02861446 -0.01732513]
[-0.03681597 -0.02731756 -0.0154695 ]
[-0.03722378 -0.0251981  -0.01328461]
[-0.03748849 -0.02374527 -0.01289453]
[-0.03696587 -0.02052939 -0.01276576]
[-0.03656685 -0.01878791 -0.01298761]
[-0.03541563 -0.01726966 -0.01296012]
[-0.03520225 -0.01612602 -0.01306651]
[-0.03416671 -0.01585442 -0.01247021]
[-0.03416671 -0.01585442 -0.01247021]
[-0.03338997 -0.01643828 -0.01190943]
[-0.03313194 -0.0167903  -0.01119494]
[-0.03287967 -0.0171755  -0.01047558]
[-0.03287337 -0.01729254 -0.01012562]
[-0.03410106 -0.01651403 -0.01033058]
[-0.0346681  -0.01576561 -0.01116006]
[-0.0353799  -0.01510667 -0.01228026]
[-0.0365353  -0.01453824 -0.01360073]
[-0.03884761 -0.0145249  -0.01482327]
[-0.03913844 -0.01476358 -0.01404991]
[-0.03879952 -0.01554012 -0.01288821]
[-0.03740226 -0.01666428 -0.01184894]
[-0.03555735 -0.01839384 -0.00979124]
[-0.03682235 -0.01821654 -0.00782349]
[-0.03877683 -0.01737468 -0.00698294]
[-0.04030077 -0.01192974 -0.00487075]
[-0.04103636 -0.01151211 -0.00385821]
[-0.04206916 -0.01150867 -0.002743  ]
[-0.04443637 -0.01180219 -0.00120629]
[-0.04508655 -0.01084283 -0.00041105]
[-0.04576564 -0.00986972 -0.00093704]
[-0.04718658 -0.00710057 -0.00157996]
[-0.04728076 -0.00721651 -0.00054759]
[-0.04815229 -0.00599536  0.00064498]
[-0.04770503 -0.0049619   0.00104844]
[-0.04773979 -0.00384215  0.00062561]

程序已被终止，正在关闭套接字...
套接字已关闭。
