[-0.19045092  0.03479405 -0.03810845]
[-0.15849893  0.04584939 -0.03340191]
[-0.16404259  0.03515865 -0.03803994]
[-0.17182366  0.0270924  -0.04662701]
[-0.17431549  0.02806263 -0.04674577]
[-0.17734574  0.02894724 -0.04598083]
[-0.17979054  0.02943985 -0.04475179]
[-0.18358335  0.02994229 -0.04137486]
[-0.18362152  0.0303081  -0.04062979]
[-0.18264289  0.0307674  -0.04004301]
[-0.18151479  0.03123859 -0.03912782]
[-0.18105476  0.0306727  -0.03758267]
[-0.1822669   0.02996636 -0.03598748]
[-0.18275968  0.03095388 -0.03447603]
[-0.18329998  0.03118457 -0.03000506]
[-0.18344313  0.02978783 -0.02406929]
[-0.18303749  0.0298611  -0.02290127]
[-0.1831377   0.03040816 -0.02142304]
[-0.18321577  0.03050225 -0.01898839]
[-0.19493545  0.03012149 -0.00945097]
[-0.1988069   0.02952649 -0.00564053]
[-0.19350317  0.0335576   0.0031826 ]
[-0.19350317  0.0335576   0.0031826 ]
[-0.18595031  0.03406096  0.00267227]
[-0.17927359  0.03468632  0.00256569]
[-0.17503849  0.03505575  0.00180757]
[-0.17195264  0.03500307  0.0018384 ]
[-0.15719216  0.03642867  0.00546847]
[-0.15313495  0.03727535  0.0068882 ]
[-0.1494255   0.03809972  0.00786032]
[-0.1469686   0.03873869  0.00834241]
[-0.13561259  0.04376667  0.01193813]
[-0.13561259  0.04376667  0.01193813]
[-0.13391132  0.04508548  0.01265258]
[-0.13194036  0.04613167  0.0136775 ]
[-0.12560665  0.04862593  0.01569071]
[-0.1207162   0.04963568  0.01704564]
[-0.11024575  0.05176902  0.01895993]
[-0.09910834  0.05513617  0.01834441]
[-0.09599718  0.0560877   0.0173819 ]
[-0.0921922  0.0566413  0.0164993]
[-0.08777787  0.05669232  0.01606022]
[-0.07733861  0.0552728   0.01720145]
[-0.0708288   0.05469923  0.01853004]
[-0.06407692  0.05377951  0.02046574]
[-0.05077259  0.05157498  0.02293597]
[-0.03049768  0.04801406  0.02944188]
[0.01489464 0.04321728 0.02950474]
[0.0329676  0.04133275 0.02990902]
[0.04049016 0.04086827 0.03257291]
[0.04769041 0.04004275 0.03473707]
[0.06470897 0.03774148 0.03655061]
[0.11721308 0.0295668  0.03828217]
[0.12521399 0.0295187  0.0397146 ]
[0.1304383  0.02895697 0.04070636]
[0.13501096 0.02823063 0.04152744]
[0.13943411 0.02733897 0.04283802]
[0.15609381 0.02327383 0.04652907]
[0.15503526 0.0239961  0.04563693]
[0.15452916 0.0248143  0.04506151]
[0.15374888 0.02550725 0.04464482]
[0.15166414 0.0266766  0.04365604]
[0.14849315 0.02761147 0.04311151]
[0.1456129  0.02820591 0.04235981]
[0.14333806 0.02858018 0.04180441]
[0.13828341 0.03063529 0.04215023]
[0.13598148 0.03197878 0.04316776]
[0.13287438 0.03336687 0.04410262]
[0.12595592 0.03567611 0.05038805]
[0.12465317 0.03664187 0.05318475]
[0.12373439 0.03781676 0.05597965]
[0.12271909 0.04028798 0.05984011]
[0.12448258 0.04084084 0.06134569]
[0.12599955 0.04085417 0.06223178]
[0.12766141 0.04090898 0.06327785]
[0.12924007 0.04114564 0.06453764]
[0.13138998 0.04190475 0.0663121 ]
[0.13166977 0.04214139 0.0666435 ]
[0.13118399 0.04214616 0.06699195]
[0.13058073 0.04205519 0.06761063]
[0.130496   0.04089419 0.06893543]
[0.13181717 0.04022367 0.06982623]
[0.13312218 0.03952132 0.07068558]
[0.13410196 0.03830319 0.07195234]
[0.13139201 0.03826858 0.07419194]
[0.13224874 0.03908072 0.0761226 ]
[0.13247225 0.03983745 0.07699876]
[0.13223109 0.04040466 0.07846381]
[0.13126183 0.04085256 0.08254549]
[0.13050098 0.04108946 0.08410471]
[0.1304063  0.04548143 0.09202474]
[0.13074747 0.04729085 0.09954911]
[0.13017884 0.04796187 0.10474467]
[0.12870148 0.04821523 0.11118954]
[0.12375278 0.04979644 0.12486615]
[0.12173242 0.0511735  0.13163877]
[0.1147796  0.05805456 0.1610885 ]
[0.11165062 0.06002242 0.16844961]
[0.10654295 0.0596656  0.1804024 ]
[0.10341123 0.05920315 0.1861164 ]
[0.10182366 0.05899568 0.1886287 ]
[0.10080875 0.05858688 0.19117334]
[0.09968751 0.05762311 0.19785447]
[0.09808735 0.0589452  0.20178288]
[0.09664177 0.05966599 0.20339948]
[0.09344458 0.05952611 0.20532089]
[0.09210037 0.05902033 0.20557633]
[0.09152865 0.05777538 0.20708451]
[0.10977468 0.05225979 0.20206864]
[0.11010355 0.05224762 0.20156208]
[0.11073483 0.05179062 0.2009249 ]
[0.10996992 0.05094539 0.20047911]
[0.10996992 0.05094539 0.20047911]
[0.10926119 0.05000662 0.20032138]
[0.10907207 0.04898546 0.19984153]
[0.10832576 0.04768181 0.19784456]
[0.1073095  0.04727411 0.19675304]
[0.10540912 0.04643436 0.19532032]
[0.10339139 0.04531547 0.19378617]
[0.10152674 0.04454832 0.19191413]
[0.09725223 0.04236622 0.1830115 ]
[0.09539784 0.04095422 0.17963664]
[0.09270122 0.03934179 0.17602313]
[0.08927054 0.03783281 0.1720486 ]
[0.06405806 0.02585762 0.13455506]
[0.0634046  0.02466328 0.12991531]
[0.06286836 0.02357489 0.12563576]
[0.06151523 0.02159195 0.11800005]
[0.05942037 0.01985748 0.11472449]
[0.04835985 0.01538805 0.09920605]
[0.04921619 0.01510655 0.0948154 ]
[0.05035481 0.01515386 0.09004441]
[0.04898298 0.01249248 0.06267629]
[0.0489208  0.00756096 0.03941286]
[0.04933599 0.00529329 0.03378434]
[0.05023839 0.00310077 0.02795977]
[ 0.05221236 -0.00794761  0.00150491]
[ 0.05221455 -0.01011515 -0.00298903]
[ 0.05200822 -0.0151282  -0.00986209]
[ 0.05176978 -0.01761346 -0.01359075]
[ 0.05536716 -0.02803891 -0.02787392]
[ 0.05449735 -0.02808882 -0.02892263]
[ 0.05263903 -0.02802794 -0.0298218 ]
[ 0.04992971 -0.0293938  -0.03093578]
[ 0.04843762 -0.03201881 -0.03086605]
[ 0.0461129  -0.03281053 -0.03081549]
[ 0.04436078 -0.03511643 -0.02701327]
[ 0.04388554 -0.03426683 -0.02455278]
[ 0.04424357 -0.03378158 -0.02275627]
[ 0.04501135 -0.0337727  -0.02083982]
[ 0.0502048  -0.03499752 -0.01629737]
[ 0.05443118 -0.03710885 -0.01200132]
[ 0.05514561 -0.03808165 -0.01021466]
[ 0.05468733 -0.03916372 -0.00852957]
[ 0.05119898 -0.03911407 -0.00579573]
[ 0.04879487 -0.03750473 -0.00186152]
[ 0.04945619 -0.03703982  0.00066048]
[ 0.05139405 -0.03659632  0.00605845]
[ 0.0507966  -0.03553951  0.00928549]
[ 0.05154014 -0.03516878  0.01143644]
[ 0.05274934 -0.03495338  0.01326294]
[ 0.05407297 -0.03541612  0.01535724]
[ 0.05811974 -0.03707201  0.02126603]
[ 0.05885721 -0.03716677  0.0226844 ]
[ 0.05844641 -0.03664362  0.02506158]
[ 0.05639341 -0.03560076  0.02628394]
[ 0.05585486 -0.03511769  0.02650705]
[ 0.0556849  -0.03482247  0.02662941]
[ 0.055338   -0.03486484  0.02674353]
[ 0.05464431 -0.03465952  0.02639676]
[ 0.05215032 -0.0346595   0.02440297]
[ 0.05104712 -0.03462684  0.02241026]
[ 0.05000832 -0.03481737  0.0194349 ]
[ 0.04873466 -0.03536836  0.01624923]
[ 0.04651519 -0.03660795  0.00859662]
[ 0.04493847 -0.03757512  0.00438978]
[ 0.04292009 -0.03847553  0.00013628]
[ 0.04066714 -0.039705   -0.00513341]
[ 0.03714872 -0.04101181 -0.0116985 ]
[ 0.02649266 -0.04422992 -0.02543111]
[ 0.01942385 -0.04628431 -0.03269906]
[ 0.01301624 -0.04799315 -0.03947878]
[ 0.00765807 -0.04927273 -0.04622106]
[-0.0080763  -0.05116536 -0.06387087]
[-0.01351205 -0.05166821 -0.06822439]
[-0.01742285 -0.05235492 -0.0726079 ]
[-0.0205401  -0.05296195 -0.07652225]
[-0.02300944 -0.05328044 -0.08022548]
[-0.0257797  -0.05374559 -0.08386794]
[-0.02892701 -0.05469763 -0.08655918]
[-0.03411069 -0.05656368 -0.09092743]
[-0.03980909 -0.05684809 -0.10127318]
[-0.04148569 -0.05688241 -0.10359946]
[-0.04305021 -0.05696845 -0.10540696]
[-0.04484522 -0.05687708 -0.10677994]
[-0.04656094 -0.0553029  -0.10631875]
[-0.04645117 -0.05428969 -0.10460442]
[-0.04561344 -0.05342237 -0.1019428 ]
[-0.04417781 -0.05219034 -0.09910247]
[-0.04350343 -0.05104737 -0.09559272]
[-0.04205087 -0.0497557  -0.08248424]
[-0.04101218 -0.04935129 -0.07644358]
[-0.04095065 -0.04862325 -0.0699081 ]
[-0.04300748 -0.04424117 -0.05618694]
[-0.04443266 -0.04176291 -0.0483103 ]
[-0.04334788 -0.0382839  -0.03865967]
[-0.04208468 -0.03536071 -0.02736556]
[-0.03842528 -0.03248021 -0.01435016]
[-0.03419878 -0.02885425 -0.00222675]
[-0.0291504  -0.01961156  0.02177318]
[-0.02788924 -0.01433508  0.03205829]
[-0.0263014  -0.00982924  0.04104916]
[-0.02531788 -0.00269952  0.05689231]
[-0.02502634  0.00032077  0.06372458]
[-0.02608825  0.0025307   0.07059433]
[-0.02601306  0.00538153  0.07652991]
[-0.0253412   0.01176787  0.09021766]
[-0.02467659  0.01505443  0.09662072]
[-0.02409391  0.01803792  0.10315593]
[-0.02268488  0.02049631  0.10954937]
[-0.02094335  0.02311604  0.1158004 ]
[-0.01591907  0.02937203  0.12728919]
[-0.01086164  0.03515108  0.13682799]
[-0.00863036  0.0372677   0.14100373]
[-0.00659437  0.03864662  0.14512521]
[-0.00281263  0.04198483  0.15430142]
[-0.00185601  0.04391791  0.15817095]
[-0.00168743  0.04564617  0.16109474]
[-0.00143441  0.04699513  0.16275316]
[-0.00217761  0.04795078  0.16341716]
[-0.00219795  0.04883376  0.16402072]
[-0.00307023  0.05334917  0.1670541 ]
[-0.00307023  0.05334917  0.1670541 ]
[-0.00351089  0.05499024  0.16770187]
[-0.00389638  0.05672708  0.16801585]
[-0.00412224  0.05834503  0.16805406]
[-0.0047776   0.05891839  0.16802931]
[-0.0047636   0.05917078  0.16758245]
[-0.00467589  0.05911212  0.16705255]
[-0.00214698  0.05791815  0.16588049]
[-0.00047458  0.0570516   0.1652371 ]
[0.00116481 0.05666935 0.16478626]
[0.00253621 0.05623733 0.16417427]
[0.00304762 0.05632864 0.16358069]
[0.0025432  0.05660823 0.16307527]
[-0.00138492  0.05911357  0.16260345]
[-0.00309236  0.06038791  0.16266167]
[-0.00555124  0.06226706  0.16166121]
[-0.00561265  0.06179665  0.1595089 ]
[-0.00448852  0.0615906   0.15954514]
[-0.00332656  0.06142554  0.15926372]
[-0.00254228  0.0614332   0.15901887]
[-0.00163626  0.0617583   0.15795876]
[-0.00141523  0.06228336  0.15741777]
[-0.00227551  0.06267324  0.15723465]
[-0.00332042  0.06292155  0.15677513]
[-0.004546    0.06312063  0.15620229]
[-0.00496058  0.06303789  0.15566608]
[-0.00301794  0.06234992  0.15519506]
[-0.00205947  0.0620818   0.15470916]
[-0.00103624  0.06199354  0.15434568]
[-0.00051771  0.06145713  0.15369804]
[0.00194014 0.05987244 0.15297437]
[-0.00276502  0.05863693  0.15530618]
[-0.0042702   0.05856874  0.15542506]
[-0.00323122  0.05839541  0.15432423]
[-0.00112126  0.05793307  0.15179354]
[-0.00665075  0.05724054  0.14643985]
[-0.00665075  0.05724054  0.14643985]
[-0.01085983  0.05644297  0.14483859]
[-0.01325182  0.05481489  0.14266951]
[-0.01701281  0.05039999  0.13829088]
[-0.01808842  0.0485037   0.13609186]
[-0.01851966  0.04679837  0.13205339]
[-0.02089811  0.04639286  0.13022453]
[-0.02503789  0.04656186  0.12707192]
[-0.02993688  0.04617269  0.12150525]
[-0.02948065  0.04569559  0.11315423]
[-0.02752104  0.04218915  0.09283765]
[-0.03606352  0.03765327  0.07131518]
[-0.04291815  0.0355461   0.05908628]
[-0.04820018  0.03435403  0.0480728 ]
[-0.05196369  0.0324498   0.04084218]
[-0.05481487  0.02768399  0.03026655]
[-0.05507471  0.02410877  0.02581875]
[-0.05556237  0.02048089  0.02135465]
[-0.05615176  0.01677307  0.01675095]
[-0.05645979  0.01330533  0.01258904]
[-0.05659907  0.00595728  0.00396545]
[-0.0572175  -0.00116136 -0.00423056]
[-0.05808974 -0.00441261 -0.00837165]
[-0.0596968  -0.00744167 -0.01252794]
[-0.06197605 -0.01302004 -0.02179179]
[-0.06284438 -0.01529893 -0.02619748]
[-0.06417066 -0.01806718 -0.03103816]
[-0.0653635  -0.02012449 -0.03521653]
[-0.06904072 -0.02448234 -0.04165369]
[-0.06989116 -0.02617852 -0.04465532]
[-0.07141146 -0.02817074 -0.0475493 ]
[-0.07271534 -0.03019128 -0.04991184]
[-0.07389937 -0.03537037 -0.06002427]
[-0.07143352 -0.03791303 -0.06713528]
[-0.0697841  -0.03907882 -0.07005271]
[-0.06693576 -0.04059721 -0.07444926]
[-0.06787601 -0.04075136 -0.07890467]
[-0.06873533 -0.04088115 -0.07988296]
[-0.06885173 -0.04144482 -0.08059087]
[-0.06794971 -0.04238423 -0.08117036]
[-0.0675026  -0.04302588 -0.08164235]
[-0.06813008 -0.04378046 -0.08216657]
[-0.06931486 -0.04537972 -0.08345897]
[-0.06962811 -0.04638064 -0.08386635]
[-0.06939542 -0.04681122 -0.08413066]
[-0.0699684  -0.04661387 -0.0859078 ]
[-0.0712789  -0.04675195 -0.08677594]
[-0.07500285 -0.04805334 -0.08784785]
[-0.07660374 -0.04863377 -0.08849095]
[-0.07865541 -0.04952981 -0.08911456]
[-0.07961025 -0.05046156 -0.08939143]
[-0.07987005 -0.05118013 -0.08917303]
[-0.08035974 -0.05211039 -0.08895599]
[-0.08134952 -0.05387233 -0.0879048 ]
[-0.08163247 -0.054289   -0.08736221]
[-0.08215367 -0.05448845 -0.08689377]
[-0.0818001  -0.05469318 -0.08636865]
[-0.07662707 -0.05503549 -0.08668319]
[-0.07559328 -0.05493908 -0.08667956]
[-0.07545192 -0.05432576 -0.08588354]
[-0.07564032 -0.05398694 -0.08574038]
[-0.07596056 -0.05292882 -0.08550504]
[-0.07597093 -0.05285475 -0.08527317]
[-0.07600299 -0.05287083 -0.08507119]
[-0.07593534 -0.05274511 -0.0844363 ]
[-0.07547222 -0.05262223 -0.08394556]
[-0.07502014 -0.05241254 -0.0834683 ]
[-0.07309533 -0.05047185 -0.0811991 ]
[-0.07420433 -0.04598724 -0.07663794]
[-0.07793684 -0.04129025 -0.07302821]
[-0.07974331 -0.03702516 -0.06914358]
[-0.07787971 -0.03415671 -0.06514584]
[-0.07299918 -0.03102969 -0.06171415]
[-0.06805236 -0.02914391 -0.05830898]
[-0.06379256 -0.02748507 -0.05425759]
[-0.06100315 -0.02184322 -0.04387201]
[-0.06203538 -0.01631242 -0.0339603 ]
[-0.06344801 -0.01346279 -0.02937584]
[-0.0626747  -0.00539212 -0.01606949]
[-0.0626747  -0.00539212 -0.01606949]
[-0.06099676 -0.00253723 -0.0119509 ]
[-0.05990943  0.00043966 -0.00817523]
[-0.06028679  0.0064688  -0.00032916]
[-0.06038338  0.00984472  0.00351987]
[-0.06073808  0.01329821  0.00785556]
[-0.05933946  0.01926582  0.01547593]
[-0.05833206  0.02176513  0.01932736]
[-0.05658957  0.02406302  0.02348165]
[-0.05506627  0.02632236  0.02835902]
[-0.05300537  0.02847082  0.03417801]
[-0.05101787  0.03069869  0.03926812]
[-0.04882208  0.03462156  0.04616891]
[-0.0484759   0.03625664  0.04851326]
[-0.04898404  0.03706574  0.05177588]
[-0.04898404  0.03706574  0.05177588]
[-0.04934873  0.03668345  0.05300856]
[-0.05140072  0.03602142  0.05758085]
[-0.05140072  0.03602142  0.05758085]
[-0.05191961  0.03634736  0.05941379]
[-0.0524138   0.03705007  0.06088582]
[-0.05294594  0.03820479  0.06169909]
[-0.05328006  0.03910241  0.06138089]
[-0.05349738  0.04001739  0.06070305]
[-0.05422767  0.04109081  0.0605401 ]
[-0.0562149   0.04346722  0.06116922]
[-0.05691318  0.04453859  0.06161354]
[-0.05756943  0.04562601  0.06204269]
[-0.05810734  0.0467236   0.06192382]
[-0.06067035  0.04955316  0.06023272]
[-0.06259526  0.05148052  0.05836649]
[-0.06332582  0.05285097  0.05720218]
[-0.06426793  0.05448614  0.0558003 ]
[-0.06601621  0.05872232  0.05331295]
[-0.06690022  0.0609751   0.05188586]
[-0.06691447  0.06286285  0.05106658]
[-0.06550816  0.06565143  0.0488161 ]
[-0.06443013  0.0665066   0.047617  ]
[-0.06312653  0.06744554  0.04634596]
[-0.06202845  0.06809062  0.04409457]
[-0.06160606  0.06901292  0.04104826]
[-0.06179753  0.07016967  0.03791656]
[-0.06371533  0.07175931  0.03192373]
[-0.06434969  0.07196929  0.0296142 ]
[-0.06497245  0.0720732   0.02769103]
[-0.0649206   0.07238977  0.02600224]
[-0.06460373  0.07252961  0.02391007]
[-0.06388205  0.07260048  0.02124453]
[-0.0628593   0.07082027  0.01513558]
[-0.06313854  0.06934153  0.01252133]
[-0.06416841  0.06765572  0.0102647 ]
[-0.06506106  0.06639142  0.00823679]
[-0.06816203  0.06292286  0.00358746]
[-0.06953894  0.06007499  0.00028145]
[-0.07104984  0.05650863 -0.00319316]
[-0.07221407  0.05326699 -0.00617231]
[-0.07256643  0.05000183 -0.00918456]
[-0.0744172   0.04297022 -0.01508952]
[-0.07596216  0.03864326 -0.01948487]
[-0.07872034  0.03449247 -0.02396402]
[-0.08168154  0.02997429 -0.02825346]
[-0.08596198  0.02502116 -0.03148395]
[-0.09569178  0.0142868  -0.03782219]
[-0.10358315  0.00419977 -0.04308559]
[-0.10704469 -0.00037491 -0.0445345 ]
[-0.11187623 -0.0079333  -0.04472713]
[-0.11292981 -0.01153555 -0.04431489]
[-0.11411356 -0.01671451 -0.04146084]
[-0.11404981 -0.01839511 -0.04064298]
[-0.11494692 -0.01880413 -0.03925126]
[-0.1155472  -0.01751056 -0.03884613]
[-0.11317867 -0.01290231 -0.03795243]
[-0.10398216 -0.00825301 -0.03641874]
[-0.09833164 -0.00622547 -0.03655121]
[-0.09157606 -0.00424263 -0.03524501]
[-0.07508148 -0.00126738 -0.0307721 ]
[-0.07508148 -0.00126738 -0.0307721 ]
[-0.06784162  0.00044498 -0.02865505]
[-0.04737003  0.00541657 -0.0261315 ]
[-0.04737003  0.00541657 -0.0261315 ]
[-0.04122122  0.00674924 -0.02524108]
[-0.03122215  0.00964924 -0.02539242]
[-0.02693284  0.00940551 -0.02512416]
[-0.02289958  0.00861902 -0.02423929]
[-0.01824512  0.0058376  -0.0233246 ]
[-0.01478829  0.00342849 -0.02241773]
[-0.01073755 -0.00091796 -0.02256214]
[-0.01079106 -0.00245792 -0.0225206 ]
[-0.01135192 -0.00405983 -0.02205694]
[-0.01205913 -0.00501801 -0.02118895]
[-0.01219878 -0.0054347  -0.0198656 ]
[-0.01233298 -0.00545259 -0.01837672]
[-0.01242934 -0.00144704 -0.01732091]
[-0.01330201  0.00049349 -0.01807646]
[-0.01330201  0.00049349 -0.01807646]
[-0.01531019  0.00182041 -0.01897849]
[-0.01982259  0.00328239 -0.01810217]
[-0.02262605  0.0035635  -0.01674778]
[-0.02539975  0.00385241 -0.01400556]
[-0.02841918  0.00397794 -0.01145048]
[-0.03193958  0.00344367 -0.01044082]
[-0.03636211  0.00223354 -0.01057034]
[-4.76006731e-02 -9.82542406e-05 -1.33754555e-02]
[-0.05304684 -0.00075427 -0.01396761]
[-0.05735587 -0.00079918 -0.01442815]
[-0.06590738  0.00269396 -0.01625511]
[-0.06590738  0.00269396 -0.01625511]
[-0.07068324  0.00776475 -0.01737258]
[-0.07501034  0.0116449  -0.01668835]
[-0.07681389  0.01289531 -0.01632885]
[-0.07786605  0.01381257 -0.01601578]
[-0.07888452  0.01465433 -0.01616286]
[-0.07941739  0.0153252  -0.01633236]
[-0.07976967  0.0152075  -0.0159268 ]
[-0.07914731  0.01391887 -0.01570678]
[-0.07819279  0.01268044 -0.01538515]
[-0.07692313  0.01136448 -0.01538308]
[-0.07643106  0.00996675 -0.01586249]
[-0.07654021  0.00965528 -0.01534898]
[-0.07710133  0.009955   -0.01423763]
[-0.07801569  0.01235858 -0.0113424 ]
[-0.08170396  0.01593538 -0.01242461]
[-0.08215406  0.01884896 -0.015871  ]
[-0.0798766   0.02077416 -0.01873913]

程序已被终止，正在关闭套接字...
套接字已关闭。
