YAML 文件验证通过
init data completed...
[0.4642857142857143, 0.5, 0.3333333333333333, 0.42424242424242425, 0.6153846153846154, 0.5869565217391305, 0.20124909281730652, 0.2008863389492035, 0.3798598067026521, 0.3798396573695808, 0.4514153309123694, 0.5447847960904219, 0.0764224651668753, 0.0764224651668753, 0.9192125052213669, 0.0, 0.0, 0.0, 0.07314920425415039, 0.48184574767947197, 0.4831198565661907, 0.11135376989841461, -0.0, 0.08988724648952484, 0.4640451014041901, 0.08172673732042313, 0.5305434798085412, 0.024694642052054405, 0.0]
[0.4642857142857143, 0.5, 0.3333333333333333, 0.42424242424242425, 0.6153846153846154, 0.5869565217391305, 0.051999013870954514, 0.05186181142926216, 0.4272012516827702, 0.4271982201654642, 0.4492331399060572, 0.5468958839125154, 0.053098111280373166, 0.053098111280373166, 0.9483609292656183, 0.0, 0.0, 0.0, 0.02840044740587473, 0.48477023746818304, 0.4852390643209219, 0.0, -0.0, 0.06694347411394119, 0.47322261035442353, 0.0680718719959259, 0.6194796621106392, 0.029767131432890892, 0.0]
[0.4642857142857143, 0.5, 0.3333333333333333, 0.42424242424242425, 0.6153846153846154, 0.5869565217391305, 0.01938798278570175, 0.019040780141949654, 0.4325775963398512, 0.4325746901860429, 0.450673361353391, 0.5454339603342422, 0.02560870588890144, 0.02560870588890144, 0.9642702043056488, 0.0, 0.0, 0.0, 0.021256479527801273, 0.4936866112984717, 0.49435298703610897, 0.0, -0.0, 0.054582271724939346, 0.4781670913100243, 0.05088666453957558, 0.626256954531337, 0.018695253878831863, 0.0]
[0.4642857142857143, 0.5, 0.3333333333333333, 0.42424242424242425, 0.6153846153846154, 0.5869565217391305, 0.01776685193181038, 0.017425542697310448, 0.43920096589775887, 0.4391982022024705, 0.4480646381414643, 0.5479577184356599, 0.029740074117268835, 0.029740074117268835, 0.9601555112749338, 0.0, 0.0, 0.0, 0.020101111847907305, 0.4932046770118177, 0.4937985725700855, 0.0, -0.0, 0.050097525119781494, 0.4799609899520874, 0.0, 0.6976744186046512, 0.016234222799539566, 0.0]
[0.4642857142857143, 0.5, 0.3333333333333333, 0.42424242424242425, 0.6153846153846154, 0.5869565217391305, 0.019176635891199112, 0.018713098019361496, 0.43825543451035687, 0.4382526366250237, 0.4496854400087725, 0.5459609022908133, 0.030900716249431883, 0.030900716249431883, 0.9595854673534632, 0.0, 0.0, 0.0, 0.020114257279783485, 0.4931241315789521, 0.4936150456778705, 0.0, -0.0, 0.04819297417998314, 0.48072281032800673, 0.044756658375263214, 0.6254713064016298, 0.015229358337819576, 0.0]
[0.4642857142857143, 0.5, 0.3333333333333333, 0.42424242424242425, 0.6153846153846154, 0.5869565217391305, 0.019711809232831, 0.01918870583176613, 0.4375771496081671, 0.4375743403261524, 0.45377730742011424, 0.5417360220716236, 0.030389489339930673, 0.030389489339930673, 0.9604224637150764, 0.0, 0.0, 0.0, 0.019424771424382925, 0.4933171635493636, 0.4937043939717114, 0.0, -0.0, 0.04730784893035889, 0.48107686042785647, 0.04415544867515564, 0.6246418488580128, 0.014019319787621498, 0.0]
[0.4642857142857143, 0.5, 0.3333333333333333, 0.42424242424242425, 0.6153846153846154, 0.5869565217391305, 0.7623122930526733, 0.7598389983177185, 0.268940372175286, 0.2689341495871316, 0.4595766313673205, 0.5396717539544265, 0.07753958659512657, 0.07753958659512657, 0.8842938877642155, 0.0, 0.0, 0.0, 0.04014402236789465, 0.4785841293632984, 0.4808378219604492, 0.0, -0.0, 0.08636205643415451, 0.4654551774263382, 0.08408213406801224, 0.6097799470258314, 0.015593834221363068, 0.0]
[0.4642857142857143, 0.5, 0.3333333333333333, 0.42424242424242425, 0.6153846153846154, 0.5869565217391305, 0.09346653521060944, 0.09284314513206482, 0.42581707341721137, 0.42581401340820135, 0.4622307019753392, 0.5337554972048193, 0.05178177995341165, 0.05178177995341165, 0.9451801963150501, 0.0, 0.0, 0.0, 0.03335134927183389, 0.4859879417344928, 0.486142604611814, 0.0, -0.0, 0.06554240733385086, 0.47378303706645963, 0.06299116462469101, 0.6205925605324811, 0.016707589849829674, 0.0]
[0.4642857142857143, 0.5, 0.3333333333333333, 0.42424242424242425, 0.6153846153846154, 0.5869565217391305, 0.04919448494911194, 0.048451539129018784, 0.4345887459486894, 0.4345858796832666, 0.47962881485089287, 0.5160777468019822, 0.045296725417886465, 0.045296725417886465, 0.9495456833392382, 0.0, 0.0, 0.0, 0.030444176122546195, 0.48807145841419697, 0.48824042174965143, 0.0, -0.0, 0.05707808583974838, 0.47716876566410066, 0.05463160574436188, 0.6219452255687048, 0.016219623386859894, 0.0]
[0.4642857142857143, 0.5, 0.3333333333333333, 0.42424242424242425, 0.6153846153846154, 0.5869565217391305, 0.011087287217378616, 0.011110113933682442, 0.4404754169128593, 0.44047268170927495, 0.4837531400114355, 0.5116624729076666, 0.039903472310730395, 0.039903472310730395, 0.9534849170595407, 0.0, 0.0, 0.0, 0.025576866790652273, 0.4900657022371888, 0.49031633604317904, 0.0, -0.0, 0.05167342349886894, 0.47933063060045245, 0.04896661266684532, 0.6249364396167356, 0.01505290623754263, 0.0]
[0.4642857142857143, 0.5, 0.3333333333333333, 0.42424242424242425, 0.6153846153846154, 0.5869565217391305, 0.010981173254549503, 0.010932767763733864, 0.43683929994958764, 0.4368364450808465, 0.4823239206356027, 0.5130694046480427, 0.03697298467159271, 0.03697298467159271, 0.9557678252458572, 0.0, 0.0, 0.0, 0.023056612256914376, 0.4911897536367178, 0.49144653137773275, 0.0, -0.0, 0.04902401193976402, 0.4803903952240944, 0.046227458864450455, 0.6248685838871224, 0.014323875308036804, 0.0]
[0.4642857142857143, 0.5, 0.3333333333333333, 0.42424242424242425, 0.6153846153846154, 0.5869565217391305, 0.22973740100860596, 0.2290564775466919, 0.37902223038171945, 0.37901874299714944, 0.4781112042371447, 0.5187134829984745, 0.035406504092471945, 0.035406504092471945, 0.9504165351390839, 0.0, 0.0, 0.0, 0.029137007519602773, 0.49130825512111187, 0.49164993967860937, 0.0, -0.0, 0.04817075654864311, 0.4807316973805428, 0.045334845781326294, 0.6274390185988227, 0.014606362208724022, 0.0]
[0.4642857142857143, 0.5, 0.3333333333333333, 0.42424242424242425, 0.6153846153846154, 0.5869565217391305, 0.3449915945529938, 0.34447187185287476, 0.3579943385224497, 0.3579905434274765, 0.5663918815197042, 0.4327015502452344, 0.08670737168618611, 0.08670737168618611, 0.9119559749960899, 0.0, 0.0, 0.0, 0.061949726566672324, 0.47449519485235214, 0.4759572148323059, 0.0, -0.0, 0.06806246191263199, 0.4727750152349472, 0.06692191958427429, 0.6099713299163553, 0.01937744952738285, 0.0]
[0.4642857142857143, 0.5, 0.3333333333333333, 0.42424242424242425, 0.6153846153846154, 0.5869565217391305, 0.13834096491336823, 0.1373080164194107, 0.4327088462235139, 0.43270632755688, 0.6199610032725289, 0.3811504161102087, 0.07697982979672296, 0.07697982979672296, 0.9291176870465279, 0.0, 0.0, 0.0, 0.05850941501557826, 0.47947450913488865, 0.48031524010002613, 0.0, -0.0, 0.06848805397748947, 0.4726047784090042, 0.06699070334434509, 0.6176975629357404, 0.02040538750588894, 0.0]
[0.4642857142857143, 0.5, 0.3333333333333333, 0.42424242424242425, 0.6153846153846154, 0.5869565217391305, 0.0, 0.0, 0.5129020080169802, 0.5129007999687304, 0.6565659365280181, 0.34663042597692684, 0.07077795054231371, 0.07077795054231371, 0.9397966247051954, 0.0, 0.0, 0.0, 0.04636616129428148, 0.4865474458783865, 0.48732603807002306, 0.0, -0.0, 0.071041040122509, 0.4715835839509964, 0.06798087805509567, 0.6207892818506374, 0.02361266128718853, 0.0]
[0.4642857142857143, 0.5, 0.3333333333333333, 0.42424242424242425, 0.6153846153846154, 0.5869565217391305, 0.0, 0.0, 0.5148856645560401, 0.5148844835749092, 0.6602933807993027, 0.342918344432441, 0.07334530087453979, 0.07334530087453979, 0.9392668828368187, 0.0, 0.0, 0.0, 0.04634130727499723, 0.4866084372624755, 0.4874957986176014, 0.0, -0.0, 0.07388268411159515, 0.47044692635536195, 0.07031822204589844, 0.6209729299988858, 0.02456890605390072, 0.0]
[0.4642857142857143, 0.5, 0.3333333333333333, 0.42424242424242425, 0.6153846153846154, 0.5869565217391305, 0.0, 0.0, 0.5222056747964418, 0.5222046106312972, 0.6564596966621297, 0.3464848447661505, 0.07806657680443356, 0.07806657680443356, 0.9385854601860046, 0.0, 0.0, 0.0, 0.047426145710051056, 0.4867225745692849, 0.4877149974927306, 0.0, -0.0, 0.0803934708237648, 0.46784261167049407, 0.07563833147287369, 0.6186130434967752, 0.026158567517995834, 0.0]
[0.4642857142857143, 0.5, 0.3333333333333333, 0.42424242424242425, 0.6153846153846154, 0.5869565217391305, 0.0, 0.0, 0.5271983373461444, 0.5271972888514371, 0.43521768891788576, 0.5610438733216631, 0.11028599526200976, 0.11028599526200976, 0.9234131351113319, 0.0, 0.0, 0.0, 0.06649664305150509, 0.4830617103725672, 0.48290626518428326, 0.10065311193466187, -0.0, 0.0979277640581131, 0.4608288943767548, 0.09668227285146713, 0.5819050586500834, 0.03152661770582199, 0.0]
[0.4642857142857143, 0.5, 0.3333333333333333, 0.42424242424242425, 0.6153846153846154, 0.5869565217391305, 0.0, 0.0, 0.5318703727785989, 0.5318694012114924, 0.436287079440932, 0.5597506811759617, 0.09417485445737839, 0.09417485445737839, 0.9251069948077202, 0.0, 0.0, 0.0, 0.06244154199957847, 0.483823599293828, 0.48391314782202244, 0.0, -0.0, 0.10179758816957474, 0.4592809647321701, 0.09994333237409592, 0.5941941398520802, 0.03191131353378296, 0.0028580782236531377]
[0.4642857142857143, 0.5, 0.3333333333333333, 0.42424242424242425, 0.6153846153846154, 0.5869565217391305, 0.0, 0.0, 0.5214040393355244, 0.5214028896952678, 0.44086220319138886, 0.555125122212407, 0.09329745279891151, 0.09329745279891151, 0.9253741018474102, 0.0, 0.0, 0.0, 0.06441521868109702, 0.4838832728564739, 0.4839578717947006, 0.0, -0.0, 0.10215149074792862, 0.45913940370082856, 0.10029341280460358, 0.594630820113559, 0.0319804847240448, 0.0041639519622549415]
[0.4642857142857143, 0.5, 0.3333333333333333, 0.42424242424242425, 0.6153846153846154, 0.5869565217391305, 0.09653065353631973, 0.09596282988786697, 0.47523789993891524, 0.4752359454080206, 0.5165666537234705, 0.4791892413148866, 0.09483931320054191, 0.09483931320054191, 0.9220606684684753, 0.0, 0.0, 0.0, 0.08719867207109927, 0.47908196970820427, 0.4791206195950508, 0.13094815611839294, 0.13094815611839294, 0.10192379355430603, 0.4592304825782776, 0.10131850093603134, 0.6188631646854933, 0.03241303935647011, 0.013652564957737923]
[0.4642857142857143, 0.5, 0.3333333333333333, 0.42424242424242425, 0.6153846153846154, 0.5869565217391305, 0.01724933832883835, 0.017305754125118256, 0.49238385696028203, 0.49238215671784563, 0.5300018725841953, 0.4658499668428086, 0.08910627237388066, 0.08910627237388066, 0.926696389913559, 0.0, 0.0, 0.0, 0.07982077822089195, 0.48194689862430096, 0.48223632760345936, 0.1205085963010788, 0.1205085963010788, 0.0, 0.5, 0.0, 0.6976744186046512, 0.031880661845207214, 0.01665758667513728]
[0.4642857142857143, 0.5, 0.3333333333333333, 0.42424242424242425, 0.6153846153846154, 0.5869565217391305, 0.010056241415441036, 0.010090169496834278, 0.4909203357097068, 0.49091861196161457, 0.5386389560043015, 0.45732000083307417, 0.08590118161269597, 0.08590118161269597, 0.9265010431408882, 0.0, 0.0, 0.0, 0.08240878283977508, 0.4833580497652292, 0.48361940309405327, 0.12525862455368042, 0.12525862455368042, 0.0, 0.5, 0.0, 0.6976744186046512, 0.031212352216243744, 0.018503376049920917]
[0.4642857142857143, 0.5, 0.3333333333333333, 0.42424242424242425, 0.6153846153846154, 0.5869565217391305, 0.012394296005368233, 0.012306218035519123, 0.4834689965211639, 0.483467161655426, 0.5392248651037709, 0.45680855195284753, 0.08775222248264722, 0.08775222248264722, 0.919829972088337, 0.0, 0.0, 0.0, 0.07924084849655627, 0.4843723699450493, 0.48452786449342966, 0.12056037783622742, 0.12056037783622742, 0.04203081876039505, 0.483187672495842, 0.041415803134441376, 0.7408944019224755, 0.02961018495261669, 0.019277866231277585]
[0.4642857142857143, 0.5, 0.3333333333333333, 0.42424242424242425, 0.6153846153846154, 0.5869565217391305, 0.6151341199874878, 0.6145251989364624, 0.3185060106317582, 0.3185019192230633, 0.5126319622218495, 0.48523426916990814, 0.1947919811521258, 0.1947919811521258, 0.8433354273438454, 0.0, 0.0, 0.0, 0.09227089211344719, 0.48303962498903275, 0.4824992138892412, 0.1366802603006363, 0.1366802603006363, 0.03535163030028343, 0.6031746031746031, 0.03587121516466141, 0.8, 0.028278496116399765, 0.0]
[0.4642857142857143, 0.5, 0.3333333333333333, 0.42424242424242425, 0.6153846153846154, 0.5869565217391305, 0.2949295938014984, 0.29471835494041443, 0.38129448936272764, 0.3812912299117896, 0.5094471096878526, 0.48751610136346146, 0.17896465424980437, 0.17896465424980437, 0.8440202251076698, 0.0, 0.0, 0.0, 0.0908140543848276, 0.4830873403698206, 0.4824701324105263, 0.13489893078804016, 0.13489893078804016, 0.03185351938009262, 0.6031746031746031, 0.032435253262519836, 0.8, 0.028007421642541885, 0.0]
[0.4642857142857143, 0.5, 0.3333333333333333, 0.42424242424242425, 0.6153846153846154, 0.5869565217391305, 0.08198123425245285, 0.08172348141670227, 0.46582258271897503, 0.46582051991960516, 0.46244288824256474, 0.5337406088648923, 0.16827282628842763, 0.16827282628842763, 0.8712018840014935, 0.0, 0.0, 0.0, 0.07134324721992015, 0.4857538938522339, 0.4849574873223901, 0.10784713178873062, -0.0, 0.023611590266227722, 0.6031746031746031, 0.02374374121427536, 0.8, 0.026922378689050674, 0.0]
[0.4642857142857143, 0.5, 0.3333333333333333, 0.42424242424242425, 0.6153846153846154, 0.5869565217391305, 0.06923434138298035, 0.06886394321918488, 0.47018879959733717, 0.47018678808303455, 0.43270764957194574, 0.563553449677413, 0.16642439578260695, 0.16642439578260695, 0.8774329982697964, 0.0, 0.0, 0.0, 0.06808060631155967, 0.4868634408339858, 0.48606161028146744, 0.10286791622638702, -0.0, 0.02281755581498146, 0.6031746031746031, 0.02293194830417633, 0.8, 0.02660776488482952, 0.0]
[0.4642857142857143, 0.5, 0.3333333333333333, 0.42424242424242425, 0.6153846153846154, 0.5869565217391305, 0.05881066992878914, 0.05835868790745735, 0.47448166173457185, 0.474479712902018, 0.4154711202727221, 0.5809864983681232, 0.17188520835978646, 0.17188520835978646, 0.8790483511984348, 0.0, 0.0, 0.0, 0.07002920731902122, 0.4872793657705188, 0.48643877543509007, 0.10544737428426743, -0.0, 0.023634418845176697, 0.6031746031746031, 0.02371894381940365, 0.8, 0.02680792845785618, 0.0]
[0.4642857142857143, 0.5, 0.3333333333333333, 0.42424242424242425, 0.6153846153846154, 0.5869565217391305, 0.016155797988176346, 0.01607195846736431, 0.48848854384276424, 0.48848680656111265, 0.3967546691858062, 0.5999674835300304, 0.19425923803022932, 0.19425923803022932, 0.8762471340596676, 0.0, 0.0, 0.0, 0.09273696690797806, 0.48668666183948517, 0.4856157824397087, 0.13886359333992004, 0.13886359333992004, 0.02724575065076351, 0.6031746031746031, 0.027215344831347466, 0.8, 0.027940280735492706, 0.0]
[0.4642857142857143, 0.5, 0.3333333333333333, 0.42424242424242425, 0.6153846153846154, 0.5869565217391305, 0.0, 0.0, 0.4973139415778234, 0.4973189612818494, 0.4025503718374336, 0.5943583331595365, 0.23325495421886447, 0.23325495421886447, 0.8725537285208702, 0.0, 0.0, 0.0, 0.14300776869058607, 0.4843662101775408, 0.482936579734087, 0.21406017243862152, 0.21406017243862152, 0.029460225254297256, 0.6031746031746031, 0.029463330283761024, 0.8, 0.029457157477736473, 0.0]
[0.4642857142857143, 0.5, 0.3333333333333333, 0.42424242424242425, 0.6153846153846154, 0.5869565217391305, 0.0, 0.0, 0.5403136926672882, 0.5403189721800401, 0.6616151451380713, 0.34233214471759077, 0.32683663070201874, 0.32683663070201874, 0.8669419884681702, 0.0, 0.0, 0.0, 0.27833961695432663, 0.4599873684346676, 0.4596901684999466, 0.42193496227264404, 0.42193496227264404, 0.03432086482644081, 0.5162545546652778, 0.03366967663168907, 0.7469387239841527, 0.03340216353535652, 0.0]
[0.4642857142857143, 0.5, 0.3333333333333333, 0.42424242424242425, 0.6153846153846154, 0.5869565217391305, 0.0, 0.0, 0.5398660680531999, 0.5398713247725886, 0.6749606023099181, 0.32958956060577715, 0.32346439148698536, 0.32346439148698536, 0.8620012030005455, 0.0, 0.0, 0.0, 0.3078233107924461, 0.45418262481689453, 0.45436280593276024, 0.46728309988975525, 0.46728309988975525, 0.03845356032252312, 0.4944890434779818, 0.03671140596270561, 0.7375385441145925, 0.03534436598420143, 0.0]
[0.4642857142857143, 0.5, 0.3333333333333333, 0.42424242424242425, 0.6153846153846154, 0.5869565217391305, 0.0, 0.0, 0.5330931056525922, 0.533098256952676, 0.685383938922481, 0.3195795816348975, 0.30561292810099466, 0.30561292810099466, 0.8587309718132019, 0.0, 0.0, 0.0, 0.35392390489578246, 0.4407595805823803, 0.44181955978274345, 0.5298556089401245, 0.5298556089401245, 0.04197061061859131, 0.4832117557525635, 0.0, 0.6976744186046512, 0.0383644700050354, 0.0]
[0.4642857142857143, 0.5, 0.3333333333333333, 0.42424242424242425, 0.6153846153846154, 0.5869565217391305, 0.0, 0.0, 0.5303881260678599, 0.5303932403287286, 0.7018657286809917, 0.3037515739131334, 0.2915047002690179, 0.2915047002690179, 0.8589384108781815, 0.0, 0.0, 0.0, 0.3624073892831802, 0.4371325597167015, 0.43901118263602257, 0.5430240631103516, 0.5430240631103516, 0.0, 0.5, 0.0, 0.6976744186046512, 0.04877985268831253, 0.0]
[0.4642857142857143, 0.5, 0.3333333333333333, 0.42424242424242425, 0.6153846153846154, 0.5869565217391305, 0.0, 0.0, 0.5216651771993983, 0.521670191739303, 0.7057522250407057, 0.2997926402451609, 0.2697546035051346, 0.2697546035051346, 0.8622250929474831, 0.0, 0.0, 0.0, 0.37190330922603604, 0.4374917894601822, 0.440141174942255, 0.5577834844589233, 0.5577834844589233, 0.0, 0.5, 0.0, 0.6976744186046512, 0.0647241473197937, 0.0]
[0.4642857142857143, 0.5, 0.3333333333333333, 0.42424242424242425, 0.6153846153846154, 0.5869565217391305, 0.0, 0.0, 0.513395887487933, 0.5134008023068736, 0.7058483218599687, 0.29945928730831955, 0.26550559060914175, 0.26550559060914175, 0.8663906529545784, 0.0, 0.0, 0.0, 0.37446632683277126, 0.441736675798893, 0.445814773440361, 0.561880886554718, 0.561880886554718, 0.04985803738236427, 0.4800567850470543, 0.043910469859838486, 0.7386646904917651, 0.07362845540046692, 0.0]
[0.5410455803253821, 0.5716425416370233, 0.3333333333333333, 0.42424242424242425, 0.4720995321105689, 0.44367143846508394, 0.0, 0.0, 0.49163050995160246, 0.4916351640714514, 0.6986299372539921, 0.30578442280374063, 0.2639097720384598, 0.2639097720384598, 0.8718351349234581, 0.0, 0.0, 0.0, 0.3768201857805252, 0.4499700330197811, 0.45467596128582954, 0.5667576193809509, 0.5667576193809509, 0.05139365792274475, 0.5031550266439953, 0.04428764805197716, 0.764369867135619, 0.0838976725935936, 0.0]
[0.7395707418521246, 0.7569326923953162, 0.3333333333333333, 0.42424242424242425, 0.10151923059398293, 0.073091136948498, 0.0, 0.0, 0.43286993831794984, 0.4328739841399184, 0.44400739669799805, 0.5515076376660781, 0.21656843168394907, 0.21656843168394907, 0.8910074010491371, 0.0, 0.0, 0.0, 0.3705422759056091, 0.4681905508041382, 0.47073506377637386, 0.5541300177574158, 0.5541300177574158, 0.05537339299917221, 0.6019985562279111, 0.04644672945141792, 0.8, 0.13149993121623993, 0.0]
[0.8055169660420645, 0.8184825016392602, 0.3333333333333333, 0.42424242424242425, -0.02158038789390493, -0.05000848153938986, 0.0, 0.0, 0.4251779874013897, 0.4251819135582014, 0.45416360649050536, 0.5416136231358096, 0.1986060610839299, 0.1986060610839299, 0.8991815410554409, 0.0, 0.0, 0.0, 0.37804415822029114, 0.4728254973888397, 0.47512221708893776, 0.5706867575645447, 0.5706867575645447, 0.05771748349070549, 0.6031746031746031, 0.04794980213046074, 0.8, 0.14348360896110535, 0.0]
[0.807963062609945, 0.8207655251026154, 0.3333333333333333, 0.42424242424242425, -0.026146434820615294, -0.054574528466100225, 0.0, 0.0, 0.4259708602387408, 0.42596692268524755, 0.4567875385740291, 0.5390638407119551, 0.19230973507676807, 0.19230973507676807, 0.9024534113705158, 0.0, 0.0, 0.0, 0.4241205006837845, 0.472262617200613, 0.47549215890467167, 0.6397027969360352, 0.6397027969360352, 0.058226633816957474, 0.6031746031746031, 0.04745200276374817, 0.8, 0.1795078068971634, 0.0]
[0.8058464590992247, 0.8187900284926097, 0.3333333333333333, 0.42424242424242425, -0.022195441600603938, -0.05062353524608887, 0.0, 0.0, 0.42570584180478155, 0.4257019042512883, 0.45969846189363966, 0.536170790238266, 0.1892034336924553, 0.1892034336924553, 0.9035560674965382, 0.0, 0.0, 0.0, 0.4327619910240173, 0.47113771364092827, 0.4750971272587776, 0.6551122069358826, 0.6551122069358826, 0.0579313226044178, 0.6031746031746031, 0.04649070277810097, 0.8, 0.18688885867595673, 0.0]
[0.7999538303840728, 0.8132902416918013, 0.3333333333333333, 0.42424242424242425, -0.011195867998987086, -0.03962396164447202, 0.0, 0.0, 0.42490038133260166, 0.4248964323824268, 0.45992506781226133, 0.5359411955398943, 0.18780154309102468, 0.18780154309102468, 0.9043951258063316, 0.0, 0.0, 0.0, 0.45262676477432245, 0.46902802027761936, 0.47349498607218266, 0.6776502728462219, 0.6776502728462219, 0.056992124766111374, 0.6031746031746031, 0.045182593166828156, 0.8, 0.19131752848625183, 0.0]
[0.7961653165874027, 0.8097542954815758, 0.3333333333333333, 0.42424242424242425, -0.004123975578536276, -0.03255206922402121, 0.0, 0.0, 0.4229529733639602, 0.42294896173203655, 0.4634837585699034, 0.5323969614728636, 0.18894626093762262, 0.18894626093762262, 0.9029501192271709, 0.0, 0.0, 0.0, 0.47486684322357176, 0.46537691354751587, 0.4709988795220852, 0.7088317275047302, 0.7088317275047302, 0.05616544187068939, 0.6031746031746031, 0.04432089626789093, 0.8, 0.2001480758190155, 0.0]
[0.7901409545115061, 0.8041315575440724, 0.3333333333333333, 0.42424242424242425, 0.007121500296470518, -0.021306593349014413, 0.0, 0.0, 0.4203040996427518, 0.4203000481224425, 0.4704383128459777, 0.5254706325033605, 0.1916975315128054, 0.1916975315128054, 0.8991765715181828, 0.0, 0.0, 0.0, 0.5244144976139068, 0.45782530307769775, 0.4630564749240875, 0.770378589630127, 0.770378589630127, 0.05338137969374657, 0.6031746031746031, 0.04220223426818848, 0.8, 0.22569218277931213, 0.0]
[0.776381098088764, 0.7912890248828464, 0.3333333333333333, 0.42424242424242425, 0.03280656561892259, 0.004378471973437659, 0.0, 0.0, 0.4177288940714149, 0.41772477986935674, 0.47219972412171374, 0.5236860004888615, 0.19572975380080088, 0.19572975380080088, 0.8952680565416813, 0.0, 0.0, 0.0, 0.5405924171209335, 0.4532380998134613, 0.456316702067852, 0.7919206023216248, 0.7919206023216248, 0.05155389383435249, 0.6031746031746031, 0.04114357382059097, 0.8, 0.23598343133926392, 0.0]
[0.6847300603985786, 0.7057480563720067, 0.3333333333333333, 0.42424242424242425, 0.203888502640602, 0.17546040899511706, 0.0, 0.0, 0.4427080496319393, 0.4427047274992525, 0.721526873499212, 0.28396998896374936, 0.24609571056706567, 0.24609571056706567, 0.8770428746938705, 0.0, 0.0, 0.0, 0.5516185164451599, 0.4275423437356949, 0.4329773485660553, 0.8099446296691895, 0.8099446296691895, 0.04960128292441368, 0.6031746031746031, 0.04005017504096031, 0.8, 0.21521326899528503, 0.0]
[0.6633281789365268, 0.6857729670074251, 0.3333333333333333, 0.42424242424242425, 0.24383868136976522, 0.2154105877242803, 0.0, 0.0, 0.46107521522113515, 0.46107226063143, 0.7341487211661403, 0.2721154798690443, 0.2563761706863131, 0.2563761706863131, 0.8719464801251888, 0.0, 0.0, 0.0, 0.557466822862625, 0.4243030771613121, 0.42960426211357117, 0.8181725144386292, 0.8181725144386292, 0.047796811908483505, 0.5952047383974468, 0.03912390395998955, 0.8, 0.21090154349803925, 0.0]
[0.6554088769924074, 0.6783816185262468, 0.3333333333333333, 0.42424242424242425, 0.2586213783321218, 0.23019328468663686, 0.0, 0.0, 0.4582627278896864, 0.45825972771325485, 0.7404987926009052, 0.2661024994826859, 0.25855403925691334, 0.25855403925691334, 0.871015727519989, 0.0, 0.0, 0.0, 0.5604637831449508, 0.4229705333709717, 0.4281155839562416, 0.8222108483314514, 0.8222108483314514, 0.04592127352952957, 0.5823680029975042, 0.03797376900911331, 0.7974704329011052, 0.21094061434268951, 0.0]
[0.6445479084338461, 0.6682447145382563, 0.3333333333333333, 0.42424242424242425, 0.2788951863081028, 0.25046709266261785, 0.0, 0.0, 0.4512956372638505, 0.4512924974780694, 0.7351333944565024, 0.27101800222419137, 0.2529743633099965, 0.2529743633099965, 0.8685473427176476, 0.0, 0.0, 0.0, 0.5663841664791107, 0.42279937863349915, 0.4276570752263069, 0.829085648059845, 0.829085648059845, 0.04514121636748314, 0.5778799388143752, 0.03755945712327957, 0.7953495229052943, 0.2188500612974167, 0.0]
[0.6339730687794232, 0.6583748641941283, 0.3333333333333333, 0.42424242424242425, 0.29863488699635893, 0.270206793350874, 0.0, 0.0, 0.45896798303888586, 0.4589678804687515, 0.7499550296061354, 0.2571389410230849, 0.251821939434324, 0.251821939434324, 0.8691335394978523, 0.0, 0.0, 0.0, 0.5674555361270904, 0.4240409955382347, 0.42842552065849304, 0.8305667638778687, 0.8305667638778687, 0.045039765536785126, 0.5552925339766911, 0.03769533708691597, 0.7856512780106345, 0.23420289158821106, 0.0]
[0.6283212179938952, 0.6530998034609689, 0.3333333333333333, 0.42424242424242425, 0.3091850084626777, 0.2807569148171928, 0.0, 0.0, 0.46194658840135683, 0.4619465485129712, 0.7548898155329105, 0.25250277094763, 0.2534176302807672, 0.2534176302807672, 0.8688614144921303, 0.0, 0.0, 0.0, 0.5684894800186157, 0.42276087403297424, 0.4271566569805145, 0.8320828676223755, 0.8320828676223755, 0.044778790324926376, 0.5773274132183619, 0.03768353536725044, 0.7959913956217988, 0.2380678802728653, 0.0]
[0.6285751231369519, 0.6533367815944884, 0.3333333333333333, 0.42424242424242425, 0.3087110521956387, 0.2802829585501538, 0.0, 0.0, 0.45318865741871966, 0.45318844088176924, 0.6673018613235444, 0.33466792192736683, 0.25420282568250385, 0.25420282568250385, 0.8672762736678123, 0.0, 0.0, 0.0, 0.5716239809989929, 0.4197844937443733, 0.4237023591995239, 0.8352940082550049, 0.8352940082550049, 0.043631378561258316, 0.6031746031746031, 0.03692084923386574, 0.8, 0.24251624941825867, 0.0]
[0.6858088867295355, 0.7067549609475665, 0.3333333333333333, 0.42424242424242425, 0.20187469348948228, 0.17344659984399735, 0.0, 0.0, 0.42587609683122507, 0.42587527627014976, 0.4929334028102244, 0.5023920246059028, 0.2259663386004312, 0.2259663386004312, 0.8691253215074539, 0.0, 0.0, 0.0, 0.5765679359436034, 0.4340936616063118, 0.4339602366089821, 0.8363366723060608, 0.8363366723060608, 0.04335686191916466, 0.6031746031746031, 0.03680342808365822, 0.8, 0.27558332681655884, 0.0]
[0.6944509216007733, 0.7148208601607217, 0.3333333333333333, 0.42424242424242425, 0.1857428950631721, 0.15731480141768717, 0.0, 0.0, 0.42419730294958813, 0.424196419706764, 0.4901900370649808, 0.5052471098840072, 0.21832985537392754, 0.21832985537392754, 0.8710599169135094, 0.0, 0.0, 0.0, 0.5777720063924789, 0.4367270916700363, 0.4367367625236511, 0.8371590375900269, 0.8371590375900269, 0.043539684265851974, 0.6031746031746031, 0.03697006404399872, 0.8, 0.2809872031211853, 0.0]
[0.869991700564112, 0.8786589205265045, 0.3333333333333333, 0.42424242424242425, -0.14193322566839361, -0.17036131931387855, 0.0, 0.0, 0.4173680694335733, 0.41736704943057, 0.4851308734535487, 0.5106680753987282, 0.17112421137945993, 0.17112421137945993, 0.9034288264811039, 0.0, 0.0, 0.0, 0.5814728796482086, 0.45539719983935356, 0.45667602121829987, 0.8424080014228821, 0.8424080014228821, 0.046022895723581314, 0.6031746031746031, 0.039052724838256836, 0.8, 0.35603830218315125, 0.0]
[0.8854246203388487, 0.8930629789829254, 0.3333333333333333, 0.42424242424242425, -0.1707413425812354, -0.19916943622672034, 0.0, 0.0, 0.4107840640139169, 0.4107828958540528, 0.47904367787660196, 0.5169127674170657, 0.15956400228398188, 0.15956400228398188, 0.9118993729352951, 0.0, 0.0, 0.0, 0.5826162427663802, 0.4602854810655117, 0.4612829461693764, 0.8441981673240662, 0.8441981673240662, 0.047894638031721115, 0.6031746031746031, 0.04061111435294151, 0.8, 0.3606776297092438, 0.0]
[0.8859652841374988, 0.8935675985283322, 0.3333333333333333, 0.42424242424242425, -0.17175058167204893, -0.20017867531753386, 0.0, 0.0, 0.40794933890749346, 0.4079481080658805, 0.47647275033462116, 0.5196944808590203, 0.15257623046636581, 0.15257623046636581, 0.9130670726299286, 0.0, 0.0, 0.0, 0.5804652005434036, 0.46082819625735283, 0.462209977209568, 0.8418995141983032, 0.8418995141983032, 0.04865005984902382, 0.6031746031746031, 0.041143350303173065, 0.8, 0.3601682782173157, 0.0]
[0.8893347737335023, 0.8967124554846022, 0.3333333333333333, 0.42424242424242425, -0.1780402955845889, -0.20646838923007382, 0.0, 0.0, 0.4078907143773358, 0.40788947783738205, 0.4718597839029068, 0.5246498434944267, 0.14665862279278893, 0.14665862279278893, 0.913793820887804, 0.0, 0.0, 0.0, 0.5762631684541701, 0.4614783972501755, 0.4632933810353279, 0.8370786309242249, 0.8370786309242249, 0.049142539501190186, 0.6031746031746031, 0.04148880019783974, 0.8, 0.36393874883651733, 0.0]
[0.8833135160661879, 0.8910926149951087, 0.3333333333333333, 0.42424242424242425, -0.16680061460560203, -0.19522870825108696, 0.0, 0.0, 0.4028293284129914, 0.40282894092581695, 0.4566906325903723, 0.5401102811674264, 0.17674176820686888, 0.17674176820686888, 0.912059836089611, 0.0, 0.0, 0.0, 0.530832639336586, 0.43852905184030533, 0.44915059953927994, 0.7687917947769165, 0.7687917947769165, 0.0525188073515892, 0.5945023496945698, 0.05274629592895508, 0.8, 0.35743024945259094, 0.0]
[0.8830190407378333, 0.890817771355311, 0.3333333333333333, 0.42424242424242425, -0.16625092732600666, -0.1946790209714916, 0.0, 0.0, 0.4435037716396908, 0.4435043243787485, 0.4394087786884198, 0.5569467629916018, 0.17051711146320617, 0.17051711146320617, 0.9078800790011883, 0.0, 0.0, 0.0, 0.5291792511940002, 0.44716570526361465, 0.4526452608406544, 0.7738975882530212, 0.7738975882530212, 0.06039685383439064, 0.55920762485928, 0.06108422204852104, 0.7806693312040596, 0.3732678294181824, 0.0]
[0.8850789666175842, 0.8927403688430786, 0.3333333333333333, 0.42424242424242425, -0.1700961223015418, -0.19852421594702674, 0.0, 0.0, 0.42723233613183803, 0.42723250138372126, 0.43427746268576917, 0.5617814971834884, 0.16119171466146198, 0.16119171466146198, 0.9091263823211193, 0.0, 0.0, 0.0, 0.5461755514144897, 0.4528673142194748, 0.4595957212150097, 0.8016342520713806, 0.8016342520713806, 0.05819053575396538, 0.591261985756102, 0.053500447422266006, 0.8, 0.38035374879837036, 0.0]
[0.8841305077075958, 0.8918551405270894, 0.3333333333333333, 0.42424242424242425, -0.16832566566956342, -0.19675375931504835, 0.0, 0.0, 0.42782276971390326, 0.4278229520608089, 0.4352314959976459, 0.5608216786311138, 0.15605349625859943, 0.15605349625859943, 0.91068921610713, 0.0, 0.0, 0.0, 0.551374727487564, 0.456744771450758, 0.4635070748627186, 0.8074801564216614, 0.8074801564216614, 0.05683060362935066, 0.6031746031746031, 0.05059461668133736, 0.8, 0.38046887516975403, 0.0]
[0.8808791098140535, 0.8888205024931166, 0.3333333333333333, 0.42424242424242425, -0.1622563896016177, -0.19068448324710263, 0.0, 0.0, 0.4286803757027504, 0.42868058654136, 0.44617943895934414, 0.5497444566993772, 0.15474880380289896, 0.15474880380289896, 0.9114559814333916, 0.0, 0.0, 0.0, 0.5511215716600417, 0.4576691947877407, 0.4644070565700531, 0.8073639869689941, 0.8073639869689941, 0.05605268105864525, 0.6031746031746031, 0.04889868199825287, 0.8, 0.37343379855155945, 0.0]
[0.8757831432989664, 0.8840642670790354, 0.3333333333333333, 0.42424242424242425, -0.1527439187734554, -0.18117201241894032, 0.0, 0.0, 0.42726462862915565, 0.4272648052777205, 0.46728685401365816, 0.5285448674211488, 0.15454052282231195, 0.15454052282231195, 0.9116680473089218, 0.0, 0.0, 0.0, 0.5607581615447997, 0.45781636983156204, 0.4635111354291439, 0.8160820007324219, 0.8160820007324219, 0.05516539514064789, 0.6031746031746031, 0.04775899648666382, 0.8, 0.35912010073661804, 0.0]
[0.8718875717549097, 0.8804284003045824, 0.3333333333333333, 0.42424242424242425, -0.1454721852245493, -0.17390027887003423, 0.0, 0.0, 0.42137401441315164, 0.42137406569821884, 0.4902810253217161, 0.505501877002866, 0.15129069132464273, 0.15129069132464273, 0.9113922975957394, 0.0, 0.0, 0.0, 0.5714914470911026, 0.45750265568494797, 0.46144189313054085, 0.8291230797767639, 0.8291230797767639, 0.05366344377398491, 0.6031746031746031, 0.04632614180445671, 0.8, 0.35093677043914795, 0.0]
[0.8652404653174537, 0.8742244342962902, 0.3333333333333333, 0.42424242424242425, -0.13306425320796478, -0.1614923468534497, 0.0, 0.0, 0.41140508059105957, 0.41140489824415394, 0.505401389933339, 0.4904308482697493, 0.14245974166052683, 0.14245974166052683, 0.9121686294674873, 0.0, 0.0, 0.0, 0.5736821055412292, 0.45840658992528915, 0.46131962165236473, 0.832216203212738, 0.832216203212738, 0.05322768911719322, 0.6009537009965805, 0.04560310021042824, 0.8, 0.35378164052963257, 0.0]
[0.85240448088873, 0.8622441821628146, 0.3333333333333333, 0.42424242424242425, -0.10910374894101393, -0.13753184258649886, 0.0, 0.0, 0.4092657525042503, 0.40926551887227747, 0.5095254298206953, 0.48649898741892095, 0.13842661998101644, 0.13842661998101644, 0.8999171294271946, 0.0, 0.0, 0.0, 0.5787047296762466, 0.4577905461192131, 0.4593089371919632, 0.8379249572753906, 0.8379249572753906, 0.0526977963745594, 0.6031746031746031, 0.044820789247751236, 0.8, 0.35296431183815, 0.021017887629568577]
[0.8530616575763339, 0.862857547071245, 0.3333333333333333, 0.42424242424242425, -0.1103304787578745, -0.13875857240335943, 0.0, 0.0, 0.4109538232847108, 0.410953646636146, 0.5084205621401165, 0.48844330118850765, 0.133404726428645, 0.133404726428645, 0.8959696106612682, 0.0, 0.0, 0.0, 0.5819407224655151, 0.45717621222138405, 0.45788734406232834, 0.838630735874176, 0.838630735874176, 0.049896154552698135, 0.6031746031746031, 0.042735207825899124, 0.8, 0.34775328636169434, 0.17098188400268555]
[0.8764251349937349, 0.8846634593274858, 0.3333333333333333, 0.42424242424242425, -0.15394230327035618, -0.18237039691584112, 0.0, 0.0, 0.36763242097931204, 0.36763128131115186, 0.4906802339831912, 0.5051825989678025, 0.11564627289772035, 0.11564627289772035, 0.9133052229881287, 0.0, 0.0, 0.0, 0.5961455911397934, 0.4612167477607727, 0.4621625430881977, 0.862015962600708, 0.862015962600708, 0.047734133899211884, 0.6031746031746031, 0.04018797352910042, 0.8, 0.4064970314502716, 0.0]
[0.8921479000931694, 0.8993380400869582, 0.3333333333333333, 0.42424242424242425, -0.1832914647893008, -0.21171955843478574, 0.0, 0.0, 0.351362108044597, 0.3513567743976075, 0.485268340227025, 0.5113610363776502, 0.11201796254941396, 0.11201796254941396, 0.9168350398540497, 0.0, 0.0, 0.0, 0.5989485591650009, 0.4637971445918083, 0.4644606336951256, 0.8656510710716248, 0.8656510710716248, 0.04642830044031143, 0.6031746031746031, 0.03843453526496887, 0.8, 0.41251957416534424, 0.0]
[0.8893029845896221, 0.8966827856169807, 0.3333333333333333, 0.42424242424242425, -0.17798095584934592, -0.20640904949483085, 0.0, 0.0, 0.34336864651958987, 0.3433631191290132, 0.4820926406529392, 0.514836226498369, 0.10774573045117515, 0.10774573045117515, 0.918446633964777, 0.0, 0.0, 0.0, 0.5935154199600219, 0.46483220532536507, 0.46567436307668686, 0.857450008392334, 0.857450008392334, 0.04572056978940964, 0.6031746031746031, 0.03759434446692467, 0.8, 0.4049428105354309, 0.0]
[0.8895105719566345, 0.8968765338261921, 0.3333333333333333, 0.42424242424242425, -0.17836845226776898, -0.20679654591325392, 0.0, 0.0, 0.3339964942312149, 0.33399086427050384, 0.48369831627459187, 0.5137835634547433, 0.09671704045363835, 0.09671704045363835, 0.9192950278520584, 0.0, 0.0, 0.0, 0.5905199408531189, 0.4646601900458336, 0.46579282358288765, 0.8523069620132446, 0.8523069620132446, 0.0442093089222908, 0.6031746031746031, 0.036215879023075104, 0.8, 0.39473962783813477, 0.0]
[0.88939116753283, 0.8967650896973081, 0.3333333333333333, 0.42424242424242425, -0.1781455640100006, -0.20657365765548552, 0.0, 0.0, 0.33108134844107107, 0.331075604513544, 0.4857410332668808, 0.5118885346347419, 0.09212584367820195, 0.09212584367820195, 0.9189494997262955, 0.0, 0.0, 0.0, 0.5885504156351089, 0.46473952755331993, 0.4660937748849392, 0.8490738868713379, 0.8490738868713379, 0.04370236396789551, 0.6031746031746031, 0.0357576385140419, 0.8, 0.3901832699775696, 0.0]
[0.8882174349966503, 0.8956696059968736, 0.3333333333333333, 0.42424242424242425, -0.17595459660913182, -0.20438269025461675, 0.0, 0.0, 0.3272815124482543, 0.32727567734727436, 0.49019902477300875, 0.5075365094741439, 0.08978337049484253, 0.08978337049484253, 0.9172221384942532, 0.0, 0.0, 0.0, 0.5870394080877304, 0.46462617069482803, 0.46602722629904747, 0.8465449810028076, 0.8465449810028076, 0.04378979653120041, 0.6031746031746031, 0.0357738733291626, 0.8, 0.38756263256073, 0.0]
[0.8847892986876624, 0.8924700121084849, 0.3333333333333333, 0.42424242424242425, -0.16955540883235432, -0.19798350247783925, 0.0, 0.0, 0.3310601734066556, 0.33105445227249175, 0.49233605073013453, 0.5053693392941824, 0.08914716275674957, 0.08914716275674957, 0.9144899547100067, 0.0, 0.0, 0.0, 0.585376089811325, 0.46446214616298676, 0.4659043662250042, 0.8439591526985168, 0.8439591526985168, 0.04422396793961525, 0.6031746031746031, 0.0360436737537384, 0.8, 0.3808472156524658, 0.0]
[0.8770519239561898, 0.8852484623591105, 0.3333333333333333, 0.42424242424242425, -0.15511230933360554, -0.18354040297909047, 0.0, 0.0, 0.3323478958574809, 0.3323421861199986, 0.48307355303837285, 0.5145341973409092, 0.08663980290293694, 0.08663980290293694, 0.9127111583948135, 0.0, 0.0, 0.0, 0.5846531718969344, 0.4609505124390125, 0.46307072043418884, 0.8435758948326111, 0.8435758948326111, 0.04265337809920311, 0.6031746031746031, 0.03478937968611717, 0.8, 0.3793385326862335, 0.0]
[0.8136145763453984, 0.8260402712557051, 0.3333333333333333, 0.42424242424242425, -0.0366959271267947, -0.06512402077227963, 0.9336547255516052, 0.9340019822120667, 0.28852114759485303, 0.28851467427970345, 0.4737141351171023, 0.5256432665870883, 0.149656603378909, 0.149656603378909, 0.8907175324857235, 0.0, 0.0, 0.0, 0.5261289060115814, 0.377586230635643, 0.39559075981378555, 0.7618284821510315, 0.7618284821510315, 0.04781552031636238, 0.5300358581164526, 0.04870331287384033, 0.7772624176428762, 0.36050504446029663, 0.0]
[0.8092919268778391, 0.8220057984193165, 0.3333333333333333, 0.42424242424242425, -0.028626981454017764, -0.057055075099502695, 0.0, 0.0, 0.360580256974492, 0.3605751284677713, 0.4699187666234733, 0.526862480735637, 0.11358634169612612, 0.11358634169612612, 0.889504499733448, 0.0, 0.0, 0.0, 0.5622775554656982, 0.4180176481604576, 0.4257318526506424, 0.8099395036697388, 0.8099395036697388, 0.04920100048184395, 0.5585876892483423, 0.050576161593198776, 0.7802668374118417, 0.37112951278686523, 0.0]
[0.826570444163822, 0.8381324145529006, 0.3333333333333333, 0.42424242424242425, -0.06088021372118557, -0.0893083073666705, 0.0, 0.0, 0.37246065932979544, 0.3724558043434333, 0.4790063808114761, 0.5177114896012487, 0.09879792375223978, 0.09879792375223978, 0.8971344456076622, 0.0, 0.0, 0.0, 0.5700218081474304, 0.43440278619527817, 0.43774018064141273, 0.822404146194458, 0.822404146194458, 0.045771125704050064, 0.6031746031746031, 0.04508921876549721, 0.799001773256202, 0.37726056575775146, 0.0]
[0.8309930378482455, 0.8422601686583625, 0.3333333333333333, 0.42424242424242425, -0.0691357219321096, -0.09756381557759453, 0.0, 0.0, 0.37300723278271763, 0.37300367701805803, 0.5003326574276357, 0.49635574370401037, 0.09591948773179736, 0.09591948773179736, 0.9023900292813778, 0.0, 0.0, 0.0, 0.5742601603269577, 0.4413427710533142, 0.4425627030432224, 0.8286351561546326, 0.8286351561546326, 0.04390896111726761, 0.6031746031746031, 0.04212243854999542, 0.8, 0.37330177426338196, 0.0]
[0.8249315647851854, 0.8366027937995063, 0.3333333333333333, 0.42424242424242425, -0.05782097221439719, -0.08624906585988212, 0.0, 0.0, 0.37448597501386416, 0.37448245343924935, 0.5577117357381671, 0.4399611794419266, 0.09587873837777547, 0.09587873837777547, 0.902873907238245, 0.0, 0.0, 0.0, 0.5815498799085617, 0.44154641777276993, 0.4423842690885067, 0.8393491506576538, 0.8393491506576538, 0.04355095326900482, 0.5768238958858308, 0.04034685343503952, 0.7943530614639438, 0.3559532165527344, 0.0]
[0.8031864244313467, 0.8163073294692569, 0.3333333333333333, 0.42424242424242425, -0.017230043553898455, -0.045658137199383386, 0.0, 0.0, 0.41817702868700485, 0.41817419661162686, 0.5669538575878107, 0.4307261520265799, 0.10338342615536282, 0.10338342615536282, 0.9026695936918259, 0.0, 0.0, 0.0, 0.5848376095294952, 0.43913131207227707, 0.44072310253977776, 0.8436626195907593, 0.8436626195907593, 0.04450303688645363, 0.6031746031746031, 0.040397536009550095, 0.8, 0.36583125591278076, 0.0]
[0.7986677359967005, 0.8120898869302537, 0.3333333333333333, 0.42424242424242425, -0.008795158475892073, -0.037223252121377004, 0.0, 0.0, 0.42292109114718024, 0.42291835594359595, 0.5682791093111494, 0.4293599178362024, 0.10865626058408193, 0.10865626058408193, 0.9041411690413952, 0.0, 0.0, 0.0, 0.5804221212863921, 0.43866902589797974, 0.4403403028845787, 0.8398556113243103, 0.8398556113243103, 0.04488254711031914, 0.6031746031746031, 0.04004586860537529, 0.8, 0.37220701575279236, 0.0]
[0.7966610108103072, 0.8102169434229534, 0.3333333333333333, 0.42424242424242425, -0.005049271461291194, -0.033477365106776125, 0.0, 0.0, 0.43271076656436375, 0.432708185215981, 0.5683266562667905, 0.4292330271832523, 0.11236186006239483, 0.11236186006239483, 0.9049620851874352, 0.0, 0.0, 0.0, 0.5807214647531509, 0.4395112544298172, 0.44096415117383003, 0.839849054813385, 0.839849054813385, 0.04519006237387657, 0.6031746031746031, 0.04004960134625435, 0.8, 0.37362226843833923, 0.0]
[0.7928475730475926, 0.8066577348444197, 0.3333333333333333, 0.42424242424242425, 0.002069145695776098, -0.026358947949708833, 0.0, 0.0, 0.4428391057720148, 0.44283668397717446, 0.54077906191463, 0.45607327224596916, 0.11457612471921104, 0.11457612471921104, 0.9087393097579479, 0.0, 0.0, 0.0, 0.5799953550100326, 0.44301844015717506, 0.4448578357696533, 0.8385988473892212, 0.8385988473892212, 0.045325327664613724, 0.6031746031746031, 0.03988217934966087, 0.8, 0.3731992542743683, 0.0]
[0.7915775506269365, 0.8054723805851407, 0.3333333333333333, 0.42424242424242425, 0.004439854214334127, -0.023988239431150804, 0.0, 0.0, 0.4388955405291818, 0.4388930389575703, 0.5075708939400048, 0.4884269184587056, 0.11361138096877507, 0.11361138096877507, 0.913976464420557, 0.0, 0.0, 0.0, 0.5786864340305328, 0.4442727752029896, 0.44601237401366234, 0.8366700410842896, 0.8366700410842896, 0.04442226141691208, 0.6031746031746031, 0.039122652262449265, 0.8, 0.3705584704875946, 0.0]
[0.7398217199813752, 0.7571669386492835, 0.3333333333333333, 0.42424242424242425, 0.10105073808604836, 0.07262264444056343, 0.9606603980064392, 0.9590314030647278, 0.38868047356833463, 0.38867723691075984, 0.46919940523162174, 0.5287631680080535, 0.19164888986519407, 0.19164888986519407, 0.9010895527899265, 0.0, 0.0, 0.0, 0.5371866941452026, 0.38437772542238235, 0.3940322920680046, 0.7689260840415955, 0.7689260840415955, 0.04554126784205437, 0.4971103587793925, 0.045037489384412766, 0.7499896241135375, 0.30405357480049133, 0.0]
[0.73785281536125, 0.7553292943371667, 0.3333333333333333, 0.42424242424242425, 0.10472602671028208, 0.07629793306479715, 0.0, 0.0, 0.4568575968250034, 0.45685553687480396, 0.6860123177559381, 0.31768435907130893, 0.1811594090291432, 0.1811594090291432, 0.90480100736022, 0.0, 0.0, 0.0, 0.5564833432435989, 0.41926873475313187, 0.4268864840269089, 0.8074835538864136, 0.8074835538864136, 0.045453790575265884, 0.5864592941980513, 0.04539120942354202, 0.7976089504569076, 0.32056424021720886, 0.0]
[0.7488931832568986, 0.7656336377064388, 0.3333333333333333, 0.42424242424242425, 0.08411733997173798, 0.05568924632625305, 0.0, 0.0, 0.46652104544594003, 0.4665191649934758, 0.6835301546931951, 0.32050665609644613, 0.15445386192628316, 0.15445386192628316, 0.9124796614050865, 0.0, 0.0, 0.0, 0.5600122332572937, 0.4298979490995407, 0.4361555054783821, 0.8159781694412231, 0.8159781694412231, 0.04187064617872238, 0.5952352502989391, 0.04056111350655556, 0.8, 0.335348516702652, 0.0]
[0.755879140325955, 0.7721538643042247, 0.3333333333333333, 0.42424242424242425, 0.07107688677616608, 0.04264879313068115, 0.0, 0.0, 0.4688678757638366, 0.46888415022516344, 0.6614934057852051, 0.34133796659477306, 0.14589231461286545, 0.14589231461286545, 0.9191839322447777, 0.0, 0.0, 0.0, 0.5177779763936996, 0.4467175640165806, 0.4525737464427948, 0.7557916045188904, 0.7557916045188904, 0.04041071608662605, 0.5448725777012962, 0.03875625506043434, 0.7794533297419548, 0.3775341510772705, 0.0]
[0.7531132630649067, 0.7695723788605796, 0.3333333333333333, 0.42424242424242425, 0.0762398576634562, 0.04781176401797127, 0.0, 0.0, 0.47533299385019745, 0.47534949054681547, 0.62152539156591, 0.3795344008491732, 0.14385229242699488, 0.14385229242699488, 0.9220135435461998, 0.0, 0.0, 0.0, 0.5156085133552551, 0.44835592433810234, 0.4541117027401924, 0.7519315481185913, 0.7519315481185913, 0.03982878103852272, 0.5729374601727439, 0.03813333064317703, 0.786970703061237, 0.38383567333221436, 0.0]
[0.7594207826824415, 0.7754593971702788, 0.3333333333333333, 0.42424242424242425, 0.06446582104405796, 0.03603772739857303, 0.0, 0.0, 0.47445672579522796, 0.47447313986590445, 0.6152933783558541, 0.38584680625124546, 0.14207729803664346, 0.14207729803664346, 0.9233172461390495, 0.0, 0.0, 0.0, 0.5172621518373489, 0.4473847672343254, 0.4537340924143791, 0.7531406879425049, 0.7531406879425049, 0.03900717571377754, 0.5653920798074631, 0.03740096837282181, 0.7882333200338275, 0.4014127552509308, 0.0]
[0.7735592971245447, 0.7886553439829085, 0.3333333333333333, 0.42424242424242425, 0.03807392741879856, 0.009645833773313628, 0.0, 0.0, 0.4702818478042719, 0.47029822483573314, 0.6014646676940626, 0.39930053189830567, 0.1366535361324038, 0.1366535361324038, 0.9238256104290485, 0.0, 0.0, 0.0, 0.504097381234169, 0.44901638850569725, 0.4559135027229786, 0.734982967376709, 0.734982967376709, 0.03956522420048714, 0.537754434914816, 0.03817092254757881, 0.7788874001003975, 0.42444780468940735, 0.0]
[0.7733410660709654, 0.7884516616662343, 0.3333333333333333, 0.42424242424242425, 0.03848129205214679, 0.010053198406661856, 0.0, 0.0, 0.4706991031110629, 0.4707155399751025, 0.5918585358340699, 0.4085198660830872, 0.13403065502643585, 0.13403065502643585, 0.9237940758466721, 0.0, 0.0, 0.0, 0.5047276943922042, 0.45007263496518135, 0.45706024020910263, 0.7356690168380737, 0.7356690168380737, 0.0398525670170784, 0.5502164770686437, 0.03861750662326813, 0.7826302685709887, 0.4352853000164032, 0.0]
[0.7739339548917044, 0.7890050245655907, 0.3333333333333333, 0.42424242424242425, 0.03737456625343394, 0.008946472607949008, 0.0, 0.0, 0.4728297212839582, 0.47284663395945475, 0.48802889715417164, 0.5094393393227015, 0.13163711343492782, 0.13163711343492782, 0.9240789785981178, 0.0, 0.0, 0.0, 0.5027516812086105, 0.4514886923134327, 0.45838627964258194, 0.7313823699951172, 0.7313823699951172, 0.03991817682981491, 0.5487267275651295, 0.03896767646074295, 0.7824765973139641, 0.4445708990097046, 0.0]
[0.8072830729541325, 0.8201308680905236, 0.3333333333333333, 0.42424242424242425, -0.024877120796431784, -0.053305214441916715, 0.0, 0.0, 0.4248846368169693, 0.42490172614103067, 0.34199365967774253, 0.6549110963690526, 0.1191395361508642, 0.1191395361508642, 0.9236196205019951, 0.0, 0.0, 0.0, 0.5272962808609009, 0.45353803783655167, 0.4595773182809353, 0.7593104839324951, 0.7593104839324951, 0.04112011939287186, 0.555317818645447, 0.04029340669512749, 0.7871925969456518, 0.46711406111717224, 0.0]
[0.8093667519944054, 0.8220756351947784, 0.3333333333333333, 0.42424242424242425, -0.028766655004941466, -0.0571947486504264, 0.0, 0.0, 0.421884956141047, 0.4219019998783819, 0.34275716896494757, 0.6540919712756327, 0.11318061500787736, 0.11318061500787736, 0.9235302656888962, 0.0, 0.0, 0.0, 0.5293693423271179, 0.45425256714224815, 0.4600750543177128, 0.7619591951370239, 0.7619591951370239, 0.04159550741314888, 0.5491008413216424, 0.04106367006897926, 0.7854951515273992, 0.4799557626247406, 0.0]
[0.8112454691103526, 0.8238291045029957, 0.3333333333333333, 0.42424242424242425, -0.03227359362137616, -0.06070168726686109, 0.0, 0.0, 0.41109710236580377, 0.4111140891197307, 0.34162429322704074, 0.6551156782004797, 0.10758074798754284, 0.10758074798754284, 0.9247766099870205, 0.0, 0.0, 0.0, 0.5308034747838973, 0.454717431217432, 0.4603167548775673, 0.7632480263710022, 0.7632480263710022, 0.04117422178387642, 0.5446278320418463, 0.04084862023591995, 0.7829812589253105, 0.48195794224739075, 0.0]
[0.8125106309141432, 0.8250099221865337, 0.3333333333333333, 0.42424242424242425, -0.03463522898845184, -0.06306332263393677, 0.0, 0.0, 0.4088452092548173, 0.40886213902533625, 0.34313793209725085, 0.6536491987987362, 0.1029619068971702, 0.1029619068971702, 0.9259832985699177, 0.0, 0.0, 0.0, 0.5296729624271392, 0.4557320959866047, 0.46115441620349884, 0.7614197134971619, 0.7614197134971619, 0.04095642641186714, 0.5430663677435073, 0.040584515780210495, 0.7822535715477411, 0.48692700266838074, 0.0]
[0.8170941926184154, 0.8292879131105211, 0.3333333333333333, 0.42424242424242425, -0.04319121083642674, -0.07161930448191167, 0.0, 0.0, 0.41068356807555567, 0.4107029481326189, 0.34413993974032864, 0.6525563823966583, 0.10001766096268382, 0.10001766096268382, 0.9277290441095829, 0.0, 0.0, 0.0, 0.5303354442119598, 0.45705805718898773, 0.4620106518268585, 0.7618106007575989, 0.7618106007575989, 0.04069417342543602, 0.5455215587502433, 0.04028833284974098, 0.7830999150525693, 0.48832330107688904, 0.0]
[0.8190900612445104, 0.8311507238282098, 0.3333333333333333, 0.42424242424242425, -0.0469168322718041, -0.07534492591728903, 0.0, 0.0, 0.41117130046136974, 0.41119061783668415, 0.36010934609072154, 0.6364179974481612, 0.09586906858852932, 0.09586906858852932, 0.9294350147247314, 0.0, 0.0, 0.0, 0.5192183673381805, 0.45984745398163795, 0.46376345679163933, 0.7430377006530762, 0.7430377006530762, 0.04115154966711998, 0.5383898984818232, 0.040617603808641434, 0.778437429216019, 0.49616289138793945, 0.0]
[0.8200152104809171, 0.8320141964488559, 0.3333333333333333, 0.42424242424242425, -0.04864377751309645, -0.07707187115858138, 0.0, 0.0, 0.4120487993579522, 0.4120682079067194, 0.3817507555106402, 0.6141967077733403, 0.09310447211776461, 0.09310447211776461, 0.930940318852663, 0.0, 0.0, 0.0, 0.5233746707439423, 0.4608130417764187, 0.4645291864871979, 0.7493782639503479, 0.7493782639503479, 0.041316673159599304, 0.5398187187929002, 0.040382739156484604, 0.7787096608690052, 0.48673346638679504, 0.0]
[0.8223352857998438, 0.8341796000798543, 0.3333333333333333, 0.42424242424242425, -0.0529745847750932, -0.08140267842057813, 0.0, 0.0, 0.4113937522895478, 0.4114130867598845, 0.4017428029791575, 0.5940311515257823, 0.09035666074071612, 0.09035666074071612, 0.9314924031496048, 0.0, 0.0, 0.0, 0.5329717487096786, 0.4605433791875839, 0.46393413096666336, 0.763500452041626, 0.763500452041626, 0.04126322641968727, 0.5494383289700462, 0.039365269243717194, 0.7809591379969619, 0.47217676043510437, 0.0]
[0.8192964778060005, 0.8313433792856004, 0.3333333333333333, 0.42424242424242425, -0.04730214318658543, -0.07573023683207036, 0.0, 0.0, 0.40614276543174144, 0.4061619517452174, 0.4189735199707644, 0.5766996137903885, 0.0898439809679985, 0.0898439809679985, 0.9303082153201103, 0.0, 0.0, 0.0, 0.535887786746025, 0.4598289430141449, 0.4626874774694443, 0.7672694325447083, 0.7672694325447083, 0.04106111824512482, 0.5578007541951678, 0.03841838613152504, 0.7837704902644768, 0.46237578988075256, 0.0]
[0.783751123717853, 0.7981677154699962, 0.3333333333333333, 0.42424242424242425, 0.019049184444623113, -0.009378909200861818, 0.1882610023021698, 0.1877780705690384, 0.38996913054705123, 0.3899877983115143, 0.42865600959748656, 0.5677883333338783, 0.10008720947163446, 0.10008720947163446, 0.9212457053363323, 0.0, 0.0, 0.0, 0.49999896883964534, 0.4308033809065819, 0.4361857771873474, 0.7051605582237244, 0.7051605582237244, 0.040996480733156204, 0.48760383185886197, 0.039849817752838135, 0.7535455293606881, 0.42875802516937256, 0.046319165267050266]
[0.7330005183106377, 0.7508004837565951, 0.3333333333333333, 0.42424242424242425, 0.11378364787142503, 0.0853555542259401, 0.4355265498161316, 0.43399664759635925, 0.31547640796829135, 0.3154933548338327, 0.4351319117938127, 0.5625078283584318, 0.12618240501199451, 0.12618240501199451, 0.910601943731308, 0.0, 0.0, 0.0, 0.4833345979452133, 0.4021572321653366, 0.4136127084493637, 0.6817643642425537, 0.6817643642425537, 0.044305190443992615, 0.482277923822403, 0.0, 0.6976744186046512, 0.4161219000816345, 0.05966838449239731]
[0.7648386054095768, 0.780516031715605, 0.3333333333333333, 0.42424242424242425, 0.05435255195340549, 0.02592445830792056, 0.0, 0.0, 0.4172641658874132, 0.41728345477102363, 0.4313172430198917, 0.5646090943778628, 0.11021931788751058, 0.11021931788751058, 0.9111421965062618, 0.0, 0.0, 0.0, 0.5216664373874664, 0.4307391792535782, 0.4338901489973068, 0.7406380772590637, 0.7406380772590637, 0.04402352496981621, 0.49452695865479723, 0.0457318052649498, 0.7557155607744706, 0.4118906855583191, 0.06982656195759773]
[0.7709984793549493, 0.7862652473979526, 0.3333333333333333, 0.42424242424242425, 0.04285412058871019, 0.014426026943225256, 0.0, 0.0, 0.4187469995272547, 0.4187663169025691, 0.43405824751516603, 0.5617843876668596, 0.09645817535264152, 0.09645817535264152, 0.9161777310073376, 0.0, 0.0, 0.0, 0.5346400737762451, 0.43199051171541214, 0.4350443109869957, 0.764738142490387, 0.764738142490387, 0.041352562606334686, 0.513163852786261, 0.04235808178782463, 0.7630920176242674, 0.4109498858451843, 0.06329069845378399]
[0.7714398907763618, 0.7866772313912709, 0.3333333333333333, 0.42424242424242425, 0.042030152602073545, 0.013602058956588614, 0.0, 0.0, 0.41603169454899164, 0.4160509948292836, 0.4410703578824979, 0.5546278436811666, 0.09106891495840891, 0.09106891495840891, 0.919283039867878, 0.0, 0.0, 0.0, 0.5405526340007781, 0.4312174394726753, 0.43430162221193314, 0.7742457985877991, 0.7742457985877991, 0.03906235843896866, 0.5346814961660475, 0.03917938470840454, 0.7738183772321358, 0.4038940966129303, 0.06339192390441895]
[0.7764879429624194, 0.7913887467649248, 0.3333333333333333, 0.42424242424242425, 0.032607121854765886, 0.004179028209280955, 0.0, 0.0, 0.4091779353741706, 0.4091975148731618, 0.4471153230557706, 0.5485256642280477, 0.08809195565325874, 0.08809195565325874, 0.9198876619338989, 0.0, 0.0, 0.0, 0.541279849410057, 0.4311339482665062, 0.4342136085033417, 0.7757173776626587, 0.7757173776626587, 0.03766809403896332, 0.5312954083321586, 0.037042200565338135, 0.7723379771896574, 0.39874330163002014, 0.0621805340051651]
[0.7934367188385554, 0.8072076042493184, 0.3333333333333333, 0.42424242424242425, 0.0009694068859785743, -0.027458686759506357, 0.0, 0.0, 0.4026325533084614, 0.4026521100140894, 0.4459695120842461, 0.5495448388350803, 0.08825744103108134, 0.08825744103108134, 0.9205262809991837, 0.0, 0.0, 0.0, 0.5506388545036316, 0.4356691986322403, 0.4382715970277786, 0.7917352318763733, 0.7917352318763733, 0.037329040467739105, 0.5626694484362527, 0.03580553084611893, 0.7854110543984314, 0.38093382120132446, 0.0031882256735116243]
[0.8247046591270537, 0.8363910151852502, 0.3333333333333333, 0.42424242424242425, -0.05739741498588491, -0.08582550863136984, 0.0, 0.0, 0.39985979765824564, 0.399879285983784, 0.44569776960814206, 0.5498005365642211, 0.09061976468988828, 0.09061976468988828, 0.9219258613884449, 0.0, 0.0, 0.0, 0.5548771440982818, 0.45374833792448044, 0.4538530707359314, 0.7983255982398987, 0.7983255982398987, 0.0377960242331028, 0.6031746031746031, 0.03543875366449356, 0.8, 0.3516693711280823, 0.0]
[0.893522478994869, 0.9006209803952111, 0.3333333333333333, 0.42424242424242425, -0.18585734540580678, -0.21428543905129172, 0.0, 0.0, 0.3945908838202803, 0.3946101784022315, 0.4494904370882315, 0.5462762940574508, 0.09291585268718856, 0.09291585268718856, 0.9272779822349548, 0.0, 0.0, 0.0, 0.5631913363933563, 0.4703607112169266, 0.4701211489737034, 0.8091017603874207, 0.8091017603874207, 0.03783968836069107, 0.6031746031746031, 0.03441198170185089, 0.8, 0.35046085715293884, 0.0]
[0.9132840441805976, 0.919065107901891, 0.3333333333333333, 0.42424242424242425, -0.2227456004191667, -0.2511736940646516, 0.0, 0.0, 0.38618107872301033, 0.3862001795613743, 0.4510014889117181, 0.5449982580736942, 0.09380366121019637, 0.09380366121019637, 0.9334820471704006, 0.0, 0.0, 0.0, 0.5732699632644653, 0.47552293352782726, 0.475366935133934, 0.8242681622505188, 0.8242681622505188, 0.0384611077606678, 0.6031746031746031, 0.03399093076586723, 0.8, 0.3768896162509918, 0.0]
[0.9162244512921288, 0.9218094878726535, 0.3333333333333333, 0.42424242424242425, -0.22823436036069167, -0.2566624540061766, 0.0, 0.0, 0.3827435660316657, 0.38276255290321365, 0.4502370963816889, 0.5458786182496511, 0.09486594902617591, 0.09486594902617591, 0.9368445817381144, 0.0, 0.0, 0.0, 0.566344153881073, 0.477897459641099, 0.4778306409716606, 0.8131669759750366, 0.8131669759750366, 0.040903184562921524, 0.6031746031746031, 0.035430051386356354, 0.8, 0.3909064531326294, 0.0]
[0.9208787225541615, 0.926153474383884, 0.3333333333333333, 0.42424242424242425, -0.2369223333831526, -0.26535042702863754, 0.0, 0.0, 0.3811604415937318, 0.38117936008519016, 0.4521699222962213, 0.5439418668905995, 0.09400993585586548, 0.09400993585586548, 0.9394645784050226, 0.0, 0.0, 0.0, 0.5706282973289489, 0.4792596474289894, 0.47930023446679115, 0.8206748962402344, 0.8206748962402344, 0.04145871847867966, 0.6031746031746031, 0.03544224426150322, 0.8, 0.39369499683380127, 0.0]
[0.9191852765423911, 0.9245729247728983, 0.3333333333333333, 0.42424242424242425, -0.23376123416118122, -0.26218932780666615, 0.0, 0.0, 0.383451026438755, 0.38347002470698455, 0.45519896082394895, 0.5408443898652703, 0.09348012506961823, 0.09348012506961823, 0.9406332895159721, 0.0, 0.0, 0.0, 0.571244466304779, 0.4799192324280739, 0.4800473526120186, 0.822010338306427, 0.822010338306427, 0.04164121299982071, 0.6031746031746031, 0.03528519347310066, 0.8, 0.3884742856025696, 0.0]
[0.9154461671908696, 0.921083089378145, 0.3333333333333333, 0.42424242424242425, -0.22678156337167454, -0.2552096570171595, 0.0, 0.0, 0.37597846164302207, 0.375997391531162, 0.45597561048504043, 0.5400027235602279, 0.09506393490093096, 0.09506393490093096, 0.9398522488772869, 0.0, 0.0, 0.0, 0.5723206341266631, 0.4794295057654381, 0.4795997180044651, 0.8239728808403015, 0.8239728808403015, 0.04173066094517708, 0.6031746031746031, 0.035118136554956436, 0.8, 0.3724411427974701, 0.0]
[0.9065286914507548, 0.9127601120207045, 0.3333333333333333, 0.42424242424242425, -0.21013560865679348, -0.2385637023022784, 0.0, 0.0, 0.37664062024074574, 0.37665960711229374, 0.4548214742376061, 0.5410246953403011, 0.0960004036980016, 0.0960004036980016, 0.9380233492702246, 0.0, 0.0, 0.0, 0.5693986713886261, 0.4776866193860769, 0.47786655835807323, 0.8196526169776917, 0.8196526169776917, 0.04170181602239609, 0.6031746031746031, 0.035085685551166534, 0.8, 0.36744317412376404, 0.0]
[0.9006165138312748, 0.9072420795758565, 0.3333333333333333, 0.42424242424242425, -0.1990995437670976, -0.22752763741258253, 0.0, 0.0, 0.3844398253278568, 0.3844589375629024, 0.45612410069879566, 0.5397476188146767, 0.09516842929380281, 0.09516842929380281, 0.9363866820931435, 0.0, 0.0, 0.0, 0.5515774399042129, 0.4768306836485863, 0.4770890139043331, 0.7947753667831421, 0.7947753667831421, 0.04353194683790207, 0.6031746031746031, 0.036891307681798935, 0.8, 0.3711562156677246, 0.0]
[0.8957631346725282, 0.902712259027693, 0.3333333333333333, 0.42424242424242425, -0.19003990267077053, -0.21846799631625546, 0.0, 0.0, 0.38829397790518594, 0.3883132155037291, 0.45087560686508965, 0.5447236179912929, 0.09599590674042702, 0.09599590674042702, 0.9352807495743036, 0.0, 0.0, 0.0, 0.5624418616294861, 0.4754205159842968, 0.47576985135674477, 0.8111099004745483, 0.8111099004745483, 0.044172488152980804, 0.6031746031746031, 0.037637338042259216, 0.8, 0.3707631230354309, 0.0]
[0.8712202835650671, 0.8798055979940627, 0.3333333333333333, 0.42424242424242425, -0.1442265806035098, -0.17265467424899472, 0.0, 0.0, 0.42052415246945263, 0.42054391431534954, 0.4967272021232554, 0.49889828068753683, 0.10107067546674184, 0.10107067546674184, 0.9347689785063267, 0.0, 0.0, 0.0, 0.5539550811052322, 0.4740398582071066, 0.4747734386473894, 0.8021117448806763, 0.8021117448806763, 0.04458470270037651, 0.6031746031746031, 0.038051214069128036, 0.8, 0.3662083148956299, 0.0]
[0.8253389341490609, 0.8369830052057903, 0.3333333333333333, 0.42424242424242425, -0.05858139502696502, -0.08700948867244995, 0.0, 0.0, 0.4507938356745995, 0.4508128510378515, 0.6951474304636851, 0.3085614750029202, 0.12089902801173075, 0.12089902801173075, 0.9327849224209785, 0.0, 0.0, 0.0, 0.5295771867036819, 0.46778369694948196, 0.4703234229236841, 0.7722049355506897, 0.7722049355506897, 0.04557960107922554, 0.5761639636660378, 0.03952809050679207, 0.7973089173089627, 0.34837982058525085, 0.0]
[0.7977822167532784, 0.8112634023030598, 0.3333333333333333, 0.42424242424242425, -0.007142189221504336, -0.03557028286698927, 0.0, 0.0, 0.45743455383107495, 0.4574538056754701, 0.6708834736570574, 0.3314637676884927, 0.12579164334705897, 0.12579164334705897, 0.9313623309135437, 0.0, 0.0, 0.0, 0.530177292227745, 0.46145785599946976, 0.4649377726018429, 0.7745183706283569, 0.7745183706283569, 0.04525494575500488, 0.5868501303687927, 0.03957507014274597, 0.7980506997122321, 0.32563135027885437, 0.0]
[0.6491738940988269, 0.672562301158905, 0.3333333333333333, 0.42424242424242425, 0.27026001306680536, 0.24183191942132043, 0.9266238808631897, 0.9256014823913574, 0.3882914820319152, 0.38831022957314953, 0.4466402637798973, 0.5505143260472085, 0.16087139291422708, 0.16087139291422708, 0.9222225286066532, 0.0, 0.0, 0.0, 0.4838581621646881, 0.4085472449660301, 0.4193493202328682, 0.6909052133560181, 0.6909052133560181, 0.0, 0.5, 0.0, 0.6976744186046512, 0.22195173799991608, 0.0]
[0.6067620051049051, 0.6329778714312447, 0.3333333333333333, 0.42424242424242425, 0.34942887252212596, 0.321000778876641, 0.025721758604049683, 0.025086643174290657, 0.44265108331895464, 0.4426713409205012, 0.4525821003813589, 0.5425245898124998, 0.13372943337474552, 0.13372943337474552, 0.9202161990106106, 0.0, 0.0, 0.0, 0.4718012273311615, 0.428451806306839, 0.43430937826633453, 0.6765962243080139, 0.6765962243080139, 0.0, 0.5, 0.0, 0.6976744186046512, 0.22656655311584473, 0.0]
[0.5849297594811236, 0.6126011088490486, 0.3333333333333333, 0.42424242424242425, 0.3901823976865182, 0.36175430404103326, 0.0, 0.0, 0.45527589982144007, 0.45529643664168584, 0.4489460233064728, 0.545856641173768, 0.11410217732191087, 0.11410217732191087, 0.9266912862658501, 0.0, 0.0, 0.0, 0.44327088892459865, 0.4400835298001766, 0.44517800211906433, 0.6431344747543335, 0.6431344747543335, 0.0, 0.5, 0.0, 0.6976744186046512, 0.24226488173007965, 0.0]
[0.4642857142857143, 0.5, 0.3333333333333333, 0.42424242424242425, 0.6153846153846154, 0.5869565217391305, 0.3182707726955414, 0.31697964668273926, 0.38301588973853146, 0.383034888006761, 0.44600189005667573, 0.550243055464952, 0.10258547961711884, 0.10258547961711884, 0.9313475973904133, 0.0, 0.0, 0.0, 0.3337385922670364, 0.44579392299056053, 0.45031099393963814, 0.4839343726634979, 0.4839343726634979, 0.09312888234853745, 0.46274844706058504, 0.09613215178251266, 0.5967345972393835, 0.15380850434303284, 0.0025267049204558134]
[0.4642857142857143, 0.5, 0.3333333333333333, 0.42424242424242425, 0.6153846153846154, 0.5869565217391305, 0.0, 0.0, 0.47896005330076635, 0.4789806556519313, 0.44163305194154523, 0.5539521681738807, 0.10184745703424727, 0.10184745703424727, 0.9346499554812908, 0.0, 0.0, 0.0, 0.1947547599673271, 0.4718383513391018, 0.4730165861546993, 0.28840312361717224, 0.28840312361717224, 0.09418191760778427, 0.46232723295688627, 0.09705494344234467, 0.5988896794097368, 0.08501210808753967, 0.010898415930569172]
[0.4642857142857143, 0.5, 0.3333333333333333, 0.42424242424242425, 0.6153846153846154, 0.5869565217391305, 0.0, 0.0, 0.5004085379138048, 0.5004306945319414, 0.44233694518729333, 0.5528364971514363, 0.08332290021436556, 0.08332290021436556, 0.9401850011199713, 0.0, 0.0, 0.0, 0.10581529736518859, 0.4834828395396471, 0.484125891700387, 0.1608520895242691, 0.1608520895242691, 0.094545878469944, 0.4621816486120224, 0.09539943188428879, 0.612953125044357, 0.055298447608947754, 0.01451480551622808]
[0.4642857142857143, 0.5, 0.3333333333333333, 0.42424242424242425, 0.6153846153846154, 0.5869565217391305, 0.0, 0.0, 0.5100303355810974, 0.5100525598225129, 0.44585018312953856, 0.5495409639633358, 0.07727508832301412, 0.07727508832301412, 0.9408202096819878, 0.0, 0.0, 0.0, 0.07169117741286754, 0.48701439145952463, 0.487788911908865, 0.1129036396741867, -0.0, 0.10788534581661224, 0.4568458616733551, 0.10185623914003372, 0.6024519544701243, 0.05017263814806938, 0.010383112821727991]
[0.4642857142857143, 0.5, 0.3333333333333333, 0.42424242424242425, 0.6153846153846154, 0.5869565217391305, 0.0, 0.0, 0.5047298611264611, 0.5047522623725876, 0.4486409797267294, 0.5460275586323295, 0.07460133305617742, 0.07460133305617742, 0.9399745687842369, 0.0, 0.0, 0.0, 0.06269106008112431, 0.48887267522513866, 0.4898291854187846, 0.0, -0.0, 0.12442740797996521, 0.4502290368080139, 0.11492349952459335, 0.5728239929953287, 0.041700106114149094, 0.003440828586462885]
[0.4642857142857143, 0.5, 0.3333333333333333, 0.42424242424242425, 0.6153846153846154, 0.5869565217391305, 0.0, 0.0, 0.5111859120841692, 0.5112084967456402, 0.44476323601848533, 0.5497093282090724, 0.0755648607654231, 0.0755648607654231, 0.9382836781442165, 0.0, 0.0, 0.0, 0.06182008199393749, 0.489310915581882, 0.49033470917493105, 0.0, -0.0, 0.14489240944385529, 0.4420430362224579, 0.13687719404697418, 0.5732148781765339, 0.039732400327920914, 0.003284019767306745]
[0.4642857142857143, 0.5, 0.3333333333333333, 0.42424242424242425, 0.6153846153846154, 0.5869565217391305, 0.0, 0.0, 0.5116949021303403, 0.5117175359400007, 0.4428254639441379, 0.5515562195828672, 0.07559037368212428, 0.07559037368212428, 0.9361402150243521, 0.0, 0.0, 0.0, 0.06175725199282169, 0.489677332341671, 0.4906310895457864, 0.0, -0.0, 0.15808811783790588, 0.4367647528648376, 0.1514964997768402, 0.570303745741068, 0.038037605583667755, 0.005950823542661965]
[0.4642857142857143, 0.5, 0.3333333333333333, 0.42424242424242425, 0.6153846153846154, 0.5869565217391305, 0.0, 0.0, 0.5642250646368723, 0.5642480175536175, 0.4477716921392408, 0.5478340751246735, 0.0942448845931462, 0.0942448845931462, 0.9360167812556028, 0.0, 0.0, 0.0, 0.06425519436597824, 0.4901477452367544, 0.49098140839487314, 0.10209178179502487, -0.0, 0.15484365820884705, 0.43806253671646117, 0.1482640653848648, 0.5753318688204122, 0.04013421759009361, 0.008852907340042293]
[0.4642857142857143, 0.5, 0.3333333333333333, 0.42424242424242425, 0.6153846153846154, 0.5869565217391305, 0.0, 0.0, 0.5648059819898004, 0.5648289576999088, 0.45084892153511996, 0.5446826105940132, 0.09368013590574265, 0.09368013590574265, 0.9379510637372732, 0.0, 0.0, 0.0, 0.06544339172542095, 0.49097149167209864, 0.4917680388316512, 0.1040002778172493, -0.0, 0.15078774094581604, 0.43968490362167356, 0.14385662972927094, 0.5905150119648424, 0.042091090232133865, 0.006697684293612838]
[0.4642857142857143, 0.5, 0.3333333333333333, 0.42424242424242425, 0.6153846153846154, 0.5869565217391305, 0.0, 0.0, 0.5770680706086168, 0.5770911033021332, 0.4546649009274251, 0.5411593599546886, 0.09186410478183202, 0.09186410478183202, 0.9397976137697697, 0.0, 0.0, 0.0, 0.066628298163414, 0.4917383026331663, 0.49243235029280186, 0.10559370368719101, -0.0, 0.1471884697675705, 0.4411246120929718, 0.14059345424175262, 0.5907542067904805, 0.043809060007333755, 0.00558467349037528]
[0.4642857142857143, 0.5, 0.3333333333333333, 0.42424242424242425, 0.6153846153846154, 0.5869565217391305, 0.0, 0.0, 0.571948795200078, 0.5719718051002313, 0.45181184995698653, 0.5439016622470801, 0.09158439934253693, 0.09158439934253693, 0.9410834908485413, 0.0, 0.0, 0.0, 0.0674731470644474, 0.4922301033511758, 0.4928603135049343, 0.10690617561340332, -0.0, 0.14206647872924805, 0.4431734085083008, 0.13553451001644135, 0.5907567642455878, 0.04515892267227173, 0.003334415378049016]
[0.4642857142857143, 0.5, 0.3333333333333333, 0.42424242424242425, 0.6153846153846154, 0.5869565217391305, 0.0, 0.0, 0.5708232475284408, 0.5708462574285941, 0.4503921995199433, 0.5453136555386724, 0.093113226549966, 0.093113226549966, 0.9413555152714252, 0.0, 0.0, 0.0, 0.06803229860961436, 0.4922834727913141, 0.49299003276973963, 0.1083274558186531, -0.0, 0.13638228178024292, 0.44544708728790283, 0.12903809547424316, 0.5924697185671607, 0.046510905027389526, 0.000968619278864935]
[0.4642857142857143, 0.5, 0.3333333333333333, 0.42424242424242425, 0.6153846153846154, 0.5869565217391305, 0.0, 0.0, 0.5691543288714115, 0.5691746605513884, 0.4514065155791507, 0.5441961781421942, 0.0902328347521169, 0.0902328347521169, 0.942486634477973, 0.0, 0.0, 0.0, 0.0673257727175951, 0.4924916992895305, 0.493216241709888, 0.10730556398630142, -0.0, 0.13060733675956726, 0.4477570652961731, 0.12316223233938217, 0.6038889219594556, 0.04658754914999008, 0.0001088852877728641]
[0.4642857142857143, 0.5, 0.3333333333333333, 0.42424242424242425, 0.6153846153846154, 0.5869565217391305, 0.0, 0.0, 0.5569124180773704, 0.5569326072988273, 0.45484422486325293, 0.5405480918140707, 0.08935599188719477, 0.08935599188719477, 0.9428623411804438, 0.0, 0.0, 0.0, 0.06705165095627308, 0.49246401293203235, 0.49324166076257825, 0.10696364939212799, -0.0, 0.1258501559495926, 0.449659937620163, 0.11812134087085724, 0.6032739891562351, 0.04638177528977394, 0.0005440355744212866]
[0.4642857142857143, 0.5, 0.3333333333333333, 0.42424242424242425, 0.6153846153846154, 0.5869565217391305, 0.0, 0.0, 0.5526414888538776, 0.5526616609803121, 0.45444999655163765, 0.5408056781870407, 0.08970436507037709, 0.08970436507037709, 0.9427642785012722, 0.0, 0.0, 0.0, 0.06704825051128864, 0.4924188069999218, 0.4932242287322879, 0.10704989731311798, -0.0, 0.1249174252152443, 0.45003302991390226, 0.11700548231601715, 0.6025784445363422, 0.046311113983392715, 0.0005505536682903767]

程序已被终止，正在关闭套接字...
套接字已关闭。
