YAML 文件验证通过
init data completed...
[0.4642857142857143, 0.5, 0.3333333333333333, 0.42424242424242425, 0.6153846153846154, 0.5869565217391305, 0.0, 0.0, 0.4524088280834614, 0.45241356625383716, 0.4491630104258229, 0.545502218621816, 0.028336396706955775, 0.028336396706955775, 0.9735554037615657, 0.0, 0.0, 0.0, 0.030120504088699814, 0.49782157712616026, 0.498684088117443, 0.0, -0.0, 0.0, 0.5, 0.0, 0.6976744186046512, 0.0297420434653759, 0.0]
[0.4642857142857143, 0.5, 0.3333333333333333, 0.42424242424242425, 0.6153846153846154, 0.5869565217391305, 0.0, 0.0, 0.45550002981098386, 0.4555037337325043, 0.4501607158215962, 0.5446264876354671, 0.013480509099151407, 0.013480509099151407, 0.9817246105521917, 0.0, 0.0, 0.0, 0.01960002537816763, 0.5, 0.5, 0.0, -0.0, 0.0, 0.5, 0.0, 0.6976744186046512, 0.018053868785500526, 0.0]
[0.4642857142857143, 0.5, 0.3333333333333333, 0.42424242424242425, 0.6153846153846154, 0.5869565217391305, 0.0, 0.0, 0.46016534405046394, 0.4601691049553924, 0.44966256686879846, 0.5451081705202285, 0.022040584257670814, 0.022040584257670814, 0.9766993094235659, 0.0, 0.0, 0.0, 0.01985912024974823, 0.4994997071335092, 0.49995559893068275, 0.0, -0.0, 0.0, 0.5, 0.0, 0.6976744186046512, 0.01722279191017151, 0.0]
[0.4642857142857143, 0.5, 0.3333333333333333, 0.42424242424242425, 0.6153846153846154, 0.5869565217391305, 0.0, 0.0, 0.4612913874777508, 0.46129517687438326, 0.44997847148610803, 0.5447723729951838, 0.022875510954431126, 0.022875510954431126, 0.9761228123679757, 0.0, 0.0, 0.0, 0.020085796806961296, 0.4992389515391551, 0.49970787804340944, 0.0, -0.0, 0.0, 0.5, 0.0, 0.6976744186046512, 0.017232190817594528, 0.0]
[0.4642857142857143, 0.5, 0.3333333333333333, 0.42424242424242425, 0.6153846153846154, 0.5869565217391305, 0.41425102949142456, 0.41113945841789246, 0.332353468834784, 0.33235538347729304, 0.45344896332483675, 0.5428251487980331, 0.06418850805078234, 0.06418850805078234, 0.9270044378936291, 0.0, 0.0, 0.0, 0.06127142906188964, 0.49019813258200884, 0.49169921036809683, 0.0, -0.0, 0.0, 0.5, 0.0, 0.6976744186046512, 0.022612929344177246, 0.0]
[0.4642857142857143, 0.5, 0.3333333333333333, 0.42424242424242425, 0.6153846153846154, 0.5869565217391305, 0.10312220454216003, 0.10249260812997818, 0.41191540689814843, 0.4119185181922256, 0.4502310561404401, 0.544474126823723, 0.04777246021798679, 0.04777246021798679, 0.9528952166438103, 0.0, 0.0, 0.0, 0.037852504476904865, 0.4904560996219516, 0.4917158242315054, 0.0, -0.0, 0.0, 0.5, 0.0, 0.6976744186046512, 0.02301628701388836, 0.0]
[0.4642857142857143, 0.5, 0.3333333333333333, 0.42424242424242425, 0.6153846153846154, 0.5869565217391305, 0.0, 0.0, 0.45102539914971784, 0.4510290745795343, 0.4479265958355672, 0.546127828061644, 0.037984321159975874, 0.037984321159975874, 0.9616123382002115, 0.0, 0.0, 0.0, 0.03257904406636953, 0.4931581523269415, 0.4938437594100833, 0.0, -0.0, 0.0, 0.5, 0.0, 0.6976744186046512, 0.021818198263645172, 0.0]
[0.4642857142857143, 0.5, 0.3333333333333333, 0.42424242424242425, 0.6153846153846154, 0.5869565217391305, 0.9800799489021301, 0.9800618886947632, 0.38401803414178853, 0.38402064398187524, 0.46753445546896005, 0.5294347488122911, 0.07282010678734098, 0.07282010678734098, 0.9147893264889717, 0.0, 0.0, 0.0, 0.06512502767145634, 0.486610347405076, 0.48802684526890516, 0.0, -0.0, 0.0, 0.5, 0.0, 0.6976744186046512, 0.024163054302334785, 0.0]
[0.4642857142857143, 0.5, 0.3333333333333333, 0.42424242424242425, 0.6153846153846154, 0.5869565217391305, 0.16306771337985992, 0.1621520221233368, 0.37155733555270426, 0.37155982002929333, 0.4603627659166748, 0.5351694094126762, 0.05112691383276667, 0.05112691383276667, 0.9490961600095034, 0.0, 0.0, 0.0, 0.0403277950361371, 0.48786972276866436, 0.4883540701121092, 0.0, -0.0, 0.0, 0.5, 0.0, 0.6976744186046512, 0.025029489770531654, 0.0]
[0.4642857142857143, 0.5, 0.3333333333333333, 0.42424242424242425, 0.6153846153846154, 0.5869565217391305, 0.0, 0.0, 0.4176262555569125, 0.4176294181360569, 0.4546566839199905, 0.5401541726374439, 0.03369996856365885, 0.03369996856365885, 0.9657233022153378, 0.0, 0.0, 0.0, 0.02329417075961828, 0.4925716919824481, 0.4927109540440142, 0.0, -0.0, 0.0, 0.5, 0.0, 0.6976744186046512, 0.021501144394278526, 0.0]
[0.4642857142857143, 0.5, 0.3333333333333333, 0.42424242424242425, 0.6153846153846154, 0.5869565217391305, 0.0, 0.0, 0.38316890158571204, 0.38317156840920674, 0.4574339013710533, 0.5377124834648231, 0.027172212888087546, 0.027172212888087546, 0.9694834817200899, 0.0, 0.0, 0.0, 0.02000993089750409, 0.4945554956793785, 0.49473601719364524, 0.0, -0.0, 0.0, 0.5, 0.0, 0.6976744186046512, 0.017637718468904495, 0.0]
[0.4642857142857143, 0.5, 0.3333333333333333, 0.42424242424242425, 0.6153846153846154, 0.5869565217391305, 0.0, 0.0, 0.3566952307867046, 0.3566975215197066, 0.46144674704134125, 0.5342528868537054, 0.024293383051242148, 0.024293383051242148, 0.9699474908411503, 0.0, 0.0, 0.0, 0.01871405430138111, 0.49528749100863934, 0.4954885640181601, 0.0, -0.0, 0.0, 0.5, 0.0, 0.6976744186046512, 0.016411244869232178, 0.0]
[0.4642857142857143, 0.5, 0.3333333333333333, 0.42424242424242425, 0.6153846153846154, 0.5869565217391305, 0.0, 0.0, 0.323942090995453, 0.32394390306782767, 0.4594941564317415, 0.5371262039732017, 0.020539072076124806, 0.020539072076124806, 0.9681132268160582, 0.0, 0.0, 0.0, 0.016822917945683, 0.49608943425118923, 0.49633014807477593, 0.0, -0.0, 0.0, 0.5, 0.0, 0.6976744186046512, 0.015363939106464386, 0.0]
[0.4642857142857143, 0.5, 0.3333333333333333, 0.42424242424242425, 0.6153846153846154, 0.5869565217391305, 0.0, 0.0, 0.2976591436630453, 0.2976605568515639, 0.4591726104570392, 0.5380161024593664, 0.021090160257049972, 0.021090160257049972, 0.9479817189276218, 0.0, 0.0, 0.0, 0.020712858159095047, 0.49570612516254187, 0.496092835906893, 0.0, -0.0, 0.0, 0.5, 0.0, 0.6976744186046512, 0.01709507219493389, 0.0]
[0.8784566244908741, 0.8865595161914825, 0.3333333333333333, 0.42424242424242425, -0.15773441699834967, -0.1861625106438346, 0.0, 0.0, 0.2515620282685551, 0.25156273486281444, 0.4639604903088017, 0.5348380295263371, 0.029294050431677276, 0.029294050431677276, 0.9278556406497955, 0.0, 0.0, 0.0, 0.1041251927614212, 0.49128207564353943, 0.4928842815570533, 0.1574174463748932, 0.1574174463748932, 0.0, 0.5, 0.0, 0.6976744186046512, 0.056137874722480774, 0.0]
[0.9167796259834653, 0.9223276509179009, 0.3333333333333333, 0.42424242424242425, -0.22927068645118642, -0.25769878009667135, 0.0, 0.0, 0.24858387022583706, 0.24858462240682277, 0.46428393952933145, 0.5347073822422141, 0.030080171834145276, 0.030080171834145276, 0.9359130002558231, 0.0, 0.0, 0.0, 0.11403199806809425, 0.4913090681657195, 0.49279337376356125, 0.17247259616851807, 0.17247259616851807, 0.0, 0.5, 0.027782874181866646, 0.737633788308432, 0.05733403563499451, 0.0]
[0.9666402417989004, 0.9688642256789737, 0.3333333333333333, 0.42424242424242425, -0.32234383597333205, -0.350771929618817, 0.0, 0.0, 0.24321208993973742, 0.2432127509472703, 0.4697758664820436, 0.5297947243973534, 0.03407370964331286, 0.03407370964331286, 0.9531010631471872, 0.0, 0.0, 0.0, 0.15093224495649338, 0.4918436575680971, 0.4927899958565831, 0.22755707800388336, 0.22755707800388336, 0.03054451197385788, 0.5453888674577076, 0.02788127027451992, 0.7845996753420941, 0.07208612561225891, 0.0]
[0.969974412094979, 0.9719761179553138, 0.3333333333333333, 0.42424242424242425, -0.3285676205260122, -0.3569957141714971, 0.0, 0.0, 0.251036527279914, 0.2510372566675365, 0.47342918103785175, 0.5259132055383289, 0.0367085263133049, 0.0367085263133049, 0.9578090440481901, 0.0, 0.0, 0.0, 0.16136284396052358, 0.4921104861423373, 0.49283572705462575, 0.24435679614543915, 0.24435679614543915, 0.030450554564595222, 0.5628849357839614, 0.027492335066199303, 0.7912233237956846, 0.07775804400444031, 0.0]
[0.970522118466241, 0.9724873105684916, 0.3333333333333333, 0.42424242424242425, -0.32959000575236774, -0.3580180993978527, 0.0, 0.0, 0.25173484754835895, 0.2517355769359815, 0.4738922025687836, 0.5254017595072726, 0.03820727579295635, 0.03820727579295635, 0.9592578280717134, 0.0, 0.0, 0.0, 0.165604680031538, 0.49183174688369036, 0.49250649521127343, 0.2510865032672882, 0.2510865032672882, 0.030316369608044624, 0.5632137902199276, 0.027207601815462112, 0.7916898899819962, 0.08096516877412796, 0.0]
[0.9679526438315709, 0.9700891342427995, 0.3333333333333333, 0.42424242424242425, -0.3247936531009836, -0.35322174674646856, 0.0, 0.0, 0.2402385361563863, 0.24023915157719278, 0.46994124942710247, 0.5299124350232736, 0.039215557543294775, 0.039215557543294775, 0.9589241407811642, 0.0, 0.0, 0.0, 0.2116367071866989, 0.490602845326066, 0.49132276233285666, 0.3190830647945404, 0.3190830647945404, 0.030455978587269783, 0.5646785980179196, 0.027250245213508606, 0.792257244330506, 0.10341307520866394, 0.0]
[0.9667542002030781, 0.9689705868562062, 0.3333333333333333, 0.42424242424242425, -0.32255655832779706, -0.350984651973282, 0.0, 0.0, 0.2225511826247148, 0.22255305168049744, 0.46757616732362123, 0.5329298019244562, 0.040065521108252664, 0.040065521108252664, 0.9542099963873625, 0.0, 0.0, 0.0, 0.3025715112686157, 0.48537947703152895, 0.4865388683974743, 0.4529092311859131, 0.4529092311859131, 0.033546287566423416, 0.5706593564578465, 0.030009431764483452, 0.7927200882587322, 0.16554351150989532, 0.0]
[0.9665727430865878, 0.9688012268808153, 0.3333333333333333, 0.42424242424242425, -0.3222178383770151, -0.35064593202250005, 0.0, 0.0, 0.21289301921487086, 0.21289479709720066, 0.46359044005720385, 0.5372635881207363, 0.040797917172312737, 0.040797917172312737, 0.9452764857560396, 0.0, 0.0, 0.0, 0.36267857998609543, 0.48192306607961655, 0.48342769406735897, 0.5384398102760315, 0.5384398102760315, 0.03818489611148834, 0.5828457153032696, 0.03276251628994942, 0.7970273434076198, 0.2146599441766739, 0.0]
[0.9727816844270343, 0.9745962387985654, 0.3333333333333333, 0.42424242424242425, -0.33380786221251524, -0.36223595585800017, 0.0, 0.0, 0.2032511986464433, 0.20325277138850428, 0.46061769828741683, 0.5408349605358304, 0.04522173931556089, 0.04522173931556089, 0.9338192790746689, 0.0, 0.0, 0.0, 0.46986531019210814, 0.4793422147631645, 0.4811061415821314, 0.6814919710159302, 0.6814919710159302, 0.05588485300540924, 0.6031746031746031, 0.04633795842528343, 0.8, 0.241089329123497, 0.0]
[0.9746859286512647, 0.976373533407847, 0.3333333333333333, 0.42424242424242425, -0.3373624514310787, -0.3657905450765636, 0.0, 0.0, 0.2082531338212139, 0.20825479773672773, 0.46150351676156826, 0.5398009111224301, 0.05273741802998952, 0.05273741802998952, 0.9287206828594208, 0.0, 0.0, 0.0, 0.5116236090660095, 0.4818015545606613, 0.4829481430351734, 0.7357717752456665, 0.7357717752456665, 0.060087673366069794, 0.6031746031746031, 0.049539197236299515, 0.8, 0.2059517502784729, 0.0]
[0.974381909483955, 0.9760897821850247, 0.3333333333333333, 0.42424242424242425, -0.33679494898543394, -0.36522304263091887, 0.0, 0.0, 0.22176446969376923, 0.22176633874955187, 0.46845299951432995, 0.5324183501950591, 0.05823712263788496, 0.05823712263788496, 0.9250023998320103, 0.0, 0.0, 0.0, 0.5160125821828841, 0.48413633555173874, 0.48496196046471596, 0.7419453859329224, 0.7419453859329224, 0.0633053109049797, 0.6031746031746031, 0.05150613561272621, 0.8, 0.1921624094247818, 0.0]
[0.973385092757997, 0.9751594199074639, 0.3333333333333333, 0.42424242424242425, -0.3349342244303124, -0.36336231807579733, 0.0, 0.0, 0.2280477109876235, 0.22804971680358538, 0.46698779939009627, 0.5337752163131602, 0.061777335192476, 0.061777335192476, 0.9228461496531963, 0.0, 0.0, 0.0, 0.4944902062416076, 0.4862175537273288, 0.4868627339601517, 0.7127376198768616, 0.7127376198768616, 0.0657491460442543, 0.6031746031746031, 0.05299382656812668, 0.8, 0.17706423997879028, 0.0]
[0.9720245457830884, 0.9738895760642158, 0.3333333333333333, 0.42424242424242425, -0.33239453674381614, -0.36082263038930107, 0.0, 0.0, 0.2270602797003139, 0.22706221713618613, 0.4706002767865562, 0.5300787581945646, 0.06394763876284872, 0.06394763876284872, 0.9207221902906895, 0.0, 0.0, 0.0, 0.4894845217466354, 0.4876827960833907, 0.4883159603923559, 0.7044411897659302, 0.7044411897659302, 0.06782160699367523, 0.6031746031746031, 0.05430366471409798, 0.8, 0.17511002719402313, 0.0]
[0.9708078659716106, 0.97275400824017, 0.3333333333333333, 0.42424242424242425, -0.33012340109572447, -0.3585514947412094, 0.0, 0.0, 0.22930508407534422, 0.2293070898913061, 0.4732454551337554, 0.5272723054060238, 0.0654578661280019, 0.0654578661280019, 0.9201176911592484, 0.0, 0.0, 0.0, 0.48773120641708373, 0.4885304784402251, 0.4891467625275254, 0.7018753886222839, 0.7018753886222839, 0.06800148636102676, 0.6031746031746031, 0.0541459359228611, 0.8, 0.1744876205921173, 0.0]
[0.9701156538157236, 0.972107943561342, 0.3333333333333333, 0.42424242424242425, -0.3288312717380686, -0.3572593653835535, 0.0, 0.0, 0.26805238833163025, 0.2680548956015826, 0.47402725039658994, 0.5259845630110057, 0.06866041038717542, 0.06866041038717542, 0.9213693179190159, 0.0, 0.0, 0.0, 0.5001459598541259, 0.4892437690868974, 0.48983742482960224, 0.721795380115509, 0.721795380115509, 0.06781958788633347, 0.6031746031746031, 0.05313899740576744, 0.8, 0.20044167339801788, 0.0]
[0.9686309482370103, 0.970722218354543, 0.3333333333333333, 0.42424242424242425, -0.32605982132447064, -0.3544879149699556, 0.0, 0.0, 0.28107553595110746, 0.28107822556796536, 0.4778537389539168, 0.5216151636093064, 0.0769017157810075, 0.0769017157810075, 0.9260238744318485, 0.0, 0.0, 0.0, 0.515917870402336, 0.48977692518383265, 0.49083766620606184, 0.7516119480133057, 0.7516119480133057, 0.06607487797737122, 0.6031746031746031, 0.04926842451095581, 0.8, 0.20753614604473114, 0.0]
[0.9677427858114243, 0.9698932667573292, 0.3333333333333333, 0.42424242424242425, -0.32440191813004315, -0.3528300117755281, 0.0, 0.0, 0.30775405070521866, 0.3077571733959774, 0.47993412197889834, 0.5191987850419372, 0.08126447509442057, 0.08126447509442057, 0.9292554035782814, 0.0, 0.0, 0.0, 0.5137444645166397, 0.49000568501651287, 0.4914630511775613, 0.7532483339309692, 0.7532483339309692, 0.06316753476858139, 0.6031746031746031, 0.04511637985706329, 0.8, 0.20846131443977356, 0.0]
[0.9695021872009549, 0.9715353747208912, 0.3333333333333333, 0.42424242424242425, -0.3276861340571672, -0.3561142277026521, 0.0, 0.0, 0.33211764869908755, 0.332121067703568, 0.48231050959052824, 0.5163718923049443, 0.08583416896206993, 0.08583416896206993, 0.9373254328966141, 0.0, 0.0, 0.0, 0.4810725092887878, 0.4905322268605232, 0.492067982442677, 0.7127232551574707, 0.7127232551574707, 0.05603481084108353, 0.6031746031746031, 0.040566276758909225, 0.8, 0.20582513511180878, 0.0]
[0.9702483983266921, 0.972231838438246, 0.3333333333333333, 0.42424242424242425, -0.3290790614918765, -0.3575071551373614, 0.0, 0.0, 0.33491402967026307, 0.33491753984819633, 0.4843284687166232, 0.5142257660975598, 0.08923635685018132, 0.08923635685018132, 0.939853198826313, 0.0, 0.0, 0.0, 0.48508040308952327, 0.49087975826114416, 0.4923126697540283, 0.7156844735145569, 0.7156844735145569, 0.05272997170686722, 0.6031746031746031, 0.03805863857269287, 0.8, 0.19843098521232605, 0.0]
[0.9709538973513104, 0.9728903041945564, 0.3333333333333333, 0.42424242424242425, -0.3303959930044973, -0.3588240866499822, 0.0, 0.0, 0.33738608387642566, 0.33738961684772206, 0.48572204354616244, 0.5129666977534508, 0.09123196027108602, 0.09123196027108602, 0.940549535676837, 0.0, 0.0, 0.0, 0.49254164695739744, 0.4909780938178301, 0.4924162607640028, 0.7279505729675293, 0.7279505729675293, 0.05095512047410011, 0.6031746031746031, 0.03646914288401604, 0.8, 0.19820673763751984, 0.0]
[0.9710365810564586, 0.9729674756526947, 0.3333333333333333, 0.42424242424242425, -0.330550335920774, -0.3589784295662589, 0.0, 0.0, 0.33853309149951827, 0.3385365788840883, 0.48615671298244034, 0.5125790880646756, 0.0914374366402626, 0.0914374366402626, 0.9404117055237293, 0.0, 0.0, 0.0, 0.49298214018344877, 0.4909497732296586, 0.4924229313619435, 0.7287468314170837, 0.7287468314170837, 0.050797510892152786, 0.6031746031746031, 0.036210257560014725, 0.8, 0.19844429194927216, 0.0]
[0.9655595883017495, 0.9678556157482995, 0.3333333333333333, 0.42424242424242425, -0.32032661611198354, -0.3487547097574685, 0.0, 0.0, 0.3792272566837289, 0.37923129110901577, 0.5708295100049808, 0.42909995952887425, 0.0953717263681548, 0.0953717263681548, 0.9368570074439049, 0.0, 0.0, 0.0, 0.49790648519992825, 0.4907163754105568, 0.49215087201446295, 0.7342525720596313, 0.7342525720596313, 0.04921460524201393, 0.6031746031746031, 0.03484654426574707, 0.8, 0.1854722499847412, 0.0]
[0.9614092246407555, 0.9639819429980384, 0.3333333333333333, 0.42424242424242425, -0.3125792706114614, -0.34100736425694633, 0.0, 0.0, 0.3916437247515181, 0.3916478845403026, 0.6129097396055554, 0.38859027242974564, 0.09600040635892323, 0.09600040635892323, 0.9356391318142414, 0.0, 0.0, 0.0, 0.4996110677719116, 0.49067906383425, 0.4919220535084605, 0.7377486228942871, 0.7377486228942871, 0.04826541244983673, 0.6031746031746031, 0.03454548865556717, 0.8, 0.18785078823566437, 0.0]
[0.9373462441421689, 0.9415231611993577, 0.3333333333333333, 0.42424242424242425, -0.2676617070141001, -0.296089800659585, 0.0, 0.0, 0.41727783620699416, 0.4172821726443435, 0.7201080322265625, 0.2863633376867725, 0.1004482912165778, 0.1004482912165778, 0.9316232465207577, 0.0, 0.0, 0.0, 0.5130511909723282, 0.48978118877857924, 0.4908008174970746, 0.7581010460853577, 0.7581010460853577, 0.0466306172311306, 0.6031746031746031, 0.03391211852431297, 0.8, 0.1887979954481125, 0.0]
[0.9340413439841497, 0.9384385877185397, 0.3333333333333333, 0.42424242424242425, -0.26149256005246413, -0.28992065369794906, 0.0, 0.0, 0.41120188915478795, 0.4112061287203437, 0.7231694772184237, 0.2834202814233868, 0.10350857994386128, 0.10350857994386128, 0.9295353628695011, 0.0, 0.0, 0.0, 0.5202724426984787, 0.4889618093147874, 0.48985622357577085, 0.7673401236534119, 0.7673401236534119, 0.04573151096701622, 0.6031746031746031, 0.03357195109128952, 0.8, 0.19427645206451416, 0.0]
[0.9304630607366562, 0.9350988566875458, 0.3333333333333333, 0.42424242424242425, -0.25481309799047613, -0.28324119163596106, 0.0, 0.0, 0.4082632491055228, 0.4082674544810337, 0.7219498499401669, 0.2846124426989842, 0.10604677455765861, 0.10604677455765861, 0.9265912920236588, 0.0, 0.0, 0.0, 0.5263945579528808, 0.4872033568099141, 0.4879736043512821, 0.7755735516548157, 0.7755735516548157, 0.04386546090245247, 0.6031746031746031, 0.03258109465241432, 0.8, 0.19794128835201263, 0.0]
[0.9297967304786046, 0.9344769484466977, 0.3333333333333333, 0.42424242424242425, -0.2535692815087799, -0.2819973751542648, 0.0, 0.0, 0.4076093132135745, 0.407613529985767, 0.7266106824346072, 0.280188957495575, 0.10794320808989662, 0.10794320808989662, 0.9249720461666584, 0.0, 0.0, 0.0, 0.5268493205308914, 0.4862476587295532, 0.4869538387283683, 0.7762219309806824, 0.7762219309806824, 0.04345905780792236, 0.6031746031746031, 0.032435838133096695, 0.8, 0.20419348776340485, 0.0]
[0.9640202806109474, 0.9664189285702176, 0.3333333333333333, 0.42424242424242425, -0.3174532417558197, -0.3458813354013046, 0.0, 0.0, 0.31007887118177246, 0.31008198247584967, 0.5068686859785485, 0.49223276050272635, 0.10386431855814798, 0.10386431855814798, 0.9264041371643543, 0.0, 0.0, 0.0, 0.5335573554039001, 0.4869354898110032, 0.48786105308681726, 0.7794139385223389, 0.7794139385223389, 0.05318911373615265, 0.6031746031746031, 0.03557080775499344, 0.8, 0.2548215687274933, 0.0]
[0.9677587336017972, 0.9699081513616774, 0.3333333333333333, 0.42424242424242425, -0.3244316873387393, -0.3528597809842242, 0.0, 0.0, 0.30034750688600265, 0.300350470023219, 0.5201772734608294, 0.4790657867614393, 0.09876957961491177, 0.09876957961491177, 0.9282228276133537, 0.0, 0.0, 0.0, 0.542029657959938, 0.4871408250182867, 0.48805293533951044, 0.7848233580589294, 0.7848233580589294, 0.05663096532225609, 0.6031746031746031, 0.03876504674553871, 0.8, 0.260520339012146, 0.0]
[0.9681255505198524, 0.9702505138185289, 0.3333333333333333, 0.42424242424242425, -0.32511641225244237, -0.3535445058979273, 0.0, 0.0, 0.2990421081820136, 0.29904507131922997, 0.524241889981877, 0.47525698727854304, 0.09780584169285639, 0.09780584169285639, 0.9283669367432594, 0.0, 0.0, 0.0, 0.5411658614873885, 0.48639644123613834, 0.4873445676639676, 0.7851707339286804, 0.7851707339286804, 0.05675775185227394, 0.6031746031746031, 0.039148960262537, 0.8, 0.26029127836227417, 0.0]
[0.9682800258908952, 0.9703946908315022, 0.3333333333333333, 0.42424242424242425, -0.3254047662783891, -0.35383285992387403, 0.0, 0.0, 0.3012318665849091, 0.3012348753088519, 0.5328530231579768, 0.46673187055682996, 0.09619900690657752, 0.09619900690657752, 0.9288382343947887, 0.0, 0.0, 0.0, 0.5416076898574829, 0.4854204598814249, 0.48606099374592304, 0.7856464982032776, 0.7856464982032776, 0.056879617273807526, 0.6031746031746031, 0.040437936782836914, 0.8, 0.26012998819351196, 0.0]
[0.9673891315857569, 0.9695631894800398, 0.3333333333333333, 0.42424242424242425, -0.32374176357546414, -0.35216985722094907, 0.0, 0.0, 0.3027092868009899, 0.3027122955249327, 0.5356125387133421, 0.4639737653408128, 0.09428213749613082, 0.09428213749613082, 0.9293699115514755, 0.0, 0.0, 0.0, 0.5421097666025161, 0.48533121310174465, 0.485567350871861, 0.7852330803871155, 0.7852330803871155, 0.05645570904016495, 0.6031746031746031, 0.04130649194121361, 0.8, 0.26123738288879395, 0.0]
[0.9662020057439804, 0.9684552053610483, 0.3333333333333333, 0.42424242424242425, -0.32152579533748127, -0.3499538889829662, 0.0, 0.0, 0.300264265523586, 0.3002672058674391, 0.5348780396791535, 0.4645570475051731, 0.0928080826997757, 0.0928080826997757, 0.9300457499921322, 0.0, 0.0, 0.0, 0.5416676878929138, 0.485154471360147, 0.48517641332000494, 0.7837482690811157, 0.7837482690811157, 0.05552829056978226, 0.6031746031746031, 0.041229501366615295, 0.8, 0.2625124454498291, 0.0]
[0.9650093629246667, 0.9673420720630221, 0.3333333333333333, 0.42424242424242425, -0.319299528741429, -0.3477276223869139, 0.0, 0.0, 0.30098578943577137, 0.30098877536635094, 0.5360082201018616, 0.46334458873964357, 0.09375540273530143, 0.09375540273530143, 0.9293894805014133, 0.0, 0.0, 0.0, 0.5413196325302123, 0.4849848160520196, 0.48502828646451235, 0.7829678654670715, 0.7829678654670715, 0.05550131946802139, 0.6031746031746031, 0.04128649830818176, 0.8, 0.26966550946235657, 0.0]
[0.9643528071187791, 0.9667292866441939, 0.3333333333333333, 0.42424242424242425, -0.31807395790377224, -0.3465020515492572, 0.0, 0.0, 0.302872806388607, 0.3028758606992762, 0.5342863524621121, 0.46509693680433606, 0.0927978807262012, 0.0927978807262012, 0.9296736679971218, 0.0, 0.0, 0.0, 0.5421923577785491, 0.4851181050762534, 0.4851001901552081, 0.7838793396949768, 0.7838793396949768, 0.05558197945356369, 0.6031746031746031, 0.04147617518901825, 0.8, 0.25690391659736633, 0.0]
[0.9641673408803486, 0.9665561848216586, 0.3333333333333333, 0.42424242424242425, -0.3177277542587019, -0.34615584790418685, 0.0, 0.0, 0.303958157964236, 0.30396116668817874, 0.5315439689683641, 0.46796652435977826, 0.09193802518504007, 0.09193802518504007, 0.9302326925098896, 0.0, 0.0, 0.0, 0.5451399385929108, 0.48501540534198284, 0.4848729092627764, 0.7869494557380676, 0.7869494557380676, 0.05578155443072319, 0.6031746031746031, 0.04191739112138748, 0.8, 0.2509850263595581, 0.0]
[0.9641486612104234, 0.9665387504630618, 0.3333333333333333, 0.42424242424242425, -0.3176928855415083, -0.34612097918699325, 0.0, 0.0, 0.30840343362286715, 0.30840575854591384, 0.5064139320278259, 0.4926060246185358, 0.09107955332313265, 0.09107955332313265, 0.9312327839434147, 0.0, 0.0, 0.0, 0.5413410782814025, 0.48466443456709385, 0.48491095658391714, 0.7855367660522461, 0.7855367660522461, 0.05523523688316345, 0.6031746031746031, 0.04120739549398422, 0.8, 0.24877957999706268, 0.0]
[0.9646150143373581, 0.9669740133815341, 0.3333333333333333, 0.42424242424242425, -0.3185634113784529, -0.34699150502393783, 0.0, 0.0, 0.30531267636592707, 0.3053149557022474, 0.4942920585634831, 0.504778136436109, 0.09124933076756342, 0.09124933076756342, 0.9312216229736805, 0.0, 0.0, 0.0, 0.5435203254222869, 0.4843330327421427, 0.48479902744293213, 0.7908281087875366, 0.7908281087875366, 0.0549679733812809, 0.6031746031746031, 0.04084901511669159, 0.8, 0.24560041725635529, 0.0]
[0.9630124121904373, 0.9654782513777415, 0.3333333333333333, 0.42424242424242425, -0.3155718873708675, -0.34399998101635243, 0.0, 0.0, 0.3004338253524518, 0.3004360818954088, 0.42826965639285786, 0.5708886324624892, 0.09404363908938, 0.09404363908938, 0.9303562305867672, 0.0, 0.0, 0.0, 0.5459967046976089, 0.48225671984255314, 0.4846059214323759, 0.8006118535995483, 0.8006118535995483, 0.054681409150362015, 0.6031746031746031, 0.04005680978298187, 0.8, 0.2400854080915451, 0.0]
[0.9621130916334333, 0.9646388855245378, 0.3333333333333333, 0.42424242424242425, -0.3138931556644602, -0.3423212493099451, 0.0, 0.0, 0.29979827800626735, 0.29980051175586125, 0.41519210671375634, 0.5840752241665679, 0.09381497544901712, 0.09381497544901712, 0.9306110739707947, 0.0, 0.0, 0.0, 0.5442067980766296, 0.48228564113378525, 0.4849126897752285, 0.7978115677833557, 0.7978115677833557, 0.05451309680938721, 0.6031746031746031, 0.04022356495261192, 0.8, 0.24180355668067932, 0.0]
[0.9599738348098028, 0.9626422458224826, 0.3333333333333333, 0.42424242424242425, -0.30989987626034987, -0.3383279699058348, 0.0, 0.0, 0.30367884809154855, 0.3036811046345056, 0.3926554993507283, 0.6068361951511125, 0.09331334382295609, 0.09331334382295609, 0.9317171275615692, 0.0, 0.0, 0.0, 0.5407429546117782, 0.48204410821199417, 0.48578851763159037, 0.7971961498260498, 0.7971961498260498, 0.05400540307164192, 0.6031746031746031, 0.040279414504766464, 0.8, 0.24986140429973602, 0.0]
[0.9592240225701105, 0.9619424210654365, 0.3333333333333333, 0.42424242424242425, -0.30850022674625754, -0.3369283203917425, 0.0, 0.0, 0.3063867224334075, 0.3063890017697278, 0.36844486761731354, 0.6314347585295578, 0.09149824136069844, 0.09149824136069844, 0.9341692663729191, 0.0, 0.0, 0.0, 0.5371731132268905, 0.4823752511292696, 0.4867011168971658, 0.7953234314918518, 0.7953234314918518, 0.05312289297580719, 0.6031746031746031, 0.040377989411354065, 0.8, 0.2531403601169586, 0.0]
[0.9586599071820576, 0.9614159133699205, 0.3333333333333333, 0.42424242424242425, -0.30744721135522557, -0.3358753050007105, 0.0, 0.0, 0.30526617790499333, 0.30526841165458724, 0.37256501874321957, 0.6273030397718262, 0.09175453068954605, 0.09175453068954605, 0.9348592143505812, 0.0, 0.0, 0.0, 0.5363901764154434, 0.4823190961033106, 0.4869915749877691, 0.7942816615104675, 0.7942816615104675, 0.052606046199798584, 0.6031746031746031, 0.04023117944598198, 0.8, 0.2546725571155548, 0.0]
[0.9479815931547255, 0.9514494869444106, 0.3333333333333333, 0.42424242424242425, -0.2875143585042056, -0.3159424521496905, 0.18639898300170898, 0.18639132380485535, 0.30874551641781517, 0.30874788692758826, 0.3623597348397366, 0.6374365758662875, 0.10177213166441237, 0.10177213166441237, 0.9186313971877098, 0.0, 0.0, 0.0, 0.5157204151153564, 0.4757067356258631, 0.4826486948877573, 0.7519475221633911, 0.7519475221633911, 0.04948248714208603, 0.6031746031746031, 0.040330346673727036, 0.8, 0.25572800636291504, 0.0]
[0.9366395565725508, 0.9408635861343808, 0.3333333333333333, 0.42424242424242425, -0.2663425568841461, -0.29477065052963103, 0.0, 0.0, 0.3634510240864799, 0.36345415817392035, 0.3688219154314147, 0.6298963033851606, 0.11360619217157365, 0.11360619217157365, 0.9174837172031403, 0.0, 0.0, 0.0, 0.5203500688076019, 0.4739274177700281, 0.4798308312892914, 0.7589318156242371, 0.7589318156242371, 0.045723896473646164, 0.6031746031746031, 0.040446504950523376, 0.8, 0.25649166107177734, 0.0]
[0.9411979814370474, 0.9451181160079108, 0.3333333333333333, 0.42424242424242425, -0.2748516166312063, -0.3032797102766912, 0.0, 0.0, 0.3695578789391891, 0.3695610700100376, 0.37192400098986655, 0.6272221347291378, 0.11146739125251771, 0.11146739125251771, 0.9216791316866875, 0.0, 0.0, 0.0, 0.5150664865970611, 0.4772586543112993, 0.48083298467099667, 0.756327211856842, 0.756327211856842, 0.04401044547557831, 0.6031746031746031, 0.03918618708848953, 0.8, 0.2549387812614441, 0.0]
[0.9463173108441489, 0.9498961567878723, 0.3333333333333333, 0.42424242424242425, -0.2844076981911292, -0.31283579183661414, 0.0, 0.0, 0.36539887652570385, 0.3653999250204112, 0.37262828172278906, 0.6266338665165768, 0.10529076946633203, 0.10529076946633203, 0.9303468950092793, 0.0, 0.0, 0.0, 0.5120307236909866, 0.4812018182128668, 0.48467021621763706, 0.7555590271949768, 0.7555590271949768, 0.043475862592458725, 0.6031746031746031, 0.03766250237822533, 0.8, 0.2587689161300659, 0.0]
[0.9459300935268402, 0.9495347539583842, 0.3333333333333333, 0.42424242424242425, -0.2836848925321529, -0.31211298617763783, 0.0, 0.0, 0.36502439296496303, 0.3650254186663071, 0.3736964129125183, 0.6255525835562796, 0.10388527597699847, 0.10388527597699847, 0.9318250268697739, 0.0, 0.0, 0.0, 0.5120909720659256, 0.4818441327661276, 0.4852903876453638, 0.7557740211486816, 0.7557740211486816, 0.04333171620965004, 0.6031746031746031, 0.03723791986703873, 0.8, 0.2634162902832031, 0.0]
[0.9445586367732003, 0.9482547276549869, 0.3333333333333333, 0.42424242424242425, -0.2811248399253584, -0.30955293357084335, 0.0, 0.0, 0.362222507396574, 0.3622235217012365, 0.3774699225708358, 0.621699445283613, 0.10220327281526158, 0.10220327281526158, 0.932201474905014, 0.0, 0.0, 0.0, 0.5140278697013855, 0.4818801060318947, 0.4855297524482012, 0.7590170502662659, 0.7590170502662659, 0.04251115024089813, 0.6031746031746031, 0.03600314259529114, 0.8, 0.2657965421676636, 0.0]
[0.9121298782882237, 0.9179878864023421, 0.3333333333333333, 0.42424242424242425, -0.22059115742006863, -0.24901925106555356, 0.7356129288673401, 0.7382668852806091, 0.26495180713514976, 0.2649513056811593, 0.39136769712313185, 0.6101658895361669, 0.1572102840457644, 0.1572102840457644, 0.8883873373270035, 0.0, 0.0, 0.0, 0.5046063005924225, 0.44604839384555817, 0.46007562801241875, 0.7415360808372498, 0.7415360808372498, 0.04624824598431587, 0.6031746031746031, 0.04796183481812477, 0.8, 0.2584896981716156, 0.0]
[0.9127879242102305, 0.9186020625962151, 0.3333333333333333, 0.42424242424242425, -0.22181950980781484, -0.25024760345329977, 0.10316581279039383, 0.10096769034862518, 0.32585245974888993, 0.32585285863274593, 0.3954611572207274, 0.6032856900600306, 0.15335840306111745, 0.15335840306111745, 0.8919589221477509, 0.0, 0.0, 0.0, 0.5174463599920273, 0.4504062943160534, 0.46040402725338936, 0.7585119605064392, 0.7585119605064392, 0.048740241676568985, 0.6031746031746031, 0.05063014104962349, 0.8, 0.25921571254730225, 0.0]
[0.9362916144586745, 0.9405388401614295, 0.3333333333333333, 0.42424242424242425, -0.26569306493824363, -0.29412115858372856, 0.0, 0.0, 0.3874421101455251, 0.38744352333404364, 0.42081903590754843, 0.5773556780126259, 0.12436222285032274, 0.12436222285032274, 0.9084381386637688, 0.0, 0.0, 0.0, 0.5288497418165207, 0.46540188789367676, 0.4711268078535795, 0.780415952205658, 0.780415952205658, 0.045783545821905136, 0.6031746031746031, 0.04176875203847885, 0.8, 0.2604323923587799, 0.0]
[0.9427519951547895, 0.9465685288111368, 0.3333333333333333, 0.42424242424242425, -0.27775244223765827, -0.3061805358831432, 0.0, 0.0, 0.38469625066388863, 0.3846976068689992, 0.43696685730841145, 0.5612250232195712, 0.12023999754871642, 0.12023999754871642, 0.9126087166368961, 0.0, 0.0, 0.0, 0.5263693988323211, 0.46960444562137127, 0.47448141127824783, 0.7812225222587585, 0.7812225222587585, 0.04324974864721298, 0.6031746031746031, 0.037707824259996414, 0.8, 0.2590712010860443, 0.0]
[0.9418726315100987, 0.9457477894094255, 0.3333333333333333, 0.42424242424242425, -0.2761109634342356, -0.3045390570797205, 0.0, 0.0, 0.38282781030206336, 0.3828291437138107, 0.4644570494245161, 0.5335969565424769, 0.11995204857417516, 0.11995204857417516, 0.9139780513942242, 0.0, 0.0, 0.0, 0.5288653671741486, 0.4697123784571886, 0.47482748702168465, 0.7853738069534302, 0.7853738069534302, 0.04186701029539108, 0.6031746031746031, 0.034794699400663376, 0.8, 0.25601857900619507, 0.0]
[0.928875554885183, 0.9336171845595042, 0.3333333333333333, 0.42424242424242425, -0.2518497537343929, -0.2802778473798778, 0.0, 0.0, 0.37270899302189026, 0.37271020107013997, 0.5172673915130003, 0.4808042536679413, 0.12278918709073748, 0.12278918709073748, 0.910479299724102, 0.0, 0.0, 0.0, 0.5578862667083739, 0.47045150585472584, 0.47404323518276215, 0.8144616484642029, 0.8144616484642029, 0.0406690277159214, 0.6031746031746031, 0.033158380538225174, 0.8, 0.2533380687236786, 0.0]
[0.928250735004743, 0.9330340193377601, 0.3333333333333333, 0.42424242424242425, -0.25068342329090476, -0.2791115169363897, 0.0, 0.0, 0.36671323302143166, 0.36671433849954693, 0.5265044931243984, 0.47162795335288665, 0.12505005512918746, 0.12505005512918746, 0.9060196615755558, 0.0, 0.0, 0.0, 0.5628684192895889, 0.4698916394263506, 0.47172380052506924, 0.8213931322097778, 0.8213931322097778, 0.03952740877866745, 0.6031746031746031, 0.03206509351730347, 0.8, 0.2483956515789032, 0.0]
[0.9264217771234966, 0.9313269919819303, 0.3333333333333333, 0.42424242424242425, -0.24726936857924497, -0.2756974622247299, 0.0, 0.0, 0.37445584218771005, 0.3744640136084183, 0.5247538004277086, 0.4734744266109252, 0.1252174537096705, 0.1252174537096705, 0.9022731557488441, 0.0, 0.0, 0.0, 0.5625373035669327, 0.4665297381579876, 0.46845733001828194, 0.8220222592353821, 0.8220222592353821, 0.03876163810491562, 0.6031746031746031, 0.03126665577292442, 0.8, 0.23361121118068695, 0.0]
[0.9171349122410728, 0.9226592514250014, 0.3333333333333333, 0.42424242424242425, -0.22993388746538723, -0.25836198111087216, 0.0, 0.0, 0.37752087713427573, 0.3775290713483471, 0.5273200738498404, 0.47088941419507024, 0.12820777616330556, 0.12820777616330556, 0.897879846394062, 0.0, 0.0, 0.0, 0.5638597428798675, 0.46429840847849846, 0.46525244787335396, 0.8240839242935181, 0.8240839242935181, 0.03719609975814819, 0.6031746031746031, 0.029942303895950317, 0.8, 0.2304111123085022, 0.0]
[0.9150206326019197, 0.9206859237617917, 0.3333333333333333, 0.42424242424242425, -0.22598723213896788, -0.2544153257844528, 0.0, 0.0, 0.36930164734674453, 0.36930975038736313, 0.5338278953021617, 0.46439192668379103, 0.13137288923774448, 0.13137288923774448, 0.8935802355408669, 0.0, 0.0, 0.0, 0.5652038365602493, 0.46246664971113205, 0.46285558491945267, 0.8252410888671875, 0.8252410888671875, 0.035938236862421036, 0.6031746031746031, 0.029067346826195717, 0.8, 0.2312956005334854, 0.0]
[0.9209521462519963, 0.92622200316853, 0.3333333333333333, 0.42424242424242425, -0.23705939095244444, -0.26548748459792937, 0.0, 0.0, 0.36823996667880177, 0.3682480355293755, 0.5375336972750852, 0.4608093342356604, 0.1308258463229452, 0.1308258463229452, 0.8923031985759735, 0.0, 0.0, 0.0, 0.5664722442626953, 0.4616009145975113, 0.46187908574938774, 0.826113760471344, 0.826113760471344, 0.03581259027123451, 0.6031746031746031, 0.029000727459788322, 0.8, 0.23226957023143768, 0.0]
[0.9229164031289873, 0.9280553095870547, 0.3333333333333333, 0.42424242424242425, -0.24072600378949416, -0.2691540974349791, 0.0, 0.0, 0.3681927502269271, 0.3682008076808193, 0.5407720444079339, 0.4576291814082389, 0.12750159949064255, 0.12750159949064255, 0.8915023729205132, 0.0, 0.0, 0.0, 0.5645484685897827, 0.46044136583805084, 0.4607602693140507, 0.8239176273345947, 0.8239176273345947, 0.036031853407621384, 0.6031746031746031, 0.029322462156414986, 0.8, 0.2368917465209961, 0.0]
[0.9083001734245391, 0.9144134951962365, 0.3333333333333333, 0.42424242424242425, -0.21344237500785757, -0.2418704686533425, 0.0, 0.0, 0.36539469394355617, 0.3654027513974483, 0.5464386967354478, 0.45192890317166007, 0.12994791780199325, 0.12994791780199325, 0.8886815533041954, 0.0, 0.0, 0.0, 0.5664508819580077, 0.4588259980082512, 0.4589405693113804, 0.8256071209907532, 0.8256071209907532, 0.034972045570611954, 0.6031746031746031, 0.028519894927740097, 0.8, 0.23206929862499237, 0.0]
[0.9090722664481117, 0.915134115351571, 0.3333333333333333, 0.42424242424242425, -0.2148836153185265, -0.24331170896401144, 0.0, 0.0, 0.33692491715542444, 0.3369325301387342, 0.5496141997167758, 0.44893246485165333, 0.13067089021205902, 0.13067089021205902, 0.8833466246724129, 0.0, 0.0, 0.0, 0.5729057401418686, 0.45521485060453415, 0.4544980898499489, 0.8331841230392456, 0.8331841230392456, 0.03459298983216286, 0.6031746031746031, 0.02829825133085251, 0.8, 0.22083768248558044, 0.0]
[0.9073477231320881, 0.9135245415899489, 0.3333333333333333, 0.42424242424242425, -0.21166446779528225, -0.24009256144076718, 0.0, 0.0, 0.3367451345031621, 0.3367527132964271, 0.557436762302829, 0.44123466743743167, 0.13142628861325129, 0.13142628861325129, 0.8808273710310459, 0.0, 0.0, 0.0, 0.5729038625955581, 0.4534636102616787, 0.4529047980904579, 0.8336408734321594, 0.8336408734321594, 0.0353613942861557, 0.6031746031746031, 0.028898043558001518, 0.8, 0.20911459624767303, 0.0]
[0.9069641601471674, 0.9131665494706895, 0.3333333333333333, 0.42424242424242425, -0.21094848355676366, -0.23937657720224859, 0.0, 0.0, 0.3366380056961089, 0.3366455730926922, 0.5608115077702539, 0.4379371287895156, 0.13131645108972279, 0.13131645108972279, 0.880625557154417, 0.0, 0.0, 0.0, 0.5727725386619568, 0.453305397182703, 0.4527246691286564, 0.8334892392158508, 0.8334892392158508, 0.03553269803524017, 0.6031746031746031, 0.029047105461359024, 0.8, 0.20918387174606323, 0.0]
[0.906219829406057, 0.9124718407789866, 0.3333333333333333, 0.42424242424242425, -0.20955906617335773, -0.23798715981884266, 0.0, 0.0, 0.3331488546404282, 0.3331563878469668, 0.5739865446637739, 0.42505969914099406, 0.12818085827997752, 0.12818085827997752, 0.8788042552769184, 0.0, 0.0, 0.0, 0.5707664638757706, 0.45239076018333435, 0.4516686275601387, 0.8310484290122986, 0.8310484290122986, 0.03708866611123085, 0.6031746031746031, 0.03031967021524906, 0.8, 0.21534742414951324, 0.0]
[0.9063161370300111, 0.912561727894677, 0.3333333333333333, 0.42424242424242425, -0.20973884040473867, -0.2381669340502236, 0.0, 0.0, 0.3332123569503113, 0.333219912950213, 0.5782625568072609, 0.420941234723965, 0.1265134396297591, 0.1265134396297591, 0.8775217048823833, 0.0, 0.0, 0.0, 0.5720127999782562, 0.45122718065977097, 0.450370442122221, 0.8331366181373596, 0.8331366181373596, 0.03717430680990219, 0.6031746031746031, 0.030299251899123192, 0.8, 0.21625691652297974, 0.0]
[0.9061438334839684, 0.9124009112517039, 0.3333333333333333, 0.42424242424242425, -0.2094172071187923, -0.23784530076427723, 0.0, 0.0, 0.3328722913680068, 0.3328798359712269, 0.5866363142006256, 0.41269477826408807, 0.12461970427206585, 0.12461970427206585, 0.8777311705052853, 0.0, 0.0, 0.0, 0.5721847623586654, 0.4508258029818535, 0.4498402215540409, 0.8332398533821106, 0.8332398533821106, 0.03718580678105354, 0.6031746031746031, 0.030358027666807175, 0.8, 0.21873557567596436, 0.0]
[0.9062263930127734, 0.9124779668119218, 0.3333333333333333, 0.42424242424242425, -0.20957131823922825, -0.23799941188471319, 0.0, 0.0, 0.33271941628100543, 0.3327269266941807, 0.5908942967938191, 0.4085080363275849, 0.12351963136877334, 0.12351963136877334, 0.8783319741487503, 0.0, 0.0, 0.0, 0.5695900559425353, 0.4509780891239643, 0.450004730373621, 0.8296443223953247, 0.8296443223953247, 0.03765121474862099, 0.6031746031746031, 0.030770190060138702, 0.8, 0.22332385182380676, 0.0]
[0.9061475055558341, 0.9124043385187784, 0.3333333333333333, 0.42424242424242425, -0.20942406165294147, -0.2378521552984264, 0.0, 0.0, 0.33282040227667553, 0.33282790129316925, 0.5910292961857286, 0.40837399995527074, 0.12344271476779665, 0.12344271476779665, 0.878320150077343, 0.0, 0.0, 0.0, 0.5691047519445419, 0.45089908689260483, 0.4499327763915062, 0.8289620876312256, 0.8289620876312256, 0.037680041044950485, 0.6031746031746031, 0.030799604952335358, 0.8, 0.22361136972904205, 0.0]
[0.8993864407142003, 0.9060940113332536, 0.3333333333333333, 0.42424242424242425, -0.19680340728189183, -0.22523150092737676, 0.5872701406478882, 0.5863757729530334, 0.2589247860370585, 0.2589310086252129, 0.5197006428674804, 0.480161583395756, 0.15374264014618738, 0.15374264014618738, 0.8741940781474113, 0.0, 0.0, 0.0, 0.5435351580381393, 0.4012930169701576, 0.4186403229832649, 0.7939545512199402, 0.7939545512199402, 0.06354466825723648, 0.6031746031746031, 0.06017918139696121, 0.8, 0.22847791016101837, 0.0]
[0.8838813035261064, 0.8916225499576993, 0.3333333333333333, 0.42424242424242425, -0.16786048453078306, -0.196288578176268, 0.0, 0.0, 0.35400953438724203, 0.3540174208909102, 0.4544098602882079, 0.5433201266241753, 0.14294341738734928, 0.14294341738734928, 0.8789448328316212, 0.0, 0.0, 0.0, 0.5477158069610595, 0.41490034759044647, 0.4282050132751465, 0.8015348315238953, 0.8015348315238953, 0.05415482446551323, 0.6031746031746031, 0.04923824593424797, 0.8, 0.2097199261188507, 0.0]
[0.8778847214721498, 0.8860257400406731, 0.3333333333333333, 0.42424242424242425, -0.15666686469673086, -0.1850949583422158, 0.0, 0.0, 0.36295266999341336, 0.36296071605062397, 0.42791086036434134, 0.5699713235324878, 0.13448735432965417, 0.13448735432965417, 0.8839894123375416, 0.0, 0.0, 0.0, 0.541387265920639, 0.4266156777739525, 0.4408094026148319, 0.8047613501548767, 0.8047613501548767, 0.045832790434360504, 0.6031746031746031, 0.03952964022755623, 0.8, 0.2081955522298813, 0.0]
[0.839239287234488, 0.8499566680855222, 0.3333333333333333, 0.42424242424242425, -0.08452872078642881, -0.11295681443191374, 0.9351702332496643, 0.9350629448890686, 0.33655814914812776, 0.33656563676793994, 0.4204215424466543, 0.578627514913884, 0.24021090141364507, 0.24021090141364507, 0.8555701375007629, 0.0, 0.0, 0.0, 0.5075655430555344, 0.37769101560115814, 0.40290071070194244, 0.751302182674408, 0.751302182674408, 0.0578467920422554, 0.6031746031746031, 0.055458616465330124, 0.8, 0.2088867723941803, 0.0]
[0.8388899969203132, 0.8496306637922924, 0.3333333333333333, 0.42424242424242425, -0.08387671219996917, -0.1123048058454541, 0.6081048250198364, 0.6032177209854126, 0.3064344061492278, 0.3064414265050943, 0.41907016952908516, 0.5799847044128255, 0.20539010209696634, 0.20539010209696634, 0.8767345361411572, 0.0, 0.0, 0.0, 0.5071339160203934, 0.3954242616891861, 0.4235490635037422, 0.7509506940841675, 0.7509506940841675, 0.05847747623920441, 0.6031746031746031, 0.0560365729033947, 0.8, 0.20956631004810333, 0.0]
[0.8455472325994855, 0.8558440837595198, 0.3333333333333333, 0.42424242424242425, -0.0963035521344241, -0.12473164577990903, 0.0, 0.0, 0.39549142680706073, 0.39549759241180715, 0.4219147983518203, 0.5755495803483307, 0.158943629690579, 0.158943629690579, 0.8911573812365532, 0.0, 0.0, 0.0, 0.5428823560476302, 0.4177182987332344, 0.43743618577718735, 0.8029513955116272, 0.8029513955116272, 0.043134983628988266, 0.6031746031746031, 0.03785911947488785, 0.8, 0.19210845232009888, 0.0]
[0.8519774916626158, 0.8618456588851081, 0.3333333333333333, 0.42424242424242425, -0.1083067023856008, -0.13673479603108574, 0.0, 0.0, 0.3994175380320212, 0.39942371503344914, 0.4299725086693554, 0.5673363615980518, 0.15759033284017018, 0.15759033284017018, 0.8928981721401215, 0.0, 0.0, 0.0, 0.5404199957847595, 0.4235505685210228, 0.4410618506371975, 0.8017094731330872, 0.8017094731330872, 0.040359023958444595, 0.6031746031746031, 0.03470352664589882, 0.8, 0.1971554458141327, 0.0]
[0.8607469492015385, 0.8700304859214358, 0.3333333333333333, 0.42424242424242425, -0.12467635645825637, -0.1531044501037413, 0.0, 0.0, 0.397680421632289, 0.3976866100303985, 0.44159451976105085, 0.5555662384545854, 0.15485539500202453, 0.15485539500202453, 0.8965678066015244, 0.0, 0.0, 0.0, 0.5419376999139786, 0.42412659525871277, 0.4422781877219677, 0.8047013878822327, 0.8047013878822327, 0.038534440100193024, 0.6031746031746031, 0.032367534935474396, 0.8, 0.20181751251220703, 0.0]
[0.861796824705033, 0.8710103697246976, 0.3333333333333333, 0.42424242424242425, -0.12663612406477964, -0.15506421771026457, 0.0, 0.0, 0.3939044502907456, 0.3939105817054471, 0.4614944620980359, 0.5358007713275426, 0.15383843864713398, 0.15383843864713398, 0.8963868133723736, 0.0, 0.0, 0.0, 0.5435408532619476, 0.42874038219451904, 0.44331521913409233, 0.806290328502655, 0.806290328502655, 0.03678101301193237, 0.6031746031746031, 0.030360449105501175, 0.8, 0.19886569678783417, 0.0]
[0.8612506439288456, 0.8705006010002561, 0.3333333333333333, 0.42424242424242425, -0.12561658661589659, -0.15404468026138152, 0.0, 0.0, 0.3912397465787928, 0.3912458210100863, 0.4613861423377553, 0.5358931300352403, 0.15100867088351932, 0.15100867088351932, 0.8962690681219101, 0.0, 0.0, 0.0, 0.5419314205646515, 0.42807451635599136, 0.44328778237104416, 0.8054699301719666, 0.8054699301719666, 0.0360819473862648, 0.6031746031746031, 0.029348917305469513, 0.8, 0.20939476788043976, 0.0]
[0.8540785731304259, 0.8638066682550642, 0.3333333333333333, 0.42424242424242425, -0.11222872112551296, -0.1406568147709979, 0.5795071721076965, 0.577225387096405, 0.2939890247002158, 0.293993765719762, 0.4568768885577842, 0.5419687009969537, 0.16377215406724385, 0.16377215406724385, 0.891485583037138, 0.0, 0.0, 0.0, 0.53273766040802, 0.3811746686697006, 0.40996895730495453, 0.7836757302284241, 0.7836757302284241, 0.04888701066374779, 0.6031746031746031, 0.044352397322654724, 0.8, 0.21058857440948486, 0.0]
[0.8290604636782691, 0.8404564327663846, 0.3333333333333333, 0.42424242424242425, -0.06552825014815367, -0.0939563437936386, 0.8705022931098938, 0.8685463666915894, 0.27134792116358447, 0.27135236586940903, 0.4483399306838872, 0.5511391256103502, 0.23457239781107223, 0.23457239781107223, 0.8587405160069466, 0.0, 0.0, 0.0, 0.5144142478704452, 0.35968777537345886, 0.39422277361154556, 0.7628760933876038, 0.7628760933876038, 0.05845041200518608, 0.6031746031746031, 0.052292581647634506, 0.8, 0.2128472626209259, 0.0]
[0.8666263087874366, 0.8755178882016076, 0.3333333333333333, 0.42424242424242425, -0.13565116101859975, -0.16407925466408468, 0.0, 0.0, 0.35464782833369235, 0.3546534468977219, 0.4588748094684535, 0.5386176677501858, 0.13461379600422724, 0.13461379600422724, 0.8808910809457302, 0.0, 0.0, 0.0, 0.5506216228008269, 0.4265068620443344, 0.43986885249614716, 0.8071409463882446, 0.8071409463882446, 0.05575904622673988, 0.6031746031746031, 0.0505375973880291, 0.8, 0.23725594580173492, 0.0]
[0.8425452872401192, 0.8530422680907779, 0.3333333333333333, 0.42424242424242425, -0.09069992079694045, -0.11912801444242538, 0.0, 0.0, 0.3493429921553194, 0.3493485081492145, 0.45463458005602453, 0.5432352697821415, 0.12974121740886144, 0.12974121740886144, 0.8717255629599094, 0.0, 0.0, 0.0, 0.5543675780296325, 0.4191449210047722, 0.43621937185525894, 0.813535213470459, 0.813535213470459, 0.04952630400657654, 0.6031746031746031, 0.043690767139196396, 0.8, 0.21734631061553955, 0.0]
[0.9229202703351066, 0.9280589189794328, 0.3333333333333333, 0.42424242424242425, -0.24073322257425023, -0.26916131621973516, 0.0, 0.0, 0.3076389442210443, 0.3076438903808594, 0.4528165700102855, 0.5457652426364951, 0.13214393385819026, 0.13214393385819026, 0.8682992607355118, 0.0, 0.0, 0.0, 0.5727233052253723, 0.45059987157583237, 0.4582388997077942, 0.8357369303703308, 0.8357369303703308, 0.045174866914749146, 0.6031746031746031, 0.03803768381476402, 0.8, 0.2066691666841507, 0.0]
[0.9064117705538159, 0.9126509858502282, 0.3333333333333333, 0.42424242424242425, -0.20991735631584096, -0.2383454499613259, 0.0, 0.0, 0.2995704583410551, 0.2995752221539645, 0.4536604686403366, 0.54520502023277, 0.12772759156567712, 0.12772759156567712, 0.8667723461985588, 0.0, 0.0, 0.0, 0.5753556668758392, 0.4496314153075218, 0.45720813050866127, 0.8407514691352844, 0.8407514691352844, 0.045924004167318344, 0.6031746031746031, 0.03784799575805664, 0.8, 0.2066965252161026, 0.0]
[0.8895906302190961, 0.8969512548711565, 0.3333333333333333, 0.42424242424242425, -0.1785178943576975, -0.20694598800318242, 0.0, 0.0, 0.3002930307479479, 0.3002978401475837, 0.461354670401513, 0.5374800752106811, 0.1261402719787189, 0.1261402719787189, 0.8540446385741234, 0.0, 0.0, 0.0, 0.5748423874378203, 0.4421367533504963, 0.4487779326736927, 0.8399015665054321, 0.8399015665054321, 0.04587346315383911, 0.6031746031746031, 0.03785305470228195, 0.8, 0.20442475378513336, 0.0]
[0.886836168311891, 0.894380423757765, 0.3333333333333333, 0.42424242424242425, -0.17337623213091458, -0.2018043257763995, 0.0, 0.0, 0.30281304219028915, 0.3028179199700146, 0.4728204529326459, 0.5259078918355322, 0.1256339464868818, 0.1256339464868818, 0.8527296483516693, 0.0, 0.0, 0.0, 0.5747693300247192, 0.44170527532696724, 0.4481497183442116, 0.8395712971687317, 0.8395712971687317, 0.04564401134848595, 0.6031746031746031, 0.03777952119708061, 0.8, 0.2041112184524536, 0.0]
[0.8220703644411904, 0.8339323401451111, 0.3333333333333333, 0.42424242424242425, -0.05248006490560675, -0.08090815855109168, 0.0, 0.0, 0.32939781923822875, 0.3294026514312277, 0.7487933658505033, 0.26001525831901273, 0.14858337385313852, 0.14858337385313852, 0.8101977109909058, 0.0, 0.0, 0.0, 0.5832733422517776, 0.40376290678977966, 0.4125920906662941, 0.8452309370040894, 0.8452309370040894, 0.044199712574481964, 0.6031746031746031, 0.03835291415452957, 0.8, 0.16001370549201965, 0.0]
[0.8264033737636748, 0.8379764821794298, 0.3333333333333333, 0.42424242424242425, -0.060568348974244124, -0.08899644261972905, 0.0, 0.0, 0.3339120676139117, 0.33391692260027384, 0.7631771860797365, 0.2467321979789337, 0.15882180205413274, 0.15882180205413274, 0.799601599574089, 0.0, 0.0, 0.0, 0.5851844131946563, 0.4001881033182144, 0.40983326733112335, 0.84814453125, 0.84814453125, 0.04363038390874863, 0.6031746031746031, 0.03920254856348038, 0.8, 0.15390804409980774, 0.0]
[0.8158284986302966, 0.8281065987216102, 0.3333333333333333, 0.42424242424242425, -0.040828582058604956, -0.06925667570408989, 0.3507474958896637, 0.3506316542625427, 0.30415153685764873, 0.3041561639103789, 0.6813634175871344, 0.32372877150552404, 0.1644646589245115, 0.1644646589245115, 0.8025356531143188, 0.0, 0.0, 0.0, 0.5571324318647384, 0.38397814333438873, 0.4104635715484619, 0.8101834058761597, 0.8101834058761597, 0.04882460832595825, 0.6031746031746031, 0.04800623655319214, 0.8, 0.17372368276119232, 0.0]
[0.8177382243531091, 0.8298890093962352, 0.3333333333333333, 0.42424242424242425, -0.044393403407854914, -0.07282149705333985, 0.7461414933204651, 0.7461674213409424, 0.23874987881224652, 0.2387537080972646, 0.4975514382722273, 0.5040765738117485, 0.19302902477128167, 0.19302902477128167, 0.8040468543767929, 0.0, 0.0, 0.0, 0.5206259846687317, 0.37470580637454987, 0.40548256039619446, 0.7651243805885315, 0.7651243805885315, 0.06551706045866013, 0.6031746031746031, 0.06703975051641464, 0.8, 0.19932830333709717, 0.0]
[0.807681395184426, 0.8205026355054643, 0.3333333333333333, 0.42424242424242425, -0.025620655626313216, -0.05404874927179815, 0.01891096495091915, 0.019486235454678535, 0.3388530077487515, 0.33885795390856654, 0.7428660201296979, 0.2657084934063619, 0.18595013235296523, 0.18595013235296523, 0.816225990653038, 0.0, 0.0, 0.0, 0.5619731843471527, 0.3809193894267082, 0.4036685824394226, 0.8171182870864868, 0.8171182870864868, 0.05760645121335983, 0.6031746031746031, 0.05617593228816986, 0.8, 0.1782960146665573, 0.0]
[0.7832598643643516, 0.7977092067400615, 0.3333333333333333, 0.42424242424242425, 0.019966201904492498, -0.008461891740992433, 0.0, 0.0, 0.35078262097520996, 0.3507876013250697, 0.7725130741272557, 0.23829363905398337, 0.1781242500458445, 0.1781242500458445, 0.8192550465464592, 0.0, 0.0, 0.0, 0.563670089840889, 0.3840418979525566, 0.4041217938065529, 0.8227676153182983, 0.8227676153182983, 0.05051726847887039, 0.6031746031746031, 0.04792206361889839, 0.8, 0.17409059405326843, 0.0]
[0.6919169791397595, 0.7124558471971087, 0.3333333333333333, 0.42424242424242425, 0.1904729209903978, 0.16204482734491288, 0.7986091375350952, 0.7751469612121582, 0.2479859319289373, 0.24799267876444536, 0.4253640838152592, 0.5749677982721861, 0.1984988046543939, 0.1984988046543939, 0.8252847194671631, 0.0, 0.0, 0.0, 0.4940313339233398, 0.33843129873275757, 0.36776070296764374, 0.7223106026649475, 0.7223106026649475, 0.07121971994638443, 0.5642171114210098, 0.06445253640413284, 0.7875136290352012, 0.20048865675926208, 0.0]
[0.6753637670051484, 0.6970061825381385, 0.3333333333333333, 0.42424242424242425, 0.22137225030833846, 0.19294415666285353, 0.22065265476703644, 0.2187894731760025, 0.33826359416968965, 0.3382722784410699, 0.4268934615027608, 0.570911183646208, 0.15429819801024028, 0.15429819801024028, 0.8321677967905998, 0.0, 0.0, 0.0, 0.5430800408124923, 0.36140210926532745, 0.38685114681720734, 0.7925770878791809, 0.7925770878791809, 0.0700344517827034, 0.47198621928691864, 0.06478095799684525, 0.7462958320108957, 0.19792024791240692, 0.0]
[0.5960804137090842, 0.6230083861284785, 0.3333333333333333, 0.42424242424242425, 0.36936784312765825, 0.3409397494821733, 0.009604896418750286, 0.009611056186258793, 0.3682061641211719, 0.3682154752100403, 0.44985232731580277, 0.5472659783262546, 0.06965575473649162, 0.06965575473649162, 0.9069442003965378, 0.0, 0.0, 0.0, 0.45718649029731745, 0.4263351708650589, 0.4367375150322914, 0.6695458292961121, 0.6695458292961121, 0.11921397596597672, 0.4523144096136093, 0.12137462943792343, 0.5362478938213615, 0.2156951129436493, 0.0]
[0.4642857142857143, 0.5, 0.3333333333333333, 0.42424242424242425, 0.6153846153846154, 0.5869565217391305, 0.045229408890008926, 0.044437475502491, 0.3752423385817052, 0.3752518548108424, 0.4602479813887558, 0.5364679786552157, 0.06523374201995986, 0.06523374201995986, 0.9131866656243801, 0.0, 0.0, 0.0, 0.35363398045301436, 0.4289015606045723, 0.43835577741265297, 0.5179440975189209, 0.5179440975189209, 0.10585126280784607, 0.4576594948768616, 0.11143997311592102, 0.5916300727877506, 0.1272817850112915, 0.0]
[0.4642857142857143, 0.5, 0.3333333333333333, 0.42424242424242425, 0.6153846153846154, 0.5869565217391305, 0.03996926546096802, 0.0391705222427845, 0.40005127330583096, 0.4000612112121874, 0.47108196038361033, 0.525410201599169, 0.06061028423053878, 0.06061028423053878, 0.9351764470338821, 0.0, 0.0, 0.0, 0.12668123617768287, 0.4724096432328224, 0.47486715763807297, 0.19238221645355225, 0.19238221645355225, 0.08324191719293594, 0.46670323312282563, 0.08285537362098694, 0.622477269796438, 0.05409267544746399, 0.0]
[0.4642857142857143, 0.5, 0.3333333333333333, 0.42424242424242425, 0.6153846153846154, 0.5869565217391305, 0.0, 0.0, 0.42580845752592067, 0.42581887979124516, 0.4780426788398458, 0.5183094364456596, 0.04602006769606046, 0.04602006769606046, 0.9526734445244074, 0.0, 0.0, 0.0, 0.039218178205192085, 0.4893452310934663, 0.4900892674922943, 0.0, -0.0, 0.05502738058567047, 0.4779890477657318, 0.0, 0.6976744186046512, 0.027619224041700363, 0.0]
[0.4642857142857143, 0.5, 0.3333333333333333, 0.42424242424242425, 0.6153846153846154, 0.5869565217391305, 0.0, 0.0, 0.4379389486622856, 0.43794959316290133, 0.4776181268076596, 0.518606892684627, 0.041588798963597844, 0.041588798963597844, 0.9559151846915483, 0.0, 0.0, 0.0, 0.035964257456362246, 0.49140756856650114, 0.4920302713289857, 0.0, -0.0, 0.049173422157764435, 0.4803306311368942, 0.0, 0.6976744186046512, 0.024651937186717987, 0.0]
[0.4642857142857143, 0.5, 0.3333333333333333, 0.42424242424242425, 0.6153846153846154, 0.5869565217391305, 0.0, 0.0, 0.4534607332477606, 0.45347163417371233, 0.4721967125486006, 0.5239401892261291, 0.03954436763056687, 0.03954436763056687, 0.9583447948098183, 0.0, 0.0, 0.0, 0.03371147569268942, 0.4926749230362475, 0.49334590043872595, 0.0, -0.0, 0.046361301094293594, 0.4814554795622826, 0.0, 0.6976744186046512, 0.023258445784449577, 0.0]
[0.4642857142857143, 0.5, 0.3333333333333333, 0.42424242424242425, 0.6153846153846154, 0.5869565217391305, 0.0, 0.0, 0.43019233356242426, 0.430202892587928, 0.4623975152039391, 0.5335436499888714, 0.03797737482403006, 0.03797737482403006, 0.9586655832827091, 0.0, 0.0, 0.0, 0.03155984804034233, 0.49313680781051517, 0.4938917248509824, 0.0, -0.0, 0.04661703109741211, 0.4813531875610352, 0.0, 0.6976744186046512, 0.02185717225074768, 0.0]
[0.4642857142857143, 0.5, 0.3333333333333333, 0.42424242424242425, 0.6153846153846154, 0.5869565217391305, 0.0, 0.0, 0.4267858882251251, 0.42679641875892477, 0.45535092702559254, 0.5405504651730142, 0.03653695673814842, 0.03653695673814842, 0.9577936548739672, 0.0, 0.0, 0.0, 0.029897786676883694, 0.49319523200392723, 0.49411539686843753, 0.0, -0.0, 0.04782051593065262, 0.48087179362773896, 0.0, 0.6976744186046512, 0.020725734531879425, 0.0]
[0.4642857142857143, 0.5, 0.3333333333333333, 0.42424242424242425, 0.6153846153846154, 0.5869565217391305, 0.0, 0.0, 0.4260039049170441, 0.42601441265748063, 0.4543908648691487, 0.5415376086941135, 0.03491330093571118, 0.03491330093571118, 0.9580751080065966, 0.0, 0.0, 0.0, 0.028212008252739906, 0.4933484410867095, 0.4943628399632871, 0.0, -0.0, 0.048161830753088, 0.4807352676987648, 0.0, 0.6976744186046512, 0.019716063514351845, 0.0]
[0.4642857142857143, 0.5, 0.3333333333333333, 0.42424242424242425, 0.6153846153846154, 0.5869565217391305, 0.0, 0.0, 0.4166594066765751, 0.41666973776844674, 0.4534365124501872, 0.5426210342305517, 0.0309235615921872, 0.0309235615921872, 0.9612237196415663, 0.0, 0.0, 0.0, 0.023326489981263875, 0.49404882872477174, 0.4950294434092939, 0.0, -0.0, 0.0440492182970047, 0.48238031268119813, 0.0, 0.6976744186046512, 0.01738373376429081, 0.0]
[0.4642857142857143, 0.5, 0.3333333333333333, 0.42424242424242425, 0.6153846153846154, 0.5869565217391305, 0.0, 0.0, 0.41907419825603126, 0.41908451225288057, 0.4555566969610765, 0.5406732558697582, 0.02742990718356201, 0.02742990718356201, 0.9667572174221277, 0.0, 0.0, 0.0, 0.01940711988136172, 0.49499500961974263, 0.4957900792360306, 0.0, -0.0, 0.0380837544798851, 0.48476649820804596, 0.0, 0.6976744186046512, 0.015415140427649021, 0.0]
[0.4642857142857143, 0.5, 0.3333333333333333, 0.42424242424242425, 0.6153846153846154, 0.5869565217391305, 0.0, 0.0, 0.41881276407843565, 0.41882306667860336, 0.45649755855819235, 0.539854761867582, 0.026133083073156222, 0.026133083073156222, 0.9687943393364549, 0.0, 0.0, 0.0, 0.01732209753245115, 0.49552898528054357, 0.4961900468915701, 0.0, -0.0, 0.03315192461013794, 0.48673923015594484, 0.0, 0.6976744186046512, 0.0138872554525733, 0.0]
[0.4642857142857143, 0.5, 0.3333333333333333, 0.42424242424242425, 0.6153846153846154, 0.5869565217391305, 0.0, 0.0, 0.4175354638929349, 0.41754572660471695, 0.45390716975779194, 0.5424903185663392, 0.024422114448887963, 0.024422114448887963, 0.97070864867419, 0.0, 0.0, 0.0, 0.015726617351174355, 0.49594039702787995, 0.4965093827340752, 0.0, -0.0, 0.0, 0.5, 0.0, 0.6976744186046512, 0.012705627828836441, 0.0]
[0.4642857142857143, 0.5, 0.3333333333333333, 0.42424242424242425, 0.6153846153846154, 0.5869565217391305, 0.0, 0.0, 0.4159965813729777, 0.41600682698973734, 0.4544841552555675, 0.5419192750134335, 0.022925653361848423, 0.022925653361848423, 0.9722018949687481, 0.0, 0.0, 0.0, 0.014548058062791823, 0.4962133336812258, 0.4967350219376385, 0.0, -0.0, 0.0, 0.5, 0.0, 0.6976744186046512, 0.01176783349364996, 0.0]
[0.4642857142857143, 0.5, 0.3333333333333333, 0.42424242424242425, 0.6153846153846154, 0.5869565217391305, 0.0, 0.0, 0.41343888110458055, 0.41344907543627296, 0.45288609831556537, 0.5436198116266883, 0.02005465129124267, 0.02005465129124267, 0.9749016715213656, 0.0, 0.0, 0.0, 0.012278055027127265, 0.4967122655361891, 0.49714293191209435, 0.0, -0.0, 0.0, 0.5, 0.0, 0.6976744186046512, 0.010109078139066696, 0.0]
[0.4642857142857143, 0.5, 0.3333333333333333, 0.42424242424242425, 0.6153846153846154, 0.5869565217391305, 0.0, 0.0, 0.4101524713162482, 0.4101626143628735, 0.45178258897697493, 0.5446585244197412, 0.01835863372044904, 0.01835863372044904, 0.9763195598497987, 0.0, 0.0, 0.0, 0.011178462859243154, 0.49701283988542855, 0.49734487175010145, 0.0, -0.0, 0.0, 0.5, 0.0, 0.6976744186046512, 0.009351061657071114, 0.0]
[0.4642857142857143, 0.5, 0.3333333333333333, 0.42424242424242425, 0.6153846153846154, 0.5869565217391305, 0.0, 0.0, 0.4019036329499166, 0.4019136392363627, 0.45897696077481737, 0.5374685659868489, 0.017486345688147206, 0.017486345688147206, 0.9768886752426624, 0.0, 0.0, 0.0, 0.010540074948221444, 0.4971327830571681, 0.4974319620523602, 0.0, -0.0, 0.0, 0.5, 0.0, 0.6976744186046512, 0.00888554472476244, 0.0]
[0.4642857142857143, 0.5, 0.3333333333333333, 0.42424242424242425, 0.6153846153846154, 0.5869565217391305, 0.0, 0.0, 0.3958919403885792, 0.3959018213115276, 0.4625875776630059, 0.5339534860559398, 0.016944814207298417, 0.016944814207298417, 0.9770186292007565, 0.0, 0.0, 0.0, 0.0098356903064996, 0.4971615297254175, 0.49745710589922965, 0.0, -0.0, 0.0, 0.5, 0.0, 0.6976744186046512, 0.008377659134566784, 0.0]
[0.4642857142857143, 0.5, 0.3333333333333333, 0.42424242424242425, 0.6153846153846154, 0.5869565217391305, 0.0, 0.0, 0.39536319134568165, 0.39537306087194846, 0.46298112787206586, 0.5335714764115865, 0.016833089425095493, 0.016833089425095493, 0.9770466778427362, 0.0, 0.0, 0.0, 0.009679568093270063, 0.49716647947207093, 0.4974622882436961, 0.0, -0.0, 0.0, 0.5, 0.0, 0.6976744186046512, 0.008267677389085293, 0.0]
[0.4642857142857143, 0.5, 0.3333333333333333, 0.42424242424242425, 0.6153846153846154, 0.5869565217391305, 0.0, 0.0, 0.39153494342563255, 0.39154474457180977, 0.45977928431038645, 0.5367968469978468, 0.015418325949992453, 0.015418325949992453, 0.9780597845092416, 0.0, 0.0, 0.0, 0.008694032952189444, 0.49737187987193465, 0.4976101708598435, 0.0, -0.0, 0.0, 0.5, 0.0, 0.6976744186046512, 0.0076607586815953255, 0.0]

程序已被终止，正在关闭套接字...
套接字已关闭。
