[-0.11561608  0.03764611 -0.04788826]
[-0.1122928   0.0392245  -0.04403086]
[-0.09085275  0.04598817 -0.04388198]
[-0.09718842  0.04681059 -0.0456648 ]
[-0.10507072  0.04404693 -0.04731297]
[-0.10633005  0.04221732 -0.04870485]
[-0.10676126  0.04078289 -0.04879698]
[-0.1101326   0.03883776 -0.04899741]
[-0.10991065  0.03847903 -0.04502212]
[-0.10728143  0.03829681 -0.04463901]
[-0.10575921  0.03811203 -0.04322111]
[-0.10027933  0.03553701 -0.03680004]
[-0.09453044  0.03461798 -0.03474049]
[-0.09245488  0.03474523 -0.03271559]
[-0.09088284  0.03543449 -0.02962734]
[-0.09158494  0.03514123 -0.02296687]
[-0.09379424  0.03503108 -0.02221487]
[-0.09739167  0.03562094 -0.02190134]
[-0.10050694  0.0354831  -0.02165356]
[-0.10024489  0.03466486 -0.02312035]
[-0.09544975  0.03371916 -0.0233405 ]
[-0.09256819  0.03418814 -0.01774882]
[-0.0922865   0.03548381 -0.01562511]
[-0.0921583  0.0377926 -0.0135087]
[-0.09229557  0.04002036 -0.01147143]
[-0.09579328  0.04426849 -0.0046926 ]
[-0.09979659  0.04501235  0.00056131]
[-0.11217855  0.04328712  0.01256468]
[-0.11656904  0.04453332  0.02654021]
[-0.11798297  0.0577124   0.04506573]
[-0.11839723  0.0606039   0.04470206]
[-0.1200755   0.07194409  0.03640724]
[-0.1206501   0.07402669  0.03515812]
[-0.12274713  0.0792661   0.03383162]
[-0.12676393  0.08907128  0.03608857]
[-0.15291231  0.12769358  0.1282813 ]
[-0.14353425  0.13335299  0.14367795]
[-0.1397578   0.13731746  0.15584038]
[-0.13799486  0.14085068  0.16786283]
[-0.13680949  0.1502469   0.19395907]
[-0.13498289  0.15726358  0.20074296]
[-0.13127871  0.16219538  0.20108701]
[-0.11804743  0.1650202   0.18887383]
[-0.11784696  0.16457056  0.18583868]
[-0.12026595  0.16260555  0.18358067]
[-0.12618001  0.15798613  0.18036863]
[-0.12806979  0.15270953  0.17276843]
[-0.12806979  0.15270953  0.17276843]
[-0.10690229  0.14255854  0.11628719]
[-0.10242378  0.14394991  0.10529608]
[-0.08573982  0.13063908  0.04134162]
[-0.08447323  0.12599158  0.0351554 ]
[-0.08166231  0.1213439   0.02947938]
[-0.0733477   0.11375827  0.01882795]
[-0.06931889  0.11028705  0.01351283]
[-0.06638751  0.10704836  0.00852493]
[-0.06147899  0.09486926 -0.00782094]
[-0.05908516  0.09161276 -0.01110079]
[-0.05485431  0.08450533 -0.01576241]
[-0.05945458  0.07025891 -0.02290669]
[-0.05945458  0.07025891 -0.02290669]
[-0.04832705  0.04663397 -0.03308206]
[-0.0467324   0.04254002 -0.03457597]
[-0.04484979  0.03891825 -0.03600914]
[-0.03924626  0.02920223 -0.04047101]
[-0.03706522  0.02277792 -0.04061362]
[-0.03648622  0.01965895 -0.0405448 ]
[-0.04118756  0.00369586 -0.04224138]
[-0.0452019  -0.001265   -0.04294787]
[-0.05168318 -0.00776604 -0.0443715 ]
[-0.05395645 -0.00977853 -0.04394006]
[-0.0633894  -0.02042339 -0.03562852]
[-0.0671686  -0.02294111 -0.03029928]
[-0.07060071 -0.02279903 -0.02546578]
[-0.07619407 -0.02137574 -0.02172147]
[-0.08109564 -0.02226019 -0.02005056]
[-0.08782958 -0.02446056 -0.01819875]
[-0.09343615 -0.0284195  -0.0148187 ]
[-0.09813628 -0.03110606 -0.01191032]
[-0.10195161 -0.03313956 -0.00696424]
[-0.10336897 -0.0311055  -0.0037556 ]
[-0.10432765 -0.02822775 -0.00031774]
[-0.1056049  -0.02498477  0.00265077]
[-0.10706172 -0.02224616  0.00530673]
[-0.10933522 -0.01520667  0.0110593 ]
[-0.108432   -0.01278013  0.01285106]
[-0.10751652 -0.00992732  0.01391213]
[-0.10617425 -0.00367007  0.01588222]
[-0.10414788  0.00218889  0.01764355]
[-0.10302349  0.00515565  0.01783695]
[-0.08954474  0.01968612  0.01664499]
[-0.08636196  0.02175802  0.01698153]
[-0.0820443   0.02890936  0.01691536]
[-0.079703    0.03373489  0.01503727]
[-0.07739197  0.03596563  0.01479726]
[-0.07580876  0.0382174   0.01434011]
[-0.07122672  0.04536974  0.0130377 ]
[-0.06773765  0.05016048  0.01301946]
[-0.06635136  0.05219549  0.01370795]
[-0.0664351   0.0543019   0.01428008]
[-0.06615972  0.05619279  0.01497929]
[-0.06586673  0.05837332  0.01566691]
[-0.06571672  0.06039086  0.01598988]
[-0.06146059  0.06406557  0.01873649]
[-0.05650029  0.07106962  0.02749096]
[-0.05551435  0.07274324  0.03058114]
[-0.05777505  0.0768313   0.0372767 ]
[-0.06432671  0.08127015  0.04449099]
[-0.06705991  0.08363063  0.04860187]
[-0.06768704  0.09956356  0.07574091]
[-0.06768704  0.09956356  0.07574091]
[-0.06567147  0.10500395  0.07973077]
[-0.06522168  0.10588732  0.07998534]
[-0.0673935   0.10735993  0.08097394]
[-0.06806386  0.1066498   0.08023699]
[-0.06876463  0.10599517  0.07910728]
[-0.0723351   0.10294997  0.07342954]
[-0.07521974  0.09876     0.06425098]
[-0.07647956  0.09684838  0.05565882]
[-0.07693193  0.09420753  0.04431461]
[-0.07749944  0.08697048  0.02116417]
[-0.07989735  0.08341695  0.00957618]
[-0.08323757  0.08043195  0.00153397]
[-0.08646976  0.07588213 -0.00550277]
[-0.0934302   0.06084767 -0.02124339]
[-0.09411804  0.05125933 -0.03228648]
[-0.09418276  0.04692518 -0.03777657]
[-0.09518823  0.042776   -0.04331122]
[-0.09710673  0.038985   -0.04764953]
[-0.0996857   0.03161016 -0.05706552]
[-0.10132914  0.02744112 -0.06166222]
[-0.1029872   0.02296642 -0.06587826]
[-0.10399355  0.01906488 -0.06872723]
[-0.10233914  0.00734142 -0.07320188]
[-0.1034952  -0.01612112 -0.07563519]
[-0.103572   -0.01864286 -0.07477518]
[-0.10436845 -0.02119703 -0.07318317]
[-0.10070395 -0.02455768 -0.06245687]
[-0.09899201 -0.0240951  -0.05935379]
[-0.09820171 -0.02336102 -0.05735636]
[-0.09973743 -0.0172787  -0.0470911 ]
[-0.10050329 -0.01469966 -0.0457902 ]
[-0.10155603 -0.00847793 -0.04450864]
[-0.09894209 -0.0003926  -0.041665  ]
[-0.09817152  0.0041348  -0.03993565]
[-0.09827555  0.00579792 -0.03900662]
[-0.09821452  0.00713735 -0.03824715]
[-0.09733054  0.00983166 -0.03683814]
[-0.09430978  0.01382861 -0.03472131]
[-0.09280786  0.01571165 -0.0339508 ]
[-0.09054624  0.0176924  -0.03258242]
[-0.08826231  0.01936518 -0.03125384]
[-0.0855377   0.02050525 -0.02996561]
[-0.07829634  0.02154227 -0.02751004]
[-0.0741819   0.02137299 -0.0268169 ]
[-0.07071687  0.02128246 -0.02699151]
[-0.0639665   0.02140751 -0.02791634]
[-0.06152145  0.022197   -0.02822915]
[-0.0591914   0.02315829 -0.02797759]
[-0.05702657  0.0241049  -0.02746672]
[-0.05506838  0.02475752 -0.027064  ]
[-0.05161081  0.02501001 -0.02611825]
[-0.05050256  0.02478523 -0.02525308]
[-0.04961874  0.02471404 -0.02425281]
[-0.04855642  0.02418775 -0.02329469]
[-0.04751242  0.02343133 -0.0225337 ]
[-0.04625269  0.02212653 -0.02206146]
[-0.04331862  0.01872094 -0.02021233]
[-0.04188452  0.01707279 -0.01851066]
[-0.0385284   0.01536277 -0.01577795]
[-0.03542554  0.01446659 -0.0136174 ]
[-0.03564157  0.01429371 -0.01202768]
[-0.03637877  0.01404978 -0.01134058]
[-0.03701332  0.01373378 -0.01089604]
[-0.03764465  0.01241059 -0.01037385]
[-0.03823552  0.01223974 -0.00964906]
[-0.03899951  0.01220231 -0.00903943]
[-0.03962854  0.0123446  -0.00878301]
[-0.03997332  0.01279468 -0.00804522]
[-0.03952085  0.01382428 -0.00768653]
[-0.03920756  0.01540662 -0.00691995]
[-0.03910834  0.01698945 -0.00613291]
[-0.03910556  0.0189536  -0.00457765]
[-0.03907651  0.02043345 -0.00362912]
[-0.03664398  0.02102856 -0.00150695]
[-0.03433231  0.02042533 -0.00175195]
[-0.02997957  0.02098235 -0.00098522]
[-0.02636341  0.02285943  0.00090921]
[-0.02366419  0.02479903  0.00281483]
[-0.02660182  0.0317183   0.01274889]
[-0.02822384  0.03359804  0.01752439]
[-0.03016073  0.03851089  0.02755958]
[-0.03078581  0.04182374  0.03168641]
[-0.03103424  0.04572311  0.03520778]
[-0.03063247  0.04900735  0.03793579]
[-0.03057975  0.05178475  0.04112491]
[-0.02982567  0.05408409  0.04376629]
[-0.03010887  0.05658558  0.04610024]
[-0.03097171  0.06028216  0.04900151]
[-0.03217929  0.05931016  0.05088617]
[-0.0346573   0.05564165  0.05255415]
[-0.03912323  0.05063457  0.05367195]
[-0.04075008  0.05117171  0.05264327]
[-0.03874675  0.05693482  0.05012004]
[-0.03726858  0.05965363  0.04937867]
[-0.03600133  0.06132473  0.04921054]
[-0.0365959   0.06387419  0.04918512]
[-0.0377691   0.06461672  0.04860962]
[-0.03884909  0.06543488  0.04706363]
[-0.03937826  0.06577551  0.04544581]
[-0.04031482  0.06549097  0.03518928]
[-0.03974062  0.06455826  0.03177317]
[-0.03830924  0.0616378   0.02818141]
[-0.03831449  0.05981405  0.02718623]
[-0.03938855  0.05667816  0.02569535]
[-0.04030053  0.05494883  0.02488327]
[-0.04286517  0.05330363  0.024893  ]
[-0.05014761  0.04716877  0.0236331 ]
[-0.05050735  0.04413207  0.02162712]
[-0.05075939  0.04103721  0.01916459]
[-0.05285098  0.03773782  0.01569147]
[-0.05688183  0.03184222  0.00923467]
[-0.05875373  0.02834442  0.00609428]
[-0.06082986  0.02423518  0.00295478]
[-6.36963710e-02  1.97609831e-02  1.97354238e-05]
[-0.06675073  0.01600739 -0.00358862]
[-0.07151929  0.0102299  -0.00806069]
[-0.07431299  0.00741977 -0.00944541]
[-0.07736269  0.00435932 -0.01054935]
[-0.08015276  0.00140403 -0.01094272]
[-0.08256678 -0.00152901 -0.01217808]
[-0.08649777 -0.00711414 -0.01488396]
[-0.0897657  -0.01162451 -0.0180099 ]
[-0.09088257 -0.01314002 -0.01862734]
[-0.09314428 -0.01568698 -0.01783587]
[-0.09452414 -0.01617192 -0.01661406]
[-0.09565957 -0.01617789 -0.01542788]
[-0.09635611 -0.0155331  -0.01450307]
[-0.09804531 -0.01481503 -0.01353234]
[-0.09946653 -0.01355972 -0.01228827]
[-0.10013902 -0.01401671 -0.01224103]
[-0.10063423 -0.01456896 -0.01240899]
[-0.1026375  -0.01556328 -0.01251603]
[-0.10108479 -0.01421567 -0.01124575]
[-0.0992235  -0.01190541 -0.00998179]
[-0.10016277 -0.00898261 -0.00900492]
[-0.10016277 -0.00898261 -0.00900492]
[-0.10236405 -0.00628839 -0.00913779]
[-0.10384965 -0.00374806 -0.00890285]
[-0.10384965 -0.00374806 -0.00890285]
[-0.10397341 -0.00245135 -0.00880361]
[-0.10526365 -0.00043507 -0.009095  ]
[-0.10541053  0.00043629 -0.00925767]
[-0.10551727  0.00119618 -0.00906226]
[-0.10495821  0.00184935 -0.00835774]
[-0.10410867  0.00244805 -0.00732197]
[-0.10211652  0.00420614 -0.00550462]
[-0.09929963  0.00659045 -0.00375885]
[-0.09803059  0.00722441 -0.00288143]
[-0.10475784  0.00454313 -0.00101592]
[-0.10546182  0.00080495  0.00704284]
[-0.10194355 -0.00138805  0.01147393]
[-0.0982862  -0.00290116  0.01447417]
[-0.09509982 -0.00661164  0.01621262]
[-0.0948708  -0.0075412   0.01673271]
[-0.0946253  -0.00813204  0.01722482]
[-0.09457477 -0.00794485  0.01743496]
[-0.09499338 -0.00769809  0.01811125]
[-0.09630485 -0.00650878  0.01709137]
[-0.09814568 -0.00528895  0.01535636]
[-0.09936826 -0.00373697  0.0117658 ]
[-0.09871758 -0.00119661  0.00867332]
[-0.0961018   0.00086962  0.00582896]
[-0.09328963  0.0028593   0.00302936]
[-0.08901938  0.00467899  0.00147631]
[-0.08327383  0.00772264  0.00033465]
[-0.08108709  0.00903516  0.00089658]
[-0.07895523  0.011163    0.00240707]
[-0.07722029  0.01255591  0.00419019]
[-0.08034401  0.01042301  0.0114875 ]
[-0.08432345  0.00794998  0.03038667]
[-0.08396261  0.00866136  0.03948367]
[-0.08284845  0.00940719  0.04629033]
[-0.08176123  0.01160115  0.05277783]
[-0.07669521  0.0198109   0.0696036 ]
[-0.07377119  0.0238673   0.08068255]
[-0.07203014  0.02752255  0.09189083]
[-0.0714052   0.03027124  0.10336598]
[-0.07362331  0.03506079  0.11923154]
[-0.07279123  0.03810003  0.12482481]
[-0.06789278  0.04202408  0.12936583]
[-0.06142119  0.04798404  0.13311145]
[-0.05613487  0.05439927  0.13599364]
[-0.05304439  0.06033586  0.13859682]
[-0.05147446  0.06715504  0.14234824]
[-0.04866613  0.07951336  0.14962098]
[-0.04637777  0.08493477  0.15279193]
[-0.04368483  0.09328052  0.15804255]
[-0.04100789  0.09987152  0.16300777]
[-0.03952115  0.10276728  0.16572712]
[-0.03809814  0.10501051  0.16759314]
[-0.03718529  0.10684144  0.16878633]
[-0.03831289  0.11006872  0.17074952]
[-0.03913742  0.11168589  0.17050056]
[-0.03968049  0.11323931  0.16972375]
[-0.03758477  0.11682452  0.16452873]
[-0.03755134  0.12074505  0.15726738]
[-0.03785089  0.1238979   0.15005331]
[-0.03785089  0.1238979   0.15005331]
[-0.03712747  0.1249698   0.1475035 ]
[-0.03637741  0.12666929  0.14359289]
[-0.03661053  0.12711693  0.14289351]
[-0.03729961  0.12767239  0.14215818]
[-0.03791592  0.1277982   0.14208761]
[-0.03862799  0.12771355  0.14231874]
[-0.03979179  0.12538178  0.1428691 ]
[-0.03979179  0.12538178  0.1428691 ]
[-0.03916532  0.12422235  0.14258946]
[-0.03790827  0.12280285  0.143236  ]
[-0.03588934  0.11951532  0.14674756]
[-0.03768702  0.11344719  0.15874736]
[-0.03952976  0.11076356  0.16435514]
[-0.04038215  0.10262251  0.18228304]
[-0.03794246  0.09708551  0.19298942]
[-0.03134034  0.08743292  0.21266326]
[-0.02571767  0.08055798  0.23179682]
[-0.02266412  0.07796878  0.24135226]
[-0.02097855  0.07615462  0.24977402]
[-0.01778466  0.07290199  0.26192123]
[-0.01693664  0.07151605  0.26502734]
[-0.01561538  0.07046116  0.26612064]
[-0.01290768  0.06891058  0.26202446]
[-0.01165068  0.0683345   0.25755376]
[-0.01213586  0.067973    0.24922395]
[-0.01213586  0.067973    0.24922395]
[-0.01475404  0.06797828  0.24213839]
[-0.01562607  0.06511473  0.23425068]
[-0.01310169  0.06050702  0.22452541]
[-0.01044121  0.05804506  0.2182875 ]
[0.00111165 0.04204044 0.1923172 ]
[0.00111165 0.04204044 0.1923172 ]
[0.00852228 0.03763276 0.16700409]
[0.01232175 0.0377368  0.15285625]
[0.01822384 0.03605943 0.13620377]
[0.01848104 0.03455082 0.1290904 ]
[0.01718397 0.02936968 0.11069224]
[0.01634746 0.02623226 0.0980887 ]
[0.01557711 0.02162021 0.08318153]
[0.01400103 0.01601046 0.06560846]
[0.01400604 0.00992409 0.05057965]
[ 0.01619012 -0.00030389  0.0252052 ]
[ 0.01727574 -0.00892675  0.0034584 ]
[ 0.01611756 -0.01194476 -0.00574369]
[ 0.01504231 -0.01499323 -0.01175769]
[ 0.01431397 -0.02158453 -0.02219891]
[ 0.01475555 -0.0260811  -0.02606691]
[ 0.01523312 -0.03011229 -0.02960592]
[ 0.01537225 -0.03867098 -0.03645906]
[ 0.01537225 -0.03867098 -0.03645906]
[ 0.01702507 -0.04626374 -0.04411692]
[ 0.01809064 -0.04939352 -0.04724496]
[ 0.01829148 -0.05215702 -0.04993509]
[ 0.01792405 -0.0546651  -0.05200417]
[ 0.01691324 -0.0569692  -0.05362209]
[ 0.01409503 -0.06082934 -0.05625045]
[ 0.0119909  -0.06254951 -0.05755204]
[ 0.00970917 -0.06457432 -0.05898209]
[ 0.00753487 -0.0666994  -0.06035187]
[ 0.00600798 -0.06893095 -0.06132185]
[ 0.00389635 -0.07373708 -0.06347056]
[ 0.00288483 -0.0764343  -0.06429114]
[ 0.0019063  -0.07964218 -0.06528883]
[ 0.00030523 -0.08330424 -0.0658913 ]
[-0.00345046 -0.09009913 -0.06801627]
[-0.00547435 -0.09215774 -0.06924053]
[-0.00746516 -0.09594431 -0.06933099]
[-0.00746516 -0.09594431 -0.06933099]
[-0.00915361 -0.09812903 -0.06785232]
[-0.0141967  -0.10650326 -0.0699551 ]
[-0.0152638  -0.10941982 -0.07193423]
[-0.01675584 -0.11252289 -0.07334793]
[-0.01903168 -0.11734153 -0.07471568]
[-0.02024657 -0.11894808 -0.07468653]
[-0.02121122 -0.12188806 -0.07358935]
[-0.02133476 -0.12361569 -0.07342439]
[-0.02172212 -0.12542601 -0.07359119]
[-0.02436114 -0.13069239 -0.07447112]
[-0.02502059 -0.13220716 -0.07428286]
[-0.02579494 -0.13358265 -0.07370368]
[-0.02713689 -0.13557829 -0.07231402]
[-0.02977991 -0.13887763 -0.0678094 ]
[-0.03028815 -0.14025177 -0.06591234]
[-0.03154983 -0.14240688 -0.06310452]
[-0.03175573 -0.1436512  -0.06200972]
[-0.03172375 -0.14582053 -0.05924256]
[-0.03025412 -0.1477444  -0.05408295]
[-0.02721162 -0.14679299 -0.04480778]
[-0.02721162 -0.14679299 -0.04480778]
[-0.02623949 -0.1459637  -0.04202642]
[-0.02419237 -0.1436905  -0.03492767]
[-0.02269793 -0.14201759 -0.03143006]
[-0.02162945 -0.13996336 -0.02789192]
[-0.02062779 -0.13743851 -0.02494242]
[-0.01929004 -0.13151744 -0.01967813]
[-0.01946495 -0.12787376 -0.01694287]
[-0.02122017 -0.12104998 -0.01158894]
[-0.02266864 -0.11785551 -0.00884936]
[-0.02293056 -0.11456218 -0.00593372]
[-0.02309343 -0.10727103  0.00106771]
[-0.02319197 -0.0944987   0.01013881]
[-0.02319197 -0.0944987   0.01013881]
[-0.01786422 -0.07965238  0.02075598]
[-0.01786422 -0.07965238  0.02075598]
[-0.01678331 -0.07678892  0.023037  ]
[-0.01590517 -0.07378546  0.02494015]
[-0.01493979 -0.06680856  0.02954037]
[-0.01451735 -0.06279912  0.03191924]
[-0.01376785 -0.05851054  0.03408498]
[-0.01269188 -0.05453655  0.03628836]
[-0.01262706 -0.05016705  0.03930285]
[-0.01223793 -0.04123483  0.04469029]
[-0.01195903 -0.03640119  0.04702233]
[-0.0115177  -0.03156944  0.04770032]
[-0.01029206 -0.02678045  0.04815736]
[-0.00498647 -0.01227487  0.0521174 ]
[-0.00498647 -0.01227487  0.0521174 ]
[-0.00250181 -0.00725998  0.05447279]
[-0.00022169 -0.00249766  0.05615182]
[0.0018513  0.00172183 0.05704699]
[0.00257981 0.01358351 0.06042511]
[0.00216616 0.01741771 0.06122519]
[0.00152559 0.02172671 0.06191029]
[0.000663   0.02622798 0.06207849]
[-0.00236876  0.03669991  0.06308338]
[-0.00356054  0.0417992   0.06319521]
[-0.00441573  0.04689853  0.06277733]
[-0.00498247  0.05978214  0.06376099]
[-0.00429899  0.06312578  0.06563493]
[-0.00304065  0.06607713  0.0675369 ]
[-0.00142243  0.07126909  0.07051136]
[-0.00142243  0.07126909  0.07051136]
[-0.00082081  0.07403892  0.07187842]
[-0.00058782  0.0765788   0.07269737]
[0.00186195 0.08482677 0.0729077 ]
[0.00229192 0.08766961 0.07234321]
[0.0029534  0.09313507 0.0729884 ]
[0.00376109 0.0986742  0.07615241]
[0.00409116 0.10104555 0.07825025]
[0.00466093 0.10356072 0.08072636]
[0.00558316 0.10601589 0.08416983]
[0.00638417 0.1084207  0.08701909]
[0.00689948 0.11272816 0.09266184]
[0.00668066 0.11445297 0.09496985]
[0.00719949 0.11592619 0.09736089]
[0.00818761 0.11903859 0.1007845 ]
[0.00890093 0.12045655 0.10168975]
[0.01183829 0.12376469 0.10526267]
[0.01183829 0.12376469 0.10526267]
[0.0129885  0.1251096  0.10639201]
[0.01424668 0.12897177 0.10637994]
[0.01356589 0.13396993 0.10333689]
[0.01164802 0.14120887 0.0998098 ]
[0.01164802 0.14120887 0.0998098 ]
[0.01113196 0.1425661  0.09957615]
[0.01107059 0.14331986 0.10000153]
[0.01089037 0.14434168 0.09993738]
[0.01195874 0.14559796 0.09901296]
[0.01260608 0.14620703 0.09769446]
[0.01335556 0.14677204 0.09572716]
[0.01335556 0.14677204 0.09572716]
[0.01349991 0.14676395 0.09489313]
[0.01150714 0.14549834 0.09126603]
[0.01150714 0.14549834 0.09126603]
[0.01064967 0.14545366 0.08954168]
[0.01014522 0.14549367 0.0860592 ]
[0.00976064 0.14549561 0.08481088]
[0.00924178 0.14532521 0.08380512]
[0.00851267 0.14488424 0.08291827]
[0.00760157 0.14449133 0.08161187]
[0.0062555  0.14385085 0.079345  ]
[0.00462667 0.14276278 0.07221745]
[0.00327232 0.14155278 0.06308523]
[0.00327232 0.14155278 0.06308523]
[0.00281938 0.14104083 0.05808986]
[0.00175363 0.13973223 0.05127993]
[0.00140887 0.13400826 0.03378569]
[0.00164779 0.13052186 0.0256023 ]
[0.00194847 0.12679075 0.01780462]
[ 0.00155736  0.11668358 -0.00025627]
[ 0.00084083  0.10714935 -0.01899655]
[ 0.00059716  0.10396639 -0.02653889]
[-0.0003567   0.10122755 -0.0336492 ]
[-0.00259742  0.09833726 -0.04015597]
[-0.00864379  0.09138653 -0.04934118]
[-0.0116149   0.08776692 -0.05219404]
[-0.01378896  0.08433945 -0.05460882]
[-0.0161388   0.0812852  -0.05713205]
[-0.01846031  0.07802869 -0.06003078]
[-0.02040971  0.07459543 -0.06249439]
[-0.0239019   0.0674201  -0.06745455]
[-0.02440212  0.06365743 -0.06854872]
[-0.02240629  0.05628574 -0.06909544]
[-0.02151523  0.05214109 -0.07036968]
[-0.02252015  0.04421965 -0.07318878]
[-0.02415978  0.04057802 -0.07471744]
[-0.02679572  0.03358968 -0.07594884]
[-0.02905581  0.02671389 -0.0767831 ]
[-0.03026946  0.02308964 -0.07683198]
[-0.03348283  0.01539716 -0.0767121 ]
[-0.03461182  0.01163951 -0.07643481]
[-0.03599679  0.0043833  -0.07540001]
[-0.03655187  0.000941   -0.07422119]
[-0.03667804 -0.00212172 -0.07332474]
[-0.03909502 -0.00781063 -0.0757176 ]
[-0.04356558 -0.01331021 -0.08153039]
[-0.04606215 -0.01938292 -0.0842348 ]
[-0.04577958 -0.02312799 -0.08502875]
[-0.04443653 -0.0269323  -0.08564202]
[-0.04044712 -0.03542971 -0.08543268]
[-0.03876526 -0.03981112 -0.08531506]
[-0.03703286 -0.04446583 -0.08519991]
[-0.03594756 -0.04916919 -0.08448054]
[-0.03244037 -0.0568726  -0.08117171]
[-0.03062298 -0.05980007 -0.07973088]
[-0.02684846 -0.06378891 -0.07753183]
[-0.02466538 -0.0653426  -0.07710762]
[-0.0230837  -0.06683031 -0.07646036]
[-0.02069227 -0.07050138 -0.07618794]
[-0.02036069 -0.07227504 -0.07582689]
[-0.01987835 -0.07369785 -0.07551518]
[-0.01934315 -0.07504298 -0.07498442]
[-0.01823615 -0.07656466 -0.07329536]
[-0.01761801 -0.07728764 -0.07174098]
[-0.01598046 -0.080112   -0.06860672]
[-0.01511317 -0.08158277 -0.06705575]
[-0.01466831 -0.08295041 -0.06596193]
[-0.01459915 -0.08348113 -0.06384657]
[-0.01435574 -0.08345335 -0.06312874]
[-0.01352928 -0.08340059 -0.06241547]
[-0.01143439 -0.08320196 -0.06173011]
[-0.01050011 -0.08318993 -0.06183009]
[-0.00955532 -0.08316661 -0.0624233 ]
[-0.00706155 -0.08379056 -0.06421854]
[-0.00626036 -0.08388962 -0.06471214]
[-0.00512315 -0.08407622 -0.06545569]
[-0.00506083 -0.08366209 -0.06505471]
[-0.00516968 -0.083183   -0.06470239]
[-0.00610321 -0.08182344 -0.06307577]
[-0.0066013  -0.08110698 -0.06238051]
[-0.00709861 -0.08026057 -0.06192665]
[-0.00723798 -0.07925346 -0.06159871]
[-0.00666737 -0.07821396 -0.06089062]
[-0.00633406 -0.07625937 -0.06037274]
[-0.00637952 -0.07511095 -0.06054806]
[-0.00685132 -0.07418244 -0.06100921]
[-0.00677986 -0.07311745 -0.06143302]
[-0.0066182  -0.07024007 -0.06111754]
[-0.00675569 -0.06958935 -0.06072403]
[-0.00700384 -0.06880458 -0.0601183 ]
[-0.00795437 -0.06809469 -0.05942193]
[-0.00996407 -0.06757306 -0.05905069]
[-0.01922592 -0.06584725 -0.05605667]
[-0.02458564 -0.06417869 -0.05477814]
[-0.03957205 -0.05884534 -0.05731605]
[-0.04707667 -0.05751957 -0.06076745]
[-0.05821509 -0.05495893 -0.0615862 ]
[-0.06818219 -0.04980542 -0.05541972]
[-0.06818219 -0.04980542 -0.05541972]
[-0.07390594 -0.04609521 -0.05127312]
[-0.07846325 -0.04198814 -0.04852574]
[-0.08528138 -0.03493836 -0.04601786]
[-0.08657966 -0.03174251 -0.0451972 ]
[-0.08689906 -0.02872839 -0.04456462]
[-0.08740214 -0.02482163 -0.04364387]
[-0.08676025 -0.02110223 -0.0413239 ]
[-0.08669678 -0.01480697 -0.03804949]
[-0.09150522 -0.01232963 -0.037114  ]
[-0.10200843 -0.01091885 -0.0375366 ]
[-0.11631364 -0.00700384 -0.03961771]
[-0.10791132 -0.00497544 -0.03749335]
[-0.10542339 -0.00431743 -0.03617753]
[-0.10490136 -0.00288559 -0.03503254]
[-0.12111449  0.00240756 -0.03466538]
[-0.14167827  0.00755862 -0.03503813]
[-0.1467774   0.00917892 -0.03470844]
[-0.15129445  0.0112252  -0.03531138]
[-0.15772166  0.01431156 -0.03676059]
[-0.16090562  0.01520234 -0.03805088]
[-0.16302574  0.01526356 -0.03816735]
[-0.16251421  0.01284516 -0.03550553]
[-0.16354342  0.01159541 -0.0348739 ]
[-0.17017936  0.01076366 -0.03469035]
[-0.17447349  0.01010203 -0.03429333]
[-0.17769729  0.01012767 -0.03437179]
[-0.18240436  0.00955864 -0.03245948]
[-0.18258996  0.01002261 -0.0308504 ]
[-0.18209702  0.01052778 -0.02943931]
[-0.18162973  0.01133699 -0.02738466]
[-0.18256978  0.01076645 -0.02656304]
[-0.18573458  0.00975615 -0.0264679 ]
[-0.18847903  0.00982247 -0.02707122]
[-0.19051045  0.01006146 -0.02771753]
[-0.1912279   0.01030785 -0.02826602]
[-0.19289092  0.01097721 -0.02850966]
[-0.19504781  0.01080855 -0.02844764]
[-0.19824885  0.01173543 -0.02867758]
[-0.20441975  0.01337505 -0.02927073]
[-0.20699015  0.01244694 -0.031957  ]
[-0.20581162  0.01126814 -0.03370725]
[-0.20466442  0.00965308 -0.03432257]
[-0.20684646  0.00773346 -0.03448949]
[-0.20941129  0.00716793 -0.03317317]
[-0.20923032  0.00699827 -0.0324715 ]
[-0.20852591  0.00693756 -0.03177341]
[-0.2080589   0.00700294 -0.03069802]
[-0.20770395  0.00744671 -0.03013527]
[-0.20742651  0.00780875 -0.0294707 ]
[-0.20673343  0.00789045 -0.02879135]
[-0.20587046  0.00766453 -0.02825592]
[-0.20271609  0.00610848 -0.0264716 ]
[-0.20144216  0.00574991 -0.02614702]
[-0.19869505  0.00593716 -0.02632974]
[-0.19869505  0.00593716 -0.02632974]
[-0.19751126  0.00738973 -0.02688498]
[-0.19691886  0.00822702 -0.0271273 ]
[-0.19562158  0.00925326 -0.02752686]
[-0.19477378  0.00774748 -0.02899402]
[-0.19409986  0.00698107 -0.0295229 ]
[-0.19178446  0.00803532 -0.02718827]
[-0.18610662  0.01021574 -0.0243086 ]
[-0.18337429  0.01076448 -0.02435809]
[-0.1800611   0.00905918 -0.02724122]
[-0.17735254  0.00656416 -0.02871352]
[-0.17314631  0.00776251 -0.02951291]
[-0.16922475  0.00912493 -0.03064245]
[-0.16627255  0.01002206 -0.03177554]
[-0.16356124  0.01086245 -0.0332986 ]
[-0.15963035  0.01008167 -0.03516306]
[-0.1567848   0.01013383 -0.03586544]
[-0.15405173  0.01032783 -0.03598034]
[-0.15179041  0.01098357 -0.03602397]
[-0.1491197   0.01215918 -0.03573203]
[-0.14319309  0.01630731 -0.03424902]
[-0.13565273  0.02039934 -0.03167225]
[-0.13399815  0.02156658 -0.02896177]
[-0.13421789  0.02232694 -0.01740318]
[-0.13486091  0.02279627 -0.0104381 ]
[-0.13374142  0.02745131  0.00971718]
[-0.13374142  0.02745131  0.00971718]
[-0.13245639  0.02967705  0.01548008]
[-0.12738146  0.0339994   0.02581723]
[-0.12254738  0.04055841  0.03797039]
[-0.12254738  0.04055841  0.03797039]
[-0.12177639  0.042546    0.04044624]
[-0.12172215  0.04607845  0.04498632]
[-0.12274819  0.04937153  0.04956752]
[-0.12024328  0.05500026  0.05713175]
[-0.1201062   0.056596    0.06016168]
[-0.12072452  0.05850857  0.06277008]
[-0.1262353   0.06558501  0.06952212]
[-0.13022988  0.0736228   0.0814843 ]
[-0.13022988  0.0736228   0.0814843 ]
[-0.13629149  0.08000984  0.08932271]
[-0.14313166  0.0836101   0.10095704]
[-0.14652777  0.0848105   0.10979752]
[-0.14759694  0.08673186  0.11800246]
[-0.14551705  0.09333383  0.1308744 ]
[-0.14282224  0.10458851  0.14075947]
[-0.14236466  0.10916466  0.14502063]
[-0.14209525  0.11206679  0.14823958]
[-0.13868311  0.11564581  0.15426192]
[-0.13638337  0.11955487  0.15989524]
[-0.13638337  0.11955487  0.15989524]
[-0.13652236  0.1213491   0.16339934]
[-0.13682857  0.1239511   0.17128284]
[-0.13692345  0.12515192  0.17461313]
[-0.13761529  0.12620656  0.17798869]
[-0.13834065  0.12709655  0.18142834]
[-0.13793404  0.12713692  0.18723038]
[-0.13763366  0.12610474  0.19189106]
[-0.13924923  0.12549575  0.19369799]
[-0.14171031  0.12455628  0.19499999]
[-0.14365356  0.12371556  0.19484374]
[-0.14521743  0.11847235  0.18808854]
[-0.14521743  0.11847235  0.18808854]
[-0.14594317  0.11561819  0.18374379]
[-0.15024932  0.10578617  0.16863118]
[-0.15024932  0.10578617  0.16863118]
[-0.15374735  0.09771881  0.15969235]
[-0.15714531  0.0891948   0.15041564]
[-0.15714531  0.0891948   0.15041564]
[-0.16355017  0.07861772  0.13061997]
[-0.16517765  0.06938621  0.10912449]
[-0.16472407  0.06466435  0.10043531]
[-0.1649392   0.05929254  0.09210021]
[-0.1684257   0.04952873  0.07564525]
[-0.17780276  0.04129799  0.05870549]
[-0.18356355  0.03387773  0.04397777]
[-0.18389358  0.02995111  0.03822662]
[-0.17797021  0.01498155  0.02300227]
[-0.17650245  0.0100665   0.0175158 ]
[-0.17647223  0.00522277  0.01268192]
[-0.17679745 -0.00395726  0.00240193]
[-0.1773152  -0.00911803 -0.00302181]
[-0.17708453 -0.0138395  -0.00816784]
[-0.17664479 -0.01852204 -0.01377175]
[-0.17568286 -0.02327535 -0.01922109]
[-0.17226402 -0.03232034 -0.03289736]
[-0.17427711 -0.03698374 -0.0375493 ]
[-0.17562619 -0.03933075 -0.03875405]
[-0.17493808 -0.04330762 -0.04178715]
[-0.17401024 -0.04469748 -0.04375429]
[-0.17301622 -0.04604147 -0.04538948]
[-0.17184261 -0.047632   -0.04693475]
[-0.17092831 -0.04837414 -0.04703423]
[-0.17092831 -0.04837414 -0.04703423]
[-0.16913699 -0.04671999 -0.04716525]
[-0.16705691 -0.04477424 -0.04528725]
[-0.16523931 -0.04172662 -0.04406241]
[-0.16254244 -0.03705631 -0.03987896]
[-0.16037055 -0.03492508 -0.03827288]
[-0.1572002  -0.03430318 -0.03513992]
[-0.15337242 -0.03362585 -0.03284655]
[-0.15003625 -0.03303505 -0.03081059]
[-0.14683734 -0.03222464 -0.0291025 ]
[-0.14027269 -0.02799382 -0.02340462]
[-0.1377736  -0.02573358 -0.019545  ]
[-0.13572311 -0.02346737 -0.01620468]
[-0.13245825 -0.01774325 -0.01010592]
[-0.13245825 -0.01774325 -0.01010592]
[-0.13056465 -0.01092707 -0.00496484]
[-0.1290756  -0.00365953 -0.00060834]
[-0.12864224 -0.00014636  0.00159883]
[-0.12760176  0.00692105  0.00495586]
[-0.12717669  0.01114448  0.0065647 ]
[-0.12658275  0.01497831  0.00645662]
[-0.1252988   0.01866182  0.00703475]
[-0.12161001  0.0259014   0.01002806]
[-0.119424    0.02968127  0.01318698]
[-0.11441061  0.04087688  0.02430024]
[-0.11234675  0.04753326  0.02876276]
[-0.11072437  0.05388024  0.03165916]
[-0.11072437  0.05388024  0.03165916]
[-0.1104656   0.05706158  0.03324401]
[-0.10670324  0.06489825  0.03605901]
[-0.10670324  0.06489825  0.03605901]
[-0.10489591  0.06713434  0.03719052]
[-0.10322865  0.06929388  0.03843802]
[-0.10102633  0.07348841  0.04163356]
[-0.10022118  0.0752473   0.04277911]
[-0.09921305  0.07663755  0.04386853]
[-0.09658022  0.07860199  0.04500805]
[-0.09658022  0.07860199  0.04500805]
[-0.09465939  0.07903972  0.04496031]
[-0.08929432  0.07884455  0.04434045]
[-0.08929432  0.07884455  0.04434045]
[-0.08820263  0.07814222  0.04365648]
[-0.0894199   0.0743586   0.03945393]
[-0.09179784  0.0719439   0.03631055]
[-0.09458433  0.06696127  0.03127261]
[-0.09827761  0.0568401   0.0216483 ]
[-0.09827761  0.0568401   0.0216483 ]
[-0.09734969  0.05388375  0.0164579 ]
[-0.096296    0.05199251  0.01138493]
[-0.10026468  0.03851324 -0.00857027]
[-0.10365685  0.0326561  -0.01369804]
[-0.11733056  0.01642165 -0.02455024]
[-0.12104412  0.01093622 -0.02769739]
[-0.12230652  0.00651409 -0.03249141]
[-0.12181998  0.00237118 -0.03784444]
[-0.12146761 -0.00135373 -0.04395032]
[-0.12105181 -0.00487891 -0.0497235 ]
[-0.12302493 -0.01064571 -0.0580431 ]
[-0.12438907 -0.01297386 -0.06146962]
[-0.12560906 -0.01781918 -0.06870737]
[-0.12515352 -0.02009237 -0.07191338]
[-0.12446345 -0.02455894 -0.07626269]
[-0.12480981 -0.02680304 -0.07806726]
[-0.12555805 -0.02904748 -0.08008219]
[-0.12583111 -0.03128517 -0.08197135]
[-0.12566908 -0.04023438 -0.0844132 ]
[-0.12649383 -0.04657941 -0.08592444]
[-0.12618379 -0.04952256 -0.08659216]
[-0.12491051 -0.05511145 -0.08815964]
[-0.12273847 -0.06073411 -0.08964702]
[-0.12263403 -0.06301322 -0.09003229]
[-0.12409186 -0.06633002 -0.0902365 ]
[-0.12431185 -0.07146951 -0.09107419]
[-0.12431185 -0.07146951 -0.09107419]
[-0.12369018 -0.07346466 -0.09160825]
[-0.12386821 -0.07545955 -0.09216025]
[-0.12464068 -0.07721004 -0.09318043]
[-0.12479994 -0.08141999 -0.09506191]
[-0.1246028  -0.08543966 -0.096165  ]
[-0.12517157 -0.08571883 -0.0962812 ]
[-0.12568421 -0.08551078 -0.09447031]
[-0.12549648 -0.08473784 -0.09329589]
[-0.12543756 -0.0831617  -0.09037381]
[-0.1268564  -0.0806845  -0.08868515]
[-0.12669889 -0.07888548 -0.08681363]
[-0.12873412 -0.07448313 -0.08206281]
[-0.13027006 -0.07219679 -0.07849385]
[-0.13229044 -0.0698414  -0.07529284]
[-0.13422072 -0.06433121 -0.06935217]
[-0.13225103 -0.05848305 -0.06332582]
[-0.13110279 -0.05608619 -0.06100585]
[-0.13077298 -0.05369271 -0.05858268]
[-0.13208055 -0.05118001 -0.05657847]
[-0.13461117 -0.04827838 -0.05465744]
[-0.13657361 -0.04503033 -0.0527651 ]
[-0.1397102  -0.03821011 -0.05113139]
[-0.14058242 -0.03461611 -0.05119532]
[-0.14289075 -0.02472293 -0.05238263]
[-0.14289075 -0.02472293 -0.05238263]
[-0.14094826 -0.01940866 -0.05199773]
[-0.13973478 -0.01390122 -0.04995217]
[-0.13973478 -0.01390122 -0.04995217]
[-0.13864044 -0.01130589 -0.04842547]
[-0.13807919 -0.00817954 -0.04643642]
[-0.13480162 -0.00261031 -0.04254971]
[-0.13058319  0.00341455 -0.03806354]
[-0.12377517  0.01145281 -0.03190092]
[-0.12018712  0.01608723 -0.0281309 ]
[-0.11811549  0.0207926  -0.02546773]
[-0.11625428  0.02966111 -0.01916661]
[-0.11516     0.03462206 -0.01548319]
[-0.11301773  0.03874111 -0.01196166]
[-0.1105724   0.04220605 -0.0087308 ]
[-0.10526832  0.04732597 -0.00355742]
[-0.1023547   0.05160874  0.00163195]
[-0.10156024  0.05435995  0.00409719]
[-0.1015073   0.05662222  0.00658867]
[-0.10031067  0.06055712  0.01119638]
[-0.09966941  0.06145765  0.01278325]
[-0.09882538  0.06242426  0.01391777]
[-0.09408187  0.06406864  0.01786866]
[-0.09408187  0.06406864  0.01786866]
[-0.09153399  0.06420904  0.01943346]
[-0.09008499  0.064206    0.02054817]
[-0.08884337  0.06382299  0.02117089]
[-0.08790531  0.06196146  0.02128289]
[-0.08522127  0.05769726  0.01978099]
[-0.08522127  0.05769726  0.01978099]
[-0.08417472  0.05607004  0.01889284]
[-0.08605009  0.04983716  0.01554591]
[-0.08605009  0.04983716  0.01554591]
[-0.08772572  0.04801397  0.01375247]
[-0.08992289  0.04614048  0.011972  ]
[-0.09510901  0.04247609  0.00721684]
[-0.09684383  0.04089678  0.0051417 ]
[-0.09860993  0.03867802  0.00110915]
[-0.0986692   0.03841444 -0.00010402]
[-0.09911675  0.0383045  -0.00049433]
[-0.09604958  0.03614065 -0.00018322]
[-0.09392579  0.03496541  0.0002324 ]
[-0.09076025  0.03412518  0.0006137 ]
[-0.09087593  0.03526565  0.00136609]
[-0.09012829  0.03675224  0.00220732]
[-0.0895864   0.03724178  0.00201873]
[-0.08950983  0.03761575  0.00209495]
[-0.09017892  0.03824972  0.00318138]
[-0.09109194  0.03958531  0.00585419]
[-0.09043032  0.04024808  0.00663445]
[-0.08793384  0.04241347  0.00859433]
[-0.08269394  0.0466026   0.01430253]
[-0.08014194  0.04913738  0.01699255]
[-0.07804249  0.0516019   0.01961232]
[-0.07557563  0.05677274  0.02385549]
[-0.07416446  0.05952248  0.02669029]
[-0.0704336   0.06753479  0.03380643]
[-0.0704336   0.06753479  0.03380643]
[-0.0682586   0.07383468  0.04041253]
[-0.0634353   0.0803278   0.04889661]
[-0.06043782  0.08276742  0.05479017]
[-0.05545877  0.08634977  0.06326177]
[-0.04874425  0.09383109  0.07812928]
[-0.04688791  0.09783167  0.08456171]
[-0.04539109  0.10126897  0.09057508]
[-0.04353625  0.104399    0.09722057]
[-0.04075382  0.10662376  0.10273962]
[-0.03604016  0.11124572  0.11431201]
[-0.03409135  0.11345382  0.11936644]
[-0.03285676  0.11650278  0.12339513]
[-0.0316782   0.11952763  0.12596723]
[-0.02953955  0.12434479  0.12614267]
[-0.02891605  0.12581538  0.12521486]
[-0.02827507  0.12690763  0.12424995]
[-0.02805048  0.12779422  0.12395928]
[-0.0276633   0.12859219  0.12433057]
[-0.02630726  0.12874064  0.12444655]
[-0.02503889  0.12797718  0.12438171]
[-0.02366475  0.12569091  0.12338833]
[-0.02366475  0.12569091  0.12338833]
[-0.02302722  0.12476867  0.12302119]
[-0.02341453  0.12362324  0.12130298]
[-0.0247254   0.1230455   0.11961647]
[-0.02610024  0.12282784  0.1174401 ]
[-0.02828518  0.12304883  0.11265484]
[-0.03363332  0.12351081  0.1020878 ]
[-0.04161276  0.11858439  0.07938439]
[-0.04161276  0.11858439  0.07938439]
[-0.0434952   0.11433509  0.07048623]
[-0.04768925  0.10139467  0.04084232]
[-0.04768925  0.10139467  0.04084232]
[-0.04971463  0.09794831  0.03142142]
[-0.05197144  0.0934112   0.02460658]
[-0.06058023  0.08370584  0.00980991]
[-0.06608677  0.07838067  0.00333714]
[-0.07182537  0.07379024 -0.00384799]
[-0.08033493  0.06349753 -0.01831102]
[-0.08033493  0.06349753 -0.01831102]
[-0.08311386  0.05481565 -0.02955966]
[-0.08289257  0.05172888 -0.03382616]
[-0.08271088  0.04889337 -0.03737834]
[-0.08242598  0.0461609  -0.04250549]
[-0.08196503  0.04352021 -0.04790968]
[-0.0827924   0.04078548 -0.05309492]
[-0.08343602  0.03463657 -0.06460512]
[-0.08298411  0.03289903 -0.06694632]
[-0.08320064  0.02866569 -0.07175696]
[-0.08317972  0.02507096 -0.07450773]
[-0.08278854  0.02091659 -0.07796615]
[-0.08180742  0.01635486 -0.0821938 ]
[-0.07912296  0.01008458 -0.09119148]
[-0.07777378  0.00796175 -0.09592942]
[-0.07686414  0.00653944 -0.10055818]
[-0.075441    0.00404371 -0.11901194]
[-0.075441    0.00404371 -0.11901194]
[-0.07544742  0.00321471 -0.11978116]
[-0.07515157  0.00245108 -0.11970665]
[-0.07521483  0.00153851 -0.11946265]
[-0.07364798 -0.00073295 -0.11737642]
[-0.07190623 -0.00291571 -0.11481687]
[-0.07190623 -0.00291571 -0.11481687]
[-0.07113428 -0.00389447 -0.11389112]
[-0.07167731 -0.00487289 -0.11388811]
[-0.07326466 -0.00672794 -0.11611825]
[-0.07550817 -0.00658554 -0.11836179]
[-0.07563771 -0.00605635 -0.11724621]
[-0.07616117 -0.00507504 -0.11427239]
[-0.0756986  -0.00444263 -0.10910179]
[-0.07515591 -0.0048249  -0.10814144]
[-0.0745075  -0.00654311 -0.10851855]
[-0.07285841 -0.00797137 -0.10834906]
[-0.07232911 -0.00852309 -0.10723723]
[-0.07159444 -0.00814246 -0.10552929]
[-0.07061825 -0.00829318 -0.10337158]
[-0.0702515  -0.00874924 -0.10109422]
[-0.06949324 -0.00843745 -0.09813948]
[-0.06931061 -0.00853457 -0.0949685 ]
[-0.06724401 -0.00891619 -0.08838268]
[-0.06573741 -0.0088975  -0.08496712]
[-0.06343062 -0.00805042 -0.08149516]
[-0.06186261 -0.00699945 -0.07851242]
[-0.06046754 -0.00272879 -0.07256624]
[-0.06047537 -0.00128855 -0.07065398]
[-6.05126187e-02  8.54507743e-05 -6.88408017e-02]
[-0.06087143  0.00257093 -0.06500158]
[-0.06076064  0.00387942 -0.06389936]
[-0.06045472  0.00534833 -0.06217234]
[-0.05916364  0.00934211 -0.05686798]
[-0.06355827  0.01166193 -0.04967203]
[-0.06832402  0.01550003 -0.03167858]
[-0.06832402  0.01550003 -0.03167858]
[-0.06614716  0.01635399 -0.02947287]
[-0.06447506  0.01761297 -0.02830514]
[-0.06262218  0.0220879  -0.02752062]
[-0.06350839  0.02707418 -0.02602921]
[-0.06191812  0.0302741  -0.02552286]
[-0.05861826  0.03374408 -0.02655158]
[-0.05480674  0.03735752 -0.02879082]
[-0.05082381  0.04301461 -0.0337547 ]
[-0.04990132  0.04543799 -0.03562834]
[-0.04856096  0.04804641 -0.03647811]
[-0.04620961  0.0531218  -0.03612995]
[-0.04524034  0.0557432  -0.03545083]
[-0.04432827  0.05812663 -0.03410197]
[-0.05021536  0.06034775 -0.01725751]
[-0.05219248  0.05941134 -0.01002872]
[-0.05215179  0.05873902 -0.0006373 ]
[-0.05108738  0.06001877  0.00120879]
[-0.05326938  0.06647348  0.00478487]
[-0.05144339  0.07097863  0.0052739 ]
[-0.04942326  0.07619139  0.00547092]
[-0.04692801  0.08025059  0.00584473]
[-0.04333206  0.08364169  0.00750624]
[-0.04000632  0.0895929   0.0114549 ]
[-0.03314961  0.09705149  0.02142404]
[-0.03267251  0.09864872  0.02434231]
[-0.03254209  0.10089947  0.03009574]
[-0.03269119  0.10160857  0.03285294]
[-0.03241284  0.10251305  0.03627947]
[-0.03299889  0.10361437  0.03903553]
[-0.03478874  0.10458611  0.04187375]
[-0.03775449  0.10718915  0.0446165 ]
[-0.03909731  0.10857398  0.045808  ]
[-0.0422086   0.11143521  0.04848414]
[-0.0422086   0.11143521  0.04848414]
[-0.04114451  0.1135379   0.0548287 ]
[-0.03967781  0.11487988  0.05854646]
[-0.03607562  0.1187021   0.06854367]
[-0.03478876  0.12320399  0.08051009]
[-0.03610145  0.12326407  0.08787692]
[-0.0398517   0.12262426  0.09647758]
[-0.04290231  0.12191179  0.10524661]
[-0.04462928  0.12185529  0.11269518]
[-0.04461319  0.12222771  0.11633429]
[-0.03996677  0.12578195  0.11755206]
[-0.03835186  0.12760001  0.11771947]
[-0.03802165  0.13035959  0.12019568]
[-0.03860019  0.13344131  0.12294173]
[-0.03850102  0.14110778  0.13153525]
[-0.03559681  0.14339456  0.13724792]
[-0.03442559  0.14354892  0.13863973]
[-0.03325298  0.14335276  0.13831367]
[-0.03247434  0.14222173  0.13590613]
[-0.03186086  0.14136386  0.13411781]
[-0.03121407  0.14048587  0.13135113]
[-0.02988735  0.13967347  0.12904003]
[-0.03027985  0.13786189  0.12251022]
[-0.03089979  0.13568179  0.11436272]
[-0.02916286  0.13281339  0.10330797]
[-0.02867153  0.13112192  0.09670317]
[-0.02983457  0.12926929  0.08965322]
[-0.0330104   0.12452427  0.07483521]
[-0.03270108  0.12161916  0.06773476]
[-0.03170595  0.11484917  0.05205896]
[-0.0316914   0.11174362  0.04377187]
[-0.03560472  0.10595293  0.02905503]
[-0.03667603  0.10328877  0.02381287]
[-0.03748486  0.09580529  0.01099628]
[-0.03751347  0.09121774  0.00455755]
[-0.03880705  0.08342227 -0.00959902]
[-0.04123657  0.07637562 -0.02409691]
[-0.0425412   0.07258289 -0.03195884]
[-0.04308047  0.06908032 -0.03966261]
[-0.04406416  0.06606105 -0.04549564]
[-0.04533789  0.05952954 -0.05630187]
[-0.04607504  0.05562045 -0.06108553]
[-0.0463115   0.05189105 -0.06517055]
[-0.04869371  0.04408634 -0.07174914]
[-0.04848843  0.03608854 -0.07576951]
[-0.04724467  0.03218551 -0.07700674]
[-0.04531335  0.02843917 -0.07815039]
[-0.04388227  0.02468548 -0.07871095]
[-0.04339986  0.02123884 -0.07976524]
[-0.04287249  0.01444049 -0.08232302]
[-0.04309641  0.00293117 -0.08830805]
[-0.04330962 -0.00366791 -0.09151363]
[-0.04363337 -0.00709434 -0.0926751 ]
[-0.04540567 -0.01420239 -0.09401403]
[-0.04540567 -0.01420239 -0.09401403]
[-0.04671825 -0.0180909  -0.09477247]
[-0.04552504 -0.02802849 -0.09843092]
[-0.04480594 -0.03337823 -0.1006916 ]
[-0.04462093 -0.03833541 -0.10323313]
[-0.04409757 -0.04747605 -0.109787  ]
[-0.04076985 -0.05953065 -0.1236878 ]
[-0.03950867 -0.06309942 -0.12862045]
[-0.03874935 -0.0661542  -0.13363717]
[-0.03599028 -0.07032994 -0.14097722]
[-0.03488617 -0.07141715 -0.14370602]
[-0.03367341 -0.07224137 -0.14541639]
[-0.03318265 -0.07314146 -0.1471355 ]
[-0.03311353 -0.07448685 -0.14749587]
[-0.03381893 -0.07745471 -0.14735286]
[-0.03388453 -0.07869846 -0.1466575 ]
[-0.03324846 -0.0798029  -0.14579035]
[-0.03308103 -0.08056293 -0.14463027]
[-0.03290083 -0.08187129 -0.14183541]
[-0.03396703 -0.08222045 -0.14032535]
[-0.03512739 -0.08226908 -0.1392314 ]
[-0.03590677 -0.08220658 -0.13838106]
[-0.03686656 -0.08224753 -0.13715637]
[-0.03410218 -0.08292729 -0.13286075]
[-0.03163132 -0.08376827 -0.12538208]
[-0.03103496 -0.08389237 -0.12157135]
[-0.03022382 -0.08421825 -0.11822457]
[-0.02909492 -0.08436626 -0.11409727]
[-0.0193638  -0.08611666 -0.09244896]
[-0.01375907 -0.08811512 -0.07192665]
[-0.01151889 -0.08873886 -0.06338392]
[-0.0035285  -0.0890668  -0.04060838]
[-0.00122442 -0.08908325 -0.03509873]
[ 0.00164071 -0.0891588  -0.02955036]
[ 0.00389065 -0.0891799  -0.02502497]
[ 0.00521728 -0.08918691 -0.02033205]
[ 0.00655774 -0.09014414 -0.01276007]
[ 0.00728635 -0.09071194 -0.00969438]
[ 0.012238   -0.09280916 -0.0004613 ]
[ 0.012238   -0.09280916 -0.0004613 ]
[ 0.01653058 -0.09369817  0.00505994]
[ 0.02058586 -0.09439528  0.00982529]
[ 0.02253746 -0.0945923   0.01202476]
[ 0.02440669 -0.09454987  0.01463636]
[ 0.02693122 -0.09424502  0.019777  ]
[ 0.0276658  -0.09413243  0.022126  ]
[ 0.02820458 -0.09422699  0.02425773]
[ 0.02863771 -0.09420048  0.0260514 ]
[ 0.02985174 -0.09436341  0.02787323]
[ 0.03434778 -0.09522602  0.03142106]
[ 0.03806571 -0.09594116  0.03346574]
[ 0.04158411 -0.09677159  0.03532812]
[ 0.05028293 -0.09901074  0.03964274]
[ 0.06547858 -0.10643066  0.04726715]
[ 0.06869388 -0.10877239  0.05135231]
[ 0.07109121 -0.1106872   0.05613528]
[ 0.07396298 -0.11259976  0.06060592]
[ 0.07717616 -0.11415315  0.06455684]
[ 0.08338692 -0.11640474  0.07121392]
[ 0.08631255 -0.11720192  0.07507641]
[ 0.08886801 -0.11798177  0.07807195]
[ 0.09366021 -0.1188871   0.08156776]
[ 0.0962071  -0.11896269  0.08187559]
[ 0.09910402 -0.11866798  0.08142006]
[ 0.10422278 -0.11793868  0.08058376]
[ 0.10422278 -0.11793868  0.08058376]
[ 0.10779334 -0.11693581  0.08038655]
[ 0.10897104 -0.11614527  0.0815346 ]
[ 0.10978822 -0.11496826  0.08322305]
[ 0.10938678 -0.11350656  0.08595731]
[ 0.10816792 -0.11203025  0.08887296]
[ 0.10384229 -0.10900312  0.09506668]
[ 0.10239268 -0.1072212   0.09828766]
[ 0.10154874 -0.10484521  0.10192374]
[ 0.10192231 -0.10170379  0.105745  ]
[ 0.10324601 -0.09614872  0.11228287]
[ 0.10290811 -0.09335438  0.1150847 ]
[ 0.10179669 -0.09090538  0.11757053]
[ 0.10108543 -0.08830424  0.11963271]
[ 0.10116363 -0.08598721  0.12107205]
[ 0.10191081 -0.08372298  0.12145624]
[ 0.10271031 -0.07829295  0.12100094]
[ 0.10267553 -0.07226101  0.1214802 ]
[ 0.10612673 -0.06527349  0.11985678]
[ 0.10634128 -0.06085288  0.1181459 ]
[ 0.10556678 -0.05861772  0.1173956 ]
[ 0.10403321 -0.05452806  0.11684911]
[ 0.10331438 -0.05222581  0.11753301]
[ 0.10242937 -0.04960248  0.11894511]
[ 0.10126702 -0.04662994  0.12095018]
[ 0.09863946 -0.03933456  0.12491791]
[ 0.09727617 -0.03559389  0.12664886]
[ 0.09547099 -0.03251281  0.12830576]
[ 0.09366651 -0.0298824   0.13082133]
[ 0.08976237 -0.02478632  0.13755068]
[ 0.08822689 -0.0214489   0.14108777]
[ 0.08677821 -0.01731333  0.14513926]
[ 0.08508047 -0.01291547  0.14916815]
[ 0.08264924 -0.00835418  0.15365537]
[ 0.07967398 -0.00393394  0.15691803]
[0.07655912 0.00020055 0.16029879]
[0.07322911 0.00813601 0.16707179]
[0.07247341 0.01260332 0.17178556]
[0.0718567  0.01646997 0.17502277]
[0.07014707 0.02517619 0.17873797]
[0.06906154 0.02849766 0.17852607]
[0.06814232 0.03239254 0.17826043]
[0.0659531  0.03623427 0.17862485]
[0.0631355  0.03994669 0.17995016]
[0.06015859 0.04319158 0.18150882]
[0.05561133 0.04752819 0.18440668]
[0.05336378 0.04922891 0.18528831]
[0.05128991 0.0514166  0.18509997]
[0.04920553 0.05342583 0.18387337]
[0.04739613 0.05545099 0.18215953]
[0.04475137 0.05930219 0.17906474]
[0.04340228 0.06169886 0.17834358]
[0.04193527 0.06394648 0.17702493]
[0.04134265 0.06614601 0.17457357]
[0.04057558 0.06805339 0.17071271]
[0.03801473 0.07116404 0.1617789 ]
[0.03654492 0.0734527  0.156618  ]
[0.03547697 0.0760159  0.1512337 ]
[0.03437903 0.07847727 0.14579526]
[0.03212405 0.08090011 0.13278471]
[0.03120465 0.07991631 0.12942643]
[0.03023726 0.07866536 0.12546182]
[0.02903097 0.07833377 0.12157759]
[0.02578484 0.07902437 0.10832728]
[0.02554127 0.07886945 0.10526022]
[0.02552662 0.07932489 0.10137721]
[0.02630024 0.07871399 0.09343818]
[0.03174826 0.07039079 0.07755746]
[0.03267606 0.06454662 0.06984416]
[0.032606   0.06162979 0.06297546]
[0.02468129 0.06539693 0.03725007]
[0.02468129 0.06539693 0.03725007]
[0.02212044 0.06554632 0.02741165]
[0.02006174 0.06373255 0.01739821]
[ 0.01610976  0.05871665 -0.00467671]
[ 0.01490825  0.05607211 -0.01365331]
[ 0.01420625  0.05356018 -0.02080713]
[ 0.01473643  0.05006877 -0.02688707]
[ 0.01416541  0.04614189 -0.03444966]
[ 0.01322115  0.03929518 -0.0498322 ]
[ 0.01223764  0.03666895 -0.05741579]
[ 0.01109665  0.02851619 -0.07472391]
[ 0.01088364  0.02559326 -0.07884641]
[ 0.00947703  0.02267561 -0.08359447]
[ 0.00800118  0.01965775 -0.08766437]
[ 0.00651597  0.01651967 -0.09161064]
[ 0.0044483   0.01326908 -0.09592275]
[ 0.00071258  0.00659797 -0.10264882]
[-0.00130228  0.00310946 -0.10577275]
[-0.00400921 -0.00032678 -0.10887824]
[-0.00922012 -0.00608543 -0.11320865]
[-0.01177789 -0.00798111 -0.11459853]
[-0.0149545  -0.01170303 -0.11705536]
[-0.0149545  -0.01170303 -0.11705536]
[-0.01676984 -0.01337898 -0.11818685]
[-0.01923502 -0.01485432 -0.11938001]
[-0.02510461 -0.01813677 -0.12016424]
[-0.0270367  -0.02039088 -0.12054491]
[-0.02965257 -0.02647923 -0.12212763]
[-0.03074575 -0.02963394 -0.12334052]
[-0.03538885 -0.0355156  -0.12556079]
[-0.03764555 -0.03816872 -0.1255964 ]
[-0.03958262 -0.04042354 -0.12525971]
[-0.04247048 -0.04419551 -0.12280519]
[-0.0441546 -0.0456108 -0.1220014]
[-0.04658337 -0.04672345 -0.12223715]
[-0.04886674 -0.0476134  -0.12296204]
[-0.05234753 -0.04896757 -0.12266553]
[-0.05234753 -0.04896757 -0.12266553]
[-0.05175615 -0.05041644 -0.11474591]
[-0.0513823  -0.05091603 -0.11187108]
[-0.05118112 -0.05103526 -0.10901482]
[-0.05116654 -0.05089327 -0.10357739]
[-0.05133902 -0.05057196 -0.10119037]
[-0.05176185 -0.05058541 -0.09881693]
[-0.05337977 -0.05010016 -0.09438643]
[-0.05535381 -0.04819947 -0.09117283]
[-0.05476678 -0.0428325  -0.08438653]
[-0.05437886 -0.04056548 -0.08123688]
[-0.05387595 -0.0348417  -0.07497104]
[-0.05388275 -0.03083185 -0.07159089]
[-0.05276759 -0.02336249 -0.06428192]
[-0.05522472 -0.01658968 -0.05771478]
[-0.05669302 -0.01360647 -0.05561117]
[-0.05796257 -0.01076919 -0.05449839]
[-0.05797217 -0.00400292 -0.0532296 ]
[-0.05689826 -0.00030973 -0.05195938]
[-0.05687823  0.00712578 -0.04892716]
[-0.05754529  0.01072645 -0.04736577]
[-0.05784707  0.01778942 -0.04428351]
[-0.05740726  0.02122265 -0.04247202]
[-0.05694864  0.02787955 -0.03887307]
[-0.05663756  0.03130349 -0.03767655]
[-0.05678018  0.03912812 -0.03446921]
[-0.05652288  0.04288485 -0.03247941]
[-0.05327689  0.05213831 -0.02209932]
[-0.04984839  0.05717368 -0.01421704]
[-0.04760511  0.06173247 -0.01190981]
[-0.04536919  0.0659354  -0.01085498]
[-0.04337796  0.07002561 -0.01037754]
[-0.04268146  0.07320588 -0.01009169]
[-0.0421932   0.07634598 -0.00745861]
[-0.04087577  0.07713541 -0.00581661]
[-0.03548163  0.07857661 -0.00378673]
[-0.03548163  0.07857661 -0.00378673]
[-0.03269984  0.07986495 -0.00388218]
[-0.02726422  0.08327652 -0.00609222]
[-0.02638241  0.08368254 -0.00751485]
[-0.0260979   0.08419812 -0.01001509]
[-0.02510357  0.08454198 -0.01723051]
[-0.02407076  0.08342734 -0.02527957]
[-0.02518911  0.08062682 -0.03374168]
[-0.02518911  0.08062682 -0.03374168]
[-0.02660254  0.07823458 -0.03960499]
[-0.02717823  0.07218813 -0.04937821]
[-0.02688618  0.06840204 -0.05262111]
[-0.02692658  0.06425463 -0.05541858]
[-0.02756082  0.05650764 -0.0581304 ]
[-0.02557169  0.05032161 -0.05959925]
[-0.02278107  0.04730438 -0.06331196]
[-0.01483312  0.04072391 -0.07202221]
[-0.01483312  0.04072391 -0.07202221]
[-0.00805623  0.02970797 -0.08684026]
[-0.00633996  0.02606808 -0.08967689]
[-0.00409662  0.02170006 -0.09153955]
[ 0.00100326  0.00670029 -0.09561002]
[ 0.00231106  0.00235148 -0.09700961]
[ 0.00375139 -0.00140613 -0.09736717]
[ 0.00783171 -0.00969059 -0.09834497]
[ 0.01172019 -0.01949736 -0.10246284]
[ 0.01328047 -0.02372522 -0.10487904]
[ 0.0142428  -0.02795161 -0.10657621]
[ 0.01538425 -0.03227881 -0.10763054]
[ 0.01841374 -0.04277466 -0.1084183 ]
[ 0.01931444 -0.04799387 -0.1089894 ]
[ 0.02307179 -0.05765413 -0.10955616]
[ 0.02604212 -0.06129458 -0.10993346]
[ 0.0301379  -0.06816041 -0.10888256]
[ 0.03052717 -0.07031597 -0.10833085]
[ 0.03076526 -0.07301699 -0.10686392]
[ 0.03053083 -0.07367928 -0.10617772]
[ 0.03294263 -0.07549619 -0.10381161]
[ 0.03671186 -0.07655613 -0.10279346]
[ 0.04200273 -0.07750881 -0.1008065 ]
[ 0.0462444  -0.07862124 -0.09870202]
[ 0.05043783 -0.08300347 -0.08716284]
[ 0.05043783 -0.08300347 -0.08716284]
[ 0.05059106 -0.08430474 -0.08307564]
[ 0.05098823 -0.08532397 -0.07955064]
[ 0.05202188 -0.08683769 -0.07373942]
[ 0.05289275 -0.08691128 -0.07212559]
[ 0.05527029 -0.08595097 -0.07081505]
[ 0.05527029 -0.08595097 -0.07081505]
[ 0.05603231 -0.08519509 -0.07079504]
[ 0.05533608 -0.08404412 -0.06966324]
[ 0.05304944 -0.08324863 -0.06796031]
[ 0.05207188 -0.08271267 -0.06725045]
[ 0.05191385 -0.08181018 -0.06635676]
[ 0.05279813 -0.07909962 -0.06485144]
[ 0.05502515 -0.071301   -0.0598264 ]
[ 0.05502515 -0.071301   -0.0598264 ]
[ 0.05581117 -0.06765552 -0.05757608]
[ 0.05580396 -0.05678907 -0.05187294]
[ 0.0544266  -0.05382026 -0.04923576]
[ 0.05337559 -0.05106924 -0.04629889]
[ 0.05179389 -0.04776288 -0.0434616 ]
[ 0.04916151 -0.03843875 -0.03873578]
[ 0.04773549 -0.02811968 -0.03519632]
[ 0.04780797 -0.023021   -0.03427557]
[ 0.04747894 -0.01796878 -0.03300722]
[ 0.04295809 -0.00253722 -0.02519253]
[ 0.04022959  0.00827218 -0.0191716 ]
[ 0.04022959  0.00827218 -0.0191716 ]
[ 0.03983074  0.01257397 -0.01582768]
[ 0.03851176  0.01672067 -0.01225849]
[ 0.03531594  0.02306932 -0.00733231]
[ 0.03281867  0.02622392 -0.00611695]
[ 0.03066029  0.0322633  -0.00538156]
[ 0.03056057  0.03857914 -0.00323625]
[ 0.02878363  0.04156768 -0.00114189]
[0.02504328 0.0433357  0.00235235]
[0.02061272 0.04447472 0.00625126]
[0.01358386 0.04707879 0.01263293]
[0.01060483 0.05398975 0.01666413]
[0.0073039  0.06295007 0.01965291]
[0.00497564 0.06680891 0.02114079]
[0.00221399 0.0695975  0.02220559]
[-0.00081103  0.07413454  0.0225052 ]
[-0.00207494  0.07589095  0.02055218]
[-0.00281707  0.0776828   0.01759188]
[-0.00750429  0.08374552  0.00524508]
[-0.00750429  0.08374552  0.00524508]
[-0.01026832  0.08580162  0.00084946]
[-0.01282091  0.08768764 -0.00343504]
[-0.01528808  0.0892811  -0.00866265]
[-0.01702009  0.09190416 -0.01762962]
[-0.01794136  0.09257228 -0.02219652]
[-0.01902109  0.09353162 -0.02686418]
[-0.02302119  0.09502922 -0.03671234]
[-0.02302119  0.09502922 -0.03671234]
[-0.02483813  0.09577775 -0.04160121]
[-0.02667543  0.09421432 -0.05119814]
[-0.02620084  0.09302564 -0.05356433]
[-0.02961984  0.09098104 -0.06299771]
[-0.02961984  0.09098104 -0.06299771]
[-0.03267052  0.09073294 -0.06731357]
[-0.03521595  0.09055065 -0.07163396]
[-0.03760047  0.09019738 -0.07611675]
[-0.03760047  0.09019738 -0.07611675]
[-0.03936976  0.09180647 -0.07895956]
[-0.04060169  0.09211162 -0.08006949]
[-0.04259771  0.09089266 -0.08367899]
[-0.0428833   0.08994382 -0.08551362]
[-0.04241849  0.08890714 -0.08688873]
[-0.0409499   0.08653733 -0.08927118]
[-0.04189336  0.08506709 -0.09146479]
[-0.04335374  0.08045266 -0.10173438]
[-0.0423803   0.08146625 -0.10576896]
[-0.03907149  0.08569779 -0.11430106]
[-0.0387101   0.08680111 -0.11853692]
[-0.03821688  0.08742631 -0.12311771]
[-0.0378789   0.08747659 -0.12775207]
[-0.03703985  0.08752175 -0.13144706]
[-0.03655484  0.08751605 -0.13592046]
[-0.0362189   0.08775764 -0.14517796]
[-0.03716693  0.08697517 -0.15927136]
[-0.03716693  0.08697517 -0.15927136]
[-0.03755544  0.08718128 -0.16324599]
[-0.03908061  0.09088103 -0.1738338 ]
[-0.03908061  0.09088103 -0.1738338 ]
[-0.03988005  0.09213185 -0.17706712]
[-0.04097668  0.09367973 -0.17972457]
[-0.04153896  0.09512187 -0.18197867]
[-0.04286418  0.09821954 -0.18633097]
[-0.04266221  0.10001797 -0.18763597]
[-0.04211915  0.10176389 -0.18917769]
[-0.03855945  0.1049627  -0.19150546]
[-0.0349296   0.10829452 -0.19468555]
[-0.03452678  0.10998629 -0.19654368]
[-0.03464985  0.11167646 -0.1989575 ]
[-0.03489199  0.11316928 -0.20217219]
[-0.03479169  0.11558027 -0.20959355]
[-0.03425692  0.11636765 -0.21297066]
[-0.03351563  0.11684722 -0.21559156]
[-0.03262791  0.11746865 -0.21771385]
[-0.03199242  0.11812477 -0.21989092]
[-0.03067931  0.11904525 -0.22193106]
[-0.03024266  0.12013812 -0.22376284]
[-0.02993661  0.12182586 -0.22758298]
[-0.02952471  0.12372988 -0.23190738]
[-0.02862733  0.12415393 -0.23256569]
[-0.02795167  0.1249079  -0.2328826 ]
[-0.02719376  0.12548828 -0.23262288]
[-0.02639805  0.1259449  -0.23223585]
[-0.02550271  0.1262175  -0.23169513]
[-0.02427077  0.12656994 -0.23118351]
[-0.02097375  0.12889472 -0.22970012]
[-0.02097375  0.12889472 -0.22970012]
[-0.02021843  0.12992775 -0.22895697]
[-0.01799607  0.13197868 -0.2269039 ]
[-0.01721712  0.13298319 -0.22628991]
[-0.01561236  0.1337875  -0.22513223]
[-0.01366998  0.13432854 -0.22461863]
[-0.01172093  0.13494295 -0.22421898]
[-0.00708438  0.13570018 -0.2231427 ]
[-0.00502268  0.13620271 -0.22201951]
[-0.0029972   0.13681263 -0.22087775]
[-0.00119072  0.13717644 -0.21895671]
[ 0.00246579  0.13841677 -0.21471938]
[ 0.004456    0.13919002 -0.21158366]
[ 0.01071384  0.14092897 -0.20517747]
[ 0.0167424   0.14271134 -0.20014699]
[ 0.02059939  0.14453645 -0.19559148]
[ 0.02174031  0.14528349 -0.19325189]
[ 0.02306192  0.14568503 -0.19043267]
[ 0.02527656  0.14611296 -0.18468979]
[ 0.02590606  0.14590172 -0.1825289 ]
[ 0.02600106  0.14575271 -0.18087354]
[ 0.02519139  0.14587694 -0.17949298]
[ 0.02453669  0.14685223 -0.17787717]
[ 0.02264925  0.14989135 -0.17322646]
[ 0.02193519  0.1513745  -0.16948229]
[ 0.02176378  0.15255117 -0.16591774]
[ 0.02204465  0.15332566 -0.16214256]
[ 0.02348659  0.15376166 -0.15806097]
[ 0.02556308  0.15516967 -0.15203404]
[ 0.02597173  0.155761   -0.14920996]
[ 0.02473704  0.15799797 -0.14496075]
[ 0.02473704  0.15799797 -0.14496075]
[ 0.0236972   0.15896951 -0.14259148]
[ 0.02591381  0.16158625 -0.135564  ]
[ 0.03006937  0.16478732 -0.1283976 ]
[ 0.03090969  0.16588925 -0.1253458 ]
[ 0.03133314  0.16785549 -0.1178342 ]
[ 0.03079636  0.16870666 -0.11459139]
[ 0.0294717   0.17132945 -0.10959093]
[ 0.02867243  0.17249362 -0.10761341]
[ 0.0283562   0.17380802 -0.10590558]
[ 0.02873634  0.17606075 -0.10313464]
[ 0.02896508  0.17713381 -0.10158089]
[ 0.02821056  0.1779554  -0.10073746]
[ 0.0262872   0.17898665 -0.10055433]
[ 0.02439865  0.18021721 -0.09997993]
[ 0.01886778  0.18402073 -0.10154401]
[ 0.01693626  0.18499094 -0.10221541]
[ 0.01571771  0.18565902 -0.10323215]
[ 0.01293964  0.18642762 -0.10433982]
[ 0.01164741  0.18685642 -0.10436007]
[ 0.01009961  0.18767919 -0.10372107]
[ 0.00908024  0.18823521 -0.10303099]
[ 0.00853108  0.18909656 -0.10243461]
[ 0.00829985  0.19028077 -0.10149305]
[ 0.0078045  0.1910252 -0.1013676]
[ 0.00770629  0.19110703 -0.10141364]
[ 0.00752476  0.19310552 -0.10007662]
[ 0.00700234  0.19537874 -0.09801607]
[ 0.0064336   0.19634011 -0.09700642]
[ 0.00498175  0.19825062 -0.09296338]
[ 0.00529318  0.20000774 -0.09104545]
[ 0.0065489   0.20210199 -0.08932951]
[ 0.0081021   0.20410189 -0.0885186 ]
[ 0.0091294   0.20551331 -0.08780389]
[ 0.01147745  0.20593473 -0.08590794]
[ 0.01583569  0.20528877 -0.0842877 ]
[ 0.02014132  0.20500912 -0.08360291]
[ 0.02404513  0.20535845 -0.08405598]
[ 0.02588051  0.20563065 -0.08435342]
[ 0.02759146  0.20582318 -0.08465813]
[ 0.03185399  0.20490742 -0.08417822]
[ 0.03760554  0.20336628 -0.08320429]
[ 0.0412411   0.20270732 -0.08251827]
[ 0.04804959  0.20191699 -0.08099641]
[ 0.05090149  0.20171045 -0.08013817]
[ 0.05386578  0.2017293  -0.07833416]
[ 0.06392231  0.2009427  -0.068887  ]
[ 0.06392231  0.2009427  -0.068887  ]
[ 0.0682433   0.20007087 -0.0661136 ]
[ 0.07316749  0.19932252 -0.06386038]
[ 0.08056634  0.19753207 -0.06168982]
[ 0.08378301  0.19665685 -0.06094156]
[ 0.08628618  0.19564408 -0.06005321]
[ 0.09135152  0.19328393 -0.05800501]
[ 0.09396694  0.19195302 -0.05681137]
[ 0.10175938  0.18692069 -0.05285213]
[ 0.10175938  0.18692069 -0.05285213]
[ 0.10560999  0.18410711 -0.05253953]
[ 0.10711054  0.18330051 -0.05354301]
[ 0.10815597  0.18260564 -0.05445777]
[ 0.10944212  0.18195261 -0.05540449]
[ 0.11106471  0.18148535 -0.05524731]
[ 0.11473734  0.181049   -0.05295247]
[ 0.11929414  0.18198109 -0.04882088]
[ 0.12206242  0.18273062 -0.04615085]
[ 0.12616435  0.18339653 -0.04337763]
[ 0.13307611  0.18492028 -0.03755483]
[ 0.13559116  0.18561538 -0.0352203 ]
[ 0.13678828  0.18657616 -0.03282596]
[ 0.13709453  0.18762286 -0.03077802]
[ 0.13755909  0.18882068 -0.02882457]
[ 0.13930581  0.19150189 -0.02398938]
[ 0.14125559  0.1928305  -0.02105839]
[ 0.14406261  0.19378524 -0.01705907]
[ 0.14681438  0.19474311 -0.01205948]
[ 0.14841319  0.19580849 -0.00659283]
[0.1484474  0.19999124 0.00886971]
[0.14705653 0.20209931 0.01248595]
[0.14500037 0.20489243 0.01519675]
[0.1424903  0.20814113 0.01716623]
[0.1352402  0.21384172 0.01922796]
[0.13014094 0.2164696  0.01968972]
[0.1214307  0.21917664 0.02074969]
[0.11704338 0.22049853 0.02175694]
[0.10420299 0.22492544 0.02412741]
[0.10420299 0.22492544 0.02412741]
[0.09919209 0.2270927  0.02384496]
[0.09419925 0.22941396 0.02325338]
[0.08534852 0.23315446 0.02095406]
[0.08199961 0.23527552 0.02021774]
[0.07870293 0.23779497 0.02122661]
[0.07232103 0.24302121 0.02682331]
[0.06885307 0.24449641 0.0296283 ]
[0.06885307 0.24449641 0.0296283 ]
[0.0614511  0.24614824 0.03247822]
[0.05688677 0.24672727 0.03207241]
[0.05267999 0.24719597 0.03244412]
[0.04810399 0.24698864 0.0331163 ]
[0.04022185 0.24309246 0.03701182]
[0.03690346 0.24016558 0.03919467]
[0.03356861 0.23694971 0.04184546]
[0.02806959 0.23045926 0.04883698]
[0.02806959 0.23045926 0.04883698]
[0.02280084 0.21787676 0.06581465]
[0.02245492 0.20490164 0.07903267]
[0.02030503 0.17740996 0.10709389]
[0.02030503 0.17740996 0.10709389]
[0.02033994 0.15640354 0.12165175]
[0.02149998 0.14562945 0.12821041]
[0.02227274 0.13517977 0.13483162]
[0.02436157 0.11568748 0.14736649]
[0.02763583 0.09769572 0.15572689]
[0.02930114 0.08917507 0.15874466]
[0.03375082 0.06216395 0.1667697 ]
[0.03532954 0.04260384 0.17118222]
[0.03578434 0.02562894 0.171826  ]
[0.03536735 0.01830007 0.17104989]
[0.03061739 0.00101852 0.16222617]
[ 0.02898493 -0.00374847  0.15844366]
[ 0.02831491 -0.01250731  0.14804932]
[ 0.02784396 -0.01649852  0.14068066]
[ 0.02682259 -0.01969638  0.13276727]
[ 0.02142823 -0.02974038  0.10592887]
[ 0.02142823 -0.02974038  0.10592887]
[ 0.01841161 -0.03886536  0.0883576 ]
[ 0.01589624 -0.04940812  0.07319409]
[ 0.01429305 -0.05534334  0.06522367]
[ 0.01163182 -0.07310803  0.0450879 ]
[ 0.0109726  -0.07912542  0.03817397]
[ 0.0068663  -0.09103243  0.02264106]
[-0.00045996 -0.10262106  0.00520128]
[-0.00254969 -0.10770853 -0.00279954]
[-0.00445951 -0.11665746 -0.01370044]
[-0.00496594 -0.12478817 -0.02319496]
[-0.00578181 -0.13180862 -0.03184437]
[-0.00578181 -0.13180862 -0.03184437]
[-0.00693936 -0.13521686 -0.03579525]
[-0.01170347 -0.14505075 -0.04606944]
[-0.01396441 -0.14995316 -0.05133214]
[-0.01424217 -0.15466522 -0.05593675]
[-0.01384732 -0.15714267 -0.05786965]
[-0.0138038  -0.15901875 -0.05945717]
[-0.01477466 -0.16149737 -0.06128458]
[-0.0156313  -0.16176498 -0.06165234]
[-0.01506224 -0.1618458  -0.06027478]
[-0.01446086 -0.16145088 -0.05942161]
[-0.0143399  -0.16054223 -0.05917747]
[-0.01620715 -0.15781295 -0.06281538]
[-0.01620715 -0.15781295 -0.06281538]
[-0.01591701 -0.15777929 -0.06323414]
[-0.01495672 -0.15815344 -0.06263269]
[-0.01295961 -0.15855491 -0.06046473]
[-0.01159685 -0.15932511 -0.0599243 ]
[-0.01022818 -0.1598549  -0.05972425]
[-0.00872813 -0.16050702 -0.05977585]
[-0.00605995 -0.15903196 -0.05866816]
[-0.00481901 -0.15720297 -0.05813569]
[-0.00078247 -0.15081052 -0.05493196]
[-0.00078247 -0.15081052 -0.05493196]
[-0.00078374 -0.1491539  -0.05278688]
[-0.00029334 -0.14513545 -0.04698537]
[-0.00029334 -0.14513545 -0.04698537]
[ 0.00352975 -0.14311849 -0.04364563]
[ 0.00480782 -0.14181523 -0.0416755 ]
[ 0.00567757 -0.14018138 -0.03947243]
[ 0.00627256 -0.13870865 -0.03692324]
[ 0.00746754 -0.13740082 -0.0340587 ]
[ 0.009656   -0.13647233 -0.03191634]
[ 0.01173105 -0.13605988 -0.03001515]
[ 0.01509841 -0.13567609 -0.0274777 ]
[ 0.01549784 -0.13562579 -0.02611061]
[ 0.01529621 -0.13561743 -0.02479176]
[ 0.01591264 -0.13507715 -0.02287781]
[ 0.01749516 -0.13463542 -0.02216676]
[ 0.02321791 -0.13237433 -0.02053167]
[ 0.02321791 -0.13237433 -0.02053167]
[ 0.02434677 -0.13182938 -0.02002996]
[ 0.02634487 -0.13202816 -0.01955565]
[ 0.02678644 -0.13225454 -0.01974566]
[ 0.02657544 -0.13274689 -0.02037213]
[ 0.02599224 -0.1331864  -0.02083646]
[ 0.02660131 -0.1336029  -0.02137052]
[ 0.02999409 -0.13830329 -0.0211023 ]
[ 0.03207718 -0.14489393 -0.01540934]
[ 0.03207185 -0.14686215 -0.01260053]
[ 0.03375741 -0.14710774 -0.01280344]
[ 0.04335534 -0.14451435 -0.0268514 ]
[ 0.04335534 -0.14451435 -0.0268514 ]
[ 0.04452725 -0.14295517 -0.03198434]
[ 0.04505741 -0.14207752 -0.03557719]
[ 0.04522017 -0.14107446 -0.03695201]
[ 0.04687548 -0.1408211  -0.03731512]
[ 0.04812343 -0.14086083 -0.03767303]
[ 0.04798326 -0.14294021 -0.04114028]
[ 0.04798326 -0.14294021 -0.04114028]
[ 0.04745389 -0.14388625 -0.0432768 ]
[ 0.05051776 -0.14768516 -0.05125489]
[ 0.05277551 -0.14920893 -0.05493403]
[ 0.05789044 -0.15252717 -0.0679589 ]
[ 0.05862851 -0.15376143 -0.07215304]
[ 0.06106385 -0.1579964  -0.08227653]
[ 0.06119367 -0.15969856 -0.08390877]
[ 0.06257381 -0.16338962 -0.08873402]
[ 0.06320619 -0.16519098 -0.09096837]
[ 0.06917877 -0.16742243 -0.09593088]
[ 0.07484979 -0.16848253 -0.09945601]
[ 0.07661857 -0.1686549  -0.10131792]
[ 0.07830521 -0.16809343 -0.10410299]
[ 0.07916099 -0.16746946 -0.10651436]
[ 0.07839898 -0.16675077 -0.11087013]
[ 0.07684336 -0.16897929 -0.11838921]
[ 0.07826299 -0.16998325 -0.12240306]
[ 0.08290582 -0.17384426 -0.13469139]
[ 0.0821022  -0.17529926 -0.14132124]
[ 0.08231804 -0.17582354 -0.14716086]
[ 0.08231804 -0.17582354 -0.14716086]
[ 0.08306546 -0.17636935 -0.14973509]
[ 0.08702741 -0.17835364 -0.15212186]
[ 0.08702741 -0.17835364 -0.15212186]
[ 0.08762874 -0.17893378 -0.15145145]
[ 0.08662059 -0.18044136 -0.15017577]
[ 0.08585723 -0.1817292  -0.14817709]
[ 0.08633824 -0.18205738 -0.14683931]
[ 0.08772968 -0.18260376 -0.1456802 ]
[ 0.08871082 -0.18303776 -0.14554915]
[ 0.08924986 -0.18375058 -0.14546041]
[ 0.09037944 -0.18645704 -0.14230689]
[ 0.09100222 -0.18811214 -0.13912392]
[ 0.0968047  -0.19393668 -0.12477144]
[ 0.0968047  -0.19393668 -0.12477144]
[ 0.09799806 -0.19578311 -0.11128818]
[ 0.09945885 -0.19750553 -0.09610999]
[ 0.09792536 -0.19911715 -0.07340766]
[ 0.09768196 -0.20002708 -0.06435557]
[ 0.09770814 -0.19984195 -0.05586286]
[ 0.09838683 -0.20004782 -0.04608569]
[ 0.10046623 -0.20206244 -0.02574565]
[ 0.10409234 -0.20235772 -0.00863406]
[ 0.10444165 -0.20193706  0.00170528]
[ 0.10479108 -0.20173444  0.0139678 ]
[ 0.10584182 -0.20047072  0.03267145]
[ 0.10760758 -0.20027867  0.03948347]
[ 0.10985828 -0.2001202   0.04556091]
[ 0.1118143  -0.19972827  0.04971496]
[ 0.11441175 -0.19901751  0.05303343]
[ 0.12367106 -0.19371074  0.05910012]
[ 0.12961722 -0.18704779  0.06436664]
[ 0.13030396 -0.18454766  0.06656635]
[ 0.12860445 -0.18203934  0.06781255]
[ 0.11964408 -0.17255363  0.06688535]
[ 0.11964408 -0.17255363  0.06688535]
[ 0.11711479 -0.16962609  0.0655935 ]
[ 0.10935957 -0.16023712  0.05503425]
[ 0.10935957 -0.16023712  0.05503425]
[ 0.10642934 -0.15671532  0.04889936]
[ 0.10411835 -0.15379959  0.04267244]
[ 0.10132683 -0.14980853  0.03077407]
[ 0.09929391 -0.14847475  0.0249125 ]
[ 0.09929391 -0.14847475  0.0249125 ]
[ 0.09387483 -0.14346936  0.0092933 ]
[ 0.09150139 -0.14208907  0.00237183]
[ 0.0887103  -0.14065681 -0.00560942]
[ 0.08218113 -0.13952348 -0.02254919]
[ 0.07961462 -0.13965838 -0.03111764]
[ 0.0762332  -0.14002262 -0.03821094]
[ 0.07257903 -0.14194781 -0.05545028]
[ 0.07257903 -0.14194781 -0.05545028]
[ 0.07307456 -0.14207388 -0.06498203]
[ 0.07369918 -0.14590327 -0.08707378]
[ 0.0725652  -0.14692529 -0.09494062]
[ 0.07218171 -0.1451578  -0.11804911]
[ 0.07409075 -0.14361367 -0.13164641]
[ 0.07625536 -0.14310415 -0.14671496]
[ 0.07669463 -0.14302109 -0.15643151]
[ 0.07670107 -0.14331819 -0.16290937]
[ 0.07522424 -0.14359546 -0.16800591]
[ 0.07281523 -0.14380591 -0.17095247]
[ 0.06891125 -0.14442998 -0.17395449]
[ 0.06772762 -0.14445896 -0.17531896]
[ 0.06737865 -0.144871   -0.17563957]
[ 0.06676132 -0.14585227 -0.17637169]
[ 0.06664818 -0.14670816 -0.17538799]
[ 0.06674757 -0.1475312  -0.17463002]
[ 0.06690212 -0.14850478 -0.17378563]
[ 0.06725765 -0.15121044 -0.17316195]
[ 0.06706332 -0.15232654 -0.17320168]
[ 0.06660316 -0.15303423 -0.17350011]
[ 0.06412668 -0.15432265 -0.17359571]
[ 0.06259396 -0.15479434 -0.17312601]
[ 0.06063814 -0.15534319 -0.17088149]
[ 0.06064885 -0.15573856 -0.16932744]
[ 0.06269457 -0.15704316 -0.16858846]
[ 0.06311985 -0.15783359 -0.16654857]
[ 0.06362686 -0.15861847 -0.16215076]
[ 0.0633531  -0.16014899 -0.149019  ]
[ 0.064601   -0.16156562 -0.13511978]
[ 0.06622612 -0.15991615 -0.12383875]
[ 0.06600465 -0.15800942 -0.10924891]
[ 0.0645517  -0.15763353 -0.09486318]
[ 0.06652536 -0.15856296 -0.08161955]
[ 0.06731591 -0.15908045 -0.07471923]
[ 0.06906196 -0.15881073 -0.06778384]
[ 0.0715905  -0.15826875 -0.06175924]
[ 0.07312863 -0.15721267 -0.05428502]
[ 0.07630434 -0.15332329 -0.0396425 ]
[ 0.07589822 -0.14773905 -0.02650205]
[ 0.07478104 -0.14501664 -0.02130464]
[ 0.07380793 -0.14310347 -0.01732559]
[ 0.0725416  -0.13938516 -0.00663953]
[ 0.0725416  -0.13938516 -0.00663953]
[ 0.07291438 -0.1379789  -0.00384701]
[ 0.07364175 -0.13680479 -0.00161741]
[ 0.07514179 -0.1360833   0.00157357]
[ 0.0756016  -0.13585606  0.00290349]
[ 0.0760211  -0.13527042  0.00401721]
[ 0.07605586 -0.13368972  0.00555592]
[ 0.07605586 -0.13368972  0.00555592]
[ 0.07628328 -0.13349234  0.00600674]
[ 0.07802271 -0.13249859  0.00746029]
[ 0.07802271 -0.13249859  0.00746029]
[ 0.07923733 -0.13134678  0.00823972]
[ 0.08040798 -0.13026546  0.00912578]
[ 0.08150501 -0.12932964  0.01123391]
[ 0.08119201 -0.12884416  0.01269676]
[ 0.08181789 -0.12716042  0.01634852]
[ 0.08215105 -0.1259239   0.01829894]
[ 0.0823128  -0.12492754  0.02085711]
[ 0.08464109 -0.12405659  0.03231635]
[ 0.08602514 -0.12407686  0.03614413]
[ 0.08626582 -0.12340283  0.04169454]
[ 0.08567702 -0.1225998   0.0437745 ]
[ 0.08591611 -0.12222185  0.04803333]
[ 0.08712385 -0.12113331  0.05025576]
[ 0.08745736 -0.1185879   0.04863783]
[ 0.08768465 -0.11778247  0.04756139]
[ 0.08768081 -0.1148095   0.04273378]
[ 0.0890614  -0.1138994   0.04014656]
[ 0.09241923 -0.11274786  0.0374142 ]
[ 0.09545608 -0.11190259  0.03483149]
[ 0.0997399  -0.10809794  0.02958202]
[ 0.09995439 -0.10530137  0.02643197]
[ 0.09853234 -0.09784044  0.01705578]
[ 0.09853234 -0.09784044  0.01705578]
[ 0.09703974 -0.09561156  0.01361647]
[ 0.09275525 -0.08972862  0.00761386]
[ 0.09010786 -0.08648396  0.00536783]
[ 0.08755932 -0.0829536   0.0027182 ]
[ 0.08443195 -0.07937386  0.00025746]
[ 0.08151018 -0.0717093  -0.00528177]
[ 0.0803569  -0.06734341 -0.00706297]
[ 0.07975889 -0.06322864 -0.00837815]
[ 0.07877182 -0.05615992 -0.01029667]
[ 0.07841701 -0.05316394 -0.0116917 ]
[ 0.07772661 -0.05038441 -0.01355555]
[ 0.07576915 -0.0455302  -0.01848927]
[ 0.07502303 -0.04368667 -0.02056433]
[ 0.07470616 -0.04059676 -0.02486652]
[ 0.07490855 -0.03920876 -0.02621369]
[ 0.07564106 -0.03798718 -0.02749848]
[ 0.07601241 -0.03708696 -0.02933581]
[ 0.07588095 -0.03633741 -0.03204986]
[ 0.07294727 -0.03647785 -0.03486961]
[ 0.07118331 -0.03397067 -0.03982578]
[ 0.0709956  -0.03198618 -0.04315723]
[ 0.07110443 -0.02987581 -0.04556715]
[ 0.06758065 -0.02638906 -0.05046014]
[ 0.06362375 -0.02305596 -0.05496911]
[ 0.06161509 -0.02169049 -0.05664756]
[ 0.05745759 -0.01837364 -0.06010231]
[ 0.05443258 -0.01408714 -0.06290796]
[ 0.05234114 -0.00877657 -0.06537141]
[ 0.05131736 -0.0062763  -0.06672911]
[ 4.87462789e-02 -8.05116542e-06 -6.95053563e-02]
[ 4.87462789e-02 -8.05116542e-06 -6.95053563e-02]
[ 0.04871381  0.00557633 -0.0705145 ]
[ 0.04923949  0.00745005 -0.07081292]
[ 0.04941615  0.00899396 -0.07113774]
[ 0.04892563  0.01183029 -0.07024558]
[ 0.04741806  0.01263729 -0.06898703]
[ 0.04371131  0.01534587 -0.06492546]
[ 0.04234349  0.01863422 -0.06302665]
[ 0.04167021  0.02690854 -0.06041786]
[ 0.04369113  0.03433225 -0.06082786]
[ 0.04311543  0.0377926  -0.06091701]
[ 0.04164418  0.04342018 -0.05993607]
[ 0.04060421  0.04612794 -0.05806134]
[ 0.03967338  0.04916558 -0.05664062]
[ 0.03866718  0.05248148 -0.05536319]
[ 0.03683374  0.06140416 -0.05278021]
[ 0.0366771   0.06371119 -0.05124546]
[ 0.0373896   0.07201367 -0.04919977]
[ 0.0373896   0.07201367 -0.04919977]
[ 0.03735878  0.07614357 -0.04960213]
[ 0.03656245  0.07771561 -0.04971179]
[ 0.03520623  0.0805973  -0.05007947]
[ 0.03369114  0.08390936 -0.05524516]
[ 0.03317553  0.08543511 -0.05722803]
[ 0.03386136  0.08800068 -0.06026902]
[ 0.03550928  0.08747005 -0.06143615]
[ 0.03493886  0.08544267 -0.0612608 ]
[ 0.03465753  0.08487697 -0.06120007]
[ 0.03455996  0.08466787 -0.06104137]
[ 0.03433861  0.08458136 -0.06122011]
[ 0.03490453  0.08402856 -0.06038242]
[ 0.03513839  0.08355538 -0.06057924]
[ 0.03463966  0.08119909 -0.06239854]
[ 0.03397962  0.08068796 -0.06236181]
[ 0.03401198  0.08030297 -0.06186495]
[ 0.03410821  0.08009557 -0.06141263]
[ 0.03432972  0.08017986 -0.06110638]
[ 0.03566836  0.08023258 -0.06190415]
[ 0.03865035  0.0810964  -0.06283908]
[ 0.03874802  0.08051319 -0.06332665]
[ 0.038179    0.07896129 -0.06294207]
[ 0.03790977  0.07637916 -0.06144729]
[ 0.03886711  0.07755976 -0.06000515]
[ 0.03920007  0.07977127 -0.05974352]
[ 0.03915553  0.08220365 -0.05995126]
[ 0.03739815  0.084879   -0.06149819]
[ 0.03808717  0.08554649 -0.06225817]
[ 0.04147177  0.08704087 -0.06431895]
[ 0.04268368  0.08761492 -0.06526367]
[ 0.04285841  0.08810397 -0.06644806]
[ 0.04007909  0.08694939 -0.0689516 ]
[ 0.03878077  0.08600466 -0.07039313]
[ 0.03712844  0.08512501 -0.07157412]
[ 0.03577002  0.08470924 -0.07279006]
[ 0.03373071  0.08463403 -0.07368447]
[ 0.03338276  0.08466134 -0.0739632 ]
[ 0.0333341   0.0850093  -0.07392342]
[ 0.0336347   0.08621112 -0.07592592]
[ 0.03366055  0.08714245 -0.07725351]
[ 0.0340964   0.0897107  -0.08005418]
[ 0.0345918   0.09104776 -0.08102006]
[ 0.03472251  0.09321362 -0.08132268]
[ 0.03412784  0.09558071 -0.08129527]
[ 0.032108    0.10019295 -0.08086232]
[ 0.03229562  0.10483249 -0.08091688]
[ 0.03272078  0.10733948 -0.081259  ]
[ 0.03325539  0.11223833 -0.08098048]
[ 0.03298158  0.11441965 -0.08106109]
[ 0.03301682  0.11833234 -0.07931003]
[ 0.03274243  0.12023818 -0.07753987]
[ 0.03250932  0.12464564 -0.07442257]
[ 0.03295446  0.12721701 -0.07288848]
[ 0.0345908   0.13149525 -0.07072952]
[ 0.03548383  0.13592215 -0.06685466]
[ 0.03560207  0.13881272 -0.06394804]
[ 0.03561536  0.14181224 -0.06130516]
[ 0.03601574  0.14742453 -0.05668296]
[ 0.03786153  0.15101588 -0.05180521]
[ 0.03885748  0.15171155 -0.04879884]
[ 0.03852837  0.15199205 -0.04576181]
[ 0.03712917  0.15435459 -0.03839804]
[ 0.03712917  0.15435459 -0.03839804]
[ 0.03735042  0.15511438 -0.03427735]
[ 0.03836476  0.15513362 -0.02232341]
[ 0.03875983  0.15604626 -0.0181354 ]
[ 0.04020078  0.15820393 -0.01055037]
[ 0.03997619  0.159052   -0.00695866]
[ 0.03992999  0.15987547 -0.00324389]
[0.03842471 0.16332114 0.00323721]
[0.03823029 0.1660179  0.0042144 ]
[0.03893114 0.16951486 0.00371478]
[0.0399621  0.17294271 0.002675  ]
[0.04022317 0.17596461 0.0006879 ]
[ 0.038785    0.18119085 -0.00220758]
[ 0.03719679  0.18369186 -0.00449276]
[ 0.03642312  0.18660301 -0.00716748]
[ 0.0361068   0.18902484 -0.00987038]
[ 0.03672663  0.19307278 -0.01670427]
[ 0.03769272  0.19406472 -0.03072901]
[ 0.03789089  0.19385205 -0.03529905]
[ 0.03843098  0.19391751 -0.03972337]
[ 0.03906473  0.19410846 -0.04409443]
[ 0.03983194  0.19463843 -0.05196763]
[ 0.03985838  0.19435613 -0.05558113]
[ 0.04201224  0.19271789 -0.06222122]
[ 0.04556683  0.19033149 -0.06758787]
[ 0.04588284  0.18915395 -0.07034423]
[ 0.0460168   0.18740092 -0.07341068]
[ 0.04560803  0.18606085 -0.07686275]
[ 0.04449213  0.18408762 -0.08448977]
[ 0.04427148  0.18330459 -0.0881853 ]
[ 0.04508171  0.18226752 -0.09143172]
[ 0.04578731  0.18087925 -0.09557462]
[ 0.04707085  0.17912669 -0.09976725]
[ 0.04792052  0.17692749 -0.10451641]
[ 0.04942343  0.17278194 -0.11365939]
[ 0.05087592  0.17050971 -0.11793178]
[ 0.05302728  0.16783853 -0.12215319]
[ 0.05630741  0.16064422 -0.12923305]
[ 0.05629852  0.15664987 -0.13149735]
[ 0.05567532  0.1528157  -0.13301501]
[ 0.05530915  0.14929648 -0.13491751]
[ 0.05532292  0.14621904 -0.13752738]
[ 0.05652694  0.14386916 -0.13933688]
[ 0.05963378  0.13940264 -0.14163575]
[ 0.05877875  0.13396014 -0.14205323]
[ 0.05724483  0.13074426 -0.1421898 ]
[ 0.05664445  0.12818071 -0.14216453]
[ 0.05815603  0.1227467  -0.14184259]
[ 0.05887877  0.12021147 -0.14122148]
[ 0.05924403  0.11774597 -0.13971904]
[ 0.05925672  0.11365469 -0.13362433]
[ 0.06361567  0.10863627 -0.12264108]
[ 0.07034268  0.10585708 -0.11389039]
[ 0.07297229  0.10470364 -0.11011195]
[ 0.07630936  0.1026118  -0.10405736]
[ 0.07802874  0.10127181 -0.10140464]
[ 0.082059    0.09829931 -0.0967172 ]
[ 0.08473202  0.09390087 -0.0924078 ]
[ 0.08473202  0.09390087 -0.0924078 ]
[ 0.08579018  0.09136131 -0.09065911]
[ 0.08548523  0.08638588 -0.08716631]
[ 0.08585041  0.08398606 -0.08592552]
[ 0.08647994  0.08241354 -0.08502912]
[ 0.08769243  0.07834052 -0.07873155]
[ 0.08622565  0.07564811 -0.07439227]
[ 0.0803209   0.07013109 -0.06697366]
[ 0.07677201  0.06694795 -0.06472979]
[ 0.07315782  0.06359226 -0.063268  ]
[ 0.06973662  0.059742   -0.06192656]
[ 0.06309721  0.04617844 -0.05622434]
[ 0.06150023  0.04126334 -0.05411496]
[ 0.05973916  0.03584453 -0.05240063]
[ 0.05808013  0.0305677  -0.05082719]
[ 0.0570868   0.025767   -0.04999257]
[ 0.05589115  0.01622877 -0.04934966]
[ 0.05658211  0.01195562 -0.04868333]
[ 0.05777321  0.00779206 -0.04793952]
[ 0.05945458  0.00378853 -0.04691499]
[ 6.13731951e-02 -9.38056291e-06 -4.63184789e-02]
[ 0.06650395 -0.01171181 -0.04488856]
[ 0.06724097 -0.0152038  -0.04426378]
[ 0.06732321 -0.01855647 -0.04331207]
[ 0.0672813  -0.02240497 -0.04288625]
[ 0.06732585 -0.02642106 -0.04277194]
[ 0.06761824 -0.03942359 -0.04089585]
[ 0.06761824 -0.03942359 -0.04089585]
[ 0.06780311 -0.0436522  -0.04006444]
[ 0.06863544 -0.0479414  -0.03974464]
[ 0.06875943 -0.05626746 -0.04127394]
[ 0.06780336 -0.06289731 -0.04258409]
[ 0.06792959 -0.06873069 -0.04317357]
[ 0.06841012 -0.07482314 -0.04323495]
[ 0.06862231 -0.07828958 -0.04300519]
[ 0.06900105 -0.08183205 -0.04344676]
[ 0.06965796 -0.08530489 -0.04379381]
[ 0.06989579 -0.08857656 -0.04478527]
[ 0.07130556 -0.09420296 -0.04558878]
[ 0.07185722 -0.09683973 -0.04611822]
[ 0.07205764 -0.09941745 -0.04692731]
[ 0.07283849 -0.10222948 -0.04790405]
[ 0.07326991 -0.1068247  -0.05073665]
[ 0.07314282 -0.11052926 -0.05251762]
[ 0.07248276 -0.1122567  -0.05303009]
[ 0.07132157 -0.1148691  -0.05348901]
[ 0.07263832 -0.11683904 -0.05523294]
[ 0.07442819 -0.11779459 -0.05601688]
[ 0.07623217 -0.11997241 -0.05658128]
[ 0.07945686 -0.12675241 -0.05584102]
[ 0.08043306 -0.13016704 -0.05587173]
[ 0.08154965 -0.13486169 -0.05587946]
[ 0.08175141 -0.13533442 -0.05549744]
[ 0.08256221 -0.13621935 -0.05358943]
[ 0.08256221 -0.13621935 -0.05358943]
[ 0.08185721 -0.1364056  -0.05176687]
[ 0.08118533 -0.13628373 -0.04924649]
[ 0.08110977 -0.13608706 -0.0465145 ]
[ 0.08158342 -0.13494033 -0.04028508]
[ 0.08260981 -0.13230647 -0.02765108]
[ 0.08285197 -0.13152134 -0.01777235]
[ 0.08283792 -0.13112721 -0.0133302 ]
[ 0.08227167 -0.12996398 -0.008373  ]
[ 0.07904955 -0.12466722  0.00444968]
[ 0.07820906 -0.1209042   0.01411618]
[ 0.07580895 -0.11708289  0.02328222]
[ 0.07617175 -0.11547462  0.02959345]
[ 0.07617175 -0.11547462  0.02959345]
[ 0.07748865 -0.11433753  0.03332572]
[ 0.07770759 -0.11306348  0.03607868]
[ 0.07761327 -0.11190215  0.03806006]
[ 0.07792976 -0.11091713  0.03990701]
[ 0.07625664 -0.10757494  0.04369973]
[ 0.0756632  -0.10542071  0.0457671 ]
[ 0.07491442 -0.10200934  0.04772125]
[ 0.07420876 -0.10055969  0.04819448]
[ 0.07260077 -0.09769037  0.04817389]
[ 0.07202224 -0.09621906  0.04850064]
[ 0.07165293 -0.09481494  0.04880729]
[ 0.07087489 -0.09106758  0.04924071]
[ 0.07135572 -0.0887692   0.04993184]
[ 0.07196208 -0.08586559  0.05012674]
[ 0.07378126 -0.0798116   0.05068955]
[ 0.07552064 -0.07367567  0.05126327]
[ 0.0762862  -0.07123308  0.05166923]
[ 0.07627082 -0.06876265  0.0519173 ]
[ 0.07622545 -0.06684262  0.05171629]
[ 0.07583632 -0.06498808  0.05096003]
[ 0.07661591 -0.06139934  0.04860115]
[ 0.07688839 -0.05953684  0.04756072]
[ 0.07728822 -0.05727338  0.04676149]
[ 0.07806829 -0.05007005  0.04463681]
[ 0.07907597 -0.04864402  0.04452738]
[ 0.07895105 -0.04787288  0.0449223 ]
[ 0.07873628 -0.04629457  0.04660895]
[ 0.08010334 -0.0397456   0.04453816]
[ 0.08195024 -0.03647504  0.04276972]
[ 0.08280294 -0.03356931  0.04073487]
[ 0.08213941 -0.02922816  0.03791979]
[ 0.08213941 -0.02922816  0.03791979]
[ 0.08020998 -0.02364493  0.03498633]
[ 0.07974542 -0.02072182  0.03310625]
[ 0.0795849  -0.01797423  0.0315975 ]
[ 0.07930127 -0.01269083  0.02906659]
[ 0.07772655 -0.00440593  0.02405572]
[ 0.0773611  -0.00170343  0.02192691]
[0.07670747 0.00096787 0.02031038]
[0.07621942 0.00365532 0.01846399]
[0.07531028 0.00902923 0.01419835]
[0.07503981 0.01162216 0.01179191]
[0.07467458 0.01417962 0.00907337]
[0.07478618 0.01850865 0.00358922]
[0.07494756 0.02009742 0.00101627]
[ 0.07473873  0.02161179 -0.00198595]
[ 0.07419102  0.02339257 -0.00538444]
[ 0.07285724  0.02831291 -0.01356058]
[ 0.07264393  0.0313404  -0.01779727]
[ 0.07394896  0.03589904 -0.02626346]
[ 0.07362034  0.03862942 -0.0301124 ]
[ 0.07249907  0.04488847 -0.03734101]
[ 0.07147958  0.04760501 -0.04033561]
[ 0.07093086  0.05017076 -0.04350176]
[ 0.07033148  0.05301638 -0.04766588]
[ 0.07013074  0.05627132 -0.05235728]
[ 0.06806936  0.06378529 -0.06341777]
[ 0.06661621  0.06990308 -0.07342926]
[ 0.06661621  0.06990308 -0.07342926]
[ 0.06636131  0.0729521  -0.07774208]
[ 0.06687664  0.07578111 -0.08128414]
[ 0.06839875  0.0810446  -0.08565108]
[ 0.07151054  0.08493359 -0.08630759]
[ 0.07292957  0.08718355 -0.08606347]
[ 0.07416852  0.08969928 -0.08506756]
[ 0.07454001  0.09543813 -0.0846019 ]
[ 0.07445649  0.09794932 -0.08437794]
[ 0.07407117  0.10292494 -0.08374431]
[ 0.0741738   0.10534354 -0.08195423]
[ 0.07502048  0.11042283 -0.07870667]
[ 0.07714539  0.11556592 -0.07675303]
[ 0.07799267  0.11819102 -0.07564665]
[ 0.07935072  0.12219597 -0.0731718 ]
[ 0.0795083   0.12434743 -0.07129509]
[ 0.07995743  0.12643698 -0.06931603]
[ 0.08082787  0.13127501 -0.06587908]
[ 0.08101096  0.13373557 -0.06464558]
[ 0.08114069  0.14198644 -0.06275409]
[ 0.08164125  0.14477511 -0.0616723 ]
[ 0.08203246  0.14765128 -0.06023354]
[ 0.08189549  0.15248755 -0.05600006]
[ 0.0822228   0.15813826 -0.05292637]
[ 0.08261929  0.16135108 -0.05242141]
[ 0.0832996   0.16713819 -0.05225839]
[ 0.08319039  0.17379081 -0.05107811]
[ 0.08359816  0.17727976 -0.04888744]
[ 0.08359816  0.17727976 -0.04888744]
[ 0.08427418  0.18034787 -0.04616356]
[ 0.0855323   0.18272877 -0.04451569]
[ 0.08617521  0.18340392 -0.04372616]
[ 0.08644303  0.18562554 -0.04193663]
[ 0.08644303  0.18562554 -0.04193663]
[ 0.08612775  0.18664859 -0.04135317]
[ 0.08564313  0.18728012 -0.04077952]
[ 0.0849994   0.18881646 -0.03828823]
[ 0.08600513  0.19046758 -0.03572836]
[ 0.0859134   0.19157584 -0.03376086]
[ 0.08526715  0.19259228 -0.03083114]
[ 0.08495154  0.19306447 -0.02914922]
[ 0.08464192  0.19361027 -0.02721816]
[ 0.08361443  0.19426091 -0.02394117]
[ 0.08319192  0.19455858 -0.02199791]
[ 0.0826417  0.1951514 -0.0197879]
[ 0.0823453   0.19569005 -0.01728407]
[ 0.08269139  0.19810283 -0.01354272]
[ 0.08267874  0.19866149 -0.01241076]
[ 0.08224312  0.19903986 -0.01179645]
[ 0.0797512   0.19706947 -0.01145058]
[ 0.07803393  0.19595858 -0.01202492]
[ 0.07523791  0.19344893 -0.01287578]
[ 0.07262712  0.18748742 -0.01527131]
[ 0.07262712  0.18748742 -0.01527131]
[ 0.07258395  0.18508272 -0.01674389]
[ 0.07295415  0.17856735 -0.02070467]
[ 0.07172703  0.17361633 -0.02403338]
[ 0.07089797  0.16767654 -0.02787009]
[ 0.06952213  0.16065472 -0.03136259]
[ 0.06780027  0.14692543 -0.03441896]
[ 0.06718229  0.14136377 -0.03514196]
[ 0.067602    0.13279201 -0.03238047]
[ 0.06740104  0.12833171 -0.02915217]
[ 0.06577045  0.11873171 -0.02170203]
[ 0.06481232  0.11378963 -0.01932191]
[ 0.06356195  0.10913682 -0.01849319]
[ 0.06175335  0.10481746 -0.01899531]
[ 0.06082887  0.10062195 -0.01963703]
[ 0.05932883  0.09378627 -0.02170417]
[ 0.05813717  0.09097067 -0.02380956]
[ 0.0558212   0.08831668 -0.02537777]
[ 0.05265675  0.0858153  -0.02665116]
[ 0.04992706  0.08249884 -0.02741894]
[ 0.04422327  0.0757096  -0.03038779]
[ 0.04111386  0.07221859 -0.0330793 ]
[ 0.03433684  0.06641401 -0.03799034]
[ 0.02848301  0.06169873 -0.04137866]
[ 0.02438899  0.05935279 -0.04298887]
[ 0.02462462  0.05780146 -0.04351674]
[ 0.02603002  0.05577175 -0.0437565 ]
[ 0.02784485  0.05322037 -0.043409  ]
[ 0.02977197  0.04828441 -0.04111648]
[ 0.02805979  0.04234679 -0.03979355]
[ 0.02577095  0.03958425 -0.04067239]
[ 0.024793    0.03759266 -0.04140984]
[ 0.02401971  0.03511884 -0.04338882]
[ 0.02410281  0.03094167 -0.04457777]
[ 0.02300905  0.02474265 -0.04483082]
[ 0.02212167  0.01964067 -0.04474989]
[ 0.019615    0.0155075  -0.04526483]
[ 0.01766687  0.01356705 -0.04655363]
[ 0.01361023  0.00598429 -0.05265897]
[ 0.01361023  0.00598429 -0.05265897]
[ 0.01358775  0.00023366 -0.05630735]
[ 0.01373743 -0.00306565 -0.0587831 ]
[ 0.01107243 -0.01018276 -0.06451371]
[ 0.00797104 -0.01349054 -0.06733081]
[ 0.0015106  -0.01989142 -0.07338063]
[ 0.0015106  -0.01989142 -0.07338063]
[-0.00131198 -0.02279162 -0.07601659]
[-0.00457724 -0.02572514 -0.07866117]
[-0.01288048 -0.03052102 -0.08302625]
[-0.0165843  -0.03189922 -0.08455539]
[-0.03175283 -0.03965256 -0.0888406 ]
[-0.03175283 -0.03965256 -0.0888406 ]
[-0.04250334 -0.04394647 -0.08994696]
[-0.04677954 -0.04564741 -0.09035387]
[-0.05634202 -0.0487233  -0.08970306]
[-0.06050119 -0.04968351 -0.09005722]
[-0.06645048 -0.0499702  -0.0885966 ]
[-0.06645048 -0.0499702  -0.0885966 ]
[-0.06903698 -0.04984628 -0.08769316]
[-0.0739718  -0.05014051 -0.08396365]
[-0.07679591 -0.05015058 -0.08228106]
[-0.0786946  -0.04989952 -0.08003778]
[-0.08014145 -0.04937261 -0.07756364]
[-0.08124788 -0.04862716 -0.07522832]
[-0.08147746 -0.04744697 -0.07000802]
[-0.08234007 -0.04713527 -0.06847923]
[-0.0825972  -0.04657248 -0.06710251]
[-0.08341167 -0.04593265 -0.06593085]
[-0.08446511 -0.04499931 -0.06539904]
[-0.08548076 -0.04403401 -0.06455372]
[-0.08600013 -0.04372763 -0.06472296]
[-0.08625914 -0.04370171 -0.06493935]
[-0.08680236 -0.04275788 -0.06560162]
[-0.08642481 -0.04124522 -0.06616032]
[-0.08691001 -0.03632531 -0.06855612]
[-0.08199634 -0.02676213 -0.06799921]
[-0.08032453 -0.02348664 -0.06770422]
[-0.07764686 -0.01457538 -0.06947172]
[-0.07541671 -0.00748889 -0.06842742]
[-0.07541671 -0.00748889 -0.06842742]
[-0.07560365 -0.00311476 -0.06793899]
[-0.07559735  0.00556751 -0.06987089]
[-0.07424921  0.00981611 -0.07074154]
[-0.07144531  0.0181376  -0.07097634]
[-0.06971549  0.02246127 -0.0698138 ]
[-0.06302469  0.03588686 -0.06786527]
[-0.05683773  0.04325602 -0.06749544]
[-0.05464548  0.0466972  -0.06607438]
[-0.05244803  0.0560851  -0.06188137]
[-0.05153055  0.06103977 -0.05798586]
[-0.04813755  0.06717844 -0.05307092]
[-0.04236477  0.07609429 -0.04261677]
[-0.04081388  0.08065519 -0.0397705 ]
[-0.04400887  0.08843638 -0.03612742]
[-0.04565449  0.09148853 -0.03425641]
[-0.04754594  0.09373787 -0.03230547]
[-0.04798723  0.09562649 -0.03026748]
[-0.04680045  0.09743918 -0.02811419]
[-0.04373886  0.10147167 -0.02329237]
[-0.04244685  0.10536271 -0.01947126]
[-0.04232203  0.10720116 -0.01801379]
[-0.04155275  0.10934655 -0.01644775]
[-0.03939006  0.11407908 -0.01300821]
[-0.03908327  0.11699389 -0.01190965]
[-0.04044902  0.1227109  -0.01111169]
[-0.04247471  0.1257015  -0.01141077]
[-0.04434608  0.12823787 -0.01145614]
[-0.04668521  0.13061908 -0.01198619]
[-0.0509855   0.13371891 -0.01431017]
[-0.05227631  0.13459028 -0.01623817]
[-0.05438104  0.134516   -0.01818697]
[-0.05870475  0.13300429 -0.02158878]
[-0.06035059  0.13157594 -0.0224161 ]
[-0.06155264  0.12986161 -0.02308061]
[-0.06335129  0.12771006 -0.02435386]
[-0.06420288  0.12519412 -0.02562431]
[-0.0669581   0.11995165 -0.02870333]
[-0.06758902  0.11718212 -0.03043178]
[-0.07083258  0.11133263 -0.03620317]
[-0.07426068  0.10576797 -0.04186184]
[-0.08337832  0.09637843 -0.04846613]
[-0.08337832  0.09637843 -0.04846613]
[-0.09292107  0.08917443 -0.05210568]
[-0.10142481  0.08166307 -0.055812  ]
[-0.10497066  0.07824779 -0.0569157 ]
[-0.10814727  0.07458203 -0.05843904]
[-0.11154817  0.07056858 -0.05936971]
[-0.11616407  0.06661608 -0.06005451]
[-0.12606282  0.0590611  -0.06020619]
[-0.13093213  0.05621441 -0.05987978]
[-0.13488141  0.05324298 -0.0589989 ]
[-0.14240399  0.04550268 -0.05527875]
[-0.14642661  0.04067004 -0.0536443 ]
[-0.1481916   0.03791664 -0.0529699 ]
[-0.14960224  0.03534808 -0.05280611]
[-0.14964269  0.03023002 -0.05185508]
[-0.14724036  0.02476939 -0.0515177 ]
[-0.14614631  0.02191349 -0.05115803]
[-0.14517863  0.01869743 -0.04997337]
[-0.14611757  0.01030872 -0.04503993]
[-0.14978227  0.0009213  -0.03856533]
[-0.15104819 -0.0032523  -0.033775  ]
[-0.15084929 -0.0113813  -0.01926716]
[-0.15057483 -0.0148655  -0.01135538]
[-0.14988895 -0.01876546 -0.00377557]
[-0.15048647 -0.02665852  0.01179966]
[-0.1505378  -0.02914562  0.02033716]
[-0.15409098 -0.03209042  0.04369061]
[-0.15409098 -0.03209042  0.04369061]
[-0.15453871 -0.03439743  0.05340985]
[-0.1528646  -0.03627887  0.05921508]
[-0.15221438 -0.03586779  0.06086389]
[-0.15230557 -0.03329589  0.06038988]
[-0.15272931 -0.0322955   0.05830814]
[-0.15322291 -0.03268448  0.05259378]
[-0.15256077 -0.03318713  0.04944865]
[-0.15170181 -0.0338346   0.04638227]
[-0.1505511  -0.03473625  0.04311808]
[-0.14883748 -0.0353597   0.03946956]
[-0.145797   -0.03715751  0.03116717]
[-0.14462504 -0.03764944  0.0268577 ]
[-0.14381789 -0.03852961  0.02229937]
[-0.14030928 -0.04235416  0.01352257]
[-0.13939739 -0.04617938  0.00893264]
[-0.13836684 -0.05846839  0.00024396]
[-0.1384733  -0.06621389 -0.00388241]
[-0.1385724  -0.07459433 -0.0074565 ]
[-0.14011592 -0.09025018 -0.01382756]
[-0.14021106 -0.09773424 -0.0168245 ]
[-0.14008073 -0.1048172  -0.01853741]
[-0.14010932 -0.11251683 -0.02083231]
[-0.13995367 -0.12792686 -0.02513148]
[-0.13943636 -0.13545418 -0.02712034]
[-0.13827389 -0.1555077  -0.02699498]
[-0.13827389 -0.1555077  -0.02699498]
[-0.1368751  -0.16678105 -0.02560667]
[-0.13603559 -0.17221509 -0.02474445]
[-0.13529473 -0.17689708 -0.02301528]
[-0.13341235 -0.18510474 -0.01932314]
[-0.13141184 -0.18982762 -0.0179888 ]
[-0.13019533 -0.19093068 -0.01758956]
[-0.12884098 -0.19109011 -0.01697149]
[-0.12704801 -0.19126573 -0.01622203]
[-0.12119973 -0.19224088 -0.01435443]
[-0.1177551  -0.19205461 -0.01308453]
[-0.11464271 -0.19124927 -0.01155446]
[-0.11102766 -0.19007751 -0.00814611]
[-0.10940973 -0.18983847 -0.00700943]
[-0.10800689 -0.18992184 -0.00689971]
[-0.10714145 -0.18995686 -0.00569467]
[-0.10457118 -0.19124296 -0.00069289]
[-0.10326588 -0.19280697  0.00216273]
[-0.10147105 -0.19524357  0.00403271]
[-0.09971788 -0.19854166  0.00575636]
[-0.09851374 -0.20186636  0.00791492]
[-0.09422136 -0.20688717  0.01582281]
[-0.09284567 -0.20691     0.01818618]
[-0.09184567 -0.20610616  0.01981083]
[-0.09106825 -0.20527714  0.02113277]
[-0.08880722 -0.20167643  0.02266856]
[-0.08755662 -0.19876422  0.02389249]
[-0.08654905 -0.19458419  0.02510021]
[-0.08605918 -0.18452302  0.02640579]
[-0.08566756 -0.17904468  0.02585382]
[-0.08330886 -0.16063179  0.02352883]
[-0.08330886 -0.16063179  0.02352883]
[-0.0826252  -0.15330684  0.02326293]
[-0.0816753  -0.14569747  0.02266804]
[-0.08019855 -0.13835061  0.02184655]
[-0.06733208 -0.09661934  0.01977745]
[-0.06444968 -0.08678911  0.01932107]
[-0.05990978 -0.06625661  0.01812887]
[-0.05907623 -0.05599066  0.01617997]
[-0.05945629 -0.03455095  0.0107299 ]
[-0.0606585  -0.02355533  0.0063288 ]
[-0.06134547 -0.01340204  0.00224158]
[-0.06215891 -0.00351396 -0.0004705 ]
[-0.06232307  0.00618454 -0.00293236]
[-0.06183479  0.02341826 -0.00699288]
[-0.060405    0.03124573 -0.01028432]
[-0.05923775  0.03896128 -0.01351902]
[-0.05919676  0.04619611 -0.01715871]
[-0.05935731  0.05297496 -0.01954962]
[-0.06034152  0.06467276 -0.02292516]
[-0.05835787  0.07928357 -0.02553038]
[-0.05835787  0.07928357 -0.02553038]
[-0.05717147  0.08358642 -0.02536198]
[-0.05126707  0.0914587  -0.0230382 ]
[-0.05126707  0.0914587  -0.0230382 ]
[-0.04981294  0.09260203 -0.02156987]
[-0.04861295  0.09348775 -0.01990083]
[-0.04708661  0.09546677 -0.01721643]
[-0.04626791  0.09646037 -0.01692138]
[-0.04677506  0.09898687 -0.0173783 ]
[-0.04677506  0.09898687 -0.0173783 ]
[-0.04829521  0.10126288 -0.01760141]
[-0.05027489  0.1069032  -0.01642633]
[-0.05017959  0.10878704 -0.01661632]
[-0.04918632  0.10976088 -0.01665787]
[-0.04799752  0.11005319 -0.01744427]
[-0.04638723  0.10995745 -0.01846269]
[-0.04235918  0.10933757 -0.02076963]
[-0.04116457  0.10955094 -0.02309088]
[-0.04160626  0.10984437 -0.02692242]
[-0.0420977   0.11017071 -0.03064456]
[-0.04412942  0.11108365 -0.03771366]
[-0.04518244  0.11167676 -0.04028326]
[-0.04676525  0.11274447 -0.04358502]
[-0.04807384  0.11713627 -0.05238985]
[-0.04807384  0.11713627 -0.05238985]
[-0.04899096  0.12267602 -0.06209294]
[-0.05033768  0.12501021 -0.06646108]
[-0.05024631  0.12717995 -0.07027953]
[-0.0517922   0.13203792 -0.07793023]
[-0.0517922   0.13203792 -0.07793023]
[-0.05118716  0.13406903 -0.08149321]
[-0.05108689  0.13825971 -0.09057067]
[-0.05221415  0.13894962 -0.09352851]
[-0.05757801  0.13997483 -0.09916986]
[-0.05757801  0.13997483 -0.09916986]
[-0.05964894  0.14016154 -0.0990172 ]
[-0.06207778  0.13894373 -0.09691133]
[-0.06223373  0.13841598 -0.09648778]
[-0.06554857  0.13862938 -0.0975962 ]
[-0.06732121  0.13854775 -0.09891921]
[-0.06905805  0.13790914 -0.10486241]
[-0.06905805  0.13790914 -0.10486241]
[-0.06924025  0.13716181 -0.10726325]
[-0.07044551  0.13560684 -0.10956185]
[-0.07486814  0.12982188 -0.10864696]
[-0.0788379   0.12581782 -0.10640664]
[-0.08214187  0.12198069 -0.10296893]
[-0.08976291  0.11332589 -0.09640867]
[-0.08976291  0.11332589 -0.09640867]
[-0.09254095  0.10516699 -0.08973991]
[-0.09362913  0.10163116 -0.08767848]
[-0.09517615  0.09795249 -0.08524855]
[-0.09763352  0.09333607 -0.0816819 ]
[-0.10195408  0.08192068 -0.07294425]
[-0.10229016  0.07670704 -0.06963079]
[-0.1032713   0.07108648 -0.06699464]
[-0.10375928  0.06546888 -0.06454503]
[-0.10515385  0.05412711 -0.05935554]
[-0.10568869  0.04857498 -0.05719529]
[-0.10690921  0.0436089  -0.05533323]
[-0.10918125  0.03473452 -0.05160247]
[-0.10918125  0.03473452 -0.05160247]
[-0.11041358  0.02997015 -0.04888438]
[-0.11138702  0.01064821 -0.03976546]
[-0.11138702  0.01064821 -0.03976546]
[-0.11276573  0.00387201 -0.03558647]
[-0.11421009 -0.00296215 -0.02993212]
[-0.11539261 -0.01484763 -0.01819751]
[-0.11532207 -0.0199282  -0.0124152 ]
[-0.1146358  -0.02500604 -0.00751003]
[-0.10800604 -0.03750414  0.00855226]
[-0.09355607 -0.04228052  0.01534322]
[-0.09355607 -0.04228052  0.01534322]
[-0.09038381 -0.04352134  0.01677605]
[-0.08628418 -0.05008632  0.019715  ]
[-0.08428305 -0.05104293  0.01995248]
[-0.08151668 -0.05201514  0.01989492]
[-0.07546154 -0.05400223  0.01972008]
[-0.07204863 -0.05592347  0.01961008]
[-0.06089229 -0.06242392  0.02309713]
[-0.06089229 -0.06242392  0.02309713]
[-0.05607819 -0.06549244  0.02500423]
[-0.05121263 -0.06832585  0.02617458]
[-0.04451279 -0.07383291  0.02662181]
[-0.04194581 -0.07656364  0.02624726]
[-0.03936435 -0.07906309  0.02647078]
[-0.03651436 -0.08136852  0.0266882 ]
[-0.03009209 -0.08579782  0.02690867]
[-0.02101012 -0.09320432  0.02636934]
[-0.01921908 -0.09490842  0.02602731]
[-0.01430056 -0.09962974  0.02418046]
[-0.01430056 -0.09962974  0.02418046]
[-0.01174634 -0.10104574  0.0239034 ]
[-0.00890093 -0.10198783  0.02342199]
[-0.00545823 -0.10298376  0.02131298]
[-0.00265966 -0.10344358  0.01842953]
[ 0.00969777 -0.10674002  0.01160067]
[ 0.01273905 -0.10766574  0.01036684]
[ 0.01829339 -0.10970988  0.00715837]
[ 0.01829339 -0.10970988  0.00715837]
[ 0.02042567 -0.11012761  0.00638108]
[ 0.02487675 -0.10856759  0.00484339]
[ 0.02487675 -0.10856759  0.00484339]
[ 0.02574129 -0.10740817  0.00545391]
[ 0.02691582 -0.10390216  0.00663661]
[ 0.02611577 -0.10172889  0.00782747]
[ 0.02516136 -0.10157434  0.00702479]
[ 0.02342095 -0.10085137  0.0046918 ]
[ 0.02121476 -0.09936293  0.00172724]
[ 0.01988534 -0.09738885 -0.00152297]
[ 0.01757758 -0.09239756 -0.00606455]
[ 0.0168549  -0.08968204 -0.00718193]
[ 0.01398847 -0.08712395 -0.00689022]
[ 0.00896928 -0.0840279  -0.00666512]
[-0.00887374 -0.07688294 -0.00834931]
[-0.01762992 -0.07280522 -0.0104471 ]
[-0.02468362 -0.06892812 -0.01091155]
[-0.03340369 -0.06175828 -0.01030909]
[-0.03340369 -0.06175828 -0.01030909]
[-0.03657154 -0.05924105 -0.01027614]
[-0.04612652 -0.05738662 -0.01392395]
[-0.04612652 -0.05738662 -0.01392395]
[-0.05045483 -0.05745377 -0.01475642]
[-0.05410624 -0.05758836 -0.01419967]
[-0.05827738 -0.05609909 -0.01213494]
[-0.06008426 -0.05356028 -0.01082946]
[-0.06176784 -0.05010559 -0.01118364]
[-0.06575887 -0.04510023 -0.01302853]
[-0.06575887 -0.04510023 -0.01302853]
[-0.06765254 -0.04405414 -0.01440926]
[-0.07139605 -0.04221456 -0.01607796]
[-0.07139605 -0.04221456 -0.01607796]
[-0.07244641 -0.04120492 -0.01622773]
[-0.07383823 -0.04007516 -0.01681461]
[-0.07788865 -0.038629   -0.0193198 ]
[-0.08011461 -0.03783413 -0.02145384]
[-0.08199012 -0.0377391  -0.02377756]
[-0.0835156  -0.03768486 -0.02619063]
[-0.08862189 -0.03845542 -0.03119153]
[-0.09354469 -0.03766439 -0.03200822]
[-0.09386916 -0.03658104 -0.03074679]
[-0.09376607 -0.03566352 -0.03019272]
[-0.09295959 -0.03347799 -0.02943901]
[-0.09357903 -0.03338052 -0.03084633]
[-0.09360586 -0.03333804 -0.03272849]
[-0.09052815 -0.03469668 -0.03808478]
[-0.08871565 -0.03518187 -0.04096586]
[-0.08757494 -0.03493264 -0.04302818]
[-0.08965208 -0.03275909 -0.04424359]
[-0.09089395 -0.03145896 -0.04292475]
[-0.09866558 -0.02927203 -0.04313906]
[-0.09866558 -0.02927203 -0.04313906]
[-0.0997155  -0.0289232  -0.04462994]
[-0.09906203 -0.02838686 -0.04644877]
[-0.0944411  -0.02949396 -0.05107601]
[-0.09288798 -0.02951024 -0.05191733]
[-0.09325694 -0.0293641  -0.05196759]
[-0.09736601 -0.02635602 -0.05011702]
[-0.10053092 -0.02489399 -0.04972178]
[-0.10321088 -0.02382247 -0.050586  ]
[-0.10542898 -0.02267632 -0.05125857]
[-0.10867585 -0.02191637 -0.05187961]
[-0.11077372 -0.02131321 -0.05409947]

程序已被终止，正在关闭套接字...
套接字已关闭。
