[-0.13654253  0.04895501 -0.04482786]
[-0.13735509  0.05060505 -0.04556544]
[-0.11802874  0.07037222 -0.03997724]
[-0.12190833  0.06460474 -0.04233013]
[-0.12118096  0.05813777 -0.04138244]
[-0.11992913  0.06330498 -0.04212568]
[-0.12021947  0.06305133 -0.04050569]
[-0.11427995  0.0652408  -0.02590905]
[-0.11219273  0.06644188 -0.0243705 ]
[-0.10994208  0.06745816 -0.02389864]
[-0.10306175  0.06879834 -0.02364224]
[-0.09947426  0.0701276  -0.02369971]
[-0.09693052  0.07178834 -0.02440636]
[-0.09052069  0.07237295 -0.02364127]
[-0.08845135  0.07208239 -0.02195916]
[-0.08688522  0.07158133 -0.02017176]
[-0.08929927  0.07227936 -0.01967332]
[-0.0899053   0.07249074 -0.01985639]
[-0.10307216  0.06745929 -0.0148387 ]
[-0.09753174  0.06862919 -0.01235698]
[-0.09463167  0.06981636 -0.01169102]
[-0.09129251  0.07092869 -0.011083  ]
[-0.08167116  0.07198248 -0.01016133]
[-0.07991358  0.07208149 -0.01050492]
[-0.07895898  0.07300876 -0.01117153]
[-0.0796635   0.07311998 -0.00987857]
[-0.0813309   0.07325778 -0.00808243]
[-0.08292678  0.07417053 -0.00249594]
[-0.08115445  0.07537062 -0.0002863 ]
[-0.07206942  0.07884387 -0.00117324]
[-0.06931739  0.07869776 -0.00127703]
[-0.06824315  0.07816797 -0.00118083]
[-0.06740899  0.07791476 -0.00113086]
[-0.0671145   0.07699084 -0.00121704]
[-0.06854244  0.07377065 -0.00063012]
[-0.0918926   0.05395969 -0.00265253]
[-0.09621196  0.04129246 -0.00606048]
[-0.09530953  0.0365096  -0.00929347]
[-0.09318963  0.03188555 -0.01163623]
[-0.08977086  0.01948834 -0.01464768]
[-0.08892649  0.01131834 -0.01507695]
[-0.09076202  0.00271462 -0.01494758]
[-0.09520545 -0.02631781 -0.00862248]
[-0.09316735 -0.02903949 -0.00848534]
[-0.09000607 -0.03268584 -0.0093035 ]
[-0.09244125 -0.03534435 -0.00727266]
[-0.09637914 -0.03629746 -0.005943  ]
[-0.10054766 -0.03703089 -0.00372643]
[-0.12394117 -0.0418343   0.0078254 ]
[-0.12633345 -0.04183344  0.00999573]
[-0.13060195 -0.03916949  0.01248837]
[-0.14100528 -0.03657387  0.01178497]
[-0.14238275 -0.03525678  0.01051661]
[-0.12794307 -0.02666434  0.00388745]
[-0.12239143 -0.02443128  0.00270609]
[-0.13444549 -0.01340306  0.00615284]
[-0.13329481 -0.0108106   0.00460398]
[-0.13130677 -0.00741445  0.00271648]
[-0.1307253  -0.00630373  0.00158163]
[-0.13056149 -0.00553155  0.00273989]
[-0.06430415 -0.00334399  0.01970832]
[-0.05642489 -0.00340755  0.01993188]
[-0.04889408 -0.00299416  0.02082242]
[-0.04177844 -0.00204791  0.02044602]
[-0.03047694 -0.00076598  0.02160412]
[-0.02130982  0.00030547  0.02317778]
[-0.01065716  0.00241973  0.02481011]
[-0.00805595  0.00278683  0.02363974]
[-0.00749592  0.00313355  0.02277613]
[-0.00696724  0.0043898   0.0234129 ]
[-0.00979529  0.00524393  0.02381133]
[-0.01719151  0.00758695  0.0253081 ]
[-0.01719151  0.00758695  0.0253081 ]
[-0.03261007  0.0128581   0.0284331 ]
[-0.03261007  0.0128581   0.0284331 ]
[-0.03728978  0.0141778   0.0277978 ]
[-0.04059941  0.01474466  0.02723728]
[-0.04594086  0.01611784  0.0262364 ]
[-0.04918458  0.01821646  0.02402455]
[-0.05154865  0.02065365  0.02130503]
[-0.05831044  0.02773513  0.01600988]
[-0.07635319  0.04086766  0.01184786]
[-0.07581081  0.04152093  0.0119573 ]
[-0.05846154  0.03694033  0.02372731]
[-0.04457993  0.0271819   0.0301788 ]
[-0.04171213  0.02589506  0.03004059]
[-0.03911656  0.02462361  0.02976484]
[-0.03504624  0.02119026  0.02796119]
[-0.03137423  0.01761958  0.02383242]
[-0.02875278  0.015104    0.02118187]
[-0.02525075  0.01120357  0.01851999]
[-0.0215149   0.00691613  0.01542029]
[-0.01022648 -0.00634969  0.00333056]
[-0.00439993 -0.01364429 -0.01034037]
[-0.00148104 -0.0153111  -0.01356658]
[ 0.00278143 -0.01603622 -0.01584311]
[ 0.01143845 -0.01743014 -0.01937553]
[ 0.01143845 -0.01743014 -0.01937553]
[ 0.01660231 -0.02015071 -0.02374886]
[ 0.02181024 -0.02400743 -0.03049859]
[ 0.02392203 -0.02411208 -0.03251105]
[ 0.02737517 -0.02358917 -0.03475029]
[ 0.02873487 -0.02389889 -0.03460303]
[ 0.03255775 -0.02414374 -0.0370039 ]
[ 0.03255775 -0.02414374 -0.0370039 ]
[ 0.03333824 -0.02374666 -0.03809416]
[ 0.0335928  -0.02364552 -0.03906843]
[ 0.03161397 -0.02269513 -0.04292773]
[ 0.02989729 -0.02214085 -0.04533615]
[ 0.01886656 -0.02057747 -0.05088073]
[ 0.01886656 -0.02057747 -0.05088073]
[ 0.0137501  -0.02016956 -0.05112096]
[ 0.00194994 -0.02009652 -0.0489182 ]
[-0.00241123 -0.01967316 -0.04694748]
[-0.00712053 -0.01871167 -0.04500766]
[-0.01263657 -0.0167418  -0.04258208]
[-0.03717344  0.00470143 -0.03101542]
[-0.04466548  0.01371201 -0.02460915]
[-0.04966561  0.02163657 -0.01791224]
[-0.04967573  0.02412993 -0.01397664]
[-0.04883753  0.02626169 -0.00886049]
[-0.04813238  0.02934387 -0.00378577]
[-0.0474118   0.03386014  0.00352939]
[-0.04707984  0.04769715  0.03686322]
[-0.04872554  0.05022082  0.04640514]
[-0.05144519  0.05286599  0.0527179 ]
[-0.05924775  0.06341104  0.07464153]
[-0.05838315  0.06488908  0.08213068]
[-0.0587809   0.06735529  0.09541614]
[-0.05987963  0.06879342  0.1004788 ]
[-0.06182243  0.08150106  0.11011002]
[-0.06096206  0.0829777   0.10905582]
[-0.05933985  0.08498589  0.10763548]
[-0.05784378  0.08835647  0.10396196]
[-0.05926126  0.09371416  0.09803702]
[-0.05609171  0.11321265  0.04541663]
[-0.06511639  0.12867229 -0.0237002 ]
[-0.06872036  0.1343112  -0.0361953 ]
[-0.06191828  0.15119687 -0.08318894]
[-0.05699852  0.15394826 -0.09670967]
[-0.0528767   0.15613545 -0.10831117]
[-0.03328271  0.17582142 -0.16092174]
[-0.03188665  0.17696071 -0.16969848]
[-0.03016005  0.17655371 -0.18584485]
[-0.02587859  0.17582098 -0.19809671]
[-0.02335221  0.17611997 -0.20340843]
[-0.01982152  0.17634286 -0.20736267]
[-0.01650096  0.17674266 -0.2119427 ]
[-0.01334585  0.1772977  -0.21594529]
[-0.01095001  0.17755279 -0.21953499]
[-0.00709552  0.17719907 -0.22731721]
[-0.00573484  0.1766694  -0.23199639]
[-0.00421641  0.1760329  -0.23734142]
[-0.00324173  0.17516902 -0.24223608]
[-0.0034105   0.17240044 -0.25090751]
[-0.00341267  0.16740352 -0.25666404]
[-0.00249346  0.16376859 -0.25825149]
[-0.00143653  0.16043732 -0.26064828]
[-2.55793333e-05  1.55177161e-01 -2.67413110e-01]
[ 0.00035272  0.1498908  -0.28411669]
[ 0.00194504  0.14715248 -0.28309259]
[ 0.00480703  0.14430507 -0.28063917]
[ 0.00695256  0.14186053 -0.27770767]
[ 0.00826403  0.13689134 -0.27210471]
[ 0.00959647  0.13085157 -0.26367435]
[ 0.0115296   0.11730979 -0.24810702]
[ 0.01333055  0.11083978 -0.24204499]
[ 0.01333333  0.10417583 -0.2345752 ]
[ 0.01293542  0.09743559 -0.22799034]
[ 0.01416559  0.09084694 -0.22140689]
[ 0.01597739  0.0841637  -0.21377784]
[ 0.01598842  0.07018341 -0.20306167]
[ 0.01532819  0.06338023 -0.19762027]
[ 0.01514577  0.0571909  -0.19227247]
[ 0.0153558   0.05169474 -0.18743916]
[ 0.01397166  0.04674784 -0.18347554]
[ 0.01228157  0.03566657 -0.1755131 ]
[ 0.01409984  0.02493733 -0.16126163]
[ 0.01867244  0.0135751  -0.14321868]
[ 0.02229246 -0.00066542 -0.12009045]
[ 0.02240882 -0.00877325 -0.10584919]
[ 0.02492159 -0.01683439 -0.09163258]
[ 0.02852785 -0.02449548 -0.0735979 ]
[ 0.03103741 -0.03580046 -0.03782751]
[ 0.03518265 -0.04616069 -0.00562008]
[ 0.04214928 -0.05188755  0.01267883]
[ 0.04770192 -0.0551614   0.02508299]
[ 0.05222886 -0.05850289  0.03313923]
[ 0.05410255 -0.06073145  0.03673671]
[ 0.0556918  -0.0631737   0.04027375]
[ 0.055429   -0.06940254  0.04655491]
[ 0.05486119 -0.07070657  0.04692374]
[ 0.05511481 -0.07130536  0.04704549]
[ 0.05568508 -0.07162051  0.04640938]
[ 0.05772265 -0.07178532  0.04626181]
[ 0.06065632 -0.07130712  0.04668875]
[ 0.06281502 -0.0704056   0.04619718]
[ 0.06775223 -0.06872185  0.04496812]
[ 0.07890113 -0.06658773  0.04472043]
[ 0.08530394 -0.06636359  0.04329573]
[ 0.0950114  -0.06667215  0.0412465 ]
[ 0.11876894 -0.06889148  0.0374414 ]
[ 0.13410992 -0.07264101  0.03600569]
[ 0.1548608  -0.07369041  0.02746681]
[ 0.1548608  -0.07369041  0.02746681]
[ 0.1633952  -0.07317694  0.02395076]
[ 0.17089791 -0.07349138  0.02091857]
[ 0.18310267 -0.07346483  0.01788001]
[ 0.18911079 -0.07381097  0.01618642]
[ 0.2011706  -0.07414998  0.01616088]
[ 0.21468819 -0.07387538  0.01878996]
[ 0.22945223 -0.07320793  0.0215957 ]
[ 0.23912562 -0.0734922   0.02387611]
[ 0.25138176 -0.07340206  0.02560933]
[ 0.27353535 -0.07026538  0.02734705]
[ 0.28278569 -0.06712268  0.02599834]
[ 0.28870845 -0.06597684  0.02456592]
[ 0.30466071 -0.06207966  0.02006715]
[ 0.30986736 -0.06102267  0.01866259]
[ 0.31423474 -0.06069598  0.01760035]
[ 0.32033793 -0.05912765  0.01758634]
[ 0.32260839 -0.05802837  0.0180342 ]
[ 0.32360563 -0.0564795   0.01831975]
[ 0.32359279 -0.05605798  0.01734966]
[ 0.32394463 -0.05570392  0.01669789]
[ 0.32437128 -0.05499252  0.01541131]
[ 0.32538975 -0.05162903  0.01130814]
[ 0.32471809 -0.05020984  0.0095623 ]
[ 0.32406    -0.04880982  0.00897072]
[ 0.32304267 -0.04721356  0.00880309]
[ 0.32160563 -0.04583985  0.00824052]
[ 0.32030106 -0.04280983  0.00675855]
[ 0.3193214  -0.04156888  0.00573572]
[ 0.31689433 -0.03988807  0.00565178]
[ 0.3109293  -0.03667966  0.00715052]
[ 0.30874065 -0.03533049  0.00854643]
[ 0.30584244 -0.033022    0.01213489]
[ 0.30492494 -0.0319932   0.01430202]
[ 0.29793612 -0.02814437  0.01862635]
[ 0.27932364 -0.02315499  0.02115661]
[ 0.26851059 -0.0209462   0.02112336]
[ 0.25982106 -0.01855059  0.02210112]
[ 0.2229178  -0.00974062  0.0250413 ]
[ 0.2229178  -0.00974062  0.0250413 ]
[ 0.2095148  -0.00670121  0.02293785]
[ 0.20123259 -0.00487351  0.02262954]
[0.17689011 0.00123202 0.02132256]
[0.16546071 0.00383731 0.021162  ]
[0.14612619 0.00784448 0.01739222]
[0.12840844 0.01057955 0.01152545]
[0.12056661 0.01131071 0.00890685]
[0.11394132 0.01226349 0.00643075]
[0.10790647 0.01266345 0.00517396]
[0.10142679 0.01290011 0.00312389]
[0.09443224 0.01415493 0.00178765]
[0.08572396 0.01463295 0.00032199]
[ 0.06954633  0.01527895 -0.00256186]
[ 0.06329917  0.01516251 -0.00321793]
[ 0.04485734  0.01654501 -0.00464879]
[ 0.03917571  0.0170761  -0.00539063]
[ 0.02933036  0.017735   -0.0064242 ]
[ 0.02250343  0.01772857 -0.0083398 ]
[ 0.01794802  0.01810162 -0.0111399 ]
[ 0.01300486  0.01932799 -0.01234176]
[ 0.00551223  0.02109572 -0.01331933]
[ 0.00204279  0.02198173 -0.01355842]
[-0.00192955  0.02260909 -0.01377993]
[-0.00650092  0.02350138 -0.0139756 ]
[-0.01274131  0.02505497 -0.01459641]
[-0.02172912  0.02812022 -0.01556968]
[-0.02452863  0.02923259 -0.01561724]
[-0.02698624  0.03036857 -0.01540752]
[-0.03305369  0.03130957 -0.01548943]
[-0.03697863  0.03187687 -0.0140109 ]
[-0.03628775  0.03244128 -0.01266634]
[-0.03421658  0.03394276 -0.01079717]
[-0.03173519  0.03786948 -0.00931452]
[-0.02794704  0.04500939 -0.00982054]
[-0.02473892  0.04721567 -0.01053488]
[-0.02101722  0.04883287 -0.0107016 ]
[-0.01393203  0.05283577 -0.01115605]
[-0.01168019  0.05516295 -0.01191169]
[-0.01012632  0.05833976 -0.01215183]
[-0.01013998  0.06120868 -0.0112038 ]
[-0.01045495  0.06402292 -0.01036674]
[-0.01131114  0.06893861 -0.00841761]
[-0.01088799  0.07320236 -0.01185751]
[-0.00958633  0.0736293  -0.01364246]
[-0.00926864  0.07142224 -0.01507839]
[-0.00971564  0.06938511 -0.01497335]
[-0.01058949  0.06748095 -0.01509509]
[-0.01218907  0.06608032 -0.01530993]
[-0.0140731   0.06585968 -0.01453009]
[-0.01808977  0.06639236 -0.01385209]
[-0.02898638  0.06946339 -0.01404522]
[-0.03917191  0.07519812 -0.01886805]
[-0.04626078  0.07813672 -0.02059344]
[-0.0650177   0.08125037 -0.02308833]
[-0.07427544  0.08087065 -0.02451816]
[-0.08028305  0.08049347 -0.02624589]
[-0.08437968  0.0804246  -0.02809451]
[-0.08915793  0.08070404 -0.03024628]
[-0.09650821  0.08349723 -0.02924216]
[-0.10186673  0.08551808 -0.02711883]
[-0.10749946  0.08729372 -0.02474457]
[-0.11346886  0.08921754 -0.0218352 ]
[-0.11560016  0.08947188 -0.02183147]
[-0.11919088  0.08816879 -0.02054553]
[-0.12316291  0.08493976 -0.01519536]
[-0.12299555  0.08398989 -0.01341846]
[-0.11199232  0.07900664 -0.00600267]
[-0.10649999  0.07601737 -0.00329646]
[-0.10410988  0.07460374 -0.00298915]
[-0.10206738  0.07349886 -0.00338531]
[-0.10005961  0.07287524 -0.00338843]
[-0.09809516  0.07210112 -0.00538487]
[-0.09696015  0.0718061  -0.0065564 ]
[-0.09351784  0.07019303 -0.00949827]
[-0.08744998  0.06653263 -0.010481  ]
[-0.08646478  0.06495344 -0.01018267]
[-0.08037869  0.0634708  -0.00849582]
[-0.07693839  0.06241507 -0.00822544]
[-0.07109769  0.05911109 -0.00881372]
[-0.06928361  0.05789045 -0.00872038]
[-0.06725831  0.05651955 -0.00836115]
[-0.0628914   0.05370151 -0.00684551]
[-0.06114775  0.05204211 -0.00580201]
[-0.05591522  0.04848706 -0.00405723]
[-0.05236083  0.04523119 -0.0043933 ]
[-0.04952201  0.04265669 -0.00269521]
[-0.04869016  0.04186608 -0.00133443]
[-0.04897949  0.0412519  -0.00080515]
[-0.04794253  0.03991978 -0.00083469]
[-0.0460264   0.03910775 -0.00208629]
[-0.04082863  0.03667048 -0.00408255]
[-0.04035193  0.03572081 -0.00399887]
[-0.03620915  0.03390582 -0.00217079]
[-0.02848381  0.0355538  -0.00133562]
[-0.02044905  0.0386357   0.00058047]
[-0.01685574  0.04001759 -0.00021016]
[-0.01310846  0.04117246  0.00029379]
[-4.09437120e-03  4.23436537e-02  8.88784416e-05]
[ 0.00559824  0.04461592 -0.0011125 ]
[ 0.00559824  0.04461592 -0.0011125 ]
[ 0.00724236  0.04625461 -0.0003646 ]
[0.01041157 0.04957533 0.00215984]
[0.01220699 0.05066165 0.0024914 ]
[0.01328363 0.05167647 0.0023719 ]
[0.01362131 0.05284661 0.00192394]
[0.01396292 0.05558675 0.00153466]
[0.01371225 0.05726528 0.00140722]
[0.01307029 0.05886588 0.00088662]
[ 0.00981209  0.06154793 -0.00100839]
[ 0.00737115  0.06246651 -0.00106045]
[ 0.00428618  0.06352472 -0.00059687]
[2.81492472e-03 6.40003830e-02 2.71266326e-05]
[0.00214831 0.06406406 0.00010181]
[0.00344501 0.06391183 0.00061182]
[0.00945563 0.06407527 0.00097232]
[0.01217059 0.06429704 0.00086946]
[0.01070975 0.06663233 0.00020858]
[ 0.00210603  0.07185286 -0.00289323]
[ 0.00063955  0.07305825 -0.00417462]

程序已被终止，正在关闭套接字...
套接字已关闭。
