[-0.02371098  0.04097934 -0.03704087]
[-0.02870685  0.03903525 -0.03763194]
[-0.03535716  0.03733216 -0.03783819]
[-0.03679945  0.03550678 -0.04068745]
[-0.03423534  0.04217318 -0.03926188]
[-0.03030919  0.05934741 -0.03546621]
[-0.06104203  0.04511422 -0.04353441]
[-0.06003417  0.04775596 -0.04042367]
[-0.03437445  0.05211547 -0.02139641]
[-0.02990128  0.05227505 -0.01910972]
[-0.02646715  0.05341299 -0.01915656]
[-0.02221119  0.05444518 -0.02040395]
[-0.01883415  0.05500409 -0.02259437]
[-0.02075804  0.05399689 -0.0231084 ]
[-0.02072912  0.05012054 -0.02146642]
[-0.02093517  0.04822776 -0.02119639]
[-0.02205215  0.04445027 -0.0206995 ]
[-0.02225483  0.04215429 -0.02011584]
[-0.02306212  0.02938735 -0.01935361]
[-0.02474053  0.02668533 -0.01938085]
[-0.02928043  0.02352655 -0.01796664]
[-0.04740657  0.01601211 -0.01355802]
[-0.06902629  0.00797346 -0.01506597]
[-0.07551155  0.00474525 -0.01642044]
[-0.08068279  0.0034534  -0.0167567 ]
[-0.08627906  0.00284746 -0.01598285]
[-0.09023391  0.00268738 -0.01721689]
[-0.09169641  0.00202874 -0.0183992 ]
[-0.09185269  0.00167032 -0.01982839]
[-0.09150162  0.00119454 -0.02207062]
[-0.0899488   0.00110211 -0.02320085]
[-0.09005966  0.00130796 -0.02284098]
[-0.09114733  0.00171482 -0.02234479]
[-0.0946414   0.00189241 -0.0207005 ]
[-0.09689995  0.00335757 -0.01713804]
[-0.09802627  0.00820807 -0.01298154]
[-0.09977481  0.01377079 -0.0096574 ]
[-0.10217299  0.0198332  -0.00481998]
[-0.10236874  0.02318206 -0.0018157 ]
[-0.10090225  0.02654308  0.00214041]
[-0.09886125  0.03287687  0.0174138 ]
[-0.10180473  0.03526682  0.02326971]
[-0.10369289  0.03796155  0.02798799]
[-0.10532918  0.04144763  0.03142397]
[-0.1004711   0.05491781  0.03490109]
[-0.09653336  0.06250659  0.03666873]
[-0.09380625  0.06653946  0.03915343]
[-0.08541582  0.08156565  0.05339408]
[-0.08345395  0.08688421  0.05985599]
[-0.0815096   0.09276696  0.06650178]
[-0.08001319  0.09935737  0.0743945 ]
[-0.07653195  0.11275492  0.09002971]
[-0.07500938  0.11740135  0.09585884]
[-0.07392596  0.12115587  0.0998585 ]
[-0.06365887  0.14297815  0.10568388]
[-0.06280223  0.14684764  0.10332871]
[-0.05829083  0.15714002  0.09626936]
[-0.05793478  0.15737073  0.09474616]
[-0.05797719  0.15752435  0.0929489 ]
[-0.05785158  0.15667972  0.09081603]
[-0.05616485  0.15292345  0.08387416]
[-0.05576906  0.15137567  0.08148464]
[-0.04919713  0.14211491  0.06952654]
[-0.04919713  0.14211491  0.06952654]
[-0.04741804  0.13966502  0.06766509]
[-0.04339599  0.13301966  0.06067568]
[-0.04429662  0.12869766  0.05811688]
[-0.04541212  0.12089504  0.05112243]
[-0.04345238  0.11768684  0.0436452 ]
[-0.03682365  0.11200444  0.02400711]
[-0.03479152  0.10794841  0.01643617]
[-0.03387241  0.09785765  0.00607917]
[-0.03425007  0.09225895  0.00187339]
[-0.03403702  0.08761467 -0.00222155]
[-0.03244605  0.0793884  -0.01010766]
[-0.02826723  0.07031749 -0.01371017]
[-0.02963688  0.04248272 -0.02299893]
[-0.02774194  0.03445287 -0.0252441 ]
[-0.00867576  0.01381522 -0.01971802]
[-0.00867576  0.01381522 -0.01971802]
[-0.00405079  0.01155584 -0.01914557]
[-0.00055806  0.00979061 -0.01897378]
[ 0.0059191   0.00458627 -0.01839549]
[ 0.00732801  0.00246346 -0.01760629]
[ 0.01015381 -0.00567453 -0.01334358]
[ 0.01181193 -0.00842079 -0.01432582]
[ 0.01454653 -0.01197048 -0.01536648]
[ 0.01454653 -0.01197048 -0.01536648]
[ 0.01683404 -0.01501423 -0.01602159]
[ 0.01609079 -0.02204789 -0.02285722]
[ 0.01099989 -0.02663329 -0.02540769]
[ 0.01099989 -0.02663329 -0.02540769]
[ 0.00480353 -0.02988022 -0.02701782]
[-0.01099245 -0.03749209 -0.03037822]
[-0.02035936 -0.04095537 -0.0315886 ]
[-0.03001549 -0.04350255 -0.03280082]
[-0.06541386 -0.04777558 -0.03740847]
[-0.06877305 -0.04732986 -0.03841477]
[-0.06973747 -0.04357785 -0.0416476 ]
[-0.07252284 -0.04307852 -0.04126493]
[-0.09213568 -0.04934949 -0.04546046]
[-0.10023776 -0.0534124  -0.03911294]
[-0.10548152 -0.05506653 -0.03619789]
[-0.10939962 -0.05623091 -0.03358363]
[-0.10937417 -0.0561614  -0.03215974]
[-0.10876074 -0.05587975 -0.03010669]
[-0.10644102 -0.05316337 -0.02077854]
[-0.106312   -0.05270146 -0.01846632]
[-0.10515458 -0.05301223 -0.01496833]
[-0.1048729  -0.05326925 -0.01339734]
[-0.10810354 -0.05301631 -0.01054437]
[-0.11493926 -0.05205346 -0.00764226]
[-0.11946436 -0.0513347  -0.00692177]
[-0.12386018 -0.04950872 -0.00589728]
[-0.13354557 -0.04047207 -0.00204219]
[-0.14003318 -0.03444507 -0.00056123]
[-0.17104103 -0.00735267 -0.00190758]
[-0.18317326 -0.00037733 -0.00522699]
[-0.18710992  0.00146861 -0.00657326]
[-0.19253154  0.00298015 -0.00848429]
[-0.20236723  0.0055573  -0.01320551]
[-0.20778679  0.00627715 -0.01537588]
[-0.213658    0.00664928 -0.01779019]
[-0.23200847  0.00916504 -0.02989958]
[-0.23135082  0.01011025 -0.03123769]
[-0.23046085  0.01058739 -0.03259808]
[-0.2292098   0.01119731 -0.03378937]
[-0.23546925  0.01339514 -0.04421315]
[-0.23850699  0.01355799 -0.04849827]
[-0.23481915  0.01536625 -0.05854567]
[-0.23301723  0.01602974 -0.06015101]
[-0.23105318  0.01710225 -0.06230457]
[-0.23446307  0.01708427 -0.06451089]
[-0.23528867  0.01713133 -0.06456222]
[-0.23579072  0.01720984 -0.06339575]
[-0.23551592  0.01654277 -0.06237948]
[-0.23398158  0.01528027 -0.06146321]
[-0.22616906  0.01217959 -0.05452454]
[-0.2254243   0.01547079 -0.05364196]
[-0.22664588  0.01876121 -0.0516223 ]
[-0.22801219  0.0213785  -0.04840789]
[-0.22896535  0.0230646  -0.0446052 ]
[-0.22500926  0.02368614 -0.038032  ]
[-0.22227082  0.02292675 -0.03409336]
[-0.21855568  0.02126899 -0.03179804]
[-0.20405973  0.01985889 -0.02731554]
[-0.19705887  0.02011099 -0.02628655]
[-0.19255677  0.01968139 -0.02480157]
[-0.19019389  0.01803071 -0.02310923]
[-0.18938535  0.01556836 -0.02152615]
[-0.15715857  0.00408379 -0.02098648]
[-0.14767728  0.00263841 -0.02164163]
[-0.13924481  0.0018118  -0.02227698]
[-0.12389476  0.00029093 -0.02322565]
[-0.11730128 -0.00053793 -0.02297596]
[-0.11250829 -0.00089399 -0.02207655]
[-0.10692991 -0.00124361 -0.02126256]
[-8.89737435e-02  5.09056406e-07 -2.40193103e-02]
[-0.08486255  0.000597   -0.02267421]
[-0.07808917  0.00256402 -0.02090671]
[-0.07492081  0.00386671 -0.02014485]
[-0.06977346  0.00729994 -0.01744003]
[-0.04301805  0.02039753 -0.01534135]
[-0.03864285  0.02121228 -0.01442251]
[-0.03189972  0.02292927 -0.01305819]
[-0.0331718   0.02361125 -0.01252657]
[-0.04979625  0.02407536 -0.0080258 ]
[-0.08821394  0.02713242 -0.01773162]
[-0.09602269  0.02581597 -0.02242198]
[-0.10305844  0.02433897 -0.02709859]
[-0.10981741  0.02291899 -0.03164762]
[-0.11836235  0.02057309 -0.04196548]
[-0.12248839  0.0196561  -0.04658529]
[-0.12870553  0.01833666 -0.05140395]
[-0.15491724  0.01688499 -0.06546056]
[-0.16001364  0.01676028 -0.06786937]
[-0.16481912  0.01590734 -0.06939454]
[-0.17153296  0.01462378 -0.07217662]
[-0.17809081  0.01310863 -0.07423719]
[-0.18545543  0.01070382 -0.07474511]
[-0.18934068  0.00906772 -0.07399999]
[-0.19156607  0.00718801 -0.07190374]
[-0.19514474  0.00448698 -0.07047903]
[-0.20994053 -0.01538699 -0.04435446]
[-0.2100411  -0.01809449 -0.03814414]
[-0.21423846 -0.02275022 -0.0258581 ]
[-0.21909136 -0.02907362 -0.00393841]
[-0.21916066 -0.02998168  0.00604165]
[-0.21603154 -0.03081539  0.01632666]
[-0.21009551 -0.03046908  0.02727704]
[-0.19133913 -0.02219758  0.05427768]
[-0.18565268 -0.01959964  0.06232373]
[-0.16294455 -0.01162445  0.09363378]
[-0.16008775 -0.01001601  0.09794358]
[-0.15711327 -0.00780228  0.10257769]
[-0.15265531 -0.00265358  0.11105658]
[-0.15087293  0.00066092  0.11491274]
[-0.14920239  0.00364727  0.11758512]
[-0.14971114  0.02509526  0.10063739]
[-0.15165673  0.02806624  0.0909031 ]
[-0.15551654  0.03586109  0.06473863]
[-0.15551654  0.03586109  0.06473863]
[-0.1543145   0.04256678  0.05732024]
[-0.15448193  0.04639724  0.05649846]
[-0.15496315  0.06775413  0.06687133]
[-0.15492211  0.07598316  0.07264481]
[-0.14797171  0.08870399  0.08344535]
[-0.14681573  0.09237493  0.08585481]
[-0.14502745  0.09586504  0.08860923]
[-0.13711868  0.1114753   0.09632255]
[-0.13842459  0.12180375  0.09615742]
[-0.13855744  0.12665099  0.09709652]
[-0.13690522  0.13156548  0.09879729]
[-0.13521296  0.13656162  0.09940104]
[-0.12565819  0.17940095  0.0882611 ]
[-0.12237771  0.18784106  0.08442798]
[-0.11986481  0.19158521  0.08263823]
[-0.11765591  0.19471811  0.08041743]
[-0.11636507  0.19728951  0.07847848]
[-0.11076153  0.20713528  0.07150692]
[-0.11081383  0.20773971  0.07116279]
[-0.11375248  0.21083052  0.06422726]
[-0.11359378  0.21102957  0.06303355]
[-0.11688844  0.19817965  0.04540462]
[-0.11942091  0.19013061  0.04343312]
[-0.12478331  0.16717632  0.03151134]
[-0.12500896  0.16075473  0.02522758]
[-0.12441372  0.15361047  0.01825506]
[-0.12615922  0.12529171 -0.00779765]
[-0.1297142   0.11719304 -0.01450653]
[-0.13347671  0.09957051 -0.02624873]
[-0.13347671  0.09957051 -0.02624873]
[-0.13387674  0.08189243 -0.03859195]
[-0.13110442  0.06484406 -0.05025154]
[-0.13110442  0.06484406 -0.05025154]
[-0.13266225  0.05626544 -0.05680516]
[-0.13427483  0.04814504 -0.06437648]
[-0.13717933  0.0339667  -0.07677457]
[-0.13713587  0.02790109 -0.08208644]
[-0.13846297  0.02168188 -0.08654087]
[-0.13780827  0.00760643 -0.09444682]
[-0.13601943 -0.00603976 -0.10222512]
[-0.13463186 -0.01231999 -0.10704766]
[-0.13545257 -0.01656757 -0.1121067 ]
[-0.13463077 -0.02000943 -0.11342943]
[-0.13153814 -0.02370146 -0.11315253]
[-0.12180196 -0.03518809 -0.11676072]
[-0.11765842 -0.04264004 -0.12175102]
[-0.11507185 -0.05711025 -0.13302827]
[-0.10535897 -0.08660815 -0.16939868]
[-0.10206223 -0.09743561 -0.17504475]
[-0.10245349 -0.10245682 -0.17995685]
[-0.1028921  -0.10707035 -0.18458813]
[-0.10312374 -0.11490768 -0.19346334]
[-0.1027104  -0.11851946 -0.19612524]
[-0.10247861 -0.12209487 -0.19955721]
[-0.10875181 -0.13262282 -0.21125138]
[-0.10866061 -0.13442621 -0.21275808]
[-0.10895565 -0.13511592 -0.21200374]
[-0.10958023 -0.13569047 -0.20898107]
[-0.11010734 -0.13653895 -0.19510983]
[-0.11235424 -0.13238028 -0.18628211]
[-0.11319725 -0.13055615 -0.18265913]
[-0.11316616 -0.12900595 -0.17756   ]
[-0.11220711 -0.12554839 -0.16685289]
[-0.11249311 -0.12384114 -0.16177079]
[-0.11172727 -0.12150378 -0.157306  ]
[-0.10534891 -0.11834204 -0.14647023]
[-0.10307756 -0.11649293 -0.14277849]
[-0.10058931 -0.09698091 -0.11445177]
[-0.0979284  -0.09332357 -0.1085327 ]
[-0.0786024  -0.07552586 -0.07280335]
[-0.04714236 -0.04963118 -0.04459057]
[-0.04714236 -0.04963118 -0.04459057]
[-0.0441346  -0.04529311 -0.04250056]
[-0.04162537 -0.04259878 -0.03847509]
[-0.04136943 -0.03039972 -0.02489894]
[-0.02761188 -0.01750688 -0.02372756]
[-0.02519772 -0.013933   -0.02556739]
[-0.02365378 -0.00529802 -0.02718659]
[-0.02204519 -0.00250815 -0.02578653]
[-0.02013632  0.00057627 -0.02444401]
[-0.01930953  0.00403782 -0.02308767]
[-0.01938208  0.0075066  -0.02104303]
[-0.01942059  0.01447413 -0.01525159]
[-0.01918619  0.01807728 -0.01036758]
[-0.01967701  0.03025565  0.00098375]
[-0.02135406  0.0381401   0.00573983]
[-0.02416725  0.06299217  0.01957813]
[-0.0243532   0.06675231  0.02015077]
[-0.02653081  0.08751905  0.02230646]
[-0.02695847  0.0909779   0.02315635]
[-0.02721725  0.09433811  0.02404566]
[-0.02866375  0.09990241  0.02584938]
[-0.03330507  0.10518242  0.02767148]
[-0.03708231  0.10712141  0.0298442 ]
[-0.04075991  0.10826102  0.03285347]
[-0.06125732  0.11323926  0.04091591]
[-0.07686729  0.11715914  0.04538859]
[-0.09066049  0.12084895  0.04318937]
[-0.09066049  0.12084895  0.04318937]
[-0.09499828  0.1227804   0.04260313]
[-0.09919747  0.1244606   0.04195452]
[-0.11453909  0.12538707  0.04136479]
[-0.11783016  0.12500675  0.04171559]
[-0.12128715  0.12461503  0.0417126 ]
[-0.1278571   0.12541687  0.04026209]
[-0.1315375   0.12613244  0.03841538]
[-0.13755522  0.12846145  0.03330817]
[-0.14092651  0.13153641  0.02756288]
[-0.14363012  0.13283628  0.02546984]
[-0.14831865  0.13292465  0.02402239]
[-0.15726606  0.13228597  0.02174004]
[-0.18539409  0.13612203  0.01476503]
[-0.18853015  0.1369698   0.0138218 ]
[-0.19420232  0.13814497  0.00962445]
[-0.20201057  0.14137068  0.00222279]
[-2.04473825e-01  1.41923711e-01 -1.00001460e-04]
[-0.20844419  0.14154036 -0.00326495]
[-0.21881905  0.13985762 -0.01001722]
[-0.22321894  0.13749659 -0.00881261]
[-0.22321894  0.13749659 -0.00881261]
[-0.22453403  0.13716598 -0.00758943]
[-0.22687733  0.13669717 -0.00782665]
[-0.23141503  0.13593449 -0.01268064]
[-0.23477019  0.13559438 -0.01563024]
[-0.23864916  0.13519976 -0.01820126]
[-0.24423704  0.13422851 -0.02301843]
[-0.24374315  0.13255052 -0.02767651]
[-0.24411197  0.13072373 -0.03236151]
[-0.24411197  0.13072373 -0.03236151]
[-0.24733094  0.12929073 -0.03466279]
[-0.25260005  0.12776552 -0.03726126]
[-0.25937216  0.12477131 -0.04175645]
[-0.2464314   0.11081854 -0.04523375]
[-0.24327394  0.10674378 -0.04457045]
[-0.22269672  0.08427341 -0.0374308 ]
[-0.22269672  0.08427341 -0.0374308 ]
[-0.22293539  0.07912346 -0.0387101 ]
[-0.2187278   0.07452948 -0.03851461]
[-0.19839394  0.07007135 -0.03779367]
[-0.19738947  0.07147831 -0.03974485]
[-0.19415481  0.07358281 -0.04169267]
[-0.19135372  0.07555861 -0.04325525]
[-0.18653609  0.07689141 -0.04440928]
[-0.1747658   0.08186437 -0.04418135]
[-0.17222907  0.08404683 -0.04191973]
[-0.16852318  0.08601596 -0.03925088]
[-0.15737611  0.0898564  -0.03399047]
[-0.15187118  0.09127524 -0.03286717]
[-0.12216409  0.10218497 -0.02095546]
[-0.11549286  0.10550594 -0.01800926]
[-0.11205284  0.10742498 -0.0157374 ]
[-0.10891536  0.10939282 -0.01296665]
[-0.09245989  0.12441905  0.00326415]
[-0.09001952  0.12597063  0.00584177]
[-0.0807503   0.13564183  0.01149068]
[-0.07880771  0.13601656  0.01078366]
[-0.07618028  0.13593963  0.01038363]
[-0.06907089  0.13192642  0.00981357]
[-0.06903384  0.13070382  0.00943124]
[-0.06955827  0.12945198  0.00877957]
[-0.06965117  0.12774502  0.00790489]
[-0.06898492  0.12570849  0.00676178]
[-0.06569127  0.12006366  0.00281563]
[-0.06256528  0.11432402  0.00064833]
[-0.05754592  0.1081159  -0.0009341 ]
[-0.05459181  0.10531259 -0.00283187]
[-0.05033245  0.10065734 -0.01015768]
[-0.04909378  0.09780924 -0.01397404]
[-0.04835039  0.09578056 -0.01691619]
[-0.0468996   0.09392435 -0.01887363]
[-0.042676    0.09045522 -0.02262988]
[-0.03629469  0.08105112 -0.02946584]
[-0.03629469  0.08105112 -0.02946584]
[-0.039985    0.07486492 -0.03471263]
[-0.0417639   0.07276039 -0.03629106]
[-0.04293907  0.07086343 -0.03783496]
[-0.03953994  0.05983384 -0.03917313]
[-0.03789474  0.05716444 -0.03915659]
[-0.03365027  0.05105283 -0.03840565]
[-0.03085148  0.0458355  -0.0374549 ]
[-0.02973001  0.04353818 -0.03644114]
[-0.0286131   0.04195626 -0.03504188]
[-0.02754016  0.03310842 -0.0278926 ]
[-0.02825025  0.03159557 -0.02629636]
[-0.02935064  0.0292228  -0.02192021]
[-0.04257269  0.02654101 -0.00632925]
[-4.75725174e-02  3.11011318e-02  6.43348321e-05]
[-4.75725174e-02  3.11011318e-02  6.43348321e-05]
[-0.04842405  0.03389213 -0.00068648]
[-0.048657    0.0363613  -0.00183606]
[-0.06867624  0.05177078 -0.00416075]
[-0.07359423  0.05497428 -0.00174478]
[-0.07979204  0.07050687 -0.0009336 ]
[-0.08051003  0.08912113  0.00121329]
[-0.08153654  0.09265503  0.00293651]
[-0.09030382  0.11244006  0.00956107]
[-0.09103251  0.1157243   0.00989063]
[-0.09252958  0.11920124  0.00932016]
[-0.09422958  0.12227029  0.00863868]
[-0.09514211  0.12962583  0.00704769]
[-0.09570802  0.1316694   0.00562861]
[-0.09757607  0.13374133  0.00331263]
[-0.09975119  0.13636917  0.00056042]
[-0.10148375  0.13894531 -0.00136979]
[-0.10085028  0.14474131 -0.00443429]
[-0.09848058  0.14799048 -0.00586427]
[-0.09628099  0.15329844 -0.00983589]
[-0.09684742  0.15563294 -0.01188259]
[-0.09789943  0.15726323 -0.01439856]
[-0.0964835   0.17690001 -0.02964442]
[-0.09707675  0.1994797  -0.03681388]
[-0.09557277  0.20315072 -0.03684758]
[-0.09557277  0.20315072 -0.03684758]
[-0.09473592  0.20509426 -0.03647029]
[-0.09357637  0.20895456 -0.03620551]
[-0.09344739  0.20998892 -0.03500923]
[-0.09435159  0.21110207 -0.03374456]
[-0.09960223  0.21046761 -0.02873164]
[-0.09985826  0.20911777 -0.02792979]
[-0.10088811  0.20717618 -0.02782362]
[-0.10378879  0.20312366 -0.02876708]
[-0.1123257   0.19060265 -0.0322146 ]
[-0.11307445  0.18698227 -0.03379558]
[-0.10965637  0.16621736 -0.03584019]
[-0.11095862  0.16064845 -0.03698796]
[-0.11223244  0.15503272 -0.03815009]
[-0.11255326  0.14489959 -0.03929348]
[-0.11183987  0.14078586 -0.03875961]
[-0.11125481  0.13672823 -0.03858008]
[-0.11263821  0.13243107 -0.04151544]
[-0.10901875  0.11054696 -0.05436672]
[-0.10746144  0.10608362 -0.0550573 ]
[-0.1040766   0.10171906 -0.0561067 ]
[-0.09715346  0.09111349 -0.0621177 ]
[-0.09645224  0.08811963 -0.06400882]
[-0.09456416  0.08534303 -0.06473782]
[-0.09140036  0.07930106 -0.06711098]
[-0.09573051  0.08111311 -0.06815524]
[-0.09630554  0.08005766 -0.06253666]
[-0.0941652   0.07753083 -0.05877177]
[-0.07092828  0.05297441 -0.04281602]
[-0.06338314  0.04469135 -0.03818146]
[-0.06186864  0.04051465 -0.03340188]
[-0.06186864  0.04051465 -0.03340188]
[-0.06122752  0.03842029 -0.03146387]
[-0.05329769  0.02046506 -0.02263992]
[-0.0559584   0.01648166 -0.02176535]
[-0.06700845  0.00468133 -0.02443887]
[-0.07585368 -0.01592835 -0.02481281]
[-0.07665956 -0.02024556 -0.02484484]
[-0.07957538 -0.04620469 -0.02733861]
[-0.08248107 -0.05543842 -0.02828837]
[-0.08350933 -0.06422064 -0.03022205]
[-0.08375601 -0.07294568 -0.03324091]
[-0.08470295 -0.07736539 -0.03501364]
[-0.08607234 -0.0822215  -0.03705607]
[-0.08564361 -0.10623988 -0.04567234]
[-0.08397518 -0.11645556 -0.04738787]
[-0.08269902 -0.12113155 -0.04817004]
[-0.07913346 -0.14162214 -0.05979648]
[-0.07892741 -0.14619507 -0.06480213]
[-0.07966412 -0.15494366 -0.06692714]
[-0.08058612 -0.15740238 -0.066985  ]
[-0.0810173  -0.1588455  -0.06652542]
[-0.08060873 -0.1595038  -0.06546444]
[-0.07837784 -0.15997067 -0.06376756]
[-0.07361955 -0.15736093 -0.05801342]
[-0.0601866  -0.13039073 -0.03623489]
[-0.05797645 -0.12690453 -0.0322222 ]
[-0.06626703 -0.10199129 -0.00516495]
[-0.06957777 -0.09411914 -0.00079277]
[-0.07232212 -0.0855183   0.00280493]
[-0.07788044 -0.06795885  0.00587187]
[-0.08856412 -0.00672599  0.00533913]
[-0.08878474  0.01153576  0.00069584]
[-0.08922435  0.01912554 -0.00177679]
[-0.08622977  0.03101858 -0.00594437]
[-0.08616813  0.03862302 -0.00855147]
[-0.0863328   0.04069203 -0.01006121]
[-0.08837413  0.04227847 -0.01115012]
[-0.08882795  0.04347347 -0.01194057]
[-0.08886701  0.04463871 -0.01254082]
[-0.08747149  0.04408972 -0.01363886]
[-0.0845778   0.04234625 -0.01687315]
[-0.08298634  0.04020532 -0.02035731]
[-0.08685822  0.03943671 -0.02229853]
[-0.11842571  0.03365316 -0.04295809]
[-0.12674212  0.03138737 -0.04820716]
[-0.13058482  0.03160976 -0.05018896]
[-0.14741827  0.0335782  -0.05548935]
[-0.16283282  0.03317422 -0.06174587]
[-0.17939512  0.02648354 -0.06404305]
[-0.18435797  0.02425027 -0.06379043]
[-0.20221726  0.01724051 -0.06223059]
[-0.20688315  0.01631967 -0.06439103]
[-0.21588533  0.01773045 -0.0660079 ]
[-0.21643159  0.01782125 -0.06641543]
[-0.21752347  0.01803352 -0.06768265]
[-0.21892552  0.01799751 -0.0689171 ]
[-0.21923343  0.01768001 -0.06847662]
[-0.21981311  0.0168786  -0.06721784]
[-0.22191762  0.01592927 -0.06570096]
[-0.22846069  0.00846433 -0.062364  ]
[-0.22899842  0.00790718 -0.06411462]
[-0.22916068  0.00744607 -0.0644032 ]
[-0.22972908  0.00696067 -0.06550582]
[-0.23004878  0.00588388 -0.06669839]
[-0.2295826   0.00448756 -0.06786907]
[-0.2288508   0.00318181 -0.06825162]
[-0.22487927 -0.01045628 -0.06923971]
[-0.22487927 -0.01045628 -0.06923971]
[-0.21804811 -0.02423053 -0.07087287]
[-0.21648384 -0.02523176 -0.07156074]
[-0.21181953 -0.019746   -0.07714456]
[-0.2111146  -0.01425898 -0.07213626]
[-0.21110533 -0.01140487 -0.07004032]
[-0.21242159  0.00142069 -0.06916764]
[-0.21163836  0.00608421 -0.06808046]
[-0.20911629  0.01063655 -0.06613089]
[-0.20495093  0.01589177 -0.06415009]
[-0.19728694  0.02559877 -0.0614441 ]
[-0.19235464  0.02964787 -0.06119496]
[-0.18294153  0.03822631 -0.06338951]
[-0.17485397  0.04517347 -0.0661554 ]
[-0.16654127  0.05138165 -0.06622837]
[-0.16239995  0.0545559  -0.06501748]
[-0.15930602  0.05755829 -0.0641892 ]
[-0.15217129  0.06341946 -0.0626711 ]
[-0.14950761  0.06549879 -0.06298411]
[-0.14654991  0.06781608 -0.06330255]
[-0.14986146  0.09015527 -0.06400636]
[-0.14986146  0.09015527 -0.06400636]
[-0.15046847  0.09396579 -0.06337999]
[-0.15500089  0.11393774 -0.06475553]
[-0.16024216  0.12170811 -0.0648393 ]
[-0.16332666  0.12453834 -0.06428809]
[-0.16879293  0.12961382 -0.06382677]
[-0.17224814  0.13241982 -0.06447443]
[-0.18279227  0.1479384  -0.06110219]
[-0.18339979  0.15180437 -0.05963158]
[-0.18412746  0.15596439 -0.05822316]
[-0.1862588  0.1606236 -0.0576334]
[-0.18764545  0.16560619 -0.0561588 ]
[-0.19578346  0.17683794 -0.04941089]
[-0.19942252  0.17984664 -0.0481156 ]
[-0.2035189   0.18295485 -0.04808592]
[-0.20858808  0.18818255 -0.04616077]
[-0.21186637  0.19117138 -0.04331313]
[-0.18640211  0.21746761 -0.03233534]
[-0.18640211  0.21746761 -0.03233534]
[-0.18118755  0.22140066 -0.03256091]
[-0.17380134  0.22713728 -0.03390311]
[-0.16939016  0.22902188 -0.03362857]
[-0.14416731  0.22910675 -0.01680871]
[-0.12166445  0.22908892 -0.02148352]
[-0.11689103  0.22880125 -0.02195885]
[-0.10718967  0.22756591 -0.02025183]
[-0.10191739  0.22608922 -0.01979942]
[-0.05764616  0.1955706  -0.0112601 ]
[-0.05579877  0.18658757 -0.01173521]
[-0.05638797  0.17897488 -0.01604536]
[-0.05806624  0.16858999 -0.02438816]
[-0.06013081  0.16274627 -0.02909159]
[-0.06151386  0.15681945 -0.03272747]
[-0.06235559  0.13951284 -0.04492371]
[-0.0633753   0.13310568 -0.0551527 ]
[-0.06531756  0.12556142 -0.06538538]
[-0.10178937  0.06609167 -0.1127619 ]
[-0.11812554  0.05440086 -0.11892361]
[-0.12743568  0.04876824 -0.12333632]
[-0.13594036  0.04189521 -0.12779512]
[-0.14020926  0.03809227 -0.12893026]
[-0.14146137  0.03515267 -0.12893121]
[-0.14872811  0.0203194  -0.1247936 ]
[-0.14621082  0.01821178 -0.12734747]
[-0.14335941  0.01747057 -0.12919115]
[-0.13831047  0.0150512  -0.12999624]
[-0.13185529  0.00907776 -0.13172339]
[-0.13189587  0.00677892 -0.1326299 ]
[-0.13283039  0.00455984 -0.1336499 ]
[-0.13219597  0.00238685 -0.13521667]
[-0.12352548 -0.00172298 -0.13572951]
[-0.11795071 -0.00374559 -0.13604899]
[-0.11326807 -0.00494772 -0.13601245]
[-0.0877119  -0.01492272 -0.14149965]
[-0.08358096 -0.01729257 -0.14176992]
[-0.06304167 -0.02834682 -0.14409491]
[-0.06105591 -0.03064448 -0.14553753]
[-0.04672747 -0.04480415 -0.14600673]
[-0.04269138 -0.04755264 -0.1466406 ]
[-0.03830007 -0.05028735 -0.14851987]
[-0.03378102 -0.05379584 -0.15168546]
[-0.0262024  -0.06693631 -0.17142679]
[-0.0262482  -0.07011154 -0.17990802]
[-0.02582245 -0.07390035 -0.18695699]
[-0.02886132 -0.08811403 -0.20667166]
[-0.0314656  -0.09517939 -0.21799576]
[-0.03181844 -0.10186025 -0.22922204]
[-0.03064448 -0.10498718 -0.23449014]
[-0.03024272 -0.10789485 -0.23853537]
[-0.02096509 -0.11837966 -0.22095138]
[-0.0081707  -0.10491316 -0.15230705]
[ 0.00763468 -0.071692   -0.04801837]
[ 0.00756454 -0.06647068 -0.03955177]
[ 0.0072303  -0.06198053 -0.03192437]
[ 0.00999447 -0.04754053 -0.01450183]
[ 0.01178919 -0.04176637 -0.01014354]
[ 0.01352612 -0.03573576 -0.00607312]
[ 0.02008224 -0.0110082   0.01092724]
[ 0.02079511 -0.00624588  0.01330937]
[ 0.02097478 -0.00161086  0.014553  ]
[0.02024615 0.01473591 0.02231088]
[0.02171042 0.01822058 0.0248541 ]
[0.02234942 0.02206545 0.02667441]
[0.02389303 0.03016752 0.02970237]
[0.0252996  0.03367719 0.03052322]
[0.02295465 0.05556059 0.04563735]
[0.01425413 0.07536538 0.07632253]
[0.01060247 0.0797819  0.08006438]
[0.00382756 0.09074848 0.0912682 ]
[0.00382756 0.09074848 0.0912682 ]
[-0.00034733  0.09642737  0.09775528]
[-0.01007573  0.10586756  0.10960956]
[-0.01445902  0.11020306  0.11268073]
[-0.01954972  0.11786899  0.11657672]
[-0.01941625  0.12167598  0.11894605]
[-0.02342314  0.14322434  0.13565177]
[-0.02485069  0.15260687  0.14367022]
[-0.02747529  0.15718526  0.15133363]
[-0.03058318  0.1587446   0.15676349]
[-0.04019845  0.16208884  0.16989847]
[-0.04213067  0.16307582  0.17181094]
[-0.0505812   0.16766545  0.17478897]
[-0.0505812   0.16766545  0.17478897]
[-0.05377987  0.17051028  0.17469265]
[-0.05654515  0.17420866  0.17406105]
[-0.07110576  0.19133484  0.17214948]
[-0.07326172  0.19172348  0.17336191]
[-0.07413393  0.1921993   0.17435253]
[-0.07588332  0.19277853  0.17546198]
[-0.07794591  0.19381966  0.17668904]
[-0.08315826  0.19663174  0.19526017]
[-0.08146735  0.19556352  0.20849591]
[-0.08235513  0.19481386  0.22142108]
[-0.08410552  0.19434761  0.22503731]
[-0.08575801  0.19702441  0.23688133]
[-0.08582122  0.19825438  0.2370189 ]
[-0.08898515  0.2011205   0.23555957]
[-0.1019519   0.20996971  0.23134249]
[-0.10366235  0.21157636  0.23239763]
[-0.10570688  0.21297587  0.23308173]
[-0.10819678  0.21426655  0.23262951]
[-0.11364784  0.21583267  0.22926833]
[-0.11766973  0.21700078  0.22781104]
[-0.11934189  0.2185677   0.22663906]
[-0.12335915  0.22141619  0.22195905]
[-0.12478181  0.22232145  0.22018653]
[-0.12601744  0.22251317  0.21931233]
[-0.12699542  0.22297487  0.21917346]
[-0.12730293  0.22349316  0.21966836]
[-0.12686949  0.22403426  0.22171485]
[-0.12595998  0.2236823   0.22321139]
[-0.12469095  0.22287054  0.22455551]
[-0.1236719   0.22189243  0.22616874]
[-0.1216084   0.22034697  0.22801024]
[-0.12131065  0.21949843  0.22855796]
[-0.11944115  0.21860935  0.22935361]
[-0.11646641  0.21767168  0.23075962]
[-0.11486085  0.2167128   0.2319383 ]
[-0.10995782  0.21384813  0.23562522]
[-0.10776698  0.21337056  0.23635066]
[-0.10479146  0.21298395  0.23664898]
[-0.10325153  0.21278639  0.23492768]
[-0.10176308  0.21231776  0.23199542]
[-0.10055912  0.21187426  0.23056813]
[-0.09680335  0.21222591  0.2278693 ]
[-0.09300706  0.21150434  0.22390795]
[-0.09018913  0.21022221  0.21950296]
[-0.08901601  0.20856598  0.21595873]
[-0.08768392  0.20806308  0.21445085]
[-0.0864832   0.20785674  0.21272498]
[-0.08377008  0.20716473  0.20797539]
[-0.08377008  0.20716473  0.20797539]
[-0.08239392  0.20632689  0.205485  ]
[-0.08165825  0.20538953  0.20311715]
[-0.08081357  0.20489569  0.20075697]
[-0.07980994  0.20504737  0.2003772 ]
[-0.07372113  0.20557556  0.19902696]
[-0.07079195  0.20466608  0.19812772]
[-0.06960397  0.20372981  0.19828221]
[-0.06884787  0.20217742  0.19894657]
[-0.06723189  0.20037712  0.19949757]
[-0.06370884  0.19609983  0.1988351 ]
[-0.0618721   0.19401623  0.19713219]
[-0.05868802  0.19150101  0.19448866]
[-0.05341042  0.18498114  0.18945675]
[-0.05073235  0.17927824  0.18553594]
[-0.05036181  0.17773084  0.18333139]
[-0.0488713   0.17627124  0.17858759]
[-0.04822266  0.17508741  0.17602488]
[-0.04662934  0.1721935   0.17262065]
[-0.04545193  0.17070851  0.17142868]
[-0.04391383  0.16926642  0.17030843]
[-0.04094291  0.16726708  0.16732286]
[-0.03774983  0.16579339  0.16279761]
[-0.03602915  0.16458155  0.16041009]
[-0.0353155   0.16360433  0.15773147]
[-0.03435587  0.1626249   0.15580019]
[-0.03404465  0.16166866  0.15480047]
[-0.03421671  0.1595622   0.15327583]
[-0.03424804  0.15794303  0.15173943]
[-0.03351839  0.15661991  0.14938068]
[-0.02938039  0.15442945  0.14016563]
[-0.02682084  0.15430021  0.13716693]
[-0.02399901  0.1537765   0.13434626]
[-0.01689353  0.15238257  0.12460625]
[-0.01689353  0.15238257  0.12460625]
[-0.01337352  0.15155213  0.11847369]
[-0.00716401  0.14513591  0.11132228]
[-0.00460474  0.13868375  0.1077473 ]
[-0.00203439  0.13135946  0.10308832]
[0.00044957 0.1186184  0.07927096]
[0.00044957 0.1186184  0.07927096]
[0.00013349 0.11268458 0.06211742]
[0.00023403 0.10894074 0.05331748]
[-0.00046348  0.10176118  0.03601262]
[0.00086707 0.08872157 0.0159957 ]
[0.00309581 0.08334258 0.01039024]
[0.00464936 0.07467282 0.00246871]
[ 0.00428671  0.07023777 -0.00055602]
[ 0.00383267  0.06033405 -0.00694767]
[ 0.00360932  0.0509565  -0.01217537]
[ 0.00347959  0.04595532 -0.01478463]
[ 0.00434887  0.0409345  -0.01809273]
[ 0.00383121  0.03000336 -0.02424008]
[ 0.00132634  0.01948944 -0.02978549]
[-0.00204276  0.0098974  -0.0362809 ]
[-0.00376324  0.00543802 -0.04024414]
[-0.0058788   0.00035557 -0.04576637]
[-0.01055188 -0.00994862 -0.05357043]
[-0.02087232 -0.02582492 -0.06351396]
[-0.02685467 -0.03550931 -0.07481546]
[-0.02952636 -0.03977964 -0.08017556]
[-0.03234666 -0.04303545 -0.08561634]
[-0.03679545 -0.04788163 -0.09242525]
[-0.0426577  -0.05323364 -0.10094237]
[-0.04326651 -0.05612824 -0.10402843]
[-0.04456396 -0.05856612 -0.105468  ]
[-0.04495724 -0.06167315 -0.10554356]
[-0.04536916 -0.06447209 -0.10388799]
[-0.05248425 -0.07007021 -0.09992238]
[-0.05669442 -0.07247674 -0.09722798]
[-0.06425928 -0.0744627  -0.09045384]
[-0.06425928 -0.0744627  -0.09045384]
[-0.06618843 -0.07503161 -0.08758079]
[-0.0699696  -0.07664813 -0.08197653]
[-0.07167952 -0.07822535 -0.07830445]
[-0.07520125 -0.07745173 -0.07658701]
[-0.08486358 -0.0748083  -0.07536502]
[-0.08858768 -0.07417753 -0.07484388]
[-0.09105065 -0.0741437  -0.0735512 ]
[-0.09509728 -0.07383692 -0.07002892]
[-0.09524438 -0.07081082 -0.06597038]
[-0.09376567 -0.06914134 -0.06393649]
[-0.09222139 -0.06772664 -0.06156416]
[-0.09116757 -0.06652075 -0.05974597]
[-0.09118467 -0.0644315  -0.05490895]
[-0.09254475 -0.06082973 -0.05135886]
[-0.09439193 -0.05863388 -0.04967646]
[-0.09698479 -0.0567329  -0.04865241]
[-0.1006559  -0.05028483 -0.05057503]
[-0.10082733 -0.04563412 -0.05187897]
[-0.10049213 -0.04152241 -0.05149065]
[-0.09907475 -0.03088962 -0.04459956]
[-0.09940067 -0.02570339 -0.03973958]
[-0.09850754 -0.01451828 -0.03163679]
[-0.09839774 -0.00917231 -0.02916985]
[-0.09973017 -0.00379812 -0.02647763]
[-0.10030707  0.00161723 -0.02382975]
[-0.1009499   0.00641858 -0.02144397]
[-0.10090039  0.01546742 -0.01710033]
[-0.10286893  0.02071254 -0.01496944]
[-0.10532982  0.03026735 -0.01167476]
[-0.10115558  0.03521948 -0.0069527 ]
[-0.0977125   0.03638256 -0.00277325]
[-0.09860374  0.04417874  0.00369462]
[-0.10447815  0.05034366  0.00727895]
[-0.10974282  0.05600844  0.01019017]
[-0.11879422  0.06538633  0.01623644]
[-0.11933218  0.07179363  0.02007764]
[-0.12119597  0.07834662  0.02452552]
[-0.12365175  0.08264773  0.02599801]
[-0.12561251  0.08667082  0.02619521]
[-0.12707172  0.08909939  0.026367  ]
[-0.12775234  0.09115358  0.02700797]
[-0.1306713   0.09272299  0.02915845]
[-0.13147801  0.09382468  0.02940202]
[-0.13153252  0.09733409  0.02779886]
[-0.12929852  0.09940714  0.02679443]
[-0.12266305  0.09955355  0.02434953]
[-0.11489026  0.10072088  0.02209582]
[-0.11110493  0.10105506  0.02180238]
[-0.10784592  0.10282804  0.0227563 ]
[-0.10164421  0.10527152  0.02242812]
[-0.09983959  0.10696498  0.02142123]
[-0.09802999  0.10860412  0.01907089]
[-0.09483311  0.11127482  0.01834351]
[-0.09293772  0.11455897  0.01943263]
[-0.09029567  0.11813077  0.02051182]
[-0.08904509  0.12202734  0.02257956]
[-0.08457938  0.12897806  0.0240244 ]
[-0.08457938  0.12897806  0.0240244 ]
[-0.08239965  0.13004799  0.02405601]
[-0.07913314  0.13258761  0.02379357]
[-0.07683306  0.13368201  0.02449117]
[-0.07473638  0.13489     0.02563678]
[-0.0721915   0.13610645  0.02727863]
[-0.06729073  0.13773648  0.03169611]
[-0.06492648  0.1379419   0.03366477]
[-0.06277652  0.13742365  0.0353509 ]
[-0.06040832  0.13685749  0.03652463]
[-0.05659929  0.13616414  0.03688084]
[-0.05241741  0.13571765  0.03702031]
[-0.04558218  0.13312787  0.0330884 ]
[-0.04200693  0.13074106  0.03044932]
[-0.03968273  0.12877773  0.02842897]
[-0.04082776  0.12521891  0.02783661]
[-0.04237596  0.12244274  0.02876403]
[-0.04292786  0.1213209   0.0292831 ]
[-0.04359022  0.12022213  0.02918928]
[-0.04637937  0.11631112  0.02843257]
[-0.04897975  0.11502521  0.02790803]
[-0.04928699  0.11364105  0.02862039]
[-0.04936116  0.11290698  0.0292231 ]
[-0.0492519   0.11269128  0.02911417]
[-0.05194655  0.11453889  0.02722365]
[-0.05199807  0.11884812  0.02521231]
[-0.04934163  0.12744547  0.02187412]
[-0.04934163  0.12744547  0.02187412]
[-0.04757257  0.12756406  0.0223019 ]
[-0.04347094  0.12934624  0.02480412]
[-0.04347094  0.12934624  0.02480412]
[-0.04431961  0.1316863   0.02710764]
[-0.04630844  0.13447569  0.0309452 ]
[-0.04731172  0.13654517  0.03302837]
[-0.0487229   0.13899943  0.03519086]
[-0.05250141  0.14424135  0.03961473]
[-0.05603685  0.14802435  0.04484768]
[-0.0583699   0.15111353  0.04962661]
[-0.05978037  0.1540066   0.05190893]
[-0.06146234  0.15765321  0.0501757 ]
[-0.06350856  0.15728533  0.04719577]
[-0.0653925   0.15568025  0.04359326]
[-0.06657359  0.15149219  0.03302528]
[-0.06455974  0.15659428  0.01880816]
[-0.06536379  0.15668733  0.01537889]
[-0.06871951  0.15156732  0.0088272 ]
[-0.07041733  0.1455999  -0.00125228]
[-0.06958722  0.14254038 -0.00684946]
[-0.06907992  0.13916039 -0.01139259]
[-0.06822098  0.13156682 -0.01953912]
[-0.06864677  0.12802975 -0.02478625]
[-0.06843028  0.12481457 -0.03062239]
[-0.0693818   0.11815976 -0.04372535]
[-0.07046883  0.11327197 -0.04968472]
[-0.07526972  0.0987589  -0.06339779]
[-0.07526972  0.0987589  -0.06339779]
[-0.07737098  0.09364755 -0.06693099]
[-0.07945615  0.08871862 -0.07042624]
[-0.08430442  0.07700068 -0.07664231]
[-0.0881275   0.07118151 -0.07944446]
[-0.09439102  0.06021807 -0.08462492]
[-0.09637502  0.05569057 -0.08722779]
[-0.09818204  0.05089092 -0.09070215]
[-0.10319262  0.03761583 -0.09673756]
[-0.10319262  0.03761583 -0.09673756]
[-0.10336087  0.0331447  -0.09708939]
[-0.10510834  0.02855404 -0.09818248]
[-0.10930446  0.01919837 -0.10037471]
[-0.11212966  0.01446032 -0.10228696]
[-0.11440877  0.00967014 -0.10453619]
[-0.11559395  0.00451036 -0.10678039]
[-1.17938893e-01 -9.12580654e-05 -1.09007336e-01]
[-0.12099455 -0.00528552 -0.11115465]
[-0.13376449 -0.020173   -0.11454767]
[-0.13376449 -0.020173   -0.11454767]
[-0.13765277 -0.02480117 -0.11450465]
[-0.14504105 -0.03446608 -0.11294954]
[-0.15125692 -0.04212604 -0.10902189]
[-0.15321773 -0.04534076 -0.10743831]
[-0.15456251 -0.04811361 -0.10681194]
[-0.1568545  -0.05394407 -0.10699742]
[-0.15833834 -0.05614784 -0.10647598]
[-0.15974149 -0.05807032 -0.10533062]
[-0.16047725 -0.06001065 -0.10411435]
[-0.16230172 -0.0616129  -0.1034657 ]
[-0.16545657 -0.06551264 -0.10344653]
[-0.16554676 -0.07076177 -0.10182571]
[-0.16709928 -0.08080399 -0.09826786]
[-0.16709928 -0.08080399 -0.09826786]
[-0.16668194 -0.08474599 -0.09638066]
[-0.16690442 -0.08756036 -0.0947356 ]
[-0.16825025 -0.09256449 -0.09318826]
[-0.1782676  -0.09769074 -0.08788489]
[-0.18167945 -0.0987209  -0.085977  ]
[-0.18425835 -0.10224842 -0.0829957 ]
[-0.18425835 -0.10224842 -0.0829957 ]
[-0.18270354 -0.10245823 -0.08071946]
[-0.18088911 -0.10079073 -0.0773899 ]
[-0.18066231 -0.09933978 -0.07589492]
[-0.18154711 -0.09723937 -0.07418452]
[-0.18181765 -0.09212448 -0.07062999]
[-0.18064387 -0.08987585 -0.06834146]
[-0.17552483 -0.08539011 -0.06289083]
[-0.17249211 -0.08292785 -0.05952212]
[-0.16646607 -0.07982322 -0.0512058 ]
[-0.17410447 -0.07416674 -0.04251397]
[-0.17410447 -0.07416674 -0.04251397]
[-0.17549396 -0.06705156 -0.04235531]
[-0.17407056 -0.05888083 -0.03955231]
[-0.17407056 -0.05888083 -0.03955231]
[-0.17286072 -0.05315193 -0.03925058]
[-0.17240134 -0.04719403 -0.03778622]
[-0.16884073 -0.03429058 -0.03351609]
[-0.16659563 -0.02752768 -0.03059958]
[-0.163643   -0.02143162 -0.02875672]
[-0.15945275 -0.01530787 -0.02635111]
[-0.15583517 -0.00965799 -0.0252545 ]
[-0.15226351 -0.00325502 -0.02440019]
[-0.13281137  0.01419377 -0.02226938]
[-0.13281137  0.01419377 -0.02226938]
[-0.10913787  0.02027386 -0.0178579 ]
[-0.09142194  0.03303637 -0.02434961]
[-0.08058305  0.03961055 -0.02512904]
[-0.06822069  0.04899606 -0.02576764]
[-0.04696298  0.06603127 -0.02418316]
[-0.04696298  0.06603127 -0.02418316]
[-0.01303312  0.09284945 -0.021981  ]
[-0.01303312  0.09284945 -0.021981  ]
[-0.00491322  0.09845191 -0.02208843]
[-0.00012691  0.10307533 -0.02329798]
[ 0.00916987  0.11193715 -0.02398575]
[ 0.01301593  0.11547713 -0.02417506]
[ 0.01738516  0.11924376 -0.02370776]
[ 0.02416793  0.12603119 -0.02431026]
[ 0.02416793  0.12603119 -0.02431026]
[ 0.02769766  0.1290305  -0.02493986]
[ 0.03839984  0.13712248 -0.0237493 ]
[ 0.03839984  0.13712248 -0.0237493 ]
[ 0.04141927  0.1400803  -0.02188568]
[ 0.04674917  0.14480081 -0.01910154]
[ 0.04915253  0.14640585 -0.01887768]
[ 0.05103605  0.14753351 -0.01915142]
[ 0.05303181  0.14875203 -0.01983477]
[ 0.0568539   0.15077777 -0.02010329]
[ 0.05889123  0.15228401 -0.01945505]
[ 0.0604708   0.15383989 -0.01819948]
[ 0.0624684   0.15814245 -0.01637372]
[ 0.0624684   0.15814245 -0.01637372]
[ 0.06333867  0.16012138 -0.01618852]
[ 0.06467969  0.16343711 -0.01634885]
[ 0.06530448  0.16456811 -0.01625927]
[ 0.06559235  0.16582033 -0.01580829]
[ 0.06602567  0.16727406 -0.01521733]
[ 0.06582749  0.16853921 -0.01449194]
[ 0.06322304  0.16992524 -0.01069384]
[ 0.06107675  0.16977787 -0.00739535]
[ 0.0556299   0.16987284 -0.00421015]
[ 0.05112805  0.17025602 -0.00367694]
[0.03969373 0.17229277 0.00305799]
[0.03969373 0.17229277 0.00305799]
[0.0289491  0.17168762 0.012314  ]
[0.01994035 0.17330834 0.01886054]
[0.0172764  0.1751575  0.02183014]
[0.01509548 0.17718914 0.02509323]
[0.01037126 0.1795245  0.03320461]
[0.00061496 0.18133229 0.04109802]
[0.00061496 0.18133229 0.04109802]
[-0.00583989  0.18422955  0.0443495 ]
[-0.01326374  0.19095024  0.04030938]
[-0.01326374  0.19095024  0.04030938]
[-0.01727156  0.19460855  0.03803138]
[-0.02765133  0.19917211  0.04016692]
[-0.03134591  0.19953118  0.04436649]
[-0.04428269  0.20226376  0.05475025]
[-0.04428269  0.20226376  0.05475025]
[-0.04730022  0.20294727  0.0567745 ]
[-0.05100854  0.20339501  0.06087982]
[-0.05251062  0.20453154  0.06316992]
[-0.0531693   0.20525174  0.0647956 ]
[-0.05521366  0.2073361   0.06849036]
[-0.05644203  0.20850962  0.06976759]
[-0.05762077  0.21009745  0.07109148]
[-0.05846879  0.21292436  0.07556679]
[-0.05846879  0.21292436  0.07556679]
[-0.05744705  0.21449716  0.07811951]
[-0.05619725  0.21706603  0.08071134]
[-0.05616965  0.21826662  0.08134405]
[-0.0565276   0.2194283   0.08276767]
[-0.05891813  0.22489879  0.08861886]
[-0.05891813  0.22489879  0.08861886]
[-0.06009969  0.22692856  0.09049925]
[-0.06075551  0.22857015  0.09289662]
[-0.06005835  0.23037888  0.09910769]
[-0.05914767  0.22971317  0.10210252]
[-0.05653275  0.22763634  0.1054358 ]
[-0.05068705  0.2220625   0.10941213]
[-0.05068705  0.2220625   0.10941213]
[-0.04853493  0.22102046  0.11089783]
[-0.04770812  0.22858238  0.11287365]
[-0.04770812  0.22858238  0.11287365]
[-0.04908931  0.23217408  0.11471105]
[-0.0509058   0.23527113  0.11712679]
[-0.05181555  0.2389612   0.12205719]
[-0.0512634   0.2403751   0.12548113]
[-0.04899105  0.2435111   0.13614705]
[-0.04748435  0.24454464  0.14090414]
[-0.04654373  0.24498381  0.14443958]
[-0.04787152  0.2453935   0.15197705]
[-0.04787152  0.2453935   0.15197705]
[-0.04973725  0.24472307  0.15406387]
[-0.05313184  0.24185061  0.15829188]
[-0.05313184  0.24185061  0.15829188]
[-0.05339686  0.24178676  0.15985611]
[-0.05324374  0.2418748   0.16155264]
[-0.05341975  0.24303806  0.1637691 ]
[-0.05316517  0.24332282  0.16293956]
[-0.04855413  0.24302867  0.15381567]
[-0.04855413  0.24302867  0.15381567]
[-0.04736752  0.242286    0.1500636 ]
[-0.04537503  0.23759727  0.14156668]
[-0.04385884  0.23357238  0.13461711]
[-0.0432965   0.2295561   0.12739588]
[-0.04245295  0.22585677  0.11903747]
[-0.04035462  0.2173371   0.0982535 ]
[-0.03927536  0.21233056  0.08832318]
[-0.03640457  0.19676383  0.06376816]
[-0.03640457  0.19676383  0.06376816]
[-0.03404742  0.18475696  0.04325208]
[-0.03541439  0.18005903  0.03352974]
[-0.03906391  0.17546766  0.02517605]
[-0.04322984  0.16964413  0.01928716]
[-0.0449018   0.1645956   0.01606385]
[-0.04525935  0.15084034  0.00724783]
[-0.04564627  0.14508677  0.00255801]
[-0.04550954  0.14011991 -0.00375855]
[-0.04583696  0.13336277 -0.01628252]
[-0.04583696  0.13336277 -0.01628252]
[-0.04591218  0.12638146 -0.02691276]
[-0.04718445  0.1218555  -0.03046461]
[-0.04839625  0.11713371 -0.03267744]
[-0.04972371  0.11234131 -0.03380019]
[-0.05165248  0.10719354 -0.0346105 ]
[-0.0555012   0.0956714  -0.03533854]
[-0.05548562  0.09004938 -0.03439266]
[-0.0551891   0.08410084 -0.03316758]
[-0.05384632  0.07852536 -0.0324758 ]
[-0.05271536  0.07281958 -0.03209317]
[-0.05105558  0.06189525 -0.03288864]
[-0.05072786  0.05622626 -0.03356861]
[-0.04991537  0.05126432 -0.03402822]
[-0.04864715  0.04622427 -0.03561226]
[-0.04295335  0.03630499 -0.03865427]
[-0.04038926  0.02820046 -0.043592  ]
[-0.03985486  0.02455418 -0.04601917]
[-0.03926502  0.01671775 -0.05152839]
[-0.03947288  0.01194863 -0.05431722]
[-0.04080853  0.00722387 -0.05720463]
[-0.04457595 -0.00069148 -0.06255267]
[-0.04457595 -0.00069148 -0.06255267]
[-0.04583301 -0.00338112 -0.06474519]
[-0.04727528 -0.00563176 -0.0667432 ]
[-0.04843786 -0.00954179 -0.06828624]
[-0.04935593 -0.01176341 -0.06857484]
[-0.04910539 -0.01410557 -0.06865428]
[-0.04855053 -0.01627457 -0.06899277]
[-0.04745457 -0.01865613 -0.06906885]
[-0.04810593 -0.02430325 -0.06941341]
[-0.04915698 -0.02572741 -0.06926693]
[-0.04960995 -0.02702486 -0.06863199]
[-0.04973838 -0.02946291 -0.06808406]
[-0.04979208 -0.03210119 -0.06826353]
[-0.04978361 -0.0337139  -0.06874384]
[-0.05056981 -0.03639113 -0.06971505]
[-0.05143821 -0.03742297 -0.0705509 ]
[-0.05545686 -0.04170045 -0.07406871]
[-0.05545686 -0.04170045 -0.07406871]
[-0.05636207 -0.0435212  -0.07571912]
[-0.05659633 -0.04644274 -0.07927309]
[-0.05546977 -0.04779138 -0.08073714]
[-0.05458073 -0.04907547 -0.08211309]
[-0.05357254 -0.05005646 -0.08317941]
[-0.05141793 -0.05180145 -0.08525617]
[-0.05046414 -0.05265184 -0.08542806]
[-0.04906346 -0.05393514 -0.08551438]
[-0.04781255 -0.05531827 -0.08565286]
[-0.04643353 -0.05678198 -0.08566675]
[-0.04514396 -0.05835368 -0.08640548]
[-0.04538156 -0.06402338 -0.08874999]
[-0.04538156 -0.06402338 -0.08874999]
[-0.04524315 -0.06644746 -0.09000273]
[-0.04461807 -0.06765073 -0.0912479 ]
[-0.04431608 -0.0684215  -0.0918979 ]
[-0.04390533 -0.0696512  -0.09164851]
[-0.0417961  -0.07350012 -0.09249137]
[-0.04025422 -0.07490144 -0.09366625]
[-0.03554717 -0.07417513 -0.095901  ]
[-0.03004941 -0.0705403  -0.09254536]
[-0.02851539 -0.07091489 -0.09180405]
[-0.02758681 -0.07177263 -0.09164085]
[-0.02761997 -0.07288297 -0.09206367]
[-0.02924455 -0.07390665 -0.0929767 ]
[-0.03211519 -0.07530242 -0.09382837]
[-0.03279659 -0.07699592 -0.09454402]
[-0.03242907 -0.08065911 -0.09680428]
[-0.03317017 -0.08388335 -0.09860261]
[-0.03581178 -0.09250016 -0.10200281]
[-0.03696975 -0.09731589 -0.10431883]
[-0.03841052 -0.10218511 -0.10691393]
[-0.03842262 -0.10667223 -0.10939831]
[-0.03951607 -0.11558038 -0.11291535]
[-0.03961182 -0.11996034 -0.11348467]
[-0.0407859  -0.13294823 -0.11863198]
[-0.0407859  -0.13294823 -0.11863198]
[-0.04257129 -0.13775833 -0.12412652]
[-0.04279508 -0.14079645 -0.12673283]
[-0.04279508 -0.14079645 -0.12673283]
[-0.04272317 -0.14243002 -0.12710515]
[-0.04237297 -0.14458558 -0.12637638]
[-0.04445004 -0.14930966 -0.12472879]
[-0.04588058 -0.15177776 -0.12432977]
[-0.0483208  -0.15421911 -0.12428965]
[-0.05265962 -0.15927736 -0.12489825]
[-0.05589498 -0.16218336 -0.12497687]
[-0.06343046 -0.17264917 -0.12225623]
[-0.06343046 -0.17264917 -0.12225623]
[-0.06504975 -0.17611626 -0.11975313]
[-0.06608677 -0.18139058 -0.1140503 ]
[-0.06523268 -0.18350045 -0.11126648]
[-0.0643284  -0.18521327 -0.10874478]
[-0.06284804 -0.18767686 -0.10083394]
[-0.06284804 -0.18767686 -0.10083394]
[-0.0646167  -0.18763185 -0.09767438]
[-0.06552642 -0.18831617 -0.09691896]
[-0.06652851 -0.18896623 -0.0954567 ]
[-0.06778602 -0.1893688  -0.09105652]
[-0.06573667 -0.18680191 -0.08532829]
[-0.06438366 -0.1849585  -0.08193329]
[-0.06373272 -0.18285197 -0.07795525]
[-0.06361883 -0.1777128  -0.06659925]
[-0.06363561 -0.1748026  -0.06070034]
[-0.06476404 -0.17074364 -0.05478979]
[-0.0667126 -0.1627275 -0.0469721]
[-0.0667126 -0.1627275 -0.0469721]
[-0.06684784 -0.15099512 -0.04166611]
[-0.06684784 -0.15099512 -0.04166611]
[-0.06655349 -0.14764391 -0.03952942]
[-0.06915723 -0.14317331 -0.03557761]
[-0.07171586 -0.14256904 -0.034065  ]
[-0.07681585 -0.14291288 -0.03270964]
[-0.08141699 -0.14460081 -0.03148163]
[-0.08384812 -0.14601067 -0.03133387]
[-0.0865176  -0.14775826 -0.03100308]
[-0.08850601 -0.14997268 -0.02998975]
[-0.09198535 -0.15259327 -0.02879829]
[-0.1015085  -0.15733242 -0.02468126]
[-0.10764171 -0.15851575 -0.02270057]
[-0.11232167 -0.15898833 -0.02119401]
[-0.11627846 -0.15871355 -0.02114714]
[-0.12061183 -0.15752003 -0.02119846]
[-0.12956414 -0.15339468 -0.01927466]
[-0.13309731 -0.15095733 -0.01748199]
[-0.13622007 -0.14866248 -0.01601146]
[-0.14095177 -0.14371273 -0.01401671]
[-0.14095177 -0.14371273 -0.01401671]
[-0.14599414 -0.13912362 -0.01329442]
[-0.1477103  -0.1368788  -0.01311224]
[-0.14882182 -0.13458851 -0.01255316]
[-0.149366   -0.13000026 -0.00959285]
[-0.14897754 -0.12501448 -0.00610819]
[-0.14846261 -0.12253543 -0.00525946]
[-0.14725007 -0.11857673 -0.00280522]
[-0.14548034 -0.11498976  0.00018691]
[-0.14429921 -0.11255276  0.00098845]
[-0.1427552  -0.11001668  0.00189569]
[-0.14133475 -0.10746678  0.00304865]
[-0.1398404  -0.10448824  0.00434891]
[-0.13845038 -0.10211478  0.00595417]
[-0.13517676 -0.09801207  0.00788856]
[-0.13485375 -0.09588236  0.00935692]
[-0.13338749 -0.08927561  0.01324689]
[-0.1316334  -0.08364189  0.01743913]
[-0.13129005 -0.08216047  0.01856897]
[-0.13195136 -0.07968741  0.01877842]
[-0.13068881 -0.07874346  0.01903567]
[-0.12649241 -0.07649878  0.01906893]
[-0.1245982  -0.07448629  0.01727029]
[-0.12464141 -0.07374437  0.01667848]
[-0.12571846 -0.07327649  0.01722788]
[-0.1262585  -0.07297005  0.01779251]
[-0.13043196 -0.07242282  0.0192973 ]
[-0.13415493 -0.07298417  0.02083555]
[-0.13907336 -0.07450922  0.022477  ]
[-0.14848038 -0.08118684  0.02831582]
[-0.15096861 -0.08433945  0.0320546 ]
[-0.15322464 -0.086603    0.03604915]
[-0.15367527 -0.08766687  0.04004407]
[-0.15051069 -0.08661536  0.04501138]
[-0.14639744 -0.08588655  0.04656864]
[-0.14250413 -0.08484749  0.04746515]
[-0.13931607 -0.08335917  0.04805253]
[-0.13618951 -0.081731    0.04907523]
[-0.13208531 -0.0772543   0.05117231]
[-0.12954136 -0.07191554  0.05260501]
[-0.12954136 -0.07191554  0.05260501]
[-0.12882276 -0.06887008  0.05293427]
[-0.12624194 -0.06147554  0.05764373]
[-0.12624194 -0.06147554  0.05764373]
[-0.12342302 -0.0594308   0.05979568]
[-0.12131597 -0.05660668  0.06086694]
[-0.12003668 -0.05274594  0.06207071]
[-0.1160074  -0.04285598  0.06005105]
[-0.11292559 -0.03803226  0.06072132]
[-0.10508463 -0.02637565  0.0650545 ]
[-0.09475317 -0.01470857  0.07223916]
[-0.09135195 -0.00946712  0.07327023]
[-0.08694019 -0.00452556  0.0748859 ]
[-0.08503782 -0.00012305  0.07618361]
[-0.08341619  0.00493511  0.07790782]
[-0.08055513  0.01421316  0.08103033]
[-0.0773421   0.01983151  0.08232617]
[-0.07002395  0.03094778  0.0850421 ]
[-0.06687303  0.03591135  0.08684888]
[-0.06349732  0.04728236  0.08959942]
[-0.06033344  0.05307345  0.09056374]
[-0.04725251  0.07313992  0.08340576]
[-0.03903242  0.0873089   0.07514015]
[-0.03777755  0.09455875  0.0718606 ]
[-0.03802315  0.10273581  0.06732168]
[-0.03651783  0.11169689  0.06193114]
[-0.03441899  0.12053074  0.05636181]
[-0.02848522  0.13788573  0.04268857]
[-0.02493876  0.14475209  0.0375907 ]
[-0.02100875  0.15083663  0.03226558]
[-0.01694491  0.15663001  0.02742333]
[-0.00708211  0.16620155  0.01529224]
[-0.00372882  0.16952324  0.00954087]
[-0.0013809   0.17134477  0.00469079]
[-6.74241781e-04  1.73260421e-01 -1.17653981e-05]
[-0.00071118  0.17460784 -0.00487148]
[-0.00211921  0.17463998 -0.01481089]
[-0.00302539  0.16981626 -0.02283021]
[-0.00372782  0.16736466 -0.0264553 ]
[-0.00496369  0.16577376 -0.0308212 ]
[-0.01008492  0.16379523 -0.0350492 ]
[-0.01548191  0.16054909 -0.03649756]
[-0.01671744  0.15663785 -0.0381333 ]
[-0.01931747  0.14900893 -0.03742383]
[-0.02538647  0.14505196 -0.03980352]
[-0.02895706  0.14316666 -0.04127248]
[-0.03320828  0.14133799 -0.04356584]
[-0.03688225  0.13908687 -0.04583586]
[-0.04404632  0.13499655 -0.04948475]
[-0.04705663  0.13344459 -0.04993051]
[-0.05122787  0.13029248 -0.05066818]
[-0.05351965  0.1283882  -0.05168048]
[-0.05529877  0.1239758  -0.05381635]
[-0.05615325  0.12024258 -0.05343433]
[-0.05535578  0.11884457 -0.05287003]
[-0.05608272  0.11832348 -0.05303805]
[-0.05611318  0.11816468 -0.05530301]
[-0.05213211  0.11554649 -0.05417326]
[-0.05213211  0.11554649 -0.05417326]
[-0.04861578  0.11430211 -0.05391198]
[-0.03992511  0.1104858  -0.05395383]
[-0.03535848  0.10769119 -0.05436976]
[-0.03162308  0.10428856 -0.05419369]
[-0.03031939  0.10177428 -0.05348924]
[-0.02972513  0.09991366 -0.05400153]
[-0.02874226  0.09904716 -0.05441853]
[-0.02807103  0.10231511 -0.06069755]
[-0.03184852  0.11096079 -0.07022311]
[-0.03570871  0.11582027 -0.07229177]
[-0.03998192  0.12349201 -0.07431655]
[-0.04304627  0.12634179 -0.07565004]
[-0.04595446  0.12873143 -0.07767269]
[-0.04820056  0.1306649  -0.07821812]
[-0.05070508  0.13248952 -0.07728452]
[-0.05228005  0.13438621 -0.07517729]
[-0.0567281   0.13703637 -0.06908252]
[-0.06094252  0.13789359 -0.06659171]
[-0.06839152  0.13839078 -0.06231859]
[-0.07012554  0.1383795  -0.05985117]
[-0.06997923  0.13887374 -0.05408985]
[-0.07078056  0.13974467 -0.05095718]
[-0.0730142   0.14126301 -0.04943578]
[-0.0750307   0.14236738 -0.04772916]
[-0.07942242  0.14410783 -0.04575133]
[-0.08131151  0.14475353 -0.0442103 ]
[-0.08220322  0.14722101 -0.04103757]
[-0.08220322  0.14722101 -0.04103757]
[-0.08159443  0.14779288 -0.03802435]
[-0.08087547  0.14649506 -0.03183951]
[-0.08087547  0.14649506 -0.03183951]
[-0.08185827  0.14639473 -0.02988236]
[-0.08301309  0.1469488  -0.0278353 ]
[-0.08451184  0.14999256 -0.0208957 ]
[-0.08516228  0.15243921 -0.01631351]
[-0.08647376  0.15515204 -0.01168447]
[-0.08903855  0.16107549 -0.00145042]
[-0.08903855  0.16107549 -0.00145042]
[-0.09084844  0.16509189  0.00706235]
[-0.0921525   0.16849914  0.01323947]
[-0.09221216  0.1700682   0.01542208]
[-0.09211638  0.17202017  0.02039841]
[-0.09272123  0.17249867  0.02641424]
[-0.09320857  0.17268984  0.02968217]
[-0.09348544  0.17285664  0.03326995]
[-0.09369664  0.17315741  0.03658838]
[-0.09318497  0.17280425  0.04197037]
[-0.0925952   0.17137951  0.0434793 ]
[-0.09304026  0.16919293  0.04018757]
[-0.09289894  0.16777873  0.03575575]
[-0.09285943  0.16622734  0.02887813]
[-0.09257135  0.16233172  0.01866055]
[-0.09077474  0.15341219 -0.00944195]
[-0.09245439  0.14973912 -0.02325406]
[-0.09455766  0.14602779 -0.03880627]
[-0.09250403  0.14325161 -0.05742996]
[-0.08972217  0.14161156 -0.0765426 ]
[-0.08414697  0.1353243  -0.11102875]
[-0.07920332  0.13275117 -0.12917796]
[-0.07651657  0.13175936 -0.1479737 ]
[-0.07501784  0.13069294 -0.16387904]
[-0.07346457  0.12872641 -0.19095168]
[-0.07274707  0.12736031 -0.20579965]
[-0.07261001  0.12631334 -0.21867026]
[-0.07265759  0.12531751 -0.23045368]
[-0.07335425  0.12359124 -0.23984343]
[-0.07609883  0.11838066 -0.26070604]
[-0.07575566  0.11542109 -0.26918164]
[-0.07502828  0.11214624 -0.28463501]
[-0.07494006  0.10780121 -0.29464522]
[-0.07537589  0.10277922 -0.30090576]
[-0.07535949  0.10002545 -0.30248544]
[-0.07507598  0.09711622 -0.30405349]
[-0.07486797  0.09436575 -0.30514407]
[-0.07435746  0.09224242 -0.30611506]
[-0.0667284   0.08559602 -0.30926844]
[-0.05985755  0.08018797 -0.31218794]
[-0.05068275  0.07566895 -0.31428394]
[-0.04725622  0.07191885 -0.31313738]
[-0.04688835  0.06750249 -0.30726936]
[-0.05436585  0.05721626 -0.28232789]
[-0.05377039  0.05259807 -0.26791844]
[-0.05320881  0.04707589 -0.24913706]
[-0.0605486   0.02897462 -0.20345721]
[-0.06667144  0.00746668 -0.16269299]
[-0.06530354 -0.00048675 -0.14756237]
[-0.06217412 -0.01052816 -0.13248011]
[-0.05812398 -0.02237483 -0.11449245]
[-0.05035675 -0.05239811 -0.06508271]
[-0.0472632  -0.06075589 -0.05070609]
[-0.04432856 -0.0698445  -0.03350901]
[-0.04874149 -0.08694573 -0.00538788]
[-0.04913175 -0.09459911  0.00536864]
[-0.04291868 -0.1068608   0.02014616]
[-0.04291868 -0.1068608   0.02014616]
[-0.03902934 -0.11247786  0.02587391]
[-0.02508742 -0.14012612  0.04653998]
[-0.02508742 -0.14012612  0.04653998]
[-0.01974725 -0.15090223  0.05660548]
[-0.01465177 -0.15985093  0.0670511 ]
[-0.00696234 -0.17546754  0.09000316]
[-0.0004625  -0.18831943  0.10804003]
[ 0.00258852 -0.193966    0.1150282 ]
[ 0.00590084 -0.20650126  0.12694038]
[ 0.00534325 -0.20940372  0.12981735]
[ 0.00489151 -0.2116562   0.13371609]
[ 0.00557349 -0.21424237  0.14186266]
[ 0.0084786  -0.21543372  0.14546496]
[ 0.00714768 -0.2158965   0.14758071]
[ 0.00260826 -0.21575624  0.15299374]
[ 0.00419468 -0.21629547  0.15507843]
[ 0.01287482 -0.21454254  0.15576153]
[ 0.0167403  -0.2130878   0.15671656]
[ 0.01840045 -0.20914645  0.15853113]
[ 0.01989453 -0.20767686  0.15877365]
[ 0.02312232 -0.20359981  0.16114166]
[ 0.02312232 -0.20359981  0.16114166]
[ 0.02368393 -0.20253535  0.16189843]
[ 0.02583331 -0.20097533  0.16108496]
[ 0.02695971 -0.20048119  0.16114791]
[ 0.02800339 -0.20046458  0.16135295]
[ 0.02869598 -0.20149672  0.16199701]
[ 0.02926182 -0.20205699  0.16148317]
[ 0.02887786 -0.20143048  0.16087759]
[ 0.0273937  -0.19999738  0.15932283]
[ 0.02359322 -0.19855887  0.155918  ]
[ 0.00918024 -0.19298197  0.14334686]
[ 0.00579379 -0.19031115  0.14096761]
[ 0.00304664 -0.18796203  0.14005861]
[ 4.59313393e-05 -1.85681194e-01  1.39777705e-01]
[-0.00315281 -0.18330011  0.13945194]
[-0.01389735 -0.17618525  0.1379474 ]
[-0.02195963 -0.17204314  0.13564916]
[-0.04584956 -0.16172299  0.12694326]
[-0.0600609  -0.15449579  0.12206163]
[-0.06746407 -0.15131201  0.12021428]
[-0.07390224 -0.1488713   0.11921478]
[-0.08878555 -0.1459486   0.11683939]
[-0.10263233 -0.14579742  0.11617626]
[-0.11505882 -0.14804499  0.115539  ]
[-0.12307569 -0.1499335   0.11440454]
[-0.13930586 -0.15345387  0.10998913]
[-0.15829852 -0.15837386  0.10602187]
[-0.16549462 -0.16156422  0.10422753]
[-0.17309994 -0.16526507  0.10013122]
[-0.19259327 -0.1728206   0.08661836]
[-0.21182363 -0.17808336  0.07156553]
[-0.22481003 -0.18178789  0.05930766]
[-0.22958563 -0.18293084  0.05440312]
[-0.23398713 -0.18350269  0.05020204]
[-0.24151725 -0.18396635  0.04352624]
[-0.2465836  -0.18109339  0.03814527]
[-0.24711245 -0.17699078  0.03545303]
[-0.24665472 -0.17057146  0.03185841]
[-0.24362482 -0.15718579  0.02355118]
[-0.24028134 -0.15090504  0.01967975]
[-0.23442002 -0.14389038  0.01622929]
[-0.22113256 -0.12948729  0.01004336]
[-0.21079202 -0.11303837  0.00130096]
[-0.20400077 -0.09317768 -0.00694022]
[-0.20092975 -0.08215391 -0.01051554]
[-0.19315652 -0.05822096 -0.02032394]
[-0.18881402 -0.04672649 -0.02548438]
[-0.18380441 -0.03532586 -0.02945204]
[-0.18066117 -0.02515285 -0.03138595]
[-0.17144093 -0.00425556 -0.0331489 ]
[-0.15944981  0.01622527 -0.03591863]
[-0.155278    0.02614283 -0.03837285]
[-0.14844211  0.04659082 -0.04233671]
[-0.14690144  0.05715434 -0.04453434]
[-0.14600171  0.06742875 -0.0464936 ]
[-0.14441875  0.08747575 -0.04914481]
[-0.1389502   0.10761862 -0.05053002]
[-0.13305479  0.13006426 -0.05174822]
[-0.12889361  0.14949393 -0.05351473]
[-0.12577527  0.15812385 -0.0546601 ]
[-0.12230841  0.16541991 -0.05547896]
[-0.11319515  0.18070096 -0.0570719 ]
[-0.10784142  0.18831322 -0.05627749]
[-0.1032649   0.19615877 -0.0555433 ]
[-0.09899622  0.2039524  -0.05469177]
[-0.09532828  0.21193944 -0.0542978 ]
[-0.087426    0.22754715 -0.0552803 ]
[-0.08428172  0.23399852 -0.05572161]
[-0.08089765  0.23986787 -0.05506703]
[-0.07419012  0.24846752 -0.05291092]
[-0.06964567  0.2519024  -0.05149589]
[-0.06614688  0.25436741 -0.04992076]
[-0.0623826   0.25691652 -0.04794661]
[-0.05846898  0.25950167 -0.0447541 ]
[-0.05549345  0.26262999 -0.0414033 ]
[-0.04916732  0.27773207 -0.03467334]
[-0.04916732  0.27773207 -0.03467334]
[-0.04753006  0.28217176 -0.03228313]
[-0.04570252  0.2851952  -0.02842276]
[-0.04418001  0.28739405 -0.02324434]
[-0.04335451  0.288479   -0.02138095]
[-0.04308832  0.2904844  -0.02073456]
[-0.04245228  0.29342669 -0.01996413]
[-0.04066068  0.29968181 -0.01898002]
[-0.03927015  0.30219629 -0.01829912]
[-0.03691064  0.30345872 -0.01750045]
[-0.03369817  0.3033334  -0.01580382]
[-0.03126452  0.30254298 -0.01489892]
[-0.02758321  0.30112171 -0.0158405 ]
[-0.02805812  0.30110002 -0.01758381]
[-0.02965412  0.30054474 -0.01947649]
[-0.03641417  0.29559353 -0.02256375]
[-0.04360785  0.28680113 -0.02415004]
[-0.04648286  0.28118253 -0.02557662]
[-0.04847299  0.27629519 -0.02682226]
[-0.04962386  0.27136379 -0.0292772 ]
[-0.05221599  0.2641851  -0.03516816]
[-0.05340335  0.26169452 -0.03923643]
[-0.05617464  0.25689256 -0.04705996]
[-0.0575794   0.25430834 -0.04996397]
[-0.05947945  0.25133979 -0.05290985]
[-0.06381674  0.24369983 -0.05981953]
[-0.06678084  0.23836254 -0.06370122]
[-0.06864074  0.23284777 -0.06662822]
[-0.07079527  0.22692917 -0.06875916]
[-0.0727223   0.22051257 -0.07007555]
[-0.07905548  0.19691628 -0.06979378]
[-0.07872032  0.18770325 -0.06833806]
[-0.07621377  0.17785345 -0.06651521]
[-0.07046611  0.16035897 -0.06366133]
[-0.06772385  0.15236904 -0.06175298]
[-0.06694186  0.1444685  -0.06004112]
[-0.0664492   0.12890376 -0.05857825]
[-0.0664492   0.12890376 -0.05857825]
[-0.06750531  0.11382058 -0.05994887]
[-0.0696657   0.10085233 -0.06179691]
[-0.0696657   0.10085233 -0.06179691]
[-0.07058334  0.09527402 -0.06186555]
[-0.07105103  0.08981758 -0.06154437]
[-0.07122578  0.07742684 -0.06133768]
[-0.06987389  0.06266467 -0.06094803]
[-0.06901448  0.04813782 -0.06047382]
[-0.06772725  0.0415776  -0.05970864]
[-0.06645885  0.03539721 -0.05964255]
[-0.06386425  0.02584119 -0.06177717]
[-0.06063163  0.02186226 -0.06529889]
[-0.05469194  0.0075265  -0.07379358]
[-0.05469194  0.0075265  -0.07379358]
[-0.05308239  0.00090718 -0.07541196]
[-0.05225624 -0.00539533 -0.07514112]
[-0.05225624 -0.00539533 -0.07514112]
[-0.04842927 -0.0110438  -0.07502992]
[-0.04412774 -0.01433987 -0.07433799]
[-0.04214434 -0.01582731 -0.07336164]
[-0.03490348 -0.0192235  -0.07317683]
[-0.03490348 -0.0192235  -0.07317683]
[-0.0326596  -0.0196506  -0.07312042]
[-0.02562722 -0.02294744 -0.07357859]
[-0.02562722 -0.02294744 -0.07357859]
[-0.02366034 -0.02406373 -0.07332164]
[-0.02221575 -0.02488736 -0.07267787]
[-0.01728047 -0.02562608 -0.07196751]
[-0.01218569 -0.02564541 -0.07133703]
[-0.01092187 -0.02510665 -0.07037935]
[-0.01060737 -0.02422409 -0.06917506]
[-0.01051774 -0.02130968 -0.0666342 ]
[-0.00879688 -0.01708778 -0.06310719]
[-0.00769069 -0.01422092 -0.0611673 ]
[-0.00841757 -0.01077515 -0.0588613 ]
[-0.01219065 -0.00309538 -0.05546695]
[-0.01582278  0.00209573 -0.05367602]
[-0.01971559  0.00776432 -0.05150713]
[-0.02868642  0.02179534 -0.04938693]
[-0.0395321   0.04742493 -0.04912438]
[-0.0395321   0.04742493 -0.04912438]
[-0.04143384  0.05846788 -0.04626382]
[-0.04471033  0.0722729  -0.04263593]
[-0.04951743  0.08676571 -0.03748872]
[-0.05453663  0.10235988 -0.03453927]
[-0.06328392  0.14740524 -0.03249281]
[-0.06328392  0.14740524 -0.03249281]
[-0.06881545  0.17389226 -0.03135711]
[-0.07334842  0.19972484 -0.03111708]
[-0.07334842  0.19972484 -0.03111708]
[-0.07314752  0.21162742 -0.03173894]
[-0.07192741  0.24225645 -0.03338179]
[-0.07111308  0.25031713 -0.03485543]
[-0.06891113  0.27122825 -0.03722496]
[-0.06891113  0.27122825 -0.03722496]
[-0.06941834  0.27837795 -0.03769385]
[-0.07321908  0.30025393 -0.04194975]
[-0.07321908  0.30025393 -0.04194975]
[-0.07437003  0.30698156 -0.04292306]
[-0.07534738  0.32141468 -0.04477556]
[-0.07575298  0.32442477 -0.04648355]
[-0.0751858   0.32668066 -0.04791269]
[-0.0745694   0.32927763 -0.04974124]
[-0.07562655  0.33698618 -0.05363576]
[-0.07730819  0.34372717 -0.05642431]
[-0.08038329  0.35153273 -0.05866265]
[-0.08290623  0.35920691 -0.06092691]
[-0.08561986  0.37370276 -0.06464393]
[-0.08548261  0.38020107 -0.06662746]
[-0.08459255  0.39016831 -0.07023126]
[-0.08451419  0.39435428 -0.07148441]
[-0.0859573   0.40038899 -0.07416185]
[-0.08597317  0.40286219 -0.07494337]
[-0.08600307  0.40431401 -0.07586841]
[-0.08494225  0.40549335 -0.07545488]
[-0.08407059  0.40565926 -0.07519694]
[-0.08369442  0.40340725 -0.07423255]
[-0.08501033  0.40161219 -0.07400919]
[-0.08668191  0.40009597 -0.07386962]
[-0.08875076  0.39859107 -0.07384167]
[-0.09027267  0.39674303 -0.07403255]
[-0.09198281  0.39124274 -0.07348733]
[-0.09192689  0.38755164 -0.07259641]
[-0.092108    0.38309315 -0.07177929]
[-0.09067221  0.37149283 -0.07195429]
[-0.09244087  0.35755083 -0.07324991]
[-0.09816148  0.34439191 -0.07176732]
[-0.09816148  0.34439191 -0.07176732]
[-0.10139934  0.33522713 -0.07020226]
[-0.10355519  0.33088332 -0.07008152]
[-0.10682166  0.32555372 -0.06979501]
[-0.11437366  0.31411266 -0.06962057]
[-0.118806    0.30796188 -0.06886456]
[-0.13396658  0.29358831 -0.0673793 ]
[-0.14536899  0.28531289 -0.06225028]
[-0.16483379  0.26777524 -0.04924089]
[-0.16483379  0.26777524 -0.04924089]
[-0.17068977  0.26077095 -0.04445518]
[-0.18318465  0.24309    -0.03822726]
[-0.18690714  0.23883131 -0.03789695]
[-0.19081048  0.23489983 -0.0378091 ]
[-0.19769722  0.22749333 -0.03865233]
[-0.20028683  0.22296053 -0.03907548]
[-0.20312442  0.213773   -0.03976743]
[-0.20454886  0.20910262 -0.04097901]
[-0.20833755  0.20130748 -0.04386847]
[-0.21078202  0.1973722  -0.04586757]
[-0.21745527  0.18878977 -0.05099997]
[-0.2236124   0.17949468 -0.05593579]
[-0.22644889  0.16922553 -0.06083111]
[-0.22633647  0.15801731 -0.06729579]
[-0.22595927  0.13777268 -0.07569079]
[-0.22600631  0.12915252 -0.07779689]
[-0.22454783  0.11310039 -0.08008341]
[-0.22452022  0.09880093 -0.08002709]
[-0.22411906  0.09209115 -0.07855675]
[-0.22240857  0.08642063 -0.07620045]
[-0.21596147  0.07740103 -0.07148962]
[-0.21423382  0.06686615 -0.06914216]
[-0.21092298  0.05291925 -0.06774881]
[-0.20621057  0.04462782 -0.06559736]
[-0.20238771  0.03557424 -0.06207381]
[-0.19861152  0.01745473 -0.056972  ]
[-0.19896292  0.00997823 -0.0543852 ]
[-0.19896027  0.00310381 -0.05147497]
[-0.19916148 -0.00297585 -0.04917323]
[-0.19822509 -0.01339476 -0.04732765]
[-0.19795715 -0.01923986 -0.04782373]
[-0.19548322 -0.02494826 -0.04832071]
[-0.19057366 -0.0307306  -0.04770334]
[-0.18343459 -0.03584825 -0.04677673]
[-0.16940742 -0.04460548 -0.04377252]
[-0.16414353 -0.04893473 -0.04324206]
[-0.1535594  -0.05700604 -0.04632009]
[-0.13891083 -0.06543891 -0.04482302]
[-0.13891083 -0.06543891 -0.04482302]
[-0.13429502 -0.06794376 -0.04288912]
[-0.13007689 -0.07026364 -0.04198445]
[-0.12037991 -0.07460129 -0.04159908]
[-0.11498086 -0.07718792 -0.0408083 ]
[-0.10992606 -0.08048072 -0.03978046]
[-0.10493666 -0.08421506 -0.03886802]
[-0.10083705 -0.08800481 -0.03805218]
[-0.0966566  -0.09137452 -0.0377272 ]
[-0.08858187 -0.09877195 -0.0387506 ]
[-0.08442772 -0.10322831 -0.0392595 ]
[-0.08108752 -0.10739736 -0.04007553]
[-0.07750085 -0.11204059 -0.04053052]
[-0.06782831 -0.117863   -0.03984081]
[-0.0573316  -0.12167432 -0.038759  ]
[-0.05256339 -0.12381323 -0.03846044]
[-0.04442709 -0.12835033 -0.03825131]
[-0.04097034 -0.1311401  -0.03834606]
[-0.03685744 -0.13422839 -0.03852325]
[-0.03288539 -0.13761826 -0.03843186]
[-0.02908409 -0.14156577 -0.03836736]
[-0.024373   -0.14871484 -0.03854988]
[-0.02268017 -0.1521959  -0.03885186]
[-0.02155534 -0.15521537 -0.03941754]
[-0.01998756 -0.15757672 -0.03943931]
[-0.01877526 -0.16010569 -0.0392787 ]
[-0.02025258 -0.16272947 -0.03982565]
[-0.02282349 -0.16362189 -0.0397671 ]
[-0.02916947 -0.16379073 -0.04095982]
[-0.03190532 -0.16504681 -0.04211903]
[-0.04061779 -0.17119376 -0.04551018]
[-0.04061779 -0.17119376 -0.04551018]
[-0.04266066 -0.1731661  -0.04580927]
[-0.04382483 -0.17566414 -0.04580611]
[-0.04630318 -0.18107046 -0.04705028]
[-0.04802235 -0.18356097 -0.04751306]
[-0.05539806 -0.19133708 -0.04428522]
[-0.05839466 -0.19347769 -0.04258742]
[-0.06682611 -0.19548832 -0.03854154]
[-0.07048659 -0.19614531 -0.03457478]
[-0.0733785  -0.19546479 -0.02880273]
[-0.07723418 -0.19347164 -0.01876853]
[-0.08461309 -0.18426509 -0.00588012]
[-0.08461309 -0.18426509 -0.00588012]
[-0.0879163  -0.18148535 -0.0006579 ]
[-0.09527099 -0.17715845  0.01016571]
[-0.09800844 -0.17526199  0.01473703]
[-0.10094869 -0.17262496  0.01905327]
[-0.10695164 -0.16545728  0.02588271]
[-0.10951293 -0.16125682  0.02793716]
[-0.11205855 -0.15711597  0.02946206]
[-0.11439741 -0.15323994  0.03052334]
[-0.11629085 -0.14877819  0.03092863]
[-0.11849429 -0.14418308  0.03203947]
[-0.12318971 -0.13395949  0.03337805]
[-0.1253538  -0.12895529  0.03406467]
[-0.12722308 -0.12299503  0.03465692]
[-0.13080775 -0.11220596  0.03584838]
[-0.13351281 -0.10619911  0.03632794]
[-0.1409008  -0.08786381  0.03517967]
[-0.14838337 -0.06681318  0.03479676]
[-0.1532028  -0.04576091  0.03326777]
[-0.15645875 -0.02567898  0.0354457 ]
[-0.15630296 -0.00516396  0.0357772 ]
[-0.15595412  0.00192033  0.03616792]
[-0.1586365   0.01615904  0.03786086]
[-0.16084768  0.02308929  0.03721469]
[-0.1660836   0.03865537  0.03451413]
[-0.16826194  0.04726889  0.03431851]
[-0.17232276  0.07066383  0.036913  ]
[-0.17232276  0.07066383  0.036913  ]
[-0.17177913  0.08530945  0.04093122]
[-0.1720918   0.09876096  0.04340095]
[-0.17134769  0.10631993  0.04538225]
[-0.1720236   0.11229628  0.04719567]
[-0.16952328  0.12680086  0.04625348]
[-0.16348015  0.14216764  0.04186508]
[-0.15499563  0.15488732  0.03542417]
[-0.15499563  0.15488732  0.03542417]
[-0.14259477  0.16544928  0.02153249]
[-0.13781169  0.16934328  0.01605451]
[-0.13363193  0.17208681  0.01149076]
[-0.12697063  0.17895406  0.00073002]
[-0.12697063  0.17895406  0.00073002]
[-0.12402511  0.18229684 -0.00381691]
[-0.11001258  0.1986942  -0.0152507 ]
[-0.11001258  0.1986942  -0.0152507 ]
[-0.10358663  0.20405431 -0.02072489]
[-0.09665154  0.20835522 -0.02756283]
[-0.08511813  0.21524717 -0.03966475]
[-0.07870818  0.21694499 -0.04464665]
[-0.07287187  0.21730818 -0.04937417]
[-0.06551773  0.21551315 -0.05868952]
[-0.06551773  0.21551315 -0.05868952]
[-0.06352823  0.21386525 -0.06335347]
[-0.05727207  0.21080804 -0.07471098]
[-0.04915922  0.20654643 -0.08378727]
[-0.04143424  0.19857185 -0.0907317 ]
[-0.04143424  0.19857185 -0.0907317 ]
[-0.03824803  0.19604506 -0.09198009]
[-0.03462727  0.19332553 -0.092712  ]
[-0.02306054  0.18541948 -0.09557432]
[-0.01758541  0.18068767 -0.09861521]
[-0.00775785  0.17174529 -0.10419003]
[-0.00353322  0.16729517 -0.10627089]
[ 0.0010125   0.16254362 -0.10789836]
[ 0.005297    0.15687054 -0.10927096]
[ 0.01267246  0.14614114 -0.10930623]
[ 0.01545302  0.14142238 -0.11016627]
[ 0.01765043  0.13656916 -0.11161512]
[ 0.01844462  0.13146412 -0.11382682]
[ 0.01735396  0.12160075 -0.11910738]
[ 0.01703971  0.11715215 -0.12158813]
[ 0.0171259   0.11355007 -0.12367421]
[ 0.01630562  0.10984316 -0.12608141]
[ 0.01365479  0.10244422 -0.12954718]
[ 0.00944235  0.09399636 -0.13231491]
[ 0.00388736  0.0846933  -0.13504305]
[-0.00301602  0.0760031  -0.13832135]
[-0.01205845  0.06360292 -0.14191595]
[-0.01484049  0.05890106 -0.14242123]
[-0.02281342  0.04827566 -0.14600079]
[-0.02604824  0.04237514 -0.14864254]
[-0.0285136   0.03644458 -0.15177013]
[-0.03281487  0.02452156 -0.16030304]
[-0.0340032   0.02101985 -0.16714655]
[-0.04023662  0.01651262 -0.18760477]
[-0.04023662  0.01651262 -0.18760477]
[-0.04791422  0.00857396 -0.19850369]
[-0.05853769 -0.00141514 -0.20610064]
[-0.05853769 -0.00141514 -0.20610064]
[-0.0633824  -0.00692906 -0.20824668]
[-0.07010494 -0.01310625 -0.20914026]
[-0.08342457 -0.02511853 -0.2080659 ]
[-0.08982203 -0.03046219 -0.20588009]
[-0.10150708 -0.04008523 -0.2025432 ]
[-0.10542405 -0.04459134 -0.20022379]
[-0.11074528 -0.05231726 -0.19441687]
[-0.11151706 -0.05594372 -0.19035052]
[-0.11244769 -0.05970955 -0.18584803]
[-0.11481639 -0.06364573 -0.18016475]
[-0.11800859 -0.06786826 -0.174153  ]
[-0.12327031 -0.0753988  -0.16436125]
[-0.12375338 -0.08393716 -0.1508614 ]
[-0.12375338 -0.08393716 -0.1508614 ]
[-0.12269802 -0.08814141 -0.14177507]
[-0.12164623 -0.09281012 -0.13056344]
[-0.12062259 -0.1087736  -0.0960964 ]
[-0.11861371 -0.11339609 -0.08416627]
[-0.11268423 -0.11775114 -0.06240371]
[-0.11268423 -0.11775114 -0.06240371]
[-0.10387841 -0.11896197 -0.03835734]
[-0.10126907 -0.1191415  -0.02914389]
[-0.09894888 -0.11948079 -0.02136195]
[-0.09298175 -0.11939247 -0.00631897]
[-0.08850663 -0.11794785  0.00112245]
[-0.07491996 -0.11241227  0.01993893]
[-0.07491996 -0.11241227  0.01993893]
[-0.07128682 -0.11090123  0.02439288]
[-0.06375649 -0.10639071  0.03815535]
[-0.0615743  -0.10526681  0.0432171 ]
[-0.05932886 -0.10460838  0.04768093]
[-0.05719204 -0.10394748  0.05174938]
[-0.0533194  -0.10203764  0.05915187]
[-0.0465522  -0.09817351  0.07111845]
[-0.0465522  -0.09817351  0.07111845]
[-0.04183141 -0.09628654  0.07760725]
[-0.03926222 -0.09528213  0.0801008 ]
[-0.03652331 -0.09315182  0.08237632]
[-0.03236475 -0.08660186  0.08659269]
[-0.03236475 -0.08660186  0.08659269]
[-0.03142343 -0.08270209  0.08766147]
[-0.02881881 -0.0711535   0.08941254]
[-0.02881881 -0.0711535   0.08941254]
[-0.02771834 -0.06674259  0.08970512]
[-0.0267866  -0.06166182  0.08987734]
[-0.01657372 -0.04256133  0.08605485]
[-0.01657372 -0.04256133  0.08605485]
[-0.01011387 -0.03631217  0.08262658]
[ 0.00017775 -0.02497418  0.07777441]
[ 0.00297392 -0.01973389  0.07722158]
[ 0.00596487 -0.00869726  0.07426064]
[ 0.00596487 -0.00869726  0.07426064]
[ 0.00705709 -0.00459929  0.06823523]
[ 0.00818648 -0.00238715  0.0635536 ]
[ 0.00818648 -0.00238715  0.0635536 ]
[ 0.00914792 -0.00144856  0.06172067]
[ 0.01049336 -0.00059385  0.06141241]
[0.01496941 0.00174407 0.0628531 ]
[0.01686325 0.00256934 0.06457461]
[0.01839537 0.00368816 0.06600948]
[0.01873565 0.00500431 0.06740303]
[0.01838981 0.00642056 0.06947756]
[0.01455527 0.01178005 0.07496032]
[0.0104608  0.01676445 0.08102646]
[0.0104608  0.01676445 0.08102646]
[0.00973078 0.01768371 0.08547051]
[0.00990545 0.01808912 0.0895546 ]
[0.01039343 0.01895604 0.10042991]
[0.0105715  0.02050777 0.10801003]
[0.01054703 0.02181064 0.11850668]
[0.01130485 0.02299231 0.14121133]
[0.01130485 0.02299231 0.14121133]
[0.0118218  0.02275863 0.15139852]
[0.01034034 0.02346172 0.17123023]
[0.01034034 0.02346172 0.17123023]
[0.00962277 0.02404921 0.17478895]
[0.00663449 0.02777399 0.18036045]
[0.00663449 0.02777399 0.18036045]
[0.00343931 0.03059741 0.18050033]
[-0.00093781  0.03355813  0.18016763]
[-0.00931802  0.04094738  0.18005966]
[-0.00931802  0.04094738  0.18005966]
[-0.0156697   0.04996154  0.17981121]
[-0.01964488  0.05901796  0.17655595]
[-0.01964488  0.05901796  0.17655595]
[-0.02088937  0.06336027  0.17415348]
[-0.02526193  0.07604279  0.16911453]
[-0.02593196  0.0798291   0.16748808]
[-0.02603872  0.08345889  0.16488616]
[-0.02711955  0.08728201  0.16043399]
[-0.02802355  0.0965026   0.14711441]
[-0.03057908  0.11015415  0.13139838]
[-0.03373456  0.11831298  0.12371839]
[-0.04096685  0.1349051   0.10923056]
[-0.04309708  0.14157706  0.10226569]
[-0.04666724  0.15387869  0.08840341]
[-0.0483904   0.15912378  0.08046256]
[-0.05322363  0.16964512  0.06394056]
[-0.0551022   0.18123095  0.04653889]
[-0.05505881  0.19328152  0.0299312 ]
[-0.05505881  0.19328152  0.0299312 ]
[-0.05411698  0.19939604  0.02188121]
[-0.05067082  0.21087869  0.00793545]
[-0.04926785  0.21550381  0.00160348]
[-0.04849118  0.22034311 -0.00502255]
[-0.04505731  0.23047334 -0.02005368]
[-0.04267581  0.23508942 -0.02978547]
[-0.03880144  0.23847009 -0.03955959]
[-0.03339642  0.24234697 -0.05755363]
[-0.03027316  0.24306999 -0.06591892]
[-0.02500563  0.24051243 -0.08327647]
[-0.02500563  0.24051243 -0.08327647]
[-0.02456265  0.23941784 -0.08775536]
[-0.02463     0.23894864 -0.09168723]
[-0.02395142  0.24193731 -0.10455201]
[-0.02395142  0.24193731 -0.10455201]
[-0.02425825  0.24284308 -0.10652613]
[-0.02567329  0.24357256 -0.10939167]
[-0.02625334  0.24346255 -0.10985426]
[-0.02736353  0.24198246 -0.10897911]
[-0.02862532  0.23996788 -0.10562424]
[-0.02932657  0.23878297 -0.10425094]
[-0.031345    0.23718737 -0.10321174]
[-0.03816856  0.23569053 -0.10100214]
[-0.03935294  0.23455977 -0.09990401]
[-0.0358396   0.22986254 -0.10221571]
[-0.03381747  0.22551362 -0.10446395]
[-0.03078593  0.21944682 -0.10424062]
[-0.03078593  0.21944682 -0.10424062]
[-0.02908448  0.21607824 -0.10367636]
[-0.02821487  0.20515248 -0.10554297]
[-0.02821487  0.20515248 -0.10554297]
[-0.02949434  0.19998582 -0.10764479]
[-0.03144274  0.19425862 -0.10931958]
[-0.03507066  0.1817898  -0.10937823]
[-0.03890313  0.17582095 -0.1094753 ]
[-0.04318237  0.17035921 -0.11023727]
[-0.05399487  0.16158575 -0.11582942]
[-0.06170303  0.15785231 -0.11954889]
[-0.09175448  0.14494629 -0.12306499]
[-0.09175448  0.14494629 -0.12306499]
[-0.10364993  0.13932958 -0.12334888]
[-0.11443167  0.13287029 -0.12383515]
[-0.13422441  0.11979628 -0.12402399]
[-0.14243006  0.11306314 -0.12312509]
[-0.14963571  0.10754397 -0.12376826]
[-0.15553953  0.10185863 -0.12492247]
[-0.16138883  0.09543041 -0.12607457]
[-0.16782463  0.08789057 -0.12688327]
[-0.18744837  0.06451283 -0.12179013]
[-0.19142627  0.05679056 -0.11889835]
[-0.19605185  0.04888601 -0.11438975]
[-0.20495349  0.03380705 -0.10213385]
[-0.20931785  0.02814158 -0.09619538]
[-0.21402586  0.02229773 -0.09018675]
[-0.22258873  0.01166869 -0.08301574]
[-0.22258873  0.01166869 -0.08301574]
[-0.22734191  0.0060005  -0.07996658]
[-0.23625028 -0.01034797 -0.06943052]
[-0.23772423 -0.01501726 -0.06545294]
[-0.23889715 -0.02863882 -0.05294946]
[-0.23918925 -0.032961   -0.04895843]
[-0.24266837 -0.04578182 -0.04222863]
[-0.24363645 -0.05047622 -0.04095861]
[-0.24288537 -0.05947319 -0.0356431 ]
[-0.24113444 -0.06416728 -0.03160828]
[-0.24021721 -0.06844708 -0.02776116]
[-0.2393638  -0.07576085 -0.02074812]
[-0.23950404 -0.07837623 -0.01757286]
[-0.23946104 -0.08076811 -0.01447484]
[-0.23994719 -0.08276961 -0.01212934]
[-0.24061219 -0.08647789 -0.00852636]
[-0.23628754 -0.09160563 -0.00937266]
[-0.23628754 -0.09160563 -0.00937266]
[-0.23288038 -0.0905101  -0.00952168]
[-0.22905121 -0.08873212 -0.00878915]
[-0.231545   -0.09067558 -0.00786057]
[-0.23674157 -0.09498116 -0.00770439]
[-0.24030578 -0.09899224 -0.00772019]
[-0.24571946 -0.10414553 -0.0072214 ]
[-0.24749024 -0.10591008 -0.00732719]
[-0.24708944 -0.11167058 -0.0060579 ]
[-0.24436849 -0.11503049 -0.00448233]
[-0.24147794 -0.11863087 -0.00325317]
[-0.23510709 -0.12747897 -0.00225156]
[-0.23510709 -0.12747897 -0.00225156]
[-0.23048314 -0.13763683  0.00040606]
[-0.22522245 -0.14804864  0.00597288]
[-0.22232406 -0.15229839  0.00955922]
[-0.21877836 -0.15573116  0.01402041]
[-0.21504593 -0.15822525  0.01846401]
[-0.211687   -0.16034615  0.02313676]
[-0.20760355 -0.16599736  0.03046868]
[-0.20568895 -0.17123796  0.03494373]
[-0.20358568 -0.17699821  0.03955356]
[-0.201511   -0.18246619  0.0444139 ]
[-0.19926413 -0.18729052  0.04934764]
[-0.18562386 -0.19839691  0.06579153]
[-0.18562386 -0.19839691  0.06579153]
[-0.17990752 -0.20250945  0.06972429]
[-0.17325994 -0.20686865  0.07359031]
[-0.16342929 -0.21609889  0.08242832]
[-0.15956562 -0.2215718   0.08872861]
[-0.15161647 -0.23492171  0.10310999]
[-0.14764194 -0.24075589  0.10987315]
[-0.13997545 -0.25162652  0.12283342]
[-0.13535106 -0.25749111  0.12870425]
[-0.13035979 -0.26378244  0.1354702 ]
[-0.12393569 -0.27127096  0.14283007]
[-0.10997709 -0.28322932  0.15082453]
[-0.10619136 -0.28780171  0.15447937]
[-0.10323137 -0.29125345  0.15702623]
[-0.10235786 -0.294772    0.16060399]
[-0.10082247 -0.29794309  0.16374137]
[-0.09887459 -0.30118757  0.16610649]
[-0.08826799 -0.30683959  0.16795328]
[-0.08651792 -0.30757746  0.16876252]
[-0.08294102 -0.3081103   0.17097743]
[-0.08245468 -0.30789709  0.17222318]
[-0.07973474 -0.30684283  0.17205669]
[-0.07660492 -0.30502895  0.17137194]
[-0.07298522 -0.3028504   0.17054863]
[-0.06744596 -0.29781973  0.16871266]
[-0.06490118 -0.29255891  0.165316  ]
[-0.0632472  -0.28947547  0.16298594]
[-0.06124353 -0.28641048  0.16047966]
[-0.05804078 -0.27955383  0.15702739]
[-0.05787519 -0.27561721  0.15455873]
[-0.05897188 -0.27115992  0.15124275]
[-0.06031306 -0.26564482  0.14760123]
[-0.06164371 -0.25931153  0.14434722]
[-0.06491432 -0.24490947  0.13696298]
[-0.06891841 -0.22962169  0.12734585]
[-0.07078692 -0.22241981  0.12288985]
[-0.07218082 -0.21500924  0.11849259]
[-0.07372518 -0.2008978   0.10933475]
[-0.07429282 -0.19448088  0.10428782]
[-0.07475311 -0.18721968  0.0984885 ]
[-0.07507564 -0.17984098  0.09253651]
[-0.07580671 -0.16546272  0.081618  ]
[-0.07583371 -0.15773568  0.07590646]
[-0.07495431 -0.13453437  0.05855177]
[-0.07495431 -0.13453437  0.05855177]
[-0.07417023 -0.12082852  0.0469772 ]
[-0.07138883 -0.10732747  0.03715527]
[-0.07138883 -0.10732747  0.03715527]
[-0.07051553 -0.10070625  0.0326691 ]
[-0.07024753 -0.07894772  0.02057894]
[-0.07024753 -0.07894772  0.02057894]
[-0.06990427 -0.07175381  0.01653983]
[-0.07028771 -0.05797506  0.00690041]
[-0.07107006 -0.04572989 -0.00462021]
[-0.07203848 -0.03958108 -0.0099268 ]
[-0.07073818 -0.02978292 -0.01755662]
[-0.07073818 -0.02978292 -0.01755662]
[-0.06834751 -0.02173104 -0.01993292]
[-0.06875685 -0.01674518 -0.02025123]
[-0.07047391 -0.01045981 -0.02181064]
[-0.06317122  0.0038555  -0.02521877]
[-0.06317122  0.0038555  -0.02521877]
[-0.05922419  0.01032082 -0.02501271]
[-0.05142179  0.0191786  -0.01820703]
[-0.04632491  0.02318759 -0.01166166]
[-0.04173077  0.02685833 -0.00500207]
[-0.03699181  0.03639844  0.00617765]
[-0.03642094  0.04114445  0.00968027]
[-0.03635436  0.04608643  0.01181944]
[-0.0353386   0.05052691  0.01297614]
[-0.03344998  0.054676    0.01373178]
[-0.0321038   0.05800504  0.01361714]
[-0.02789313  0.06219534  0.01541624]
[-0.02610958  0.06344062  0.01631485]
[-0.02410358  0.06478267  0.01736964]
[-0.02291104  0.06691203  0.01740231]
[-0.0222346   0.06984596  0.01745942]
[-0.0217868   0.07351165  0.01662043]
[-0.02150118  0.08663184  0.00948867]
[-0.02207124  0.09131701  0.0059312 ]
[-0.02193687  0.10401469 -0.00144567]
[-0.02193687  0.10401469 -0.00144567]
[-0.02100855  0.10760856 -0.00381244]
[-0.02008795  0.11101006 -0.00738825]
[-0.01962092  0.11492298 -0.01146832]
[-0.01828798  0.12514822 -0.0233699 ]
[-0.01759974  0.13038142 -0.03022523]
[-0.01768657  0.1349175  -0.03772394]
[-0.01781687  0.13873826 -0.04437018]
[-0.01777875  0.14227001 -0.05025051]
[-0.01676213  0.14898629 -0.06060187]
[-0.01625998  0.15280502 -0.06629392]
[-0.01673714  0.15975966 -0.07777104]
[-0.01673437  0.16312701 -0.08241142]
[-0.01629334  0.17051764 -0.08971998]
[-0.01529543  0.17537273 -0.09231366]
[-0.01439061  0.18137288 -0.09494603]
[-0.01122033  0.19380935 -0.09906648]
[-0.00945204  0.20529428 -0.10353466]
[-0.00713129  0.21794406 -0.10757078]
[-0.0040514   0.231139   -0.11187396]
[-0.00330749  0.23703212 -0.11455157]
[-0.00290962  0.24215473 -0.11645798]
[-0.00368472  0.2473675  -0.11841425]
[-0.00765907  0.25735918 -0.12220627]
[-0.01015448  0.26230147 -0.12360071]
[-0.01831458  0.27596483 -0.12185222]
[-0.01831458  0.27596483 -0.12185222]
[-0.0218954   0.28050813 -0.1189017 ]
[-0.02843257  0.28845876 -0.11102035]
[-0.03133394  0.29201132 -0.10703302]
[-0.03373421  0.29633221 -0.10139813]
[-0.03552549  0.30050984 -0.09613173]
[-0.03625628  0.30384165 -0.09018941]
[-0.03828007  0.30808675 -0.07808892]
[-0.03933038  0.30828363 -0.07269084]
[-0.04023234  0.30854341 -0.06822398]
[-0.04089561  0.30800298 -0.06376205]
[-0.04282024  0.30866542 -0.05367757]
[-0.04598846  0.31496415 -0.04175287]
[-0.04696165  0.31925175 -0.03525062]
[-0.04947177  0.32299906 -0.03065234]
[-0.05208986  0.32604536 -0.02575588]
[-0.05679164  0.33078879 -0.01855597]
[-0.05804003  0.33262634 -0.01635241]
[-0.06251143  0.33372718 -0.01654845]
[-0.06251143  0.33372718 -0.01654845]
[-0.06510845  0.33326814 -0.01619307]
[-0.06977586  0.33135098 -0.0167248 ]
[-0.07147932  0.32990554 -0.01732291]
[-0.07337127  0.3278783  -0.01907682]
[-0.07421271  0.3259919  -0.02058259]
[-0.07409565  0.32397801 -0.02355   ]
[-0.07304707  0.32303825 -0.02550285]
[-0.07267209  0.32002217 -0.02740685]
[-0.07344933  0.31559747 -0.02955784]
[-0.07396675  0.31076992 -0.03185165]
[-0.07531792  0.30107194 -0.03611489]
[-0.07732085  0.28664383 -0.04335717]
[-0.07775881  0.27846116 -0.04605654]
[-0.07846051  0.26977199 -0.048902  ]
[-0.07824421  0.25506508 -0.05583185]
[-0.08026965  0.24819234 -0.0624546 ]
[-0.0819996   0.24137768 -0.07069883]
[-0.08366819  0.2339236  -0.07777924]
[-0.08414155  0.22578673 -0.08375642]
[-0.08365633  0.21750073 -0.08789349]
[-0.0843228   0.19979361 -0.09357961]
[-0.08670209  0.18292348 -0.09857571]
[-0.08928644  0.17405562 -0.10087427]
[-0.09285334  0.16514325 -0.1017413 ]
[-0.10175235  0.14620179 -0.10383108]
[-0.10846911  0.12787789 -0.10485075]
[-0.11183191  0.11003948 -0.10510956]
[-0.1131887   0.10193823 -0.10541455]
[-0.11430728  0.09451351 -0.10605402]
[-0.11692519  0.08103936 -0.10558244]
[-0.11811943  0.07154011 -0.10349534]
[-0.11706941  0.06056352 -0.10034883]
[-0.11570769  0.0486552  -0.09840906]
[-0.11522333  0.04325643 -0.09816109]
[-0.11534882  0.03499692 -0.09855273]
[-0.11520495  0.03194967 -0.09821953]
[-0.11419987  0.02982551 -0.09832258]
[-0.11280641  0.02726328 -0.09849248]
[-0.10823101  0.02016646 -0.09984013]
[-0.103639    0.01231082 -0.10038782]
[-0.10187153  0.00909969 -0.0992405 ]
[-0.10040825  0.00357275 -0.09509853]
[-0.10012474  0.00047521 -0.09285464]
[-0.09935278 -0.00277125 -0.09091949]
[-0.0965986  -0.00954042 -0.0880605 ]
[-0.0965986  -0.00954042 -0.0880605 ]
[-0.09525833 -0.01272315 -0.08717445]
[-0.09338397 -0.0208509  -0.08501038]
[-0.09249201 -0.02514837 -0.08330455]
[-0.09186065 -0.02907054 -0.08210921]
[-0.09150974 -0.03656844 -0.07949799]
[-0.0919114  -0.04012642 -0.07893219]
[-0.09261004 -0.04346635 -0.07836559]
[-0.09320976 -0.04605446 -0.07804021]
[-0.09361006 -0.04842674 -0.0771527 ]
[-0.09413758 -0.05323205 -0.07422161]
[-0.09418357 -0.05594188 -0.07266121]
[-0.09396327 -0.05852794 -0.07121571]
[-0.09371103 -0.06079719 -0.07015274]
[-0.0938569  -0.06285297 -0.06919727]
[-0.09371159 -0.0644211  -0.06783206]
[-0.09339887 -0.0664816  -0.06502326]
[-0.09381232 -0.06801295 -0.06258895]
[-0.09701566 -0.064079   -0.05751324]
[-0.0937812  -0.06157558 -0.05629781]
[-0.09042448 -0.05898697 -0.05556389]
[-0.08771144 -0.05725572 -0.055108  ]
[-0.08848448 -0.05263579 -0.05246393]
[-0.08953041 -0.05060133 -0.05112264]
[-0.09122423 -0.04807399 -0.04893489]
[-0.09032838 -0.04643144 -0.04588619]
[-0.08967991 -0.03661433 -0.04212933]
[-0.08776107 -0.01831108 -0.04307051]
[-0.08702139 -0.00799266 -0.0444273 ]
[-0.08602117  0.00274793 -0.04506255]
[-0.08562046  0.01361706 -0.04673191]
[-0.08118843  0.04027116 -0.05161446]
[-0.07959018  0.04752688 -0.0527903 ]
[-0.0753013   0.06857031 -0.05271059]
[-0.07445152  0.07522289 -0.0527888 ]
[-0.07311732  0.08040856 -0.05218938]
[-0.06931837  0.08963475 -0.05091382]
[-0.06931837  0.08963475 -0.05091382]
[-0.0671503   0.09377596 -0.05080979]
[-0.06310566  0.10277812 -0.05178656]
[-0.06267054  0.1047843  -0.05147703]
[-0.0624301   0.10697795 -0.05136309]
[-0.061418    0.11204527 -0.05216621]
[-0.06158582  0.11447804 -0.05333829]
[-0.0619524   0.11712255 -0.05444149]
[-0.06354387  0.1201453  -0.05659496]
[-0.06354387  0.1201453  -0.05659496]
[-0.06432218  0.12366777 -0.05794387]
[-0.06441255  0.1253503  -0.05824813]
[-0.06434044  0.1263822  -0.05793726]
[-0.06368415  0.12584235 -0.05760153]
[-0.06369912  0.12510209 -0.05771621]
[-0.06510561  0.12406466 -0.05949518]
[-0.07145781  0.12307167 -0.06157963]
[-0.07936391  0.12172674 -0.06434394]
[-0.0837609   0.12047765 -0.06544966]
[-0.08771822  0.11868466 -0.06591672]
[-0.09091658  0.11678991 -0.06573506]
[-0.09407788  0.11495298 -0.06493739]
[-0.09946644  0.11128406 -0.06522667]
[-0.10165175  0.10953654 -0.06514354]
[-0.10842911  0.10388625 -0.06596438]
[-0.11710652  0.09693459 -0.06635191]
[-0.12201631  0.09336342 -0.06706223]
[-0.12804132  0.08924007 -0.06771803]
[-0.13388423  0.08524895 -0.06795033]
[-0.14095935  0.08108319 -0.06882402]
[-0.14724821  0.07605102 -0.06991491]
[-0.16033845  0.06178575 -0.07026438]
[-0.16683792  0.05311364 -0.07030892]
[-0.17241246  0.04464301 -0.0697614 ]
[-0.17742496  0.03667922 -0.06874735]
[-0.18464448  0.02188755 -0.06713669]
[-0.18696536  0.00961592 -0.06795608]
[-0.18857654  0.00477702 -0.06906359]
[-0.18963021  0.00019467 -0.07120843]
[-0.1940532  -0.00825803 -0.07232843]
[-0.1950335  -0.0123145  -0.07225269]
[-0.19661567 -0.01590619 -0.07180642]
[-0.19815898 -0.01948704 -0.07255372]
[-0.19930524 -0.02262459 -0.0724903 ]
[-0.20064866 -0.02892085 -0.07097287]
[-0.20050448 -0.03169058 -0.06955035]
[-0.20016718 -0.03370926 -0.06854078]
[-0.19947025 -0.03629813 -0.06856478]
[-0.19947025 -0.03629813 -0.06856478]
[-0.1997839  -0.03890925 -0.0706523 ]
[-0.20045741 -0.04068163 -0.07120479]
[-0.20135937 -0.04145253 -0.0713618 ]
[-0.20195418 -0.04154913 -0.07119092]
[-0.2024076  -0.04096827 -0.07132661]
[-0.20472178 -0.03967286 -0.07258976]
[-0.20552991 -0.03926655 -0.07296132]
[-0.20659322 -0.03841131 -0.07406449]
[-0.20729198 -0.03552757 -0.07634867]
[-0.20729198 -0.03552757 -0.07634867]
[-0.20789708 -0.03402517 -0.07806976]

程序已被终止，正在关闭套接字...
套接字已关闭。
