YAML 文件验证通过
init data completed...
[0.4642857142857143, 0.5, 0.3333333333333333, 0.42424242424242425, 0.6153846153846154, 0.5869565217391305, 0.08955476433038712, 0.08951712399721146, 0.39096852835004237, 0.3909436607907881, 0.45269962581120304, 0.5420759394970673, 0.20744620689323973, 0.20744620689323973, 0.8623024001717567, 0.0, 0.0, 0.0, 0.05475216060876846, 0.4416600354015827, 0.4270700588822365, 0.0, -0.0, 0.06445897370576859, 0.4742164105176926, 0.06434521079063416, 0.5654921954454377, 0.026935558766126633, 0.15322336927056313]
[0.4642857142857143, 0.5, 0.3333333333333333, 0.42424242424242425, 0.6153846153846154, 0.5869565217391305, 0.0, 0.0, 0.48563526066493806, 0.48562373577066864, 0.46550537033245165, 0.5296548358290368, 0.06856343841978482, 0.06856343841978482, 0.9416926018893719, 0.0, 0.0, 0.0, 0.024546844884753227, 0.49371042009443045, 0.49424320459365845, 0.0, -0.0, 0.0, 0.5, 0.0, 0.6976744186046512, 0.0236830934882164, 0.0]
[0.4642857142857143, 0.5, 0.3333333333333333, 0.42424242424242425, 0.6153846153846154, 0.5869565217391305, 0.30745378136634827, 0.30695244669914246, 0.381181650818192, 0.38115624761490247, 0.45791529150355614, 0.5364110322864237, 0.06168950615184648, 0.06168950615184648, 0.9306268878281116, 0.0, 0.0, 0.0, 0.047963811084628105, 0.4903946574777365, 0.4912898354232311, 0.0, -0.0, 0.0, 0.5, 0.0, 0.6976744186046512, 0.020590728148818016, 0.0]
[0.4642857142857143, 0.5, 0.3333333333333333, 0.42424242424242425, 0.6153846153846154, 0.5869565217391305, 0.5062184929847717, 0.5037470459938049, 0.3198100075439103, 0.3197826213180221, 0.45561051494076876, 0.5396851621503306, 0.08941685248698508, 0.08941685248698508, 0.8812005668878555, 0.0, 0.0, 0.0, 0.06940787248313426, 0.4783573355525732, 0.4805557429790497, 0.10154832899570465, -0.0, 0.0, 0.5, 0.0, 0.6976744186046512, 0.02177569828927517, 0.0]
[0.4642857142857143, 0.5, 0.3333333333333333, 0.42424242424242425, 0.6153846153846154, 0.5869565217391305, 0.10140249133110046, 0.10096272081136703, 0.422946032784865, 0.4229220598651164, 0.44576782500994594, 0.5479190708637643, 0.0582688967032092, 0.0582688967032092, 0.9334070719778538, 0.0, 0.0, 0.0, 0.033167654834687706, 0.48664030991494656, 0.48711347859352827, 0.0, -0.0, 0.0, 0.5, 0.0, 0.6976744186046512, 0.02005135640501976, 0.0]
[0.4642857142857143, 0.5, 0.3333333333333333, 0.42424242424242425, 0.6153846153846154, 0.5869565217391305, 0.06359703838825226, 0.0630880743265152, 0.4286402479868318, 0.42861641182726246, 0.44564895192250237, 0.5477374141696711, 0.051744891596691954, 0.051744891596691954, 0.9394916500896215, 0.0, 0.0, 0.0, 0.029620433971285817, 0.48886337876319885, 0.48926357831805944, 0.0, -0.0, 0.0, 0.5, 0.0, 0.6976744186046512, 0.0179155133664608, 0.0]
[0.4642857142857143, 0.5, 0.3333333333333333, 0.42424242424242425, 0.6153846153846154, 0.5869565217391305, 0.026370247825980186, 0.025884104892611504, 0.4301632948177039, 0.4301470773397851, 0.4462347242617926, 0.5473455585047068, 0.04527062842888492, 0.04527062842888492, 0.9439636394381523, 0.0, 0.0, 0.0, 0.026666178740561007, 0.49089721497148275, 0.49129437655210495, 0.0, -0.0, 0.0, 0.5, 0.0, 0.6976744186046512, 0.01575695164501667, 0.0]
[0.4642857142857143, 0.5, 0.3333333333333333, 0.42424242424242425, 0.6153846153846154, 0.5869565217391305, 0.030021796002984047, 0.0294728372246027, 0.4313338878733706, 0.43131769318881497, 0.44234593716907683, 0.5511954294912168, 0.04384058527648449, 0.04384058527648449, 0.9442253969609737, 0.0, 0.0, 0.0, 0.026553971879184245, 0.4915146790444851, 0.49198798928409815, 0.0, -0.0, 0.0, 0.5, 0.0, 0.6976744186046512, 0.01510994415730238, 0.0]
[0.4642857142857143, 0.5, 0.3333333333333333, 0.42424242424242425, 0.6153846153846154, 0.5869565217391305, 0.2549060881137848, 0.25431668758392334, 0.39342337356698676, 0.3934056517270965, 0.45426363801409136, 0.5399440676891959, 0.0454313334609781, 0.0454313334609781, 0.9392975233495235, 0.0, 0.0, 0.0, 0.03201354797929525, 0.4913453673943877, 0.4918799679726362, 0.0, -0.0, 0.0, 0.5, 0.0, 0.6976744186046512, 0.015172438696026802, 0.0]
[0.4642857142857143, 0.5, 0.3333333333333333, 0.42424242424242425, 0.6153846153846154, 0.5869565217391305, 0.5139479041099548, 0.5112695693969727, 0.3149809486323515, 0.31496046879551376, 0.46622556368206014, 0.5295515704970465, 0.08759201903428351, 0.08759201903428351, 0.8716647773981094, 0.0, 0.0, 0.0, 0.0648313820362091, 0.4779197610914707, 0.4800329599529505, 0.0, -0.0, 0.0, 0.5, 0.0, 0.6976744186046512, 0.018234705552458763, 0.0]
[0.4642857142857143, 0.5, 0.3333333333333333, 0.42424242424242425, 0.6153846153846154, 0.5869565217391305, 0.20936931669712067, 0.20842166244983673, 0.3968299214744203, 0.39681241617148055, 0.47898400627632215, 0.5152824749631539, 0.07814231993896621, 0.07814231993896621, 0.9090944714844227, 0.0, 0.0, 0.0, 0.051882218942046164, 0.4811115451157093, 0.48214758187532425, 0.0, -0.0, 0.0, 0.5, 0.0, 0.6976744186046512, 0.019396912306547165, 0.0]
[0.4642857142857143, 0.5, 0.3333333333333333, 0.42424242424242425, 0.6153846153846154, 0.5869565217391305, 0.15598809719085693, 0.1554846167564392, 0.41889459225233383, 0.41887798728724057, 0.4839884287768523, 0.5100218151718384, 0.07190188659088953, 0.07190188659088953, 0.9163943827152252, 0.0, 0.0, 0.0, 0.04628048650920391, 0.483613096177578, 0.4842331111431122, 0.0, -0.0, 0.0, 0.5, 0.0, 0.6976744186046512, 0.019481491297483444, 0.0]
[0.4642857142857143, 0.5, 0.3333333333333333, 0.42424242424242425, 0.6153846153846154, 0.5869565217391305, 0.0, 0.0, 0.4919899214009254, 0.4919764982468767, 0.4855333230463542, 0.5077162180479757, 0.06638086533972196, 0.06638086533972196, 0.9266636595129967, 0.0, 0.0, 0.0, 0.04230143520981073, 0.4880824573338032, 0.48860524967312813, 0.0, -0.0, 0.0, 0.5, 0.0, 0.6976744186046512, 0.021125074476003647, 0.013287686742842197]
[0.4642857142857143, 0.5, 0.3333333333333333, 0.42424242424242425, 0.6153846153846154, 0.5869565217391305, 0.0, 0.0, 0.4976401569866655, 0.4976270050380244, 0.47484024122613794, 0.5184038636510682, 0.07332352389182363, 0.07332352389182363, 0.924885306507349, 0.0, 0.0, 0.0, 0.05484511740505695, 0.4878872474655509, 0.4884252594783902, 0.0, -0.0, 0.0, 0.5, 0.0, 0.6976744186046512, 0.023629194125533104, 0.021485171746462584]
[0.4642857142857143, 0.5, 0.3333333333333333, 0.42424242424242425, 0.6153846153846154, 0.5869565217391305, 0.0, 0.0, 0.509560164057046, 0.50954759636641, 0.46295759087538857, 0.5303628347293319, 0.09231168776750565, 0.09231168776750565, 0.9184800460934639, 0.0, 0.0, 0.0, 0.06710426397621631, 0.486895558424294, 0.48746396135538816, 0.10278923064470291, -0.0, 0.0, 0.5, 0.0, 0.6976744186046512, 0.028637908399105072, 0.03156349761411548]
[0.4642857142857143, 0.5, 0.3333333333333333, 0.42424242424242425, 0.6153846153846154, 0.5869565217391305, 0.0, 0.0, 0.5122019070170349, 0.5121894703882375, 0.4631853649538744, 0.5301521585224185, 0.09897285806281227, 0.09897285806281227, 0.9142762869596481, 0.0, 0.0, 0.0, 0.07024067640304565, 0.48602778371423483, 0.48660386726260185, 0.1070864200592041, -0.0, 0.0878155305981636, 0.46487378776073457, 0.0, 0.6976744186046512, 0.03152137249708176, 0.038603716529905796]
[0.4642857142857143, 0.5, 0.3333333333333333, 0.42424242424242425, 0.6153846153846154, 0.5869565217391305, 0.5933970808982849, 0.5831252336502075, 0.3239376576863101, 0.32392654592174874, 0.4904349189871356, 0.5042021367512921, 0.11445266327687673, 0.11445266327687673, 0.8989911191165447, 0.0, 0.0, 0.0, 0.10747835487127304, 0.4788113124668598, 0.4796991627663374, 0.1572519689798355, 0.1572519689798355, 0.08898946642875671, 0.4644042134284973, 0.08682113885879517, 0.6220992810504381, 0.03489894047379494, 0.045932745561003685]
[0.4642857142857143, 0.5, 0.3333333333333333, 0.42424242424242425, 0.6153846153846154, 0.5869565217391305, 0.2817624807357788, 0.28138303756713867, 0.4055381201877193, 0.40553017100230226, 0.48517211804426424, 0.50872773622185, 0.12780266680887767, 0.12780266680887767, 0.8878371641039848, 0.0, 0.0, 0.0, 0.1146426074206829, 0.47171577624976635, 0.47243126668035984, 0.16736868023872375, 0.16736868023872375, 0.08677392452955246, 0.465290430188179, 0.08493697643280029, 0.6156224272278852, 0.036329884082078934, 0.0471887132152915]
[0.4642857142857143, 0.5, 0.3333333333333333, 0.42424242424242425, 0.6153846153846154, 0.5869565217391305, 0.04090205952525139, 0.04015113785862923, 0.458901244071428, 0.4588954545571745, 0.4741008701105647, 0.5192483919477777, 0.10365739996944155, 0.10365739996944155, 0.9101913869380951, 0.0, 0.0, 0.0, 0.09853572696447371, 0.4742337465286255, 0.4750894159078598, 0.14631955325603485, 0.14631955325603485, 0.08541782200336456, 0.4658328711986542, 0.0, 0.6976744186046512, 0.03648092597723007, 0.05137674976140261]
[0.4642857142857143, 0.5, 0.3333333333333333, 0.42424242424242425, 0.6153846153846154, 0.5869565217391305, 0.02643457241356373, 0.025956394150853157, 0.45310656997031507, 0.45310054682408873, 0.4724635772449792, 0.5209199546349386, 0.07367699806179319, 0.07367699806179319, 0.9273319691419601, 0.0, 0.0, 0.0, 0.06412818618118762, 0.4795573316514492, 0.48034823313355446, 0.0, -0.0, 0.0, 0.5, 0.0, 0.6976744186046512, 0.03240691125392914, 0.05220376420766115]
[0.4642857142857143, 0.5, 0.3333333333333333, 0.42424242424242425, 0.6153846153846154, 0.5869565217391305, 0.08507725596427917, 0.08434247970581055, 0.43031614711134203, 0.43030920653224675, 0.4607547063444586, 0.5330311397926707, 0.060980083154780526, 0.060980083154780526, 0.9362401217222214, 0.0, 0.0, 0.0, 0.0443719033151865, 0.48447543755173683, 0.48508806992322206, 0.0, -0.0, 0.0, 0.5, 0.0, 0.6976744186046512, 0.027294738218188286, 0.04643720109015703]
[0.4642857142857143, 0.5, 0.3333333333333333, 0.42424242424242425, 0.6153846153846154, 0.5869565217391305, 0.014924533665180206, 0.01450305711477995, 0.45458295308837016, 0.4545770410597894, 0.4456662008001061, 0.5482601664211686, 0.05637101562959808, 0.05637101562959808, 0.9489004705101252, 0.0, 0.0, 0.0, 0.03315000459551811, 0.48842108342796564, 0.4887322196736932, 0.0, -0.0, 0.0, 0.5, 0.0, 0.6976744186046512, 0.025002213194966316, 0.023919136729091406]
[0.4642857142857143, 0.5, 0.3333333333333333, 0.42424242424242425, 0.6153846153846154, 0.5869565217391305, 0.0, 0.0, 0.4711598481548448, 0.4711546170779897, 0.4400534490782262, 0.5536578868011052, 0.04896207845636777, 0.04896207845636777, 0.9548946395516396, 0.0, 0.0, 0.0, 0.0272033317014575, 0.49110422283411026, 0.4913556510582566, 0.0, -0.0, 0.0, 0.5, 0.0, 0.6976744186046512, 0.021969739347696304, 0.012960224412381649]
[0.4642857142857143, 0.5, 0.3333333333333333, 0.42424242424242425, 0.6153846153846154, 0.5869565217391305, 0.0, 0.0, 0.4693427982795307, 0.4693374902750748, 0.43799009696931274, 0.555723323634645, 0.048708245158195496, 0.048708245158195496, 0.9560121279209852, 0.0, 0.0, 0.0, 0.09551206901669501, 0.4902056474238634, 0.49067398346960545, 0.13969658315181732, 0.13969658315181732, 0.0, 0.5, 0.0, 0.6976744186046512, 0.025004224851727486, 0.011198666179552674]
[0.4642857142857143, 0.5, 0.3333333333333333, 0.42424242424242425, 0.6153846153846154, 0.5869565217391305, 0.0, 0.0, 0.4679025682846857, 0.46789720614599223, 0.437453461422747, 0.5562990980791864, 0.07431163053427424, 0.07431163053427424, 0.9475845471024513, 0.0, 0.0, 0.0, 0.260207025706768, 0.45765184611082077, 0.4610551930963993, 0.38051778078079224, 0.38051778078079224, 0.0, 0.5, 0.0, 0.6976744186046512, 0.08966989070177078, 0.029487195424735546]
[0.4642857142857143, 0.5, 0.3333333333333333, 0.42424242424242425, 0.6153846153846154, 0.5869565217391305, 0.5105937123298645, 0.507349967956543, 0.3239206310439976, 0.32390978140311305, 0.4450465347297333, 0.5509297632271377, 0.11722754687070848, 0.11722754687070848, 0.9239180348813534, 0.0, 0.0, 0.0, 0.35668064355850215, 0.41282182186841965, 0.41880418360233307, 0.5118384957313538, 0.5118384957313538, 0.07831775397062302, 0.4686728984117508, 0.08717907220125198, 0.610518219859101, 0.15220272541046143, 0.027708890847861767]
[0.4642857142857143, 0.5, 0.3333333333333333, 0.42424242424242425, 0.6153846153846154, 0.5869565217391305, 0.4035111665725708, 0.4027709662914276, 0.3311763739722636, 0.3311683165183714, 0.448716818944446, 0.5468780545164427, 0.1599660036819322, 0.1599660036819322, 0.884482104331255, 0.0, 0.0, 0.0, 0.5098614901304245, 0.38791902363300323, 0.3961666524410248, 0.7385208010673523, 0.7385208010673523, 0.13970336318016052, 0.44411865472793577, 0.15763401985168457, 0.45586258866066154, 0.32756978273391724, 0.0]
[0.4642857142857143, 0.5, 0.3333333333333333, 0.42424242424242425, 0.6153846153846154, 0.5869565217391305, 0.18766091763973236, 0.18607638776302338, 0.3784922277038458, 0.3784858341654674, 0.44983662838689686, 0.5448598581969117, 0.3095546045473644, 0.3095546045473644, 0.7897790595889091, 0.0, 0.0, 0.0, 0.5874597907066345, 0.3424859941005707, 0.35635121166706085, 0.8486670851707458, 0.8486670851707458, 0.24920707941055298, 0.4003171682357788, 0.2741563022136688, 0.3903374791145325, 0.5063352584838867, 0.0]
[0.4642857142857143, 0.5, 0.3333333333333333, 0.42424242424242425, 0.6153846153846154, 0.5869565217391305, 0.16319063305854797, 0.16216987371444702, 0.37842674237136403, 0.37842033743630404, 0.449128096691737, 0.5454219496564194, 0.4160372274262565, 0.4160372274262565, 0.7594253048300743, 0.0, 0.0, 0.0, 0.6162312269210815, 0.3052688241004944, 0.3072199374437332, 0.8840160369873047, 0.8840160369873047, 0.30211958289146423, 0.3791521668434143, 0.3427632451057434, 0.3628947019577026, 0.5529420971870422, 0.0]
[0.4642857142857143, 0.5, 0.3333333333333333, 0.42424242424242425, 0.6153846153846154, 0.5869565217391305, 0.15853898227214813, 0.15760593116283417, 0.37482713467760254, 0.37482058158568166, 0.4505025250961858, 0.5438659222535781, 0.4398954340389797, 0.4398954340389797, 0.7406750842928886, 0.0, 0.0, 0.0, 0.6221074461936951, 0.28359881043434143, 0.28573237359523773, 0.8917644023895264, 0.8917644023895264, 0.31382912397384644, 0.37446835041046145, 0.35800692439079285, 0.3567972302436828, 0.5751757621765137, 0.0]
[0.4642857142857143, 0.5, 0.3333333333333333, 0.42424242424242425, 0.6153846153846154, 0.5869565217391305, 0.18487460911273956, 0.18424749374389648, 0.3597798680256247, 0.3597727109095791, 0.45120288537063746, 0.5433308309573693, 0.5103718382971628, 0.5103718382971628, 0.7130420058965683, 0.0, 0.0, 0.0, 0.6290867865085601, 0.25665949285030365, 0.2603864222764969, 0.9005459547042847, 0.9005459547042847, 0.32455697655677795, 0.3701772093772888, 0.3722582757472992, 0.3510966897010803, 0.5833232998847961, 0.0]
[0.4642857142857143, 0.5, 0.3333333333333333, 0.42424242424242425, 0.6153846153846154, 0.5869565217391305, 0.19393345713615417, 0.19351494312286377, 0.35004852652321805, 0.350040981919998, 0.46199544027704126, 0.5325963977025476, 0.5939559425626483, 0.5939559425626483, 0.6993963122367859, 0.0, 0.0, 0.0, 0.6329451233148574, 0.2347756028175354, 0.23545613884925842, 0.9053417444229126, 0.9053417444229126, 0.33234477043151855, 0.3670620918273926, 0.37865203619003296, 0.34853918552398677, 0.5459346175193787, 0.06070713512599468]
[0.4642857142857143, 0.5, 0.3333333333333333, 0.42424242424242425, 0.6153846153846154, 0.5869565217391305, 0.30360147356987, 0.303600549697876, 0.31889750943812994, 0.3188889619269289, 0.47209360107181175, 0.5235091467837708, 0.6726066768169403, 0.6726066768169403, 0.7052920013666153, 0.0, 0.0, 0.0, 0.6339631080627441, 0.2148439586162567, 0.21271434426307678, 0.9038742184638977, 0.9038742184638977, 0.3318503797054291, 0.36725984811782836, 0.35359320044517517, 0.3585627198219299, 0.45926985144615173, 0.21449172869324684]
[0.4642857142857143, 0.5, 0.3333333333333333, 0.42424242424242425, 0.6153846153846154, 0.5869565217391305, 0.6614232659339905, 0.6592689752578735, 0.2274900029767768, 0.2274785151217225, 0.48677947752562356, 0.5111090073115461, 0.7340061238833837, 0.7340061238833837, 0.7152208536863327, 0.0, 0.0, 0.0, 0.6241771072149276, 0.19673997163772583, 0.20105406641960144, 0.8823338747024536, 0.8823338747024536, 0.38727885484695435, 0.34508845806121824, 0.3702113926410675, 0.351915442943573, 0.4266431927680969, 0.2335740067064762]
[0.4642857142857143, 0.5, 0.3333333333333333, 0.42424242424242425, 0.6153846153846154, 0.5869565217391305, 0.5792093873023987, 0.5783231854438782, 0.2380344635213994, 0.23802322639334045, 0.4855250476309264, 0.5120538378030296, 0.7390898040362768, 0.7390898040362768, 0.7154079079627991, 0.0, 0.0, 0.0, 0.6239556819200516, 0.19657641649246216, 0.20095810294151306, 0.8820011615753174, 0.8820011615753174, 0.3894777297973633, 0.34420890808105464, 0.37258225679397583, 0.35096709728240966, 0.4260234534740448, 0.2347092516720295]
[0.4642857142857143, 0.5, 0.3333333333333333, 0.42424242424242425, 0.6153846153846154, 0.5869565217391305, 0.2962651252746582, 0.29623591899871826, 0.29758716222205084, 0.29757786252986407, 0.49227443670793425, 0.5036274761765632, 0.7196436183793204, 0.7196436183793204, 0.7218254804611206, 0.0, 0.0, 0.0, 0.6253026962280273, 0.21482926607131958, 0.21531063318252563, 0.8849432468414307, 0.8849432468414307, 0.39711737632751465, 0.34115304946899416, 0.3891579210758209, 0.34433683156967165, 0.39005327224731445, 0.22314714267849922]
[0.4642857142857143, 0.5, 0.3333333333333333, 0.42424242424242425, 0.6153846153846154, 0.5869565217391305, 0.2435283362865448, 0.24347221851348877, 0.315131703936575, 0.31513018817792204, 0.4998199940773963, 0.4956995683641274, 0.7082941276686533, 0.7082941276686533, 0.7305989563465118, 0.0, 0.0, 0.0, 0.6252781629562377, 0.21500328183174133, 0.2150782346725464, 0.8872199058532715, 0.8872199058532715, 0.39439502358436584, 0.34224199056625365, 0.4060811996459961, 0.3375675201416015, 0.3661316931247711, 0.15249776653945446]
[0.4642857142857143, 0.5, 0.3333333333333333, 0.42424242424242425, 0.6153846153846154, 0.5869565217391305, 0.23092131316661835, 0.23084473609924316, 0.3179372364430765, 0.31793583465123954, 0.5020010801064239, 0.4932714426671975, 0.7005449278014048, 0.7005449278014048, 0.7318422496318817, 0.0, 0.0, 0.0, 0.625087633728981, 0.21506497263908386, 0.21579450368881226, 0.8886484503746033, 0.8886484503746033, 0.3851463794708252, 0.34594144821166994, 0.4063703119754791, 0.33745187520980835, 0.36043474078178406, 0.1013331301510334]
[0.4642857142857143, 0.5, 0.3333333333333333, 0.42424242424242425, 0.6153846153846154, 0.5869565217391305, 0.2214289903640747, 0.22130365669727325, 0.31964342224894243, 0.31964202045710544, 0.5045826302460229, 0.4906504452291861, 0.6857117797647204, 0.6857117797647204, 0.7331430464982986, 0.0, 0.0, 0.0, 0.6254101336002349, 0.20993849635124207, 0.21404895186424255, 0.8917586207389832, 0.8917586207389832, 0.37833371758461, 0.34866651296615603, 0.4084603786468506, 0.33661584854125975, 0.3442281484603882, 0.0038135284557938576]
[0.4642857142857143, 0.5, 0.3333333333333333, 0.42424242424242425, 0.6153846153846154, 0.5869565217391305, 0.21197658777236938, 0.21163871884346008, 0.3209383360058582, 0.32093700259411084, 0.5140648199882836, 0.4812223181391259, 0.6775575024741037, 0.6775575024741037, 0.7310007512569427, 0.0, 0.0, 0.0, 0.6258934140205383, 0.20418062806129456, 0.20798012614250183, 0.8945419788360596, 0.8945419788360596, 0.3766735792160034, 0.34933056831359866, 0.4107702672481537, 0.33569189310073855, 0.34037190675735474, 0.0]
[0.4642857142857143, 0.5, 0.3333333333333333, 0.42424242424242425, 0.6153846153846154, 0.5869565217391305, 0.19225305318832397, 0.19200575351715088, 0.3355067254936262, 0.3355059277259141, 0.5367549876637943, 0.4586835226132304, 0.683111846446991, 0.683111846446991, 0.7401654124259949, 0.0, 0.0, 0.0, 0.6257064521312713, 0.21573060750961304, 0.2170901894569397, 0.8948632478713989, 0.8948632478713989, 0.3763829171657562, 0.3494468331336975, 0.4087677299976349, 0.336492908000946, 0.271597295999527, 0.038213953375816345]
[0.4642857142857143, 0.5, 0.3333333333333333, 0.42424242424242425, 0.6153846153846154, 0.5869565217391305, 0.18806450068950653, 0.18780125677585602, 0.33706576874333627, 0.3370649823723058, 0.5492909157481294, 0.4462844800716098, 0.6866152371679034, 0.6866152371679034, 0.7484910637140274, 0.0, 0.0, 0.0, 0.6252789556980133, 0.21910247206687927, 0.219314306974411, 0.8939691781997681, 0.8939691781997681, 0.3774765133857727, 0.3490093946456909, 0.4067675769329071, 0.33729296922683716, 0.25823962688446045, 0.08244141936302185]
[0.4642857142857143, 0.5, 0.3333333333333333, 0.42424242424242425, 0.6153846153846154, 0.5869565217391305, 0.15716296434402466, 0.15669800341129303, 0.3556483772015252, 0.3556481948546196, 0.6032452396407411, 0.3927437588493359, 0.7410717010498047, 0.7410717010498047, 0.7605434730648994, 0.0, 0.0, 0.0, 0.6196138352155685, 0.20250266790390015, 0.19550782442092896, 0.8778894543647766, 0.8778894543647766, 0.42185214161872864, 0.3312591433525085, 0.3983726501464844, 0.34065093994140627, 0.21117286384105682, 0.21469442173838615]
[0.4642857142857143, 0.5, 0.3333333333333333, 0.42424242424242425, 0.6153846153846154, 0.5869565217391305, 0.15374882519245148, 0.15323197841644287, 0.35769288489741075, 0.3576927367405499, 0.6057541393185208, 0.39023770834195637, 0.7435972349984306, 0.7435972349984306, 0.7604257613420486, 0.0, 0.0, 0.0, 0.619526320695877, 0.202095627784729, 0.19509980082511902, 0.8773519396781921, 0.8773519396781921, 0.4240871071815491, 0.33036515712738035, 0.3979340195655823, 0.3408263921737671, 0.21129769086837769, 0.21803807467222214]
[0.4642857142857143, 0.5, 0.3333333333333333, 0.42424242424242425, 0.6153846153846154, 0.5869565217391305, 0.10955654829740524, 0.10906193405389786, 0.3964379895941477, 0.39643909507226305, 0.6045124822547285, 0.39087006461729235, 0.8659780451229641, 0.8659780451229641, 0.7549058869481087, 0.0, 0.0, 0.0, 0.6210022389888763, 0.1694067418575287, 0.15983286499977112, 0.8752647638320923, 0.8752647638320923, 0.4580424427986145, 0.31678302288055415, 0.4099631607532501, 0.33601473569869994, 0.18481342494487762, 0.24091428145766258]
[0.4642857142857143, 0.5, 0.3333333333333333, 0.42424242424242425, 0.6153846153846154, 0.5869565217391305, 0.0769398957490921, 0.07631157338619232, 0.4036614229300738, 0.40366092147608335, 0.5902228100122047, 0.40470735698032967, 0.8673513787133353, 0.8673513787133353, 0.7482898607850075, 0.0, 0.0, 0.0, 0.6202559769153595, 0.17088574171066284, 0.16113325953483582, 0.8743914365768433, 0.8743914365768433, 0.4467827081680298, 0.3212869167327881, 0.413055419921875, 0.33477783203125, 0.150986447930336, 0.19985152408480644]
[0.4642857142857143, 0.5, 0.3333333333333333, 0.42424242424242425, 0.6153846153846154, 0.5869565217391305, 0.20303727686405182, 0.20272760093212128, 0.3734304143639413, 0.37342900117542277, 0.549134125900998, 0.44551967156270217, 0.8910483121871949, 0.8910483121871949, 0.7396903038024902, 0.0, 0.0, 0.0, 0.6226465940475463, 0.1636996567249298, 0.154506653547287, 0.8799161911010742, 0.8799161911010742, 0.4419107735157013, 0.3232356905937195, 0.4349297285079956, 0.32602810859680176, 0.15259365737438202, 0.1764955371618271]
[0.4642857142857143, 0.5, 0.3333333333333333, 0.42424242424242425, 0.6153846153846154, 0.5869565217391305, 0.21671649813652039, 0.2164880335330963, 0.3763401809203693, 0.37633888169866675, 0.5222754011190645, 0.47233034793500417, 0.9029648559434074, 0.9029648559434074, 0.7469642832875252, 0.0, 0.0, 0.0, 0.6221378624439239, 0.1622421145439148, 0.15174880623817444, 0.8791830539703369, 0.8791830539703369, 0.4488447606563568, 0.32046209573745726, 0.45031675696372986, 0.3198732972145081, 0.15243811905384064, 0.19073724746704102]
[0.4642857142857143, 0.5, 0.3333333333333333, 0.42424242424242425, 0.6153846153846154, 0.5869565217391305, 0.21928076446056366, 0.21909618377685547, 0.37641841913956303, 0.3764171199178605, 0.5048923514512711, 0.4897500959859929, 0.9015354939869472, 0.9015354939869472, 0.7479270547628403, 0.0, 0.0, 0.0, 0.6153547883033752, 0.1610664427280426, 0.15019598603248596, 0.8684925436973572, 0.8684925436973572, 0.4436213970184326, 0.3225514411926269, 0.45275720953941345, 0.3188971161842346, 0.13067252933979034, 0.1921786554157734]
[0.4642857142857143, 0.5, 0.3333333333333333, 0.42424242424242425, 0.6153846153846154, 0.5869565217391305, 0.2183171659708023, 0.21817676723003387, 0.3754540547358146, 0.37545268713402247, 0.4768576490377605, 0.5175121530925288, 0.8847624489239284, 0.8847624489239284, 0.753146730363369, 0.0, 0.0, 0.0, 0.6113719910383224, 0.1628742814064026, 0.15194430947303772, 0.8639131188392639, 0.8639131188392639, 0.4376254677772522, 0.3249498128890991, 0.4600013196468353, 0.3159994721412659, 0.11895613372325897, 0.18699480220675468]
[0.4642857142857143, 0.5, 0.3333333333333333, 0.42424242424242425, 0.6153846153846154, 0.5869565217391305, 0.21739254891872406, 0.21727268397808075, 0.377079369689037, 0.37707805907065284, 0.4631969582282334, 0.5312067077168493, 0.8844079290117537, 0.8844079290117537, 0.7540527582168579, 0.0, 0.0, 0.0, 0.6114731699228286, 0.1657957136631012, 0.15555328130722046, 0.8647302985191345, 0.8647302985191345, 0.43629392981529236, 0.32548242807388306, 0.4665112793445587, 0.3133954882621765, 0.11743476986885071, 0.1847979612648487]
[0.4642857142857143, 0.5, 0.3333333333333333, 0.42424242424242425, 0.6153846153846154, 0.5869565217391305, 0.20517224073410034, 0.2051391899585724, 0.37823721555633255, 0.3782359619213564, 0.4482266647637916, 0.5462735766611815, 0.8745483841214862, 0.8745483841214862, 0.7542093470692635, 0.0, 0.0, 0.0, 0.6140449702739715, 0.16924431920051575, 0.1601516604423523, 0.8711377382278442, 0.8711377382278442, 0.4312044382095337, 0.3275182247161865, 0.48123422265052795, 0.3075063109397888, 0.11838392168283463, 0.17659571021795273]
[0.4642857142857143, 0.5, 0.3333333333333333, 0.42424242424242425, 0.6153846153846154, 0.5869565217391305, 0.2061440646648407, 0.20611588656902313, 0.3750748073621644, 0.3750734055703274, 0.44360904848598387, 0.5508604571571492, 0.8782655852181571, 0.8782655852181571, 0.7516676113009453, 0.0, 0.0, 0.0, 0.6247241199016571, 0.16408273577690125, 0.1543274223804474, 0.8895830512046814, 0.8895830512046814, 0.4319576323032379, 0.32721694707870486, 0.49131056666374207, 0.30347577333450315, 0.13756124675273895, 0.17473315820097923]
[0.4642857142857143, 0.5, 0.3333333333333333, 0.42424242424242425, 0.6153846153846154, 0.5869565217391305, 0.23219279944896698, 0.23212052881717682, 0.3575787471311726, 0.35757686667870836, 0.4358609974042407, 0.5586856121321203, 0.8443250826426916, 0.8443250826426916, 0.7350356727838516, 0.0, 0.0, 0.0, 0.6352400481700897, 0.15653210878372192, 0.14981937408447266, 0.9066675901412964, 0.9066675901412964, 0.4332624673843384, 0.32669501304626464, 0.49654626846313477, 0.3013814926147461, 0.22011762857437134, 0.1692662574350834]
[0.4642857142857143, 0.5, 0.3333333333333333, 0.42424242424242425, 0.6153846153846154, 0.5869565217391305, 0.24151648581027985, 0.24145299196243286, 0.3445721019066542, 0.34457654661247883, 0.43737836868767527, 0.5571587527551063, 0.8315153207097735, 0.8315153207097735, 0.7250082790851593, 0.0, 0.0, 0.0, 0.6383301764726639, 0.1547674834728241, 0.14892274141311646, 0.9113345146179199, 0.9113345146179199, 0.4315616190433502, 0.3273753523826599, 0.4930073022842407, 0.3027970790863037, 0.23713527619838715, 0.16813358291983604]
[0.4642857142857143, 0.5, 0.3333333333333333, 0.42424242424242425, 0.6153846153846154, 0.5869565217391305, 0.22804130613803864, 0.22796937823295593, 0.3532001990433177, 0.35320488307945586, 0.4366461660848293, 0.5580664434200555, 0.8621730974742345, 0.8621730974742345, 0.7255808860063553, 0.0, 0.0, 0.0, 0.6411738038063048, 0.1522499918937683, 0.14803403615951538, 0.9150627255439758, 0.9150627255439758, 0.4229455292224884, 0.3308217883110046, 0.4631408154964447, 0.3147436738014221, 0.24017706513404846, 0.20428577437996864]
[0.4642857142857143, 0.5, 0.3333333333333333, 0.42424242424242425, 0.6153846153846154, 0.5869565217391305, 0.19614383578300476, 0.1961316168308258, 0.3590797356848051, 0.3590846134645305, 0.43363882114053, 0.5608945461641028, 0.856544247695378, 0.856544247695378, 0.7281298637390137, 0.0, 0.0, 0.0, 0.6433804214000701, 0.1525457203388214, 0.14967522025108337, 0.9175078868865967, 0.9175078868865967, 0.38374727964401245, 0.346501088142395, 0.4141347110271454, 0.33434611558914185, 0.2902349829673767, 0.23938791826367378]
[0.4642857142857143, 0.5, 0.3333333333333333, 0.42424242424242425, 0.6153846153846154, 0.5869565217391305, 0.19429031014442444, 0.1942710280418396, 0.35745438654153794, 0.3574592073378554, 0.433661580313688, 0.5610847532185673, 0.8436130625861032, 0.8436130625861032, 0.7293548583984375, 0.0, 0.0, 0.0, 0.6450380235910416, 0.15356284379959106, 0.15314611792564392, 0.9194043278694153, 0.9194043278694153, 0.3753478527069092, 0.3498608589172363, 0.40336742997169495, 0.338653028011322, 0.3331162631511688, 0.24643924087285995]
[0.4642857142857143, 0.5, 0.3333333333333333, 0.42424242424242425, 0.6153846153846154, 0.5869565217391305, 0.191779226064682, 0.19176530838012695, 0.34547360221468926, 0.34547801273046896, 0.4383493659601157, 0.5565675185561586, 0.8177734698568072, 0.8177734698568072, 0.7257924824953079, 0.0, 0.0, 0.0, 0.6464127838611602, 0.15997731685638428, 0.16288885474205017, 0.9207963943481445, 0.9207963943481445, 0.3689166307449341, 0.3524333477020264, 0.39690664410591125, 0.3412373423576355, 0.3559338450431824, 0.244365893304348]
[0.4642857142857143, 0.5, 0.3333333333333333, 0.42424242424242425, 0.6153846153846154, 0.5869565217391305, 0.19008944928646088, 0.19008025527000427, 0.3376970309372386, 0.3377011907260231, 0.4402303711634065, 0.554801371157888, 0.7968203936304366, 0.7968203936304366, 0.7229944616556168, 0.0, 0.0, 0.0, 0.6468730330467224, 0.1611095368862152, 0.164313405752182, 0.9210837483406067, 0.9210837483406067, 0.36752161383628845, 0.3529913544654846, 0.39571866393089294, 0.3417125344276428, 0.387395441532135, 0.23970607668161392]
[0.4642857142857143, 0.5, 0.3333333333333333, 0.42424242424242425, 0.6153846153846154, 0.5869565217391305, 0.19060520827770233, 0.19059476256370544, 0.335316731414649, 0.33532086841007036, 0.44198208671227013, 0.5531399291691721, 0.7907018491200039, 0.7907018491200039, 0.7224260866641998, 0.0, 0.0, 0.0, 0.6463022798299789, 0.16417697072029114, 0.16876119375228882, 0.9204550385475159, 0.9204550385475159, 0.365726500749588, 0.3537093997001648, 0.3988226652145386, 0.3404709339141846, 0.3959043323993683, 0.16243861988186836]
[0.4642857142857143, 0.5, 0.3333333333333333, 0.42424242424242425, 0.6153846153846154, 0.5869565217391305, 0.19000883400440216, 0.1899777203798294, 0.33511364254851184, 0.3351177225605252, 0.44282835300292384, 0.5523144824789263, 0.7781434910637992, 0.7781434910637992, 0.7202275693416595, 0.0, 0.0, 0.0, 0.6458747416734695, 0.16767928004264832, 0.1761585772037506, 0.9211980700492859, 0.9211980700492859, 0.36726948618888855, 0.35309220552444454, 0.41840434074401855, 0.3326382637023926, 0.4264136850833893, 0.03567127278074622]
[0.4642857142857143, 0.5, 0.3333333333333333, 0.42424242424242425, 0.6153846153846154, 0.5869565217391305, 0.19097143411636353, 0.1909012496471405, 0.3325557257431643, 0.33255977156513283, 0.4462991781945894, 0.5488756207053971, 0.7701508487973895, 0.7701508487973895, 0.7197382301092148, 0.0, 0.0, 0.0, 0.6445777118206024, 0.1714695692062378, 0.18244948983192444, 0.9208976626396179, 0.9208976626396179, 0.37093019485473633, 0.35162792205810545, 0.4268611967563629, 0.32925552129745483, 0.4340856075286865, 0.0]
[0.4642857142857143, 0.5, 0.3333333333333333, 0.42424242424242425, 0.6153846153846154, 0.5869565217391305, 0.1929687261581421, 0.19285409152507782, 0.33205823779789945, 0.3320622380331415, 0.4524504202729657, 0.5426875751806668, 0.7635233657700675, 0.7635233657700675, 0.7205818742513657, 0.0, 0.0, 0.0, 0.6435589134693145, 0.17305850982666016, 0.18469253182411194, 0.9204416275024414, 0.9204416275024414, 0.3708971440792084, 0.3516411423683167, 0.4273114502429962, 0.32907541990280154, 0.4597916305065155, 0.0]
[0.4642857142857143, 0.5, 0.3333333333333333, 0.42424242424242425, 0.6153846153846154, 0.5869565217391305, 0.18711867928504944, 0.1868453472852707, 0.33362065446536354, 0.33362581716212897, 0.4621462582630136, 0.5330183128275283, 0.7357513904571533, 0.7357513904571533, 0.7196482568979263, 0.0, 0.0, 0.0, 0.6449890822172164, 0.1700628101825714, 0.17759647965431213, 0.9225689768791199, 0.9225689768791199, 0.36114951968193054, 0.35554019212722776, 0.40590405464172363, 0.33763837814331055, 0.4856724739074707, 0.0]
[0.4642857142857143, 0.5, 0.3333333333333333, 0.42424242424242425, 0.6153846153846154, 0.5869565217391305, 0.17777293920516968, 0.17734315991401672, 0.34103395651676915, 0.3410393471471666, 0.47292641927817586, 0.5221557395585358, 0.7357263139316015, 0.7357263139316015, 0.7194106429815292, 0.0, 0.0, 0.0, 0.6463393718004227, 0.16883042454719543, 0.1748250126838684, 0.9242297410964966, 0.9242297410964966, 0.3528158962726593, 0.35887364149093626, 0.3894664943218231, 0.34421340227127073, 0.5113086104393005, 0.07406610064208508]
[0.4642857142857143, 0.5, 0.3333333333333333, 0.42424242424242425, 0.6153846153846154, 0.5869565217391305, 0.15046364068984985, 0.14971090853214264, 0.3478864506599324, 0.34789211481068827, 0.48631678222470254, 0.5085641511033138, 0.7292366879326957, 0.7292366879326957, 0.7181054353713989, 0.0, 0.0, 0.0, 0.6472330629825591, 0.16836705803871155, 0.17305147647857666, 0.9254046678543091, 0.9254046678543091, 0.3362095057964325, 0.36551619768142696, 0.35732725262641907, 0.3570690989494324, 0.5370309948921204, 0.09402696043252945]
[0.4642857142857143, 0.5, 0.3333333333333333, 0.42424242424242425, 0.6153846153846154, 0.5869565217391305, 0.14461438357830048, 0.1437750905752182, 0.3512928504105052, 0.35129861713139554, 0.4916375032403501, 0.5031896213677777, 0.7222765684127808, 0.7222765684127808, 0.7164637446403503, 0.0, 0.0, 0.0, 0.6478634804487228, 0.17077627778053284, 0.17299345135688782, 0.9262142181396484, 0.9262142181396484, 0.33038130402565, 0.36784747838973997, 0.34920838475227356, 0.36031664609909053, 0.5452168583869934, 0.10784778743982315]
[0.4642857142857143, 0.5, 0.3333333333333333, 0.42424242424242425, 0.6153846153846154, 0.5869565217391305, 0.1323186755180359, 0.131402388215065, 0.35064998639473266, 0.3506557189255782, 0.49380806749455103, 0.5009231575993639, 0.7022724832807269, 0.7022724832807269, 0.7152554094791412, 0.0, 0.0, 0.0, 0.647441303730011, 0.17744794487953186, 0.17717555165290833, 0.9254934787750244, 0.9254934787750244, 0.3275609314441681, 0.36897562742233275, 0.3446633219718933, 0.36213467121124265, 0.5504268407821655, 0.11306744068861008]
[0.4642857142857143, 0.5, 0.3333333333333333, 0.42424242424242425, 0.6153846153846154, 0.5869565217391305, 0.12823601067066193, 0.12725646793842316, 0.34963742542449194, 0.3496431351619742, 0.5039870311180219, 0.49078221936020244, 0.6705790119511741, 0.6705790119511741, 0.7117126733064651, 0.0, 0.0, 0.0, 0.6465761721134186, 0.18161943554878235, 0.17911216616630554, 0.9239522814750671, 0.9239522814750671, 0.3243477940559387, 0.3702608823776245, 0.3369031250476837, 0.36523874998092654, 0.5586568713188171, 0.12181323952972889]
[0.4642857142857143, 0.5, 0.3333333333333333, 0.42424242424242425, 0.6153846153846154, 0.5869565217391305, 0.09412012249231339, 0.09214963763952255, 0.3669410298932807, 0.36694732086152465, 0.5757943318861165, 0.419633203386526, 0.6491675760064807, 0.6491675760064807, 0.7232535481452942, 0.0, 0.0, 0.0, 0.64460109770298, 0.18710103631019592, 0.18031561374664307, 0.9194914102554321, 0.9194914102554321, 0.32494795322418213, 0.3700208187103271, 0.31043604016304016, 0.37582558393478394, 0.5608363151550293, 0.17324386164546013]
[0.4642857142857143, 0.5, 0.3333333333333333, 0.42424242424242425, 0.6153846153846154, 0.5869565217391305, 0.08747341483831406, 0.08538087457418442, 0.3690347712536843, 0.3690410850152914, 0.5812721411994949, 0.4141948208931477, 0.6429190295083183, 0.6429190295083183, 0.7274051010608673, 0.0, 0.0, 0.0, 0.642694741487503, 0.19814231991767883, 0.18830940127372742, 0.9151350855827332, 0.9151350855827332, 0.32627397775650024, 0.3694904088973999, 0.30745571851730347, 0.3770177125930786, 0.5613986253738403, 0.1785038411617279]
[0.4642857142857143, 0.5, 0.3333333333333333, 0.42424242424242425, 0.6153846153846154, 0.5869565217391305, 0.08513136208057404, 0.08301499485969543, 0.3700148174913162, 0.370021199633013, 0.5875981941277848, 0.407839336034622, 0.638821508203234, 0.638821508203234, 0.7317783981561661, 0.0, 0.0, 0.0, 0.6401292622089385, 0.2036949098110199, 0.19344955682754517, 0.9100164175033569, 0.9100164175033569, 0.33016934990882874, 0.3679322600364685, 0.302433580160141, 0.3790265679359436, 0.5597766637802124, 0.18669087439775467]
[0.4642857142857143, 0.5, 0.3333333333333333, 0.42424242424242425, 0.6153846153846154, 0.5869565217391305, 0.05914542078971863, 0.056639380753040314, 0.37489806762388966, 0.37490462071581054, 0.5907852704392792, 0.40458581137105065, 0.6388749395098006, 0.6388749395098006, 0.7332546561956406, 0.0, 0.0, 0.0, 0.6385494112968444, 0.206205815076828, 0.19638320803642273, 0.9074400067329407, 0.9074400067329407, 0.33712896704673767, 0.3651484131813049, 0.30117568373680115, 0.37952972650527955, 0.5569482445716858, 0.18728278577327728]
[0.4642857142857143, 0.5, 0.3333333333333333, 0.42424242424242425, 0.6153846153846154, 0.5869565217391305, 0.04123912379145622, 0.03954533860087395, 0.3803275607056189, 0.38033265502229474, 0.5892671412765182, 0.40603622145173607, 0.6197107902594975, 0.6197107902594975, 0.7332390397787094, 0.0, 0.0, 0.0, 0.6374621659517288, 0.2121049463748932, 0.20195919275283813, 0.9061059951782227, 0.9061059951782227, 0.3413955271244049, 0.36344178915023806, 0.30209916830062866, 0.3791603326797485, 0.5570060610771179, 0.1818150281906128]
[0.4642857142857143, 0.5, 0.3333333333333333, 0.42424242424242425, 0.6153846153846154, 0.5869565217391305, 0.033179719001054764, 0.032060932368040085, 0.3973192835857034, 0.3973249249430961, 0.5759814596996709, 0.4187081689309841, 0.6278611506734576, 0.6278611506734576, 0.7330190092325211, 0.0, 0.0, 0.0, 0.638238114118576, 0.21554094552993774, 0.20633819699287415, 0.9080409407615662, 0.9080409407615662, 0.34663867950439453, 0.36134452819824214, 0.3108827769756317, 0.3756468892097473, 0.4960451126098633, 0.15597911551594734]
[0.4642857142857143, 0.5, 0.3333333333333333, 0.42424242424242425, 0.6153846153846154, 0.5869565217391305, 0.03314533829689026, 0.03198563680052757, 0.39802130777566885, 0.3980269719264248, 0.5756649225665325, 0.41899725715648556, 0.6282365534986769, 0.6282365534986769, 0.732933834195137, 0.0, 0.0, 0.0, 0.638417586684227, 0.21557408571243286, 0.2065262794494629, 0.9084123373031616, 0.9084123373031616, 0.3470379114151001, 0.36118483543395996, 0.3120582103729248, 0.37517671585083007, 0.4931405782699585, 0.15212020836770535]
[0.4642857142857143, 0.5, 0.3333333333333333, 0.42424242424242425, 0.6153846153846154, 0.5869565217391305, 0.4695754051208496, 0.46228355169296265, 0.3003199269165272, 0.30032225183957395, 0.5601217578063732, 0.4359443620281005, 0.6879485079220363, 0.6879485079220363, 0.7344209253787994, 0.0, 0.0, 0.0, 0.6397823125123977, 0.20234206318855286, 0.19181755185127258, 0.9106934070587158, 0.9106934070587158, 0.3697139620780945, 0.3521144151687622, 0.33488500118255615, 0.36604599952697753, 0.4588105380535126, 0.1407868042588234]
[0.4642857142857143, 0.5, 0.3333333333333333, 0.42424242424242425, 0.6153846153846154, 0.5869565217391305, 0.06899183988571167, 0.06770099699497223, 0.4177708509547305, 0.4177772387947681, 0.5913049591203037, 0.40315380693115144, 0.6642785029751914, 0.6642785029751914, 0.737711951136589, 0.0, 0.0, 0.0, 0.6400529503822326, 0.19335409998893738, 0.18520113825798035, 0.9103957414627075, 0.9103957414627075, 0.38050541281700134, 0.3477978348731995, 0.3423749804496765, 0.3630500078201294, 0.42348989844322205, 0.14111860655248165]
[0.4642857142857143, 0.5, 0.3333333333333333, 0.42424242424242425, 0.6153846153846154, 0.5869565217391305, 0.04934210702776909, 0.04803583770990372, 0.42099484111793184, 0.4210013201314222, 0.5878810084800647, 0.406569563357319, 0.6609692743846349, 0.6609692743846349, 0.736885204911232, 0.0, 0.0, 0.0, 0.6402231603860855, 0.19358649849891663, 0.1856497824192047, 0.9106611609458923, 0.9106611609458923, 0.3788405656814575, 0.348463773727417, 0.34089669585227966, 0.36364132165908813, 0.4182228446006775, 0.14368093572556973]
[0.4642857142857143, 0.5, 0.3333333333333333, 0.42424242424242425, 0.6153846153846154, 0.5869565217391305, 0.012448527850210667, 0.01243911124765873, 0.42673475131477956, 0.42674137278679, 0.5518051433745579, 0.4422723466939219, 0.5939901513712748, 0.5939901513712748, 0.7409923076629639, 0.0, 0.0, 0.0, 0.6262014776468277, 0.23286038637161255, 0.23412388563156128, 0.8954388499259949, 0.8954388499259949, 0.3607523441314697, 0.3556990623474121, 0.3311823010444641, 0.3675270795822143, 0.3246202766895294, 0.14936615712940693]
[0.4642857142857143, 0.5, 0.3333333333333333, 0.42424242424242425, 0.6153846153846154, 0.5869565217391305, 0.0, 0.0, 0.4337223075316011, 0.43372911135051717, 0.5197628003689345, 0.4741831976363987, 0.48927547676222666, 0.48927547676222666, 0.7670895010232925, 0.0, 0.0, 0.0, 0.6128685414791106, 0.2728014290332794, 0.29049578309059143, 0.8844233155250549, 0.8844233155250549, 0.3055555820465088, 0.3777777671813965, 0.2969421148300171, 0.3812231540679932, 0.23282326757907867, 0.1379961147904396]
[0.4642857142857143, 0.5, 0.3333333333333333, 0.42424242424242425, 0.6153846153846154, 0.5869565217391305, 0.0, 0.0, 0.4335346953590787, 0.4335415333680395, 0.5067371248230196, 0.4870411218643594, 0.4925734443323953, 0.4925734443323953, 0.7690404728055, 0.0, 0.0, 0.0, 0.60524582862854, 0.2736150920391083, 0.2891746461391449, 0.8744828701019287, 0.8744828701019287, 0.2967531383037567, 0.38129874467849734, 0.2917988896369934, 0.3832804441452026, 0.17940384149551392, 0.13119885697960854]
[0.4642857142857143, 0.5, 0.3333333333333333, 0.42424242424242425, 0.6153846153846154, 0.5869565217391305, 0.0, 0.0, 0.43746118267453193, 0.4374681061586048, 0.501785578117145, 0.4920197223335511, 0.47645194189889095, 0.47645194189889095, 0.7741429731249809, 0.0, 0.0, 0.0, 0.5910992681980133, 0.28200674057006836, 0.3092310428619385, 0.8612877726554871, 0.8612877726554871, 0.28760430216789246, 0.38495827913284303, 0.28714069724082947, 0.38514372110366824, 0.1703166514635086, 0.041962177492678165]
[0.4642857142857143, 0.5, 0.3333333333333333, 0.42424242424242425, 0.6153846153846154, 0.5869565217391305, 0.0, 0.0, 0.4497902837811647, 0.4497975548640264, 0.49176697310480516, 0.5021654927657115, 0.20255272941929955, 0.20255272941929955, 0.8678178116679192, 0.0, 0.0, 0.0, 0.4389212608337402, 0.3799383118748665, 0.40098945796489716, 0.6578119397163391, 0.6578119397163391, 0.16153541207313538, 0.43538583517074586, 0.15763825178146362, 0.43694469928741453, 0.11827050149440765, 0.015596171142533422]
[0.4642857142857143, 0.5, 0.3333333333333333, 0.42424242424242425, 0.6153846153846154, 0.5869565217391305, 0.0, 0.0, 0.4504809910662999, 0.45048828494252485, 0.49339666367146984, 0.5006025689459161, 0.17603562346526555, 0.17603562346526555, 0.8807014189660549, 0.0, 0.0, 0.0, 0.37873142361640927, 0.396805539727211, 0.4148591682314873, 0.5722239017486572, 0.5722239017486572, 0.14659613370895386, 0.44136154651641846, 0.14316095411777496, 0.4649932439937148, 0.09796107560396194, 0.0256723677739501]
[0.4642857142857143, 0.5, 0.3333333333333333, 0.42424242424242425, 0.6153846153846154, 0.5869565217391305, 0.0, 0.0, 0.4499160860510219, 0.4499233400388612, 0.5000227627499242, 0.4940139307751888, 0.16447140702179502, 0.16447140702179502, 0.8881259113550186, 0.0, 0.0, 0.0, 0.3170429915189743, 0.4185716435313225, 0.4311951920390129, 0.47792375087738037, 0.47792375087738037, 0.14098146557807922, 0.44360741376876833, 0.13692130148410797, 0.48239940820738325, 0.07853760570287704, 0.03573959693312645]
[0.4642857142857143, 0.5, 0.3333333333333333, 0.42424242424242425, 0.6153846153846154, 0.5869565217391305, 0.0, 0.0, 0.4407088380470786, 0.44071582991124114, 0.5050607399149561, 0.48894164388489264, 0.13140220727239338, 0.13140220727239338, 0.8954651355743408, 0.0, 0.0, 0.0, 0.21924640238285062, 0.453378114849329, 0.4585173912346363, 0.3303714394569397, 0.3303714394569397, 0.13209979236125946, 0.4471600830554962, 0.12669657170772552, 0.4884551292242006, 0.053141601383686066, 0.04507634788751602]
[0.4642857142857143, 0.5, 0.3333333333333333, 0.42424242424242425, 0.6153846153846154, 0.5869565217391305, 0.0, 0.0, 0.4369154525760483, 0.43692234187007634, 0.5036853171500375, 0.4903302212695496, 0.11918940714427403, 0.11918940714427403, 0.8975594118237495, 0.0, 0.0, 0.0, 0.14377085044980048, 0.46569764241576195, 0.46993823163211346, 0.22026464343070984, 0.22026464343070984, 0.12728926539421082, 0.4490842938423157, 0.12005973607301712, 0.4991208605988081, 0.0440792553126812, 0.044082687236368656]
[0.4642857142857143, 0.5, 0.3333333333333333, 0.42424242424242425, 0.6153846153846154, 0.5869565217391305, 0.0, 0.0, 0.43731276369003674, 0.4373196301907016, 0.5025136472860326, 0.49157718348862744, 0.09092907288244793, 0.09092907288244793, 0.918309036642313, 0.0, 0.0, 0.0, 0.07151491492986678, 0.4798591881990433, 0.48229192569851875, 0.1102413609623909, -0.0, 0.10221073776483536, 0.45911570489406583, 0.0922245904803276, 0.5777269255283267, 0.032097190618515015, 0.03848492866382003]
[0.4642857142857143, 0.5, 0.3333333333333333, 0.42424242424242425, 0.6153846153846154, 0.5869565217391305, 0.0, 0.0, 0.4407539518111978, 0.4407609322786787, 0.5003180466814904, 0.49367258306620404, 0.08136920098747527, 0.08136920098747527, 0.9259630367159843, 0.0, 0.0, 0.0, 0.05811021216213703, 0.4835864156484604, 0.4853618759661913, 0.0, -0.0, 0.09306979179382324, 0.4627720832824707, 0.0838538408279419, 0.5895517454590908, 0.028760874643921852, 0.03602054435759783]
[0.4642857142857143, 0.5, 0.3333333333333333, 0.42424242424242425, 0.6153846153846154, 0.5869565217391305, 0.0, 0.0, 0.45483575143048227, 0.45484318776522725, 0.4796773775357817, 0.5142171616029506, 0.07803115727646011, 0.07803115727646011, 0.927543006837368, 0.0, 0.0, 0.0, 0.05707675851881504, 0.485609432682395, 0.48740462493151426, 0.0, -0.0, 0.09230388700962067, 0.4630784451961517, 0.08302351832389832, 0.6016230583190918, 0.026510702446103096, 0.03574975999072194]
[0.4642857142857143, 0.5, 0.3333333333333333, 0.42424242424242425, 0.6153846153846154, 0.5869565217391305, 0.0, 0.0, 0.46680186822811004, 0.46680967780417737, 0.47102954134658465, 0.5226945005862202, 0.07640532883150238, 0.07640532883150238, 0.9287416562438011, 0.0, 0.0, 0.0, 0.06002806313335895, 0.4863101337105036, 0.48813027795404196, 0.0, -0.0, 0.09491860121488571, 0.4620325595140457, 0.08558667451143265, 0.6070499260758245, 0.026295633986592293, 0.033219854813069105]
[0.4642857142857143, 0.5, 0.3333333333333333, 0.42424242424242425, 0.6153846153846154, 0.5869565217391305, 0.0, 0.0, 0.4745342488726512, 0.47453954548042543, 0.4691584911446726, 0.5243643936595265, 0.07022791409066746, 0.07022791409066746, 0.934619914740324, 0.0, 0.0, 0.0, 0.04794661067426204, 0.48837340623140335, 0.48992329370230436, 0.0, -0.0, 0.09378185123205185, 0.4624872595071793, 0.08496706932783127, 0.6255617581827696, 0.024536091834306717, 0.02826005918905139]
[0.4642857142857143, 0.5, 0.3333333333333333, 0.42424242424242425, 0.6153846153846154, 0.5869565217391305, 0.30698689818382263, 0.30518877506256104, 0.35386077350229883, 0.3538634859125199, 0.4660580324625194, 0.5289870672147948, 0.0676401411848409, 0.0676401411848409, 0.922943402081728, 0.0, 0.0, 0.0, 0.06769364662468433, 0.4891354199498892, 0.49052853509783745, 0.10371384024620056, -0.0, 0.09521613270044327, 0.46191354691982267, 0.0868024230003357, 0.6229091158439947, 0.02373785339295864, 0.01852353918366134]
[0.4642857142857143, 0.5, 0.3333333333333333, 0.42424242424242425, 0.6153846153846154, 0.5869565217391305, 0.16899971663951874, 0.16746598482131958, 0.39297190542202837, 0.39297544979000637, 0.4600077165472348, 0.5345630304484654, 0.07497409890804972, 0.07497409890804972, 0.9164094515144825, 0.0, 0.0, 0.0, 0.06819487325847148, 0.4845543075352907, 0.48658514861017466, 0.10331813246011734, -0.0, 0.09937593340873718, 0.46024962663650515, 0.0910211130976677, 0.616887473436289, 0.025576744228601456, 0.017235663253813982]
[0.4642857142857143, 0.5, 0.3333333333333333, 0.42424242424242425, 0.6153846153846154, 0.5869565217391305, 0.0, 0.0, 0.44896098714941546, 0.44896572816896163, 0.4613529438042504, 0.53241899695674, 0.0572147938821997, 0.0572147938821997, 0.9412555396556854, 0.0, 0.0, 0.0, 0.03778315521776676, 0.4888913407921791, 0.4897491354495287, 0.0, -0.0, 0.07628095149993896, 0.4694876194000244, 0.0, 0.6976744186046512, 0.022284243255853653, 0.011252128751948476]
[0.4642857142857143, 0.5, 0.3333333333333333, 0.42424242424242425, 0.6153846153846154, 0.5869565217391305, 0.0, 0.0, 0.44430128292645366, 0.44430592707420624, 0.4678565798252536, 0.5259242318277783, 0.05264269986322948, 0.05264269986322948, 0.943704679608345, 0.0, 0.0, 0.0, 0.03600260503590107, 0.49022869020700455, 0.4912110986188054, 0.0, -0.0, 0.06858763843774796, 0.47256494462490084, 0.0, 0.6976744186046512, 0.019865136593580246, 0.005974227096885443]
[0.4642857142857143, 0.5, 0.3333333333333333, 0.42424242424242425, 0.6153846153846154, 0.5869565217391305, 0.0, 0.0, 0.445731424008911, 0.4457361080450492, 0.4731447540551253, 0.5206284930504936, 0.05117523616978101, 0.05117523616978101, 0.9448825586587191, 0.0, 0.0, 0.0, 0.03527477029711008, 0.4908406026661396, 0.4918921170756221, 0.0, -0.0, 0.06476996093988419, 0.47409201562404635, 0.0, 0.6976744186046512, 0.01876114495098591, 0.0038742111064493656]
[0.4642857142857143, 0.5, 0.3333333333333333, 0.42424242424242425, 0.6153846153846154, 0.5869565217391305, 0.0, 0.0, 0.44171547844122744, 0.44172008270059443, 0.48255779763708606, 0.5113736297108197, 0.049115265054362166, 0.049115265054362166, 0.9460205510258675, 0.0, 0.0, 0.0, 0.03563111685216427, 0.49126398004591465, 0.4924077186733484, 0.0, -0.0, 0.059334419667720795, 0.4762662321329117, 0.0, 0.6976744186046512, 0.01722491905093193, 0.00315478682750836]
[0.4642857142857143, 0.5, 0.3333333333333333, 0.42424242424242425, 0.6153846153846154, 0.5869565217391305, 0.0, 0.0, 0.4341156298070291, 0.4341200574178313, 0.48592401268833224, 0.5080864677415017, 0.04758578858205251, 0.04758578858205251, 0.9464941341429949, 0.0, 0.0, 0.0, 0.03555886000394821, 0.4913525525480509, 0.4923591506667435, 0.0, -0.0, 0.05529911816120148, 0.47788035273551943, 0.0, 0.6976744186046512, 0.016094733029603958, 0.00804032082669437]
[0.4642857142857143, 0.5, 0.3333333333333333, 0.42424242424242425, 0.6153846153846154, 0.5869565217391305, 0.0, 0.0, 0.42664835307155924, 0.42665262112881897, 0.4822820378307175, 0.5118080028333759, 0.04412752576172352, 0.04412752576172352, 0.9480567611753941, 0.0, 0.0, 0.0, 0.030985320173203944, 0.49209168646484613, 0.49290660861879587, 0.0, -0.0, 0.050721969455480576, 0.47971121221780777, 0.0, 0.6976744186046512, 0.015184730291366577, 0.005628466024063528]
[0.4642857142857143, 0.5, 0.3333333333333333, 0.42424242424242425, 0.6153846153846154, 0.5869565217391305, 0.0, 0.0, 0.4246061930920836, 0.4246104440543209, 0.4806515302644405, 0.5133239837216551, 0.040626972913742065, 0.040626972913742065, 0.9501202944666147, 0.0, 0.0, 0.0, 0.028659216314554214, 0.492847818415612, 0.4935004226863384, 0.0, -0.0, 0.04624779149889946, 0.4815008834004402, 0.0, 0.6976744186046512, 0.013931537047028542, 0.0016114162281155586]
[0.4642857142857143, 0.5, 0.3333333333333333, 0.42424242424242425, 0.6153846153846154, 0.5869565217391305, 0.0, 0.0, 0.4226309544269715, 0.4226325442640549, 0.4813445054892144, 0.512521460744158, 0.03992381638714246, 0.03992381638714246, 0.9500218629837036, 0.0, 0.0, 0.0, 0.029354898072779176, 0.4924182905815542, 0.49302600556984544, 0.0, -0.0, 0.043245695531368256, 0.4827017217874527, 0.0, 0.6976744186046512, 0.013231354765594006, 0.001570726599311456]

程序已被终止，正在关闭套接字...
套接字已关闭。
