YAML 文件验证通过
init data completed...
[0.4642857142857143, 0.5, 0.3333333333333333, 0.42424242424242425, 0.6153846153846154, 0.5869565217391305, 0.1532994508743286, 0.153175488114357, 0.3566271812008626, 0.3566141092070658, 0.46284515406387944, 0.5326335736779314, 0.20024218729564122, 0.20024218729564122, 0.8706680089235306, 0.0, 0.0, 0.0, 0.056109045073390006, 0.452765841037035, 0.4507383517920971, 0.0, -0.0, 0.0, 0.5, 0.04955358803272247, 0.6199008988779645, 0.04834998399019241, 0.1211779285222292]
[0.4642857142857143, 0.5, 0.3333333333333333, 0.42424242424242425, 0.6153846153846154, 0.5869565217391305, 0.0, 0.0, 0.4738416041516437, 0.4738319540114977, 0.4520703039023434, 0.5417914013966953, 0.050627583903925764, 0.050627583903925764, 0.9442381896078587, 0.0, 0.0, 0.0, 0.023401279561221597, 0.49351135501638055, 0.49300031596794724, 0.0, -0.0, 0.0, 0.5, 0.0, 0.6976744186046512, 0.01280935388058424, 0.0]
[0.4642857142857143, 0.5, 0.3333333333333333, 0.42424242424242425, 0.6153846153846154, 0.5869565217391305, 0.0, 0.0, 0.47187483322096146, 0.471862994917948, 0.44905835469867716, 0.5444487428523336, 0.05229683592915535, 0.05229683592915535, 0.9402544088661671, 0.0, 0.0, 0.0, 0.03146000690758228, 0.49315951159223914, 0.49282940244302154, 0.0, -0.0, 0.0, 0.5, 0.0, 0.6976744186046512, 0.01399507001042366, 0.0]
[0.4642857142857143, 0.5, 0.3333333333333333, 0.42424242424242425, 0.6153846153846154, 0.5869565217391305, 0.0, 0.0, 0.4712069392432218, 0.4711943202675187, 0.44724021928944047, 0.5462052272001547, 0.057655117873634615, 0.057655117873634615, 0.9346072301268578, 0.0, 0.0, 0.0, 0.03835830371826887, 0.4916862566024065, 0.49182902462780476, 0.0, -0.0, 0.0, 0.5, 0.0, 0.6976744186046512, 0.017662612721323967, 0.0]
[0.4642857142857143, 0.5, 0.3333333333333333, 0.42424242424242425, 0.6153846153846154, 0.5869565217391305, 0.6080107688903809, 0.6002861261367798, 0.29448491711005653, 0.29446659124604146, 0.4565212038233449, 0.5387611533961327, 0.10101434375558581, 0.10101434375558581, 0.864266537129879, 0.0, 0.0, 0.0, 0.08013081327080726, 0.4729530941694975, 0.47499379329383373, 0.11627604812383652, 0.11627604812383652, 0.0, 0.5, 0.0, 0.6976744186046512, 0.021557239815592766, 0.0]
[0.4642857142857143, 0.5, 0.3333333333333333, 0.42424242424242425, 0.6153846153846154, 0.5869565217391305, 0.11527647823095322, 0.1150975450873375, 0.39985987743501683, 0.3998447198484869, 0.451641338505207, 0.5419760105436158, 0.07859005193625178, 0.07859005193625178, 0.9069513529539108, 0.0, 0.0, 0.0, 0.06433470845222473, 0.4787389449775219, 0.479329377412796, 0.0, -0.0, 0.0, 0.5, 0.0, 0.6976744186046512, 0.02371807023882866, 0.0]
[0.4642857142857143, 0.5, 0.3333333333333333, 0.42424242424242425, 0.6153846153846154, 0.5869565217391305, 0.078764908015728, 0.07831093668937683, 0.38631177586761534, 0.38629611682709497, 0.4642286371318606, 0.5293746284676732, 0.05362438304083688, 0.05362438304083688, 0.9257984831929207, 0.0, 0.0, 0.0, 0.040128846839070316, 0.48561699595302343, 0.4858825309202075, 0.0, -0.0, 0.0, 0.5, 0.0, 0.6976744186046512, 0.020897183567285538, 0.0]
[0.4642857142857143, 0.5, 0.3333333333333333, 0.42424242424242425, 0.6153846153846154, 0.5869565217391305, 0.07715782523155212, 0.07669901102781296, 0.3708109782713093, 0.3707948177767985, 0.4683082246187768, 0.525407383769643, 0.05049426108598709, 0.05049426108598709, 0.9278329014778137, 0.0, 0.0, 0.0, 0.03638185635209083, 0.48686475306749344, 0.48712294083088636, 0.0, -0.0, 0.0, 0.5, 0.0, 0.6976744186046512, 0.019861696287989616, 0.0]
[0.4642857142857143, 0.5, 0.3333333333333333, 0.42424242424242425, 0.6153846153846154, 0.5869565217391305, 0.0862073004245758, 0.08559661358594894, 0.331042121062999, 0.3310248892804177, 0.46222192937967654, 0.5324612700979701, 0.04297529347240925, 0.04297529347240925, 0.9312488026916981, 0.0, 0.0, 0.0, 0.029264859296381472, 0.4892395818606019, 0.4895012667402625, 0.0, -0.0, 0.0, 0.5, 0.0, 0.6976744186046512, 0.016956409439444542, 0.0]
[0.4642857142857143, 0.5, 0.3333333333333333, 0.42424242424242425, 0.6153846153846154, 0.5869565217391305, 0.09968667477369308, 0.09895553439855576, 0.31605799202709306, 0.3160404981208349, 0.4626914897566772, 0.5327194889867688, 0.038842055946588516, 0.038842055946588516, 0.9262086488306522, 0.0, 0.0, 0.0, 0.02725190669298172, 0.48939263354986906, 0.4897306663915515, 0.0, -0.0, 0.0, 0.5, 0.0, 0.6976744186046512, 0.015428710728883743, 0.0]
[0.4642857142857143, 0.5, 0.3333333333333333, 0.42424242424242425, 0.6153846153846154, 0.5869565217391305, 0.09974271059036255, 0.09904163330793381, 0.3124538940407806, 0.31243628616770636, 0.46175827818208626, 0.5339328566376561, 0.0390001546059336, 0.0390001546059336, 0.9168662540614605, 0.0, 0.0, 0.0, 0.028450360149145124, 0.4882159875705838, 0.4886418180540204, 0.0, -0.0, 0.0, 0.5, 0.0, 0.6976744186046512, 0.015731804072856903, 0.0]
[0.4642857142857143, 0.5, 0.3333333333333333, 0.42424242424242425, 0.6153846153846154, 0.5869565217391305, 0.18694056570529938, 0.1861901581287384, 0.29247014335646915, 0.2924558519177409, 0.46296579363697116, 0.5332582186735788, 0.041695278404014456, 0.041695278404014456, 0.9039604291319847, 0.0, 0.0, 0.0, 0.03307985346764326, 0.48713361844420433, 0.4877073047682643, 0.0, -0.0, 0.0, 0.5, 0.0, 0.6976744186046512, 0.017942652106285095, 0.0]
[0.4642857142857143, 0.5, 0.3333333333333333, 0.42424242424242425, 0.6153846153846154, 0.5869565217391305, 0.45327723026275635, 0.4526967704296112, 0.2245869262724488, 0.22457053784430597, 0.4673789819385536, 0.5312408008898599, 0.1046378431575639, 0.1046378431575639, 0.8315775245428085, 0.0, 0.0, 0.0, 0.07649780809879303, 0.46619899943470955, 0.46964615769684315, 0.11233425885438919, 0.11233425885438919, 0.0, 0.5, 0.0, 0.6976744186046512, 0.04366403445601463, 0.0]
[0.4642857142857143, 0.5, 0.3333333333333333, 0.42424242424242425, 0.6153846153846154, 0.5869565217391305, 0.3005206286907196, 0.30021631717681885, 0.25194940147618716, 0.25193385640248284, 0.46620368490255587, 0.531436416382037, 0.08202818887574333, 0.08202818887574333, 0.8575988188385963, 0.0, 0.0, 0.0, 0.057314891368150704, 0.4726824052631855, 0.4741792883723974, 0.0, -0.0, 0.0, 0.5, 0.0, 0.6976744186046512, 0.040197744965553284, 0.0]
[0.4642857142857143, 0.5, 0.3333333333333333, 0.42424242424242425, 0.6153846153846154, 0.5869565217391305, 0.16306552290916443, 0.16230495274066925, 0.29802335881366326, 0.2980093864820199, 0.46671222193063333, 0.529667711230076, 0.048126639532191415, 0.048126639532191415, 0.9196884818375111, 0.0, 0.0, 0.0, 0.02875747717916965, 0.4861647803336382, 0.48658546525985, 0.0, -0.0, 0.0, 0.5, 0.0, 0.6976744186046512, 0.026612935587763786, 0.0]
[0.4642857142857143, 0.5, 0.3333333333333333, 0.42424242424242425, 0.6153846153846154, 0.5869565217391305, 0.7222273349761963, 0.7025054693222046, 0.23681631781175078, 0.23680045363096164, 0.47869706347613217, 0.5200583655058717, 0.09374122534479415, 0.09374122534479415, 0.8673556745052338, 0.0, 0.0, 0.0, 0.13448754176497457, 0.46431591361761093, 0.46832650154829025, 0.19336843490600586, 0.19336843490600586, 0.05373004078865051, 0.4785079836845398, 0.05447324365377426, 0.6091559279796689, 0.039851635694503784, 0.0]
[0.4642857142857143, 0.5, 0.3333333333333333, 0.42424242424242425, 0.6153846153846154, 0.5869565217391305, 0.11412886530160904, 0.11360161751508713, 0.39580476717101, 0.3957948634546984, 0.47113164991539247, 0.5237920010244362, 0.09530721498387201, 0.09530721498387201, 0.9076949283480644, 0.0, 0.0, 0.0, 0.2100849986076355, 0.4468497559428215, 0.4488428868353367, 0.30465081334114075, 0.30465081334114075, 0.0712646022439003, 0.47149415910243986, 0.0720474049448967, 0.5914862835130026, 0.07002360373735428, 0.0]
[0.4642857142857143, 0.5, 0.3333333333333333, 0.42424242424242425, 0.6153846153846154, 0.5869565217391305, 0.013405198231339455, 0.01330683846026659, 0.42977038852115435, 0.4297618979933613, 0.4542181196677753, 0.5397651070225941, 0.08107604192835945, 0.08107604192835945, 0.923978865146637, 0.0, 0.0, 0.0, 0.11729925200343132, 0.4700970873236656, 0.4714197404682636, 0.1716698706150055, 0.1716698706150055, 0.06703648716211319, 0.4731854051351547, 0.06780052185058594, 0.605770408414131, 0.04191071167588234, 0.013929236447438598]
[0.4642857142857143, 0.5, 0.3333333333333333, 0.42424242424242425, 0.6153846153846154, 0.5869565217391305, 0.0, 0.0, 0.44564086597690616, 0.4456331162334172, 0.4439400480080745, 0.5498824014211882, 0.08106403052806854, 0.08106403052806854, 0.9255801737308502, 0.0, 0.0, 0.0, 0.10265601798892021, 0.47395552694797516, 0.4751068539917469, 0.15078921616077423, 0.15078921616077423, 0.06505388021469116, 0.4739784479141235, 0.06532886624336243, 0.6052549772484358, 0.036917079240083694, 0.025021221954375505]
[0.4642857142857143, 0.5, 0.3333333333333333, 0.42424242424242425, 0.6153846153846154, 0.5869565217391305, 0.0, 0.0, 0.4670603278718077, 0.4670535667904476, 0.43095359770335384, 0.5627127670484514, 0.08397510541336878, 0.08397510541336878, 0.9253504313528538, 0.0, 0.0, 0.0, 0.09033901430666447, 0.4762698635458946, 0.4771670624613762, 0.13412050902843475, 0.13412050902843475, 0.06676315516233444, 0.4732947379350662, 0.06696698814630508, 0.6053550402785457, 0.03376363590359688, 0.024884615559130907]
[0.4642857142857143, 0.5, 0.3333333333333333, 0.42424242424242425, 0.6153846153846154, 0.5869565217391305, 0.0, 0.0, 0.4761198962509746, 0.476113551148493, 0.43291030536418207, 0.5605894281497826, 0.08688913924353464, 0.08688913924353464, 0.9259482398629189, 0.0, 0.0, 0.0, 0.09450744614005088, 0.47689950838685036, 0.4778008833527565, 0.14156153798103333, 0.14156153798103333, 0.06937707215547562, 0.47224917113780973, 0.06952079385519028, 0.6061545568843221, 0.03186061978340149, 0.024338182993233204]
[0.4642857142857143, 0.5, 0.3333333333333333, 0.42424242424242425, 0.6153846153846154, 0.5869565217391305, 0.0, 0.0, 0.47764277498079305, 0.47764529934576777, 0.44042672459071724, 0.5530072053740467, 0.093512838440282, 0.093512838440282, 0.9239142499864101, 0.0, 0.0, 0.0, 0.09739199355244636, 0.47520139813423157, 0.4763668607920408, 0.14591942727565765, 0.14591942727565765, 0.0716131255030632, 0.47135474979877473, 0.07162849605083466, 0.6073189162930777, 0.030818812549114227, 0.02540064975619316]
[0.4642857142857143, 0.5, 0.3333333333333333, 0.42424242424242425, 0.6153846153846154, 0.5869565217391305, 0.0, 0.0, 0.47654273023340943, 0.4765452275312653, 0.4548431393293304, 0.5384724070710794, 0.09383730590343475, 0.09383730590343475, 0.9230594225227833, 0.0, 0.0, 0.0, 0.08678481914103031, 0.47568310983479023, 0.4774218276143074, 0.13125982880592346, 0.13125982880592346, 0.07093729823827744, 0.471625080704689, 0.07056000083684921, 0.618988594343496, 0.030152158811688423, 0.024113429244607687]
[0.4642857142857143, 0.5, 0.3333333333333333, 0.42424242424242425, 0.6153846153846154, 0.5869565217391305, 0.0, 0.0, 0.473926386915247, 0.47392882010676896, 0.46817062393429176, 0.5251679993217757, 0.09146015558923995, 0.09146015558923995, 0.9239642731845379, 0.0, 0.0, 0.0, 0.07793593816459178, 0.47806116938591003, 0.4803667049854994, 0.11932933330535889, 0.11932933330535889, 0.06986723095178604, 0.4720531076192856, 0.06867066025733948, 0.6208443399085555, 0.02925168164074421, 0.020364674273878336]
[0.4642857142857143, 0.5, 0.3333333333333333, 0.42424242424242425, 0.6153846153846154, 0.5869565217391305, 0.746911883354187, 0.7226184606552124, 0.26078554503548446, 0.26078306055889533, 0.489236625584544, 0.5074060630565341, 0.10294477322271893, 0.10294477322271893, 0.8768661469221115, 0.0, 0.0, 0.0, 0.11939759254455566, 0.46521826833486557, 0.4679925888776779, 0.17334458231925964, 0.17334458231925964, 0.07287328690290451, 0.4708506852388382, 0.07054177671670914, 0.6084832133248795, 0.02904454804956913, 0.016529923304915428]
[0.4642857142857143, 0.5, 0.3333333333333333, 0.42424242424242425, 0.6153846153846154, 0.5869565217391305, 0.1202850490808487, 0.11941531300544739, 0.40113620320424065, 0.4011369097985, 0.51836502443764, 0.4758968140786688, 0.0891356250005109, 0.0891356250005109, 0.9111018516123295, 0.0, 0.0, 0.0, 0.06656337678432464, 0.47974770329892635, 0.4804423339664936, 0.0, -0.0, 0.07354796677827835, 0.47058081328868867, 0.07039646804332733, 0.6107285809378291, 0.028671380132436752, 0.016128697898238897]
[0.4642857142857143, 0.5, 0.3333333333333333, 0.42424242424242425, 0.6153846153846154, 0.5869565217391305, 0.02978404425084591, 0.029021037742495537, 0.41692162722520115, 0.4169226928149309, 0.5226796513875629, 0.4712620059066653, 0.06187883338757924, 0.06187883338757924, 0.9294801950454712, 0.0, 0.0, 0.0, 0.03964269533753395, 0.4885465521365404, 0.4888741625472903, 0.0, -0.0, 0.06809787452220917, 0.47276085019111636, 0.06488069146871567, 0.6192587021478387, 0.024822790175676346, 0.009188418043777347]
[0.4642857142857143, 0.5, 0.3333333333333333, 0.42424242424242425, 0.6153846153846154, 0.5869565217391305, 0.06324212998151779, 0.0629568099975586, 0.40141892068472695, 0.401419604485623, 0.5026537732258581, 0.49145976347808806, 0.09744066745042801, 0.09744066745042801, 0.9082693979144096, 0.0, 0.0, 0.0, 0.2660088524222374, 0.43987859040498734, 0.441366046667099, 0.38506019115448, 0.38506019115448, 0.07625818252563477, 0.4694967269897461, 0.07695569843053818, 0.5737767905689949, 0.07331421226263046, 0.05541060119867325]
[0.4642857142857143, 0.5, 0.3333333333333333, 0.42424242424242425, 0.6153846153846154, 0.5869565217391305, 0.1077594980597496, 0.10745466500520706, 0.38695061685478255, 0.3869509701519122, 0.4832958595588604, 0.5108898149343061, 0.1653594949415752, 0.1653594949415752, 0.8686886504292488, 0.0, 0.0, 0.0, 0.44200915694236753, 0.3859546408057213, 0.389180064201355, 0.6383571624755859, 0.6383571624755859, 0.09805692732334137, 0.46077722907066343, 0.10225607454776764, 0.4590975701808929, 0.15229502320289612, 0.09605500847101212]
[0.4642857142857143, 0.5, 0.3333333333333333, 0.42424242424242425, 0.6153846153846154, 0.5869565217391305, 0.3036576807498932, 0.30358800292015076, 0.30102560944128676, 0.3010240366992257, 0.47372014401747664, 0.5213950395533454, 0.6573661310332163, 0.6573661310332163, 0.7210025042295456, 0.0, 0.0, 0.0, 0.6296252250671386, 0.21856775879859924, 0.21635273098945618, 0.8946261405944824, 0.8946261405944824, 0.3127627670764923, 0.37489489316940305, 0.3323628008365631, 0.36705487966537476, 0.47494032979011536, 0.1446665357798338]
[0.4642857142857143, 0.5, 0.3333333333333333, 0.42424242424242425, 0.6153846153846154, 0.5869565217391305, 0.22925415635108948, 0.2291049361228943, 0.31646554875784116, 0.31646207276995275, 0.4692388662416666, 0.5257201343553194, 0.5461116135120392, 0.5461116135120392, 0.7026579827070236, 0.0, 0.0, 0.0, 0.6333244085311889, 0.21909281611442566, 0.21465134620666504, 0.9000446796417236, 0.9000446796417236, 0.31274664402008057, 0.37490134239196776, 0.3328533470630646, 0.36685866117477417, 0.6086563467979431, 0.13633796945214272]
[0.4642857142857143, 0.5, 0.3333333333333333, 0.42424242424242425, 0.6153846153846154, 0.5869565217391305, 0.21919773519039154, 0.21901163458824158, 0.3191249530128494, 0.31912152261168736, 0.4657695596578244, 0.5292031967338544, 0.544360705784389, 0.544360705784389, 0.6997452676296234, 0.0, 0.0, 0.0, 0.6310798227787018, 0.22030764818191528, 0.2158513367176056, 0.8973403573036194, 0.8973403573036194, 0.30869072675704956, 0.37652370929718015, 0.3278748393058777, 0.3688500642776489, 0.6331346035003662, 0.12951690703630447]
[0.4642857142857143, 0.5, 0.3333333333333333, 0.42424242424242425, 0.6153846153846154, 0.5869565217391305, 0.21736283600330353, 0.21720144152641296, 0.3166386301613219, 0.31663513138007027, 0.45858318548129573, 0.5364314323464903, 0.5646521065916335, 0.5646521065916335, 0.6942810863256454, 0.0, 0.0, 0.0, 0.6294868081808089, 0.2106548249721527, 0.21109235286712646, 0.8950488567352295, 0.8950488567352295, 0.3068971037864685, 0.3772411584854126, 0.32672059535980225, 0.36931176185607906, 0.6244086027145386, 0.12638426385819912]
[0.4642857142857143, 0.5, 0.3333333333333333, 0.42424242424242425, 0.6153846153846154, 0.5869565217391305, 0.21943877637386322, 0.21930702030658722, 0.3149553972722011, 0.3149518529042231, 0.4410849684283109, 0.5542549873528706, 0.6051067369324821, 0.6051067369324821, 0.6980836391448975, 0.0, 0.0, 0.0, 0.6280461877584457, 0.20136016607284546, 0.2046862542629242, 0.8931967616081238, 0.8931967616081238, 0.30470508337020874, 0.3781179666519165, 0.3270359933376312, 0.3691856026649475, 0.6098823547363281, 0.12299287132918835]
[0.4642857142857143, 0.5, 0.3333333333333333, 0.42424242424242425, 0.6153846153846154, 0.5869565217391305, 0.15750055015087128, 0.15742704272270203, 0.3297375657134485, 0.32973447721273447, 0.31749166038250604, 0.6822927521879263, 0.6404224250997816, 0.6404224250997816, 0.7167527824640274, 0.0, 0.0, 0.0, 0.6277367472648621, 0.2037907838821411, 0.20659342408180237, 0.8936552405357361, 0.8936552405357361, 0.3040016293525696, 0.37839934825897215, 0.32649505138397217, 0.3694019794464111, 0.6197242736816406, 0.12230281718075275]
[0.4642857142857143, 0.5, 0.3333333333333333, 0.42424242424242425, 0.6153846153846154, 0.5869565217391305, 0.030610129237174988, 0.030351728200912476, 0.33381121837842076, 0.3338081640677516, 0.30837601320693414, 0.69171748876521, 0.5996705591678619, 0.5996705591678619, 0.7173489183187485, 0.0, 0.0, 0.0, 0.6229061543941498, 0.20405972003936768, 0.21075990796089172, 0.8890100121498108, 0.8890100121498108, 0.301260769367218, 0.3794956922531128, 0.3199933171272278, 0.37200267314910884, 0.7065389752388, 0.14493439346551895]
[0.4642857142857143, 0.5, 0.3333333333333333, 0.42424242424242425, 0.6153846153846154, 0.5869565217391305, 0.008960682898759842, 0.008963464759290218, 0.3251495238243963, 0.325146389736956, 0.2918601929571615, 0.7094440582782721, 0.5714714740003859, 0.5714714740003859, 0.7097918391227722, 0.0, 0.0, 0.0, 0.6144718199968338, 0.20447346568107605, 0.21153756976127625, 0.8772028088569641, 0.8772028088569641, 0.3014385998249054, 0.37942456007003783, 0.3149619698524475, 0.374015212059021, 0.7609742879867554, 0.15518095344305038]
[0.4642857142857143, 0.5, 0.3333333333333333, 0.42424242424242425, 0.6153846153846154, 0.5869565217391305, 0.0, 0.0, 0.3227312049719845, 0.32272799110777295, 0.2962545026556711, 0.7048796417101797, 0.5117902798312052, 0.5117902798312052, 0.7097169905900955, 0.0, 0.0, 0.0, 0.6047120422124862, 0.2131878137588501, 0.2175949513912201, 0.8638501167297363, 0.8638501167297363, 0.3035838007926941, 0.37856647968292234, 0.3123815357685089, 0.37504738569259644, 0.7761815190315247, 0.15368369407951832]
[0.4642857142857143, 0.5, 0.3333333333333333, 0.42424242424242425, 0.6153846153846154, 0.5869565217391305, 0.0, 0.0, 0.3136435252530625, 0.3136400720585373, 0.4002125135571277, 0.5966506816410375, 0.5087358398096903, 0.5087358398096903, 0.701880544424057, 0.0, 0.0, 0.0, 0.6004862695932388, 0.19334286451339722, 0.20395147800445557, 0.8582351207733154, 0.8582351207733154, 0.30354902148246765, 0.37858039140701294, 0.31066271662712097, 0.3757349133491516, 0.7716795802116394, 0.14916874468326569]
[0.4642857142857143, 0.5, 0.3333333333333333, 0.42424242424242425, 0.6153846153846154, 0.5869565217391305, 0.2534945607185364, 0.25326910614967346, 0.28748589583154394, 0.2874818158195306, 0.4579059148837686, 0.5378988975611922, 0.48838500465665546, 0.48838500465665546, 0.6611638516187668, 0.0, 0.0, 0.0, 0.6007852375507354, 0.184289813041687, 0.1970156729221344, 0.8577166795730591, 0.8577166795730591, 0.30330705642700195, 0.3786771774291992, 0.31047624349594116, 0.37580950260162355, 0.778012216091156, 0.1462483312934637]
[0.4642857142857143, 0.5, 0.3333333333333333, 0.42424242424242425, 0.6153846153846154, 0.5869565217391305, 0.314481645822525, 0.3143068253993988, 0.26705376550298804, 0.2670402946253352, 0.4718140376229587, 0.524450515533218, 0.3821455580847604, 0.3821455580847604, 0.6299015283584595, 0.0, 0.0, 0.0, 0.581691363453865, 0.20115020871162415, 0.2109156847000122, 0.8239487409591675, 0.8239487409591675, 0.30342379212379456, 0.3786304831504822, 0.3079772889614105, 0.3768090844154358, 0.8155008554458618, 0.10881630703806877]
[0.4642857142857143, 0.5, 0.3333333333333333, 0.42424242424242425, 0.6153846153846154, 0.5869565217391305, 0.30317872762680054, 0.3029332160949707, 0.2672645129391613, 0.2672511332349613, 0.47189715647104824, 0.5244365090115298, 0.37263427461896625, 0.37263427461896625, 0.6291405111551285, 0.0, 0.0, 0.0, 0.5781845241785049, 0.20543810725212097, 0.21591216325759888, 0.8194624185562134, 0.8194624185562134, 0.3047427237033844, 0.37810291051864625, 0.30899515748023987, 0.37640193700790403, 0.8259330987930298, 0.09913161396980286]
[0.3755683239017214, 0.4044581949710846, 0.1910836100578308, 0.1910836100578308, 0.6153846153846154, 0.5869565217391305, 0.2795398235321045, 0.2792612612247467, 0.26306112045083857, 0.2630477407466385, 0.4773552224581374, 0.5194987371541752, 0.36667964288166593, 0.36667964288166593, 0.627737432718277, 0.0, 0.0, 0.0, 0.5759227484464645, 0.21046355366706848, 0.21892410516738892, 0.8165817856788635, 0.8165817856788635, 0.3059365749359131, 0.3776253700256348, 0.31261077523231506, 0.37495568990707395, 0.825275182723999, 0.07954240776598454]
[0.39013295939990456, 0.420143187046051, 0.15971362590789795, 0.15971362590789795, 0.6153846153846154, 0.5869565217391305, 0.2791285812854767, 0.2788101136684418, 0.25781219639240216, 0.2577987938948389, 0.4835531638639607, 0.5135194396602898, 0.3556816705635616, 0.3556816705635616, 0.6255563944578171, 0.0, 0.0, 0.0, 0.5723871409893035, 0.21152585744857788, 0.21948906779289246, 0.8116670846939087, 0.8116670846939087, 0.3036010265350342, 0.37855958938598633, 0.3119271397590637, 0.37522914409637453, 0.818958580493927, 0.05800713784992695]
[0.3908368128218821, 0.42090118303894997, 0.15819763392210007, 0.15819763392210007, 0.6153846153846154, 0.5869565217391305, 0.27904677391052246, 0.27871161699295044, 0.25776070618492697, 0.25774723530727406, 0.4846368059373495, 0.5124528014358503, 0.35171123487608774, 0.35171123487608774, 0.6251556873321533, 0.0, 0.0, 0.0, 0.5715308547019958, 0.2119617462158203, 0.219829261302948, 0.810547411441803, 0.810547411441803, 0.3032669126987457, 0.3786932349205017, 0.31181657314300537, 0.3752733707427979, 0.8192305564880371, 0.05058234557509422]
[0.4177829008549452, 0.44992004707455635, 0.1001599058508873, 0.1001599058508873, 0.6153846153846154, 0.5869565217391305, 0.2633081376552582, 0.26211023330688477, 0.2548113133665708, 0.254797842488918, 0.5137848106442628, 0.48362355906415805, 0.34211454646927975, 0.34211454646927975, 0.6276248246431351, 0.0, 0.0, 0.0, 0.5711035460233688, 0.2265511155128479, 0.23021718859672546, 0.8118699789047241, 0.8118699789047241, 0.29943031072616577, 0.3802278757095337, 0.3092101812362671, 0.37631592750549314, 0.8100293874740601, 0.0]
[0.41742987584854874, 0.4495398662984371, 0.10092026740312576, 0.10092026740312576, 0.6153846153846154, 0.5869565217391305, 0.2654421925544739, 0.26434001326560974, 0.25496717438415173, 0.2549537490932253, 0.5163317723894211, 0.4811044422613225, 0.341814894761358, 0.341814894761358, 0.6259372979402542, 0.0, 0.0, 0.0, 0.5712284445762634, 0.22748160362243652, 0.22954648733139038, 0.8117954730987549, 0.8117954730987549, 0.2984625995159149, 0.38061496019363406, 0.3079194724559784, 0.37683221101760866, 0.80804443359375, 0.0]
[0.37987040754939827, 0.40909120813012123, 0.18181758373975754, 0.18181758373975754, 0.6153846153846154, 0.5869565217391305, 0.46888744831085205, 0.4676471948623657, 0.22342446474910466, 0.22341081152454617, 0.5158330051666464, 0.4828104742119868, 0.452472631420408, 0.452472631420408, 0.626331090927124, 0.0, 0.0, 0.0, 0.5626499146223067, 0.2151627540588379, 0.2108023762702942, 0.7944543361663818, 0.7944543361663818, 0.3163663446903229, 0.37345346212387087, 0.3226660192012787, 0.3709335923194885, 0.7817497849464417, 0.0]
[0.4642857142857143, 0.5, 0.3333333333333333, 0.42424242424242425, 0.6153846153846154, 0.5869565217391305, 0.2456042617559433, 0.2447977364063263, 0.28323039771493946, 0.28321724594437137, 0.5292428364945188, 0.467645120843596, 0.422502372946058, 0.422502372946058, 0.6727082878351212, 0.0, 0.0, 0.0, 0.5737455874681472, 0.24624162912368774, 0.24592164158821106, 0.8105323910713196, 0.8105323910713196, 0.3103491961956024, 0.375860321521759, 0.31442612409591675, 0.3742295503616333, 0.7334945201873779, 0.07222018670290709]
[0.4642857142857143, 0.5, 0.3333333333333333, 0.42424242424242425, 0.6153846153846154, 0.5869565217391305, 0.2364920675754547, 0.23559202253818512, 0.2829648322402633, 0.28294972024045983, 0.5335276326303501, 0.4635906943804853, 0.43005064129829407, 0.43005064129829407, 0.6814427077770233, 0.0, 0.0, 0.0, 0.5793687552213669, 0.24031737446784973, 0.23860827088356018, 0.8182730078697205, 0.8182730078697205, 0.31081828474998474, 0.3756726861000061, 0.31337445974349976, 0.3746502161026001, 0.7209640145301819, 0.09178218431770802]
[0.4642857142857143, 0.5, 0.3333333333333333, 0.42424242424242425, 0.6153846153846154, 0.5869565217391305, 0.195392906665802, 0.19395966827869415, 0.2892791408881631, 0.28926405168172276, 0.5485528951393259, 0.4485262415326526, 0.46971846904073444, 0.46971846904073444, 0.705556109547615, 0.0, 0.0, 0.0, 0.5859169900417327, 0.23595410585403442, 0.23384243249893188, 0.8271716237068176, 0.8271716237068176, 0.3114653527736664, 0.37541385889053347, 0.3079567551612854, 0.37681729793548585, 0.6962707042694092, 0.1469335611909628]
[0.4642857142857143, 0.5, 0.3333333333333333, 0.42424242424242425, 0.6153846153846154, 0.5869565217391305, 0.1860785037279129, 0.18440838158130646, 0.2896568497097971, 0.2896416237431776, 0.5624499061139546, 0.43475444589877854, 0.4718832245894841, 0.4718832245894841, 0.7116738259792328, 0.0, 0.0, 0.0, 0.5881610125303268, 0.23741242289543152, 0.2328375279903412, 0.8298132419586182, 0.8298132419586182, 0.31019243597984314, 0.37592302560806273, 0.3029341399669647, 0.37882634401321413, 0.6849235892295837, 0.16164861619472504]
[0.4642857142857143, 0.5, 0.3333333333333333, 0.42424242424242425, 0.6153846153846154, 0.5869565217391305, 0.1768510639667511, 0.1751352846622467, 0.2906401326050038, 0.29062497501847395, 0.5753261846976344, 0.42207504498976317, 0.46387687325477606, 0.46387687325477606, 0.7162815034389496, 0.0, 0.0, 0.0, 0.5902306944131851, 0.24525871872901917, 0.2371203899383545, 0.8320003151893616, 0.8320003151893616, 0.30831632018089294, 0.37667347192764283, 0.29602253437042236, 0.3815909862518311, 0.6711738109588623, 0.18857279792428017]
[0.4642857142857143, 0.5, 0.3333333333333333, 0.42424242424242425, 0.6153846153846154, 0.5869565217391305, 0.1747743934392929, 0.17325198650360107, 0.29798595490464747, 0.29797072893802795, 0.56827697813169, 0.42875534667061066, 0.46160299863134113, 0.46160299863134113, 0.7209043204784393, 0.0, 0.0, 0.0, 0.5967362880706787, 0.24441879987716675, 0.23853164911270142, 0.8398464918136597, 0.8398464918136597, 0.29984110593795776, 0.3800635576248169, 0.28083738684654236, 0.38766504526138307, 0.6467282176017761, 0.22839464247226715]
[0.4642857142857143, 0.5, 0.3333333333333333, 0.42424242424242425, 0.6153846153846154, 0.5869565217391305, 0.18245911598205566, 0.18176545202732086, 0.3057310713408782, 0.30571579978753227, 0.5348281364595913, 0.46114932004119374, 0.5348046549728939, 0.5348046549728939, 0.7211880385875702, 0.0, 0.0, 0.0, 0.6082596451044082, 0.22570616006851196, 0.22713685035705566, 0.859213650226593, 0.859213650226593, 0.2914469540119171, 0.38342121839523313, 0.27472493052482605, 0.3901100277900696, 0.5805704593658447, 0.2391982078552246]
[0.4642857142857143, 0.5, 0.3333333333333333, 0.42424242424242425, 0.6153846153846154, 0.5869565217391305, 0.18346662819385529, 0.18280592560768127, 0.31051643537517715, 0.31050107264837845, 0.5372666673268233, 0.4586046347831854, 0.5634903269154685, 0.5634903269154685, 0.7230769693851471, 0.0, 0.0, 0.0, 0.6114035964012146, 0.2222021520137787, 0.22415649890899658, 0.8652853965759277, 0.8652853965759277, 0.28934335708618164, 0.3842626571655273, 0.27350395917892456, 0.3905984163284302, 0.576587438583374, 0.23955672979354858]
[0.4642857142857143, 0.5, 0.3333333333333333, 0.42424242424242425, 0.6153846153846154, 0.5869565217391305, 0.05319409817457199, 0.05293411761522293, 0.35869883579232265, 0.3586841796597833, 0.654366445359035, 0.3464369331166981, 0.5815701612404415, 0.5815701612404415, 0.7445701956748962, 0.0, 0.0, 0.0, 0.6163965135812759, 0.23111823201179504, 0.23959794640541077, 0.8774527907371521, 0.8774527907371521, 0.256864458322525, 0.39725421667099, 0.25819292664527893, 0.3967228293418884, 0.5265581607818604, 0.22041646763682365]
[0.4642857142857143, 0.5, 0.3333333333333333, 0.42424242424242425, 0.6153846153846154, 0.5869565217391305, 0.01591171883046627, 0.01590465009212494, 0.3582344324137467, 0.3582196623143913, 0.605516928787669, 0.39336373832845273, 0.5280999200684684, 0.5280999200684684, 0.7463806569576263, 0.0, 0.0, 0.0, 0.6171389788389205, 0.25671783089637756, 0.26436877250671387, 0.8795151114463806, 0.8795151114463806, 0.24822112917900085, 0.40071154832839967, 0.25439175963401794, 0.3982432961463928, 0.5217259526252747, 0.20353760570287704]
[0.4642857142857143, 0.5, 0.3333333333333333, 0.42424242424242425, 0.6153846153846154, 0.5869565217391305, 0.012181387282907963, 0.012184711173176765, 0.359328867144612, 0.3593140514585301, 0.5920930567480638, 0.40645255362731725, 0.521818016256605, 0.521818016256605, 0.7470588237047195, 0.0, 0.0, 0.0, 0.6170727640390395, 0.25822922587394714, 0.2658034563064575, 0.8797774314880371, 0.8797774314880371, 0.2434857040643692, 0.4026057183742523, 0.25266608595848083, 0.39893356561660764, 0.516607403755188, 0.18591130152344704]
[0.4642857142857143, 0.5, 0.3333333333333333, 0.42424242424242425, 0.6153846153846154, 0.5869565217391305, 0.0, 0.0, 0.3684066887339488, 0.3683937193102864, 0.5908532402483501, 0.40805326314496215, 0.5050099534647806, 0.5050099534647806, 0.7509154826402664, 0.0, 0.0, 0.0, 0.6123251378536224, 0.2598468214273453, 0.26699016988277435, 0.8760473132133484, 0.8760473132133484, 0.23008383810520172, 0.4079664647579193, 0.24599185585975647, 0.4016032576560974, 0.5138002038002014, 0.1603771559894085]
[0.4642857142857143, 0.5, 0.3333333333333333, 0.42424242424242425, 0.6153846153846154, 0.5869565217391305, 0.0, 0.0, 0.3755138987109037, 0.375500906493878, 0.5924663949423037, 0.4063548840659932, 0.5008883561406817, 0.5008883561406817, 0.7519370540976524, 0.0, 0.0, 0.0, 0.6111812114715576, 0.2600993365049362, 0.26704253256320953, 0.8749869465827942, 0.8749869465827942, 0.22739435732364655, 0.40904225707054137, 0.24359329044818878, 0.40256268382072447, 0.5227237343788147, 0.1569548062980175]
[0.4642857142857143, 0.5, 0.3333333333333333, 0.42424242424242425, 0.6153846153846154, 0.5869565217391305, 0.0, 0.0, 0.437027459162827, 0.4370147404661598, 0.553862329878725, 0.44450401069506584, 0.4295001498290471, 0.4295001498290471, 0.7749796956777573, 0.0, 0.0, 0.0, 0.6105866342782974, 0.3027564734220505, 0.312734991312027, 0.8777880668640137, 0.8777880668640137, 0.232225239276886, 0.4071099042892456, 0.2503768801689148, 0.3998492479324341, 0.54536372423172, 0.154522517696023]
[0.4642857142857143, 0.5, 0.3333333333333333, 0.42424242424242425, 0.6153846153846154, 0.5869565217391305, 0.0, 0.0, 0.4578754458555072, 0.45786280408644087, 0.5082543151841337, 0.4894513490728343, 0.40987466062818256, 0.40987466062818256, 0.7939407899975777, 0.0, 0.0, 0.0, 0.6068445175886154, 0.31656354665756226, 0.32561883330345154, 0.8734835982322693, 0.8734835982322693, 0.23106661438941956, 0.4075733542442322, 0.2510964274406433, 0.3995614290237427, 0.545400857925415, 0.15321624465286732]
[0.4642857142857143, 0.5, 0.3333333333333333, 0.42424242424242425, 0.6153846153846154, 0.5869565217391305, 0.0654764324426651, 0.0653373971581459, 0.4178291107910769, 0.4178157139918544, 0.3560062557971728, 0.6403349286460918, 0.4574506623404367, 0.4574506623404367, 0.7851572409272194, 0.0, 0.0, 0.0, 0.6058837980031967, 0.2941967397928238, 0.3061874359846115, 0.8689735531806946, 0.8689735531806946, 0.23093898594379425, 0.4076244056224823, 0.2820902168750763, 0.38716391324996946, 0.5219849944114685, 0.11405061930418015]
[0.4642857142857143, 0.5, 0.3333333333333333, 0.42424242424242425, 0.6153846153846154, 0.5869565217391305, 0.08610356599092484, 0.0858679860830307, 0.4206528836864814, 0.42063949258559974, 0.37205656719025415, 0.6239155186243263, 0.4618868870394571, 0.4618868870394571, 0.7796570137143135, 0.0, 0.0, 0.0, 0.6069633245468139, 0.2959686368703842, 0.3068150132894516, 0.8694007396697998, 0.8694007396697998, 0.23383544385433197, 0.40646582245826723, 0.2873258590698242, 0.3850696563720703, 0.5196132063865662, 0.10665642097592354]
[0.4642857142857143, 0.5, 0.3333333333333333, 0.42424242424242425, 0.6153846153846154, 0.5869565217391305, 0.07221540808677673, 0.07169629633426666, 0.44198711834719717, 0.4419737785313827, 0.3983282204111949, 0.5969844733501205, 0.43000393680163795, 0.43000393680163795, 0.7838537991046906, 0.0, 0.0, 0.0, 0.607799145579338, 0.31558088958263397, 0.3182445764541626, 0.8698493242263794, 0.8698493242263794, 0.2387864589691162, 0.4044854164123535, 0.2876168489456177, 0.38495326042175293, 0.4828413724899292, 0.10109949856996536]
[0.4642857142857143, 0.5, 0.3333333333333333, 0.42424242424242425, 0.6153846153846154, 0.5869565217391305, 0.04066545143723488, 0.03998839482665062, 0.4395230247231332, 0.4395094740687091, 0.43259657751305836, 0.5614929346299258, 0.4174359142780304, 0.4174359142780304, 0.7926173210144043, 0.0, 0.0, 0.0, 0.6079900711774826, 0.31896695494651794, 0.31885893642902374, 0.8700861930847168, 0.8700861930847168, 0.24590472877025604, 0.40163810849189757, 0.28732338547706604, 0.3850706458091736, 0.4924631714820862, 0.10457492433488369]
[0.4642857142857143, 0.5, 0.3333333333333333, 0.42424242424242425, 0.6153846153846154, 0.5869565217391305, 0.04106980562210083, 0.04019613936543465, 0.4350958071064995, 0.4350822450553938, 0.45901252981809537, 0.5348797926660656, 0.3932031563350133, 0.3932031563350133, 0.7961134389042854, 0.0, 0.0, 0.0, 0.6092935264110565, 0.3128296583890915, 0.3099050968885422, 0.8725405931472778, 0.8725405931472778, 0.24756047129631042, 0.4009758114814758, 0.2817685902118683, 0.3872925639152527, 0.4991541802883148, 0.10661766864359379]
[0.4642857142857143, 0.5, 0.3333333333333333, 0.42424242424242425, 0.6153846153846154, 0.5869565217391305, 0.05256855860352516, 0.05105910450220108, 0.43077883528933697, 0.43077076643876316, 0.4735397402460671, 0.5205544744526629, 0.37463654364858356, 0.37463654364858356, 0.7956961616873741, 0.0, 0.0, 0.0, 0.608504644036293, 0.310640349984169, 0.30838923156261444, 0.8724945783615112, 0.8724945783615112, 0.24507588148117065, 0.4019696474075317, 0.26188284158706665, 0.39524686336517334, 0.47474178671836853, 0.10772324167191982]
[0.4642857142857143, 0.5, 0.3333333333333333, 0.42424242424242425, 0.6153846153846154, 0.5869565217391305, 0.05545695126056671, 0.05372360348701477, 0.4312669380673031, 0.4312588293283437, 0.47744360799771196, 0.5166054672943652, 0.33992985529559, 0.33992985529559, 0.8005900606513023, 0.0, 0.0, 0.0, 0.6036923676729202, 0.3147602677345276, 0.32352909445762634, 0.870259165763855, 0.870259165763855, 0.23095540702342987, 0.40761783719062805, 0.23902268707752228, 0.4043909251689911, 0.4452803134918213, 0.04617557395249605]
[0.4642857142857143, 0.5, 0.3333333333333333, 0.42424242424242425, 0.6153846153846154, 0.5869565217391305, 0.0, 0.0, 0.48543342543377704, 0.4854260831216553, 0.5718349594459023, 0.4248681209232743, 0.32131781535489223, 0.32131781535489223, 0.8133176565170288, 0.0, 0.0, 0.0, 0.5995720714330672, 0.32322119176387787, 0.3356763571500778, 0.8693933486938477, 0.8693933486938477, 0.2230350524187088, 0.41078597903251646, 0.2219424843788147, 0.41122300624847413, 0.43245548009872437, 0.0]
[0.4642857142857143, 0.5, 0.3333333333333333, 0.42424242424242425, 0.6153846153846154, 0.5869565217391305, 0.0, 0.0, 0.5319143696679212, 0.5319079162969644, 0.7184977494963725, 0.28616193552951236, 0.3300012541668756, 0.3300012541668756, 0.8215119019150734, 0.0, 0.0, 0.0, 0.5962332308292388, 0.3353291153907776, 0.3437080383300781, 0.8692787289619446, 0.8692787289619446, 0.20786847174167633, 0.41685261130332946, 0.1977994740009308, 0.4208802103996277, 0.4309268891811371, 0.0]
[0.4642857142857143, 0.5, 0.3333333333333333, 0.42424242424242425, 0.6153846153846154, 0.5869565217391305, 0.0, 0.0, 0.5472747515993865, 0.5472684805753354, 0.7059152431743323, 0.2984299846128063, 0.3345045340912683, 0.3345045340912683, 0.8276028260588646, 0.0, 0.0, 0.0, 0.5871135503053665, 0.36060209572315216, 0.37125618755817413, 0.8632218837738037, 0.8632218837738037, 0.19769759476184845, 0.42092096209526064, 0.1885155290365219, 0.42459378838539125, 0.4562910199165344, 0.0]
[0.4642857142857143, 0.5, 0.3333333333333333, 0.42424242424242425, 0.6153846153846154, 0.5869565217391305, 0.0, 0.0, 0.5098306664317334, 0.5098235805449477, 0.5044139187576439, 0.4913865454971398, 0.3385074862412044, 0.3385074862412044, 0.8429903462529182, 0.0, 0.0, 0.0, 0.573541247844696, 0.3597415089607239, 0.3734387159347534, 0.8442854285240173, 0.8442854285240173, 0.19603048264980316, 0.42158780694007875, 0.18798032402992249, 0.42480787038803103, 0.39714452624320984, 0.0]
[0.4642857142857143, 0.5, 0.3333333333333333, 0.42424242424242425, 0.6153846153846154, 0.5869565217391305, 0.05177043005824089, 0.05083571374416351, 0.4749490567420682, 0.47494144660792886, 0.47507195570728744, 0.5192662647936991, 0.2979834909949984, 0.2979834909949984, 0.867519736289978, 0.0, 0.0, 0.0, 0.5350853860378265, 0.367517426609993, 0.3720385283231735, 0.7761616706848145, 0.7761616706848145, 0.17351530492305756, 0.430593878030777, 0.18250803649425507, 0.42699678540229796, 0.257756769657135, 0.14344306662678719]
[0.4642857142857143, 0.5, 0.3333333333333333, 0.42424242424242425, 0.6153846153846154, 0.5869565217391305, 0.0, 0.0, 0.5099386777693181, 0.5099314059741639, 0.4767989604012688, 0.5173082123244419, 0.25674244122845785, 0.25674244122845785, 0.8795633874833584, 0.0, 0.0, 0.0, 0.453810515999794, 0.3866950646042824, 0.39204680174589157, 0.6670530438423157, 0.6670530438423157, 0.15419147908687592, 0.43832340836524963, 0.16149407625198364, 0.4354023694992065, 0.19965656101703644, 0.14332838356494904]
[0.4642857142857143, 0.5, 0.3333333333333333, 0.42424242424242425, 0.6153846153846154, 0.5869565217391305, 0.0, 0.0, 0.5134801730713014, 0.5134729433014106, 0.4765110303635351, 0.5176037197308554, 0.25512231247765677, 0.25512231247765677, 0.8844844400882721, 0.0, 0.0, 0.0, 0.3674131780862808, 0.4050072133541107, 0.4093935638666153, 0.5407360196113586, 0.5407360196113586, 0.14723822474479675, 0.4411047101020813, 0.15285906195640564, 0.43885637521743776, 0.14269748330116272, 0.14168479479849339]
[0.4642857142857143, 0.5, 0.3333333333333333, 0.42424242424242425, 0.6153846153846154, 0.5869565217391305, 0.0, 0.0, 0.5187799619443102, 0.5187728162249461, 0.48088387868600413, 0.513458572833027, 0.25457251284803667, 0.25457251284803667, 0.8853392004966736, 0.0, 0.0, 0.0, 0.292193029820919, 0.41949741542339325, 0.423587866127491, 0.4318963289260864, 0.4318963289260864, 0.14282986521720886, 0.44286805391311646, 0.14619790017604828, 0.4415208399295807, 0.09350140392780304, 0.14182301238179207]
[0.4642857142857143, 0.5, 0.3333333333333333, 0.42424242424242425, 0.6153846153846154, 0.5869565217391305, 0.0, 0.0, 0.531427668681792, 0.5314206796668, 0.4921637122478357, 0.5024100826479002, 0.2469396484749658, 0.2469396484749658, 0.8836066983640194, 0.0, 0.0, 0.0, 0.16035737618803977, 0.46211356669664383, 0.46384815126657486, 0.23855219781398773, 0.23855219781398773, 0.13647902011871338, 0.44540839195251464, 0.13549692928791046, 0.4458012282848358, 0.059308603405952454, 0.1284288428723812]
[0.4642857142857143, 0.5, 0.3333333333333333, 0.42424242424242425, 0.6153846153846154, 0.5869565217391305, 0.0, 0.0, 0.5670639381353987, 0.567072365981443, 0.5087373870394654, 0.48682221440415946, 0.23833520710468295, 0.23833520710468295, 0.8855425305664539, 0.0, 0.0, 0.0, 0.12387230172753333, 0.473176259547472, 0.4747089333832264, 0.18707619607448578, 0.18707619607448578, 0.13303910195827484, 0.4467843592166901, 0.12867124378681183, 0.4740011206893034, 0.05561463534832001, 0.10927853174507618]
[0.4642857142857143, 0.5, 0.3333333333333333, 0.42424242424242425, 0.6153846153846154, 0.5869565217391305, 0.0, 0.0, 0.569784041116616, 0.569792503152705, 0.5178506808002866, 0.47764928180851807, 0.21681327904973713, 0.21681327904973713, 0.8886160589754581, 0.0, 0.0, 0.0, 0.10372959375381469, 0.47718270123004913, 0.4797003734856844, 0.1598697006702423, 0.1598697006702423, 0.13318270444869995, 0.44672691822052, 0.12458877265453339, 0.5104607412981432, 0.05253993347287178, 0.09501398541033268]
[0.4642857142857143, 0.5, 0.3333333333333333, 0.42424242424242425, 0.6153846153846154, 0.5869565217391305, 0.0, 0.0, 0.5663865649677371, 0.5663950213054854, 0.5186177216342029, 0.47681299901094715, 0.2019352891615459, 0.2019352891615459, 0.8911958150565624, 0.0, 0.0, 0.0, 0.0992665410041809, 0.47853407822549343, 0.4814576841890812, 0.15431401133537292, 0.15431401133537292, 0.13257648050785065, 0.44696940779685973, 0.12014517188072205, 0.5251984090306039, 0.049549855291843414, 0.08417204022407532]
[0.4642857142857143, 0.5, 0.3333333333333333, 0.42424242424242425, 0.6153846153846154, 0.5869565217391305, 0.0, 0.0, 0.5579964761296377, 0.5580049096740227, 0.5236894614837821, 0.4717785377068861, 0.17502597932304656, 0.17502597932304656, 0.8961710184812546, 0.0, 0.0, 0.0, 0.08408039361238479, 0.4812824986875057, 0.48542513977736235, 0.1347147673368454, 0.1347147673368454, 0.13345126807689667, 0.44661949276924134, 0.11572950333356857, 0.5393029402854831, 0.046463754028081894, 0.04317933227866888]
[0.4642857142857143, 0.5, 0.3333333333333333, 0.42424242424242425, 0.6153846153846154, 0.5869565217391305, 0.0, 0.0, 0.5506972947494477, 0.5507056884054472, 0.5322871408772514, 0.4634192484008144, 0.15049585274287633, 0.15049585274287633, 0.9002665616571903, 0.0, 0.0, 0.0, 0.0785644233226776, 0.4834569673985243, 0.487566402181983, 0.12542985379695892, -0.0, 0.1362372636795044, 0.44550509452819825, 0.1148543730378151, 0.5435457998930022, 0.043823618441820145, 0.027459547854959965]
[0.4642857142857143, 0.5, 0.3333333333333333, 0.42424242424242425, 0.6153846153846154, 0.5869565217391305, 0.0, 0.0, 0.5443788918436827, 0.5443872883488525, 0.5387459081627899, 0.4568704245372616, 0.13535409633602416, 0.13535409633602416, 0.905315138399601, 0.0, 0.0, 0.0, 0.07393122315406798, 0.4853757740929723, 0.48913687001913786, 0.1183699518442154, -0.0, 0.13746879994869232, 0.44501248002052307, 0.11406975239515305, 0.5507048132807709, 0.04162174463272095, 0.015932987444102764]
[0.4642857142857143, 0.5, 0.3333333333333333, 0.42424242424242425, 0.6153846153846154, 0.5869565217391305, 0.0, 0.0, 0.5359834608110825, 0.5359918573162524, 0.535344702449857, 0.46008545690872427, 0.13008221983909607, 0.13008221983909607, 0.9082999192178249, 0.0, 0.0, 0.0, 0.07270569391548633, 0.48635530285537243, 0.49003312457352877, 0.1168770045042038, -0.0, 0.13506217300891876, 0.4459751307964325, 0.11071567982435226, 0.5539722220842229, 0.03980886563658714, 0.00679491029586643]
[0.4642857142857143, 0.5, 0.3333333333333333, 0.42424242424242425, 0.6153846153846154, 0.5869565217391305, 0.0, 0.0, 0.5165280090007454, 0.516536354220848, 0.5264177586790708, 0.4687296803498537, 0.12825556099414825, 0.12825556099414825, 0.9095966815948486, 0.0, 0.0, 0.0, 0.07105557322502136, 0.4864033944904804, 0.4899254236370325, 0.11391852051019669, -0.0, 0.1288239061832428, 0.4484704375267029, 0.10605564713478088, 0.5454781755458478, 0.03846149519085884, 0.004466719692572951]
[0.4642857142857143, 0.5, 0.3333333333333333, 0.42424242424242425, 0.6153846153846154, 0.5869565217391305, 0.0, 0.0, 0.4845041471389238, 0.4845123627217732, 0.513776392770315, 0.48124547619614, 0.12695530695574625, 0.12695530695574625, 0.9087211601436138, 0.0, 0.0, 0.0, 0.07240499183535576, 0.4852830842137337, 0.4887393079698086, 0.1153058186173439, -0.0, 0.1230788603425026, 0.45076845586299896, 0.10270190984010696, 0.5397481038126835, 0.03651440516114235, 0.009930742671713233]
[0.4642857142857143, 0.5, 0.3333333333333333, 0.42424242424242425, 0.6153846153846154, 0.5869565217391305, 0.3624001741409302, 0.3587440848350525, 0.34839330667747365, 0.3484007145205146, 0.4893565685354729, 0.5065894509314073, 0.13572372496128082, 0.13572372496128082, 0.8676732555031776, 0.0, 0.0, 0.0, 0.09354619979858397, 0.4724749196320772, 0.4752701912075281, 0.1409856528043747, 0.1409856528043747, 0.1209973692893982, 0.45160105228424074, 0.10445953905582428, 0.5371784851994625, 0.03522159531712532, 0.016996330814436078]
[0.4642857142857143, 0.5, 0.3333333333333333, 0.42424242424242425, 0.6153846153846154, 0.5869565217391305, 0.17799581587314606, 0.17650623619556427, 0.40763798726448364, 0.40764524695066373, 0.49213447263660215, 0.5032488043353338, 0.13642063630478724, 0.13642063630478724, 0.8767433688044548, 0.0, 0.0, 0.0, 0.09625476896762847, 0.4721610825508833, 0.4748428091406822, 0.14499253034591675, 0.14499253034591675, 0.12061691284179688, 0.45175323486328123, 0.10529531538486481, 0.5490406481332557, 0.035250451415777206, 0.020223166793584824]
[0.4642857142857143, 0.5, 0.3333333333333333, 0.42424242424242425, 0.6153846153846154, 0.5869565217391305, 0.0, 0.0, 0.4412618335300832, 0.4412692869598505, 0.472034107544682, 0.5227705876817617, 0.10675376015050071, 0.10675376015050071, 0.8961755037307739, 0.0, 0.0, 0.0, 0.06758221425116062, 0.47931052558124065, 0.48060337267816067, 0.10327485203742981, -0.0, 0.11242613196372986, 0.45502954721450806, 0.10151449590921402, 0.5535829690999763, 0.03291219472885132, 0.02942899940535426]
[0.4642857142857143, 0.5, 0.3333333333333333, 0.42424242424242425, 0.6153846153846154, 0.5869565217391305, 0.0, 0.0, 0.4354610650534839, 0.4354685013882289, 0.46233561412782104, 0.5323417374275788, 0.09298131934234075, 0.09298131934234075, 0.9017462730407715, 0.0, 0.0, 0.0, 0.053546421229839325, 0.48314748890697956, 0.48534336127340794, 0.0, -0.0, 0.10334859788417816, 0.4586605608463287, 0.09392336755990982, 0.5653032140676366, 0.028755614534020424, 0.027310021687299013]
[0.4642857142857143, 0.5, 0.3333333333333333, 0.42424242424242425, 0.6153846153846154, 0.5869565217391305, 0.0, 0.0, 0.4275120562850631, 0.42751945842976324, 0.4593290641020634, 0.5353871002771152, 0.07378154301217625, 0.07378154301217625, 0.9172580055892467, 0.0, 0.0, 0.0, 0.04815359711647033, 0.48616135586053133, 0.4878679746761918, 0.0, -0.0, 0.08896860480308533, 0.46441255807876586, 0.08217378705739975, 0.5495238304138184, 0.02387026883661747, 0.024689894635230303]
[0.4642857142857143, 0.5, 0.3333333333333333, 0.42424242424242425, 0.6153846153846154, 0.5869565217391305, 0.0, 0.0, 0.42382355447481057, 0.42383091103278425, 0.45650791529259765, 0.5383430319415401, 0.07299811978425298, 0.07299811978425298, 0.9152097254991531, 0.0, 0.0, 0.0, 0.0472473407164216, 0.4864122550934553, 0.48816929664462805, 0.0, -0.0, 0.0861949622631073, 0.4655220150947571, 0.07972175627946854, 0.5524779717589534, 0.023017020896077156, 0.021380011457949877]
[0.4642857142857143, 0.5, 0.3333333333333333, 0.42424242424242425, 0.6153846153846154, 0.5869565217391305, 0.0, 0.0, 0.4151693646356207, 0.4151766699085272, 0.4539452090318071, 0.5412040363711512, 0.07417505607008934, 0.07417505607008934, 0.9061528220772743, 0.0, 0.0, 0.0, 0.04721103757619857, 0.48608323838561773, 0.48814062867313623, 0.0, -0.0, 0.08424557000398636, 0.46630177199840545, 0.07777251303195953, 0.5548718952855398, 0.02227904461324215, 0.01375113264657557]
[0.4642857142857143, 0.5, 0.3333333333333333, 0.42424242424242425, 0.6153846153846154, 0.5869565217391305, 0.0, 0.0, 0.4094797365979984, 0.4094869962841785, 0.4540389410396379, 0.5412402892153254, 0.07085977654371943, 0.07085977654371943, 0.907494805753231, 0.0, 0.0, 0.0, 0.04224642962217331, 0.48666500858962536, 0.48881362099200487, 0.0, -0.0, 0.07743361592292786, 0.46902655363082885, 0.07107264548540115, 0.5582289501678113, 0.02022961713373661, 0.005750104319304228]
[0.4642857142857143, 0.5, 0.3333333333333333, 0.42424242424242425, 0.6153846153846154, 0.5869565217391305, 0.0, 0.0, 0.4076156839585897, 0.4076229436447698, 0.45658050075771706, 0.5387481967937372, 0.06718292566282409, 0.06718292566282409, 0.9106089994311333, 0.0, 0.0, 0.0, 0.03967974036931991, 0.48744683526456356, 0.4895772570744157, 0.0, -0.0, 0.07209597527980804, 0.47116160988807676, 0.0657634288072586, 0.564894728189291, 0.018847795203328133, 0.0019556931511033326]
[0.4642857142857143, 0.5, 0.3333333333333333, 0.42424242424242425, 0.6153846153846154, 0.5869565217391305, 0.0, 0.0, 0.4101270852079811, 0.410134350592502, 0.45798932149806854, 0.5373047871247254, 0.06402031917657171, 0.06402031917657171, 0.9147504270076752, 0.0, 0.0, 0.0, 0.0379567252472043, 0.48794741835445166, 0.48984429333359003, 0.0, -0.0, 0.06761544942855835, 0.4729538202285767, 0.06187291443347931, 0.5635382685550424, 0.017464185133576393, 0.0018137857841793448]
[0.4642857142857143, 0.5, 0.3333333333333333, 0.42424242424242425, 0.6153846153846154, 0.5869565217391305, 0.0, 0.0, 0.41031708498529906, 0.41032434467147916, 0.4577429765269132, 0.5375378535372299, 0.0639253987797669, 0.0639253987797669, 0.9147767648100853, 0.0, 0.0, 0.0, 0.03801573235541582, 0.4879266582429409, 0.489902475848794, 0.0, -0.0, 0.06713338941335678, 0.4731466442346573, 0.061289913952350616, 0.5702094629753468, 0.017422791570425034, 0.0008901180990505964]
[0.4642857142857143, 0.5, 0.3333333333333333, 0.42424242424242425, 0.6153846153846154, 0.5869565217391305, 0.0, 0.0, 0.4123825454803087, 0.4123898222615112, 0.45770958424982106, 0.5375578832051444, 0.06408702582120895, 0.06408702582120895, 0.9143025353550911, 0.0, 0.0, 0.0, 0.03806981220841407, 0.48780423030257225, 0.48996260575950146, 0.0, -0.0, 0.06650067120790482, 0.47339973151683806, 0.060448143631219864, 0.5730615660201672, 0.017245152965188026, 0.0]

程序已被终止，正在关闭套接字...
套接字已关闭。
