[-0.16332348  0.05162878 -0.0562338 ]
[-0.15700332  0.05090845 -0.05821009]
[-0.19804077  0.04119989 -0.03959604]
[-0.19377039  0.04267928 -0.03293502]
[-0.19154286  0.04328961 -0.02932269]
[-0.18989499  0.04535903 -0.02712224]
[-0.18721258  0.04831679 -0.02691611]
[-0.18148889  0.05593141 -0.03060306]
[-0.1788358   0.06821539 -0.03389082]
[-0.17906262  0.07006826 -0.03461673]
[-0.17818214  0.07196283 -0.03478463]
[-0.17692557  0.07380272 -0.03384246]
[-0.1801703   0.08138669 -0.03077363]
[-0.18160419  0.08383822 -0.02938419]
[-0.1844118   0.08738286 -0.02748933]
[-0.16826781  0.10241271 -0.03005268]
[-0.15199397  0.10946892 -0.02646841]
[-0.14110004  0.11076965 -0.02461538]
[-0.11001463  0.10943583 -0.01891472]
[-0.09969602  0.10795477 -0.01619658]
[-0.07894056  0.10241322 -0.01324773]
[-0.07894056  0.10241322 -0.01324773]
[-0.07045578  0.09784921 -0.01132967]
[-0.05993263  0.09308921 -0.00754234]
[ 0.00552929  0.06533407 -0.0031819 ]
[ 0.00552929  0.06533407 -0.0031819 ]
[ 0.01556644  0.0617593  -0.00341877]
[ 0.05080949  0.05139991 -0.00504738]
[ 0.06591327  0.04742395 -0.00484334]
[ 0.0714915   0.04555482 -0.00407335]
[ 0.0827151   0.03833418 -0.00304274]
[ 0.09011067  0.03308104 -0.00356723]
[ 0.09011067  0.03308104 -0.00356723]
[ 0.10533506  0.0188403  -0.00030096]
[0.1080173  0.01679791 0.00013056]
[0.11078698 0.01470469 0.0002098 ]
[1.13401359e-01 1.23830149e-02 1.71841821e-05]
[ 0.11635265  0.01044222 -0.00021155]
[0.12504206 0.00311865 0.0068839 ]
[ 0.13053474 -0.00397452  0.0111319 ]
[ 0.13053474 -0.00397452  0.0111319 ]
[ 0.1321255  -0.00646177  0.01099708]
[ 0.13792071 -0.02066867  0.01121573]
[ 0.13522483 -0.02087459  0.01192163]
[ 0.09915612 -0.02351165  0.02564195]
[ 0.03720672 -0.0136761   0.02810486]
[ 0.02696473 -0.01164375  0.02651025]
[ 0.02035253 -0.00973323  0.02447553]
[-0.00425736 -0.00701247  0.01021745]
[-0.00887513 -0.00849432  0.00679663]
[-0.01242081 -0.01058715  0.00388753]
[-0.02386538 -0.01502334 -0.00354888]
[-0.02714496 -0.015826   -0.00490032]
[-0.03410144 -0.01715698 -0.00824166]
[-0.03795899 -0.01696721 -0.01019333]
[-0.04134253 -0.01666197 -0.01275401]
[-0.04792523 -0.0160579  -0.017988  ]
[-0.04792523 -0.0160579  -0.017988  ]
[-0.05050787 -0.01659561 -0.02041799]
[-0.05313545 -0.01730969 -0.0222021 ]
[-0.05891936 -0.01874508 -0.02155667]
[-0.06234241 -0.0186378  -0.0190524 ]
[-0.06525864 -0.01842729 -0.01673789]
[-0.0693881  -0.01727145 -0.01312741]
[-0.06968841 -0.01642561 -0.01014324]
[-0.06944224 -0.01598646 -0.00892494]
[-0.06944224 -0.01598646 -0.00892494]
[-0.06812774 -0.01349303 -0.00384728]
[-0.06786699 -0.00864418  0.00298946]
[-0.06846158 -0.00373617  0.00755788]
[-0.06823497  0.00525476  0.01496177]
[-0.06668929  0.00851582  0.0178562 ]
[-0.05090623  0.02507012  0.02827389]
[-0.04814769  0.02716234  0.02888899]
[-0.04508606  0.03038436  0.03031694]
[-0.04217359  0.03542986  0.03333281]
[-0.03446809  0.05474374  0.04824082]
[-0.03264242  0.06060631  0.0526895 ]
[-0.02369993  0.09038068  0.0639492 ]
[-0.02112707  0.09433585  0.06344213]
[-0.01782984  0.09804544  0.06218157]
[-0.01378528  0.1020787   0.05945568]
[-0.00440964  0.11117638  0.05062765]
[5.22792339e-05 1.15263395e-01 4.57201637e-02]
[0.00622649 0.12154719 0.03453834]
[0.00622649 0.12154719 0.03453834]
[0.0088767  0.12463423 0.02975719]
[0.01090734 0.12747499 0.02492272]
[0.08194288 0.15366048 0.00699423]
[0.1152123  0.14480396 0.01897279]
[0.11854098 0.14237335 0.01914523]
[0.12768999 0.1298085  0.02183929]
[0.12882302 0.1230867  0.0215478 ]
[0.12882302 0.1230867  0.0215478 ]
[0.13038979 0.11930005 0.02150451]
[0.13451666 0.11009086 0.01939386]
[0.13557983 0.1076275  0.01871399]
[0.13831768 0.09836737 0.01293031]
[0.14010886 0.09261615 0.00916102]
[0.14148558 0.08723155 0.00942221]
[0.14132819 0.07438047 0.00292144]
[0.14416361 0.07169943 0.00226771]
[1.54038733e-01 6.59913048e-02 1.50640495e-04]
[ 0.15957749  0.06306284 -0.00223993]
[ 0.16456333  0.06009435 -0.00495952]
[ 0.1855681   0.0398938  -0.00919626]
[ 0.19042847  0.0336432  -0.0080124 ]
[ 0.19326446  0.02994936 -0.0064828 ]
[0.2069788  0.01330128 0.00220551]
[0.20952589 0.00908881 0.00467457]
[ 0.21975193 -0.00422548  0.01464389]
[ 0.21953777 -0.00922201  0.01728547]
[ 0.21959639 -0.01367455  0.01851281]
[ 0.2281608  -0.03166022  0.02870027]
[ 0.23807088 -0.03994666  0.03233943]
[ 0.24675957 -0.04347473  0.0342706 ]
[ 0.24866051 -0.04395971  0.03537904]
[ 0.25315562 -0.04460138  0.03783924]
[ 0.26186598 -0.04451331  0.04116444]
[ 0.26301137 -0.04499913  0.04194423]
[ 0.26382611 -0.04577226  0.04304375]
[ 0.26453573 -0.04690987  0.04405071]
[ 0.2654059  -0.04872466  0.04634465]
[ 0.26596526 -0.04936125  0.04783492]
[ 0.26833887 -0.05030766  0.05114911]
[ 0.27380783 -0.05414531  0.05822535]
[ 0.27401034 -0.05518153  0.05958818]
[ 0.28236119 -0.06490024  0.07430291]
[ 0.28411463 -0.06743722  0.08851045]
[ 0.28781126 -0.06351717  0.10279149]
[ 0.28786156 -0.05996734  0.10762945]
[ 0.28876141 -0.05779683  0.10920272]
[ 0.29008738 -0.05467066  0.10976236]
[ 0.29268641 -0.04785573  0.10860426]
[ 0.29291201 -0.04414314  0.10731186]
[ 0.29216728 -0.04097201  0.10679643]
[ 0.29087324 -0.03852923  0.10685719]
[ 0.28951449 -0.03651375  0.10734571]
[ 0.28705836 -0.03566361  0.11117584]
[ 0.28727335 -0.0342156   0.1126472 ]
[ 0.27912003 -0.00686262  0.11786743]
[ 0.2762383  -0.00098219  0.12173845]
[0.27561159 0.00290893 0.12265345]
[0.27326069 0.00720332 0.12538636]
[0.26732579 0.01710914 0.12843814]
[0.26364542 0.02170796 0.1315712 ]
[0.25400228 0.04489687 0.13978535]
[0.25225849 0.04748268 0.14238355]
[0.24379138 0.05715252 0.15254077]
[0.24226508 0.05860207 0.15574671]
[0.23233271 0.06521697 0.1710804 ]
[0.22898913 0.06725716 0.17274611]
[0.21464196 0.08247681 0.17081594]
[0.21464196 0.08247681 0.17081594]
[0.21208302 0.08436082 0.16920511]
[0.21008811 0.08646546 0.16633205]
[0.20481048 0.0974246  0.14404584]
[0.19968057 0.10071836 0.13333821]
[0.19968057 0.10071836 0.13333821]
[0.19395844 0.10235606 0.12314296]
[0.19123755 0.10250268 0.11804836]
[0.18838853 0.10261635 0.11230988]
[0.17433262 0.10461737 0.07323783]
[0.17246661 0.1066608  0.06446987]
[0.17036921 0.11050847 0.04795342]
[0.17036921 0.11050847 0.04795342]
[0.1682615  0.1141148  0.03175385]
[0.16485733 0.11791454 0.01860777]
[0.16290153 0.11918355 0.01327143]
[0.15873638 0.12145169 0.0016347 ]
[ 0.15476278  0.12358894 -0.00692504]
[ 0.15362555  0.12396462 -0.00980498]
[ 0.14684362  0.12736619 -0.01439823]
[ 0.14466709  0.12866105 -0.01473693]
[ 0.13145903  0.13177626 -0.0153362 ]
[ 0.06858793  0.15278496 -0.06194864]
[ 0.05417514  0.15701558 -0.07910771]
[ 0.05417514  0.15701558 -0.07910771]
[ 0.04924782  0.1574264  -0.08492074]
[ 0.04570166  0.15657522 -0.08853804]
[ 0.01627899  0.13325682 -0.09372199]
[ 0.0022612   0.12047686 -0.09155289]
[ 0.0022612   0.12047686 -0.09155289]
[-0.00786054  0.11133588 -0.07635018]
[-0.03169022  0.0873322  -0.04760974]
[-0.03553105  0.08266727 -0.04354729]
[-0.04079549  0.07723022 -0.03990925]
[-0.05045362  0.04597924 -0.00620742]
[-0.05045362  0.04597924 -0.00620742]
[-0.05065385  0.04204817  0.0027868 ]
[-0.05171056  0.02286704  0.03885685]
[-0.05171056  0.02286704  0.03885685]
[-0.04897522  0.01587495  0.04860153]
[-0.04635168  0.01235164  0.05392332]
[-0.04206517  0.00570935  0.06229417]
[-0.03644554 -0.00113035  0.06800765]
[-0.02920596 -0.00569888  0.0736744 ]
[-0.02920596 -0.00569888  0.0736744 ]
[-0.02748768 -0.0062946   0.07476705]
[-0.02541116 -0.00659805  0.07612541]
[-0.02198818 -0.00676509  0.07758664]
[-0.02357628 -0.00663403  0.0785558 ]
[-0.0276686  -0.00651656  0.07543755]
[-0.02907489 -0.0069381   0.07099482]
[-0.0533198  -0.0043915   0.02946167]
[-0.0533198  -0.0043915   0.02946167]
[-0.05904836 -0.0031982   0.02177857]
[-0.06874106 -0.00047784  0.01819661]
[-0.0721916   0.00196456  0.01986221]
[-0.07466053  0.01536811  0.03285789]
[-0.07657498  0.01492155  0.03461812]
[-0.08290871  0.01169416  0.03715986]
[-0.08599825  0.00934618  0.03911892]
[-0.08869086  0.00695899  0.04097746]
[-0.09361289  0.00292329  0.04343751]
[-0.09361289  0.00292329  0.04343751]
[-0.09697239  0.00145157  0.04499744]
[-0.09887155  0.00064039  0.04596828]
[-0.10335985 -0.0017894   0.04609827]
[-0.10709665 -0.00397012  0.04517021]
[-0.10925114 -0.00677735  0.04809803]
[-0.11484747 -0.00869506  0.04902988]
[-0.12186793 -0.0076625   0.05705276]
[-0.13944602 -0.00094983  0.066591  ]
[-0.14403704  0.00106301  0.06879324]
[-0.14573117  0.01749066  0.06924263]
[-0.14151864  0.02319516  0.06928787]
[-0.13303935  0.03115866  0.06286497]
[-0.12943015  0.03308933  0.06046384]
[-0.11950655  0.03681077  0.05791679]
[-0.10145301  0.05192324  0.05272543]
[-0.09764396  0.0559759   0.05202861]
[-0.09450422  0.05972493  0.05226257]
[-0.08696259  0.06700782  0.05359675]
[-0.08447749  0.07148881  0.05437636]
[-0.08254119  0.07560054  0.0548087 ]
[-0.07639685  0.09800025  0.05514161]
[-0.07174192  0.10613541  0.05354111]
[-0.06928539  0.10819084  0.05199531]
[-0.06246766  0.1123637   0.04672849]
[-0.03822362  0.11767826  0.03690511]
[-0.03574468  0.11838884  0.03405023]
[-0.01881629  0.11810988  0.0290436 ]
[-0.0154741   0.11700666  0.02743828]
[-0.00941233  0.11476697  0.02609679]
[-0.00421965  0.11290541  0.02427177]
[0.0077981  0.10696268 0.01799679]
[0.00968785 0.10537566 0.01615901]
[0.01368538 0.09956472 0.00672058]
[0.01494285 0.09837897 0.00468015]
[0.01623729 0.09716065 0.0028576 ]
[ 0.01802177  0.09542982 -0.00061802]
[ 0.01546881  0.09570903 -0.00469081]
[ 0.014171    0.09602071 -0.0070977 ]
[ 0.01274963  0.09577491 -0.00916162]
[ 0.01212524  0.09511638 -0.01178291]
[ 0.00834765  0.09413154 -0.02168523]
[ 0.01337122  0.08703943 -0.017299  ]
[ 0.01528825  0.08269341 -0.01347216]
[ 0.01636235  0.07892819 -0.01118228]
[ 0.0176704   0.07712514 -0.0095761 ]
[ 0.02050913  0.07970833 -0.0117422 ]
[ 0.02100497  0.08358034 -0.0140947 ]
[ 0.02647631  0.09723231 -0.02545569]
[ 0.0392754   0.10075795 -0.03022651]
[ 0.03966773  0.10191068 -0.03069701]
[ 0.03996347  0.10466933 -0.03065888]
[ 0.03913394  0.10448441 -0.0305067 ]
[ 0.0383018   0.10417148 -0.03034482]
[ 0.03722357  0.10385653 -0.03017451]
[ 0.03430634  0.10285588 -0.02892484]
[ 0.03287893  0.10242605 -0.02873103]
[ 0.03170093  0.10270835 -0.02860746]
[ 0.02867139  0.10593566 -0.02933206]
[ 0.02743163  0.1066042  -0.03040978]
[ 0.02554571  0.10715573 -0.0324031 ]
[ 0.01591662  0.10959295 -0.04106916]
[ 0.01366071  0.10946909 -0.04272531]

程序已被终止，正在关闭套接字...
套接字已关闭。
