[-0.12476714  0.0462002  -0.06745752]
[-0.12156748  0.04595708 -0.06897397]
[-0.10872903  0.01767774 -0.03265122]
[-0.10469799  0.01913819 -0.0302613 ]
[-0.09659667  0.02280811 -0.02652536]
[-0.08995434  0.02607908 -0.023409  ]
[-0.08446605  0.02977153 -0.01895849]
[-0.08286335  0.03113675 -0.01731312]
[-0.08260995  0.03174819 -0.01667523]
[-0.0953454   0.03141418 -0.0151136 ]
[-0.0933215   0.03216593 -0.01433848]
[-0.09240538  0.0319023  -0.01374172]
[-0.09873454  0.02574637 -0.01892426]
[-0.10113446  0.02458222 -0.02082672]
[-0.10512388  0.02376786 -0.02237735]
[-0.13223293  0.01417253 -0.03670312]
[-0.13766396  0.01173498 -0.03948639]
[-0.14499672  0.00897733 -0.04048015]
[-0.15787219  0.00477852 -0.04037695]
[-0.162442    0.00324555 -0.04008777]
[-0.16613506  0.00181053 -0.03959378]
[-0.17615469 -0.00148767 -0.03087485]
[-0.17428157 -0.00175894 -0.03021731]
[-0.17310489 -0.00142818 -0.02923059]
[-0.17310489 -0.00142818 -0.02923059]
[-0.17350966  0.00031536 -0.02649863]
[-0.17953075  0.00761872 -0.008719  ]
[-0.17968482  0.01269031 -0.00039036]
[-0.17553785  0.0259072   0.01865302]
[-0.17553785  0.0259072   0.01865302]
[-0.17134151  0.03904563  0.03368161]
[-0.16979073  0.04579441  0.0404237 ]
[-0.16711827  0.0610687   0.05545682]
[-0.16538949  0.06931199  0.06432707]
[-0.1625268   0.07760069  0.07153387]
[-0.15990219  0.08482773  0.07814597]
[-0.16042001  0.09884475  0.09241589]
[-0.15903772  0.1060392   0.09998082]
[-0.15532018  0.1159166   0.10848745]
[-0.14280904  0.13810904  0.1311363 ]
[-0.13890746  0.14765888  0.14015888]
[-0.13717975  0.15111715  0.14211412]
[-0.13476079  0.1544102   0.1438044 ]
[-0.1314995   0.15685956  0.14408775]
[-0.1015876   0.17394091  0.12106567]
[-0.09801188  0.17410016  0.10822361]
[-0.09801188  0.17410016  0.10822361]
[-0.0976533   0.16763614  0.0974766 ]
[-0.09704343  0.16267438  0.07932651]
[-0.09940846  0.16272123  0.06246475]
[-0.0991616   0.16565171  0.04517901]
[-0.09830837  0.17090708  0.01590391]
[-0.09830837  0.17090708  0.01590391]
[-0.0987024   0.17098388 -0.00367678]
[-0.08834495  0.16767932 -0.09248195]
[-0.08577852  0.16718125 -0.10153991]
[-0.08228748  0.16663846 -0.1106732 ]
[-0.06925101  0.16407955 -0.13559705]
[-0.06565454  0.16333282 -0.14369187]
[-0.05816822  0.16114405 -0.15727167]
[-0.05816822  0.16114405 -0.15727167]
[-0.05539774  0.15983339 -0.16308591]
[-0.05773855  0.15192583 -0.17665289]
[-0.06055638  0.14765382 -0.17840672]
[-0.06192193  0.14337441 -0.17992391]
[-0.04347537  0.12488291 -0.19941488]
[-0.03891221  0.12095387 -0.20231399]
[-0.03398749  0.11138661 -0.20426767]
[-0.03219782  0.10599799 -0.20373021]
[-0.02835468  0.09099947 -0.19966933]
[-0.02673759  0.08639265 -0.19838156]
[-0.02260987  0.06698165 -0.19797279]
[-0.021199    0.05664922 -0.19993173]
[-0.02112254  0.05123779 -0.20137757]
[-0.02083828  0.04578378 -0.20337516]
[-0.02196685  0.03993457 -0.20497669]
[-0.02297675  0.0273049  -0.20813771]
[-0.01043277 -0.00036453 -0.20738317]
[-0.00802226 -0.01326229 -0.20427214]
[ 0.01315337 -0.04740994 -0.15651581]
[ 0.02815174 -0.05808672 -0.10546436]
[ 0.02815174 -0.05808672 -0.10546436]
[ 0.0290442  -0.05781371 -0.100358  ]
[ 0.02989011 -0.05776817 -0.09604534]
[ 0.03610327 -0.05335729 -0.08376816]
[ 0.03867758 -0.0513894  -0.07877874]
[ 0.05681679 -0.03504032 -0.04963974]
[ 0.05876704 -0.0280555  -0.04118048]
[ 0.05970835 -0.02213708 -0.03453707]
[ 0.06220933 -0.01629382 -0.02754631]
[0.07730224 0.01192846 0.00541295]
[0.07730224 0.01192846 0.00541295]
[0.07833058 0.01614934 0.00915887]
[0.07886729 0.02042582 0.0116824 ]
[0.07935197 0.02964931 0.01442784]
[0.08046531 0.0344895  0.01495615]
[0.08819394 0.04480494 0.01654332]
[0.09459118 0.04620386 0.0197637 ]
[0.1258995  0.06611782 0.02489092]
[0.13357765 0.07002705 0.02596586]
[0.14214334 0.07368533 0.02679184]
[0.16816393 0.09149956 0.0244873 ]
[0.16816393 0.09149956 0.0244873 ]
[0.17120243 0.09282883 0.02498874]
[0.17941994 0.10004783 0.02406267]
[0.18415756 0.1042673  0.02357829]
[0.18820182 0.10837241 0.02336326]
[0.1891012  0.13506682 0.02939759]
[0.1891012  0.13506682 0.02939759]
[0.18386379 0.14509089 0.03757065]
[0.17887781 0.16087425 0.04669173]
[0.17265171 0.16897069 0.05263525]
[0.1660519  0.1743269  0.05974922]
[0.16281069 0.1762622  0.06300079]
[0.12529973 0.18498185 0.07028449]
[0.08471852 0.189188   0.05663944]
[0.07728024 0.19018048 0.05482775]
[0.0611927  0.19002642 0.05451362]
[0.02208451 0.18476894 0.05211431]
[0.0137599  0.18316394 0.04912876]
[-0.0241482   0.17977737  0.03332774]
[-0.03449629  0.18027994  0.02799001]
[-0.03730232  0.1804972   0.02597845]
[-0.05502924  0.17873903  0.02163242]
[-0.08908987  0.15977909  0.01060984]
[-0.09179706  0.15618941  0.00884997]
[-0.11117528  0.12056519 -0.00861477]
[-0.11117528  0.12056519 -0.00861477]
[-0.11398667  0.11390755 -0.01204984]
[-0.11916316  0.09998835 -0.02096707]
[-0.11883343  0.09359514 -0.02531994]
[-0.11604678  0.08742368 -0.02868576]
[-0.0636541   0.04812127 -0.02621483]
[-0.03857199  0.02915554 -0.02575258]
[-0.03209078  0.02554859 -0.02668111]
[-0.02462862  0.02087782 -0.02671307]
[-0.01113216  0.01045073 -0.02584513]
[-0.00302934  0.00102792 -0.0266885 ]
[ 0.01404007 -0.01490525 -0.03949302]
[ 0.01657092 -0.01695783 -0.04177936]
[ 0.01909054 -0.0194732  -0.04396768]
[ 0.01892394 -0.0369871  -0.05951407]
[ 0.01892394 -0.0369871  -0.05951407]
[ 0.01424534 -0.03920987 -0.06136494]
[ 0.01035922 -0.04019291 -0.06331592]
[-0.00177967 -0.036854   -0.0738328 ]
[-0.00818593 -0.0340235  -0.08080452]
[-0.01509816 -0.0311201  -0.08424463]
[-0.06422647 -0.01105471 -0.10109746]
[-0.08211177 -0.00452348 -0.102544  ]
[-0.11129307  0.00560867 -0.10986548]
[-0.12166663  0.01004357 -0.11482117]
[-0.14358023  0.03249042 -0.13664474]
[-0.14855938  0.04115388 -0.14519864]
[-0.16109507  0.07315724 -0.18222649]
[-0.16259764  0.07551926 -0.18581793]
[-0.16251124  0.07743122 -0.18703759]
[-0.14467027  0.07925677 -0.1792008 ]
[-0.13669609  0.08005916 -0.16845647]
[-0.11277041  0.09558088 -0.06712632]
[-0.10669435  0.09933552 -0.04715334]
[-0.10010488  0.10307921 -0.02917931]
[-0.07958405  0.11671004  0.01837554]
[-0.07753778  0.1216319   0.02919799]
[-0.07028468  0.15358499  0.1014552 ]
[-0.06849603  0.15708205  0.10975309]
[-0.06461158  0.17531195  0.12709196]
[-0.06487742  0.18035382  0.12843168]
[-0.06592037  0.18511465  0.12909716]
[-0.06517489  0.19781759  0.12922771]
[-0.06369452  0.2013876   0.12852375]
[-0.0617458   0.20466104  0.12640078]
[-0.05571781  0.22367558  0.11456052]
[-0.05366458  0.229075    0.11157603]
[-0.05151585  0.23459722  0.1082921 ]
[-0.04941573  0.23994043  0.10491815]
[-0.04786209  0.25384474  0.08988361]
[-0.04794341  0.25674957  0.08348638]
[-0.04709174  0.25928968  0.07613595]
[-0.04584468  0.26198673  0.06924685]
[-0.0446898   0.26334915  0.06194196]
[-0.04188249  0.26948085  0.04650888]
[-0.04337824  0.27289689  0.03869392]
[-0.04706387  0.27270412  0.01949895]
[-0.04941134  0.27095047  0.01278769]
[-0.06706946  0.26257837 -0.02089601]
[-0.06898353  0.26011494 -0.02544927]
[-0.07142686  0.25696465 -0.02914074]
[-0.07521077  0.25296149 -0.03265419]
[-0.08859174  0.24344081 -0.04279293]
[-0.09309005  0.23996226 -0.04577671]
[-0.09704016  0.23574577 -0.04824033]
[-0.10424324  0.2264017  -0.05275869]
[-0.10772771  0.22156054 -0.05666767]
[-0.14298861  0.16356328 -0.08221711]
[-0.1433552   0.15632275 -0.08290169]
[-0.15403441  0.12910652 -0.07994615]
[-0.15659226  0.12461678 -0.0790084 ]
[-0.1731151   0.09202362 -0.0658308 ]
[-0.17451848  0.08351106 -0.06039297]
[-0.17568524  0.07408262 -0.05430126]
[-0.18793992  0.0394553  -0.02866911]
[-0.18793992  0.0394553  -0.02866911]
[-0.21572931 -0.00070502  0.00203852]
[-0.21984156 -0.00565897  0.00306905]
[-0.23043521 -0.01673453  0.00282986]
[-0.2381706  -0.02086479 -0.00094091]
[-0.24275047 -0.02253357 -0.00227603]
[-0.25357251 -0.02704883 -0.00491958]
[-0.25357251 -0.02704883 -0.00491958]
[-0.25592382 -0.02833453 -0.00614017]
[-0.25971269 -0.03049752 -0.00922069]
[-0.26009356 -0.03133099 -0.0100743 ]
[-0.25954731 -0.03172377 -0.01106731]
[-0.25944035 -0.03208378 -0.01225782]
[-0.26042085 -0.03229793 -0.01351316]
[-0.26004066 -0.03185104 -0.01294423]
[-0.25650503 -0.03082324 -0.01155877]
[-0.2327856  -0.0265975  -0.00697358]
[-0.22455983 -0.02483703 -0.00567178]
[-0.21788182 -0.02200279 -0.00503917]
[-0.20724418 -0.0141627  -0.00333775]
[-0.19311862 -0.00405467  0.00564374]
[-0.18970611 -0.00194244  0.00843711]
[-0.15428173  0.01289351  0.00846277]
[-0.15428173  0.01289351  0.00846277]
[-0.14946529  0.01636865  0.0075355 ]
[-0.12624412  0.03670685  0.00600831]
[-0.12088658  0.04050005  0.00526853]
[-0.11584491  0.04522979  0.00433374]
[-0.11182847  0.04991398  0.00316402]
[-0.10249427  0.05828866  0.00186185]
[-0.09797099  0.06286788  0.00118486]
[-9.29259002e-02  6.71691447e-02  7.14015914e-05]
[-0.06751582  0.08661959 -0.00637336]
[-0.06080828  0.09145356 -0.00970303]
[-0.03982133  0.104527   -0.01810454]
[-0.03327844  0.10919343 -0.02082183]
[-0.03047206  0.11119175 -0.02321558]
[-0.02838643  0.11255725 -0.02653901]
[-0.02352444  0.11509617 -0.0309424 ]
[-0.01286439  0.12246215 -0.03787838]
[-0.01268908  0.12242825 -0.03801553]
[-0.01731055  0.11085123 -0.04057313]
[-0.01999391  0.10797033 -0.0414409 ]
[-0.02302688  0.10525507 -0.04266315]
[-0.06555366  0.07349499 -0.05394796]
[-0.09942742  0.04509274 -0.05716738]
[-0.10528563  0.03873359 -0.05508901]
[-0.11093162  0.03236489 -0.05314629]
[-0.12755428  0.01788706 -0.05320045]
[-0.13874957  0.01019217 -0.04721275]
[-0.13818437  0.00924003 -0.04817737]
[-0.13956129  0.00841767 -0.04790547]
[-0.16608271  0.00573448 -0.04799509]
[-0.16881731  0.00713064 -0.04719795]
[-0.17355059  0.01104003 -0.047421  ]
[-0.17619635  0.01298844 -0.04774367]
[-0.17804312  0.01542608 -0.0482116 ]
[-0.17947482  0.01785492 -0.04810579]
[-0.18063669  0.02037985 -0.04845348]
[-0.18107591  0.02266171 -0.04896403]
[-0.1812589   0.02697985 -0.04976675]
[-0.18096985  0.02948399 -0.04974591]
[-0.18182677  0.03283282 -0.05000597]
[-0.1822797   0.04063505 -0.0511849 ]
[-0.18011994  0.10757881 -0.06479832]
[-0.1796011   0.11364776 -0.06784535]
[-0.17801493  0.12033071 -0.07045452]
[-0.17557039  0.13252656 -0.07680971]
[-0.17266659  0.1383162  -0.07944134]
[-0.17076093  0.14355925 -0.08324493]
[-0.17239608  0.1682452  -0.08975101]
[-0.16994764  0.17113754 -0.08705872]
[-0.17114357  0.17092559 -0.08850035]
[-0.17210708  0.17103159 -0.08984924]
[-0.17345734  0.17133091 -0.091339  ]
[-0.17490221  0.17170393 -0.09325395]
[-0.17535899  0.17087328 -0.09412426]
[-0.1778629   0.1676425  -0.09866643]
[-0.17888523  0.16672276 -0.1021648 ]
[-0.17775607  0.16656321 -0.10540263]
[-0.17366544  0.16715437 -0.11224842]
[-0.17926118  0.17076172 -0.12554851]

程序已被终止，正在关闭套接字...
套接字已关闭。
