[-0.16259777  0.03443645 -0.07322659]
[-0.16120079  0.0363166  -0.07446994]
[-0.16074906  0.03592934 -0.07802232]
[-0.14678822  0.03879576 -0.07757544]
[-0.18567982  0.02343807 -0.06486706]
[-0.18229537  0.02076366 -0.060995  ]
[-0.14996795  0.02345717 -0.04492733]
[-0.14199666  0.02478718 -0.04317367]
[-0.13635089  0.02604719 -0.0424339 ]
[-0.12682432  0.02870518 -0.04257803]
[-0.12036082  0.02848637 -0.04311736]
[-0.11803921  0.02868131 -0.04263758]
[-0.11590476  0.02864546 -0.04172459]
[-0.11188508  0.03053734 -0.04067839]
[-0.09711256  0.03707418 -0.03598263]
[-0.09698779  0.03967128 -0.03556729]
[-0.09551148  0.04390965 -0.03524866]
[-0.0953368   0.04459528 -0.0353622 ]
[-0.09365107  0.04531562 -0.03513625]
[-0.07326362  0.06762874 -0.02475337]
[-0.07177947  0.07111798 -0.02297403]
[-0.06973348  0.07430802 -0.02172559]
[-0.06662362  0.08071074 -0.02024604]
[-0.06492958  0.08407195 -0.02006268]
[-0.06303237  0.0871058  -0.01949657]
[-0.05664363  0.09590377 -0.01328141]
[-0.05656506  0.09769172 -0.0113816 ]
[-0.05619536  0.10274151 -0.00812783]
[-0.04915586  0.10911495 -0.00267988]
[-0.04527305  0.11240102  0.0021074 ]
[-0.04193174  0.11518379  0.00580263]
[-0.03830969  0.12102828  0.01152117]
[-0.03830969  0.12102828  0.01152117]
[-0.03639924  0.1242066   0.01388652]
[-0.03063371  0.13316619  0.02165048]
[-0.03063371  0.13316619  0.02165048]
[-0.02901671  0.13565324  0.02398319]
[-0.02772041  0.13774872  0.02607453]
[-0.0249661   0.14447908  0.02948767]
[-0.02415658  0.14593828  0.03207209]
[-0.02092058  0.14827959  0.03777594]
[-0.01446965  0.15137695  0.04238506]
[-0.01553602  0.1499109   0.04215375]
[-0.01532921  0.15408929  0.04134029]
[-0.01545724  0.1558377   0.04433098]
[-0.01497515  0.15614179  0.04544052]
[-0.00946456  0.15451421  0.04433684]
[-0.00584779  0.15206316  0.0415167 ]
[-0.00480615  0.15067692  0.0394586 ]
[-0.00407536  0.14926678  0.03757372]
[-0.0035094   0.14736383  0.035124  ]
[-0.00185209  0.1426824   0.02990399]
[-0.00204503  0.13989845  0.02763721]
[-0.00148503  0.13632634  0.02553442]
[0.0006754  0.12393399 0.01893596]
[0.00093873 0.11994364 0.0161294 ]
[ 0.00298297  0.09495093 -0.00401713]
[ 0.00319324  0.08842874 -0.0084963 ]
[ 0.00328841  0.08159938 -0.01273743]
[ 0.00332076  0.07401484 -0.01684838]
[ 0.00323715  0.05231371 -0.02879223]
[ 0.00287599  0.04535437 -0.03313993]
[ 0.00305148  0.03800567 -0.03749873]
[ 0.00443608  0.03228565 -0.04090638]
[ 0.00656088  0.02666358 -0.04473041]
[ 0.01069572  0.01477123 -0.05283946]
[ 0.01195457 -0.02510869 -0.06802402]
[ 0.01313018 -0.02965394 -0.06892325]
[ 0.01440487 -0.03409282 -0.06973196]
[ 0.01887841 -0.05078817 -0.07763413]
[ 0.0202612  -0.05487644 -0.08000296]
[ 0.02138013 -0.05891563 -0.08225496]
[ 0.02369151 -0.07203954 -0.08212515]
[ 0.0249844  -0.07516261 -0.08024295]
[ 0.03048632 -0.08399675 -0.07186177]
[ 0.02946234 -0.08467687 -0.0702031 ]
[ 0.02726296 -0.08476937 -0.0677892 ]
[ 0.0232204  -0.08522415 -0.06394076]
[ 0.02170344 -0.08572558 -0.06283783]
[ 0.02164616 -0.08695185 -0.06297898]
[ 0.03014824 -0.12440584 -0.05246919]
[ 0.03086205 -0.12835346 -0.05113314]
[ 0.0320711  -0.13210936 -0.04909458]
[ 0.03471676 -0.1372076  -0.04591356]
[ 0.03873541 -0.1402538  -0.04351145]
[ 0.04150668 -0.14133024 -0.0426477 ]
[ 0.04421114 -0.14211257 -0.04104546]
[ 0.04881144 -0.14392342 -0.03707536]
[ 0.05383309 -0.14759588 -0.03282619]
[ 0.05665659 -0.15170117 -0.03093729]
[ 0.05989908 -0.1573204  -0.02947024]
[ 0.07192442 -0.17726874 -0.02296229]
[ 0.07753964 -0.18554783 -0.01854735]
[ 0.10448364 -0.22623271  0.0012861 ]
[ 0.12510875 -0.2279911   0.00772104]
[ 0.12634588 -0.22564085  0.00669871]
[ 0.12744567 -0.22289656  0.00672142]
[ 0.13063443 -0.21799476  0.00716901]
[ 0.14192311 -0.19587472  0.01311728]
[ 0.14356071 -0.19258828  0.01417556]
[ 0.14435858 -0.18910801  0.01469974]
[ 0.14303846 -0.18508624  0.01528479]
[ 0.13724068 -0.17550789  0.01418685]
[ 0.10278327 -0.14462717  0.0192272 ]
[ 0.09920514 -0.1381714   0.0200353 ]
[ 0.08879121 -0.10413617  0.01986638]
[ 0.0814101  -0.07105364  0.01876154]
[ 0.0797193  -0.06617431  0.01822321]
[ 0.07443624 -0.04265631  0.01211679]
[ 0.07361775 -0.0336883   0.01026776]
[ 0.0731749  -0.02917814  0.00978366]
[ 0.07237381 -0.02458181  0.00849759]
[ 0.07133318 -0.01991669  0.00739539]
[ 0.07144222 -0.0157989   0.00641271]
[0.07669274 0.02089918 0.00136043]
[0.07765185 0.02575128 0.00050419]
[0.07391993 0.04165464 0.00258997]
[0.07391993 0.04165464 0.00258997]
[0.07218728 0.04379636 0.00455668]
[0.07066002 0.04738338 0.00666688]
[0.07015667 0.06322745 0.00856475]
[0.06907823 0.06506091 0.00831501]
[0.06752891 0.06576652 0.00787596]
[0.06262394 0.06781638 0.00519032]
[0.05848733 0.06930206 0.0051767 ]
[0.04176732 0.08013956 0.00176265]
[0.03998061 0.08092387 0.00171494]
[0.04074024 0.0823118  0.00151387]
[0.04303051 0.08386458 0.0013706 ]
[0.05081113 0.08572727 0.00203256]
[0.0524436  0.08579    0.00171107]
[0.05438248 0.08676713 0.00081139]
[5.44892758e-02 8.85068849e-02 9.84612852e-05]
[ 0.05561981  0.09053993 -0.00040818]
[ 0.06015069  0.09208102 -0.0010791 ]
[ 0.06360105  0.09133136 -0.00057158]
[0.06559632 0.09034868 0.00043756]
[0.0676926  0.0892261  0.00163763]
[0.06966106 0.0882268  0.00321727]
[0.09116948 0.08317072 0.0288779 ]
[0.08727652 0.08174822 0.03254357]
[0.06677977 0.07977859 0.03536784]
[0.06261084 0.08037398 0.03484548]
[0.04873956 0.08512833 0.03667071]
[0.04423021 0.08738643 0.03678546]
[0.03631063 0.09214208 0.04204241]
[0.03333954 0.09417123 0.04395125]
[0.02799732 0.09806118 0.04843573]
[0.02549343 0.09904054 0.05158051]
[0.02146932 0.09963197 0.05452503]
[0.01272865 0.10062864 0.05989209]
[0.01272865 0.10062864 0.05989209]
[0.00821125 0.10233734 0.06333313]
[-0.01845072  0.11701971  0.06496729]
[-0.02458986  0.11917087  0.064199  ]
[-0.02997916  0.1203592   0.06254335]
[-0.03576967  0.12004268  0.06171779]
[-0.04229839  0.1193244   0.06068969]
[-0.04826037  0.11919539  0.06051134]
[-0.05972756  0.11965501  0.06053641]
[-0.09008072  0.12503076  0.0622004 ]
[-0.09437606  0.12601928  0.06092185]
[-0.09857134  0.12734744  0.0598685 ]
[-0.10294487  0.12901965  0.05746143]
[-0.11111535  0.13216089  0.05666   ]
[-0.12189775  0.13489714  0.05484825]
[-0.1258107   0.13599873  0.05441603]
[-0.13699391  0.13990074  0.05341811]
[-0.14358967  0.14319536  0.05123446]
[-0.14807739  0.14684762  0.04826326]
[-0.1516278   0.15135543  0.04684574]
[-0.15433567  0.15664923  0.04495437]
[-0.15545436  0.16211489  0.04530441]
[-0.1631513   0.21005787  0.05806933]
[-0.16501453  0.21557079  0.05701813]
[-0.1681237   0.22000565  0.05558806]
[-0.17317272  0.2240207   0.05338308]
[-0.17796647  0.23404795  0.04619826]
[-0.1783836   0.2372182   0.04365041]
[-0.17723056  0.25901151  0.03133774]
[-0.17527183  0.26378646  0.02965589]
[-0.17313617  0.26870957  0.02795171]
[-0.17169202  0.27345854  0.027189  ]
[-0.16516923  0.29216218  0.02983109]
[-0.16380683  0.2969147   0.02907965]
[-0.15866119  0.30666137  0.02734913]
[-0.15530571  0.31086713  0.0271431 ]
[-0.15117325  0.31553671  0.0288836 ]
[-0.14779917  0.31956702  0.03066822]
[-0.14135978  0.32721427  0.0334685 ]
[-0.13092045  0.33704248  0.04043258]
[-0.1278026   0.34150317  0.04498205]
[-0.12764795  0.34361771  0.0455339 ]
[-0.12730334  0.34957585  0.05210016]
[-0.12641587  0.35192221  0.05530265]
[-0.11889749  0.36669451  0.05562739]
[-0.11153786  0.37121779  0.05354732]
[-0.11169744  0.3699412   0.05241276]
[-0.10958878  0.36075488  0.04670401]
[-0.10958878  0.36075488  0.04670401]
[-0.10803882  0.35656211  0.04594019]
[-0.1066296   0.35123521  0.04458113]
[-0.11551057  0.27967975 -0.00568615]
[-0.12453801  0.25791377 -0.02551525]
[-0.12978571  0.24670275 -0.03152433]
[-0.13313424  0.23764047 -0.03445942]
[-0.14093977  0.21828444 -0.04147446]
[-0.16004922  0.16271842 -0.03038261]
[-0.15942864  0.15476601 -0.03114834]
[-0.18208093  0.1128059  -0.05678693]
[-0.18208093  0.1128059  -0.05678693]
[-0.18261856  0.10677023 -0.05724418]
[-0.18422308  0.10069156 -0.05714842]
[-0.18876324  0.08729278 -0.05943725]
[-0.19680999  0.07186283 -0.0611703 ]
[-0.20364127  0.0580913  -0.05851054]
[-0.20518728  0.03814448 -0.05093777]
[-0.20682292  0.03087048 -0.04722509]
[-0.20817492  0.02268274 -0.0423577 ]
[-0.20303745 -0.01916689 -0.02425928]
[-0.20131574 -0.03509378 -0.01610464]
[-0.20025974 -0.04203117 -0.01223983]
[-0.1936357  -0.05346185 -0.00467078]
[-0.18988522 -0.05781111 -0.00179651]
[-0.18352876 -0.07341666  0.00077705]
[-0.181564   -0.07951038  0.00101846]
[-0.17801638 -0.08446682  0.00180723]
[-0.1747791  -0.08840232  0.00256099]
[-0.17316728 -0.09210727  0.00198102]
[-0.17178133 -0.09526404 -0.0002527 ]
[-0.16852585 -0.10438484 -0.00827319]
[-0.16256222 -0.11137705 -0.01014912]
[-0.15864102 -0.12908904 -0.00972165]
[-0.15969674 -0.14964531 -0.01117015]
[-0.15999403 -0.15276657 -0.01121102]
[-0.15345096 -0.16427068 -0.00891997]
[-0.14844474 -0.16523769 -0.01010838]
[-0.14553344 -0.16486257 -0.01070552]
[-0.14050517 -0.1630391  -0.01115964]
[-0.13872612 -0.16216685 -0.00960738]
[-0.13902767 -0.16073285 -0.00703157]
[-0.13991625 -0.15886505 -0.00572593]
[-0.14062695 -0.15670882 -0.00476958]
[-0.14167108 -0.15455434 -0.00415871]
[-0.14885757 -0.12586509  0.00532695]
[-0.15013436 -0.12307208  0.0059053 ]
[-0.1516628  -0.12013668  0.00640124]
[-0.15373576 -0.1173678   0.00627898]
[-0.15404487 -0.11272865  0.00736399]
[-0.14948754 -0.10725825  0.00955963]
[-0.14713801 -0.10721753  0.00962732]
[-0.1489051  -0.10185496  0.01474257]
[-0.14782251 -0.09933226  0.01548096]
[-0.14431114 -0.09717478  0.01691363]
[-0.14053011 -0.09589077  0.02103349]
[-0.13037096 -0.08789307  0.03895438]
[-0.12530206 -0.08180629  0.0394961 ]
[-0.12167385 -0.07045577  0.03910746]
[-0.11986902 -0.06570344  0.03968041]
[-0.1201369  -0.02405915  0.05314858]
[-0.12314863 -0.01737138  0.05170032]
[-0.12604961 -0.0099403   0.05016136]
[-0.12697599  0.00497989  0.04753068]
[-0.12015814  0.01797084  0.04789637]
[-0.10985061  0.06010053  0.04701355]
[-0.10916212  0.06429353  0.04742485]
[-0.10364493  0.07525753  0.05035228]
[-0.09839147  0.10110497  0.05450121]
[-0.09764629  0.10536995  0.05297939]
[-0.09751477  0.1083587   0.05131045]
[-0.09789962  0.10959952  0.04651171]
[-0.09678752  0.11034235  0.042637  ]
[-0.09637081  0.11116177  0.04135179]
[-0.09597656  0.11212803  0.04052094]
[-0.09513127  0.11038525  0.03783175]
[-0.09611444  0.10692634  0.03227988]
[-0.09611444  0.10692634  0.03227988]
[-0.09546621  0.10737247  0.03195595]
[-0.09460493  0.10857905  0.03177252]
[-0.08616073  0.11722704  0.03077249]
[-0.08487023  0.11911132  0.03239684]
[-0.08395957  0.12097587  0.03450407]
[-0.0825361   0.12304886  0.03677481]
[-0.08382648  0.12626511  0.04171935]
[-0.08553614  0.12828715  0.04362367]
[-0.08702431  0.1302519   0.04551892]
[-0.08526266  0.13621093  0.04579218]
[-0.08526266  0.13621093  0.04579218]
[-0.08306305  0.14411113  0.04491715]
[-0.08255416  0.14597353  0.04644854]
[-0.08916031  0.1519247   0.05141972]
[-0.08968827  0.15370357  0.050745  ]
[-0.08900981  0.15571883  0.05102782]
[-0.08811349  0.15766272  0.05177004]
[-0.08385594  0.15960097  0.05177786]
[-0.08319162  0.1598547   0.05015727]
[-0.08206677  0.16018187  0.04861543]
[-0.0797891   0.15969011  0.0501708 ]
[-0.07902177  0.15947056  0.05147265]
[-0.07886759  0.1631705   0.06135952]
[-0.07487144  0.16313827  0.06513247]
[-0.07149126  0.1621549   0.06899838]
[-0.06756216  0.16239089  0.07206943]
[-0.06466662  0.16118926  0.07276537]
[-0.06403019  0.15963042  0.07143859]
[-0.06321088  0.15643826  0.07076428]
[-0.06485099  0.13816501  0.0682655 ]
[-0.06494533  0.12877569  0.06431131]
[-0.06472166  0.12371644  0.06157299]
[-0.06314226  0.10440449  0.0485865 ]
[-0.06333776  0.08022079  0.04314366]
[-0.06281087  0.07568395  0.04172453]
[-0.06491343  0.06625002  0.0391339 ]
[-0.06532072  0.04533903  0.03500588]
[-0.06232835  0.03907782  0.03317682]
[-0.05626471  0.03341072  0.03045844]
[-0.0523412   0.02823358  0.02791873]
[-0.05252859  0.01388195  0.01414643]
[-0.05453383  0.00478694  0.004938  ]
[-0.05359921 -0.00132236  0.00064624]
[-0.05047544 -0.00795568 -0.00436411]
[-0.04753355 -0.01456943 -0.00781271]
[-0.03874272 -0.03330611 -0.01267783]
[-0.03926166 -0.05421634 -0.01078043]
[-0.04282035 -0.05878213 -0.01139031]
[-0.04743277 -0.06171763 -0.01125174]
[-0.05046027 -0.06281023 -0.01028225]
[-0.05336744 -0.06308865 -0.00958838]
[-0.05817489 -0.06283683 -0.00952116]
[-0.05867732 -0.06257673 -0.00991308]
[-0.05733861 -0.05865591 -0.00087372]
[-0.0567381  -0.05703693  0.00017685]
[-0.06415652 -0.04849756  0.00520834]
[-0.06520928 -0.04558264  0.00540271]
[-0.06473003 -0.04214394  0.00576946]
[-0.06276863 -0.03613694  0.00746647]
[-0.06138014 -0.02989951  0.0098435 ]
[-0.0610624  -0.02584358  0.01038499]
[-0.06042264 -0.01640878  0.01381245]
[-0.06145235 -0.00934248  0.01715233]
[-0.06237699 -0.00328785  0.01984062]
[-0.06272194  0.00903956  0.02492854]
[-0.05931173  0.02287573  0.03125924]
[-0.04727458  0.0578878   0.04473186]
[-0.04575518  0.06422384  0.04457826]
[-0.04674389  0.07805774  0.0436974 ]
[-0.04656629  0.09263042  0.04573882]
[-0.0399354   0.106897    0.05047491]
[-0.01948913  0.13503456  0.04443887]
[-0.01681853  0.14244087  0.04387755]
[-0.01133614  0.17215104  0.04424613]
[-0.00886621  0.17513785  0.0439759 ]
[-0.0075289   0.17969169  0.03186547]
[-0.01218058  0.17898919  0.02243805]
[-0.02548241  0.1748817   0.01695269]
[-0.0322583   0.17083235  0.01427333]
[-0.03364615  0.16952373  0.0137571 ]
[-0.0344678   0.16863085  0.0135768 ]
[-0.03574377  0.16878431  0.01285863]
[-0.06236395  0.16709954  0.00091163]
[-0.07430817  0.15670572 -0.00204982]
[-0.07547539  0.15416959 -0.00397814]
[-0.08111738  0.14092241 -0.0133183 ]
[-0.08622523  0.12802964 -0.02314686]
[-0.08673697  0.12612493 -0.02436255]
[-0.08665487  0.1245869  -0.02538604]
[-0.08570509  0.12266405 -0.02578961]
[-0.08531596  0.11769848 -0.02760017]
[-0.08534748  0.11598908 -0.02834916]
[-0.08491364  0.11376839 -0.02891057]
[-0.08245096  0.10916933 -0.02937878]
[-0.08181054  0.10675679 -0.03008834]
[-0.07982811  0.10088588 -0.02988807]
[-0.07537775  0.09147836 -0.02916607]
[-0.07964525  0.07599845 -0.02590192]
[-0.08448597  0.07298835 -0.0288461 ]
[-0.08872415  0.07245658 -0.03014178]
[-0.09354489  0.072902   -0.03242141]
[-0.101348    0.07680013 -0.03685568]
[-0.1053396   0.08263228 -0.04460909]
[-0.10430247  0.0852911  -0.04953183]
[-0.10060131  0.08602877 -0.05691263]
[-0.09868029  0.08654997 -0.06024842]
[-0.09881129  0.09130322 -0.06348969]
[-0.09976496  0.09763475 -0.06513058]
[-0.10184903  0.10603486 -0.0675289 ]
[-0.10607226  0.12261353 -0.07192002]
[-0.10585774  0.12919669 -0.07498664]
[-0.10662515  0.15952127 -0.09499462]
[-0.11215749  0.16112974 -0.09827944]
[-0.11802348  0.16258301 -0.10149082]
[-0.1198953   0.15863302 -0.09917188]
[-0.12166205  0.15430751 -0.0968263 ]
[-0.1370395   0.13213831 -0.0910695 ]
[-0.13850565  0.12746881 -0.09170659]
[-0.13972867  0.12215967 -0.09344985]
[-0.14087106  0.11610003 -0.09633274]
[-0.14619044  0.10184909 -0.10210621]
[-0.14888488  0.09390903 -0.10458259]
[-0.15561418  0.04774639 -0.120953  ]
[-0.15706973  0.04164433 -0.12300819]
[-0.15841923  0.03560661 -0.12355608]
[-0.15937741  0.02975291 -0.12367391]
[-0.16089476  0.02355521 -0.12340178]
[-0.1625056   0.0084059  -0.12501708]
[-0.16318974  0.00028376 -0.12559032]
[-0.16284546 -0.00613338 -0.1253376 ]
[-0.14916924 -0.02703296 -0.10222723]
[-0.14916924 -0.02703296 -0.10222723]
[-0.14720824 -0.02914973 -0.09913765]
[-0.15287065 -0.03617099 -0.09037341]
[-0.15287065 -0.03617099 -0.09037341]
[-0.15215525 -0.04130077 -0.08801533]
[-0.14817865 -0.05641274 -0.08773512]
[-0.14736099 -0.07265336 -0.08423764]
[-0.14157673 -0.1003324  -0.05395432]
[-0.13994085 -0.10121848 -0.05124107]
[-0.13849586 -0.10271286 -0.05079454]
[-0.13722135 -0.10526977 -0.0508897 ]
[-0.13477659 -0.10853538 -0.05247003]
[-0.13067038 -0.11202283 -0.05374968]
[-0.12549112 -0.11549789 -0.0575409 ]
[-0.10707807 -0.12361856 -0.07659374]
[-0.10699055 -0.11788032 -0.09938928]
[-0.11251504 -0.11040348 -0.11887802]
[-0.11897605 -0.10308221 -0.13911517]
[-0.12617043 -0.09539232 -0.15802132]
[-0.1304658  -0.07983057 -0.19208455]
[-0.10962689 -0.05254412 -0.23664184]
[-0.07791206 -0.01719084 -0.28777069]
[-0.07572882 -0.01365108 -0.29236141]
[-0.07520501 -0.00925926 -0.29486984]
[-0.07501093  0.00353163 -0.29755691]
[-0.07596893  0.0104364  -0.29641497]
[-0.07557549  0.01752026 -0.29523012]
[-0.07218979  0.02814536 -0.2874319 ]
[-0.06822725  0.03334038 -0.28490025]
[-0.06629804  0.05555959 -0.26389119]
[-0.07528612  0.06239878 -0.24504094]
[-0.08255477  0.06765178 -0.22477967]
[-0.08512147  0.07260714 -0.20002255]
[-0.08291508  0.0755591  -0.16784108]
[-0.07639286  0.07995611 -0.10564251]
[-0.0720423   0.08780863 -0.05767595]
[-0.06855424  0.0936313  -0.03810999]
[-0.06150528  0.10900273  0.00311598]
[-0.05970426  0.11450838  0.01267728]
[-0.05105104  0.13736096  0.03529421]
[-0.05227868  0.14608359  0.03764357]
[-0.05312525  0.15395653  0.03274252]
[-0.05539545  0.16132119  0.01961101]
[-0.05823741  0.1687368   0.00663512]
[-6.04270414e-02  1.72962621e-01 -1.01066660e-04]
[-0.06243784  0.17722252 -0.0065925 ]
[-0.07067177  0.18540385 -0.0215925 ]
[-0.0738456   0.19024457 -0.02963537]
[-0.07707247  0.19471562 -0.03732892]

程序已被终止，正在关闭套接字...
套接字已关闭。
