[-0.16665472  0.04089123 -0.07252908]
[-0.16705845  0.04042153 -0.07394253]
[-0.17171523  0.04495947 -0.05927908]
[-0.17491569  0.03762936 -0.06029692]
[-0.17350391  0.0278633  -0.05908892]
[-0.17470946  0.02240218 -0.0605273 ]
[-0.17300153  0.01991728 -0.05599745]
[-0.17243753  0.01672467 -0.05042619]
[-0.1745216   0.01523332 -0.04852728]
[-0.17530513  0.01504409 -0.0485156 ]
[-0.1751238   0.01484593 -0.04714735]
[-0.16819112  0.01196811 -0.02925864]
[-0.16623414  0.01164073 -0.02736699]
[-0.16447925  0.00983413 -0.02684704]
[-0.16242573  0.00970419 -0.02717733]
[-0.15483253  0.00949926 -0.02903577]
[-0.15036877  0.01017648 -0.02941416]
[-0.13954086  0.01310478 -0.02384605]
[-0.13862936  0.01379432 -0.0221124 ]
[-0.13060727  0.01008992 -0.02037277]
[-0.13063414  0.00927077 -0.01930218]
[-0.13182317  0.00851658 -0.01804331]
[-0.13511893  0.00862735 -0.01509773]
[-0.1462862   0.01091257  0.00154025]
[-0.14761726  0.01125966  0.00520649]
[-0.11725591  0.01647644  0.00915769]
[-0.11179729  0.01718276  0.0104479 ]
[-0.10587179  0.0179041   0.01204708]
[-0.09320201  0.02212098  0.02276668]
[-0.08817509  0.02860956  0.02973607]
[-0.08556073  0.03024891  0.03174625]
[-0.07932297  0.03492846  0.03144656]
[-0.07770402  0.03674059  0.03053252]
[-0.06678958  0.04422814  0.0365376 ]
[-0.06373125  0.04711075  0.03838884]
[-0.06060807  0.05034089  0.03991818]
[-0.05521406  0.05750047  0.03917002]
[-0.05521406  0.05750047  0.03917002]
[-0.05183397  0.06063121  0.03907737]
[-0.04390615  0.06657556  0.04061191]
[-0.04027977  0.06962619  0.04236096]
[-0.03760643  0.07265981  0.04333505]
[-0.03043593  0.08474889  0.04560868]
[-0.03043593  0.08474889  0.04560868]
[-0.02998974  0.08647913  0.04718428]
[-0.02916346  0.08820747  0.0485856 ]
[-0.02561031  0.09807266  0.0550595 ]
[-0.01981532  0.10452895  0.05814955]
[-0.01763193  0.10685524  0.05869817]
[-0.01631952  0.10830297  0.05807686]
[-0.00118335  0.11306519  0.05537393]
[0.00449955 0.10992666 0.05387439]
[0.00505607 0.09829761 0.0436001 ]
[0.00414412 0.09599493 0.0400132 ]
[-0.00271749  0.08829626  0.02879253]
[-0.00833214  0.08231051  0.02142557]
[-0.01181976  0.07699326  0.01315079]
[-0.01341199  0.07502294  0.00939244]
[-0.02040426  0.06487761 -0.00207671]
[-0.02253736  0.06205749 -0.00337073]
[-0.02396809  0.05941527 -0.00442321]
[-0.02755878  0.05047501 -0.00843824]
[-0.02942643  0.04757945 -0.00952232]
[-0.03916143  0.03103689 -0.01715174]
[-0.04070856  0.02853559 -0.01937721]
[-0.04710454  0.0147266  -0.0268595 ]
[-0.05211098  0.00912729 -0.02820807]
[-0.05446697  0.00639433 -0.0295475 ]
[-0.05783621  0.00194071 -0.0316251 ]
[-5.84309042e-02 -5.20621252e-05 -3.29152420e-02]
[-0.05755504 -0.01455422 -0.04439241]
[-0.0567242  -0.01727954 -0.04497153]
[-0.05576757 -0.02338966 -0.04499436]
[-0.05524333 -0.02916668 -0.04358592]
[-0.05474506 -0.03195739 -0.04278569]
[-0.05354966 -0.03470004 -0.04189229]
[-0.05162745 -0.03775722 -0.04015831]
[-0.04471065 -0.04581439 -0.03177165]
[-0.03337322 -0.0551882  -0.01353133]
[-0.02948696 -0.05619117 -0.01111463]
[-0.01602183 -0.05849129 -0.00244584]
[-0.01274895 -0.05804578 -0.00073815]
[-0.01153707 -0.05677352  0.0009061 ]
[-0.01064088 -0.05436749  0.00202967]
[-0.01120534 -0.05383588  0.00175091]
[-0.01258662 -0.05332538  0.00117538]
[-0.02019254 -0.05012763  0.00051664]
[-0.02262364 -0.04927029  0.00059508]
[-0.02508208 -0.04908772  0.0003391 ]
[-0.02717738 -0.04894287 -0.0001872 ]
[-2.87919879e-02 -4.80829626e-02  4.81456518e-05]
[-0.02870006 -0.0473362   0.00061126]
[-0.02877125 -0.0460117   0.00148869]
[-0.03373079 -0.03566524 -0.00073165]
[-0.03407541 -0.03387289 -0.00112983]
[-0.03392279 -0.0318827  -0.00090426]
[-0.0324852  -0.02830831 -0.00041286]
[-0.03127152 -0.02681236 -0.00039335]
[-0.02942887 -0.02597158 -0.00023869]
[-0.01976811 -0.02004154  0.00197018]
[-0.0191972  -0.01474854  0.00087242]
[-0.01852993 -0.0121246   0.0007435 ]
[-0.01759368 -0.00475149  0.00153988]
[-0.01701308 -0.00215285  0.00199131]
[-0.01544161  0.0031006   0.00269708]
[-0.0132319   0.00787137  0.00428364]
[-0.01099698  0.01324757  0.00695968]
[-0.01004831  0.01994974  0.01224605]
[-0.00967669  0.02897942  0.01788991]
[-0.0098799   0.03920016  0.01934702]
[-0.01058934  0.04337365  0.02090837]
[-0.01141764  0.04747486  0.02209781]
[-0.01234444  0.05656563  0.02652213]
[-0.01264825  0.06069651  0.02819152]
[-0.01373852  0.06823035  0.03046657]
[-0.01802801  0.07950108  0.03291969]
[-0.01770409  0.09270429  0.02732492]
[-0.01757238  0.09313083  0.02609017]
[-0.01712387  0.09338544  0.02548046]
[-0.01232756  0.09399267  0.02720482]
[-0.01130492  0.09428528  0.02840616]
[-0.0110259   0.09494749  0.02968952]
[-0.01061819  0.09607228  0.03105818]
[-0.01071476  0.1012105   0.03170298]
[-0.01033159  0.10298028  0.03045915]
[-0.00777202  0.10584991  0.02611757]
[-0.00737899  0.10548114  0.02463802]
[-0.00648137  0.10514487  0.02326316]
[-0.00379846  0.10532065  0.02494473]
[0.00011786 0.10667562 0.02581233]
[0.0049549  0.11211872 0.02555601]
[0.00488788 0.11760859 0.02288565]
[0.00538223 0.12330791 0.02148735]
[0.02554414 0.1462578  0.01416206]
[0.02932029 0.14869627 0.01728356]
[0.02753842 0.1497746  0.01942382]
[0.0247238  0.14879386 0.01931093]
[0.01743118 0.14218612 0.02759106]
[0.01431281 0.140544   0.02571436]
[0.01322318 0.13975409 0.02610615]
[0.0123309  0.13629161 0.02699045]
[0.015573   0.13413186 0.02714329]
[0.0157003  0.13345364 0.0261307 ]
[0.0123446  0.13217823 0.02245607]
[0.01332687 0.13079025 0.02295269]
[0.01256092 0.12968487 0.02246981]
[0.00967238 0.12956323 0.01971303]
[0.01082287 0.13190243 0.02242464]
[0.01082287 0.13190243 0.02242464]
[0.01081558 0.13177583 0.02282068]
[0.00454188 0.12989812 0.01998927]
[-0.00188264  0.12957677  0.01744694]
[-0.00605614  0.12943836  0.01580097]
[-0.01040476  0.12869197  0.01282743]
[-0.02411067  0.12364726  0.00526666]
[-0.08972365  0.10458494 -0.02339389]
[-0.10725067  0.09978155 -0.02845636]
[-0.12395397  0.09606291 -0.0336435 ]
[-0.15340138  0.09075475 -0.03398414]
[-0.17558164  0.08752431 -0.03454566]
[-0.1925011   0.08586411 -0.03583238]
[-0.25323235  0.07161018 -0.04414008]
[-0.27336166  0.06587108 -0.04176884]
[-0.30067086  0.0653924  -0.0436825 ]
[-0.30767127  0.06670997 -0.0413933 ]
[-0.32735203  0.07222909 -0.03621779]
[-0.32803892  0.07084753 -0.03681528]
[-0.32552592  0.06201769 -0.03915597]
[-0.32490828  0.0598866  -0.03989822]
[-0.32425026  0.06018891 -0.03933027]
[-0.32307122  0.06077529 -0.0397998 ]
[-0.32422077  0.06545673 -0.0395343 ]
[-0.32422077  0.06545673 -0.0395343 ]
[-0.32460446  0.06735115 -0.03928356]
[-0.31859958  0.07077383 -0.03657987]
[-0.31483292  0.07291676 -0.037952  ]
[-0.3024533   0.07762598 -0.03605197]
[-0.29942585  0.08057301 -0.03172114]
[-0.28719907  0.08447615 -0.03366335]
[-0.28561966  0.08678294 -0.03317739]
[-0.27542655  0.10066789 -0.02539917]
[-0.27281526  0.10168718 -0.02158839]
[-0.26203121  0.09979464 -0.00463793]
[-0.26302871  0.0996703  -0.00299256]
[-0.26304228  0.10047351 -0.00061124]
[-0.25376197  0.11184514  0.0263772 ]
[-0.25087617  0.11666674  0.03879361]
[-0.23135534  0.13590936  0.09720966]
[-0.22630679  0.13788392  0.10794295]
[-0.22246429  0.13951077  0.11560626]
[-0.22003563  0.14103927  0.12038514]
[-0.21811667  0.14507429  0.1233934 ]
[-0.21829086  0.14723848  0.12279322]
[-0.21862942  0.14885841  0.12231804]
[-0.20998956  0.14991103  0.12215391]
[-0.20615344  0.14859161  0.1247733 ]
[-0.20697474  0.14528306  0.1262147 ]
[-0.21025287  0.13861857  0.12670887]
[-0.20649735  0.1372225   0.11991827]
[-0.20001634  0.14143628  0.10925863]
[-0.19778847  0.14325863  0.10068416]
[-0.19545197  0.14339828  0.08910107]
[-0.19302916  0.13965364  0.06482255]
[-0.19151391  0.13720962  0.0546383 ]
[-0.19015308  0.13398431  0.04506998]
[-0.19419886  0.12342828  0.0026958 ]
[-0.19357138  0.1182338  -0.01575212]
[-0.19383781  0.11571373 -0.02193571]
[-0.1935417   0.11393328 -0.02781606]
[-0.1918517   0.1098099  -0.03594986]
[-0.19213087  0.10697518 -0.03969452]
[-0.19349168  0.10287553 -0.04384504]
[-0.1819394  0.0562421 -0.082579 ]
[-0.18041562  0.05238918 -0.08308232]
[-0.17875206  0.04893168 -0.08360259]
[-0.17417517  0.04300442 -0.08585189]
[-0.17222399  0.03983468 -0.08691466]
[-0.17118403  0.0366527  -0.08758879]
[-0.16719243  0.02259726 -0.09083592]
[-0.16499376  0.01972996 -0.09036817]
[-0.16318328  0.01387635 -0.09171342]
[-0.15731938  0.00255298 -0.09252565]
[-0.15344836 -0.0036935  -0.09186133]
[-0.14228696 -0.01418138 -0.09158967]
[-0.13461611 -0.0195212  -0.09038381]
[-0.13461611 -0.0195212  -0.09038381]
[-0.13276068 -0.02198209 -0.09055334]
[-0.12751956 -0.02938404 -0.08660866]
[-0.12215585 -0.03463446 -0.08214103]
[-0.11791702 -0.03965225 -0.07534357]
[-0.08881932 -0.05707602 -0.03797114]
[-0.08815642 -0.05706379 -0.03609506]
[-0.0889135  -0.05698524 -0.03430072]
[-0.08707617 -0.05630983 -0.02844374]
[-0.08461968 -0.0555549  -0.02436553]
[-0.07861566 -0.05450944 -0.01862328]
[-0.07406303 -0.05349057 -0.00525213]
[-7.22705662e-02 -5.37065789e-02 -8.30122735e-05]
[-0.0675737  -0.05212001  0.02938873]
[-0.06679062 -0.05147851  0.03427213]
[-0.06615787 -0.05110146  0.03868388]
[-0.06256816 -0.04799854  0.05207313]
[-0.06356708 -0.04423751  0.05725921]
[-0.06245477 -0.04282913  0.0592614 ]
[-0.06179978 -0.04117201  0.06101682]
[-0.06178245 -0.04015828  0.06248221]
[-0.06585443 -0.03550419  0.06459852]
[-0.06751365 -0.03293207  0.06528679]
[-0.07016917 -0.02793338  0.06687852]
[-0.07201534 -0.02510078  0.06883978]
[-0.07229456 -0.01539486  0.07334442]
[-0.07223767 -0.01183774  0.07409462]
[-0.07487378 -0.00548915  0.07481311]
[-0.07667849 -0.00166914  0.0745386 ]
[-0.08243551  0.00587474  0.07243378]
[-0.08557303  0.01347985  0.06887902]
[-0.0875235   0.0345494   0.05312957]
[-0.08622473  0.03926902  0.04772266]
[-0.08568669  0.05322177  0.02578282]
[-0.08875873  0.0566473   0.01789634]
[-0.08659978  0.07554919 -0.01437743]
[-0.07953511  0.09423816 -0.04264968]
[-0.0813063   0.09455804 -0.0490169 ]
[-0.08520769  0.09597179 -0.06141732]
[-0.08616292  0.09931991 -0.0669156 ]
[-0.08692742  0.10484546 -0.07621282]
[-0.08639932  0.11160252 -0.08717189]
[-0.08606105  0.1139406  -0.09163202]
[-0.08305922  0.11585844 -0.09531288]
[-0.08091653  0.11725485 -0.0957108 ]
[-0.08149356  0.11779038 -0.09597357]
[-0.0710308   0.11990571 -0.10496075]
[-0.06841424  0.12101938 -0.10597723]
[-0.06981942  0.1245487  -0.12199906]
[-0.07014363  0.12528054 -0.12519994]
[-0.0699824   0.12928122 -0.13436177]
[-0.07046362  0.12980506 -0.13598476]
[-0.07102538  0.13010022 -0.13673691]
[-0.07545468  0.12941901 -0.13720107]
[-0.07901848  0.12793314 -0.13686548]
[-0.08038289  0.12766768 -0.13677503]
[-0.08319422  0.12777042 -0.13517663]
[-0.0857998   0.12740156 -0.13507324]
[-0.08977753  0.12680845 -0.13499111]
[-0.0995306   0.12642811 -0.13476562]
[-0.10358724  0.12741534 -0.13280834]
[-0.10740106  0.12804666 -0.13006532]
[-0.10938227  0.12821899 -0.12789994]
[-0.1108209   0.12709455 -0.12534393]
[-0.11061428  0.12761347 -0.12504092]
[-0.11326214  0.12898666 -0.12542559]
[-0.11466933  0.12947099 -0.12593299]
[-0.11584894  0.13014698 -0.12628338]
[-0.12109219  0.13585815 -0.13411851]
[-0.12067288  0.13662535 -0.13540414]
[-0.11109891  0.13543648 -0.13676518]
[-0.1076826   0.13635166 -0.13447788]
[-0.10007901  0.13335253 -0.12704012]
[-0.10007901  0.13335253 -0.12704012]
[-0.09927726  0.13244885 -0.1228971 ]
[-0.10057507  0.13243338 -0.11973395]
[-0.1051249   0.13195521 -0.11689769]
[-0.1059118   0.12748453 -0.11733366]
[-0.10310225  0.12488046 -0.11812799]
[-0.10236224  0.12537561 -0.11795945]
[-0.1021568   0.12585637 -0.11753076]
[-0.10183778  0.12647279 -0.11698338]
[-0.1006516   0.12704422 -0.11571482]
[-0.10043627  0.1269419  -0.11509609]
[-0.10019606  0.12683332 -0.11418463]
[-0.09982453  0.12663037 -0.11290213]
[-0.09716482  0.12686703 -0.10988459]
[-0.09504646  0.12684338 -0.10779362]
[-0.09647829  0.12606794 -0.10272772]
[-0.09653617  0.12587491 -0.10124815]
[-0.09304947  0.12471423 -0.0946503 ]
[-0.09303701  0.12387891 -0.09415825]
[-0.09312203  0.1231017  -0.09414378]
[-0.0951042   0.11943468 -0.09305627]
[-0.09495822  0.11905209 -0.09204382]
[-0.09303165  0.11949556 -0.08949241]
[-0.09152449  0.11612403 -0.08455484]
[-0.09209863  0.11500532 -0.08325016]
[-0.09236024  0.11375029 -0.08115549]
[-0.09115857  0.11311939 -0.07808895]
[-0.08568832  0.11300772 -0.0737737 ]
[-0.08432754  0.11252717 -0.0750967 ]
[-0.08028718  0.09444851 -0.07609884]
[-0.07881563  0.09083906 -0.07273584]
[-0.07922923  0.09016624 -0.07192808]
[-0.07884508  0.08930905 -0.07091033]
[-0.07631981  0.09023259 -0.06878737]
[-0.06906887  0.09126026 -0.06316651]
[-0.06711256  0.09145503 -0.06198158]
[-0.06250762  0.09243682 -0.0587671 ]
[-0.05911691  0.09183614 -0.05362751]
[-0.05900931  0.09045029 -0.04900291]
[-0.05804218  0.08826561 -0.04507948]
[-0.0465456   0.06888661 -0.03949882]
[-0.04588511  0.06327111 -0.03854849]
[-0.03874359  0.03887885 -0.03533135]
[-0.03918169  0.02966782 -0.03375079]
[-0.03974223  0.02481994 -0.03333003]
[-0.04219216  0.00524309 -0.03641608]
[-0.04185663  0.00223222 -0.03691746]
[-0.04129306 -0.0002488  -0.03664819]
[-0.04136247 -0.00245068 -0.03725854]
[-0.04174616 -0.01826478 -0.03859491]
[-0.04268917 -0.02157585 -0.03875504]
[-0.04334774 -0.0247745  -0.03952552]
[-0.05227628 -0.0356258  -0.04255781]
[-0.05530974 -0.03784264 -0.04284206]
[-0.05746653 -0.04006635 -0.04256256]
[-0.06205553 -0.04497344 -0.03848693]
[-0.06477947 -0.04740165 -0.03629303]
[-0.06775641 -0.04910531 -0.03499211]
[-0.07078608 -0.04990362 -0.0346271 ]
[-0.07421265 -0.04956989 -0.03460915]
[-0.08116876 -0.04601568 -0.03362837]
[-0.086994   -0.04494102 -0.03276508]
[-0.09007678 -0.04774711 -0.03328395]
[-0.09133943 -0.05251503 -0.03431078]
[-0.09557683 -0.06474898 -0.03496882]
[-0.09672548 -0.06202866 -0.03315991]
[-0.101431   -0.05144693 -0.03439635]
[-0.10230974 -0.05211137 -0.03605259]
[-0.1054259  -0.05263719 -0.04014681]
[-0.10573239 -0.05387488 -0.04120617]
[-0.10685288 -0.05461499 -0.04315383]
[-0.11509984 -0.04778855 -0.05051606]
[-0.1153663  -0.04662697 -0.05146746]
[-0.11506548 -0.04197099 -0.05384754]
[-0.11277161 -0.03590934 -0.05733829]
[-0.11331877 -0.02918696 -0.06029655]
[-0.05806104 -0.03046928 -0.06887989]
[-0.11344263 -0.03544168 -0.07358382]
[-0.09930097 -0.03933387 -0.07141326]
[-0.07297071 -0.03908077 -0.05436983]
[-0.0578664  -0.0355176  -0.04925236]
[-0.03867992 -0.03290751 -0.04631421]
[-0.01622117 -0.03070608 -0.04453507]
[ 0.01924156 -0.03266394 -0.03679522]
[ 0.03037081 -0.03367227 -0.02867748]
[ 0.03845771 -0.03499474 -0.02364643]
[ 0.05696349 -0.03859171 -0.01013972]
[ 0.05696349 -0.03859171 -0.01013972]
[ 0.06145535 -0.038066   -0.00400508]
[ 0.0622106  -0.03431409  0.00042189]
[ 0.06900252 -0.0229946   0.00205017]
[ 0.06738231 -0.01624407  0.00054908]
[ 0.0511902  -0.00517552  0.0016002 ]
[ 0.04049776  0.00073215 -0.00021911]
[ 0.03227924  0.00696041 -0.00463205]
[ 0.01767168  0.01322793 -0.01789573]
[ 0.00134403  0.01722556 -0.03376203]
[-0.0142814   0.01927586 -0.04907469]
[-0.02511832  0.01967565 -0.06046738]
[-0.05564086  0.01937816 -0.08548763]
[-0.06471607  0.02029264 -0.09323106]
[-0.08303312  0.02609196 -0.09919951]
[-0.0931314   0.02954258 -0.10239779]

程序已被终止，正在关闭套接字...
套接字已关闭。
