[-0.11408028  0.01610303 -0.05422834]
[-0.11614486  0.0163272  -0.05369592]
[-0.10140759  0.01399428 -0.04757482]
[-0.1085631   0.01325748 -0.04319852]
[-0.10144733  0.02555661 -0.03232129]
[-0.09643414  0.02942206 -0.02875699]
[-0.09240995  0.03059723 -0.0271327 ]
[-0.0885154   0.03176107 -0.02526583]
[-0.07583746  0.03916172 -0.01807261]
[-0.07300183  0.04088759 -0.01697353]
[-0.07049471  0.0423601  -0.01587467]
[-0.06838775  0.04355354 -0.01433838]
[-0.06274554  0.04725152 -0.00838645]
[-0.05675613  0.05043668 -0.00304326]
[-0.05434717  0.05200136  0.00031616]
[-0.05159344  0.05349828  0.00217037]
[-0.04793737  0.05379754  0.00230918]
[-0.04371277  0.0544614   0.00131108]
[ 0.01217372  0.0389969  -0.00547769]
[ 0.02712051  0.03422139 -0.00558624]
[ 0.02712051  0.03422139 -0.00558624]
[ 0.033677    0.03184691 -0.00510087]
[ 0.03986373  0.02911878 -0.0050702 ]
[ 0.05704478  0.00250789 -0.02000569]
[ 0.04062011 -0.01303113 -0.035332  ]
[ 0.03620782 -0.01761635 -0.04238873]
[ 0.03620782 -0.01761635 -0.04238873]
[ 0.03301028 -0.02340742 -0.04824159]
[ 0.02904952 -0.03140468 -0.05134506]
[ 0.02601362 -0.03542042 -0.05338953]
[ 0.02037867 -0.04279917 -0.05742737]
[ 0.0186772  -0.04598006 -0.05884608]
[ 0.01829897 -0.04985161 -0.05998565]
[ 0.01915995 -0.05408267 -0.06084203]
[ 0.01979587 -0.05891796 -0.06182058]
[ 0.02014904 -0.06414572 -0.06247008]
[ 0.01434532 -0.07893832 -0.06400745]
[ 0.0052071  -0.08443535 -0.06243528]
[ 0.00069498 -0.08636595 -0.06121476]
[-0.00358599 -0.08836094 -0.0599899 ]
[-0.00606432 -0.0913086  -0.05924543]
[-0.02613544 -0.09815172 -0.05580754]
[-0.03328278 -0.09736871 -0.05310782]
[-0.05091392 -0.09077659 -0.04076972]
[-0.06075893 -0.08664016 -0.03483773]
[-0.06513318 -0.08469505 -0.03194257]
[-0.08840776 -0.07598617 -0.02431779]
[-0.09423387 -0.07335143 -0.02334326]
[-0.13024007 -0.06196067 -0.02149724]
[-0.15311572 -0.05707859 -0.02082034]
[-0.16521383 -0.05526577 -0.02029885]
[-0.17686606 -0.05253991 -0.01951986]
[-0.18861585 -0.04950936 -0.01840834]
[-0.20052581 -0.04689947 -0.01700486]
[-0.27169189 -0.02081173 -0.01015552]
[-0.27590979 -0.01497468 -0.01055473]
[-0.28300565 -0.0045874  -0.0115209 ]
[-0.28300565 -0.0045874  -0.0115209 ]
[-0.2875488   0.00468623 -0.01048624]
[-0.29108463  0.01259619 -0.00490363]
[-0.2930265   0.01547615 -0.00111499]
[-0.29443783  0.01821377  0.00294511]
[-0.30435588  0.03258633  0.01892866]
[-0.31614307  0.05828892  0.05828767]
[-0.31785313  0.06425412  0.06168092]
[-0.31912237  0.07007281  0.06340034]
[-0.32286716  0.08957776  0.07278406]
[-0.32404623  0.09292766  0.07596621]
[-0.32762651  0.09781216  0.07982103]
[-0.32891204  0.09838177  0.07937178]
[-0.33014269  0.09908277  0.07871307]
[-0.33473493  0.09953841  0.07965888]
[-0.33643098  0.09701829  0.0802764 ]
[-0.33697219  0.0955093   0.07979048]
[-0.33742672  0.09346909  0.07857266]
[-0.34031133  0.08889278  0.07539777]
[-0.34117044  0.08418277  0.07057943]
[-0.33873112  0.07682508  0.0554496 ]
[-0.33484822  0.06901651  0.05017719]
[-0.33230489  0.06319229  0.04839009]
[-0.33081839  0.05704909  0.04642967]
[-0.32818734  0.05121642  0.04437558]
[-0.32621897  0.04643838  0.04200488]
[-0.31575417  0.01982698  0.00857664]
[-0.31654891  0.0155425   0.00226932]
[-0.31822901 -0.00510623 -0.02850057]
[-0.31782555 -0.01684759 -0.04533169]
[-0.31904671 -0.02289401 -0.05553332]
[-0.3197385  -0.02859654 -0.06401375]
[-0.31816348 -0.03804349 -0.07866259]
[-0.31625451 -0.04726301 -0.08420209]
[-0.31254172 -0.05178203 -0.08396593]
[-0.29647532 -0.06503159 -0.08081593]
[-0.29330715 -0.0718676  -0.08307981]
[-0.29599717 -0.08683883 -0.09368859]
[-0.29646754 -0.09007798 -0.09492355]
[-0.29747688 -0.09418792 -0.0984256 ]
[-0.29747688 -0.09418792 -0.0984256 ]
[-0.29879027 -0.0953425  -0.10022005]
[-0.30093258 -0.09636262 -0.10237966]
[-0.3114105  -0.10133187 -0.10319486]
[-0.31894659 -0.10345143 -0.09608309]
[-0.31841106 -0.1043938  -0.09581899]
[-0.31903053 -0.10501172 -0.09600454]
[-0.32020774 -0.1048751  -0.09861248]
[-0.31775131 -0.10387713 -0.09881841]
[-0.31576689 -0.1040088  -0.09782826]
[-0.31093752 -0.10607386 -0.09421761]
[-0.3065101  -0.11027134 -0.09109022]
[-0.30531811 -0.11204673 -0.090229  ]
[-0.30507977 -0.11322697 -0.09005057]
[-0.30921025 -0.11351903 -0.09028654]
[-0.3144903  -0.11360718 -0.09074177]
[-0.31562505 -0.11453759 -0.09016645]
[-0.31489229 -0.11596087 -0.08959279]
[-0.31462851 -0.11724164 -0.08711216]
[-0.31705629 -0.11767782 -0.08643322]
[-0.32131197 -0.11617333 -0.08474566]
[-0.32391343 -0.11417434 -0.08119647]
[-0.32557295 -0.11037666 -0.07132529]
[-0.32535612 -0.10972854 -0.06273749]
[-0.32535612 -0.10972854 -0.06273749]
[-0.3240125  -0.10897131 -0.0574232 ]
[-0.32310627 -0.09558252 -0.04088982]
[-0.32463239 -0.08256685 -0.02846176]
[-0.32389531 -0.07825566 -0.02096025]
[-0.32352867 -0.07409788 -0.01402392]
[-0.3236916  -0.06935591 -0.00755027]
[-0.32507333 -0.06021287  0.00506229]
[-0.32550136 -0.05555532  0.01167597]
[-0.32663313 -0.0521357   0.01817895]
[-0.3257782  -0.04873856  0.02562034]
[-0.32077142 -0.03983255  0.04186127]
[-0.31278291 -0.03213388  0.05853281]
[-0.30911496 -0.02901974  0.06626601]
[-0.30137143 -0.01763406  0.09101728]
[-0.29970428 -0.01470975  0.09472062]
[-0.29698011 -0.01209251  0.09790321]
[-0.29470616 -0.00934871  0.10076129]
[-0.29320798 -0.00686156  0.10397929]
[-0.29247154 -0.00312835  0.11101882]
[-0.2920933  -0.00204586  0.11511407]
[-0.29056797 -0.00097423  0.1205673 ]
[-2.89598116e-01  1.69972671e-04  1.26649782e-01]
[-0.28800314  0.00193315  0.13271639]
[-0.25032377  0.02953936  0.3064335 ]
[-0.249771    0.03365221  0.31732067]
[-0.25036442  0.03790098  0.32697648]
[-0.25252161  0.04547608  0.3399007 ]
[-0.25340536  0.04890561  0.34392783]
[-0.25367921  0.05148744  0.34596866]
[-0.2602984   0.05778079  0.35226053]
[-0.26164457  0.05953745  0.35345924]
[-0.2626735   0.06099416  0.35437495]
[-0.26229248  0.0593614   0.35472575]
[-0.26137611  0.05669149  0.35403961]
[-0.26079929  0.05647532  0.3518779 ]
[-0.26010732  0.05702405  0.34893951]
[-0.2601042   0.0579367   0.34628463]
[-0.26037064  0.05824918  0.34498549]
[-0.26227626  0.05899759  0.3432287 ]
[-0.26333844  0.05960171  0.34212634]
[-0.26401147  0.06068051  0.33985215]
[-0.26484143  0.06190164  0.33705252]
[-0.26600557  0.06286282  0.33458862]
[-0.26760698  0.06308566  0.33236825]
[-0.27186541  0.06124318  0.32963756]
[-0.27498485  0.06052872  0.32779434]
[-0.27803096  0.06009541  0.32516158]
[-0.28058156  0.05926561  0.32252079]
[-0.2870462   0.05789654  0.31550223]
[-0.29067915  0.05658458  0.31177667]
[-0.29516258  0.05499274  0.30639443]
[-0.30227436  0.05078664  0.29769072]
[-0.30568872  0.04750011  0.29235828]
[-0.30631564  0.04576199  0.28943959]
[-0.30509212  0.04375206  0.28600609]
[-0.30168339  0.03872839  0.27430606]
[-0.29664669  0.03366649  0.25774765]
[-0.29421374  0.03228453  0.24932429]
[-0.29204307  0.03053316  0.24209331]
[-0.28575384  0.0268419   0.22708485]
[-0.28206871  0.02409882  0.22066818]
[-0.27919337  0.0217077   0.21339841]
[-0.27790419  0.01888115  0.20594144]
[-0.2773493   0.01322041  0.1884007 ]
[-0.2777381   0.01055682  0.1823456 ]
[-0.2786118   0.00881538  0.17727791]
[-0.28227016  0.00662542  0.1694697 ]
[-0.28227016  0.00662542  0.1694697 ]
[-0.28455486  0.00601056  0.16608894]
[-0.28772674  0.00466215  0.16013935]
[-0.29248523  0.00372096  0.15602678]
[-0.29481816  0.00366304  0.1539416 ]
[-0.29825547  0.00423977  0.14958955]
[-0.30034252  0.00529646  0.14660978]
[-0.30555659  0.0080422   0.14227708]
[-0.31214013  0.01635117  0.13706908]
[-0.31573453  0.02425415  0.13326642]
[-0.31905947  0.04041606  0.12645386]
[-0.3197105   0.04690432  0.12323836]
[-0.31935673  0.05169164  0.12053044]
[-0.31730835  0.05611873  0.11818109]
[-0.31345038  0.06124497  0.11749218]
[-0.30826884  0.06640659  0.11875537]
[-0.30020269  0.07833938  0.12030041]
[-0.29836802  0.08467837  0.12002527]
[-0.29762934  0.09163652  0.11859011]
[-0.29535598  0.1056364   0.11598824]
[-0.29409745  0.11226667  0.11535779]
[-0.29375123  0.11884818  0.11413545]
[-0.29453034  0.12521681  0.1129946 ]
[-0.29608774  0.13054027  0.11163064]
[-0.29713448  0.13976458  0.10993919]
[-0.2959768   0.14724411  0.10904903]
[-0.29582019  0.15080498  0.10862477]
[-0.29475548  0.15413211  0.10891254]
[-0.29327326  0.15963469  0.10916194]
[-0.2923154   0.16140214  0.10879056]
[-0.29279336  0.16294189  0.10729389]
[-0.2927146   0.16553463  0.10647537]
[-0.29349946  0.1689494   0.10687637]
[-0.29504671  0.17292586  0.10877677]
[-0.29635848  0.17212005  0.10850479]
[-0.29695634  0.1693482   0.10665097]
[-0.29738107  0.166529    0.10371944]
[-0.30115267  0.16123115  0.095309  ]
[-0.30432265  0.15913093  0.09007737]
[-0.30638466  0.1568902   0.08514906]
[-0.30724237  0.15421093  0.07890508]
[-0.3062345   0.15087342  0.07151341]
[-0.30473488  0.14612055  0.06224918]
[-0.30233304  0.13575567  0.0424677 ]
[-0.30154174  0.13183974  0.0342824 ]
[-0.30135756  0.12806316  0.02669631]
[-0.3011233   0.12245712  0.01870208]
[-0.30094411  0.11673264  0.00989778]
[-0.29938408  0.10339183 -0.00522721]
[-0.29782479  0.09664887 -0.01142302]
[-0.29631157  0.09082825 -0.01683127]
[-0.29462729  0.07938326 -0.0269883 ]
[-0.29384502  0.07494275 -0.03361323]
[-0.29357786  0.07042227 -0.04043925]
[-0.29426149  0.06643587 -0.04846058]
[-0.29551324  0.06225785 -0.05608301]
[-0.29540708  0.05808211 -0.06226873]
[-0.29332134  0.04987481 -0.07524463]
[-0.2920622   0.04591911 -0.08270814]
[-0.29187227  0.04255375 -0.09000456]
[-0.29219275  0.03903574 -0.09721016]
[-0.29208677  0.03126178 -0.10940839]
[-0.29079514  0.02658045 -0.11494523]
[-0.28961573  0.02288543 -0.12032013]
[-0.28914809  0.02086719 -0.12592113]
[-0.28944259  0.01962002 -0.13136405]
[-0.28935927  0.02014567 -0.14064835]
[-0.28904528  0.02032973 -0.14388177]
[-0.28894024  0.02027217 -0.14605558]
[-0.28819726  0.01975885 -0.14748695]
[-0.28640927  0.01800019 -0.14885354]
[-0.28443185  0.01627143 -0.14941524]
[-0.28337725  0.01460523 -0.14969334]
[-0.28389197  0.01276202 -0.1492264 ]
[-0.28465226  0.01046946 -0.14867921]
[-0.2857768   0.00686785 -0.14841028]
[-0.28576336  0.00558436 -0.15000358]
[-0.28612501  0.00498322 -0.15153445]
[-0.28654777  0.00413261 -0.15342654]
[-0.28696778  0.00265363 -0.15507914]
[-0.28683008 -0.00129201 -0.15950301]
[-0.28714281 -0.002806   -0.16253805]
[-0.28798541 -0.00383708 -0.16579497]
[-0.28894889 -0.00507756 -0.16862106]
[-0.29240506 -0.00922509 -0.17381589]
[-0.29037877 -0.01773896 -0.17777939]
[-0.29037877 -0.01773896 -0.17777939]
[-0.28889742 -0.0210748  -0.17815129]
[-0.28905944 -0.02425833 -0.17876087]
[-0.29412133 -0.02869585 -0.18188293]
[-0.29412133 -0.02869585 -0.18188293]
[-0.30044875 -0.02976923 -0.18425415]
[-0.31972235 -0.03448665 -0.18279821]
[-0.3280054  -0.04077839 -0.17069006]
[-0.33038499 -0.04972326 -0.15481551]
[-0.33038499 -0.04972326 -0.15481551]
[-0.331601   -0.05502534 -0.14760491]
[-0.33157177 -0.06030836 -0.14194408]
[-0.32254278 -0.07597248 -0.1262899 ]
[-0.31808031 -0.08417453 -0.11857243]
[-0.31653609 -0.09153531 -0.1104482 ]
[-0.31477373 -0.09925354 -0.10267202]
[-0.31089499 -0.11129829 -0.09100608]
[-0.3098171  -0.11655347 -0.08599268]
[-0.31040546 -0.12127198 -0.0806931 ]
[-0.31037999 -0.12687828 -0.07523339]
[-0.3088403  -0.13313998 -0.06935769]
[-0.30574414 -0.14505188 -0.05975559]
[-0.30506262 -0.1511452  -0.05537193]
[-0.30503781 -0.15672983 -0.05214813]
[-0.30596423 -0.1624185  -0.04850174]
[-0.30689892 -0.16813162 -0.04500566]
[-0.30674174 -0.17666818 -0.03977911]
[-0.3057959  -0.18007942 -0.03840202]
[-0.30431678 -0.18334177 -0.03691056]
[-0.30262051 -0.18658766 -0.03534684]
[-0.29917527 -0.19241859 -0.03056189]
[-0.29734714 -0.19480942 -0.02827474]
[-0.29552665 -0.19716142 -0.02628114]
[-0.29317214 -0.1997285  -0.02446134]
[-0.29140971 -0.20245518 -0.02279592]
[-0.28770975 -0.20857616 -0.01972079]
[-0.2858009  -0.21163343 -0.01848806]
[-0.28324541 -0.2141915  -0.01733933]
[-0.28093995 -0.21668711 -0.0158011 ]
[-0.28143387 -0.2201477  -0.01130198]
[-0.28532057 -0.22091411 -0.00785051]
[-0.28891193 -0.22134529 -0.00444299]
[-0.29227682 -0.22243316 -0.00125773]
[-0.29384854 -0.22361049  0.00214219]
[-0.29228022 -0.22655375  0.00868673]
[-0.28825737 -0.23007184  0.01492378]
[-0.28500209 -0.23252927  0.01878758]
[-0.28049586 -0.23555265  0.0233004 ]
[-0.27098914 -0.24316019  0.03488731]
[-0.26673185 -0.24708612  0.04046147]
[-0.26265559 -0.25120693  0.04593889]
[-0.2579006  -0.25757778  0.05791763]
[-0.25654578 -0.25952557  0.06315891]
[-0.25776351 -0.26008058  0.0680073 ]
[-0.25719382 -0.26220554  0.0764065 ]
[-0.25719382 -0.26220554  0.0764065 ]
[-0.25716295 -0.26336968  0.08197738]
[-0.25847735 -0.26923802  0.09505281]
[-0.25802134 -0.27693239  0.1031737 ]
[-0.2545246  -0.28059202  0.10698556]
[-0.2495714  -0.28421569  0.11020773]
[-0.24381776 -0.28820854  0.11654076]
[-0.24343009 -0.28927749  0.11867812]
[-0.24415089 -0.2895011   0.12021326]
[-0.24543508 -0.28945941  0.12071878]
[-0.24678189 -0.28892276  0.12034906]
[-0.24803887 -0.2884838   0.11959262]
[-0.25021517 -0.28747565  0.11583637]
[-0.25179586 -0.28559723  0.11274222]
[-0.25765556 -0.28167403  0.11105099]
[-0.26700156 -0.27410576  0.11052603]
[-0.27045535 -0.27143499  0.11095779]
[-0.27012005 -0.270363    0.10970122]
[-0.2683062  -0.27024445  0.1074567 ]
[-0.26620811 -0.27030787  0.103903  ]
[-0.26446916 -0.26990688  0.10017204]
[-0.26447856 -0.26729366  0.09543816]
[-0.26584822 -0.26545522  0.09415206]
[-0.26786862 -0.26387447  0.0935556 ]
[-0.27030656 -0.26251051  0.09300543]
[-0.27308013 -0.26143041  0.09299061]
[-0.2729526  -0.26123342  0.09326448]
[-0.27158123 -0.26125398  0.09362936]
[-0.26994598 -0.26092792  0.09355131]
[-0.26825585 -0.26071763  0.09374824]
[-0.26762242 -0.26012155  0.0939063 ]
[-0.27299646 -0.25734121  0.09337099]
[-0.27758493 -0.25558469  0.09203526]
[-0.28140656 -0.25436682  0.09075217]
[-0.28394053 -0.25361934  0.08908388]
[-0.28555202 -0.25399575  0.08538191]
[-0.28355789 -0.25552174  0.08379591]
[-0.27979569 -0.25717145  0.08361947]
[-0.27247055 -0.25953266  0.0836878 ]
[-0.27207168 -0.26006395  0.08277854]
[-0.27546098 -0.25963801  0.08274727]
[-0.27894359 -0.25884286  0.08277366]
[-0.28256897 -0.25798318  0.08249223]
[-0.28567628 -0.25740668  0.08170825]
[-0.28930772 -0.25812915  0.07796203]
[-0.28954514 -0.2593843   0.07541686]
[-0.28923892 -0.26053339  0.07296547]
[-0.28963935 -0.26122761  0.06947371]
[-0.29149024 -0.26057327  0.06860749]
[-0.29444225 -0.25956124  0.06825155]
[-0.29985055 -0.25774273  0.06744527]
[-0.29985055 -0.25774273  0.06744527]
[-0.30172274 -0.25750238  0.06696088]
[-0.30310338 -0.25772166  0.06569993]
[-0.30380107 -0.25779936  0.06493624]
[-0.30487584 -0.2579298   0.06437179]
[-0.30641057 -0.2581296   0.06381132]
[-0.30757285 -0.25855532  0.06375557]
[-0.30945783 -0.25940326  0.06368397]
[-0.309998   -0.26032686  0.06365917]
[-0.309998   -0.26032686  0.06365917]
[-0.31026394 -0.26081085  0.06353973]
[-0.31044521 -0.2615307   0.0631422 ]
[-0.31318582 -0.26273373  0.06079173]
[-0.315344   -0.26319107  0.05927949]
[-0.31755719 -0.26352763  0.05749092]
[-0.31974238 -0.26378867  0.05620058]
[-0.3237684  -0.26427534  0.05306724]
[-0.3253145  -0.26434359  0.05186163]
[-0.32637081 -0.26454896  0.0505093 ]
[-0.3265139  -0.26494485  0.04941577]
[-0.32653807 -0.26552334  0.04855198]
[-0.32626403 -0.26613045  0.04812592]
[-0.32657246 -0.26711017  0.0474752 ]
[-0.32603914 -0.26733723  0.04714949]
[-0.32543101 -0.26775163  0.04635809]
[-0.32442472 -0.26810533  0.04595328]
[-0.32429008 -0.26657668  0.04533705]
[-0.32520483 -0.26547745  0.04496686]
[-0.32603387 -0.26459923  0.04446593]
[-0.32619698 -0.26363546  0.04373397]
[-0.32586055 -0.26317114  0.04362219]
[-0.32552458 -0.26294592  0.04313545]
[-0.32558019 -0.26266155  0.04126792]
[-0.32617376 -0.26243883  0.0400626 ]
[-0.32741609 -0.26200965  0.0384509 ]
[-0.3286084  -0.26180515  0.03374663]
[-0.3286364  -0.26212683  0.03077078]
[-0.32856179 -0.26254016  0.02799439]
[-0.32829217 -0.26344916  0.02145738]
[-0.32825548 -0.26397634  0.01522353]
[-0.32864196 -0.2638543   0.01219424]
[-0.32614843 -0.2643725   0.00586681]
[-0.32251033 -0.26557693  0.00247392]
[-0.31859485 -0.26694435 -0.00047011]
[-0.3120945  -0.26700026 -0.00319405]
[-0.30963356 -0.26498976 -0.0038864 ]
[-0.30471999 -0.25799757 -0.0053386 ]
[-0.30244208 -0.25253758 -0.00546847]
[-0.3011669  -0.2454823  -0.00571333]
[-0.30058881 -0.23663712 -0.00591139]
[-0.30324147 -0.2184099  -0.00634009]
[-0.30342043 -0.20930088 -0.00715718]
[-0.30418024 -0.19994885 -0.00858856]
[-0.30585734 -0.18977906 -0.01030403]
[-0.30948328 -0.17939489 -0.01192956]
[-0.31434252 -0.1680886  -0.01470351]
[-0.32197081 -0.14573002 -0.02046945]
[-0.32455624 -0.13506883 -0.0229697 ]
[-0.32708094 -0.12341257 -0.02494389]
[-0.34183889 -0.09676971 -0.03180131]
[-0.35298044 -0.08448145 -0.03245687]
[-0.36553373 -0.06425577 -0.03333607]
[-0.36857052 -0.0550409  -0.03271366]
[-0.37367461 -0.03369302 -0.03299524]
[-0.37668144 -0.02302954 -0.03416625]
[-0.37932155 -0.01151483 -0.03452122]
[-0.38061955 -0.00162721 -0.03554519]
[-0.37979212  0.00875923 -0.03687093]
[-0.37642696  0.02770405 -0.03712118]
[-0.37429432  0.03573465 -0.03646576]
[-0.3730926   0.04418952 -0.03550699]
[-0.37291398  0.05250153 -0.03516657]
[-0.37231488  0.06038339 -0.0344131 ]
[-0.37134167  0.07468842 -0.03190739]
[-0.3687686   0.08215862 -0.03042342]
[-0.36699363  0.08911491 -0.02940984]
[-0.36603797  0.09533583 -0.02712863]
[-0.36416087  0.10089453 -0.0257606 ]
[-0.36125488  0.11170247 -0.02245725]
[-0.35949873  0.11601069 -0.02177477]
[-0.35909309  0.11999568 -0.02108212]
[-0.35767795  0.12295333 -0.02054481]
[-0.35559493  0.12831376 -0.01810491]
[-0.35437214  0.13046838 -0.01642566]
[-0.35461372  0.13306308 -0.01478112]
[-0.35425051  0.13618816 -0.01326639]
[-0.35419723  0.13931818 -0.0118925 ]
[-0.35378463  0.14544635 -0.01006526]
[-0.3543664   0.14778827 -0.01012032]
[-0.35438769  0.15020445 -0.01033039]
[-0.35490336  0.15203299 -0.01139658]
[-0.35712803  0.15566891 -0.01279645]
[-0.35946321  0.15692417 -0.01198754]
[-0.36065532  0.15926109 -0.00896651]
[-0.36136396  0.16225791 -0.0048935 ]
[-0.36203238  0.16574781 -0.00201025]
[-0.36394403  0.17350817  0.00076718]
[-0.35998546  0.18055142  0.00363302]
[-0.35695928  0.18284528  0.00685516]
[-0.35509948  0.18428996  0.0093419 ]
[-0.35791583  0.18766564  0.01344318]
[-0.36026391  0.18988024  0.01541805]
[-0.36264355  0.19183095  0.01741543]
[-0.36382424  0.1933206   0.01951625]
[-0.3635981   0.19407181  0.02092422]
[-0.36368684  0.19443899  0.02129187]
[-0.36103993  0.19448845  0.02084057]
[-0.35895126  0.19451702  0.02072487]
[-0.35599566  0.19494553  0.02110173]
[-0.35150128  0.19560829  0.02290381]
[-0.34949773  0.19592579  0.02383504]
[-0.34862616  0.19609809  0.02386659]
[-0.3476445   0.19590935  0.02399264]
[-0.3463629   0.19534761  0.02404569]
[-0.34284089  0.19397227  0.02393505]
[-0.34136584  0.19268368  0.02312994]
[-0.34064994  0.19117424  0.02188434]
[-0.34007872  0.18924752  0.02046486]
[-0.33867153  0.18499625  0.01804955]
[-0.33707237  0.1831376   0.01690685]
[-0.33552817  0.18110016  0.01563771]
[-0.33446866  0.17895964  0.013628  ]
[-0.33366995  0.17286359  0.00854112]
[-0.33253471  0.16926444  0.0059478 ]
[-0.33127239  0.16499181  0.00379261]
[-0.33047428  0.16048433  0.00077957]
[-0.33066561  0.15565602 -0.00273711]
[-0.33153889  0.1458976  -0.01165244]
[-0.33167102  0.1333717  -0.01918285]
[-0.33234915  0.12507893 -0.02385687]
[-0.33048972  0.11732007 -0.02918177]
[-0.3227884   0.10362221 -0.04157477]
[-0.31957669  0.09765092 -0.04715834]
[-0.31726714  0.09173061 -0.05168359]
[-0.3169571   0.08555304 -0.05550224]
[-0.31598162  0.07855017 -0.05846184]
[-0.31515929  0.07085115 -0.06097058]
[-0.31250636  0.05208261 -0.06556669]
[-0.31146609  0.04156261 -0.06720311]
[-0.31126345  0.03199741 -0.06892703]
[-0.31393252  0.01310191 -0.07172261]
[-0.31559359  0.00472939 -0.07169398]
[-0.31772407 -0.00402762 -0.0713795 ]
[-0.31871861 -0.01186106 -0.07128757]
[-0.31999134 -0.02016305 -0.07179058]
[-0.32125887 -0.03611781 -0.07235858]
[-0.32211813 -0.05060642 -0.07212389]
[-0.32244482 -0.05680092 -0.07263412]
[-0.32330575 -0.06213307 -0.0729731 ]
[-0.32486539 -0.06758559 -0.07321627]
[-0.32746541 -0.07751311 -0.07337905]
[-0.32830291 -0.08175623 -0.07267293]
[-0.32920919 -0.08529394 -0.07139529]
[-0.33076403 -0.09070288 -0.06793299]
[-0.33209517 -0.09356212 -0.06724043]
[-0.33319882 -0.0962944  -0.06706419]
[-0.33559001 -0.10097581 -0.06616432]
[-0.33559001 -0.10097581 -0.06616432]
[-0.33584935 -0.10174232 -0.06539565]
[-0.33456669 -0.10184202 -0.06460913]
[-0.33306625 -0.10190348 -0.06467903]
[-0.33138185 -0.10257328 -0.06376488]
[-0.32937289 -0.10336997 -0.06254493]
[-0.32469245 -0.10373586 -0.05894059]
[-0.32311788 -0.10294928 -0.0576883 ]
[-0.3219901  -0.10179393 -0.05629423]
[-0.32149085 -0.10002942 -0.05489394]
[-0.32172703 -0.09800218 -0.05397783]
[-0.32184584 -0.09629321 -0.05302509]
[-0.31964898 -0.09363436 -0.0489722 ]
[-0.31629928 -0.09265721 -0.04640365]
[-0.3121116  -0.09124937 -0.04370044]
[-0.301315   -0.08715216 -0.03968623]
[-0.29307749 -0.08384226 -0.038222  ]
[-0.28330789 -0.08036146 -0.03795504]
[-0.27250617 -0.07603592 -0.03761466]
[-0.26074858 -0.07221036 -0.0370803 ]
[-0.23595459 -0.06457471 -0.03542225]
[-0.22618222 -0.06120893 -0.03445774]
[-0.21761476 -0.05863886 -0.03393969]
[-0.20855813 -0.05692226 -0.03363216]
[-0.19887571 -0.05596017 -0.03385147]
[-0.18978682 -0.05503948 -0.0343672 ]
[-0.17184425 -0.05335186 -0.03483479]
[-0.16092693 -0.05226965 -0.03541069]
[-0.14883946 -0.05085183 -0.03639187]
[-0.12143218 -0.04633918 -0.03741709]
[-0.10940939 -0.04374962 -0.0369694 ]
[-0.09683001 -0.04190226 -0.03584894]
[-0.08437421 -0.04022477 -0.03492529]
[-0.07198241 -0.03862721 -0.03390576]
[-0.06208693 -0.03652479 -0.03298386]
[-0.05398572 -0.03412167 -0.03247476]
[-0.0469489  -0.03138937 -0.03229828]
[-0.03322441 -0.02594217 -0.03181979]
[-0.02736665 -0.02375865 -0.03208584]
[-0.01824858 -0.01924754 -0.03279782]
[-0.01431582 -0.01719256 -0.03405428]
[-0.00973649 -0.01492027 -0.03533814]
[-0.0050517  -0.0126077  -0.03600748]
[-0.00037889 -0.01021546 -0.03716614]
[ 0.00373938 -0.00855344 -0.03855369]
[ 0.01002662 -0.00632417 -0.04109327]
[ 0.01278456 -0.00580856 -0.04200469]
[ 0.01796273 -0.00340376 -0.04182559]
[ 0.0195614  -0.00233384 -0.0419515 ]
[ 0.02071655 -0.00112303 -0.04167055]
[ 2.08975285e-02  4.28183739e-05 -4.17850316e-02]
[ 0.02210513  0.00099392 -0.04174858]
[ 0.0226304   0.0023025  -0.04193064]
[ 0.02263427  0.00424484 -0.04340307]
[ 0.02165259  0.00536043 -0.04371756]
[ 0.020765    0.00650877 -0.04406026]
[ 0.0196903   0.00731386 -0.04469141]
[ 0.01705251  0.00848115 -0.04603024]
[ 0.01572182  0.00819892 -0.04688342]
[ 0.01324694  0.00808141 -0.04771522]
[ 0.01189899  0.00788647 -0.04833579]
[ 0.01074698  0.00762774 -0.04883374]
[ 0.00536098  0.00665194 -0.05067778]
[ 0.00180956  0.00639222 -0.0521365 ]
[-0.00183989  0.00659944 -0.0538764 ]
[-0.00473104  0.00667675 -0.05561789]
[-0.01190271  0.00606212 -0.05949814]
[-0.01570701  0.00492804 -0.06114547]
[-0.02000732  0.00393356 -0.06281627]
[-0.02366104  0.00330317 -0.06444687]
[-0.02882914  0.00382138 -0.06849205]

程序已被终止，正在关闭套接字...
套接字已关闭。
