[-0.30546022  0.02508206 -0.09236375]
[-0.30402074  0.02345988 -0.09241915]
[-0.29276192  0.02274484 -0.08767638]
[-0.29276192  0.02274484 -0.08767638]
[-0.27643282  0.0379392  -0.08002716]
[-0.26548986  0.04968795 -0.08375788]
[-0.28693929  0.02418159 -0.07821394]
[-0.28631032  0.02295525 -0.07220569]
[-0.28640705  0.02265242 -0.06691478]
[-0.2855982   0.02191284 -0.06142457]
[-0.28127036  0.02046479 -0.04627796]
[-0.27923063  0.0220092  -0.04112609]
[-0.27160904  0.0264094  -0.04021882]
[-0.26848073  0.03023607 -0.03700204]
[-0.26606625  0.03334578 -0.03350729]
[-0.26333266  0.0369042  -0.02968   ]
[-0.24909634  0.05909531  0.0011803 ]
[-0.23659392  0.06477506  0.00457091]
[-0.23259245  0.06676035  0.0071542 ]
[-0.22862587  0.06726114  0.00995366]
[-0.22504098  0.06761954  0.01296361]
[-0.22039693  0.06745047  0.01554827]
[-0.19681432  0.0739556   0.03286082]
[-0.19560251  0.07410834  0.03652855]
[-0.2024836   0.07017431  0.04306804]
[-0.20821343  0.06862436  0.04713602]
[-0.2128822   0.06761998  0.05050176]
[-0.21791906  0.06518689  0.05037402]
[-0.21933377  0.06427325  0.0484264 ]
[-0.24335789  0.05323343  0.04613077]
[-0.24996595  0.04949638  0.04425438]
[-0.25937823  0.04545276  0.04152007]
[-0.27147791  0.04233326  0.03889908]
[-0.30557483  0.03344557  0.03784129]
[-0.31323243  0.02998883  0.03668729]
[-0.32043091  0.02641784  0.0354623 ]
[-0.3341363   0.02092124  0.03170234]
[-0.34020109  0.01908405  0.02927962]
[-0.34461292  0.01710352  0.02646635]
[-0.35861891 -0.01660515 -0.00351956]
[-0.35877485 -0.04279535 -0.03109471]
[-0.35883244 -0.04709116 -0.03507021]
[-0.35377408 -0.07449574 -0.05228832]
[-0.35351021 -0.07688697 -0.05398252]
[-0.35036213 -0.08462891 -0.06353293]
[-0.34976442 -0.08600737 -0.06589343]
[-0.35112114 -0.08851705 -0.07009731]
[-0.34636117 -0.08849502 -0.06687192]
[-0.33963861 -0.08468954 -0.0594353 ]
[-0.34034706 -0.08315364 -0.05897808]
[-0.3425312  -0.07982869 -0.05925547]
[-0.3434856  -0.07818671 -0.060063  ]
[-0.34460367 -0.07658032 -0.06122845]
[-0.33252321 -0.06174555 -0.06313778]
[-0.33705343 -0.0389998  -0.04855203]
[-0.33812925 -0.03288671 -0.04489647]
[-0.32800623  0.00183157 -0.01055315]
[-0.32454803  0.00462795 -0.00850311]
[-0.32191963  0.0079087  -0.00645589]
[-0.31911231  0.01609267 -0.00186988]
[-0.31943507  0.02471476  0.0057293 ]
[-0.31859414  0.02797848  0.00922341]
[-0.31720875  0.03080354  0.01270619]
[-0.31230091  0.03561     0.01785922]
[-0.31010559  0.0371373   0.0201076 ]
[-0.31330934  0.06352092  0.03620076]
[-0.31504835  0.06745222  0.03903048]
[-0.31545476  0.06993211  0.04038139]
[-0.31456588  0.07357088  0.0429741 ]
[-0.31406959  0.07562018  0.04659171]
[-0.31499124  0.07740106  0.05190697]
[-0.31649923  0.07835697  0.05812448]
[-0.320288    0.08021168  0.07195193]
[-0.32436543  0.0839277   0.08756451]
[-0.32485468  0.08670826  0.0933906 ]
[-0.32428005  0.08837054  0.09603038]
[-0.32229718  0.09142075  0.10567731]
[-0.32227007  0.09219529  0.10850141]
[-0.31970697  0.0964894   0.11809942]
[-0.31800012  0.09731165  0.12005146]
[-0.31751297  0.09778411  0.12086225]
[-0.31541184  0.09929608  0.12084766]
[-0.31372526  0.1008181   0.1202485 ]
[-0.31263025  0.10147209  0.12030885]
[-0.31133998  0.10167868  0.12048502]
[-0.3061646   0.10050986  0.1204514 ]
[-0.30454026  0.10007496  0.11970983]
[-0.30147908  0.09960894  0.11755066]
[-0.29998002  0.09911375  0.11597782]
[-0.29791727  0.09791418  0.11431856]
[-0.29385147  0.09055394  0.10149324]
[-0.2939648   0.08978765  0.09753777]
[-0.29623857  0.084944    0.08761522]
[-0.29483917  0.08250553  0.07924183]
[-0.2950299   0.0814711   0.07701395]
[-0.29544575  0.08004998  0.07493719]
[-0.29948806  0.07364858  0.0674604 ]
[-0.29916164  0.07198906  0.06510951]
[-0.29880332  0.06943943  0.06224588]
[-0.29815415  0.06489524  0.05729255]
[-0.29992407  0.06043254  0.04928779]
[-0.30247902  0.05758092  0.04447225]
[-0.30537499  0.05375986  0.03979921]
[-0.32022733  0.03583669  0.02028524]
[-0.32460328  0.03111414  0.01352084]
[-3.28569704e-01  2.20137592e-02  1.65742822e-04]
[-0.33081918  0.01666813 -0.00566722]
[-0.33274461  0.00425519 -0.01410999]
[-0.33487568 -0.00168012 -0.01937957]
[-0.33690908 -0.00697032 -0.02575997]
[-0.3382365  -0.01112542 -0.0318616 ]
[-0.33740013 -0.0196097  -0.04329914]
[-0.3368467  -0.02383124 -0.04828781]
[-0.33749316 -0.02790625 -0.05257418]
[-0.33936099 -0.03139535 -0.05654888]
[-0.34376422 -0.04760352 -0.0717414 ]
[-0.34500691 -0.05211942 -0.07549958]
[-0.34910142 -0.07552434 -0.09693564]
[-0.34860859 -0.0789242  -0.10142981]
[-0.34779918 -0.08312077 -0.11090057]
[-0.34052295 -0.09450538 -0.1328786 ]
[-0.33462539 -0.09903791 -0.13980411]
[-0.33354009 -0.10102535 -0.14279811]
[-0.33248679 -0.1061493  -0.14883855]
[-0.33225636 -0.11153421 -0.15314567]
[-0.33252128 -0.11382417 -0.15512529]
[-0.33516293 -0.11847954 -0.16115539]
[-0.33735194 -0.12055945 -0.16398257]
[-0.33890965 -0.12188842 -0.1650116 ]
[-0.34000776 -0.12319917 -0.16652809]
[-0.3410565  -0.12444681 -0.16912411]
[-0.34227816 -0.126147   -0.17206648]
[-0.33843678 -0.13349819 -0.18027872]
[-0.33672195 -0.13475105 -0.18075681]
[-0.33672195 -0.13475105 -0.18075681]
[-0.33838237 -0.13492499 -0.18212613]
[-0.34515432 -0.13417961 -0.1849314 ]
[-0.35789744 -0.12859635 -0.18280388]
[-0.36282524 -0.12647721 -0.18059522]
[-0.36473046 -0.12475924 -0.17753793]
[-0.36383633 -0.12602685 -0.16761743]
[-0.36312879 -0.1274199  -0.16714779]
[-0.36298277 -0.12852338 -0.16732109]
[-0.35591053 -0.1275631  -0.16860339]
[-0.35448099 -0.12707254 -0.1680195 ]
[-0.34578028 -0.12317257 -0.16291662]
[-0.34466308 -0.12200294 -0.16091387]
[-0.34455595 -0.11962564 -0.15749431]
[-0.34456711 -0.11841837 -0.15550134]
[-0.34360942 -0.11611819 -0.15275192]
[-0.34286545 -0.11478809 -0.15196446]
[-0.34244175 -0.11030558 -0.15129104]
[-0.34320796 -0.10763789 -0.15069281]
[-0.3497719  -0.09920581 -0.14421093]
[-0.3497719  -0.09920581 -0.14421093]
[-0.35774598 -0.09196098 -0.13555226]
[-0.36219751 -0.08513347 -0.12720233]
[-0.36322463 -0.07946678 -0.11819506]
[-0.36072288 -0.07405539 -0.11035611]
[-0.35688809 -0.06994626 -0.10430039]
[-0.3375221  -0.05292825 -0.07856447]
[-0.33117101 -0.04941614 -0.07353377]
[-0.31149445 -0.03483902 -0.04944148]
[-0.31114761 -0.02987451 -0.04399082]
[-0.30729435 -0.01022656 -0.0191984 ]
[-0.30929668 -0.00205756 -0.01030522]
[-0.30915716  0.00191403 -0.00768391]
[-0.30735759  0.01229674  0.00569833]
[-0.29628789  0.03539783  0.02733402]
[-0.29756204  0.03893425  0.03111936]
[-0.2995845   0.04206171  0.03508535]
[-0.30166494  0.04505446  0.03776976]
[-0.30736993  0.05494655  0.04157739]
[-0.31463126  0.07483218  0.07058875]
[-0.31546972  0.07871479  0.08994943]
[-0.31847253  0.09181549  0.13559484]
[-0.31842577  0.09376831  0.13952577]
[-0.31924943  0.09591471  0.14324698]
[-0.316622    0.10345101  0.15615001]
[-0.31522187  0.11085704  0.16287927]
[-0.3146547   0.11119698  0.16296905]
[-0.31373299  0.11164121  0.16265061]
[-0.3121763   0.11126309  0.15966235]
[-0.31256756  0.11076731  0.15832645]
[-0.31352671  0.11011153  0.15576726]
[-0.31221546  0.10838903  0.15328003]
[-0.31124228  0.10813506  0.15219046]
[-0.31008306  0.10719892  0.14883241]
[-0.31549143  0.09781861  0.12628727]
[-0.3167406   0.09693066  0.12440488]
[-0.31802093  0.09633831  0.12293057]
[-0.31934587  0.09584779  0.12176359]
[-0.32049782  0.09536736  0.1206802 ]
[-0.32134988  0.09453078  0.11972231]
[-0.32878909  0.08960081  0.11659866]
[-0.32962642  0.09017184  0.11672241]
[-0.33177703  0.09337691  0.10957379]
[-0.31531463  0.08934113  0.09495429]
[-0.31239864  0.08870947  0.09405654]
[-0.30811668  0.08764361  0.09355967]
[-0.30230949  0.08637543  0.09237586]
[-0.30076324  0.08513328  0.09099767]
[-0.30164253  0.08404052  0.08920069]
[-0.30393712  0.08225353  0.08645667]
[-0.30779757  0.07967994  0.08297308]
[-0.31162716  0.07681645  0.0796335 ]
[-0.31403086  0.07423627  0.07752527]
[-0.31808991  0.07033008  0.07357541]
[-0.32149021  0.06761668  0.07065137]
[-0.32518021  0.06393649  0.0673686 ]
[-0.33149987  0.05567912  0.05939366]
[-0.33347958  0.05145838  0.05447396]
[-0.33493393  0.04821819  0.04964624]
[-0.33591455  0.02278171  0.02307191]
[-0.33503143  0.01845835  0.018057  ]
[-0.32627741 -0.00194612 -0.00682038]
[-0.32525458 -0.00665746 -0.01307876]
[-0.33326387 -0.01716404 -0.02728146]
[-0.34127274 -0.03107435 -0.04499422]
[-0.33982528 -0.03301571 -0.04935418]
[-0.33570837 -0.04493395 -0.06936404]
[-0.33495829 -0.04788494 -0.07319262]
[-0.33544631 -0.05248056 -0.08096068]
[-0.33552189 -0.05739747 -0.09063805]
[-0.33458346 -0.05971577 -0.09420309]
[-0.32769343 -0.06550892 -0.10017772]
[-0.32407805 -0.0678441  -0.10291619]
[-0.32224857 -0.07209747 -0.11044991]
[-0.32360531 -0.07712211 -0.11770935]
[-0.32397276 -0.08016349 -0.11984038]
[-0.32480236 -0.0822446  -0.12219647]
[-0.32635249 -0.08425572 -0.12463436]
[-0.32999706 -0.08611874 -0.12666392]
[-0.33237048 -0.08724312 -0.12807535]
[-0.34706649 -0.07636915 -0.13271518]
[-0.33492129 -0.06584776 -0.11976362]
[-0.33249093 -0.06319895 -0.11560918]
[-0.32841366 -0.04781641 -0.09328034]
[-0.32395903 -0.04282394 -0.08713014]
[-0.31927759 -0.03808586 -0.07971244]
[-0.30839925 -0.02216907 -0.05553326]
[-0.29932978 -0.00348733 -0.03033285]
[-0.2944599  -0.00249855 -0.0274288 ]
[-0.28941817 -0.0016389  -0.02516779]
[-0.28508593 -0.00034874 -0.02313947]
[-0.2806459   0.00648545 -0.01866101]
[-0.25732346  0.0414492  -0.01151364]
[-0.25509373  0.04501045 -0.01113399]
[-0.25436287  0.04802497 -0.01116631]
[-0.25292417  0.05267979 -0.00825148]
[-0.25094268  0.05481837 -0.00661405]
[-0.24791852  0.05685341 -0.00463923]
[-0.23333991  0.07038242 -0.00710494]
[-0.22967588  0.07284593 -0.00675029]
[-0.22492026  0.07467356 -0.00698223]
[-0.19412378  0.06430635 -0.01244441]
[-0.19412378  0.06430635 -0.01244441]
[-0.18308673  0.05366365 -0.01536949]
[-0.16216011  0.03578495 -0.01280598]
[-0.15485659  0.02980759 -0.01208173]
[-0.1394997   0.01788182 -0.01493905]
[-0.13220203  0.01217844 -0.01789036]
[-1.19692266e-01  5.48581665e-05 -2.52589490e-02]
[-0.10558293 -0.01241707 -0.03114275]
[-0.07241304 -0.0336826  -0.03399621]
[-0.06427835 -0.03754344 -0.03291661]
[-0.04681794 -0.04301721 -0.02969685]
[-0.03709306 -0.04468728 -0.02754495]
[-0.02743419 -0.04528634 -0.02568192]
[-0.00755403 -0.04617568 -0.02335778]
[ 0.02999367 -0.04536882 -0.02765965]
[ 0.0486298  -0.03701518 -0.02300095]
[ 0.05271461 -0.03493453 -0.0205144 ]
[ 0.05288208 -0.03190317 -0.01719682]
[ 0.05317712 -0.03252121 -0.01792942]
[ 0.05269015 -0.03346352 -0.0188812 ]
[ 0.04537726 -0.03650604 -0.02177308]
[ 0.0327656  -0.03566964 -0.02081254]
[ 0.0286046  -0.02954379 -0.01902706]
[ 0.02817412 -0.02925717 -0.0205956 ]
[ 0.02817412 -0.02925717 -0.0205956 ]
[ 0.02739035 -0.03095295 -0.02120555]
[ 0.02587082 -0.03147723 -0.02163084]
[ 0.02313258 -0.03140589 -0.02263485]
[ 0.01217026 -0.02569824 -0.02533116]
[ 0.01217026 -0.02569824 -0.02533116]
[ 0.01015977 -0.02494083 -0.02646271]
[ 0.00805903 -0.02444221 -0.02863415]
[ 0.00648791 -0.02474368 -0.02963448]

程序已被终止，正在关闭套接字...
套接字已关闭。
