[-0.15951605  0.0052123  -0.07116693]
[-0.15950393  0.00711928 -0.06971187]
[-0.15950393  0.00711928 -0.06971187]
[-0.15937019  0.00832865 -0.06784181]
[-0.15939818  0.01307025 -0.06441273]
[-0.1438229   0.03040665 -0.05244138]
[-0.15527016  0.02661675 -0.05757757]
[-0.16288461  0.02304663 -0.06138744]
[-0.18269774  0.02558367 -0.0598124 ]
[-0.18591866  0.03055311 -0.05510801]
[-0.18608593  0.03273539 -0.05185   ]
[-0.18512891  0.03502728 -0.04819455]
[-0.18459238  0.03702127 -0.04395136]
[-0.18363441  0.03944996 -0.03890572]
[-0.18214039  0.04196001 -0.03215502]
[-0.17600753  0.04643716 -0.01986768]
[-0.17130178  0.04919598 -0.01422624]
[-0.16530842  0.05292054 -0.00854487]
[-0.12817602  0.07280876  0.02586253]
[-0.11686518  0.07417871  0.03246746]
[-0.10071134  0.0723783   0.03846235]
[-0.09881233  0.07113142  0.03880568]
[-0.09930606  0.06849784  0.04027151]
[-0.1100783   0.05543943  0.04301454]
[-0.11033034  0.05301009  0.04205449]
[-0.10739147  0.04927285  0.03840443]
[-0.1081116   0.04636883  0.03613978]
[-0.12154895  0.03037366  0.02395511]
[-0.1269485   0.02384193  0.01835037]
[-0.13260675  0.01670682  0.01322822]
[-0.13848659  0.00947491  0.00904749]
[-0.14431769  0.00236923  0.0053543 ]
[-0.15269491 -0.00632821  0.00159506]
[-0.16891374 -0.02168607 -0.00268856]
[-0.21471397 -0.04465769 -0.00762044]
[-0.23276196 -0.05182583 -0.0149474 ]
[-0.23868136 -0.05476436 -0.01757682]
[-0.24654605 -0.05788014 -0.01866381]
[-0.26532155 -0.06249363 -0.01503504]
[-0.27463524 -0.06344564 -0.0140237 ]
[-0.28131818 -0.06349292 -0.01309651]
[-0.28716237 -0.06287065 -0.01222267]
[-0.29613345 -0.05980492 -0.01177389]
[-0.30794858 -0.05435927 -0.01107146]
[-0.32371473 -0.04747641 -0.01148448]
[-0.32831141 -0.04555053 -0.01174643]
[-0.33126389 -0.04392051 -0.01253781]
[-0.34104663 -0.03923335 -0.01810144]
[-0.34546019 -0.03582383 -0.01933407]
[-0.34546019 -0.03582383 -0.01933407]
[-0.3477658  -0.03074497 -0.01994708]
[-0.34802319 -0.02682427 -0.02174213]
[-0.34854444 -0.02510819 -0.02209649]
[-0.34877012 -0.02354898 -0.02238502]
[-0.34910561 -0.02198288 -0.02074897]
[-0.34880565 -0.02131507 -0.01953476]
[-0.34768828 -0.02098431 -0.01758403]
[-0.34649136 -0.02061115 -0.01623349]
[-0.33466714 -0.01557567 -0.01627102]
[-0.33185739 -0.01473377 -0.01661079]
[-0.31853599 -0.00905859 -0.01622739]
[-0.31564207 -0.00818579 -0.01643874]
[-0.30719047 -0.00631417 -0.01553004]
[-0.30217438 -0.00543868 -0.01422542]
[-0.29568752 -0.00363644 -0.01129471]
[-0.29443131 -0.00159261 -0.00966566]
[-0.28604793  0.00448633 -0.00459269]
[-0.28166453  0.00591792 -0.00091775]
[-0.28031633  0.00571773  0.00233127]
[-0.2790361   0.00586201  0.00479419]
[-0.27684716  0.01135097  0.00859263]
[-0.27616952  0.01313236  0.00984092]
[-0.27483283  0.01481948  0.01146929]
[-0.27322469  0.01685308  0.01322093]
[-0.27129746  0.01906763  0.01473016]
[-0.2438507   0.0302791   0.02678352]
[-0.23967395  0.03124548  0.03029962]
[-0.23349129  0.03230541  0.03334999]
[-0.22904586  0.03385685  0.03558315]
[-0.21713828  0.03806151  0.03992339]
[-0.21222652  0.03945368  0.04230341]
[-0.20820251  0.04114129  0.04439338]
[-0.20510569  0.04255907  0.04633332]
[-0.20735896  0.0513101   0.05184339]
[-0.20885332  0.0537991   0.05197361]
[-0.20856275  0.06624158  0.05971104]
[-0.20747019  0.06750958  0.06035121]
[-0.20712077  0.06882582  0.06086206]
[-0.21164027  0.0703068   0.07538194]
[-0.21096087  0.06919562  0.08128132]
[-0.20955132  0.06882896  0.09031329]
[-0.20840052  0.06903391  0.09406241]
[-0.20639854  0.06885503  0.09950142]
[-0.19988758  0.07087992  0.09978643]
[-0.19903781  0.07027489  0.09944106]
[-0.20008285  0.06664991  0.09674455]
[-0.20087833  0.06446005  0.0947442 ]
[-0.20240754  0.05949869  0.09019472]
[-0.20173492  0.05716924  0.08815684]
[-0.20126172  0.05447782  0.08612945]
[-0.19927226  0.05063184  0.08105873]
[-0.19851178  0.04888984  0.07766739]
[-0.19703872  0.04721693  0.07433192]
[-0.1962267   0.04556525  0.07175635]
[-0.20167273  0.0394198   0.06632869]
[-0.2081916   0.03290446  0.05770971]
[-0.20914101  0.03088714  0.05449627]
[-0.2144103   0.0160324   0.03913942]
[-0.21584583  0.01239601  0.03613192]
[-0.2203764   0.00462772  0.0311253 ]
[-0.22214352  0.0050553   0.02963086]
[-0.22966635 -0.02506499  0.01556724]
[-0.23062325 -0.02898561  0.01333489]
[-0.2330343  -0.03389956  0.01132104]
[-0.23594742 -0.03795873  0.00893152]
[-0.24035344 -0.04206166  0.00637479]
[-0.24485649 -0.04547271  0.00422442]
[-0.25235106 -0.05088934 -0.00043197]
[-0.25798749 -0.05321273 -0.00366541]
[-0.26288626 -0.05549939 -0.00768815]
[-0.27106057 -0.05897935 -0.01666852]
[-0.2746663  -0.0612498  -0.02248853]
[-0.27859765 -0.06326377 -0.026606  ]
[-0.28574181 -0.06519858 -0.03001425]
[-0.29396314 -0.06697217 -0.03305945]
[-0.33465948 -0.07236623 -0.04365161]
[-0.34855724 -0.07475995 -0.04898795]
[-0.4020099  -0.0885934  -0.06885601]
[-0.43078321 -0.09891885 -0.0510356 ]
[-0.43457743 -0.10073059 -0.04830317]
[-0.44009017 -0.10138523 -0.04750098]
[-0.45361438 -0.10855729 -0.05619439]
[-0.45737418 -0.10967508 -0.05642804]
[-0.46008461 -0.11194585 -0.05703962]
[-0.46024665 -0.11283647 -0.05765036]
[-0.45981269 -0.11431625 -0.05811023]
[-0.45952486 -0.11469382 -0.05716238]
[-0.46133375 -0.11394943 -0.05511048]
[-0.46646481 -0.10931831 -0.04923701]
[-0.46777051 -0.10667103 -0.04631742]
[-0.46790102 -0.10448456 -0.04320331]
[-0.46390822 -0.09182129 -0.02440637]
[-0.45889606 -0.08604347 -0.01932619]
[-0.45145189 -0.07875966 -0.01434527]
[-0.45051368 -0.07392204 -0.01218585]
[-0.44986316 -0.0690031  -0.01131243]
[-0.41170498 -0.0471265  -0.00764861]
[-0.40775728 -0.04735254 -0.0058102 ]
[-0.40440335 -0.04741475 -0.00487033]
[-0.39939881 -0.04559219 -0.004496  ]
[-0.40248864 -0.04442864 -0.00457933]
[-0.40355133 -0.04428589 -0.00443604]
[-0.40428513 -0.04403125 -0.00360181]
[-0.40683209 -0.04231708 -0.00163943]
[-0.40897244 -0.04149387 -0.00178415]
[-0.411271   -0.04058255 -0.002568  ]
[-0.41344162 -0.03876386 -0.0039197 ]
[-0.41878247 -0.03688797 -0.00478221]
[-0.4203788  -0.03640353 -0.00443449]
[-0.42225792 -0.0370211  -0.00233908]
[-0.42029172 -0.0381094  -0.00161032]
[-0.42000421 -0.03816316 -0.0017747 ]
[-0.42364901 -0.03289547 -0.00174405]
[-0.42544051 -0.03008818 -0.00103652]
[-4.26338518e-01 -2.71248557e-02 -1.42520061e-04]
[-0.42538112 -0.02456564  0.0005335 ]
[-0.41996472 -0.02255379  0.00081744]
[-0.4210332  -0.02268107  0.00095132]
[-4.20708114e-01 -2.27823928e-02  3.05226073e-04]
[-4.19958884e-01 -2.30092127e-02  3.41659877e-04]
[-4.19667327e-01 -2.28309929e-02  4.01833560e-04]
[-0.42050921 -0.02309082  0.00124827]
[-0.4174582  -0.0246788   0.00235055]
[-0.41405039 -0.02529281  0.00383229]
[-0.40959727 -0.0260435   0.00577369]
[-0.39639471 -0.02679612  0.00899792]
[-0.39465853 -0.02596384  0.00888093]
[-0.39397202 -0.02558111  0.00851226]
[-0.39398726 -0.02462094  0.00789802]
[-0.40079751 -0.02460713  0.00711936]
[-0.40263545 -0.02650619  0.00680875]
[-0.40328782 -0.02737838  0.00656609]
[-0.40384101 -0.02820346  0.00607909]
[-0.40324163 -0.02893434  0.0061628 ]
[-0.40293902 -0.02924782  0.00643718]
[-0.392659   -0.03478526  0.00695173]
[-0.38955484 -0.0349305   0.00781953]
[-0.39128646 -0.03482287  0.00860957]
[-0.39318771 -0.03523529  0.00950775]
[-0.39445547 -0.03618924  0.01071764]
[-0.39346752 -0.03729227  0.01153174]
[-0.39075    -0.0391494   0.01277297]
[-0.39267173 -0.03917838  0.01321521]
[-0.39509408 -0.0392734   0.01333231]
[-0.3893399  -0.04032933  0.01127919]
[-0.38650771 -0.04142916  0.01009247]
[-0.38155561 -0.04272115  0.01060941]
[-0.38541798 -0.04355974  0.00861407]
[-0.38890182 -0.04371758  0.007195  ]
[-0.39172929 -0.04393897  0.00598011]
[-0.39257298 -0.0461524  -0.00297325]
[-0.38894253 -0.04887103 -0.00613819]
[-0.3828788  -0.05227304 -0.00900066]
[-0.37620015 -0.05600918 -0.01095548]
[-0.36628898 -0.06193665 -0.01380247]
[-0.37469626 -0.06779119 -0.02811543]
[-0.37750744 -0.06709747 -0.03167272]
[-0.38377597 -0.0654529  -0.03931248]
[-0.38377597 -0.0654529  -0.03931248]
[-0.38691496 -0.06719347 -0.04681625]
[-0.3782245  -0.07513753 -0.06332115]
[-0.3782245  -0.07513753 -0.06332115]
[-0.36312872 -0.08729783 -0.07447911]
[-0.3596761  -0.09100195 -0.07727718]
[-0.35107722 -0.11195799 -0.09407461]
[-0.3497041  -0.15687066 -0.13409247]
[-0.35342843 -0.1673307  -0.14868847]
[-0.35281242 -0.18945201 -0.16683955]
[-0.35171079 -0.19667412 -0.17123526]
[-0.35051663 -0.19900095 -0.17272443]
[-0.34966981 -0.20199087 -0.1748984 ]
[-0.35112725 -0.21457937 -0.18429889]
[-0.35354792 -0.21814547 -0.18769601]
[-0.36049345 -0.22217056 -0.19428353]
[-0.36049345 -0.22217056 -0.19428353]
[-0.36286222 -0.22317027 -0.19754733]
[-0.36391691 -0.22443366 -0.20000333]
[-0.37123542 -0.23320083 -0.20847759]
[-0.38086013 -0.2315525  -0.21148519]
[-0.38489997 -0.22886562 -0.2117113 ]
[-0.3883792  -0.22700197 -0.21190287]
[-0.39009046 -0.22587077 -0.21179691]
[-0.39003966 -0.22550005 -0.21234475]
[-0.38975357 -0.22790693 -0.21475384]
[-0.38817348 -0.22900268 -0.21636194]
[-0.38571856 -0.22916342 -0.21856505]
[-0.38144616 -0.22668585 -0.22545531]
[-0.38135814 -0.22564961 -0.2277867 ]
[-0.38983803 -0.22483882 -0.24486555]
[-0.39284346 -0.2250565  -0.24895774]
[-0.39480994 -0.22495711 -0.25336149]
[-0.39602431 -0.22488549 -0.25736731]
[-0.39625582 -0.22426605 -0.26998577]
[-0.39629697 -0.22446185 -0.2756955 ]
[-0.39900699 -0.22661491 -0.28871238]
[-0.41466283 -0.23599949 -0.31850219]
[-0.4191271  -0.23881486 -0.32815573]
[-0.4191271  -0.23881486 -0.32815573]
[-0.42358758 -0.24118063 -0.33705464]
[-0.43769329 -0.24020599 -0.36090645]
[-0.44091021 -0.23977397 -0.36710766]
[-0.45284944 -0.24144401 -0.39151388]
[-0.45381918 -0.24159454 -0.3952603 ]
[-0.46414622 -0.24438106 -0.4099068 ]
[-0.46576672 -0.24543111 -0.41049367]
[-0.46602329 -0.24599785 -0.41093159]
[-0.46407017 -0.24485476 -0.40967453]
[-0.46306362 -0.24410699 -0.40795174]
[-0.46205356 -0.24353725 -0.4063527 ]
[-0.46083584 -0.24215914 -0.40436092]
[-0.4558911  -0.23744462 -0.39031288]
[-0.45600631 -0.23681216 -0.38473707]
[-0.46820592 -0.23187606 -0.34858456]
[-0.46682447 -0.22646937 -0.33900794]
[-0.46361431 -0.21786833 -0.32326162]
[-0.46548288 -0.20940925 -0.30132452]
[-0.46755257 -0.20202096 -0.27780697]
[-0.4457423  -0.14979571 -0.13023281]
[-0.43899175 -0.14015354 -0.1081304 ]
[-0.43419977 -0.13191858 -0.08786247]
[-0.41471394 -0.08460324 -0.02923337]
[-0.41330191 -0.06195451 -0.0147981 ]
[-0.41026675 -0.04927824 -0.00620745]
[-0.40672743 -0.03777225  0.00169264]
[-0.40397608 -0.02895456  0.00892813]
[-0.39543014 -0.01226619  0.0255767 ]
[-0.39016742 -0.00390493  0.03347188]
[-0.38865895  0.02617105  0.05889931]
[-0.38925459  0.03160157  0.06409647]
[-0.38965447  0.06048147  0.08681706]
[-0.38959398  0.06421431  0.08952337]
[-0.38906273  0.0674808   0.09116713]
[-0.38837647  0.07042068  0.09226514]
[-0.38544718  0.07593041  0.09489865]
[-0.37847907  0.09640764  0.0986859 ]
[-0.37829138  0.09918907  0.09971947]
[-0.37675492  0.10126288  0.10192464]
[-0.37392677  0.10350736  0.10538854]
[-0.37037683  0.10856515  0.11232989]
[-0.37195204  0.11202124  0.11605076]
[-0.38369275  0.13674989  0.13725883]
[-0.37994009  0.15796331  0.17157336]
[-0.37816633  0.1594743   0.17814134]
[-0.3732181   0.17083979  0.20098956]
[-0.37235483  0.1729807   0.20372848]
[-0.37189564  0.17647515  0.20788847]
[-0.37766401  0.17974061  0.2096343 ]
[-0.38012185  0.1803714   0.20995034]
[-0.38138405  0.18038867  0.20951293]
[-0.3804285   0.17798279  0.20175473]
[-0.37718415  0.17547968  0.19778506]
[-0.37161356  0.17046483  0.1882004 ]
[-0.3693978   0.16852212  0.18241245]
[-0.36772167  0.16580391  0.16912305]
[-0.36926096  0.16559063  0.16215822]
[-0.36999887  0.16380733  0.15251838]
[-0.36691653  0.15473855  0.13029921]
[-0.36600285  0.14842036  0.12008408]
[-0.36806456  0.14130634  0.10773212]
[-0.37201064  0.13467345  0.0921605 ]
[-0.37708668  0.1215745   0.06605289]
[-0.37646859  0.11482228  0.05363731]
[-0.37387509  0.09902547  0.02397118]
[-0.37387509  0.09902547  0.02397118]
[-0.37425355  0.09224275  0.0091572 ]
[-0.37545372  0.08116513 -0.01951431]
[-0.37319616  0.06637047 -0.04647614]
[-0.37172393  0.06099857 -0.05242437]
[-0.36147558  0.02373304 -0.08482842]
[-0.36019417  0.01329696 -0.09692405]
[-0.36056317  0.01265417 -0.09891846]
[-0.36149984  0.01191718 -0.10089028]
[-0.37197101  0.00565619 -0.10203349]
[-0.37206812  0.00425899 -0.10075944]
[-0.37364146  0.00311631 -0.09757766]
[-0.37580199  0.00302941 -0.09556135]
[-0.37876145  0.00396538 -0.09263198]
[-0.38846056  0.01250496 -0.08096979]
[-0.39155676  0.0170519  -0.07934704]
[-0.38209356  0.04126293 -0.064861  ]
[-0.36660654  0.0529483  -0.04959614]
[-0.35952003  0.05847452 -0.04238828]
[-0.35255244  0.06411281 -0.03539987]
[-0.3476261   0.07159147 -0.02917374]
[-0.34471094  0.08998448 -0.01953519]
[-0.34556771  0.0997143  -0.01420163]
[-0.34765221  0.10787001 -0.00969432]
[-0.35334508  0.12424271  0.00192255]
[-0.36015374  0.13326681  0.00846801]
[-0.36791314  0.13701321  0.01179301]
[-0.3818933   0.15111913  0.03667461]
[-0.3841969   0.1565534   0.04433292]
[-0.39399263  0.17107226  0.08355401]
[-0.39265768  0.17191516  0.09064766]
[-0.39059829  0.17310861  0.09635886]
[-0.38813713  0.17452969  0.10181463]
[-0.38580731  0.18169691  0.11411653]
[-0.3867655   0.18351533  0.11643109]
[-0.38169149  0.18182904  0.11265281]
[-0.37757478  0.1786966   0.10941111]
[-0.37568418  0.177026    0.1070355 ]
[-0.3736598   0.17444061  0.1044599 ]
[-0.3725402   0.16877447  0.09724768]
[-0.37519937  0.13974124  0.06238761]
[-0.37651419  0.13709968  0.05833615]
[-0.37932367  0.13451558  0.0537222 ]
[-0.38470491  0.12844892  0.04483945]
[-0.3871289   0.12484454  0.04104332]
[-0.39098133  0.11834719  0.03745567]
[-0.39347997  0.11060817  0.03515335]
[-0.39316561  0.09787491  0.03046159]
[-0.39371561  0.09485244  0.02858162]
[-0.39450845  0.09235691  0.02718823]
[-0.39840733  0.08213756  0.02296707]
[-0.39975272  0.07944223  0.02238307]
[-0.40139138  0.06104068  0.02023158]
[-0.39786694  0.05216452  0.01929064]
[-0.39572058  0.02769663  0.01794518]
[-0.39766424  0.01668382  0.0123197 ]
[-0.39946551  0.011427    0.00745126]
[-0.40152034  0.00657866  0.00322459]
[-0.40328544  0.00144792 -0.00092321]
[-0.41172706 -0.05070074 -0.03649257]
[-0.39598253 -0.08207471 -0.0392319 ]
[-0.39383651 -0.08763929 -0.03742376]
[-0.39039552 -0.08272991 -0.04591369]
[-0.38379964 -0.08330507 -0.04768094]
[-0.37497194 -0.08390734 -0.04716434]
[-0.34529635 -0.079276   -0.04083833]
[-0.34123375 -0.0770127  -0.04022036]
[-0.31601685 -0.06665689 -0.04804659]
[-0.30305023 -0.06224274 -0.05350002]
[-0.29573891 -0.06068815 -0.05553869]
[-0.27192529 -0.05360068 -0.05795873]
[-0.26773725 -0.05161102 -0.05824623]
[-0.26437303 -0.04976936 -0.05816701]
[-0.24632069 -0.04091127 -0.05990269]
[-0.24121872 -0.03787322 -0.0605438 ]
[-0.23646472 -0.03510692 -0.06082626]
[-0.23174217 -0.03213767 -0.06094769]
[-0.22211722 -0.02599836 -0.06219087]
[-0.21803424 -0.02343964 -0.06345658]
[-0.21236348 -0.02052629 -0.06508666]
[-0.17407678  0.00395094 -0.0680494 ]
[-0.12739097  0.02129677 -0.06304821]
[-0.11898498  0.02196902 -0.06337006]
[-0.0722288   0.02816761 -0.06574453]
[-0.0640638   0.03047806 -0.06673376]
[-0.05723748  0.03208158 -0.06795561]
[-0.04186558  0.03382862 -0.07388031]
[-0.03960323  0.03345682 -0.07496988]
[-0.03766705  0.03340982 -0.07554925]
[-0.03615064  0.03334609 -0.07550888]
[-0.03236278  0.03104827 -0.07476345]
[-0.03156556  0.02992693 -0.07491761]
[-0.03185851  0.03014607 -0.0762904 ]
[-0.03534055  0.03218827 -0.07977075]
[-0.03578489  0.0324126  -0.08067994]
[-0.03402183  0.03338361 -0.08339325]

程序已被终止，正在关闭套接字...
套接字已关闭。
