[ 0.04728412  0.02965877 -0.06821571]
[ 0.04728412  0.02965877 -0.06821571]
[ 0.03741705  0.02877071 -0.06565604]
[ 0.0471702   0.03835443 -0.06747392]
[ 0.04820255  0.04026007 -0.06628635]
[ 0.04543578  0.02199538 -0.02703149]
[ 0.04167535  0.02455291 -0.02562447]
[ 0.03398158  0.03095158 -0.02331204]
[ 0.03056585  0.03369471 -0.02165181]
[ 0.02740735  0.03546973 -0.02059161]
[ 0.01331419  0.05146537 -0.01028565]
[ 0.01318242  0.05340115 -0.00837421]
[ 0.00677036  0.06165221 -0.00533522]
[ 0.00018432  0.06348796 -0.00801968]
[-0.00047461  0.06306089 -0.00708632]
[ 0.00364523  0.05767796 -0.0012838 ]
[ 0.00432766  0.05550943 -0.00048733]
[0.00167451 0.04571821 0.00505554]
[0.00093358 0.04445373 0.00600388]
[-0.00177848  0.04372955  0.00594374]
[-0.00813625  0.04253528  0.0062641 ]
[-0.0080081   0.03894835  0.00831475]
[-0.00780533  0.03726938  0.00984212]
[-0.00794677  0.03546765  0.01082955]
[-0.01473291  0.0307915   0.01077832]
[-0.02104616  0.03137518  0.01038854]
[-0.03357876  0.03348245  0.00411113]
[-0.03357876  0.03348245  0.00411113]
[-0.03740245  0.03362549 -0.00121041]
[-0.0399553   0.03264467 -0.00582693]
[-0.03582598  0.01915418 -0.01354687]
[-0.03247035  0.01350353 -0.01484791]
[-0.03102423  0.01056058 -0.01529348]
[-0.02928689  0.00745889 -0.01553027]
[-0.0275726   0.00436338 -0.01631467]
[-0.02511868 -0.00027291 -0.01891754]
[-0.02430039 -0.00200251 -0.02098799]
[-0.02334022 -0.00379813 -0.02252528]
[-0.01597754 -0.01242425 -0.0249973 ]
[-0.01518635 -0.01545273 -0.02302892]
[-0.00367571 -0.02071733 -0.01630801]
[ 0.01222346 -0.02038302 -0.01762539]
[ 0.02321637 -0.02103201 -0.01622887]
[ 0.03092722 -0.02232357 -0.01558155]
[ 0.04152687 -0.02365438 -0.01456421]
[ 0.04356425 -0.02357879 -0.01425334]
[ 0.0476743  -0.02492016 -0.01570474]
[ 0.04994727 -0.0257572  -0.01635543]
[ 0.05295791 -0.02668613 -0.01722542]
[ 0.06537529 -0.03279418 -0.01619661]
[ 0.0666114  -0.03349922 -0.01526928]
[ 0.07418632 -0.04043165 -0.01435481]
[ 0.07418632 -0.04043165 -0.01435481]
[ 0.07420746 -0.04096522 -0.01601844]
[ 0.07075748 -0.04557526 -0.01797797]
[ 0.07122768 -0.04748167 -0.01931139]
[ 0.06118009 -0.05941099 -0.02338461]
[ 0.05624423 -0.06132579 -0.02307499]
[ 0.05195587 -0.06287531 -0.02090968]
[ 0.04640367 -0.0680232  -0.01242563]
[ 0.03509397 -0.05507194 -0.02495179]
[ 0.03559675 -0.05287272 -0.02672857]
[ 0.03575069 -0.05174306 -0.02882239]
[ 0.03626818 -0.05203289 -0.03118555]
[ 0.03619101 -0.05140357 -0.03275396]
[ 0.04009669 -0.05093031 -0.03145113]
[ 0.07625621 -0.03993955 -0.02234486]
[ 0.08098125 -0.03575509 -0.01885798]
[ 0.08100507 -0.03356571 -0.018274  ]
[ 0.08159841 -0.03115569 -0.01875619]
[ 0.08204754 -0.02924207 -0.01918086]
[ 0.08330645 -0.02747946 -0.02001362]
[ 0.08546328 -0.02360022 -0.0201661 ]
[ 0.09149381 -0.01766636 -0.01934992]
[ 0.09223974 -0.01603934 -0.0200675 ]
[ 0.09411111 -0.01030793 -0.01933254]
[ 0.09654141 -0.00519046 -0.01580382]
[ 0.09652548 -0.00300638 -0.01338805]
[ 0.09565947 -0.00130627 -0.01146139]
[ 0.09382606  0.00193987 -0.01026711]
[ 0.0954876   0.00273547 -0.0101531 ]
[ 0.11528159 -0.00945881 -0.01140168]
[ 0.11528159 -0.00945881 -0.01140168]
[ 0.11851991 -0.01296305 -0.01177756]
[ 0.12869821 -0.02560432 -0.01245912]
[ 0.13317136 -0.03183667 -0.0153379 ]
[ 0.1338816  -0.03565276 -0.01683398]
[ 0.13452215 -0.0397519  -0.01852724]
[ 0.13485143 -0.04678502 -0.02161079]
[ 0.13537217 -0.04972111 -0.02303535]
[ 0.13713769 -0.06500886 -0.02712206]
[ 0.12807626 -0.08658187 -0.02899099]
[ 0.129039   -0.08713324 -0.02971039]
[ 0.13010276 -0.08637593 -0.02962408]
[ 0.12813539 -0.08440495 -0.02667186]
[ 0.11065651 -0.07913995 -0.01903296]
[ 0.10879419 -0.07863341 -0.01640918]
[ 0.10645536 -0.07806658 -0.01490436]
[ 0.10239107 -0.07546052 -0.01572183]
[ 0.09991041 -0.07167288 -0.00999308]
[ 0.09935283 -0.07126694 -0.00961979]
[ 0.09897219 -0.0707681  -0.00951616]
[ 0.09916437 -0.07020257 -0.01028983]
[ 0.10067359 -0.06939936 -0.0107309 ]
[ 0.10183305 -0.06872378 -0.01122098]
[ 0.10333351 -0.06824969 -0.01224924]
[ 0.10547504 -0.06758448 -0.01389673]
[ 0.10646362 -0.06726277 -0.01442912]
[ 0.10665155 -0.06525177 -0.01282772]
[ 0.10710595 -0.0636459  -0.0132666 ]
[ 0.10809437 -0.06272359 -0.01433168]
[ 0.11310185 -0.05949372 -0.01697207]
[ 0.11429135 -0.0592848  -0.01685948]
[ 0.11638559 -0.06051192 -0.01655725]
[ 0.1165315  -0.06115838 -0.01623714]
[ 0.11495624 -0.06156097 -0.01429625]
[ 0.11196748 -0.0601352  -0.01220489]
[ 0.11131564 -0.06033088 -0.01198445]
[ 0.10952083 -0.06097051 -0.01283896]
[ 0.10889722 -0.06087418 -0.01345924]
[ 0.10905266 -0.06100746 -0.01526237]
[ 0.11037225 -0.06199082 -0.01481765]
[ 0.11157042 -0.06141133 -0.01424188]
[ 0.11265657 -0.06025109 -0.01382048]
[ 0.11387969 -0.05876626 -0.01368462]
[ 0.11419809 -0.05701459 -0.01362626]
[ 0.11363996 -0.05533325 -0.0141688 ]
[ 0.11288816 -0.05416155 -0.01501858]
[ 0.11602212 -0.05612502 -0.01123503]
[ 0.11739693 -0.05846876  0.00699924]
[ 0.11674229 -0.05707216  0.0068194 ]
[ 0.11614621 -0.05566996  0.00561066]
[ 0.11285455 -0.0505985  -0.00309585]
[ 0.11143867 -0.04592653 -0.00691095]
[ 0.11023597 -0.04666553 -0.00776861]
[ 0.10884771 -0.04801176 -0.0084058 ]
[ 0.10767562 -0.04894443 -0.00842157]
[ 0.10570694 -0.04887088 -0.00723566]
[ 0.09717587 -0.03911347 -0.00483766]
[ 0.09784054 -0.03747391 -0.00340271]
[ 0.0985843  -0.0357312  -0.00238622]
[ 0.09755886 -0.03370456 -0.00160804]
[ 0.09488954 -0.0295127  -0.001988  ]
[ 0.0938079  -0.02729064 -0.00282643]
[ 0.09359944 -0.02530478 -0.0038656 ]
[ 0.09392688 -0.02319277 -0.00518242]
[ 0.09450247 -0.02088629 -0.00593765]
[ 0.09518576 -0.01694571 -0.00653538]
[ 0.0947093  -0.01505022 -0.00659676]
[ 0.09485354 -0.01356136 -0.00650303]
[ 0.10756678 -0.00784961 -0.01041277]
[ 0.11205155 -0.00563854 -0.00923987]
[ 0.1154798  -0.00316784 -0.00825341]
[ 0.11611319 -0.00154574 -0.00697329]
[ 0.11121995  0.00699237 -0.00283796]
[ 0.10985795  0.00890548 -0.00022255]
[0.10720862 0.01243436 0.00241595]
[0.10710571 0.01461946 0.00299043]
[0.10864854 0.01749025 0.00302674]
[0.111291   0.02104638 0.00365698]
[0.11709849 0.02630531 0.00540084]
[0.12299768 0.03712337 0.0151981 ]
[0.12298641 0.04127963 0.01841201]
[0.12241021 0.04300617 0.01982402]
[0.12194518 0.04524839 0.02079486]
[0.12188614 0.04697435 0.02238424]
[0.12142406 0.04969649 0.02403837]
[0.12062109 0.05968712 0.03248357]
[0.12046061 0.06173076 0.03070588]
[0.12106208 0.06226768 0.02859304]
[0.12101615 0.06297549 0.02637669]
[0.12087787 0.06303155 0.02475817]
[0.11946807 0.06254578 0.02307531]
[0.11859918 0.061102   0.02293323]
[0.11414108 0.06001783 0.02476094]
[0.11168695 0.05926482 0.02578799]
[0.11127258 0.05597522 0.02500216]
[0.11342282 0.05514648 0.0237512 ]
[0.11653185 0.05259516 0.0202734 ]
[0.1208548  0.0483179  0.01467761]
[0.12301648 0.04724907 0.01343554]
[0.12485776 0.04533453 0.01296411]
[0.12574483 0.04356523 0.01264842]
[0.12799118 0.03933601 0.01113377]
[0.1286566  0.03815693 0.01020945]
[0.12830613 0.03692924 0.00964162]
[0.12709877 0.03417527 0.00823336]
[0.12507088 0.03023547 0.00656935]
[0.12308837 0.02819581 0.00602701]
[0.12109781 0.02589091 0.00500619]
[ 0.11936606  0.0214796  -0.00143023]
[ 0.11970986  0.02023334 -0.00511471]
[ 0.11884586  0.01929166 -0.0078855 ]
[ 0.11828209  0.01893243 -0.00977747]
[ 0.11091057  0.01071238 -0.01073665]
[ 0.10677761  0.0066103  -0.01055847]
[ 0.10677761  0.0066103  -0.01055847]
[ 0.09268529 -0.00798056 -0.01214455]
[ 0.08990951 -0.0106935  -0.01225989]
[ 0.08277195 -0.01758496 -0.01325316]
[ 0.08172711 -0.01848356 -0.01259675]
[ 0.08060961 -0.01852997 -0.01206836]
[ 0.07404325 -0.02195865 -0.01329106]
[ 0.07360557 -0.02453041 -0.01406294]
[ 0.07306228 -0.02566251 -0.0145085 ]
[ 0.07703664 -0.02794531 -0.01478272]
[ 0.08467082 -0.03165103 -0.0152907 ]
[ 0.08481241 -0.032404   -0.01621497]
[ 0.08482104 -0.03262894 -0.01659432]
[ 0.08535669 -0.03259346 -0.01698238]
[ 0.0863483  -0.03271537 -0.01781098]
[ 0.09391517 -0.03464742 -0.02417139]
[ 0.09525931 -0.03485036 -0.02458885]
[ 0.09639    -0.03513439 -0.02501405]
[ 0.09804477 -0.03564994 -0.02501828]
[ 0.0992017  -0.03622533 -0.02504161]
[ 0.10114131 -0.03686149 -0.02496695]
[ 0.10500029 -0.0382172  -0.024368  ]
[ 0.1142841  -0.04123869 -0.02267402]
[ 0.11940978 -0.04385742 -0.02184506]
[ 0.12102622 -0.04514806 -0.02110276]
[ 0.12434975 -0.05064939 -0.02141284]
[ 0.12524048 -0.05201366 -0.02175863]
[ 0.12645704 -0.05317275 -0.02198788]
[ 0.12814525 -0.0539214  -0.02283881]
[ 0.13495106 -0.05801781 -0.02565016]
[ 0.13830078 -0.05923687 -0.02588771]
[ 0.14089916 -0.06005136 -0.02673751]
[ 0.14392961 -0.06104532 -0.02755627]
[ 0.14792795 -0.06170789 -0.02785417]
[ 0.15745515 -0.06096092 -0.03038018]
[ 0.16111166 -0.06051845 -0.03122569]
[ 0.1640133  -0.05935457 -0.03318432]
[ 0.16616822 -0.05865674 -0.03497096]
[ 0.17262847 -0.05953396 -0.03678039]
[ 0.1758605  -0.06044433 -0.0366671 ]
[ 0.19137955 -0.06922877 -0.03891464]
[ 0.19312034 -0.07245912 -0.04020111]
[ 0.19563303 -0.08414417 -0.04453037]
[ 0.19415433 -0.08564481 -0.04303005]
[ 0.19277415 -0.08684676 -0.04133064]
[ 0.18939222 -0.08796078 -0.03812174]
[ 0.18636889 -0.08612435 -0.03588943]
[ 0.19245384 -0.08389584 -0.03585691]
[ 0.19377387 -0.08402549 -0.03530564]
[ 0.1955677  -0.0826055  -0.03545618]
[ 0.19756312 -0.0751204  -0.03319484]
[ 0.19678417 -0.07240064 -0.03190947]
[ 0.1941233  -0.06729839 -0.02841329]
[ 0.19224498 -0.06504373 -0.02642729]
[ 0.1890916  -0.06109069 -0.02249802]
[ 0.18718333 -0.05641677 -0.02064377]
[ 0.18622557 -0.05429681 -0.02007302]
[ 0.18455494 -0.05292452 -0.01739348]
[ 0.18211893 -0.05147207 -0.01437337]
[ 0.17907838 -0.04986772 -0.01038935]
[ 0.17338771 -0.03533704  0.00237124]
[ 0.17338771 -0.03533704  0.00237124]
[ 0.16515715 -0.0235886   0.00086046]
[ 0.15631933 -0.01782497  0.00358352]
[ 0.13538209 -0.00845685  0.01801702]
[ 0.12511886 -0.00428244  0.02596485]
[ 0.12022639 -0.0003922   0.03142906]
[0.0967171  0.01966125 0.0600823 ]
[0.04128262 0.03468601 0.0743354 ]
[0.0359837  0.03810198 0.07889418]
[0.00141745 0.0366059  0.07574899]
[-0.00315594  0.03368593  0.07075898]
[-0.00946505  0.02487885  0.05814667]
[-0.00946505  0.02487885  0.05814667]
[-0.00942447  0.0187442   0.05039328]
[-0.00814273  0.00626048  0.0351812 ]
[-0.01875154 -0.03566054 -0.00371533]
[-0.04881922 -0.09382118 -0.03128882]
[-0.05403291 -0.10255679 -0.0330088 ]
[-0.05809266 -0.10964271 -0.03334038]
[-0.06570371 -0.14018694 -0.03711158]
[-0.06005764 -0.17062576 -0.03815815]
[-0.05896375 -0.17465435 -0.03901967]
[-0.05751399 -0.18429376 -0.03926988]
[-0.05658822 -0.20042019 -0.03543246]
[-0.05452981 -0.21121773 -0.03259655]
[-0.05383462 -0.21595669 -0.03101696]
[-0.05394061 -0.21991375 -0.02948616]
[-0.053726   -0.22291858 -0.02819777]
[-0.05303713 -0.22541618 -0.02672249]
[-0.05216368 -0.22728232 -0.02550646]
[-0.04546353 -0.23096603 -0.02447777]
[-0.05651657 -0.23989476 -0.02183021]
[-0.05469832 -0.24126464 -0.02150765]
[-0.04123674 -0.24576654 -0.02280611]
[-0.03303216 -0.24687757 -0.02426016]
[-0.02632667 -0.24698162 -0.02571678]
[-0.01646767 -0.24487653 -0.02911171]
[ 2.22733617e-04 -2.34815329e-01 -2.51495931e-02]
[ 0.00271913 -0.23178388 -0.02489874]
[ 0.00539744 -0.22781634 -0.02555393]
[ 0.00794162 -0.22361991 -0.02625664]
[ 0.01387108 -0.21500921 -0.02846421]
[ 0.01739507 -0.21039176 -0.02898527]
[ 0.02126416 -0.20496477 -0.02831585]
[ 0.02569575 -0.19924279 -0.02817296]
[ 0.02905438 -0.19276403 -0.02824871]
[ 0.0317178  -0.18649423 -0.02835061]
[ 0.0389191  -0.17452848 -0.02884755]
[ 0.04188407 -0.16855294 -0.0276971 ]
[ 0.045472   -0.16235086 -0.02567068]
[ 0.04823761 -0.1557759  -0.02322415]
[ 0.05471804 -0.14595048 -0.01872851]
[ 0.07115663 -0.12570465 -0.0050873 ]
[ 0.07421885 -0.12534019 -0.00476612]
[ 0.06949531 -0.12774153  0.00129474]
[ 0.06947986 -0.13721362 -0.00511729]
[ 0.07121431 -0.13883434 -0.00598855]
[ 0.08323603 -0.14389788 -0.01144993]
[ 0.08424859 -0.14438014 -0.01244942]
[ 0.08434129 -0.14329365 -0.01149428]
[ 0.08421955 -0.14349926 -0.01226887]
[ 0.08765348 -0.15096278 -0.02257902]
[ 0.08463781 -0.15925215 -0.01718026]
[ 0.07978772 -0.17514667 -0.00651915]
[ 0.06743305 -0.20833698  0.00405304]
[ 0.06550949 -0.21371156  0.00412626]
[ 0.06151315 -0.21844013  0.00380652]
[ 0.05688848 -0.2220643   0.00278548]
[ 0.05515187 -0.22372796  0.00151748]
[ 0.04402479 -0.21156886  0.00520341]
[ 0.04383757 -0.21006532  0.00747971]
[ 0.04515099 -0.20904563  0.00946576]
[ 0.04571297 -0.20844062  0.01167369]
[ 0.04438592 -0.20842795  0.01470926]
[ 0.04331831 -0.2088196   0.01730668]
[ 0.04018649 -0.20884766  0.02352099]
[ 0.03835635 -0.19759476  0.03272665]
[ 0.03401104 -0.18480805  0.03577235]
[ 0.03448034 -0.17567442  0.03451197]
[ 0.03560937 -0.16637242  0.03513709]
[ 0.03904392 -0.13599943  0.04322702]
[ 0.03970715 -0.1258148   0.04473071]
[ 0.04073902 -0.11576211  0.04556485]
[ 0.04121249 -0.10404276  0.04546533]
[ 0.0402373  -0.09385873  0.04518576]
[ 0.04043891 -0.08414648  0.04479983]
[ 0.03768737 -0.06261898  0.04165423]
[ 0.0266829  -0.01143564  0.03903797]
[ 0.02391911 -0.00261049  0.0411397 ]
[0.02194231 0.00475506 0.04286573]
[0.02015119 0.01095035 0.04374413]
[0.0176264  0.02260553 0.04367895]
[0.01767402 0.02784764 0.04335199]
[0.0246158  0.05631907 0.04575885]
[0.02374547 0.06162773 0.04513123]
[0.02285237 0.06705854 0.04487751]
[0.02097846 0.0723035  0.04440604]
[0.02011751 0.08039644 0.04582395]
[0.02090097 0.08582723 0.04712487]
[0.02258087 0.09085905 0.04702548]
[0.02210841 0.09575176 0.04692179]
[0.01536804 0.11761406 0.04920322]
[0.01227862 0.12898879 0.05698264]
[0.01247569 0.13131663 0.057565  ]
[0.01473161 0.13531359 0.05458548]
[0.01678166 0.13493854 0.05141925]
[0.0164456  0.13313584 0.05201256]
[0.0153548  0.1315583  0.05352637]
[0.01393501 0.12880686 0.05678147]
[0.01942959 0.1267259  0.05146841]
[0.02600246 0.12573585 0.04113365]
[0.02845322 0.12514941 0.03698611]
[0.0343967  0.11202372 0.02182407]
[0.03648338 0.10934786 0.01902574]
[0.04334346 0.0978679  0.0088307 ]
[ 0.05527096  0.08254538 -0.00041429]
[ 0.05638108  0.07966835 -0.00199968]
[ 0.05801771  0.07696524 -0.00407064]
[ 0.06751799  0.06467957 -0.01273202]
[ 0.07607127  0.04524709 -0.02342555]
[ 0.07607127  0.04524709 -0.02342555]
[ 0.0768592   0.04334244 -0.0250454 ]
[ 0.07842737  0.04178465 -0.02617436]
[ 0.07947687  0.0386082  -0.02704574]
[ 0.07941945  0.03527258 -0.02744478]
[ 0.07922826  0.03371841 -0.0273966 ]
[ 0.07983761  0.03329212 -0.02632207]
[ 0.08045333  0.03486888 -0.01910374]
[ 0.079811    0.03490159 -0.01789979]
[ 0.0786122   0.03508777 -0.017787  ]
[ 0.07770353  0.03482284 -0.01839861]
[ 0.0762755   0.0340273  -0.01871257]
[ 0.07563641  0.0333051  -0.01756527]
[ 0.07431232  0.03334603 -0.01601748]
[ 0.06473953  0.03842102 -0.00402944]
[ 0.06133567  0.03884939 -0.00249871]
[ 0.05803849  0.03897709 -0.00124048]
[0.03914595 0.03987005 0.0020325 ]
[0.02336626 0.0468522  0.00450709]
[0.01127799 0.05043406 0.00648889]
[0.00753326 0.05044676 0.00925653]
[0.0051304  0.04897404 0.01456961]
[-0.00066731  0.05150292  0.01616067]
[-0.0050297   0.05287152  0.01728665]
[-0.00607965  0.05339713  0.01774067]
[-0.00699876  0.05375109  0.0177631 ]
[-0.0068432   0.054972    0.01801559]
[-0.0024694   0.06525854  0.02341844]
[-0.00263471  0.06713175  0.02360903]
[-0.00399014  0.06900813  0.02366494]
[-0.00502298  0.07025973  0.02411818]
[-0.00526559  0.07276277  0.0264052 ]
[-0.0042853   0.07377974  0.02818344]
[-0.00372552  0.07483584  0.03046953]
[-0.00432811  0.07603499  0.03231328]
[-0.00587494  0.07740414  0.03320981]
[-0.00774298  0.0786236   0.03342313]
[-0.00391733  0.08241165  0.03249926]
[-0.00174508  0.08339879  0.03170605]
[0.00930086 0.08512049 0.03451878]
[0.02158206 0.08597631 0.02880248]
[0.0260426  0.08760084 0.02890529]
[0.02986418 0.08920179 0.02908462]
[0.03893413 0.08864122 0.02200234]
[0.04088662 0.08794022 0.02021264]
[0.04308397 0.08781394 0.0190729 ]
[0.0451142  0.08737351 0.01914434]
[0.04629493 0.08695011 0.02022497]
[0.04465503 0.0862383  0.02051439]
[0.04246788 0.08523989 0.02087181]
[0.03949826 0.08282925 0.02217199]
[0.03847135 0.08149822 0.02272994]
[0.03645851 0.08025382 0.02259356]
[0.03390772 0.07962428 0.02231274]
[0.03056872 0.0791637  0.02157367]
[0.02680198 0.07899512 0.02043355]
[0.02306767 0.0787585  0.01933001]
[0.01809168 0.07676668 0.01774178]
[0.01710217 0.0758182  0.01756334]
[0.01688392 0.07517423 0.01728295]
[0.01575339 0.07546247 0.0162632 ]
[0.01498253 0.0757909  0.01483204]
[0.01468173 0.07562303 0.01362494]
[0.0232057  0.06905746 0.01052701]
[0.02310709 0.06817444 0.01126099]
[0.01499874 0.07047588 0.01667655]
[0.01440387 0.070123   0.02096004]
[0.01146062 0.06888943 0.02849809]
[0.00770251 0.06787012 0.0350402 ]
[0.00767147 0.06744912 0.03698182]
[0.00832451 0.06781688 0.03783277]
[0.00958335 0.06827816 0.03834079]
[0.01170208 0.06842907 0.03886119]
[0.01290724 0.06850464 0.03982805]
[0.0136617  0.06857164 0.0409991 ]
[0.01439156 0.06878562 0.04216303]
[0.01549475 0.06900971 0.04273997]
[0.01663648 0.06845298 0.04237464]
[0.03545109 0.06396046 0.03675965]
[0.04327855 0.06213904 0.0344382 ]
[0.05051175 0.06128219 0.03333111]
[0.05306265 0.06106284 0.03374208]
[0.05502454 0.06099936 0.03435276]
[0.05925066 0.05934294 0.03975071]
[0.07295669 0.05628712 0.04268874]
[0.07376986 0.05581112 0.04118412]
[0.07455612 0.05636423 0.0398893 ]
[0.07595316 0.05790745 0.04145278]
[0.07757144 0.05797676 0.04217828]
[0.08139384 0.05727371 0.04263932]
[0.0828023  0.05665161 0.04226138]
[0.08358384 0.0560347  0.04113699]
[0.09078999 0.0581884  0.03653567]
[0.0944331  0.05906347 0.03199913]
[0.09316409 0.05802112 0.03093102]
[0.09199924 0.05529511 0.03052691]
[0.09165747 0.05299066 0.03055497]
[0.09177645 0.05098271 0.03084294]
[0.08628548 0.04784057 0.03027026]
[0.08583181 0.0478369  0.02943035]
[0.08036547 0.04796502 0.02055362]
[0.0799822  0.04748553 0.01896954]
[0.07989775 0.0471055  0.01808096]
[0.07985521 0.04665848 0.01718491]
[0.08022684 0.04613433 0.01636493]
[0.07951147 0.04564262 0.01550326]
[0.07869411 0.04588125 0.01498507]
[0.07714204 0.04643185 0.01446817]
[0.07483304 0.04706627 0.01417201]
[0.07155042 0.04769046 0.01367004]
[0.0763779  0.04452972 0.01363734]
[0.07445188 0.04582589 0.0118417 ]
[0.07223124 0.04751681 0.00977078]
[0.06007733 0.05386855 0.00778222]
[0.05691103 0.05745733 0.00609326]
[0.0524532  0.06044722 0.00331069]
[ 0.01954283  0.06412721 -0.00455553]
[ 0.00730549  0.06192454 -0.00204068]
[-0.01065856  0.0575017   0.00598761]
[-0.01552911  0.05610633  0.00805703]
[-0.01951321  0.0546485   0.01063486]
[-0.03064849  0.04783097  0.01417893]
[-0.03245224  0.04675323  0.01449178]
[-0.03748838  0.04266541  0.01553323]
[-0.05429827  0.0381844   0.02945339]
[-0.04812096  0.03789505  0.03070992]
[-0.04459635  0.03849083  0.03255195]
[-0.04188417  0.03944984  0.03368368]
[-0.03926938  0.0407826   0.03483896]
[-0.03135874  0.04740971  0.03287475]
[-0.03199408  0.05036699  0.03378732]
[-0.03207966  0.05160734  0.03568105]
[-0.0328539   0.05240961  0.03836045]
[-0.03604467  0.05194175  0.04327295]
[-0.05024909  0.05194284  0.0518524 ]
[-0.05539008  0.0515466   0.05498654]
[-0.05927637  0.05164342  0.05761179]
[-0.07542796  0.05224492  0.05956639]
[-0.14788248  0.06298801  0.04659123]
[-0.14788248  0.06298801  0.04659123]
[-0.15634602  0.06645171  0.04660938]
[-0.18851229  0.07168802  0.03495293]
[-0.20045751  0.07096896  0.03316274]
[-0.20927462  0.07106925  0.03239454]
[-0.21608131  0.07017659  0.03302056]
[-0.23118602  0.06780967  0.03662627]
[-0.23433254  0.06764006  0.03763388]
[-0.23736215  0.0670567   0.03869447]
[-0.24541984  0.06536597  0.03806484]
[-0.25348934  0.06408287  0.03620715]
[-0.26035631  0.06376012  0.03312134]
[-0.26035631  0.06376012  0.03312134]
[-0.26483316  0.0642865   0.03049302]
[-0.26955137  0.06588524  0.02833825]
[-0.27021816  0.06644369  0.02809642]
[-0.2697186   0.06803831  0.02844956]
[-0.26783828  0.06961587  0.02877247]
[-0.26636023  0.07112444  0.02939195]
[-0.27002555  0.08459155  0.02357197]
[-0.2688743   0.08566137  0.02834369]
[-0.26559897  0.08753898  0.03593613]
[-0.26261889  0.08996918  0.0448291 ]
[-0.25082915  0.09697506  0.06784419]
[-0.24844092  0.10171058  0.07467704]
[-0.24603924  0.11389917  0.0856126 ]
[-0.24644899  0.1165256   0.0874118 ]
[-0.2470609   0.13760132  0.0963891 ]
[-0.24813394  0.14221147  0.09981832]
[-0.2529159   0.15054291  0.10690242]
[-0.25497233  0.15439941  0.1097794 ]
[-0.25759448  0.15810473  0.11188006]
[-0.26084369  0.16491926  0.11483551]
[-0.26264824  0.16770326  0.11597718]
[-0.26373964  0.16986796  0.11680623]
[-0.26455242  0.1712556   0.11748351]
[-0.26594778  0.1715267   0.11745396]
[-0.26672564  0.17104954  0.11761045]
[-0.26825224  0.17051101  0.11716004]
[-0.27353001  0.16070531  0.10293278]
[-0.29801016  0.14718397  0.09389513]
[-0.32041805  0.13706025  0.08237189]
[-0.34442549  0.12291827  0.06171202]
[-0.3453679   0.11977811  0.05725372]
[-0.3460389   0.11611131  0.05435605]
[-0.33988851  0.10035082  0.04871798]
[-0.34156791  0.09253473  0.04170757]
[-0.34156791  0.09253473  0.04170757]
[-0.34310787  0.08506262  0.03333227]
[-0.34416267  0.07786383  0.02516102]
[-0.34414878  0.07402222  0.02121654]
[-0.34339687  0.06989293  0.01733357]
[-0.3389111   0.06106989  0.01177009]
[-0.33703872  0.0568785   0.00910242]
[-0.33009827  0.03967552 -0.01045868]
[-0.32784394  0.03643581 -0.01256851]
[-0.32638905  0.03309028 -0.0151177 ]
[-0.32233762  0.02536326 -0.02052993]
[-0.32060928  0.02195964 -0.02341775]
[-0.31938345  0.01885442 -0.02597594]
[-0.32355034  0.00047746 -0.0399891 ]
[-0.32222993 -0.00321389 -0.04152196]
[-0.32071335 -0.00795532 -0.04389871]
[-0.32249404 -0.01471332 -0.05237688]
[-0.32396621 -0.018649   -0.05716716]
[-0.32310768 -0.02236677 -0.05963098]
[-0.32310768 -0.02236677 -0.05963098]
[-0.30977985 -0.03597432 -0.05426957]
[-0.30714927 -0.03528086 -0.05306469]
[-0.30714927 -0.03528086 -0.05306469]
[-0.30520321 -0.03353152 -0.05172595]
[-0.30336256 -0.03080702 -0.04972972]
[-0.29455575 -0.01138761 -0.0341219 ]
[-0.29495061 -0.00905297 -0.03149494]
[-0.29502557 -0.00463622 -0.02425615]
[-0.29502557 -0.00463622 -0.02425615]
[-0.29771576 -0.00041872 -0.02070595]
[-0.30082204  0.00635182 -0.01628302]
[-2.86301324e-01  4.06684056e-02  2.20737420e-05]
[-0.28031758  0.04311435  0.00372283]
[-0.27410343  0.04514654  0.00785191]
[-0.26709014  0.05125982  0.01682824]
[-0.26360857  0.05517708  0.0211443 ]
[-0.2618555   0.05955539  0.02467909]
[-0.25219048  0.08128501  0.0315835 ]
[-0.25106803  0.08413331  0.03170276]
[-0.25028493  0.08721752  0.0321096 ]
[-0.24347212  0.09562169  0.03348007]
[-0.2422307   0.09790518  0.03366978]
[-0.24091441  0.10052548  0.03424353]
[-0.24004016  0.10290653  0.03453421]
[-0.23910159  0.1050188   0.03480139]
[-0.23724424  0.10805829  0.03614797]
[-0.23655821  0.10957897  0.03690569]
[-0.23605866  0.11106861  0.03755407]
[-0.23789728  0.11452802  0.03953321]
[-0.23829512  0.11509815  0.04005161]
[-0.23908018  0.11601236  0.04093761]
[-0.23946098  0.11632498  0.04144586]
[-0.23965302  0.11665758  0.04195396]
[-0.24000804  0.11724664  0.04240168]
[-0.24040344  0.11823723  0.04245601]
[-0.24067055  0.11949152  0.04223258]
[-0.24077795  0.12307047  0.0404978 ]
[-0.24093244  0.1241273   0.04083079]
[-0.24145337  0.12540153  0.04142559]
[-0.24145021  0.12835465  0.04271571]
[-0.23971003  0.13195144  0.04676483]
[-0.23680883  0.13411848  0.05040184]
[-0.22573454  0.13902885  0.06857656]
[-0.22491428  0.14222986  0.07772597]
[-0.22508989  0.14465207  0.08213854]
[-0.22527598  0.1467872   0.0870761 ]
[-0.22336688  0.1588006   0.10896831]
[-0.2136477   0.1770639   0.13297425]
[-0.21199808  0.1802955   0.13496625]
[-0.21143519  0.18325242  0.13665691]
[-0.21178035  0.18594489  0.13904172]
[-0.21361688  0.19062623  0.14350806]
[-0.20528079  0.20630774  0.14792101]
[-0.20332507  0.20790772  0.14973535]
[-0.20082654  0.20914599  0.15217316]
[-0.19565132  0.21063928  0.15778938]
[-0.19338712  0.21059336  0.16101372]
[-0.19135037  0.21055786  0.16421524]
[-0.18669011  0.20893559  0.18555239]
[-0.18767643  0.20797674  0.18900582]
[-0.18821243  0.20735131  0.19144939]
[-0.18952544  0.20866755  0.19737275]
[-0.19267099  0.2077031   0.19774264]
[-0.19354003  0.20706804  0.19574161]
[-0.19463606  0.20604694  0.19331947]
[-0.19814089  0.1981539   0.18684481]
[-0.20005625  0.19652349  0.18473783]
[-0.20277254  0.19545598  0.18388171]
[-0.20474954  0.19186904  0.18225516]
[-0.20248687  0.18889055  0.17684004]
[-0.20171932  0.18736857  0.17219195]
[-0.20195326  0.18528686  0.16768622]
[-0.20358906  0.18146974  0.16026938]
[-0.20386857  0.18026577  0.15681519]
[-0.20347949  0.17948712  0.15366852]
[-0.20248683  0.17866035  0.15008083]
[-0.19960794  0.17710441  0.14129633]
[-0.19869594  0.17618471  0.13579242]
[-0.19881124  0.17442797  0.12345925]
[-0.19970379  0.17144807  0.11272099]
[-0.20372171  0.16399853  0.0930632 ]
[-0.20679503  0.15820749  0.08170213]
[-0.20850521  0.15549748  0.07691909]
[-0.21277882  0.14627247  0.06403535]
[-0.2134902   0.14034629  0.05575459]
[-0.21415834  0.12976497  0.0399875 ]
[-0.21372435  0.12351915  0.03280086]
[-0.21303667  0.12007803  0.03003968]
[-0.21269344  0.11650039  0.02757801]
[-0.21360589  0.10514737  0.02184379]
[-0.21392474  0.10141882  0.02071998]
[-0.21357724  0.09702126  0.02011154]
[-0.21278308  0.09199688  0.01921646]
[-0.21132583  0.08721149  0.01781406]
[-0.21063974  0.08264965  0.01585387]
[-0.22850558  0.02524435 -0.01742462]
[-0.22863533  0.01725497 -0.02134169]
[-0.22827114  0.00985715 -0.02434439]
[-0.22628129  0.00220963 -0.02726457]
[-0.21937382 -0.01973182 -0.03333078]
[-0.21743819 -0.02731452 -0.03357758]
[-0.21530427 -0.03445092 -0.03391774]
[-0.21412683 -0.04727134 -0.03452227]
[-0.21439829 -0.05345742 -0.03558294]
[-0.21620537 -0.05945963 -0.03645317]
[-0.21841049 -0.06488948 -0.03728095]
[-0.22050937 -0.06985965 -0.0381257 ]
[-0.22342997 -0.07413584 -0.03821768]
[-0.23051994 -0.08339483 -0.03705546]
[-0.23253636 -0.0858621  -0.03618857]
[-0.23435252 -0.08825031 -0.03515552]
[-0.23585566 -0.08995853 -0.03399419]
[-0.23941749 -0.09134676 -0.03026343]
[-0.24051874 -0.09190015 -0.0274951 ]
[-0.24151928 -0.09306797 -0.02386924]
[-0.24206539 -0.09421305 -0.01973693]
[-0.24371594 -0.09658901 -0.01135105]
[-0.2444025  -0.09729623 -0.0074455 ]
[-0.24880935 -0.0868464   0.00211026]
[-0.24562089 -0.08279536  0.00119267]
[-2.41649495e-01 -7.86593780e-02  1.94942812e-04]
[-0.23534715 -0.06974167 -0.00156078]
[-0.23235678 -0.06628239 -0.00253898]
[-0.22893216 -0.06285891 -0.00318389]
[-0.22537648 -0.05887022 -0.00351537]
[-0.22240385 -0.05569828 -0.00377413]
[-0.21791928 -0.04657631 -0.00176009]
[-0.21746367 -0.04516105 -0.0011173 ]
[-0.21144329 -0.03378843 -0.00221183]
[-0.20948256 -0.03089241 -0.0032511 ]
[-0.20850095 -0.02070715 -0.00145998]
[-2.12429257e-01 -1.80091877e-02 -1.01418642e-04]
[-0.2137062  -0.01617332 -0.00062976]
[-0.21519975 -0.01335049 -0.00119988]
[-0.21695057 -0.00575046 -0.000755  ]
[-0.21764864 -0.00174612  0.00117973]
[-0.21806377 -0.0015256   0.0022893 ]
[-0.21661672 -0.00131786  0.00262754]
[-0.21567074 -0.00110986  0.00291113]
[-0.21673019  0.00214794  0.00571368]
[-0.21756324  0.002991    0.00748438]
[-0.21770991  0.0036712   0.00887784]
[-0.2151404   0.00540111  0.00830463]
[-0.21324063  0.00632361  0.00734709]
[-0.21167355  0.00767155  0.00643822]
[-0.21211102  0.01295146  0.00284671]
[-0.21147075  0.0153016   0.00091051]
[-2.10702797e-01  1.63210165e-02 -4.55262489e-05]
[-0.20961316  0.01750156 -0.00105483]
[-0.2066173   0.01951461 -0.00161224]
[-0.20447436  0.02053791 -0.00144511]
[-0.19242791  0.02905216  0.00255957]
[-0.18949294  0.03049238  0.00418266]
[-0.18044257  0.03810146  0.01089227]
[-0.17913037  0.04040173  0.01063499]
[-0.16708855  0.04405626  0.00265803]
[-0.16146838  0.04864955 -0.00514165]
[-0.16048246  0.05002044 -0.00595704]
[-0.15485366  0.05341918 -0.00790825]
[-0.14109173  0.05262345 -0.01135717]
[-0.13739872  0.05251503 -0.01245519]
[-0.13328639  0.05234483 -0.01367777]
[-0.12549048  0.05006805 -0.01726447]
[-0.12287142  0.04871361 -0.01897378]
[-0.11997988  0.04728714 -0.02032002]
[-0.11775682  0.04618466 -0.02110512]
[-0.10473704  0.0349925  -0.02807089]
[-0.10473704  0.0349925  -0.02807089]
[-0.09009838  0.03488063 -0.03884776]
[-0.09162995  0.03318247 -0.04163239]
[-0.08877824  0.02621604 -0.04592944]
[-0.08753469  0.02523017 -0.04638783]
[-0.08414664  0.02263435 -0.04612119]
[-0.08398576  0.0216817  -0.04627021]
[-0.08375081  0.02092332 -0.04594953]
[-0.10368118  0.01764758 -0.04141574]
[-0.10774782  0.01794    -0.04322149]
[-0.10724442  0.01956788 -0.04401866]
[-0.10696857  0.0212688  -0.04419102]
[-0.10423466  0.0223134  -0.04171909]
[-0.10333634  0.02123197 -0.0402071 ]
[-0.1031444   0.02051345 -0.03954402]
[-0.10428237  0.01992616 -0.0389065 ]
[-0.10647574  0.02012253 -0.03845376]
[-0.11026047  0.02108094 -0.03869354]
[-0.11163892  0.02172858 -0.03878843]
[-0.12688659  0.02711487 -0.03638799]
[-0.12974453  0.02900069 -0.03672517]
[-0.13421686  0.03092075 -0.03733788]
[-0.13917982  0.0321193  -0.0384957 ]
[-0.15105345  0.0344136  -0.03974628]
[-0.15511245  0.0357279  -0.04024933]
[-0.15299734  0.04111702 -0.03052344]
[-0.15261438  0.04082881 -0.02987585]
[-0.15289061  0.04361979 -0.03112012]
[-0.15234677  0.04443767 -0.03158427]
[-0.15408444  0.04391826 -0.03009275]
[-0.15469443  0.04328135 -0.03079413]
[-0.15504751  0.04317626 -0.03173826]
[-0.15586569  0.04323319 -0.0316736 ]
[-0.15751671  0.0438324  -0.0314649 ]
[-0.15941101  0.04501686 -0.03135145]
[-0.15996082  0.04630056 -0.03056207]
[-0.16056812  0.04778531 -0.02956704]
[-0.16751734  0.05681425 -0.02383438]
[-0.16846156  0.05921016 -0.022219  ]
[-0.1690552   0.06075388 -0.02189297]
[-0.17018144  0.06257737 -0.02184046]
[-0.17131076  0.06446457 -0.02187909]
[-0.17239716  0.06626999 -0.02169798]
[-0.17311091  0.06917451 -0.02077362]
[-0.17244371  0.07495379 -0.01685307]
[-0.17664722  0.07651084 -0.01710218]
[-0.17915656  0.07672729 -0.01752187]
[-0.18571984  0.0780756  -0.01699883]
[-0.18657358  0.07833059 -0.01704291]
[-0.18681714  0.07809438 -0.0177917 ]
[-0.18712897  0.07710231 -0.01960245]
[-0.19056914  0.07046894 -0.02611758]
[-0.1933195   0.06753367 -0.02730671]
[-0.21074323  0.05112552 -0.03208164]
[-0.21290864  0.04659323 -0.03324585]
[-0.21551113  0.04081824 -0.03412455]
[-0.21849511  0.03525136 -0.03495736]
[-0.22572722  0.02515961 -0.03614103]
[-0.22901874  0.02060212 -0.03668776]
[-0.2404965  -0.0108729  -0.03170371]
[-0.24192099 -0.01643659 -0.03127265]
[-0.24750392 -0.04082979 -0.02857048]
[-0.24872129 -0.04548942 -0.0280562 ]
[-0.25170959 -0.05330364 -0.02791924]
[-0.25737178 -0.06610887 -0.02625911]
[-0.25902195 -0.06972557 -0.0261851 ]
[-0.26058778 -0.0768173  -0.02525114]
[-0.26780192 -0.08787471 -0.02042373]
[-0.27049427 -0.09074161 -0.01840318]
[-0.27448896 -0.09480026 -0.0150907 ]
[-0.27609035 -0.09623359 -0.01353665]
[-0.27779933 -0.09766499 -0.01248349]
[-0.2786992  -0.09896253 -0.01126204]
[-0.27673543 -0.09939004  0.00233605]
[-0.27729107 -0.09940879  0.00410669]
[-0.27790912 -0.09969234  0.00604874]
[-0.27861428 -0.10043202  0.00761993]
[-0.27882727 -0.10132201  0.0088443 ]
[-0.2809527 -0.1156301  0.0032579]
[-0.28095802 -0.11696459  0.00418368]
[-0.28045378 -0.11837073  0.00562535]
[-0.27714766 -0.12299666  0.01061108]
[-0.27304679 -0.12686744  0.01137268]
[-0.27120979 -0.12894689  0.0117319 ]
[-0.26948462 -0.13478264  0.01752052]
[-0.27048361 -0.13625507  0.01947288]
[-0.27061232 -0.13745077  0.02102095]
[-0.27008664 -0.13906306  0.0222817 ]
[-0.26641856 -0.14345512  0.02576284]
[-0.26581613 -0.14408667  0.02694871]
[-0.2650036  -0.14323826  0.03231405]
[-0.263991   -0.14252493  0.03275532]
[-0.25788028 -0.13781585  0.03631065]
[-0.25694518 -0.13712746  0.03706843]
[-0.25557676 -0.135639    0.0374556 ]
[-0.25768199 -0.13284546  0.03747112]
[-0.2588935  -0.13140981  0.03829821]
[-0.26092424 -0.12882477  0.03998548]
[-0.26066633 -0.12786746  0.04073817]
[-0.26073654 -0.12412656  0.04532619]
[-0.26507501 -0.11284304  0.04495031]
[-0.26476271 -0.11085904  0.0451121 ]
[-0.2611748  -0.09798859  0.04620384]
[-0.26220083 -0.09360323  0.04674222]
[-0.26518379 -0.09026385  0.04865124]
[-0.27484526 -0.06341153  0.04641216]
[-0.27082696 -0.05656818  0.0467498 ]
[-0.26840411 -0.05520714  0.04730388]
[-0.25929596 -0.0559834   0.05317348]
[-0.25694823 -0.05480392  0.0557035 ]
[-0.25588247 -0.05346547  0.05724547]
[-0.25407776 -0.05201777  0.05842373]
[-0.25267407 -0.0507618   0.05870654]
[-0.24989732 -0.04791575  0.05871222]
[-0.24989732 -0.04791575  0.05871222]
[-0.25222518 -0.04640746  0.05811442]
[-0.26048692 -0.04102877  0.05553715]
[-0.26428992 -0.03898757  0.05489408]
[-0.26667745 -0.03752894  0.05425857]
[-0.26919546 -0.0365754   0.05413623]
[-0.26815739 -0.03576654  0.05390951]
[-0.26641486 -0.04000212  0.0521056 ]
[-0.26641486 -0.04000212  0.0521056 ]
[-0.2654542  -0.04062984  0.0514978 ]
[-0.26266663 -0.04269388  0.05021528]
[-0.2622961  -0.04338544  0.04979101]
[-0.26253895 -0.04667115  0.0473137 ]
[-0.26249822 -0.04832802  0.04793205]
[-0.26011513 -0.05639866  0.04972187]
[-0.26043615 -0.05899971  0.05021274]
[-0.25279559 -0.06827751  0.05569991]
[-0.25134426 -0.06987033  0.05647267]
[-0.25014004 -0.07241844  0.05739402]
[-0.24832086 -0.07539596  0.0574107 ]
[-0.2480492  -0.07681263  0.05749846]
[-0.24979025 -0.0788528   0.05431566]
[-0.25125797 -0.07730231  0.04956423]
[-0.25297174 -0.07524618  0.04615303]
[-0.25374911 -0.07368609  0.04382658]
[-0.25266934 -0.0740505   0.04292897]
[-0.25038874 -0.07653303  0.04259712]
[-0.24622894 -0.08457463  0.04331722]
[-0.24220897 -0.0892916   0.0444526 ]
[-0.24067081 -0.09168501  0.0447603 ]
[-0.24059016 -0.09359723  0.04487679]
[-0.24077083 -0.09554236  0.04464466]
[-0.24078144 -0.09880599  0.04386076]
[-0.24091888 -0.10014255  0.04344775]
[-0.24138912 -0.10088383  0.04338092]
[-0.24325785 -0.10046691  0.04282066]
[-0.25030542 -0.09611085  0.04044168]
[-0.25186746 -0.09548835  0.05611737]
[-0.25091403 -0.09605864  0.0584653 ]
[-0.24991232 -0.09700005  0.06118437]
[-0.24840696 -0.09831681  0.06513406]
[-0.24586629 -0.10298365  0.0799375 ]
[-0.24227516 -0.1037424   0.12777874]
[-0.2399769  -0.08999435  0.15239759]
[-0.24066468 -0.08834274  0.15326983]
[-0.24294985 -0.08509648  0.15284401]
[-0.24468362 -0.08382903  0.15181981]
[-0.24484401 -0.08370306  0.15138064]
[-0.2454195  -0.08363193  0.15067001]
[-0.24902093 -0.08223809  0.14384602]
[-0.24962498 -0.08153647  0.14238809]
[-0.2504286  -0.08053415  0.14066882]
[-0.25400508 -0.07566419  0.12447805]
[-0.25465704 -0.07406108  0.12089393]
[-0.256948   -0.07371815  0.10800729]
[-0.25812774 -0.07416447  0.10501791]
[-0.26285893 -0.07716323  0.10163785]
[-0.26377201 -0.07765694  0.10006116]
[-0.26654519 -0.0786194   0.09596572]
[-0.2678117  -0.07946087  0.09355694]
[-0.26913551 -0.08058816  0.09096092]
[-0.27017594 -0.08248304  0.08835723]
[-0.27108416 -0.0844456   0.08564499]
[-0.27582432 -0.0968404   0.07583747]
[-0.27610161 -0.09906786  0.0744485 ]
[-0.27667565 -0.10237839  0.07183197]
[-0.27671651 -0.10330565  0.06998945]
[-0.27641692 -0.10415805  0.06807222]
[-0.27583917 -0.10573117  0.06411868]
[-0.27550399 -0.1064937   0.06249113]
[-0.27510651 -0.10720973  0.06113347]
[-0.27466501 -0.1083418   0.05648036]
[-0.27476972 -0.10860541  0.0555619 ]
[-0.27481631 -0.10821924  0.05508052]
[-0.27505814 -0.10520647  0.05515425]
[-0.27412944 -0.10461614  0.05372979]
[-0.27341993 -0.10386725  0.05236285]
[-0.27319916 -0.10196784  0.04904159]
[-0.27526309 -0.10113594  0.04519665]
[-0.27623246 -0.10034722  0.04461405]
[-0.26742873 -0.10130583  0.03258979]
[-0.26561532 -0.10201293  0.02893334]
[-0.26453597 -0.103061    0.02497666]
[-0.2638201  -0.10521761  0.01589654]
[-0.26459173 -0.10612271  0.01187028]
[-0.26807807 -0.10547558  0.00510984]
[-0.27054788 -0.10453656  0.00179832]
[-0.27720835 -0.10312635 -0.01028906]
[-0.28198754 -0.1030836  -0.0306632 ]
[-0.28160422 -0.10452392 -0.03485272]
[-0.2814241  -0.1056262  -0.03699185]
[-0.28249123 -0.10695696 -0.03924789]
[-0.28322765 -0.10806638 -0.04104467]
[-0.28344434 -0.10874888 -0.04279253]
[-0.28348196 -0.10930271 -0.04436717]
[-0.27960187 -0.11043287 -0.04512179]
[-0.27846605 -0.11061099 -0.04419233]
[-0.27644871 -0.10987229 -0.04286561]
[-0.27650485 -0.10900604 -0.04277867]
[-0.27791964 -0.10742186 -0.04301292]
[-0.27928177 -0.10653878 -0.04289627]
[-0.28105278 -0.10590056 -0.04231893]
[-0.28784547 -0.09742875 -0.03219498]
[-0.28821034 -0.09444124 -0.02916716]
[-0.28933091 -0.09371891 -0.02864129]
[-0.29301302 -0.09334189 -0.02726181]
[-0.29312005 -0.09320488 -0.02660007]
[-0.29299296 -0.09304091 -0.02594596]
[-0.29274007 -0.09310215 -0.02586471]
[-0.29183736 -0.09313935 -0.02587273]
[-0.28971812 -0.09381537 -0.02572868]
[-0.28694681 -0.09374753 -0.0294904 ]
[-0.28521183 -0.09692148 -0.02625217]
[-0.2840058  -0.09600034 -0.02613872]
[-0.28371687 -0.0957146  -0.02637131]
[-0.28381581 -0.09400241 -0.02625899]
[-0.28425237 -0.09411064 -0.02655764]
[-0.28527876 -0.09348143 -0.02710769]
[-0.28991643 -0.08619215 -0.02409323]
[-0.2897896  -0.08579601 -0.02325621]
[-0.2895821  -0.08630025 -0.02296637]
[-0.28860065 -0.08745105 -0.02261382]
[-0.28670065 -0.08925654 -0.02230688]
[-0.28125235 -0.09168131 -0.02085507]
[-0.27921897 -0.09233127 -0.02037735]
[-0.27668537 -0.09215176 -0.01977544]
[-0.27202282 -0.09156725 -0.01874022]
[-0.26918227 -0.09145372 -0.01735657]
[-0.26351046 -0.08730866 -0.01128379]
[-0.26377669 -0.08611277 -0.01018882]
[-0.26491492 -0.0831109  -0.00772459]
[-0.2652602  -0.08119985 -0.00637829]
[-0.26616579 -0.07907205 -0.00442574]
[-0.26572739 -0.06700729  0.017491  ]
[-0.26460539 -0.06262973  0.02293658]
[-0.26194027 -0.05478549  0.04863578]
[-0.26256102 -0.05578936  0.05326951]
[-0.26400865 -0.05745069  0.06082616]
[-0.26364797 -0.05716671  0.06419694]
[-0.26005481 -0.05498959  0.07079596]
[-0.25786411 -0.05316917  0.07385523]
[-0.25508636 -0.04902662  0.07805   ]
[-0.25384399 -0.04701905  0.07964722]
[-0.25375974 -0.03845885  0.08202141]
[-0.25338889 -0.03708552  0.08305006]
[-0.2527552  -0.03594023  0.08405584]
[-0.25191224 -0.03495719  0.08519289]
[-0.25055854 -0.03372491  0.08592489]
[-0.24479254 -0.02376395  0.09924553]
[-0.24530092 -0.02248758  0.10128194]
[-0.24512052 -0.02120383  0.10184513]
[-0.24574062 -0.01892263  0.10388637]
[-0.2467719  -0.01402732  0.10795871]
[-0.24523306 -0.00190953  0.10856973]
[-0.24464879  0.00064407  0.10889236]
[-0.24461109  0.00571638  0.10935437]
[-0.24332572  0.01064433  0.11069734]
[-0.24202915  0.01183798  0.11110764]
[-0.24056292  0.01309108  0.11156508]
[-0.23675347  0.01773478  0.11311086]
[-0.23572675  0.01810163  0.11377997]
[-0.23524212  0.01832557  0.115407  ]
[-0.23053053  0.01915551  0.11545265]
[-0.22638038  0.0208001   0.11393106]
[-0.22658783  0.02099142  0.11353525]
[-0.22759621  0.0207258   0.11329863]
[-0.22849779  0.02023794  0.11253972]
[-0.22874278  0.01966015  0.11149222]
[-0.22731131  0.01871538  0.10964546]
[-0.22698579  0.01768865  0.10854495]
[-0.22665283  0.01466728  0.1047277 ]
[-0.22654156  0.012809    0.10240207]
[-0.2265579   0.01073673  0.09965476]
[-0.22670709  0.00894178  0.09680794]
[-0.2363781  -0.00314553  0.07118946]
[-0.23755469 -0.00500777  0.06749022]
[-0.24082666 -0.01001819  0.05821382]
[-0.24235831 -0.01303156  0.05379047]
[-0.24346367 -0.01666995  0.04790951]
[-0.24360937 -0.02104721  0.04241161]
[-0.24484167 -0.03073339  0.03154819]
[-0.24741812 -0.03612141  0.02765157]
[-0.25381789 -0.04665012  0.0215379 ]
[-0.258502   -0.08032708  0.00137419]
[-0.26020359 -0.08479181 -0.00080427]
[-0.26215757 -0.089203   -0.00269369]
[-0.26450843 -0.09375895 -0.00509802]
[-0.26670368 -0.09876849 -0.00740525]
[-0.28033268 -0.13715731 -0.02540059]
[-0.28313705 -0.14160879 -0.02687018]
[-0.28575056 -0.14591417 -0.02768526]
[-0.28747621 -0.1498847  -0.02807054]
[-0.28946266 -0.15335527 -0.02812997]
[-0.29435194 -0.1590434  -0.02888772]
[-0.32759679 -0.16559306 -0.01631165]
[-0.33161625 -0.16279723 -0.01412814]
[-0.33375608 -0.16097607 -0.0115336 ]
[-0.33342467 -0.15910004 -0.00921765]
[-0.32765231 -0.15792741 -0.00595678]
[-0.3247904  -0.15686506 -0.00558555]
[-0.32268978 -0.15610325 -0.00510765]
[-0.32264436 -0.1544513  -0.00046245]
[-0.3237041  -0.15431683  0.00050444]
[-0.32651415 -0.14937951  0.01444302]
[-0.32651415 -0.14937951  0.01444302]
[-0.32544821 -0.14779644  0.01579602]
[-0.32366982 -0.13545211  0.01415604]
[-0.31230534 -0.11683478  0.02434513]
[-0.31181754 -0.11245634  0.02603697]
[-0.3092488  -0.10520171  0.02926023]
[-0.30415041 -0.09583047  0.03460582]
[-0.30293531 -0.09312066  0.03563314]
[-0.30108001 -0.08825336  0.0374574 ]
[-0.30163417 -0.08595375  0.03888259]
[-0.30169826 -0.08333065  0.04074654]
[-0.30235592 -0.08006839  0.04262378]
[-0.29991587 -0.06045889  0.05239866]
[-0.29990295 -0.05450642  0.05568241]
[-0.29094952 -0.03913704  0.06958698]
[-0.28864964 -0.03617078  0.07242186]
[-0.28689245 -0.03291043  0.07539044]
[-0.28368556 -0.02521319  0.082075  ]
[-0.28438216 -0.02141397  0.08471829]
[-0.28547157 -0.01943148  0.08664022]
[-0.28712068 -0.01751367  0.08974855]
[-0.28936411 -0.01563947  0.09263777]
[-0.2965296  -0.01164849  0.09822002]
[-0.29824377 -0.0098591   0.09976869]
[-0.29985454 -0.00773802  0.10115478]
[-0.30065114 -0.00610938  0.10210105]
[-0.30396608 -0.00438474  0.10458347]
[-0.30155506  0.00521848  0.11238859]
[-0.30166867  0.00681509  0.11484759]
[-0.3015753   0.00821703  0.11710493]
[-0.30030982  0.01112016  0.12048439]
[-0.30065655  0.01273642  0.1225466 ]
[-0.30196232  0.01480232  0.12468971]
[-0.30322818  0.01704232  0.12649883]
[-0.30672961  0.02893867  0.1355212 ]
[-0.3071109   0.03254439  0.13804597]
[-0.30653098  0.03511474  0.14029913]
[-0.30478757  0.04216553  0.15222839]
[-0.30702946  0.04587366  0.15891054]
[-0.30702946  0.04587366  0.15891054]
[-0.31160823  0.05227196  0.16373993]
[-0.31202408  0.05340242  0.16327329]
[-0.31339213  0.0542306   0.16175835]
[-0.31356023  0.05385191  0.16029553]
[-0.30866038  0.05105768  0.15207663]
[-0.30659185  0.0501733   0.14967556]
[-0.30581709  0.04889011  0.14547463]
[-0.30984008  0.05117264  0.13683358]
[-0.3097358   0.05413208  0.13445924]
[-0.31044238  0.05462098  0.13334143]
[-0.31017061  0.05364792  0.13087548]
[-0.31138376  0.05026074  0.12072918]
[-0.31137326  0.04588081  0.10650291]
[-0.30853462  0.0381226   0.08170737]
[-0.31049579  0.03042422  0.0688815 ]
[-0.31049579  0.03042422  0.0688815 ]
[-0.31244817  0.02590779  0.06524929]
[-0.31412665  0.02207309  0.0624936 ]
[-0.31604885  0.01609159  0.05688907]
[-0.31466294  0.01014836  0.03765073]
[-0.31503362  0.00891709  0.03634131]
[-0.31575968  0.00805184  0.03584939]
[-0.31657971  0.00711476  0.03535094]
[-0.31914968  0.00564863  0.03316919]
[-0.31418943 -0.00414036  0.02516206]
[-0.31155617 -0.00517461  0.02401595]
[-0.30915678 -0.00594897  0.02247086]
[-0.30468231 -0.00984533  0.0137505 ]
[-0.30545654 -0.01721481  0.00589233]
[-0.30545654 -0.01721481  0.00589233]
[-0.3088071  -0.02474144 -0.00180873]
[-0.30886109 -0.0298607  -0.00866115]
[-0.31059484 -0.04249167 -0.02581292]
[-0.3160957  -0.04615511 -0.03204932]
[-0.3160957  -0.04615511 -0.03204932]
[-0.32151974 -0.05133199 -0.03798846]
[-0.32222282 -0.05475015 -0.04014941]
[-0.32245416 -0.05868626 -0.04243464]
[-0.3358885  -0.07613137 -0.05430709]
[-0.33707156 -0.07988494 -0.05660215]
[-0.33791294 -0.08384025 -0.05888428]
[-0.33109149 -0.10013013 -0.06445695]
[-0.32482066 -0.10727723 -0.06674725]
[-0.32250805 -0.11003537 -0.06844786]
[-0.32151673 -0.11684554 -0.07357914]
[-0.32152239 -0.11846389 -0.07442538]
[-0.32162806 -0.11932728 -0.07542724]
[-0.32100568 -0.11894268 -0.07449601]
[-0.32044753 -0.11699904 -0.07164933]
[-0.3201937  -0.11617204 -0.07074098]
[-0.32069782 -0.11558399 -0.06964716]
[-0.33040679 -0.10622457 -0.06065534]
[-0.33032427 -0.10327797 -0.0593148 ]
[-0.32865908 -0.10300263 -0.05969943]
[-0.32721196 -0.10253403 -0.05971901]
[-0.31627169 -0.09952126 -0.05644204]
[-0.31954243 -0.10527314 -0.06322983]
[-0.31954243 -0.10527314 -0.06322983]
[-0.31824701 -0.10713837 -0.06022378]
[-0.32231752 -0.11795945 -0.07775676]
[-0.32387189 -0.1201765  -0.08394848]
[-0.32798327 -0.12371639 -0.0985934 ]
[-0.3295283  -0.12647852 -0.10849665]
[-0.3323712  -0.13126029 -0.13523351]
[-0.33456426 -0.13412395 -0.15236895]
[-0.33696821 -0.13659517 -0.17024677]
[-0.33231642 -0.15004757 -0.22803605]
[-0.33014286 -0.15157361 -0.24514295]
[-0.32870487 -0.15053469 -0.25284931]
[-0.32757665 -0.14939657 -0.26081654]
[-0.32651607 -0.14967352 -0.27496749]
[-0.32690854 -0.15049593 -0.28873366]
[-0.32661645 -0.14930511 -0.3000907 ]
[-0.32664555 -0.14852838 -0.30482179]
[-0.32650996 -0.14776199 -0.30869719]
[-0.32503771 -0.14695655 -0.31445771]
[-0.3248572  -0.14770247 -0.3157618 ]
[-0.32613743 -0.14972274 -0.31301677]
[-0.32659201 -0.15057896 -0.31145832]
[-0.32877267 -0.15170118 -0.30630228]
[-0.33037884 -0.15160243 -0.30263028]
[-0.35233797 -0.14776091 -0.2953108 ]
[-0.35691676 -0.11989625 -0.20998813]
[-0.35600344 -0.11420259 -0.19339748]
[-0.35126568 -0.09554287 -0.13931155]
[-0.34060083 -0.08520915 -0.11134978]
[-0.33825911 -0.07857203 -0.09973238]
[-0.3369261  -0.07198168 -0.08802824]
[-0.33418424 -0.05651933 -0.06720107]
[-0.33152954 -0.04943845 -0.05701748]
[-0.3289162  -0.04174859 -0.04783404]
[-0.32055137 -0.01766849 -0.01857473]
[-0.31210094 -0.00300939 -0.00459262]
[-0.31210094 -0.00300939 -0.00459262]
[-0.31027096  0.00159583 -0.00061835]
[-0.30673764  0.00959957  0.00829992]
[-0.30558907  0.01399965  0.01180287]
[-0.30590544  0.02031209  0.01558341]
[-0.30384349  0.04940313  0.03535489]
[-0.30257283  0.05243154  0.03946431]
[-0.30085368  0.05519656  0.04379895]
[-0.30181077  0.06733495  0.0621199 ]
[-0.30297081  0.07290517  0.07102879]
[-0.30255116  0.07531615  0.07537279]
[-0.29981318  0.08248751  0.08531433]
[-0.2973543   0.08839109  0.09004291]
[-0.29537734  0.1013058   0.10224701]
[-0.29313875  0.10751974  0.10858056]
[-0.29313194  0.11095531  0.11164079]
[-0.2935301   0.11426847  0.11473059]
[-0.2946863   0.12194051  0.12067406]
[-0.29307033  0.12387559  0.12174628]
[-0.28575979  0.12681426  0.12373179]
[-0.28575979  0.12681426  0.12373179]
[-0.28185132  0.12768184  0.12559877]
[-0.27881908  0.12813546  0.12719347]
[-0.26236171  0.13134566  0.13488887]
[-0.26706109  0.12983878  0.14482814]
[-0.27012525  0.13157722  0.14483103]
[-0.27093356  0.1324366   0.14379397]
[-0.27158654  0.13336381  0.14307441]
[-0.2734888   0.13369767  0.13976125]
[-0.27407819  0.13331169  0.13765834]
[-0.27345723  0.13016608  0.1348445 ]
[-0.27254116  0.12687136  0.13604358]
[-0.27411627  0.12429588  0.13612071]
[-0.27928744  0.11800626  0.12888329]
[-0.27998493  0.11638185  0.12691587]
[-0.2817028   0.11351956  0.12274793]
[-0.28222516  0.11186152  0.12127119]
[-0.28272431  0.10982794  0.12002142]
[-0.28244852  0.10483298  0.10686903]
[-0.28279803  0.10262355  0.10566402]
[-0.28898635  0.09007631  0.09859819]
[-0.28940039  0.08871003  0.09677412]
[-0.29857343  0.07455142  0.08050139]
[-0.29960891  0.07371712  0.0793453 ]
[-0.30006867  0.07272736  0.07827128]
[-0.30224735  0.06881829  0.069925  ]
[-0.30689647  0.0635368   0.06190673]
[-0.30589046  0.06215734  0.0613095 ]
[-0.30521534  0.06113179  0.06115859]
[-0.31113865  0.05522594  0.05512077]
[-0.31016473  0.05335941  0.05146274]
[-0.30842107  0.05203575  0.05017131]
[-0.30710321  0.05116235  0.04956902]
[-0.30654811  0.05006385  0.04831715]
[-0.30844034  0.05021573  0.04526123]
[-0.30931186  0.05021178  0.04334225]
[-0.30975502  0.05014449  0.04119945]
[-0.3103557   0.0499863   0.03910126]
[-0.31081639  0.0495574   0.03659264]
[-0.31091806  0.04911292  0.03408992]
[-0.31112636  0.04016138 -0.02744976]
[-0.31112636  0.04016138 -0.02744976]
[-0.31130623  0.03926536 -0.02831612]
[-0.31102688  0.03850332 -0.02865119]
[-0.30923133  0.03559783 -0.03038383]
[-0.3093045   0.03503358 -0.03112364]
[-0.30969916  0.03501163 -0.03178052]
[-0.31051474  0.03469472 -0.03270787]
[-0.31033621  0.03460728 -0.03319005]
[-0.30873268  0.0332849  -0.03086919]
[-0.3088967   0.03327216 -0.03024887]
[-0.30962681  0.03396758 -0.03055829]
[-0.31045646  0.03452739 -0.03090416]
[-0.30958335  0.03450634 -0.02913675]
[-0.30931763  0.03464877 -0.02805104]
[-0.31575274  0.03677791 -0.01643974]
[-0.31604902  0.03823321 -0.01385299]
[-0.31442952  0.04493056 -0.00428064]
[-0.31382653  0.04557985 -0.00115939]
[-0.3074463   0.04982788  0.0134104 ]
[-0.30587975  0.05307301  0.01587875]
[-0.31019776  0.06598838  0.02658673]
[-0.30394343  0.07576168  0.03854876]
[-0.29685914  0.07876786  0.04593859]
[-0.28950333  0.07596694  0.04444459]
[-0.28617943  0.07440859  0.0436475 ]
[-0.28319747  0.07275759  0.04288374]
[-0.28079597  0.07109721  0.04237468]
[-0.27659508  0.06767005  0.04146305]
[-0.27539141  0.05067365  0.03072854]
[-0.27454399  0.0478202   0.02863013]
[-0.27328225  0.04530081  0.0269927 ]
[-0.27210064  0.04323926  0.02541598]
[-0.26781242  0.03796279  0.02160137]
[-0.24605632 -0.001842   -0.00496867]
[-0.24296859 -0.00477974 -0.00684091]
[-0.23963489 -0.01040458 -0.01079537]
[-0.23909622 -0.01330439 -0.01272428]
[-0.2403369  -0.019659   -0.01664975]
[-0.24036769 -0.02306087 -0.01863365]
[-0.2407961  -0.03093899 -0.023195  ]
[-0.24244683 -0.03536318 -0.02496812]
[-0.24470258 -0.04008371 -0.02707638]
[-0.24690683 -0.04486136 -0.02939298]
[-0.24875441 -0.04931043 -0.03120128]
[-0.26560018 -0.06872731 -0.04274816]
[-0.27435254 -0.07553282 -0.04833438]
[-0.27688769 -0.07944681 -0.05211735]
[-0.2791275  -0.09392747 -0.06997763]
[-0.27933284 -0.09941666 -0.07659703]
[-0.27934335 -0.10163718 -0.08036645]
[-0.28025936 -0.10501373 -0.08973552]
[-0.28071805 -0.10657033 -0.09430105]
[-0.28388905 -0.10846943 -0.10184636]
[-0.29547192 -0.11206855 -0.11236302]
[-0.29233087 -0.10877497 -0.10934463]
[-0.28920732 -0.10872945 -0.10800937]
[-0.28801068 -0.10877784 -0.10674284]
[-0.28831906 -0.10893377 -0.10515866]
[-0.29452405 -0.10527909 -0.10189214]
[-0.29656231 -0.1036761  -0.10094745]
[-0.29811683 -0.10249733 -0.09979147]
[-0.29941895 -0.10098764 -0.09836221]
[-0.30096037 -0.09779573 -0.09374593]
[-0.30095377 -0.09592599 -0.09163637]
[-0.30113197 -0.09408632 -0.08980471]
[-0.30111251 -0.07906233 -0.07668399]
[-0.3015739  -0.07385383 -0.07232767]
[-0.33725367 -0.04203693 -0.04713122]
[-0.34137156 -0.03728861 -0.04189616]
[-0.34717135 -0.01667448 -0.02629403]
[-0.34595283 -0.01369727 -0.02425034]
[-0.34428539 -0.01059623 -0.02254703]
[-0.34255899 -0.00740655 -0.02104785]
[-3.42299783e-01  2.85353424e-04 -1.72619224e-02]
[-0.33989868  0.00799745 -0.01331287]
[-0.3400405   0.00972928 -0.01188658]
[-0.33960716  0.01234105 -0.00869614]
[-0.33795881  0.01627514 -0.00791425]
[-0.33816885  0.01911586 -0.0084331 ]
[-0.33287218  0.03111703 -0.00719632]
[-0.33201178  0.03601074 -0.00585387]
[-0.32871726  0.04534081 -0.00053043]
[-0.3301839   0.05025876  0.0030192 ]
[-0.3317324   0.05332527  0.00557426]
[-0.33375462  0.06451064  0.01370477]
[-0.33365695  0.06718182  0.01433551]
[-0.33339431  0.06976985  0.01502795]
[-0.33371084  0.07735804  0.01983544]
[-0.33329304  0.07998511  0.02205878]
[-0.32872837  0.08625321  0.03513487]
[-0.32700562  0.08638719  0.03939793]
[-0.32478503  0.08762168  0.04802458]
[-0.32429125  0.08867989  0.05137322]
[-0.32552449  0.09007219  0.05444723]
[-0.32807806  0.09204947  0.05708984]
[-0.33864542  0.10489987  0.06828335]
[-0.33906708  0.10559386  0.06882702]
[-0.33957369  0.10602745  0.06883563]
[-0.33923698  0.10646609  0.06862462]
[-0.33949822  0.10716418  0.06825179]
[-0.36107793  0.11063673  0.06357945]
[-0.36168666  0.11062732  0.06347828]
[-0.36118356  0.11055601  0.06345878]
[-0.35714311  0.1107315   0.06494302]
[-0.35385298  0.11081505  0.06490547]
[-0.35385298  0.11081505  0.06490547]
[-0.35368165  0.11068816  0.06536512]
[-0.35340241  0.10958534  0.06582258]
[-0.35377664  0.10823688  0.0664055 ]
[-0.35531064  0.10491751  0.06715288]
[-0.34653428  0.09744141  0.06172708]
[-0.34532587  0.09679679  0.06006248]
[-0.34518666  0.09687757  0.05721807]
[-0.34929931  0.0982519   0.05492838]
[-0.35198955  0.0986469   0.05397251]
[-0.35721132  0.09729405  0.05278375]
[-0.35902887  0.09543201  0.05411218]
[-0.36031581  0.09370798  0.05532888]
[-0.3608033   0.09241659  0.05662364]
[-0.36054986  0.09043918  0.05588628]
[-0.35892741  0.0838892   0.04464437]
[-0.35912386  0.08167002  0.04295961]
[-0.36000977  0.07698142  0.04112123]
[-0.35957485  0.07427137  0.03987053]
[-0.35928317  0.07185283  0.03877364]
[-0.36511862  0.05701106  0.0227059 ]
[-0.36604784  0.05317057  0.01658598]
[-0.36280044  0.05002533  0.01179363]
[-0.36241941  0.0446149   0.00557407]
[-0.36305858  0.04073213  0.00243578]
[-0.36275871  0.02553578 -0.00655123]
[-0.35910862  0.01822951 -0.01261726]
[-0.3577471   0.01575073 -0.01463301]
[-0.35906046  0.01075316 -0.01885042]
[-0.35971961  0.00883622 -0.02083737]
[-0.3421881  -0.00864744 -0.03250971]
[-0.34125839 -0.01046341 -0.03352067]
[-0.3403832  -0.0122503  -0.03451816]
[-0.33906587 -0.01367124 -0.03554559]
[-0.33614003 -0.01480334 -0.03750151]
[-0.33461105 -0.0145917  -0.03806816]
[-0.334121   -0.01402066 -0.03836816]
[-0.33364334 -0.01350355 -0.03656327]
[-0.33264146 -0.01377863 -0.03559569]
[-0.33030737 -0.01437753 -0.03497666]
[-0.32375769 -0.0203141  -0.04585441]
[-0.32396158 -0.02219957 -0.04678158]
[-0.32084931 -0.0288317  -0.05056136]
[-0.32124593 -0.02884446 -0.05152033]
[-0.32023684 -0.03106795 -0.05242743]
[-0.31844192 -0.0318181  -0.05240697]
[-0.30674205 -0.03706567 -0.05164758]
[-0.30501136 -0.03816563 -0.05096243]
[-0.30351762 -0.03922918 -0.05014948]
[-0.3021771  -0.04077784 -0.04739439]
[-0.30308137 -0.04116103 -0.04628718]
[-0.30714823 -0.04073994 -0.0435048 ]
[-0.31053714 -0.03979004 -0.0414158 ]
[-0.31398555 -0.03837876 -0.03951476]
[-0.31996188 -0.02262402 -0.02370718]
[-0.32545716  0.00080546 -0.01773482]
[-0.32749099  0.00624505 -0.01544655]
[-0.33914044  0.02368906 -0.00282145]
[-0.34134542  0.04912353  0.01158646]
[-0.34265805  0.05328718  0.014104  ]
[-0.34259158  0.05732086  0.01683941]
[-0.33797225  0.06874759  0.03449028]
[-0.33787213  0.069882    0.04069212]
[-0.33818226  0.07073027  0.04658196]
[-0.33885681  0.07341898  0.05493411]
[-0.33887363  0.07708149  0.06056577]
[-0.33857712  0.07891461  0.06276253]
[-0.33858588  0.0806542   0.06475619]
[-0.33635541  0.08380501  0.06956376]
[-0.33440343  0.08509067  0.07153538]
[-0.33368702  0.08546925  0.07196821]
[-0.33237694  0.0858411   0.07176919]
[-0.32965527  0.08565677  0.07033949]
[-0.32868365  0.08576665  0.07003678]
[-0.32835388  0.08568514  0.07006696]
[-0.32872798  0.0852934   0.07003531]
[-0.32930819  0.08490853  0.06979506]
[-0.33004917  0.08461539  0.0692101 ]
[-0.33191855  0.08457124  0.06875011]
[-0.33666784  0.08505096  0.06714272]
[-0.34243869  0.08475436  0.06454531]
[-0.34418389  0.08437925  0.06373011]
[-0.34766867  0.08455051  0.06292481]
[-0.36049948  0.08983571  0.07015563]
[-0.37095272  0.09640369  0.08136772]
[-0.38592953  0.1104129   0.11418436]
[-0.39698907  0.12017246  0.1338366 ]
[-0.40150567  0.12473452  0.14255616]
[-0.40598487  0.12869875  0.14945772]
[-0.4092172   0.13515706  0.16453163]
[-0.40939795  0.1368698   0.16878863]
[-0.40956443  0.13873212  0.17328888]
[-0.40888827  0.14045653  0.17821486]
[-0.40768191  0.14196019  0.18285032]
[-0.4064874   0.14490396  0.19365148]
[-0.39575508  0.15471748  0.21993819]
[-0.38920821  0.15980573  0.22668999]
[-0.38887241  0.16104528  0.22683389]
[-0.37722693  0.1606133   0.23093754]
[-0.37319056  0.15935868  0.23182349]
[-0.36941905  0.15794452  0.2320005 ]
[-0.35761904  0.15167516  0.22907184]
[-0.36799956  0.14162503  0.22412525]
[-0.36591653  0.13892351  0.22150996]
[-0.36413612  0.13621096  0.21940427]
[-0.36258882  0.13362943  0.21764868]
[-0.36205874  0.131317    0.21634927]
[-0.35913549  0.12583865  0.20828485]
[-0.35913549  0.12583865  0.20828485]
[-0.35826481  0.12137051  0.20119977]
[-0.35849095  0.11571465  0.19530684]
[-0.35110688  0.08651511  0.15904889]
[-0.35087661  0.08223618  0.15034483]
[-0.34729199  0.06901661  0.13483515]
[-0.34587703  0.05983883  0.12593608]
[-0.34678678  0.05046509  0.11669635]
[-0.34835402  0.04313817  0.10773448]
[-0.35112756  0.03120605  0.08883274]
[-0.35363978  0.01153736  0.06016737]
[-0.35562758  0.00352179  0.04847153]
[-3.56465527e-01  1.28860280e-04  4.20277268e-02]
[-0.35263003 -0.02024552  0.02056816]
[-0.34344227 -0.03766094 -0.00511777]
[-0.34104381 -0.04125244 -0.00885917]
[-0.33885615 -0.04480882 -0.01241018]
[-0.33452635 -0.05819218 -0.02163396]
[-0.33229285 -0.0644292  -0.02663011]
[-0.33181738 -0.0716784  -0.03797213]
[-0.33257979 -0.07459608 -0.04349058]
[-0.33254209 -0.07613049 -0.04582532]
[-0.33242607 -0.07798337 -0.04817379]
[-0.33190174 -0.07985669 -0.04995859]
[-0.33091741 -0.08208339 -0.05214359]
[-0.33153332 -0.1007665  -0.07204469]
[-0.33038376 -0.11490732 -0.08448147]
[-0.33032536 -0.11700124 -0.0862098 ]
[-0.33109791 -0.11880822 -0.08797396]
[-0.33273593 -0.12083068 -0.08958595]
[-0.34016206 -0.12685883 -0.09859166]
[-0.34266824 -0.12861453 -0.10381559]
[-0.34870134 -0.1541241  -0.15222482]
[-0.34870134 -0.1541241  -0.15222482]
[-0.3518207  -0.15885292 -0.16229986]
[-0.36000022 -0.16617088 -0.18027215]
[-0.36457908 -0.17247272 -0.19464672]
[-0.36536438 -0.17490762 -0.20107464]
[-0.36675999 -0.17710793 -0.20630667]
[-0.37299781 -0.18258229 -0.21931104]
[-0.37397307 -0.18252079 -0.2211725 ]
[-0.37558765 -0.18225446 -0.22308777]
[-0.37951642 -0.18185149 -0.22736202]
[-0.38045672 -0.18179798 -0.22886351]
[-0.38142453 -0.18238591 -0.23078367]
[-0.38142453 -0.18238591 -0.23078367]
[-0.38107497 -0.18298511 -0.23079059]
[-0.39787658 -0.17770322 -0.23074149]
[-0.40117114 -0.1757132  -0.23004016]
[-0.39041945 -0.18052381 -0.23248842]
[-0.38917657 -0.18050693 -0.23275723]
[-0.38668145 -0.1815653  -0.23296095]
[-0.38632491 -0.18088019 -0.23326604]
[-0.38546    -0.17902178 -0.2323896 ]
[-0.38498823 -0.17471713 -0.23137967]
[-0.38426247 -0.17288777 -0.23076244]
[-0.38354781 -0.17210031 -0.22992465]
[-0.38396158 -0.17144644 -0.22914512]
[-0.38747891 -0.16666541 -0.22394748]
[-0.3883887  -0.16451223 -0.2215196 ]
[-0.38864797 -0.16224943 -0.2188758 ]
[-0.38916903 -0.15925224 -0.21522593]
[-0.38922865 -0.15679537 -0.21153285]
[-0.38866373 -0.15406409 -0.20762934]
[-0.38769458 -0.1488443  -0.20064209]
[-0.38686332 -0.1459398  -0.19689143]
[-0.38612189 -0.14316384 -0.1930895 ]
[-0.38342429 -0.13845843 -0.18556479]
[-0.38272921 -0.13651703 -0.18310936]
[-0.38196021 -0.13432108 -0.18138552]
[-0.38127608 -0.12493104 -0.17510827]
[-0.37993635 -0.12071709 -0.17258412]
[-0.37849961 -0.1068636  -0.16093405]
[-0.37806054 -0.1044368  -0.15803736]
[-0.37762407 -0.10216486 -0.1546517 ]
[-0.38013866 -0.0927224  -0.14928123]
[-0.38008406 -0.09097513 -0.14817756]
[-0.38054506 -0.08904921 -0.14609747]
[-0.37819416 -0.08136677 -0.12956712]
[-0.35667706 -0.06663168 -0.11378448]
[-0.35353872 -0.06360426 -0.10936223]
[-0.34685121 -0.05765688 -0.10043062]
[-0.34371289 -0.05414218 -0.09578571]
[-0.34177921 -0.05054577 -0.09105074]
[-0.34101144 -0.04698732 -0.08612443]
[-0.3426073  -0.04060977 -0.07809372]
[-0.35509671 -0.02891297 -0.06059432]
[-0.35926197 -0.02317805 -0.05074042]
[-0.35776711 -0.0160764  -0.0422055 ]
[-0.35696488 -0.01171899 -0.03749494]
[-0.35650683 -0.00263458 -0.02854917]
[-0.35678285  0.00191413 -0.02340896]
[-0.34630933  0.02305839 -0.00069467]
[-0.33434234  0.03868901  0.00787494]
[-0.3315919   0.04367297  0.01268422]
[-0.33032828  0.04708475  0.01633866]
[-0.32907397  0.05450214  0.02715928]
[-0.32569606  0.06152486  0.03671516]
[-0.3238601   0.06464133  0.0425449 ]
[-0.31822107  0.07020662  0.06084646]
[-0.31455176  0.07393756  0.07130923]
[-0.31296676  0.07591183  0.07571588]
[-0.31107327  0.07788282  0.07884022]
[-0.31010959  0.07987094  0.08196915]
[-0.30764202  0.08365444  0.085752  ]
[-0.30670845  0.08508215  0.08784433]
[-0.30574057  0.08539472  0.08895717]
[-0.30511535  0.08593438  0.08987921]
[-0.3048188   0.08901502  0.09160651]
[-0.30699157  0.09462401  0.0945894 ]
[-0.30817116  0.09614278  0.09570695]
[-0.31174825  0.09507237  0.09779809]
[-0.31174825  0.09507237  0.09779809]
[-0.3152869   0.09509028  0.1030578 ]
[-0.3166161   0.09592163  0.10586339]
[-0.31765457  0.09729672  0.10761665]
[-0.3182104   0.09864639  0.10873909]
[-0.32089291  0.10260143  0.11102508]
[-0.32086115  0.10302901  0.11166385]
[-0.3224498   0.10357473  0.11241041]
[-0.32488441  0.10393964  0.11341787]
[-0.33155496  0.10412501  0.11552159]
[-0.33405542  0.10433263  0.11647677]
[-0.33576753  0.10477065  0.11718743]
[-0.3361928   0.10877439  0.12151887]
[-0.33555956  0.10954253  0.123096  ]
[-0.33589135  0.11142863  0.12986347]
[-0.33589838  0.11162266  0.13086911]
[-0.33970412  0.11281895  0.13486189]
[-0.33847014  0.11438178  0.13486794]
[-0.33370217  0.11917002  0.138989  ]
[-0.33035544  0.12100834  0.14193109]
[-0.3269824   0.1210939   0.15027466]
[-0.32553329  0.12048246  0.15688136]
[-0.3230285   0.11909813  0.17250253]
[-0.32173412  0.11864465  0.18084426]
[-0.31923498  0.11903555  0.18946648]
[-0.31800176  0.12032899  0.19761392]
[-0.31783652  0.12473889  0.21187183]
[-0.31804755  0.12707318  0.21755305]
[-0.31783863  0.12908095  0.22185466]
[-0.31735072  0.13024203  0.22710612]
[-0.31644123  0.13029432  0.23189351]
[-0.31636419  0.13028303  0.23649362]
[-0.31689299  0.13002139  0.24419194]
[-0.31704506  0.13022663  0.24651401]
[-0.31563652  0.13015059  0.24940822]
[-0.31241033  0.12957534  0.24953347]
[-0.31055727  0.12841867  0.24857944]
[-0.31092268  0.12800132  0.24859983]
[-0.31170827  0.12834397  0.24931632]
[-0.31319317  0.12944523  0.25059986]
[-0.31535532  0.13226466  0.25217995]
[-0.31606936  0.13354515  0.25220156]
[-0.31606855  0.13425493  0.25185713]
[-0.31736668  0.13077089  0.24844189]
[-0.31642623  0.12910774  0.24606663]
[-0.31556922  0.1274678   0.24425755]
[-0.31436413  0.12354361  0.24153961]
[-0.31455778  0.12139728  0.24029699]
[-0.31525503  0.11980904  0.23894167]
[-0.31617633  0.11861095  0.23755866]
[-0.31681738  0.11802972  0.23643656]
[-0.31623141  0.1174861   0.23415683]
[-0.31455005  0.11689705  0.23226658]
[-0.31187084  0.11624046  0.22932819]
[-0.30870148  0.11430608  0.2255469 ]
[-0.30262131  0.11044984  0.21981363]
[-0.30053532  0.10782478  0.21722198]
[-0.2967319   0.10288689  0.21227853]
[-0.29535716  0.10008305  0.20888187]
[-0.29428744  0.09771466  0.20429343]
[-0.29387536  0.09390728  0.19554789]
[-0.29306413  0.09083821  0.18818477]
[-0.29244285  0.0893073   0.18460786]
[-0.29122878  0.08591065  0.17828922]
[-0.29121433  0.08424839  0.1756807 ]
[-0.29079137  0.08297064  0.17308223]
[-0.29036362  0.08168998  0.17040624]
[-0.28932419  0.08040593  0.16773175]
[-0.28758184  0.07911287  0.16450624]
[-0.28425028  0.07593977  0.15684029]
[-0.28245159  0.07435133  0.15251772]
[-0.28112284  0.07249707  0.14823143]
[-0.28006903  0.06761853  0.13852729]
[-0.28024749  0.06531815  0.13408889]
[-0.28114499  0.06299752  0.12980311]
[-0.28109209  0.06028222  0.12589811]
[-0.28076867  0.05698273  0.1212294 ]
[-0.28041461  0.0529745   0.1163764 ]
[-0.27935166  0.04535208  0.10662486]
[-0.27953255  0.04150824  0.10168598]
[-0.27975892  0.03790826  0.09667435]
[-0.27916851  0.03449751  0.09197557]
[-0.27821206  0.02796683  0.08414881]
[-0.27724835  0.0246896   0.08060553]
[-0.27709674  0.02156562  0.07689502]
[-0.27640354  0.01870645  0.07291344]
[-0.27362783  0.0133153   0.06411177]
[-0.27171222  0.01064288  0.05942462]
[-0.26913016  0.00430943  0.04937715]
[-0.26913016  0.00430943  0.04937715]
[-0.26812469  0.00118853  0.04458654]
[-0.26622567 -0.00166579  0.03989871]
[-0.26466024 -0.00761943  0.02989793]
[-0.26522795 -0.0107228   0.02572617]
[-0.26738861 -0.01374403  0.02139994]
[-0.27242553 -0.01953901  0.01341275]
[-0.27568584 -0.02217936  0.00916642]
[-0.28077584 -0.02513904  0.0052489 ]
[-0.28845393 -0.0275704   0.00078228]
[-0.29572521 -0.02765722 -0.00221401]
[-0.30152508 -0.0281674  -0.00639026]
[-0.3087716  -0.02922723 -0.01377706]
[-0.31088383 -0.03120013 -0.01805825]
[-0.31208813 -0.03563216 -0.02695398]
[-0.31208813 -0.03563216 -0.02695398]
[-0.31193485 -0.03813346 -0.03131013]
[-0.30987556 -0.04397166 -0.03889652]
[-0.30920377 -0.04727297 -0.04198862]
[-0.30897927 -0.05000785 -0.04521397]
[-0.30868045 -0.05256964 -0.04849509]
[-0.30752691 -0.05613536 -0.05526839]
[-0.30777221 -0.05906679 -0.06319292]
[-0.30890716 -0.06058195 -0.06768094]
[-0.30983215 -0.06191927 -0.07175501]
[-0.31034557 -0.06490854 -0.07786787]
[-0.31038057 -0.06679933 -0.080246  ]
[-0.31023964 -0.06928528 -0.08240022]
[-0.31021152 -0.07182793 -0.08407871]
[-0.31053663 -0.07406069 -0.08530457]
[-0.31091838 -0.07676306 -0.08816626]
[-0.31163415 -0.0782302  -0.09015813]
[-0.31299979 -0.08016639 -0.09277444]
[-0.31440202 -0.08261487 -0.09560897]
[-0.31655891 -0.0873247  -0.10077482]
[-0.31666198 -0.08896985 -0.10288152]
[-0.31622989 -0.09057285 -0.10473504]
[-0.3160195  -0.09205589 -0.10598341]
[-0.31574536 -0.09342049 -0.10656703]
[-0.31547084 -0.09492666 -0.10744502]
[-0.3152375  -0.09708211 -0.10845622]
[-0.31516013 -0.0982968  -0.10889591]
[-0.31564558 -0.09968291 -0.10884251]
[-0.31605909 -0.103221   -0.10734744]
[-0.31623436 -0.10452319 -0.10663429]
[-0.3161839  -0.1058647  -0.10627325]
[-0.31762811 -0.10830788 -0.10592505]
[-0.31913751 -0.10949048 -0.10629757]
[-0.32039715 -0.11040338 -0.10669781]
[-0.32318694 -0.11191046 -0.10833411]
[-0.32391965 -0.11264497 -0.10876769]
[-0.32459944 -0.11322265 -0.1089223 ]
[-0.32447735 -0.11426231 -0.10926038]
[-0.32403919 -0.11477484 -0.10938421]
[-0.32316696 -0.11490236 -0.10942464]
[-0.322325   -0.11487307 -0.10958092]
[-0.32179516 -0.11455468 -0.10953428]
[-0.3224121  -0.11343952 -0.11007677]
[-0.32332184 -0.11247013 -0.11032899]
[-0.32367952 -0.11147024 -0.11012642]
[-0.32358465 -0.11022062 -0.10934258]
[-0.32402866 -0.10793944 -0.1069573 ]
[-0.32487538 -0.10656045 -0.10548148]
[-0.32447065 -0.1035509  -0.1027756 ]
[-0.32447065 -0.1035509  -0.1027756 ]
[-0.32328884 -0.10171942 -0.10134094]
[-0.32220078 -0.09974312 -0.10007269]
[-0.321334   -0.09593212 -0.09736011]
[-0.32072648 -0.09413724 -0.09618092]
[-0.31989131 -0.09226264 -0.09501643]
[-0.31835053 -0.08803665 -0.09251571]
[-0.31773006 -0.08618532 -0.09137583]
[-0.31763005 -0.08447732 -0.08991344]
[-0.31772121 -0.08120923 -0.08598898]
[-0.31772121 -0.08120923 -0.08598898]
[-0.31764222 -0.07941339 -0.08385687]
[-0.31599987 -0.07682851 -0.078929  ]
[-0.31461448 -0.07603029 -0.07553306]
[-0.31056941 -0.07468869 -0.06684699]
[-0.31056941 -0.07468869 -0.06684699]
[-0.31024023 -0.07383991 -0.0607453 ]
[-0.31364318 -0.07422084 -0.06079981]
[-0.31681626 -0.07450493 -0.06259575]
[-0.31997086 -0.07445993 -0.06442562]
[-0.32486838 -0.07293597 -0.06510416]
[-0.32620116 -0.07231241 -0.06487237]
[-0.32730945 -0.07178871 -0.06420584]
[-0.32744942 -0.07146522 -0.06396674]
[-0.32461717 -0.07103126 -0.06342556]
[-0.32282699 -0.07008605 -0.06310993]
[-0.3214472  -0.06891737 -0.06265752]
[-0.32059815 -0.06712258 -0.06270197]
[-0.32098938 -0.06304272 -0.06292053]
[-0.32098938 -0.06304272 -0.06292053]
[-0.32190294 -0.05802841 -0.06214828]
[-0.32085822 -0.0552562  -0.06134171]
[-0.31912901 -0.0523952  -0.05964249]
[-0.31798966 -0.04965546 -0.05765703]
[-0.3179637  -0.04707175 -0.05533349]
[-0.31905932 -0.041962   -0.04985255]
[-0.31936581 -0.03975128 -0.0463899 ]
[-0.31893673 -0.03708053 -0.04162055]
[-0.31934922 -0.03121433 -0.03148318]
[-0.32039147 -0.02802927 -0.02666744]
[-0.32172673 -0.0251359  -0.02239392]
[-0.32361809 -0.02229255 -0.01869836]
[-0.32466158 -0.01953321 -0.01617944]
[-0.32682968 -0.01533866 -0.01505763]
[-0.33101954 -0.00561188 -0.0137078 ]
[-0.33195979 -0.00153347 -0.01202489]
[-0.33128346  0.00169304 -0.00878809]
[-0.327991    0.0050851  -0.00473549]
[-0.32127503  0.01094249  0.00290452]
[-0.31889682  0.01344134  0.00625632]
[-0.31658112  0.01570447  0.00865527]
[-0.30942629  0.02053543  0.01352007]
[-0.30572846  0.02309716  0.01506527]
[-0.30292764  0.02549763  0.01718553]
[-0.29693269  0.03110649  0.02065763]
[-0.29693269  0.03110649  0.02065763]
[-0.29278147  0.03462601  0.02239672]
[-0.28859448  0.03857213  0.02354016]
[-0.28361031  0.04759501  0.02578766]
[-0.28104002  0.05217606  0.02755976]
[-0.2787784  0.0564573  0.0290596]
[-0.27530443  0.06474172  0.03219018]
[-0.27570876  0.06862255  0.03339588]
[-0.27594223  0.07209019  0.03496913]
[-0.27465064  0.07685212  0.03714371]
[-0.27465064  0.07685212  0.03714371]
[-0.27345542  0.0807749   0.03815646]
[-0.27229703  0.08468405  0.03988374]
[-0.27102542  0.09138162  0.04429159]
[-0.26982349  0.0922427   0.04734669]
[-0.26809441  0.09269107  0.05054557]
[-0.26489578  0.09481976  0.05733036]
[-0.2642988   0.09712274  0.06060501]
[-0.26418691  0.09973964  0.06352809]
[-0.26429349  0.10462892  0.06850053]
[-0.26429349  0.10462892  0.06850053]
[-0.26394367  0.10824816  0.07169595]
[-0.26250252  0.11006369  0.07448355]
[-0.26175337  0.11046165  0.0760637 ]
[-0.26180832  0.11085758  0.07757976]
[-0.26326928  0.11149741  0.0799519 ]
[-0.26411247  0.11182957  0.08090755]
[-0.26503211  0.11217534  0.0819161 ]
[-0.26677132  0.11341391  0.08407126]
[-0.26741878  0.11418583  0.08503587]
[-0.26826505  0.1151428   0.08622867]
[-0.26946795  0.11618551  0.08767667]
[-0.26946795  0.11618551  0.08767667]
[-0.27097087  0.1164054   0.08860004]
[-0.27334123  0.11635602  0.08963803]
[-0.27755392  0.11780296  0.09450675]
[-0.2788434   0.11920644  0.09786428]
[-0.27974952  0.12115972  0.10168812]
[-0.2821198   0.12502518  0.1095929 ]
[-0.28338932  0.12687629  0.11300492]
[-0.28443834  0.1281562   0.11653354]
[-0.28603622  0.13012278  0.121049  ]
[-0.28603622  0.13012278  0.121049  ]
[-0.28638291  0.13127103  0.12286456]
[-0.28680789  0.13164926  0.12346193]
[-0.28735776  0.13178293  0.12349003]
[-0.2877198   0.13235776  0.12334623]
[-0.28869093  0.13501538  0.12306113]
[-0.28958545  0.136252    0.12353357]
[-0.29100128  0.13676706  0.12429471]
[-0.29402786  0.13640323  0.12543741]
[-0.29402786  0.13640323  0.12543741]
[-0.29712152  0.13538608  0.12505287]
[-0.30010326  0.13408279  0.12344087]
[-0.30132049  0.13343245  0.12214927]
[-0.30231654  0.13258688  0.12047404]
[-0.30234257  0.13121592  0.11748125]
[-0.30138544  0.1302662   0.11595076]
[-0.29989725  0.12952583  0.11500507]
[-0.29625385  0.12870595  0.11289407]
[-0.29537826  0.12873039  0.11163808]
[-0.29509942  0.12853581  0.1105539 ]
[-0.29644368  0.12583256  0.10770626]
[-0.29644368  0.12583256  0.10770626]
[-0.29729488  0.1235779   0.10650878]
[-0.29831385  0.12178964  0.10550421]
[-0.2986378   0.11862899  0.10462376]
[-0.29728659  0.11779334  0.10380564]
[-0.29471522  0.11689233  0.10308897]
[-0.28981706  0.11540281  0.10046383]
[-0.28823371  0.11423151  0.10002605]
[-0.28709822  0.11270645  0.09927081]
[-0.28410248  0.10991174  0.09834418]
[-0.28252929  0.10870676  0.09762842]
[-0.28252929  0.10870676  0.09762842]
[-0.28163365  0.10773824  0.09695145]
[-0.28133523  0.10644995  0.09628071]
[-0.28176039  0.10590908  0.09594139]
[-0.28183106  0.10551081  0.09596705]
[-0.28180414  0.10428189  0.095265  ]
[-0.28143158  0.103661    0.09507512]
[-0.28099654  0.10311628  0.09483617]
[-0.28145946  0.10249096  0.09364484]
[-0.28145946  0.10249096  0.09364484]
[-0.28150513  0.10555606  0.09083473]
[-0.27985711  0.10822117  0.08929708]
[-0.27896764  0.108706    0.08931154]
[-0.27934381  0.10979822  0.08990664]
[-0.28214146  0.11228372  0.0918991 ]
[-0.28437895  0.11249009  0.0941394 ]
[-0.28565917  0.11230965  0.09787466]
[-0.28634844  0.11206748  0.10313048]
[-0.28738702  0.11367574  0.11615495]
[-0.28945931  0.11520837  0.12217601]
[-0.29398596  0.11855182  0.13258155]
[-0.29526968  0.12012123  0.13759136]
[-0.2961799   0.12178688  0.14209287]
[-0.29718799  0.12510101  0.15014915]
[-0.29778046  0.12674193  0.15321957]
[-0.29782614  0.12839371  0.1559561 ]
[-0.2978039   0.13144524  0.16112524]
[-0.29790826  0.13265815  0.16334809]
[-0.29898807  0.13449265  0.16596359]
[-0.29898807  0.13449265  0.16596359]
[-0.29971565  0.13508877  0.16676185]
[-0.3005331   0.13521619  0.16761245]
[-0.2996488   0.13431031  0.16985968]
[-0.29811766  0.13366151  0.1702884 ]
[-0.29623165  0.13288786  0.16983193]
[-0.29376651  0.13125642  0.16707739]
[-0.29313763  0.13048096  0.16527496]
[-0.29303441  0.13017131  0.16337872]
[-0.29369261  0.12883921  0.15725054]
[-0.29369261  0.12883921  0.15725054]
[-0.29583598  0.12748176  0.14829543]
[-0.29733325  0.12677293  0.137297  ]
[-0.29733325  0.12677293  0.137297  ]
[-0.29784592  0.12678963  0.13058276]
[-0.29710161  0.12600839  0.12396508]
[-0.29619349  0.12151125  0.10936127]
[-0.29598902  0.11887011  0.10290373]
[-0.29525349  0.11656351  0.09621663]
[-0.29472304  0.11434589  0.0889561 ]
[-0.29400032  0.10840966  0.07249245]
[-0.2930871   0.10533134  0.06437681]
[-0.29053573  0.10207507  0.05742338]
[-0.28775986  0.09927437  0.05144641]
[-0.28660474  0.09654596  0.04619203]
[-0.28546716  0.09389631  0.04208956]
[-0.28409157  0.08863239  0.03462288]
[-0.28347693  0.08619876  0.03132808]
[-0.28256982  0.08403981  0.02818808]
[-0.28299118  0.08040506  0.02279778]
[-0.28348833  0.07839455  0.01977369]
[-0.2849443   0.07607692  0.01660016]
[-0.28664226  0.07017112  0.01024421]
[-0.28746683  0.06697392  0.00742629]
[-0.28798892  0.06315368  0.00420829]
[-0.28893984  0.05546668 -0.00243359]
[-0.28921767  0.05164675 -0.00566556]
[-0.28890916  0.04808276 -0.00855838]
[-0.28883527  0.04113305 -0.01385145]
[-0.28997413  0.03717587 -0.01748273]
[-0.29195529  0.03349419 -0.02163355]
[-0.29599675  0.02676212 -0.03067359]
[-0.2970298   0.02327167 -0.03478495]
[-0.29775616  0.01967041 -0.03847199]
[-0.29814723  0.01559188 -0.04216876]
[-0.29891145  0.01192709 -0.04527907]
[-0.2987235   0.00840611 -0.04852089]
[-0.2993126   0.00527808 -0.05147588]
[-0.3015756  -0.00100858 -0.0549917 ]
[-0.30363395 -0.00400063 -0.0563898 ]
[-0.30627907 -0.01505052 -0.06169187]
[-0.30490738 -0.01931701 -0.06375382]
[-0.30262757 -0.02330059 -0.06599599]
[-0.29994447 -0.0270485  -0.06826761]
[-0.29827055 -0.03035803 -0.07033968]
[-0.29652164 -0.03605988 -0.07467782]
[-0.29694859 -0.04123627 -0.07887863]
[-0.29715917 -0.04364735 -0.08012343]
[-0.29644408 -0.04639801 -0.0813043 ]
[-0.29465283 -0.05125633 -0.08289716]
[-0.2940797  -0.0537549  -0.08374254]
[-0.29432685 -0.05554844 -0.08427645]
[-0.29523192 -0.05953798 -0.08525667]
[-0.29523192 -0.05953798 -0.08525667]
[-0.2957666  -0.06134539 -0.08576632]
[-0.29588505 -0.06559864 -0.08628057]
[-0.2953422  -0.06754342 -0.08650827]
[-0.29506537 -0.06979048 -0.08635794]
[-0.29540839 -0.07165252 -0.08646512]
[-0.29760131 -0.0751534  -0.08755937]
[-0.29836521 -0.07623912 -0.08873043]
[-0.29883304 -0.07751885 -0.09032115]
[-0.29907378 -0.07859118 -0.09174706]
[-0.29895396 -0.08008432 -0.09280669]
[-0.29940989 -0.08158295 -0.09421577]
[-0.29979753 -0.08445207 -0.09718155]
[-0.29954884 -0.0858362  -0.0985081 ]
[-0.29897113 -0.08698159 -0.09956745]
[-0.2976852  -0.08898551 -0.1000329 ]
[-0.2973209  -0.08978669 -0.10018367]
[-0.29689152 -0.09054936 -0.09998377]
[-0.29621578 -0.09134465 -0.10016672]
[-0.29565161 -0.09206908 -0.10032043]
[-0.29471416 -0.09331508 -0.10067059]
[-0.29425217 -0.09385424 -0.10081653]
[-0.29357236 -0.09442343 -0.10080969]
[-0.29286236 -0.09454581 -0.10042265]
[-0.29368382 -0.094033   -0.09985826]
[-0.29490299 -0.09312402 -0.0989869 ]
[-0.29805917 -0.09087755 -0.09670467]
[-0.2993248  -0.08955153 -0.0954039 ]
[-0.30084197 -0.08785734 -0.09425085]
[-0.30118301 -0.08661686 -0.09346763]
[-0.30049601 -0.08361637 -0.09416682]
[-0.29893278 -0.08157934 -0.09463652]
[-0.29706372 -0.07916059 -0.09441274]
[-0.29437701 -0.07662355 -0.09373295]
[-0.28813938 -0.07290474 -0.08978016]
[-0.28568108 -0.07125321 -0.08715892]
[-0.28397251 -0.06950589 -0.08444045]
[-0.28202459 -0.06543415 -0.08123478]
[-0.283195   -0.06250506 -0.0809211 ]
[-0.28481735 -0.05944388 -0.08012166]
[-0.28729265 -0.05620097 -0.07859319]
[-0.28976054 -0.05328663 -0.0766688 ]
[-0.29109787 -0.05054233 -0.07473847]
[-0.29180204 -0.0477124  -0.07270987]
[-0.29011148 -0.04166952 -0.06844102]
[-0.28922158 -0.03849044 -0.06650756]
[-0.28936558 -0.03543071 -0.06470782]
[-0.2903379  -0.03261462 -0.06346455]
[-0.29151634 -0.02717166 -0.05901105]
[-0.29136888 -0.02499971 -0.05590726]
[-0.29145806 -0.02280673 -0.05245371]
[-0.29196579 -0.02096849 -0.04914412]
[-0.29407673 -0.01700254 -0.04211449]
[-0.29506787 -0.01471801 -0.03837074]
[-0.29622964 -0.01225606 -0.03493067]
[-0.29776413 -0.00908167 -0.0317402 ]
[-0.29952458 -0.00496854 -0.02955878]
[-0.3016055   0.00782293 -0.02505883]
[-0.30190606  0.01567771 -0.02099491]
[-0.30056342  0.02354469 -0.01570273]
[-0.29978692  0.03015163 -0.01014161]
[-0.29715002  0.03618817  0.0015825 ]
[-0.29613484  0.03703327  0.00891136]
[-0.29497611  0.03741131  0.01816498]
[-0.2925516   0.03761939  0.02618521]
[-0.29163277  0.03897678  0.03339719]
[-0.29060046  0.04103779  0.04091116]
[-0.29014028  0.04620464  0.05417425]
[-0.28999785  0.04935411  0.06049063]
[-0.28991548  0.05198396  0.06585521]
[-0.2901526   0.05452012  0.07055624]
[-0.29101556  0.05714617  0.07472084]
[-0.29280516  0.06133049  0.08111182]
[-0.29363772  0.06326856  0.08329062]
[-0.29399776  0.0647323   0.08488752]
[-0.29380758  0.06612964  0.08611792]
[-0.29219463  0.06851588  0.08834158]
[-0.29208305  0.0712174   0.09044985]
[-0.2927419   0.07252474  0.09132146]
[-0.29309764  0.07421792  0.092315  ]
[-0.29259441  0.07735642  0.09193128]
[-0.29105961  0.08232167  0.0902984 ]
[-0.29048675  0.08333209  0.08968091]
[-0.2911944   0.08242881  0.09057607]
[-0.29531404  0.08015714  0.09347007]
[-0.29807303  0.07963905  0.09398212]
[-0.30059605  0.07954019  0.09389329]
[-0.30232734  0.07979511  0.09310573]
[-0.30389162  0.08064511  0.09210782]
[-0.30574682  0.0819275   0.09129132]
[-0.30961684  0.08415765  0.08853727]
[-0.31164598  0.08483016  0.08725234]
[-0.31265629  0.08483704  0.08602117]
[-0.31302466  0.08482746  0.0851516 ]
[-0.31214392  0.0836146   0.08451124]
[-0.31174711  0.08274872  0.08407915]
[-0.31158296  0.08162676  0.08384412]
[-0.31130538  0.0804949   0.08345117]
[-0.31127889  0.07977059  0.08293249]
[-0.3110273   0.07891534  0.08190777]
[-0.31132647  0.07889438  0.08107022]
[-0.3120377   0.07869845  0.08016735]
[-0.31329919  0.07840651  0.07903491]
[-0.31449907  0.07679734  0.07668845]
[-0.31466394  0.07579039  0.07612691]
[-0.31409245  0.07497156  0.07476351]
[-0.31410647  0.076256    0.07293537]
[-0.31463013  0.07835047  0.07163377]
[-0.3183917   0.08021226  0.06764385]
[-0.3232441   0.07434288  0.0588472 ]
[-0.32204085  0.07087098  0.05275678]
[-0.32037652  0.06785309  0.04729921]
[-0.31816917  0.06304695  0.03839726]
[-0.31867502  0.06058263  0.03447521]
[-0.31867279  0.05847195  0.03048213]
[-0.31826664  0.05620008  0.02666133]
[-0.31907339  0.05406705  0.0226781 ]
[-0.32183112  0.05005493  0.014956  ]
[-0.32270416  0.04780409  0.01208308]
[-0.32391707  0.04285762  0.00633922]
[-0.32391707  0.04285762  0.00633922]
[-0.32444907  0.04044259  0.00319731]
[-0.32429292  0.03608898 -0.00406515]
[-0.32273186  0.03414178 -0.00787114]
[-0.32031783  0.03247407 -0.01229773]
[-0.31888045  0.03104869 -0.01645937]
[-0.32056711  0.02697868 -0.02396846]
[-0.322892    0.02509832 -0.02666454]
[-0.32453831  0.02382741 -0.02899941]
[-0.32505285  0.02301891 -0.03170829]
[-0.32201272  0.01910376 -0.03874217]
[-0.31331549  0.00998862 -0.04531389]
[-0.3082679   0.00617983 -0.04835287]
[-0.30346135  0.00329455 -0.0514897 ]
[-0.29798042 -0.00255383 -0.06026221]
[-0.29494886 -0.00777135 -0.06603463]
[-0.29515251 -0.01365016 -0.0709818 ]
[-0.29675239 -0.01833035 -0.07483544]
[-0.29942934 -0.02336436 -0.07909505]
[-0.30613645 -0.03208377 -0.08627672]
[-0.30720804 -0.03661227 -0.08937547]
[-0.30729119 -0.04091182 -0.09162886]
[-0.30625463 -0.0450764  -0.09320917]
[-0.3049419  -0.04849687 -0.09475148]
[-0.30127485 -0.05460306 -0.098867  ]
[-0.29974543 -0.05691377 -0.10208784]
[-0.29806087 -0.05847242 -0.10491059]
[-0.29631486 -0.05976449 -0.10711037]
[-0.29455219 -0.06063741 -0.10813362]
[-0.29081129 -0.06050931 -0.10738961]
[-0.29021145 -0.05938505 -0.10671778]
[-0.29027716 -0.05790912 -0.10607763]
[-0.29030045 -0.0565506  -0.10484403]
[-0.29010791 -0.05558034 -0.10313953]
[-0.2875891  -0.0545463  -0.09730069]
[-0.28651265 -0.05361558 -0.09425016]
[-0.28606717 -0.05197952 -0.09163618]
[-0.28561153 -0.04971528 -0.08905902]
[-0.28519159 -0.04512092 -0.08477271]
[-0.28420375 -0.04308158 -0.08287871]
[-0.28246235 -0.04079028 -0.08100066]
[-0.28055104 -0.03824636 -0.07921381]
[-0.27926164 -0.03539197 -0.07774684]
[-0.2779562  -0.03026505 -0.0749165 ]
[-0.27744305 -0.02834222 -0.0741238 ]
[-0.2761766  -0.02692791 -0.07363878]
[-0.27490957 -0.02643203 -0.07332876]
[-0.27427198 -0.02671162 -0.07332552]
[-0.26899588 -0.03073899 -0.07454201]
[-0.26756598 -0.03245499 -0.07498965]
[-0.26665588 -0.03358918 -0.07591949]
[-0.26686464 -0.03348834 -0.07759231]
[-0.26686535 -0.03032024 -0.08116896]
[-0.26614223 -0.02866151 -0.08108969]
[-0.26547795 -0.02754709 -0.07773177]
[-0.25905975 -0.02570613 -0.06347948]
[-0.25905975 -0.02570613 -0.06347948]
[-0.25101721 -0.02204809 -0.05153213]
[-0.24964262 -0.01964504 -0.0473789 ]
[-0.24891202 -0.0165954  -0.04480114]
[-0.24893502 -0.01268735 -0.04177652]
[-0.24725234 -0.00136317 -0.03577796]
[-0.24677535  0.00368625 -0.03331751]
[-0.24599767  0.00832202 -0.03158405]
[-0.24538829  0.01256294 -0.02997111]
[-0.24442731  0.01683221 -0.02801047]
[-0.24203314  0.025411   -0.02360536]
[-0.24032471  0.03328579 -0.02234428]
[-0.23942916  0.03676098 -0.0225383 ]
[-0.23845004  0.04017063 -0.02318121]
[-0.2365226   0.04626366 -0.0253939 ]
[-0.23534323  0.04902058 -0.02697378]
[-0.23391295  0.05144576 -0.02831438]
[-0.23248473  0.05351288 -0.0298606 ]
[-0.23098875  0.05515678 -0.03121105]
[-0.22953297  0.05636712 -0.03271171]
[-0.22527304  0.05638124 -0.03526413]
[-0.22301255  0.05561199 -0.03648409]
[-0.22117136  0.05433726 -0.03782781]
[-0.21852848  0.05198083 -0.04132964]
[-0.21500194  0.05112003 -0.04382502]
[-0.21287561  0.05110768 -0.0443711 ]
[-0.21123717  0.05126959 -0.04443337]
[-0.20990493  0.05129864 -0.04446294]
[-0.20813068  0.05113844 -0.04440821]
[-0.20705292  0.05145416 -0.04462138]
[-0.20642347  0.05162342 -0.04499283]
[-0.20605795  0.05193136 -0.0450241 ]
[-0.20649034  0.05223483 -0.04505881]
[-0.20948086  0.05244021 -0.04448186]
[-0.211975    0.05355384 -0.04399925]
[-0.21257486  0.05538525 -0.04355577]
[-0.21280462  0.05606752 -0.04365445]
[-0.2136481   0.05724368 -0.0442027 ]
[-0.21431152  0.05785586 -0.04434149]
[-0.21480679  0.0586693  -0.04447109]
[-0.21506176  0.05973301 -0.0448921 ]
[-0.214262    0.05958902 -0.045304  ]
[-0.21318173  0.05859932 -0.04560994]
[-0.212398    0.05727635 -0.04630092]
[-0.2118898   0.05530009 -0.04712801]
[-0.21169685  0.05533711 -0.04754144]
[-0.21108468  0.05567006 -0.04766696]
[-0.20949437  0.05602046 -0.04776298]
[-0.20680571  0.05590503 -0.04779414]
[-0.20010867  0.05473525 -0.04849791]
[-0.19641236  0.05450058 -0.04905234]
[-0.19310666  0.05414255 -0.04955962]
[-0.19021382  0.05368778 -0.04981958]
[-0.18722673  0.05321344 -0.0503885 ]
[-0.18181914  0.05136906 -0.05223644]
[-0.17932885  0.05029655 -0.05370635]
[-0.17445105  0.04810909 -0.05552094]
[-0.17445105  0.04810909 -0.05552094]
[-0.1714511   0.04704016 -0.05609464]
[-0.16614209  0.04500917 -0.05680644]
[-0.16417267  0.04433988 -0.05723965]

程序已被终止，正在关闭套接字...
套接字已关闭。
