YAML 文件验证通过
init data completed...
[0.4642857142857143, 0.5, 0.3333333333333333, 0.42424242424242425, 0.6153846153846154, 0.5869565217391305, 0.0, 0.0, 0.47791610159563974, 0.477894234212817, 0.44032743100226496, 0.551921712942556, 0.06031808576413564, 0.06031808576413564, 0.9583105687052011, 0.0, 0.0, 0.0, 0.029890236072242258, 0.49357292568311095, 0.49396418826654553, 0.0, -0.0, 0.0, 0.5, 0.0, 0.6976744186046512, 0.02101321332156658, 0.0]
[0.4642857142857143, 0.5, 0.3333333333333333, 0.42424242424242425, 0.6153846153846154, 0.5869565217391305, 0.09289009124040604, 0.09249018132686615, 0.3960200732798239, 0.39599970740980217, 0.45568548516151325, 0.5363765145870235, 0.19673962678228107, 0.19673962678228107, 0.906650472432375, 0.0, 0.0, 0.0, 0.040531828254461284, 0.4531277306377888, 0.4536835327744484, 0.0, -0.0, 0.18757569789886475, 0.4249697208404541, 0.20139813423156738, 0.5874785538329634, 0.03874585032463074, 0.0]
[0.4642857142857143, 0.5, 0.3333333333333333, 0.42424242424242425, 0.6153846153846154, 0.5869565217391305, 0.0, 0.0, 0.4540824022849249, 0.4540634666984441, 0.45165936235715964, 0.5400066696612325, 0.03565738243716104, 0.03565738243716104, 0.9460050202906132, 0.0, 0.0, 0.0, 0.029829038493335246, 0.49519797088578343, 0.4958138414658606, 0.0, -0.0, 0.0, 0.5, 0.0, 0.6976744186046512, 0.0219123475253582, 0.0]
[0.4642857142857143, 0.5, 0.3333333333333333, 0.42424242424242425, 0.6153846153846154, 0.5869565217391305, 0.0, 0.0, 0.45957010961627415, 0.4595512652032462, 0.453034676853603, 0.5384214923960251, 0.04184558721525329, 0.04184558721525329, 0.9471364878118038, 0.0, 0.0, 0.0, 0.0293869636952877, 0.49353981856256723, 0.4941401411779225, 0.0, -0.0, 0.0, 0.5, 0.0, 0.6976744186046512, 0.019601687788963318, 0.002400894882157445]
[0.4642857142857143, 0.5, 0.3333333333333333, 0.42424242424242425, 0.6153846153846154, 0.5869565217391305, 0.0, 0.0, 0.4616991351029157, 0.46168025649984296, 0.450961976616606, 0.5401835418859308, 0.04784629281078066, 0.04784629281078066, 0.9467187374830246, 0.0, 0.0, 0.0, 0.030788150429725644, 0.49276572233065963, 0.4933096021413803, 0.0, -0.0, 0.0, 0.5, 0.0, 0.6976744186046512, 0.019326120615005493, 0.006594088044948876]
[0.4642857142857143, 0.5, 0.3333333333333333, 0.42424242424242425, 0.6153846153846154, 0.5869565217391305, 0.022223351523280144, 0.02155139669775963, 0.4471805804546203, 0.44716125168262433, 0.45717717972129984, 0.5338043106167033, 0.05045215732284955, 0.05045215732284955, 0.9466785378754139, 0.0, 0.0, 0.0, 0.033228830248117444, 0.4922321541234851, 0.4927459475584328, 0.0, -0.0, 0.0, 0.5, 0.0, 0.6976744186046512, 0.019308917224407196, 0.008860796806402504]
[0.4642857142857143, 0.5, 0.3333333333333333, 0.42424242424242425, 0.6153846153846154, 0.5869565217391305, 0.3111191689968109, 0.3107762038707733, 0.3383387438881693, 0.3383172497466691, 0.4823587488945766, 0.5106130522199566, 0.09396091103553772, 0.09396091103553772, 0.9048164151608944, 0.0, 0.0, 0.0, 0.07294074185192584, 0.474639231339097, 0.4757629204541445, 0.10665713995695114, 0.10665713995695114, 0.0, 0.5, 0.0, 0.6976744186046512, 0.021220985800027847, 0.010168299777433276]
[0.4642857142857143, 0.5, 0.3333333333333333, 0.42424242424242425, 0.6153846153846154, 0.5869565217391305, 0.11460155248641968, 0.11399418115615845, 0.3938961762999029, 0.3938756394796572, 0.49150778336119244, 0.5002710793665166, 0.058856877897466936, 0.058856877897466936, 0.9399078153073788, 0.0, 0.0, 0.0, 0.03743516635149717, 0.4859430305659771, 0.48649028968065977, 0.0, -0.0, 0.0, 0.5, 0.0, 0.6976744186046512, 0.02039206400513649, 0.00995222944766283]
[0.4642857142857143, 0.5, 0.3333333333333333, 0.42424242424242425, 0.6153846153846154, 0.5869565217391305, 0.07595743238925934, 0.07501209527254105, 0.3924479657787666, 0.3924273491817496, 0.5051845328073884, 0.4865328640549812, 0.047398749738931656, 0.047398749738931656, 0.9478570446372032, 0.0, 0.0, 0.0, 0.03055232409387827, 0.48901789262890816, 0.48952412139624357, 0.0, -0.0, 0.0, 0.5, 0.0, 0.6976744186046512, 0.01738043688237667, 0.00877900398336351]
[0.4642857142857143, 0.5, 0.3333333333333333, 0.42424242424242425, 0.6153846153846154, 0.5869565217391305, 0.9847478270530701, 0.9845425486564636, 0.3345297905500715, 0.3345088320526065, 0.504169483086803, 0.4907577107964186, 0.09720297264201301, 0.09720297264201301, 0.8845309391617775, 0.0, 0.0, 0.0, 0.056830447912216184, 0.47390466555953026, 0.4775730296969414, 0.0, -0.0, 0.0, 0.5, 0.0, 0.6976744186046512, 0.016331564635038376, 0.007920465432107449]
[0.4642857142857143, 0.5, 0.3333333333333333, 0.42424242424242425, 0.6153846153846154, 0.5869565217391305, 0.41189953684806824, 0.41169336438179016, 0.2976906212976284, 0.29766844335523207, 0.5044897326889731, 0.48929732292099115, 0.09900209094796862, 0.09900209094796862, 0.8882837295532227, 0.0, 0.0, 0.0, 0.06257902793586254, 0.4691464602947235, 0.47287026792764664, 0.0, -0.0, 0.0, 0.5, 0.0, 0.6976744186046512, 0.017308367416262627, 0.009817741811275482]
[0.4642857142857143, 0.5, 0.3333333333333333, 0.42424242424242425, 0.6153846153846154, 0.5869565217391305, 0.21778452396392822, 0.2175600826740265, 0.37333161653113867, 0.3733079228300893, 0.5001711638005055, 0.49181196652629816, 0.07226802408695221, 0.07226802408695221, 0.926646888256073, 0.0, 0.0, 0.0, 0.04085954874753952, 0.4850080469623208, 0.48577551543712616, 0.0, -0.0, 0.0, 0.5, 0.0, 0.6976744186046512, 0.017573466524481773, 0.008001716923899949]
[0.4642857142857143, 0.5, 0.3333333333333333, 0.42424242424242425, 0.6153846153846154, 0.5869565217391305, 0.8962250351905823, 0.8959106206893921, 0.3274952458150072, 0.3274710506599674, 0.4988367470305406, 0.4943986884443933, 0.07875110687954086, 0.07875110687954086, 0.9102588891983032, 0.0, 0.0, 0.0, 0.04432243388146162, 0.48504691012203693, 0.4858652716502547, 0.0, -0.0, 0.0, 0.5, 0.0, 0.6976744186046512, 0.018190480768680573, 0.006606229580938816]
[0.4642857142857143, 0.5, 0.3333333333333333, 0.42424242424242425, 0.6153846153846154, 0.5869565217391305, 0.9181784987449646, 0.9175350666046143, 0.3219948311836724, 0.32197047647509014, 0.4889226883193959, 0.5041982903712516, 0.11059037276676724, 0.11059037276676724, 0.8759207874536514, 0.0, 0.0, 0.0, 0.04337198082357645, 0.4823168031871319, 0.48354690335690975, 0.0, -0.0, 0.04534178972244263, 0.5713451646623157, 0.046029023826122284, 0.7919113784162111, 0.017204109579324722, 0.0]
[0.4642857142857143, 0.5, 0.3333333333333333, 0.42424242424242425, 0.6153846153846154, 0.5869565217391305, 0.8837305307388306, 0.8814699649810791, 0.3005948376701165, 0.30057015245776786, 0.4862244876233387, 0.5070470049043408, 0.11123722685234888, 0.11123722685234888, 0.8753342069685459, 0.0, 0.0, 0.0, 0.04338141158223152, 0.4820070452988148, 0.48326106183230877, 0.0, -0.0, 0.04701338708400726, 0.5697546430996485, 0.04757111147046089, 0.7926058414023976, 0.017211925238370895, 0.0]
[0.4642857142857143, 0.5, 0.3333333333333333, 0.42424242424242425, 0.6153846153846154, 0.5869565217391305, 0.7294418811798096, 0.7235574126243591, 0.2805626624856807, 0.2805377721330632, 0.4758801428355405, 0.5177603158343996, 0.11118448738540923, 0.11118448738540923, 0.8776372410356998, 0.0, 0.0, 0.0, 0.044741043262183665, 0.48067428916692734, 0.4818116370588541, 0.0, -0.0, 0.051989682018756866, 0.4935468879957048, 0.05217652767896652, 0.7501488308920417, 0.017677515745162964, 0.0]
[0.4642857142857143, 0.5, 0.3333333333333333, 0.42424242424242425, 0.6153846153846154, 0.5869565217391305, 0.6767795085906982, 0.6683589220046997, 0.2833161235539453, 0.28329123320132776, 0.4646250564555137, 0.5289118063786695, 0.107813903263637, 0.107813903263637, 0.880803145468235, 0.0, 0.0, 0.0, 0.04970120899379253, 0.47938633151352406, 0.4802934378385544, 0.0, -0.0, 0.0, 0.5, 0.0, 0.6976744186046512, 0.01877671852707863, 0.0]
[0.4642857142857143, 0.5, 0.3333333333333333, 0.42424242424242425, 0.6153846153846154, 0.5869565217391305, 0.6260427832603455, 0.6228584051132202, 0.2887150051488931, 0.2886903655232709, 0.45371763439524926, 0.5400800528940639, 0.10337540081569127, 0.10337540081569127, 0.8837619908154011, 0.0, 0.0, 0.0, 0.05035544522106647, 0.47801017947494984, 0.47902548126876354, 0.0, -0.0, 0.0, 0.5, 0.0, 0.6976744186046512, 0.019633261486887932, 0.0]
[0.4642857142857143, 0.5, 0.3333333333333333, 0.42424242424242425, 0.6153846153846154, 0.5869565217391305, 0.6116476655006409, 0.6066797375679016, 0.295480189314308, 0.2954556864488649, 0.4519235317383396, 0.5420392664002592, 0.10138628206082753, 0.10138628206082753, 0.8853966780006886, 0.0, 0.0, 0.0, 0.04988939128816128, 0.4776088558137417, 0.4786791205406189, 0.0, -0.0, 0.0, 0.5, 0.0, 0.6976744186046512, 0.019480718299746513, 0.0]
[0.4642857142857143, 0.5, 0.3333333333333333, 0.42424242424242425, 0.6153846153846154, 0.5869565217391305, 0.6980804800987244, 0.6782419085502625, 0.2851718908058298, 0.2851472055934811, 0.44130555120070625, 0.5528302206071175, 0.16249224011387145, 0.16249224011387145, 0.848331056535244, 0.0, 0.0, 0.0, 0.03851337470114231, 0.476790864020586, 0.4784260019659996, 0.0, -0.0, 0.05930615961551666, 0.6031746031746031, 0.05991235002875328, 0.8, 0.01828531175851822, 0.0]
[0.4642857142857143, 0.5, 0.3333333333333333, 0.42424242424242425, 0.6153846153846154, 0.5869565217391305, 0.7157058119773865, 0.6958640217781067, 0.2697724211056419, 0.26974595801096346, 0.44233628987810125, 0.5478953073580402, 0.2582123236996787, 0.2582123236996787, 0.8202800899744034, 0.0, 0.0, 0.0, 0.03571877088397741, 0.4704501908272505, 0.472646651789546, 0.0, -0.0, 0.062077563256025314, 0.6031746031746031, 0.0628175213932991, 0.8, 0.016917530447244644, 0.0]
[0.4642857142857143, 0.5, 0.3333333333333333, 0.42424242424242425, 0.6153846153846154, 0.5869565217391305, 0.679753303527832, 0.6679762601852417, 0.2724816858426563, 0.2724540374930912, 0.44265642266428495, 0.5472562142192925, 0.2602442353963852, 0.2602442353963852, 0.8197012543678284, 0.0, 0.0, 0.0, 0.03586038220673799, 0.4701891429722309, 0.47236188501119614, 0.0, -0.0, 0.06255241483449936, 0.6031746031746031, 0.06329245120286942, 0.8, 0.016841206699609756, 0.0]
[0.4642857142857143, 0.5, 0.3333333333333333, 0.42424242424242425, 0.6153846153846154, 0.5869565217391305, 0.7048608064651489, 0.6913530826568604, 0.2731753562650079, 0.27314766232871646, 0.443834526133127, 0.5460262907515014, 0.2788114973476955, 0.2788114973476955, 0.8035896494984627, 0.0, 0.0, 0.0, 0.043526867963373655, 0.47031102515757084, 0.47179191187024117, 0.0, -0.0, 0.05858485400676727, 0.6031746031746031, 0.05945323035120964, 0.8, 0.018611829727888107, 0.0]
[0.4642857142857143, 0.5, 0.3333333333333333, 0.42424242424242425, 0.6153846153846154, 0.5869565217391305, 0.9804036021232605, 0.9813475608825684, 0.3624300523652173, 0.36240585721017754, 0.43522482324056827, 0.5586554465405066, 0.28610893658229286, 0.28610893658229286, 0.7791628316044807, 0.0, 0.0, 0.0, 0.04798739776015282, 0.47281387262046337, 0.4740270636975765, 0.0, -0.0, 0.0479789674282074, 0.6031746031746031, 0.04928113892674446, 0.8, 0.02162374183535576, 0.0]
[0.4642857142857143, 0.5, 0.3333333333333333, 0.42424242424242425, 0.6153846153846154, 0.5869565217391305, 0.5092258453369141, 0.5088356733322144, 0.3158458769891276, 0.31581650774064074, 0.4751578667423693, 0.508458236042851, 0.36720952817371916, 0.36720952817371916, 0.8016583472490311, 0.0, 0.0, 0.0, 0.13270601630210876, 0.4584884084761143, 0.4541526474058628, 0.19894134998321533, 0.19894134998321533, 0.041445452719926834, 0.6031746031746031, 0.04371459409594536, 0.8, 0.02353251911699772, 0.0]
[0.4642857142857143, 0.5, 0.3333333333333333, 0.42424242424242425, 0.6153846153846154, 0.5869565217391305, 0.4634926915168762, 0.46333056688308716, 0.32890124302749196, 0.3288724664064484, 0.4830798140903276, 0.5012397973026368, 0.3245318148817335, 0.3245318148817335, 0.8108248189091682, 0.0, 0.0, 0.0, 0.10081051513552665, 0.455182071775198, 0.45282021909952164, 0.0, -0.0, 0.042929183691740036, 0.6031746031746031, 0.04490956664085388, 0.8, 0.021829145029187202, 0.0]
[0.4642857142857143, 0.5, 0.3333333333333333, 0.42424242424242425, 0.6153846153846154, 0.5869565217391305, 0.45212507247924805, 0.4519962966442108, 0.32942786089093, 0.3293991184599313, 0.48398905701892553, 0.5004631362448636, 0.3154600092342922, 0.3154600092342922, 0.8128952607512474, 0.0, 0.0, 0.0, 0.10015751495957374, 0.45550772175192833, 0.453225489705801, 0.0, -0.0, 0.04345853999257088, 0.6031746031746031, 0.04539052024483681, 0.8, 0.021498573943972588, 0.0]
[0.0, 0.0, 1.0, 1.0, 0.6153846153846154, 0.5869565217391305, 0.9562269449234009, 0.9561707973480225, 0.3143168525987556, 0.314291278445242, 0.5014295060736044, 0.49157077285522666, 0.3903610365731376, 0.3903610365731376, 0.7828147858381271, 0.0, 0.0, 0.0, 0.09373067915439605, 0.4565070681273937, 0.4543454945087433, 0.0, -0.0, 0.051839955151081085, 0.6031746031746031, 0.055060699582099915, 0.8, 0.0187386404722929, 0.0]
[0.4642857142857143, 0.5, 0.3333333333333333, 0.42424242424242425, 0.6153846153846154, 0.5869565217391305, 0.45320552587509155, 0.45320263504981995, 0.31455203452028235, 0.31452312113905956, 0.4089054863038072, 0.5762613558239914, 0.31588509678840637, 0.31588509678840637, 0.8081022053956985, 0.0, 0.0, 0.0, 0.11096044704318046, 0.45813431218266487, 0.4562426470220089, 0.16389314830303192, -0.0, 0.05123714730143547, 0.6031746031746031, 0.05371102690696716, 0.8, 0.018467964604496956, 0.0]
[0.4642857142857143, 0.5, 0.3333333333333333, 0.42424242424242425, 0.6153846153846154, 0.5869565217391305, 0.280757337808609, 0.2807426452636719, 0.3588102839417029, 0.35878231648505304, 0.35345570124813974, 0.6324908662201976, 0.2892053872346878, 0.2892053872346878, 0.8245145976543427, 0.0, 0.0, 0.0, 0.07093709744513034, 0.47725486382842064, 0.47674846090376377, 0.0, -0.0, 0.04549764469265938, 0.6031746031746031, 0.04511695355176926, 0.8, 0.018932435661554337, 0.012282776879146695]
[0.4642857142857143, 0.5, 0.3333333333333333, 0.42424242424242425, 0.6153846153846154, 0.5869565217391305, 0.2520869970321655, 0.2520265281200409, 0.36293827598455075, 0.3629105478582145, 0.33766733118498526, 0.6489681884795206, 0.27667731046676636, 0.27667731046676636, 0.8286664038896561, 0.0, 0.0, 0.0, 0.06675202064216136, 0.4806912839412689, 0.4803955890238285, 0.0, -0.0, 0.03827542066574097, 0.6031746031746031, 0.03789931908249855, 0.8, 0.02004677802324295, 0.015964338090270758]
[0.4642857142857143, 0.5, 0.3333333333333333, 0.42424242424242425, 0.6153846153846154, 0.5869565217391305, 0.23180492222309113, 0.23172779381275177, 0.3636203103949873, 0.3635928557890095, 0.33927447982773495, 0.6480922566266584, 0.23953304759093694, 0.23953304759093694, 0.8365089744329453, 0.0, 0.0, 0.0, 0.06591555811464786, 0.4836366232484579, 0.48339435271918774, 0.0, -0.0, 0.03247562423348427, 0.6031746031746031, 0.03212873637676239, 0.8, 0.023051703348755836, 0.024260012432932854]
[0.4642857142857143, 0.5, 0.3333333333333333, 0.42424242424242425, 0.6153846153846154, 0.5869565217391305, 0.2008943408727646, 0.20068643987178802, 0.3691207022329589, 0.3690936465108372, 0.3323618567924427, 0.6558840082840021, 0.2111988514661789, 0.2111988514661789, 0.844424195587635, 0.0, 0.0, 0.0, 0.06368489488959313, 0.48600222636014223, 0.4858115194365382, 0.0, -0.0, 0.028759866952896118, 0.6031746031746031, 0.028378507122397423, 0.8, 0.024925928562879562, 0.032031077425926924]
[0.4642857142857143, 0.5, 0.3333333333333333, 0.42424242424242425, 0.6153846153846154, 0.5869565217391305, 0.19968852400779724, 0.1995551884174347, 0.37068861210095494, 0.3706610435281611, 0.38917751704301706, 0.59616441942715, 0.20648482654775893, 0.20648482654775893, 0.8441995605826378, 0.0, 0.0, 0.0, 0.06358638890087605, 0.48734182957559824, 0.48707450181245804, 0.0, -0.0, 0.02636335790157318, 0.6031746031746031, 0.02591191790997982, 0.8, 0.026507537811994553, 0.0383985904045403]
[0.4642857142857143, 0.5, 0.3333333333333333, 0.42424242424242425, 0.6153846153846154, 0.5869565217391305, 0.23441724479198456, 0.23441389203071594, 0.3672060597239215, 0.3671780352838636, 0.5202971380595723, 0.4638617131673077, 0.205544222678457, 0.205544222678457, 0.8434794992208481, 0.0, 0.0, 0.0, 0.06397751569747924, 0.4876034986227751, 0.4872836647555232, 0.0, -0.0, 0.025915930047631264, 0.6031746031746031, 0.025470750406384468, 0.8, 0.027032287791371346, 0.03987689036875963]
[0.4642857142857143, 0.5, 0.3333333333333333, 0.42424242424242425, 0.6153846153846154, 0.5869565217391305, 0.21539799869060516, 0.21532344818115234, 0.3936626924839348, 0.3936352720680018, 0.5475550187933286, 0.43676735059658334, 0.18595787031309946, 0.18595787031309946, 0.8452919498085976, 0.0, 0.0, 0.0, 0.06394601985812187, 0.48881042189896107, 0.48838836420327425, 0.0, -0.0, 0.024091584607958794, 0.6031746031746031, 0.023800944909453392, 0.8, 0.02905823290348053, 0.0323489704169333]
[0.4642857142857143, 0.5, 0.3333333333333333, 0.42424242424242425, 0.6153846153846154, 0.5869565217391305, 0.20608867704868317, 0.20600619912147522, 0.39705937086510157, 0.3970320188292582, 0.5410762873707948, 0.443065077072753, 0.17685648586068836, 0.17685648586068836, 0.8482026234269142, 0.0, 0.0, 0.0, 0.06308828629553317, 0.48933803010731936, 0.4889094326645136, 0.0, -0.0, 0.023417722433805466, 0.6031746031746031, 0.023160073906183243, 0.8, 0.029806746169924736, 0.026601592544466257]
[0.4642857142857143, 0.5, 0.3333333333333333, 0.42424242424242425, 0.6153846153846154, 0.5869565217391305, 0.20557688176631927, 0.2054906189441681, 0.39160343748205706, 0.39157598287607925, 0.5303748090454087, 0.4537300347319474, 0.17489250217165267, 0.17489250217165267, 0.8525327891111374, 0.0, 0.0, 0.0, 0.06343235448002815, 0.48991782311350107, 0.4895134251564741, 0.0, -0.0, 0.02296643890440464, 0.6031746031746031, 0.022759582847356796, 0.8, 0.032310545444488525, 0.015470522921532393]
[0.4642857142857143, 0.5, 0.3333333333333333, 0.42424242424242425, 0.6153846153846154, 0.5869565217391305, 0.2079782783985138, 0.20787914097309113, 0.3884757549767285, 0.38844840294088506, 0.5147008673638732, 0.4696660032185218, 0.17746232450008392, 0.17746232450008392, 0.8559977039694786, 0.0, 0.0, 0.0, 0.06391817219555378, 0.4901864184066653, 0.4898233516141772, 0.0, -0.0, 0.02274099923670292, 0.6031746031746031, 0.02262573316693306, 0.8, 0.03515869751572609, 0.0]
[0.4642857142857143, 0.5, 0.3333333333333333, 0.42424242424242425, 0.6153846153846154, 0.5869565217391305, 0.20963692665100098, 0.20940527319908142, 0.3933797356731349, 0.393352714141058, 0.48943153234558395, 0.4951930998337606, 0.1714982943875449, 0.1714982943875449, 0.8596534356474876, 0.0, 0.0, 0.0, 0.06305602379143238, 0.4903929000720382, 0.4901781305670738, 0.0, -0.0, 0.022384628653526306, 0.6031746031746031, 0.02243167534470558, 0.8, 0.036795277148485184, 0.0]
[0.4642857142857143, 0.5, 0.3333333333333333, 0.42424242424242425, 0.6153846153846154, 0.5869565217391305, 0.19037646055221558, 0.1900073140859604, 0.406036126681997, 0.40600961800059215, 0.4604657577283068, 0.5244734200140664, 0.16449830361774992, 0.16449830361774992, 0.8697834759950638, 0.0, 0.0, 0.0, 0.05720114856958389, 0.49023607838898897, 0.4902672590687871, 0.0, -0.0, 0.021794406697154045, 0.6031746031746031, 0.02191021852195263, 0.8, 0.03567499294877052, 0.0]
[0.4642857142857143, 0.5, 0.3333333333333333, 0.42424242424242425, 0.6153846153846154, 0.5869565217391305, 0.2502520680427551, 0.248525932431221, 0.3460459435647122, 0.34601799890142554, 0.48530358304029214, 0.5001098619085831, 0.17505760171583723, 0.17505760171583723, 0.8610520660877228, 0.0, 0.0, 0.0, 0.05656703598797321, 0.48988100327551365, 0.4900493184104562, 0.0, -0.0, 0.021206004545092583, 0.6031746031746031, 0.021492643281817436, 0.8, 0.035413943231105804, 0.0]
[0.4642857142857143, 0.5, 0.3333333333333333, 0.42424242424242425, 0.6153846153846154, 0.5869565217391305, 0.28170642256736755, 0.2803962230682373, 0.32729294331990055, 0.32726502144997704, 0.5263004070486211, 0.4606063137496128, 0.18286188266107015, 0.18286188266107015, 0.8594757243990898, 0.0, 0.0, 0.0, 0.05583943203091621, 0.4893558705225587, 0.48968628142029047, 0.0, -0.0, 0.021992379799485207, 0.6031746031746031, 0.0224132277071476, 0.8, 0.03545355796813965, 0.0]
[0.4642857142857143, 0.5, 0.3333333333333333, 0.42424242424242425, 0.6153846153846154, 0.5869565217391305, 0.27192366123199463, 0.2681286036968231, 0.3314534614920388, 0.331425664985613, 0.5216469795480513, 0.4652281297045907, 0.18484383821487427, 0.18484383821487427, 0.8616580739617348, 0.0, 0.0, 0.0, 0.056081226095557206, 0.489257357083261, 0.48975141253322363, 0.0, -0.0, 0.021964188665151596, 0.6031746031746031, 0.022308390587568283, 0.8, 0.036970335990190506, 0.0]
[0.4642857142857143, 0.5, 0.3333333333333333, 0.42424242424242425, 0.6153846153846154, 0.5869565217391305, 0.25453007221221924, 0.2501547932624817, 0.34104699432052116, 0.34101979044153863, 0.5073464590892282, 0.4801836188796323, 0.1833666435309819, 0.1833666435309819, 0.8641398251056671, 0.0, 0.0, 0.0, 0.056805904209613796, 0.4892016826197505, 0.48995806835591793, 0.0, -0.0, 0.021991176530718803, 0.6031746031746031, 0.02221769653260708, 0.8, 0.038498472422361374, 0.0]
[0.4642857142857143, 0.5, 0.3333333333333333, 0.42424242424242425, 0.6153846153846154, 0.5869565217391305, 0.2548399567604065, 0.25039127469062805, 0.34792847022499684, 0.3479020413203632, 0.5116889993615634, 0.47763581093086516, 0.18091776009116856, 0.18091776009116856, 0.8657479584217072, 0.0, 0.0, 0.0, 0.056622762605547904, 0.4891067026183009, 0.4900410659611225, 0.0, -0.0, 0.021688956767320633, 0.6031746031746031, 0.021934745833277702, 0.8, 0.03869057446718216, 0.0]
[0.4642857142857143, 0.5, 0.3333333333333333, 0.42424242424242425, 0.6153846153846154, 0.5869565217391305, 0.2560243606567383, 0.25164881348609924, 0.3494555685761782, 0.34942956134876374, 0.4959562301464792, 0.4940535741321393, 0.17502568129982268, 0.17502568129982268, 0.8690370991826057, 0.0, 0.0, 0.0, 0.056020161509513854, 0.48921038769185543, 0.4903346113860607, 0.0, -0.0, 0.020849017426371574, 0.6031746031746031, 0.021203843876719475, 0.8, 0.03949379175901413, 0.0]
[0.4642857142857143, 0.5, 0.3333333333333333, 0.42424242424242425, 0.6153846153846154, 0.5869565217391305, 0.26484525203704834, 0.2607216536998749, 0.34946307898935347, 0.34943707176193906, 0.4999001158875935, 0.4901621885960184, 0.17218717506953649, 0.17218717506953649, 0.8708022199571133, 0.0, 0.0, 0.0, 0.054944895952939984, 0.4891958562657237, 0.4904209282249212, 0.0, -0.0, 0.020546073094010353, 0.6031746031746031, 0.021062219515442848, 0.8, 0.03934341296553612, 0.0]
[0.4642857142857143, 0.5, 0.3333333333333333, 0.42424242424242425, 0.6153846153846154, 0.5869565217391305, 0.37813642621040344, 0.3730360269546509, 0.3326654643903043, 0.3326397192865667, 0.47420074777894905, 0.51736698216229, 0.1721358352473804, 0.1721358352473804, 0.8716321401298046, 0.0, 0.0, 0.0, 0.0546224195510149, 0.4890830023214221, 0.49036149494349957, 0.0, -0.0, 0.020415395498275757, 0.6031746031746031, 0.021066633984446526, 0.8, 0.039472546428442, 0.0]
[0.4642857142857143, 0.5, 0.3333333333333333, 0.42424242424242425, 0.6153846153846154, 0.5869565217391305, 0.37069377303123474, 0.36684200167655945, 0.32880519179495526, 0.3287794011044912, 0.46967286327373003, 0.5220303931559427, 0.17286989837884903, 0.17286989837884903, 0.872524980455637, 0.0, 0.0, 0.0, 0.05388915687799453, 0.4888473730534315, 0.4901619600132108, 0.0, -0.0, 0.020440874621272087, 0.6031746031746031, 0.02130841091275215, 0.8, 0.038788337260484695, 0.0]
[0.4642857142857143, 0.5, 0.3333333333333333, 0.42424242424242425, 0.6153846153846154, 0.5869565217391305, 0.9947017431259155, 0.994749128818512, 0.3818291988701027, 0.3818062345566759, 0.36038264991220503, 0.6367403753806204, 0.23285266544137684, 0.23285266544137684, 0.7743126749992371, 0.0, 0.0, 0.0, 0.052423872798681256, 0.48531431518495083, 0.48810493014752865, 0.0, -0.0, 0.022572726011276245, 0.6031746031746031, 0.02443188987672329, 0.8, 0.037351638078689575, 0.0]
[0.4642857142857143, 0.5, 0.3333333333333333, 0.42424242424242425, 0.6153846153846154, 0.5869565217391305, 0.9697986841201782, 0.9695963859558105, 0.3727991407733574, 0.3727754128822633, 0.3735386600457915, 0.6218404906151122, 0.2215168731553214, 0.2215168731553214, 0.8269640505313873, 0.0, 0.0, 0.0, 0.050948859378695484, 0.483922241255641, 0.486872342415154, 0.0, -0.0, 0.024795662611722946, 0.6031746031746031, 0.026916177943348885, 0.8, 0.03575108200311661, 0.0]
[0.4642857142857143, 0.5, 0.3333333333333333, 0.42424242424242425, 0.6153846153846154, 0.5869565217391305, 0.4553995132446289, 0.4529719650745392, 0.31700146631346604, 0.31697566422632045, 0.48408770527028216, 0.5082219885315945, 0.172683484852314, 0.172683484852314, 0.8673446848988533, 0.0, 0.0, 0.0, 0.050825264677405356, 0.48518786672502756, 0.48769954591989517, 0.0, -0.0, 0.023947207257151604, 0.6031746031746031, 0.02576206438243389, 0.8, 0.035956405103206635, 0.0]
[0.4642857142857143, 0.5, 0.3333333333333333, 0.42424242424242425, 0.6153846153846154, 0.5869565217391305, 0.32789063453674316, 0.3254561126232147, 0.3363961111291189, 0.33637047999219727, 0.5002166044178916, 0.49149645509450385, 0.16190119087696075, 0.16190119087696075, 0.8735539838671684, 0.0, 0.0, 0.0, 0.05048236213624477, 0.4863224448636174, 0.48849087208509445, 0.0, -0.0, 0.022835610434412956, 0.6031746031746031, 0.024361584335565567, 0.8, 0.035777654498815536, 0.0]
[0.4642857142857143, 0.5, 0.3333333333333333, 0.42424242424242425, 0.6153846153846154, 0.5869565217391305, 0.31283605098724365, 0.310267835855484, 0.34301357150761624, 0.34298820249437145, 0.5288225639162738, 0.46333197831145156, 0.1497095237885203, 0.1497095237885203, 0.8806081861257553, 0.0, 0.0, 0.0, 0.04939246475696563, 0.4872419387102127, 0.48918829020112753, 0.0, -0.0, 0.022110672667622566, 0.6031746031746031, 0.023333827033638954, 0.8, 0.03487258031964302, 0.0]
[0.4642857142857143, 0.5, 0.3333333333333333, 0.42424242424242425, 0.6153846153846154, 0.5869565217391305, 0.30793893337249756, 0.30449387431144714, 0.34399553238775715, 0.3439699354408804, 0.552264543609911, 0.43980775731420835, 0.14703078993729182, 0.14703078993729182, 0.8839976452291012, 0.0, 0.0, 0.0, 0.04898742064833641, 0.4879191592335701, 0.489678330719471, 0.0, -0.0, 0.021468888968229294, 0.6031746031746031, 0.022416939958930016, 0.8, 0.033967193216085434, 0.0]
[0.4642857142857143, 0.5, 0.3333333333333333, 0.42424242424242425, 0.6153846153846154, 0.5869565217391305, 0.9903881549835205, 0.9905871152877808, 0.3803998840470615, 0.3803764068829626, 0.3863404613152061, 0.6089937807218472, 0.21833455988339018, 0.21833455988339018, 0.8297782316803932, 0.0, 0.0, 0.0, 0.049534245580434795, 0.4869289183989167, 0.48871770687401295, 0.0, -0.0, 0.02280779555439949, 0.6031746031746031, 0.023807166144251823, 0.8, 0.03440749645233154, 0.0]
[0.4642857142857143, 0.5, 0.3333333333333333, 0.42424242424242425, 0.6153846153846154, 0.5869565217391305, 0.9882256388664246, 0.9882118701934814, 0.3811629374670025, 0.3811395286829932, 0.38653206232628906, 0.6088540688020955, 0.2197585999965668, 0.2197585999965668, 0.8231822550296783, 0.0, 0.0, 0.0, 0.049093460291624064, 0.4864279394969344, 0.4882030012086034, 0.0, -0.0, 0.023639749735593796, 0.6031746031746031, 0.024749070405960083, 0.8, 0.03388078510761261, 0.0]
[0.4642857142857143, 0.5, 0.3333333333333333, 0.42424242424242425, 0.6153846153846154, 0.5869565217391305, 0.34534963965415955, 0.343819260597229, 0.34815844386303174, 0.348132789932747, 0.40656432298583695, 0.5847303965984699, 0.1611302367278508, 0.1611302367278508, 0.879991639405489, 0.0, 0.0, 0.0, 0.04752808213233947, 0.48683421686291695, 0.48840736504644156, 0.0, -0.0, 0.023728761821985245, 0.6031746031746031, 0.02485441416501999, 0.8, 0.03251111879944801, 0.0]
[0.4642857142857143, 0.5, 0.3333333333333333, 0.42424242424242425, 0.6153846153846154, 0.5869565217391305, 0.2314474731683731, 0.2306678742170334, 0.40422871555014733, 0.4042035174871266, 0.42022875048234404, 0.5685608858879342, 0.14509079179593495, 0.14509079179593495, 0.8900746665894985, 0.0, 0.0, 0.0, 0.04841100089251995, 0.4883989365771413, 0.4896375685930252, 0.0, -0.0, 0.022009478881955147, 0.6031746031746031, 0.0228131003677845, 0.8, 0.034124135971069336, 0.0]
[0.4642857142857143, 0.5, 0.3333333333333333, 0.42424242424242425, 0.6153846153846154, 0.5869565217391305, 0.18841323256492615, 0.18813598155975342, 0.4140472758568496, 0.41402188405024165, 0.4442756859795769, 0.5431187885732491, 0.12609271066529412, 0.12609271066529412, 0.8941730111837387, 0.0, 0.0, 0.0, 0.049204050377011296, 0.49052677769213915, 0.4912415789440274, 0.0, -0.0, 0.020238377153873444, 0.6031746031746031, 0.020523851737380028, 0.8, 0.035930242389440536, 0.0]
[0.4642857142857143, 0.5, 0.3333333333333333, 0.42424242424242425, 0.6153846153846154, 0.5869565217391305, 0.1824733316898346, 0.1822100728750229, 0.41235006493774473, 0.4123246902261592, 0.4578602426822509, 0.5296954763956275, 0.12208869414670127, 0.12208869414670127, 0.8953185267746449, 0.0, 0.0, 0.0, 0.048929234966635704, 0.49124456476420164, 0.49177532736212015, 0.0, -0.0, 0.01926356554031372, 0.6031746031746031, 0.01928798481822014, 0.8, 0.035904064774513245, 0.0]
[0.4642857142857143, 0.5, 0.3333333333333333, 0.42424242424242425, 0.6153846153846154, 0.5869565217391305, 0.9280794262886047, 0.9279845356941223, 0.34431295276371976, 0.344287811684107, 0.49950398810307567, 0.49299175100567644, 0.1824435272387096, 0.1824435272387096, 0.8708101511001587, 0.0, 0.0, 0.0, 0.053323613852262496, 0.4919720897451043, 0.49211797397583723, 0.0, -0.0, 0.019329719245433807, 0.6031746031746031, 0.019077375531196594, 0.8, 0.03641669079661369, 0.0]
[0.4642857142857143, 0.5, 0.3333333333333333, 0.42424242424242425, 0.6153846153846154, 0.5869565217391305, 0.970319390296936, 0.9703003168106079, 0.3617780824008453, 0.36175367070885506, 0.5067327278407993, 0.48674306445043763, 0.19479202372687204, 0.19479202372687204, 0.8610173314809799, 0.0, 0.0, 0.0, 0.05387085080146789, 0.4918059865012765, 0.4919166723266244, 0.0, -0.0, 0.019871549680829048, 0.6031746031746031, 0.01973559707403183, 0.8, 0.03623129054903984, 0.0]
[0.4642857142857143, 0.5, 0.3333333333333333, 0.42424242424242425, 0.6153846153846154, 0.5869565217391305, 0.31550899147987366, 0.3146885335445404, 0.3463125689307772, 0.3462862198029148, 0.3229850888480192, 0.6684507757887508, 0.19342214933463506, 0.19342214933463506, 0.8592921942472458, 0.0, 0.0, 0.0, 0.0546544786542654, 0.49091816134750843, 0.4907689839601517, 0.0, -0.0, 0.02177000790834427, 0.6031746031746031, 0.021909458562731743, 0.8, 0.03336477279663086, 0.02225348260253668]
[0.4642857142857143, 0.5, 0.3333333333333333, 0.42424242424242425, 0.6153846153846154, 0.5869565217391305, 0.10649821162223816, 0.10547000169754028, 0.4193743241676637, 0.41935044811970873, 0.24142679976687603, 0.7552509913658271, 0.17031558922358922, 0.17031558922358922, 0.8788218311965466, 0.0, 0.0, 0.0, 0.05353599302470684, 0.49189951829612255, 0.49164912570267916, 0.0, -0.0, 0.018722254782915115, 0.6031746031746031, 0.018247786909341812, 0.8, 0.0314372293651104, 0.08627797476947308]
[0.4642857142857143, 0.5, 0.3333333333333333, 0.42424242424242425, 0.6153846153846154, 0.5869565217391305, 0.07761000096797943, 0.07630626112222672, 0.43100774903598293, 0.43098434595031443, 0.22499513261404824, 0.772916144161739, 0.16643154833998, 0.16643154833998, 0.8797592334449291, 0.0, 0.0, 0.0, 0.05250972099602222, 0.49235334945842624, 0.49209148064255714, 0.0, -0.0, 0.017285209149122238, 0.6031746031746031, 0.016547098755836487, 0.8, 0.03030422143638134, 0.101200882345438]
[0.4642857142857143, 0.5, 0.3333333333333333, 0.42424242424242425, 0.6153846153846154, 0.5869565217391305, 0.054116908460855484, 0.05235930159687996, 0.43942193045898786, 0.4393987325135882, 0.21978242720974106, 0.7783493297683071, 0.15753152115004404, 0.15753152115004404, 0.8795625679194927, 0.0, 0.0, 0.0, 0.050156735628843305, 0.49294398352503777, 0.4926583142951131, 0.0, -0.0, 0.014963584952056408, 0.6031746031746031, 0.013886209577322006, 0.8, 0.027257539331912994, 0.11707650497555733]
[0.4642857142857143, 0.5, 0.3333333333333333, 0.42424242424242425, 0.6153846153846154, 0.5869565217391305, 0.049249522387981415, 0.04775987192988396, 0.4341616496073356, 0.4341382522200079, 0.22061686944323333, 0.7773298738056975, 0.1518210768699646, 0.1518210768699646, 0.8760801255702972, 0.0, 0.0, 0.0, 0.04944732561707496, 0.49299735808745027, 0.49266154738143086, 0.0, -0.0, 0.013811856508255005, 0.6031746031746031, 0.012664583511650562, 0.8, 0.02570229209959507, 0.12301617302000523]
[0.4642857142857143, 0.5, 0.3333333333333333, 0.42424242424242425, 0.6153846153846154, 0.5869565217391305, 0.04698619991540909, 0.045559752732515335, 0.4275916848994122, 0.42756807667347485, 0.23046797867258922, 0.7668797094046449, 0.14565790870359965, 0.14565790870359965, 0.8729472048580647, 0.0, 0.0, 0.0, 0.04878304973244667, 0.4929701089859009, 0.49260613694787025, 0.0, -0.0, 0.012968119233846664, 0.6031746031746031, 0.011787177063524723, 0.8, 0.024772580713033676, 0.12321901507675648]
[0.4642857142857143, 0.5, 0.3333333333333333, 0.42424242424242425, 0.6153846153846154, 0.5869565217391305, 0.08715793490409851, 0.08592315763235092, 0.4148824816680091, 0.4148582295295613, 0.2486849359982784, 0.7469867332892888, 0.1452406868338585, 0.1452406868338585, 0.869941882789135, 0.0, 0.0, 0.0, 0.04899347312748432, 0.49261661199852824, 0.4922344461083412, 0.0, -0.0, 0.012611177749931812, 0.6031746031746031, 0.011355822905898094, 0.8, 0.023735832422971725, 0.10731360875070095]
[0.4642857142857143, 0.5, 0.3333333333333333, 0.42424242424242425, 0.6153846153846154, 0.5869565217391305, 0.09157470613718033, 0.0902785137295723, 0.41565398572735757, 0.415629556940345, 0.2553544108316046, 0.739469299758091, 0.1459548782025065, 0.1459548782025065, 0.8695262297987938, 0.0, 0.0, 0.0, 0.04854509420692921, 0.4922824865207076, 0.49189389776438475, 0.0, -0.0, 0.012851046398282051, 0.6031746031746031, 0.011583171784877777, 0.8, 0.02295009233057499, 0.10464117862284184]
[0.4642857142857143, 0.5, 0.3333333333333333, 0.42424242424242425, 0.6153846153846154, 0.5869565217391305, 0.2736327648162842, 0.27288973331451416, 0.360691511380285, 0.3606646266083872, 0.36426947677568544, 0.6240339130511425, 0.1495637797883579, 0.1495637797883579, 0.8675844073295593, 0.0, 0.0, 0.0, 0.04856133237481117, 0.49145625345408916, 0.4911486878991127, 0.0, -0.0, 0.013648166321218014, 0.6031746031746031, 0.012420587241649628, 0.8, 0.02194342389702797, 0.09374096989631653]
[0.4642857142857143, 0.5, 0.3333333333333333, 0.42424242424242425, 0.6153846153846154, 0.5869565217391305, 0.9709851741790771, 0.9709239602088928, 0.362962972593581, 0.362938526711546, 0.5511129659174961, 0.4426722220612707, 0.23702060537678857, 0.23702060537678857, 0.8283283486962318, 0.0, 0.0, 0.0, 0.053681023046374315, 0.49023111909627914, 0.489917004480958, 0.0, -0.0, 0.01636205054819584, 0.6031746031746031, 0.015836095437407494, 0.8, 0.024232562631368637, 0.07963193580508232]
[0.4642857142857143, 0.5, 0.3333333333333333, 0.42424242424242425, 0.6153846153846154, 0.5869565217391305, 0.17286884784698486, 0.17260479927062988, 0.4227013859192682, 0.422675230534993, 0.5570333026791165, 0.42861390245525555, 0.20567244717053007, 0.20567244717053007, 0.8430005013942719, 0.0, 0.0, 0.0, 0.06730015724897384, 0.48943846486508846, 0.48882980085909367, 0.0, -0.0, 0.018433427438139915, 0.6031746031746031, 0.018513934686779976, 0.8, 0.031169716268777847, 0.06055572535842657]
[0.4642857142857143, 0.5, 0.3333333333333333, 0.42424242424242425, 0.6153846153846154, 0.5869565217391305, 0.01981968618929386, 0.019961101934313774, 0.48602459695097594, 0.48600054995279696, 0.5417981788259619, 0.44419421469909465, 0.16522235104015898, 0.16522235104015898, 0.863607682287693, 0.0, 0.0, 0.0, 0.062407047301530835, 0.490483608096838, 0.4899769015610218, 0.0, -0.0, 0.016937043517827988, 0.6031746031746031, 0.016704136505723, 0.8, 0.03163361921906471, 0.02738380106166005]
[0.4642857142857143, 0.5, 0.3333333333333333, 0.42424242424242425, 0.6153846153846154, 0.5869565217391305, 0.0, 0.0, 0.5146657812549781, 0.5146427756285804, 0.5183909119998975, 0.46765563428237333, 0.16438102615731104, 0.16438102615731104, 0.8698909766972065, 0.0, 0.0, 0.0, 0.05901585184037685, 0.4911924619227648, 0.4908620724454522, 0.0, -0.0, 0.015213673934340477, 0.6031746031746031, 0.014870751649141312, 0.8, 0.032125309109687805, 0.008632304379716516]
[0.4642857142857143, 0.5, 0.3333333333333333, 0.42424242424242425, 0.6153846153846154, 0.5869565217391305, 0.0, 0.0, 0.5182920486361757, 0.5182693008596992, 0.5009939265054567, 0.48529468297907724, 0.16921978976045338, 0.16921978976045338, 0.8705336265265942, 0.0, 0.0, 0.0, 0.058003797009587285, 0.49127034842967987, 0.491015856154263, 0.0, -0.0, 0.014699873514473438, 0.6031746031746031, 0.014358475804328918, 0.8, 0.032673679292201996, 0.0]
[0.4642857142857143, 0.5, 0.3333333333333333, 0.42424242424242425, 0.6153846153846154, 0.5869565217391305, 0.0, 0.0, 0.5103639463678601, 0.510340952138144, 0.461170491479323, 0.5249903222064393, 0.17279033149991718, 0.17279033149991718, 0.8720991499722004, 0.0, 0.0, 0.0, 0.056008937954902645, 0.49142339173704386, 0.49138048104941845, 0.0, -0.0, 0.014252736233174801, 0.6031746031746031, 0.013944181613624096, 0.8, 0.03447113186120987, 0.0]
[0.4642857142857143, 0.5, 0.3333333333333333, 0.42424242424242425, 0.6153846153846154, 0.5869565217391305, 0.9187735915184021, 0.9177232384681702, 0.34072826332617445, 0.3407035667171442, 0.4502403045475597, 0.5435917508597078, 0.29758327773639137, 0.29758327773639137, 0.8293591141700745, 0.0, 0.0, 0.0, 0.05605228841304779, 0.4896069513633847, 0.48991878889501095, 0.0, -0.0, 0.016106482595205307, 0.6031746031746031, 0.016611360013484955, 0.8, 0.03619064390659332, 0.0]
[0.4642857142857143, 0.5, 0.3333333333333333, 0.42424242424242425, 0.6153846153846154, 0.5869565217391305, 0.2608998417854309, 0.25851163268089294, 0.3591582474243572, 0.359132262990306, 0.6145707489655533, 0.37731290268801776, 0.22554235798971994, 0.22554235798971994, 0.8460993617773056, 0.0, 0.0, 0.0, 0.054490662738680834, 0.48843498434871435, 0.4887881185859442, 0.0, -0.0, 0.018015889450907707, 0.6031746031746031, 0.018877049908041954, 0.8, 0.035625409334897995, 0.0]
[0.4642857142857143, 0.5, 0.3333333333333333, 0.42424242424242425, 0.6153846153846154, 0.5869565217391305, 0.11732911318540573, 0.11620641499757767, 0.4051346377706436, 0.4051098499881606, 0.6852018769338983, 0.30945914602593705, 0.191355294414929, 0.191355294414929, 0.8674743101000786, 0.0, 0.0, 0.0, 0.05102518685162067, 0.48845562152564526, 0.4888798100873828, 0.0, -0.0, 0.018369261175394058, 0.6031746031746031, 0.01908828876912594, 0.8, 0.03402185067534447, 0.0]
[0.4642857142857143, 0.5, 0.3333333333333333, 0.42424242424242425, 0.6153846153846154, 0.5869565217391305, 0.07469998300075531, 0.07363489270210266, 0.41791965172805934, 0.4178955078580867, 0.6690695778133764, 0.3256796326686907, 0.1802489853331021, 0.1802489853331021, 0.871919147670269, 0.0, 0.0, 0.0, 0.04801685698330402, 0.48874805215746164, 0.489252264611423, 0.0, -0.0, 0.017924679443240166, 0.6031746031746031, 0.01860395446419716, 0.8, 0.03221245855093002, 0.0]
[0.4642857142857143, 0.5, 0.3333333333333333, 0.42424242424242425, 0.6153846153846154, 0.5869565217391305, 0.06780881434679031, 0.06651299446821213, 0.4063207702016739, 0.4062969967238534, 0.7347908330009271, 0.26461425241908376, 0.17621788595403945, 0.17621788595403945, 0.8741632662713528, 0.0, 0.0, 0.0, 0.0441089516505599, 0.48901732731610537, 0.4896688358858228, 0.0, -0.0, 0.01768740452826023, 0.6031746031746031, 0.01831183210015297, 0.8, 0.03033069148659706, 0.0]
[0.4642857142857143, 0.5, 0.3333333333333333, 0.42424242424242425, 0.6153846153846154, 0.5869565217391305, 0.054560333490371704, 0.053267549723386765, 0.40960574400812444, 0.40958198762532627, 0.7384111712585215, 0.26106063033558397, 0.1756337976881436, 0.1756337976881436, 0.8722343929111958, 0.0, 0.0, 0.0, 0.04277828373014927, 0.4888750482350588, 0.489572417922318, 0.0, -0.0, 0.017984194681048393, 0.6031746031746031, 0.0187503881752491, 0.8, 0.029128437861800194, 0.0]
[0.4642857142857143, 0.5, 0.3333333333333333, 0.42424242424242425, 0.6153846153846154, 0.5869565217391305, 0.06640789657831192, 0.06560611724853516, 0.40528661821813927, 0.4052632436241748, 0.7835184848559291, 0.2194327008377247, 0.19456821892942702, 0.19456821892942702, 0.8672921806573868, 0.0, 0.0, 0.0, 0.07419623620808125, 0.48808917216956615, 0.48873891215771437, 0.11651638150215149, -0.0, 0.022923950105905533, 0.6031746031746031, 0.02532072924077511, 0.8, 0.029554173350334167, 0.0]
[0.4642857142857143, 0.5, 0.3333333333333333, 0.42424242424242425, 0.6153846153846154, 0.5869565217391305, 0.739386796951294, 0.7062785029411316, 0.28954190277916525, 0.28951655655928366, 0.4425416124938323, 0.5521525530845389, 0.22173993289470675, 0.22173993289470675, 0.8438328728079796, 0.0, 0.0, 0.0, 0.25044837445020673, 0.4439217187464237, 0.4410563111305237, 0.35833540558815, 0.35833540558815, 0.10917025059461594, 0.4563318997621536, 0.11229748278856277, 0.5588391111340634, 0.031471747905015945, 0.0]
[0.4642857142857143, 0.5, 0.3333333333333333, 0.42424242424242425, 0.6153846153846154, 0.5869565217391305, 0.36882761120796204, 0.3677241802215576, 0.3549313321852091, 0.35490649881599967, 0.4009742905487294, 0.5922406245777251, 0.16540226659604482, 0.16540226659604482, 0.8740148097276688, 0.0, 0.0, 0.0, 0.1886117309331894, 0.45398762822151184, 0.45426465570926666, 0.2748839259147644, 0.2748839259147644, 0.120051309466362, 0.4519794762134552, 0.1240982711315155, 0.5343871580999952, 0.03511495143175125, 0.0]
[0.4642857142857143, 0.5, 0.3333333333333333, 0.42424242424242425, 0.6153846153846154, 0.5869565217391305, 0.11749571561813354, 0.11736094951629639, 0.41627459772230335, 0.4162508983229132, 0.4194667911438368, 0.5725294326568374, 0.12642511831862588, 0.12642511831862588, 0.8942490480840206, 0.0, 0.0, 0.0, 0.12543569281697273, 0.471814826130867, 0.47233282774686813, 0.1849564164876938, 0.1849564164876938, 0.12281742691993713, 0.45087302923202516, 0.12495185434818268, 0.5872104472892229, 0.03575708717107773, 0.009502473985776305]
[0.4642857142857143, 0.5, 0.3333333333333333, 0.42424242424242425, 0.6153846153846154, 0.5869565217391305, 0.02061685174703598, 0.020415684208273888, 0.42901294226856124, 0.4289894480094399, 0.4415356843922836, 0.5499750835097265, 0.08667182443397387, 0.08667182443397387, 0.9193247556686401, 0.0, 0.0, 0.0, 0.0693873394280672, 0.48117742128670216, 0.4821140170097351, 0.10467106848955154, -0.0, 0.09225784987211227, 0.4630968600511551, 0.08970900624990463, 0.6197913597489513, 0.031082874163985252, 0.018095457926392555]
[0.4642857142857143, 0.5, 0.3333333333333333, 0.42424242424242425, 0.6153846153846154, 0.5869565217391305, 0.015729401260614395, 0.015541155822575092, 0.42870320895433883, 0.4286796406167871, 0.4468529999370101, 0.5444397366246981, 0.08031196360077178, 0.08031196360077178, 0.924084234982729, 0.0, 0.0, 0.0, 0.06520840898156166, 0.4831831492483616, 0.48395648784935474, 0.0, -0.0, 0.08157742023468018, 0.46736903190612794, 0.07939378172159195, 0.6253959030606027, 0.02838263474404812, 0.019687695894390345]
[0.4642857142857143, 0.5, 0.3333333333333333, 0.42424242424242425, 0.6153846153846154, 0.5869565217391305, 0.029254380613565445, 0.028985118493437767, 0.41800532058365714, 0.41798154140749577, 0.47084654767928114, 0.5205425392778558, 0.06871743127703667, 0.06871743127703667, 0.9271524921059608, 0.0, 0.0, 0.0, 0.0672382216900587, 0.4846244668588042, 0.4853073116391897, 0.10040014982223511, -0.0, 0.0718437135219574, 0.47126251459121704, 0.0, 0.6976744186046512, 0.024076875299215317, 0.026685199700295925]
[0.4642857142857143, 0.5, 0.3333333333333333, 0.42424242424242425, 0.6153846153846154, 0.5869565217391305, 0.025010971352458, 0.024709252640604973, 0.41389070824500934, 0.413866843593736, 0.47723813580053487, 0.5142234810628986, 0.06571482068725995, 0.06571482068725995, 0.9287199750542641, 0.0, 0.0, 0.0, 0.055419537052512166, 0.48638388328254223, 0.48702322877943516, 0.0, -0.0, 0.0662623718380928, 0.4734950512647629, 0.0, 0.6976744186046512, 0.02257249504327774, 0.029694191180169582]
[0.4642857142857143, 0.5, 0.3333333333333333, 0.42424242424242425, 0.6153846153846154, 0.5869565217391305, 0.02913212776184082, 0.02859535627067089, 0.4061600086110044, 0.40613608127798223, 0.48447555713854146, 0.5073799418623037, 0.055481466863836565, 0.055481466863836565, 0.9358301237225533, 0.0, 0.0, 0.0, 0.03914811704307794, 0.48859806545078754, 0.4892007876187563, 0.0, -0.0, 0.0, 0.5, 0.0, 0.6976744186046512, 0.019253959879279137, 0.02658635377883911]
[0.4642857142857143, 0.5, 0.3333333333333333, 0.42424242424242425, 0.6153846153846154, 0.5869565217391305, 0.028373755514621735, 0.027781564742326736, 0.3944893849739381, 0.3944652695956695, 0.4851233616157882, 0.5070138405608807, 0.050455552658864436, 0.050455552658864436, 0.9392739981412888, 0.0, 0.0, 0.0, 0.03143104054033756, 0.49003569781780243, 0.49058785382658243, 0.0, -0.0, 0.0, 0.5, 0.0, 0.6976744186046512, 0.016828665509819984, 0.02071176888421178]
[0.4642857142857143, 0.5, 0.3333333333333333, 0.42424242424242425, 0.6153846153846154, 0.5869565217391305, 0.027147730812430382, 0.026487983763217926, 0.3839576545226642, 0.38393351635103246, 0.47623733478112157, 0.5164787048540831, 0.04354427169476237, 0.04354427169476237, 0.9493938740342855, 0.0, 0.0, 0.0, 0.022762531135231256, 0.4918881915509701, 0.4924016376025975, 0.0, -0.0, 0.0, 0.5, 0.0, 0.6976744186046512, 0.014026219956576824, 0.011528882896527648]
[0.4642857142857143, 0.5, 0.3333333333333333, 0.42424242424242425, 0.6153846153846154, 0.5869565217391305, 0.025326425209641457, 0.024665456265211105, 0.36675217548246364, 0.36672780937719984, 0.46326660904784045, 0.5298731421142823, 0.038369969863976755, 0.038369969863976755, 0.9542881492525339, 0.0, 0.0, 0.0, 0.019139671232551336, 0.4929529461078346, 0.4934346918016672, 0.0, -0.0, 0.0, 0.5, 0.0, 0.6976744186046512, 0.01222329493612051, 0.0015538942534476519]
[0.4642857142857143, 0.5, 0.3333333333333333, 0.42424242424242425, 0.6153846153846154, 0.5869565217391305, 0.02388688549399376, 0.023264331743121147, 0.3543069307936309, 0.3542824051348247, 0.45640890947035573, 0.537014596270279, 0.03565280831285886, 0.03565280831285886, 0.9557406343519688, 0.0, 0.0, 0.0, 0.01788431769236922, 0.4935126365162432, 0.4939662581309676, 0.0, -0.0, 0.0, 0.5, 0.0, 0.6976744186046512, 0.01150057278573513, 0.0]
[0.4642857142857143, 0.5, 0.3333333333333333, 0.42424242424242425, 0.6153846153846154, 0.5869565217391305, 0.05094923451542854, 0.05035623908042908, 0.31380177957377975, 0.3137769576012518, 0.4574824141954601, 0.5373838686983576, 0.02933577368302005, 0.02933577368302005, 0.9477085340768099, 0.0, 0.0, 0.0, 0.015134776942431925, 0.49449734715744853, 0.4948478937149048, 0.0, -0.0, 0.0, 0.5, 0.0, 0.6976744186046512, 0.01052124798297882, 0.0]
[0.4642857142857143, 0.5, 0.3333333333333333, 0.42424242424242425, 0.6153846153846154, 0.5869565217391305, 0.07191387563943863, 0.07104237377643585, 0.29790973389809716, 0.2978848435454797, 0.4579649126552487, 0.5375520352828976, 0.0273977206753833, 0.0273977206753833, 0.9361997731029987, 0.0, 0.0, 0.0, 0.01487153647467494, 0.49415658274665475, 0.4944668202660978, 0.0, -0.0, 0.0, 0.5, 0.0, 0.6976744186046512, 0.010848880745470524, 0.0]
[0.4642857142857143, 0.5, 0.3333333333333333, 0.42424242424242425, 0.6153846153846154, 0.5869565217391305, 0.08305221796035767, 0.082217276096344, 0.2902153554883559, 0.2901905335158281, 0.4623059343197605, 0.5334670400705616, 0.024926546694976945, 0.024926546694976945, 0.9331686459481716, 0.0, 0.0, 0.0, 0.0132773008197546, 0.49384660786017776, 0.49408089090138674, 0.0, -0.0, 0.0, 0.5, 0.0, 0.6976744186046512, 0.010720162652432919, 0.0]
[0.4642857142857143, 0.5, 0.3333333333333333, 0.42424242424242425, 0.6153846153846154, 0.5869565217391305, 0.08571141213178635, 0.08490505069494247, 0.2898857178697167, 0.28986091869055197, 0.46354873105171307, 0.5324083610036354, 0.023811101647359986, 0.023811101647359986, 0.9314735755324364, 0.0, 0.0, 0.0, 0.012649495620280504, 0.4935980988666415, 0.49378701113164425, 0.0, -0.0, 0.0, 0.5, 0.0, 0.6976744186046512, 0.010770628228783607, 0.0]
[0.4642857142857143, 0.5, 0.3333333333333333, 0.42424242424242425, 0.6153846153846154, 0.5869565217391305, 0.0863930806517601, 0.08555474877357483, 0.2910837826263836, 0.2910590290339453, 0.4610256026169538, 0.5349706968722739, 0.024127276348216195, 0.024127276348216195, 0.9288630187511444, 0.0, 0.0, 0.0, 0.01343473894521594, 0.49324124213308096, 0.49345783749595284, 0.0, -0.0, 0.0, 0.5, 0.0, 0.6976744186046512, 0.011085049249231815, 0.0]
[0.4642857142857143, 0.5, 0.3333333333333333, 0.42424242424242425, 0.6153846153846154, 0.5869565217391305, 0.08387742936611176, 0.08305934071540833, 0.2972323835237988, 0.2972076527247237, 0.4594426804701183, 0.5364719817396282, 0.02377853196646486, 0.02377853196646486, 0.9296551384031773, 0.0, 0.0, 0.0, 0.013945518899708985, 0.49324337765574455, 0.49347061244770885, 0.0, -0.0, 0.0, 0.5, 0.0, 0.6976744186046512, 0.010947417467832565, 0.0]
[0.4642857142857143, 0.5, 0.3333333333333333, 0.42424242424242425, 0.6153846153846154, 0.5869565217391305, 0.06524596363306046, 0.0645265132188797, 0.3024362906899096, 0.30241162827092416, 0.46090193437572646, 0.5348986256824119, 0.02172092241900308, 0.02172092241900308, 0.9381383806467056, 0.0, 0.0, 0.0, 0.012635423149913548, 0.49416755931451917, 0.4943611929193139, 0.0, -0.0, 0.0, 0.5, 0.0, 0.6976744186046512, 0.010084902867674828, 0.0]
[0.4642857142857143, 0.5, 0.3333333333333333, 0.42424242424242425, 0.6153846153846154, 0.5869565217391305, 0.06519139558076859, 0.06447383016347885, 0.30478122630949, 0.30475656389050454, 0.4604118884635473, 0.5353706662622459, 0.02163990666823728, 0.02163990666823728, 0.9386122170835733, 0.0, 0.0, 0.0, 0.012642415706068277, 0.4942093240097165, 0.49440114898607135, 0.0, -0.0, 0.0, 0.5, 0.0, 0.6976744186046512, 0.010034708306193352, 0.0]
[0.4642857142857143, 0.5, 0.3333333333333333, 0.42424242424242425, 0.6153846153846154, 0.5869565217391305, 0.056192751973867416, 0.05539558455348015, 0.3100938236280335, 0.3100692067957745, 0.45983963543780676, 0.5357226043376088, 0.020071678528828282, 0.020071678528828282, 0.9450020883232355, 0.0, 0.0, 0.0, 0.011608544178307055, 0.49494631169363856, 0.49511227384209633, 0.0, -0.0, 0.0, 0.5, 0.0, 0.6976744186046512, 0.009401724673807621, 0.0]

程序已被终止，正在关闭套接字...
套接字已关闭。
