[-0.11040499  0.03205121 -0.0964352 ]
[-0.11007271  0.03186957 -0.09633416]
[-0.10958777  0.03226377 -0.09374196]
[-0.10020325  0.03234379 -0.08093794]
[-0.09786547  0.02670274 -0.06152406]
[-0.09709425  0.02468253 -0.0603418 ]
[-0.0963099   0.02477614 -0.05927237]
[-0.09620659  0.02587884 -0.05677731]
[-0.09773455  0.0275124  -0.04627399]
[-0.09858287  0.02644617 -0.04402574]
[-0.0991257   0.02538442 -0.04255964]
[-0.09912858  0.02473724 -0.04005725]
[-0.09674059  0.02741383 -0.03121294]
[-0.1040392   0.02863935 -0.01666735]
[-0.1080058   0.02969743 -0.01198158]
[-0.1093569   0.03041775 -0.00871974]
[-0.10824168  0.03639927 -0.00542145]
[-0.1070097   0.04007295 -0.00474066]
[-0.10812644  0.04318719 -0.00472126]
[-0.12051986  0.05434882 -0.0027945 ]
[-0.12248788  0.05563115 -0.00270294]
[-0.1256704   0.05548523 -0.00269223]
[-0.12710402  0.0525413  -0.00111837]
[-0.12833215  0.052278   -0.00018708]
[-0.13858703  0.05321028  0.00252207]
[-0.14057624  0.05320734  0.00165174]
[-0.14193386  0.05284339  0.00105992]
[-0.14345959  0.05166285  0.00029827]
[-0.16700369  0.04501926  0.00231591]
[-0.18571706  0.03996965 -0.0062055 ]
[-0.18669361  0.03761448 -0.00903388]
[-0.1886895   0.03538173 -0.01165491]
[-0.19056362  0.03349513 -0.01426008]
[-0.19166802  0.03249998 -0.01627338]
[-0.19371971  0.02994167 -0.02889099]
[-0.1984225   0.02870405 -0.03417948]
[-0.22278135  0.023011   -0.0349318 ]
[-0.23638647  0.01955713 -0.0345148 ]
[-0.24832996  0.01857539 -0.03582791]
[-0.30069383  0.01548318 -0.03903558]
[-0.31641033  0.01712931 -0.03805857]
[-0.36285141  0.02085256 -0.04220532]
[-0.38093133  0.02117397 -0.0445008 ]
[-0.38835695  0.02140743 -0.04581803]
[-0.39381602  0.02249763 -0.04651603]
[-0.40624433  0.0275819  -0.04610412]
[-0.41135483  0.03039623 -0.04687388]
[-0.41590949  0.03326029 -0.04814844]
[-0.41949978  0.03518981 -0.04961987]
[-0.42706748  0.03873112 -0.05184273]
[-0.44482657  0.04135892 -0.05918056]
[-0.44228169  0.03947181 -0.05652037]
[-0.43605077  0.03607339 -0.05201935]
[-0.4304639   0.0345587  -0.04800509]
[-0.42769077  0.03287848 -0.04417042]
[-0.42606735  0.0310558  -0.0417994 ]
[-0.42347332  0.03067755 -0.03896576]
[-0.42589777  0.03123578 -0.03957189]
[-0.42547371  0.03242109 -0.04058704]
[-0.40542116  0.04769849 -0.05198976]
[-0.39817106  0.05547393 -0.05730313]
[-0.39947296  0.06310401 -0.06792106]
[-0.40108603  0.06397161 -0.06940737]
[-0.40250551  0.06737699 -0.07268107]
[-0.4031321   0.0696141  -0.07381882]
[-0.40455257  0.07474994 -0.07582666]
[-0.40377098  0.077209   -0.07893577]
[-0.40569767  0.07846996 -0.07725047]
[-0.40294462  0.07839737 -0.07619452]
[-0.40210249  0.07827378 -0.07630522]
[-0.4004459  0.0775622 -0.0762596]
[-0.4004364   0.07618368 -0.0830166 ]
[-0.40294155  0.0764019  -0.08759149]
[-0.40373304  0.07466251 -0.09211232]
[-0.40558737  0.07241214 -0.09677282]
[-0.40521055  0.06960941 -0.10535512]
[-0.40541583  0.06921844 -0.10859679]
[-0.40551951  0.06829163 -0.11172426]
[-0.41730704  0.05705133 -0.11509908]
[-0.42498502  0.05050989 -0.11450163]
[-0.45410862  0.02899488 -0.10898795]
[-0.45840927  0.02672739 -0.10756347]
[-0.46810999  0.02522309 -0.10764576]
[-0.47098731  0.02466292 -0.10799365]
[-0.47251778  0.01270241 -0.10886125]
[-0.46977016  0.01513709 -0.11032693]
[-0.46834462  0.01682418 -0.11132313]
[-0.4687103   0.01751477 -0.1109023 ]
[-0.46607789  0.0152127  -0.10944979]
[-0.46236601  0.01806081 -0.10928388]
[-0.46165624  0.01850966 -0.10869527]
[-0.45562428  0.01927394 -0.10724321]
[-0.44464808  0.02283331 -0.10566641]
[-0.43837526  0.02902579 -0.10467479]
[-0.43609365  0.03295651 -0.10397232]
[-0.43440663  0.04310525 -0.10195186]
[-0.43604579  0.04660995 -0.10061394]
[-0.42036417  0.05910025 -0.08979698]
[-0.41860121  0.06039019 -0.08943568]
[-0.41089448  0.06193039 -0.09199636]
[-0.41056349  0.0609309  -0.09334914]
[-0.41053259  0.06036571 -0.09456711]
[-0.42380714  0.05892122 -0.09815268]
[-0.42668402  0.05962843 -0.09896741]
[-0.44019371  0.05489209 -0.10130712]
[-0.44316437  0.05207605 -0.10253739]
[-0.45254352  0.05159033 -0.10778107]
[-0.45373549  0.05263427 -0.11010443]
[-0.45280179  0.05261547 -0.11041679]
[-0.45312124  0.05255234 -0.11098833]
[-0.45313683  0.0528878  -0.1112323 ]
[-0.45376512  0.05272221 -0.11147729]
[-0.45190521  0.04965394 -0.11253818]
[-0.46013435  0.05102475 -0.11463742]
[-0.44241911  0.04663849 -0.1212836 ]
[-0.43909311  0.04317797 -0.12134548]
[-0.43552732  0.04121886 -0.12456965]
[-0.43575781  0.03652032 -0.12202112]
[-0.43473067  0.03693306 -0.12145381]
[-0.43385159  0.03782706 -0.12136238]
[-0.43162107  0.03954194 -0.12104022]
[-0.42360532  0.04252852 -0.11878752]
[-0.40888258  0.04936011 -0.10332153]
[-0.40869989  0.04989862 -0.09995882]
[-0.40803554  0.05053175 -0.09653719]
[-0.40673181  0.05745374 -0.08264139]
[-0.40604153  0.05888555 -0.07878507]
[-0.40713217  0.06040598 -0.07086622]
[-0.40631431  0.0613733  -0.06631215]
[-0.40359321  0.06225009 -0.06165657]
[-0.38785166  0.07250558 -0.04036382]
[-0.3859658   0.07194006 -0.03536437]
[-0.38376173  0.07055451 -0.03005498]
[-0.3729619   0.06845207 -0.01672562]
[-0.3702514   0.06808594 -0.01462719]
[-0.36755122  0.07043982 -0.00958047]
[-0.36352597  0.07379337 -0.00185942]
[-0.36409038  0.07484633  0.00104346]
[-0.36692985  0.07617959  0.00577048]
[-0.371459    0.0877339   0.03504972]
[-0.36967885  0.08861537  0.03757556]
[-0.36502958  0.09143197  0.04477025]
[-0.36175656  0.09385957  0.05354893]
[-0.36094356  0.09656648  0.06402748]
[-0.36105814  0.09861477  0.0748231 ]
[-0.39783461  0.10346328  0.12439659]
[-0.4021916   0.10420675  0.1229634 ]
[-0.40361174  0.10391922  0.12071677]
[-0.40003687  0.10383704  0.11487767]
[-0.39582312  0.10374095  0.11094516]
[-0.40037929  0.09529718  0.07923781]
[-0.39927327  0.08983655  0.07264105]
[-0.39535792  0.09124824  0.07049181]
[-0.39231496  0.09225363  0.06876931]
[-0.39399577  0.09417783  0.06733874]
[-0.39655345  0.09409224  0.06806214]
[-0.41174071  0.08902103  0.07834029]
[-0.41174071  0.08902103  0.07834029]
[-0.4134058   0.08909701  0.08122921]
[-0.41855972  0.08180447  0.08965603]
[-0.43835863  0.07664654  0.11252858]
[-0.44380065  0.07302843  0.1202232 ]
[-0.44694253  0.07004476  0.12303779]
[-0.44923031  0.06599269  0.1264202 ]
[-0.45174404  0.0621909   0.12846139]
[-0.45295262  0.05943894  0.12910427]
[-0.44798788  0.04162924  0.12805532]
[-0.44814717  0.03951468  0.12746128]
[-0.45342436  0.03434685  0.11747662]
[-0.45686653  0.03219337  0.11087376]
[-0.45388525  0.02567637  0.100789  ]
[-0.45691135  0.02134492  0.10048661]
[-0.46413242  0.0204703   0.09487361]
[-0.46498089  0.01974126  0.09358958]
[-0.46533727  0.01923295  0.09195668]
[-0.46477159  0.01857979  0.09066629]
[-0.46328842  0.01830484  0.08959577]
[-0.46293321  0.0165961   0.08649823]
[-0.46368366  0.01597062  0.08530148]
[-0.46562001  0.01496018  0.08462434]
[-0.46393984  0.0055914   0.07931428]
[-0.46238332  0.003407    0.07928622]
[-0.46247151  0.00210796  0.0803293 ]
[-4.63152194e-01  1.16756048e-04  8.11781213e-02]
[-0.46633446 -0.00431008  0.08241369]
[-0.46613669 -0.00632424  0.08133177]
[-0.46702718 -0.00788388  0.07991265]
[-0.46835479 -0.02100052  0.06567279]
[-0.46660077 -0.04026171  0.05739788]
[-0.47646629 -0.04411108  0.05284542]
[-0.48357885 -0.04413578  0.04774641]
[-0.48263281 -0.0447326   0.04702216]
[-0.48499038 -0.04682711  0.04568201]
[-0.49097916 -0.05201697  0.04295847]
[-0.49192643 -0.05327304  0.04261661]
[-0.49368667 -0.05961674  0.04166067]
[-0.49673038 -0.06174286  0.04085303]
[-0.49742412 -0.06215711  0.03999552]
[-0.49871188 -0.06337692  0.03881248]
[-0.5        -0.06239551  0.00854665]
[-0.5        -0.0622947   0.00528568]
[-0.5        -0.06165195  0.00302838]
[-0.5        -0.06165195  0.00302838]
[-0.5        -0.061377    0.00276297]
[-0.5        -0.06122984  0.00312125]
[-0.5        -0.06072152  0.00293273]
[-0.5        -0.05001313 -0.01054078]
[-0.5        -0.04411031 -0.01227774]
[-0.5        -0.03611734 -0.02163382]
[-0.5        -0.02942257 -0.0265318 ]
[-0.5        -0.02811888 -0.03104229]
[-0.5        -0.02465498 -0.02510437]
[-0.5        -0.02474007 -0.02231085]
[-0.5        -0.02651317 -0.02016428]
[-0.5        -0.02466284 -0.0211233 ]
[-0.5        -0.02175655 -0.02212894]
[-0.5        -0.0059958  -0.02587403]
[-0.5        -0.00245441 -0.02607657]
[-5.00000000e-01  7.72285348e-05 -2.71247048e-02]
[-0.5         0.00228033 -0.02862523]
[-0.5         0.00420692 -0.03336784]
[-0.5         0.00609989 -0.03459248]
[-0.5         0.00890533 -0.03606534]
[-0.5         0.01726249 -0.04660103]
[-0.5         0.02840117 -0.05017019]
[-0.5         0.0285958  -0.05180154]
[-0.5         0.02817329 -0.05350461]
[-0.5         0.03355785 -0.05682939]
[-0.5         0.02986753 -0.05554773]
[-0.5         0.01966315 -0.05007261]
[-0.5         0.01923417 -0.04960675]
[-0.5         0.01858489 -0.04982865]
[-0.5         0.01758881 -0.05048774]
[-0.5         0.01634508 -0.04848443]
[-0.5         0.01573966 -0.04688583]
[-0.5         0.01576508 -0.04434476]
[-0.5         0.01792452 -0.02771918]
[-0.5         0.01829726 -0.02546487]
[-0.5         0.01859943 -0.02405763]
[-0.5         0.01913271 -0.02338803]
[-0.5         0.01895791 -0.02163751]
[-0.5         0.01818912 -0.02047607]
[-0.5         0.01754679 -0.01959548]
[-0.4791868   0.01794899 -0.01787594]
[-0.47777303  0.0177198  -0.01816993]
[-0.47653096  0.01743142 -0.01693994]
[-0.47539013  0.01709967 -0.01558839]
[-0.47388926  0.01687635 -0.01489042]
[-0.46822953  0.01652773 -0.01593225]
[-0.4656417   0.01622837 -0.01620556]
[-0.45980378  0.01179898 -0.0147185 ]
[-4.57705015e-01 -1.44013870e-06 -2.08837073e-02]
[-0.45908018 -0.00204677 -0.02311148]
[-0.46043169 -0.00387192 -0.02581963]
[-0.46269658 -0.00800402 -0.03357762]
[-0.46577665 -0.0121312  -0.04382353]
[-0.46761995 -0.01469428 -0.04799665]
[-0.4701102  -0.01771361 -0.05282591]
[-0.4722447  -0.02404605 -0.06145781]
[-0.47319751 -0.03088555 -0.07249907]
[-0.47400903 -0.03483547 -0.07904046]
[-0.4736936  -0.03916568 -0.08665235]
[-0.47643619 -0.04421568 -0.10063773]
[-0.47968578 -0.0461775  -0.10872283]
[-0.48267727 -0.04826365 -0.11629846]
[-0.48546191 -0.05093835 -0.123977  ]
[-0.48672673 -0.05364494 -0.13078554]
[-0.48694717 -0.05675878 -0.13612604]
[-0.4891836  -0.06090803 -0.14175899]
[-0.49651244 -0.0665734  -0.15393905]
[-0.5        -0.06890985 -0.15914637]
[-0.5        -0.07987287 -0.19400157]
[-0.5        -0.08249796 -0.20450065]
[-0.5        -0.08757087 -0.21476294]
[-0.5        -0.11729881 -0.24090658]
[-0.5        -0.12236489 -0.24602015]
[-0.5        -0.13947415 -0.27201834]
[-0.5        -0.14305642 -0.28338993]
[-0.5        -0.14348657 -0.28814197]
[-0.5        -0.14365177 -0.29292408]
[-0.5        -0.14307648 -0.29680008]
[-0.5        -0.14339101 -0.30104354]
[-0.5        -0.14393488 -0.30142257]
[-0.5        -0.14452331 -0.30099484]
[-0.5        -0.14949673 -0.29402602]
[-0.5        -0.14803529 -0.29611856]
[-0.5        -0.144627   -0.29729497]
[-0.5        -0.1389949  -0.29675263]
[-0.5        -0.13089022 -0.29555994]
[-0.5        -0.12685238 -0.28452018]
[-0.5        -0.12444983 -0.28336465]
[-0.5        -0.11898722 -0.27251816]
[-0.5        -0.11257681 -0.26445588]
[-0.5        -0.07018042 -0.18437994]
[-0.5        -0.06090851 -0.16231525]
[-0.5        -0.05694209 -0.1526871 ]
[-0.5        -0.03696932 -0.11507929]
[-0.5        -0.03350142 -0.1070042 ]
[-0.5        -0.02353886 -0.08750574]
[-0.5        -0.01642849 -0.07720888]
[-0.5         0.03267362 -0.0100566 ]
[-0.5         0.03780053 -0.00453731]
[-5.00000000e-01  4.39276397e-02  1.36047602e-04]
[-0.5         0.0654697   0.02219048]
[-0.5         0.07422781  0.03432005]
[-0.5         0.08983199  0.05809925]
[-0.5         0.09407809  0.06414981]
[-0.49556079  0.10241783  0.0769247 ]
[-0.48430871  0.11642817  0.09502511]
[-0.48346486  0.11922908  0.09768797]
[-0.48376527  0.12149458  0.09900589]
[-0.48349434  0.13146724  0.10179585]
[-0.48277765  0.13435362  0.10366451]
[-0.48275631  0.13703729  0.10618554]
[-0.48229434  0.13947596  0.10933703]
[-0.48211702  0.14170153  0.11248029]
[-0.47913613  0.14626227  0.12327144]
[-0.47814804  0.14730427  0.1267221 ]
[-0.47761544  0.14824787  0.12993845]
[-0.47711989  0.14960752  0.13259213]
[-0.47647818  0.15156628  0.13741891]
[-0.48301592  0.15856515  0.15509093]
[-0.48328074  0.15981296  0.15921284]
[-0.48321917  0.1608609   0.163139  ]
[-0.48427697  0.16215219  0.16887064]
[-0.48503965  0.16335945  0.1703496 ]
[-0.49028468  0.17160697  0.17631015]
[-0.49025529  0.17260133  0.17706437]
[-0.48829331  0.17606594  0.17920426]
[-0.48797133  0.17653728  0.17924474]
[-0.48753359  0.17691064  0.17901169]
[-0.48763248  0.17884703  0.18165745]
[-0.48750167  0.17891528  0.18197583]
[-0.49398922  0.18220201  0.18814211]
[-0.5         0.18723339  0.19679129]
[-0.5         0.18887717  0.20050597]
[-0.5         0.18848136  0.20498836]
[-0.5         0.18781531  0.20578396]
[-0.5         0.18661939  0.20749024]
[-0.5         0.18658255  0.20851509]
[-0.49974492  0.1866733   0.20940991]
[-0.5         0.18781495  0.23341946]
[-0.5         0.18741253  0.23848729]
[-0.5         0.18713605  0.24225765]
[-0.5         0.18651177  0.24759813]
[-0.5         0.18345623  0.24977568]
[-0.5         0.18296048  0.24985896]
[-0.5         0.18291102  0.25011101]
[-0.5         0.18087655  0.25130743]
[-0.5         0.17898469  0.24990681]
[-0.5         0.17842792  0.24825251]
[-0.5         0.17697048  0.24213479]
[-0.5         0.17620032  0.24117444]
[-0.5         0.17534468  0.23974624]
[-0.5         0.17453234  0.23821056]
[-0.5         0.17403167  0.23703974]
[-0.5         0.17329527  0.23407342]
[-0.5         0.17294157  0.23235252]
[-0.5         0.17206018  0.23056361]
[-0.5         0.17098209  0.22884078]
[-0.5         0.16868861  0.22535163]
[-0.5         0.16685969  0.22328302]
[-0.5         0.15495677  0.20635264]
[-0.5         0.15230723  0.1975508 ]
[-0.5         0.14339918  0.18078569]
[-0.5         0.14207286  0.17992334]
[-0.5         0.14096846  0.17914219]
[-0.5         0.14474925  0.1812128 ]
[-0.5         0.14575593  0.18217751]
[-0.5         0.14103159  0.1743641 ]
[-0.5         0.13872163  0.17327054]
[-0.5         0.13616815  0.17189457]
[-0.5         0.13369034  0.16914229]
[-0.5         0.12668431  0.15992197]
[-0.5         0.11669353  0.12828335]
[-0.5         0.11580218  0.122762  ]
[-0.5         0.11435424  0.1175779 ]
[-0.5         0.11276845  0.11275191]
[-0.5         0.08940466  0.07121003]
[-0.5         0.08448814  0.06216941]
[-0.5         0.08094602  0.05887917]
[-0.5         0.07738267  0.05496113]
[-0.5         0.07414196  0.05122422]
[-0.5         0.07050327  0.04615131]
[-0.5         0.06783821  0.04062271]
[-0.5         0.05990749  0.01862301]
[-0.5         0.05804192  0.01528386]
[-0.5         0.04616182  0.00183511]
[-0.5         0.03894369 -0.00659485]
[-0.5         0.03672597 -0.01097503]
[-0.5         0.03515241 -0.01292472]
[-0.5         0.02924082 -0.0205711 ]
[-0.5         0.02736825 -0.02517265]
[-0.5         0.02664259 -0.02748725]
[-0.5         0.02578706 -0.03013177]
[-0.5         0.0229167  -0.03562762]
[-0.5         0.02118881 -0.03794928]
[-0.5         0.01935198 -0.03997868]
[-0.5         0.01749725 -0.04220749]
[-0.5         0.01375903 -0.04658652]
[-0.5         0.01219497 -0.04898204]
[-0.5         0.00465335 -0.0618118 ]
[-0.5         0.0023244  -0.06317423]
[-0.5        -0.0006069  -0.06609456]
[-0.5        -0.00152671 -0.06494597]
[-0.5        -0.00285075 -0.06592114]
[-0.5        -0.00439968 -0.06781904]
[-0.5        -0.00965507 -0.07794263]
[-0.5        -0.01940091 -0.10810621]
[-0.5        -0.02858785 -0.14349511]
[-0.5        -0.0295313  -0.15412019]
[-0.5        -0.0295313  -0.15412019]
[-0.5        -0.03059657 -0.1611176 ]
[-0.5        -0.03212526 -0.16339622]
[-0.5        -0.03482229 -0.16472088]
[-0.5        -0.03777758 -0.16538969]
[-0.5        -0.04419454 -0.16975592]
[-0.5        -0.04522811 -0.1707949 ]
[-0.5        -0.04719513 -0.17342487]
[-0.5        -0.04800941 -0.17496693]
[-0.5        -0.04743486 -0.17580532]
[-0.5        -0.04652387 -0.17637989]
[-0.5        -0.04581181 -0.17677601]
[-0.5        -0.0452172  -0.17804338]
[-0.5        -0.04369429 -0.17484787]
[-0.5        -0.03908638 -0.16772237]
[-0.5        -0.03523236 -0.16568914]
[-0.5        -0.03347746 -0.15750866]
[-0.5        -0.03398442 -0.15689936]
[-0.5        -0.03411105 -0.1566741 ]
[-0.5        -0.03353802 -0.15655577]
[-0.5        -0.03262085 -0.15655951]
[-0.5        -0.02296131 -0.14451426]
[-0.5        -0.01902404 -0.14477378]
[-0.5        -0.01606276 -0.14211889]
[-0.5        -0.01556896 -0.14146701]
[-0.5        -0.01097188 -0.13566464]
[-0.5        -0.00562995 -0.1239559 ]
[-0.5        -0.00420109 -0.12086275]
[-0.5        -0.00316334 -0.1153187 ]
[-0.5        -0.00299697 -0.11157651]
[-0.5        -0.00262772 -0.1078215 ]
[-5.00000000e-01  1.33478097e-04 -9.80951563e-02]
[-0.5         0.00242129 -0.09328263]
[-0.5         0.0047326  -0.08855874]
[-0.5         0.01107408 -0.07856924]
[-0.5         0.01277891 -0.07512642]
[-0.5         0.01623978 -0.06799313]
[-0.5         0.01843444 -0.06493524]
[-0.5         0.02088445 -0.061232  ]
[-0.5         0.03714171 -0.04495714]
[-0.5         0.03861552 -0.04239856]
[-0.5         0.0468412  -0.03065224]
[-0.5         0.04910685 -0.02755183]
[-0.5        0.0507675 -0.0243194]
[-0.5         0.05235168 -0.01996018]
[-0.5         0.06014791 -0.00260482]
[-0.5         0.07380158  0.01356229]
[-0.5         0.08453944  0.0236838 ]
[-0.5         0.08905907  0.02713009]
[-0.5         0.0986368   0.04478332]
[-0.5         0.10156336  0.05292309]
[-0.5         0.11013312  0.07039887]
[-0.5         0.11586828  0.08038567]
[-0.49928575  0.12151096  0.08980434]
[-0.49590045  0.12666984  0.09795487]
[-0.48145049  0.15574394  0.15002845]
[-0.48726767  0.16281983  0.16531575]
[-0.49066513  0.16569895  0.17240961]
[-0.49361717  0.16778089  0.1789017 ]
[-0.49431905  0.17092545  0.19721702]
[-0.49367502  0.17274216  0.20313433]
[-0.49378341  0.17452885  0.20841144]
[-0.49301174  0.17743334  0.21425731]
[-0.49200627  0.17777362  0.21528083]
[-0.49039083  0.17820358  0.2149851 ]
[-0.4893428   0.17818795  0.21371697]
[-0.48904225  0.17792992  0.21185195]
[-0.49058473  0.17502898  0.20509396]
[-0.49189528  0.17523013  0.20419243]
[-0.49336713  0.17521727  0.19891621]
[-0.48620703  0.15787132  0.15413491]
[-0.48620703  0.15787132  0.15413491]
[-0.47610446  0.14509553  0.07968605]
[-0.47929447  0.14305104  0.07060038]
[-0.5         0.12165262  0.05110048]
[-0.5         0.10927457  0.0447706 ]
[-0.5         0.10298085  0.04131499]
[-0.5         0.09745677  0.03852464]
[-0.5         0.09286368  0.03455578]
[-0.4947409   0.09055514  0.03083692]
[-0.4883868   0.08786671  0.0276843 ]
[-0.47339141  0.07095193  0.00403915]
[-0.47356846  0.06748522  0.00087415]
[-0.4717473   0.06086098 -0.01043374]
[-0.45114219  0.04625023 -0.02773641]
[-0.4325377   0.02725959 -0.03063405]
[-0.41712319  0.01135145 -0.03415608]
[-0.41381212  0.00864086 -0.03615827]
[-0.41089728  0.00657024 -0.03878355]
[-0.40898147  0.00490853 -0.04081679]
[-0.40592926  0.00328687 -0.04239422]
[-0.39345256  0.00172653 -0.04772606]
[-0.37622098 -0.00245864 -0.04845132]
[-0.37205548 -0.00269821 -0.04849764]
[-0.36868588 -0.00322505 -0.0485062 ]
[-0.36562819 -0.00378683 -0.04852644]
[-0.3584019  -0.00477474 -0.04938556]
[-0.32780541  0.00092983 -0.06432819]
[-0.32780541  0.00092983 -0.06432819]
[-3.17730272e-01 -1.11309069e-04 -6.26127720e-02]
[-0.31578999  0.00104351 -0.06301068]
[-0.3164321   0.00183917 -0.06325594]
[-0.31643187  0.00281532 -0.06359766]
[-0.31463666  0.00460749 -0.06438767]
[-0.30789478  0.00527791 -0.06438469]
[-0.30481324  0.00534089 -0.06387647]
[-0.30264291  0.0052651  -0.06371586]
[-0.30138958  0.00494751 -0.06343641]
[-0.30073435  0.00468784 -0.0631208 ]
[-0.29539668  0.01367009 -0.06992844]

程序已被终止，正在关闭套接字...
套接字已关闭。
