YAML 文件验证通过
init data completed...
[0.4642857142857143, 0.5, 0.3333333333333333, 0.42424242424242425, 0.6153846153846154, 0.5869565217391305, 0.009549316950142384, 0.009413162246346474, 0.3593197953860573, 0.35928147974251334, 0.4684817333978175, 0.5265436101319406, 0.012294012787086623, 0.012294012787086623, 0.9761450020596385, 0.0, 0.0, 0.0, 0.006443970697000622, 0.4975158909801394, 0.49759499821811914, 0.0, -0.0, 0.0, 0.5, 0.0, 0.6976744186046512, 0.005883891601115465, 0.0]
[0.4642857142857143, 0.5, 0.3333333333333333, 0.42424242424242425, 0.6153846153846154, 0.5869565217391305, 0.008234941400587559, 0.008124048821628094, 0.3693093059167807, 0.36927099027323673, 0.4696896420382177, 0.525078296040891, 0.013705698241080557, 0.013705698241080557, 0.9743180060759187, 0.0, 0.0, 0.0, 0.008904264029115438, 0.4970728273037821, 0.4972213397268206, 0.0, -0.0, 0.0, 0.5, 0.0, 0.6976744186046512, 0.0065509057603776455, 0.0]
[0.4642857142857143, 0.5, 0.3333333333333333, 0.42424242424242425, 0.6153846153846154, 0.5869565217391305, 0.3961116373538971, 0.39279523491859436, 0.27071640824268695, 0.27067850287968065, 0.471632536920945, 0.5255772997448088, 0.020621706332479207, 0.020621706332479207, 0.9595401659607887, 0.0, 0.0, 0.0, 0.012365357670933008, 0.49356534285470843, 0.4946309858933091, 0.0, -0.0, 0.0, 0.5, 0.0, 0.6976744186046512, 0.007053024135529995, 0.0]
[0.4642857142857143, 0.5, 0.3333333333333333, 0.42424242424242425, 0.6153846153846154, 0.5869565217391305, 0.18485064804553986, 0.18366453051567078, 0.3148879061237576, 0.3148495107034424, 0.4721001399178806, 0.5236500923943059, 0.022282078196959838, 0.022282078196959838, 0.958226852118969, 0.0, 0.0, 0.0, 0.013769967667758464, 0.4927234537899494, 0.493866300676018, 0.0, -0.0, 0.0, 0.5, 0.0, 0.6976744186046512, 0.007567098364233971, 0.0]
[0.4642857142857143, 0.5, 0.3333333333333333, 0.42424242424242425, 0.6153846153846154, 0.5869565217391305, 0.05029892921447754, 0.049545761197805405, 0.3663213353312038, 0.3662828259440727, 0.47235932610003034, 0.5221616230954125, 0.019096489995718002, 0.019096489995718002, 0.9695993168279529, 0.0, 0.0, 0.0, 0.010902938153594732, 0.4947673249989748, 0.49540081713348627, 0.0, -0.0, 0.0, 0.5, 0.0, 0.6976744186046512, 0.006892208941280842, 0.0]
[0.4642857142857143, 0.5, 0.3333333333333333, 0.42424242424242425, 0.6153846153846154, 0.5869565217391305, 0.022386042401194572, 0.022070620208978653, 0.36296656254828547, 0.36292785941756706, 0.4732618549585798, 0.5210479194251296, 0.01652600376733712, 0.01652600376733712, 0.9736310932785273, 0.0, 0.0, 0.0, 0.008723933203145861, 0.4961160714738071, 0.49649527855217457, 0.0, -0.0, 0.0, 0.5, 0.0, 0.6976744186046512, 0.006254484411329031, 0.0]
[0.4642857142857143, 0.5, 0.3333333333333333, 0.42424242424242425, 0.6153846153846154, 0.5869565217391305, 0.02430134080350399, 0.023776981979608536, 0.3581352129037248, 0.35809652116968804, 0.4712785075545083, 0.5231267111884426, 0.016004382632672787, 0.016004382632672787, 0.9743183581158519, 0.0, 0.0, 0.0, 0.008311685640364885, 0.4963876851834357, 0.4967166958376765, 0.0, -0.0, 0.0, 0.5, 0.0, 0.6976744186046512, 0.0061813597567379475, 0.0]
[0.4642857142857143, 0.5, 0.3333333333333333, 0.42424242424242425, 0.6153846153846154, 0.5869565217391305, 0.6689624190330505, 0.6651787161827087, 0.21355448261501686, 0.21351728384626983, 0.46525112461177615, 0.5336961974212767, 0.027762556980763166, 0.027762556980763166, 0.9396015349775553, 0.0, 0.0, 0.0, 0.016388658434152603, 0.4937875331379473, 0.49481155071407557, 0.0, -0.0, 0.0, 0.5, 0.0, 0.6976744186046512, 0.009036494418978691, 0.0]
[0.4642857142857143, 0.5, 0.3333333333333333, 0.42424242424242425, 0.6153846153846154, 0.5869565217391305, 0.12443070113658905, 0.12354076653718948, 0.33320333077848296, 0.33316475301126225, 0.45843214241086183, 0.5366980192487549, 0.023874865312661444, 0.023874865312661444, 0.9621254038065672, 0.0, 0.0, 0.0, 0.013423714879900217, 0.49439207883551717, 0.4950139340944588, 0.0, -0.0, 0.0, 0.5, 0.0, 0.6976744186046512, 0.00883125513792038, 0.0]
[0.4642857142857143, 0.5, 0.3333333333333333, 0.42424242424242425, 0.6153846153846154, 0.5869565217391305, 0.09641924500465393, 0.09556356817483902, 0.357737024245253, 0.3576982413377634, 0.45572013677192236, 0.5386146462049762, 0.022296193721038957, 0.022296193721038957, 0.964927215129137, 0.0, 0.0, 0.0, 0.012263357359915971, 0.4948453875258565, 0.495320379268378, 0.0, -0.0, 0.0, 0.5, 0.0, 0.6976744186046512, 0.00822493713349104, 0.0]
[0.4642857142857143, 0.5, 0.3333333333333333, 0.42424242424242425, 0.6153846153846154, 0.5869565217391305, 0.08802973479032516, 0.08733412623405457, 0.38796742878726065, 0.3879286116897262, 0.45072874922597383, 0.5427555392913969, 0.02403896435030869, 0.02403896435030869, 0.9648638684302568, 0.0, 0.0, 0.0, 0.013393232133239508, 0.49482758762314916, 0.4952519736252725, 0.0, -0.0, 0.0, 0.5, 0.007749031763523817, 0.737247780008718, 0.008760402910411358, 0.0]
[0.4642857142857143, 0.5, 0.3333333333333333, 0.42424242424242425, 0.6153846153846154, 0.5869565217391305, 0.18114517629146576, 0.18027561902999878, 0.413803768659413, 0.413765509999277, 0.44442682307263404, 0.5492630259661961, 0.09693839188132967, 0.09693839188132967, 0.9298467338085175, 0.0, 0.0, 0.0, 0.0532351579517126, 0.49143879022449255, 0.4926602472551167, 0.0, -0.0, 0.010455542244017124, 0.6031746031746031, 0.010159050114452839, 0.8, 0.012898136861622334, 0.0]
[0.4642857142857143, 0.5, 0.3333333333333333, 0.42424242424242425, 0.6153846153846154, 0.5869565217391305, 0.0, 0.0, 0.4995109523213816, 0.49947418462321247, 0.43100595975697154, 0.562169127528749, 0.10820536209004267, 0.10820536209004267, 0.9253099747002125, 0.0, 0.0, 0.0, 0.047503814846277234, 0.49074493907392025, 0.4919282365590334, 0.0, -0.0, 0.012553947977721691, 0.6031746031746031, 0.012316348031163216, 0.8, 0.016118967905640602, 0.0]
[0.4642857142857143, 0.5, 0.3333333333333333, 0.42424242424242425, 0.6153846153846154, 0.5869565217391305, 0.0, 0.0, 0.519110927276356, 0.5190747228680788, 0.4372484123273744, 0.556002652939565, 0.11248432099819185, 0.11248432099819185, 0.9252297505736351, 0.0, 0.0, 0.0, 0.04410946667194366, 0.49114803224802017, 0.4921646025031805, 0.0, -0.0, 0.01472106110304594, 0.6031746031746031, 0.014399363659322262, 0.8, 0.018803756684064865, 0.0]
[0.4642857142857143, 0.5, 0.3333333333333333, 0.42424242424242425, 0.6153846153846154, 0.5869565217391305, 0.9101148247718811, 0.9094573855400085, 0.4150711423352389, 0.4150338409963575, 0.45498288543912696, 0.5401591615348149, 0.17578224518469404, 0.17578224518469404, 0.8897074833512306, 0.0, 0.0, 0.0, 0.04423421137034893, 0.48822398763149977, 0.48988088592886925, 0.0, -0.0, 0.024254564195871353, 0.6031746031746031, 0.025869235396385193, 0.8, 0.0198780857026577, 0.0]
[0.4642857142857143, 0.5, 0.3333333333333333, 0.42424242424242425, 0.6153846153846154, 0.5869565217391305, 0.9891812205314636, 0.9891659617424011, 0.39534876314677425, 0.3953121797988337, 0.46556951085650444, 0.531316152899438, 0.1911535593015807, 0.1911535593015807, 0.8255297839641571, 0.0, 0.0, 0.0, 0.044234575144946574, 0.4738199822604656, 0.4748225435614586, 0.0, -0.0, 0.046774689108133316, 0.5922545923127068, 0.04931977763772011, 0.7924934641219848, 0.01903667487204075, 0.0]
[0.4642857142857143, 0.5, 0.3333333333333333, 0.42424242424242425, 0.6153846153846154, 0.5869565217391305, 0.9862584471702576, 0.9862399101257324, 0.3953030852469158, 0.39526639932884083, 0.4652191398248618, 0.531476774880758, 0.19755299602236068, 0.19755299602236068, 0.8118269443511963, 0.0, 0.0, 0.0, 0.04542991369962692, 0.4697903264313936, 0.4702796582132578, 0.0, -0.0, 0.05451074242591858, 0.5173741758815826, 0.057144273072481155, 0.7565248224797637, 0.01909426413476467, 0.0]
[0.4642857142857143, 0.5, 0.3333333333333333, 0.42424242424242425, 0.6153846153846154, 0.5869565217391305, 0.7836599946022034, 0.781098484992981, 0.29094143807318196, 0.29090168644775627, 0.46967643328424163, 0.5243748957016222, 0.18514331962381092, 0.18514331962381092, 0.8439903408288956, 0.0, 0.0, 0.0, 0.05715908370912075, 0.4706436824053526, 0.4708722122013569, 0.0, -0.0, 0.05568164214491844, 0.6031746031746031, 0.05863995850086212, 0.8, 0.020525287836790085, 0.0]
[0.4642857142857143, 0.5, 0.3333333333333333, 0.42424242424242425, 0.6153846153846154, 0.5869565217391305, 0.5321238040924072, 0.5306117534637451, 0.304986093057957, 0.30494492824401276, 0.47079408020635866, 0.5208057456394404, 0.16262584498950414, 0.16262584498950414, 0.8564029037952423, 0.0, 0.0, 0.0, 0.0606825940310955, 0.47245545126497746, 0.4726473521441221, 0.0, -0.0, 0.0535266138613224, 0.6031746031746031, 0.05650054290890694, 0.8, 0.023351989686489105, 0.0]
[0.4642857142857143, 0.5, 0.3333333333333333, 0.42424242424242425, 0.6153846153846154, 0.5869565217391305, 0.9958321452140808, 0.9957653284072876, 0.38584205023873147, 0.3858052617505221, 0.4787093704676765, 0.5180678068515169, 0.21955000502722605, 0.21955000502722605, 0.7804204821586609, 0.0, 0.0, 0.0, 0.06161008365452289, 0.4667757637798786, 0.46536773443222046, 0.0, -0.0, 0.0, 0.5, 0.0, 0.6976744186046512, 0.024276375770568848, 0.0]
[0.4642857142857143, 0.5, 0.3333333333333333, 0.42424242424242425, 0.6153846153846154, 0.5869565217391305, 0.9912723302841187, 0.9912737011909485, 0.400036947677058, 0.4000011051134215, 0.4944592916885708, 0.503447032516768, 0.2365883439779282, 0.2365883439779282, 0.7559132874011993, 0.0, 0.0, 0.0, 0.05860361829400062, 0.46140703558921814, 0.4603193998336792, 0.0, -0.0, 0.06444881111383438, 0.5154922893123021, 0.06894473731517792, 0.7548147574240385, 0.0241477582603693, 0.0]
[0.4642857142857143, 0.5, 0.3333333333333333, 0.42424242424242425, 0.6153846153846154, 0.5869565217391305, 0.9736000299453735, 0.9735572934150696, 0.3795467740491061, 0.379508720529239, 0.48194471315033804, 0.5129963519189777, 0.27235810245786396, 0.27235810245786396, 0.7471509799361229, 0.0, 0.0, 0.0, 0.07399140112102032, 0.4561566896736622, 0.4533878080546856, 0.0, -0.0, 0.19625934958457947, 0.4214962601661682, 0.22223252058029175, 0.524484712717145, 0.027071183547377586, 0.0]
[0.4642857142857143, 0.5, 0.3333333333333333, 0.42424242424242425, 0.6153846153846154, 0.5869565217391305, 0.9455404281616211, 0.9453782439231873, 0.36895972410533895, 0.3689202573969533, 0.48431882427481804, 0.5086472813480848, 0.2855296752282552, 0.2855296752282552, 0.7477216422557831, 0.0, 0.0, 0.0, 0.07866497114300727, 0.4575211629271507, 0.4552942365407944, 0.0, -0.0, 0.20589156448841095, 0.4176433742046356, 0.2320762425661087, 0.5237224455489669, 0.029858987778425217, 0.0]
[0.4642857142857143, 0.5, 0.3333333333333333, 0.42424242424242425, 0.6153846153846154, 0.5869565217391305, 0.9162505865097046, 0.9160944819450378, 0.34758482608466945, 0.3475448009388853, 0.4893764927840826, 0.5031396982040227, 0.28589620121887754, 0.28589620121887754, 0.7596866115927696, 0.0, 0.0, 0.0, 0.08279090784490108, 0.45966554060578346, 0.4576272740960121, 0.0, -0.0, 0.19403204321861267, 0.42238718271255493, 0.21583089232444763, 0.5284402536791425, 0.03183897212147713, 0.0]
[0.4642857142857143, 0.5, 0.3333333333333333, 0.42424242424242425, 0.6153846153846154, 0.5869565217391305, 0.8783539533615112, 0.8775454163551331, 0.32439543959287565, 0.324355026959917, 0.49664644666201296, 0.4959232225422143, 0.2553031487124307, 0.2553031487124307, 0.7821012586355209, 0.0, 0.0, 0.0, 0.08385574780404567, 0.46289459615945816, 0.4615203067660332, 0.0, -0.0, 0.18199504911899567, 0.42720198035240176, 0.20175263285636902, 0.5611916683440985, 0.03381313383579254, 0.0]
[0.4642857142857143, 0.5, 0.3333333333333333, 0.42424242424242425, 0.6153846153846154, 0.5869565217391305, 0.972184419631958, 0.9722145199775696, 0.400539005691645, 0.4005026616740181, 0.5126705214694627, 0.4845578989102275, 0.2421273184674127, 0.2421273184674127, 0.7639352679252625, 0.0, 0.0, 0.0, 0.07758611477911471, 0.46403494104743004, 0.46286898106336594, 0.0, -0.0, 0.0, 0.5, 0.19837652146816254, 0.6174249600532443, 0.034117694944143295, 0.0009300059173256159]
[0.4642857142857143, 0.5, 0.3333333333333333, 0.42424242424242425, 0.6153846153846154, 0.5869565217391305, 0.9766308069229126, 0.9766553044319153, 0.41461002689930493, 0.41457288511396595, 0.5244841036559519, 0.4712454807183432, 0.25736671473298756, 0.25736671473298756, 0.7596786469221115, 0.0, 0.0, 0.0, 0.07672328054904937, 0.463306438177824, 0.46191389486193657, 0.0, -0.0, 0.0, 0.5, 0.0, 0.6976744186046512, 0.034406717866659164, 0.006179946358315647]
[0.4642857142857143, 0.5, 0.3333333333333333, 0.42424242424242425, 0.6153846153846154, 0.5869565217391305, 0.7255750298500061, 0.7271975874900818, 0.30286642424691024, 0.3028242793183482, 0.527369774778304, 0.4631629142382354, 0.23044264742306303, 0.23044264742306303, 0.8454255536198616, 0.0, 0.0, 0.0, 0.07728525362908839, 0.4701787568628788, 0.469756418839097, 0.0, -0.0, 0.05363418534398079, 0.5892547283853803, 0.06284114718437195, 0.7971374681869219, 0.03499147295951843, 0.02080122008919716]
[0.4642857142857143, 0.5, 0.3333333333333333, 0.42424242424242425, 0.6153846153846154, 0.5869565217391305, 0.3327060639858246, 0.3327544331550598, 0.3507496275819738, 0.3507065937122469, 0.49749092563245995, 0.49033732710052813, 0.20520961710384916, 0.20520961710384916, 0.876835223287344, 0.0, 0.0, 0.0, 0.0769273541867733, 0.47601551562547684, 0.47681582160294056, 0.1160481795668602, 0.1160481795668602, 0.04016513749957085, 0.6031746031746031, 0.04463527724146843, 0.8, 0.03630685806274414, 0.046922764740884304]
[0.4642857142857143, 0.5, 0.3333333333333333, 0.42424242424242425, 0.6153846153846154, 0.5869565217391305, 0.23476405441761017, 0.2347651571035385, 0.3689067523292556, 0.3688621115274229, 0.48119416758845457, 0.503528638455375, 0.20234073911394393, 0.20234073911394393, 0.8870134688913822, 0.0, 0.0, 0.0, 0.08244007267057896, 0.47793746180832386, 0.4790910314768553, 0.12762056291103363, 0.12762056291103363, 0.03708532452583313, 0.6031746031746031, 0.04157935455441475, 0.8, 0.038868021219968796, 0.04947200883179903]
[0.4642857142857143, 0.5, 0.3333333333333333, 0.42424242424242425, 0.6153846153846154, 0.5869565217391305, 0.1505032330751419, 0.15051165223121643, 0.418326934938449, 0.41828112597675216, 0.6388712321367136, 0.34615500200724236, 0.23622229695320132, 0.23622229695320132, 0.8865044116973877, 0.0, 0.0, 0.0, 0.08765963576734065, 0.47811900824308395, 0.479566540569067, 0.13687795400619507, 0.13687795400619507, 0.03665497153997421, 0.6005148499731033, 0.04182839393615723, 0.8, 0.04190736636519432, 0.047919475473463535]
[0.4642857142857143, 0.5, 0.3333333333333333, 0.42424242424242425, 0.6153846153846154, 0.5869565217391305, 0.023307425901293755, 0.023085180670022964, 0.4596813326811927, 0.45963727311012165, 0.625478250802589, 0.36015090198812655, 0.2478765483413424, 0.2478765483413424, 0.8788100704550743, 0.0, 0.0, 0.0, 0.09651146344840526, 0.4755451940000057, 0.47758299484848976, 0.15113107860088348, 0.15113107860088348, 0.04269355908036232, 0.48292257636785507, 0.048971302807331085, 0.7414088393886422, 0.04474756121635437, 0.04121299833059311]
[0.4642857142857143, 0.5, 0.3333333333333333, 0.42424242424242425, 0.6153846153846154, 0.5869565217391305, 0.018504397943615913, 0.018194599077105522, 0.4557961127498182, 0.4557528082089032, 0.5997448286636382, 0.38632885169294046, 0.2649015294654029, 0.2649015294654029, 0.8684141486883163, 0.0, 0.0, 0.0, 0.11353961154818534, 0.4733864851295948, 0.4758123401552439, 0.1748950332403183, 0.1748950332403183, 0.0, 0.5, 0.0, 0.6976744186046512, 0.050413452088832855, 0.03701516194269061]
[0.4642857142857143, 0.5, 0.3333333333333333, 0.42424242424242425, 0.6153846153846154, 0.5869565217391305, 0.07302385568618774, 0.07237093150615692, 0.4432275274743541, 0.44318411751413433, 0.5771727833191705, 0.4085612588306635, 0.2903939464262554, 0.2903939464262554, 0.8466989174485207, 0.0, 0.0, 0.0, 0.1213248573243618, 0.4689921271055937, 0.4716941528022289, 0.1848742663860321, 0.1848742663860321, 0.12845054268836975, 0.4486197829246521, 0.14171944558620453, 0.5218631029129028, 0.05637630075216293, 0.03201915882527828]
[0.4642857142857143, 0.5, 0.3333333333333333, 0.42424242424242425, 0.6153846153846154, 0.5869565217391305, 0.5758341550827026, 0.5496636033058167, 0.3622732568197451, 0.36223200083234797, 0.5176795240114114, 0.4729179494416914, 0.29634847172669004, 0.29634847172669004, 0.8210503682494164, 0.0, 0.0, 0.0, 0.13496997207403183, 0.46791204810142517, 0.4701245203614235, 0.2011188566684723, 0.2011188566684723, 0.14074087142944336, 0.44370365142822266, 0.15481320023536682, 0.5000795735869297, 0.06562025099992752, 0.02434615045785904]
[0.4642857142857143, 0.5, 0.3333333333333333, 0.42424242424242425, 0.6153846153846154, 0.5869565217391305, 0.9568116664886475, 0.9565528631210327, 0.44666553022300765, 0.44662996687807044, 0.5389640947828785, 0.4584733564078188, 0.32583413379532955, 0.32583413379532955, 0.769516795873642, 0.0, 0.0, 0.0, 0.11184102147817611, 0.4645455703139305, 0.4644043818116188, 0.16687488555908203, 0.16687488555908203, 0.1431991010904312, 0.4427203595638275, 0.16148297488689423, 0.5130313163579896, 0.05087752267718315, 0.020210607908666134]
[0.4642857142857143, 0.5, 0.3333333333333333, 0.42424242424242425, 0.6153846153846154, 0.5869565217391305, 0.9339706897735596, 0.9335502982139587, 0.4442223780013863, 0.4441862391240282, 0.5377048982261016, 0.45888237191381187, 0.3223132874284472, 0.3223132874284472, 0.7759184613823891, 0.0, 0.0, 0.0, 0.11167160421609877, 0.46438316628336906, 0.4641699306666851, 0.1666121631860733, 0.1666121631860733, 0.14389820396900177, 0.4424407184123993, 0.16353058815002441, 0.5136319440464641, 0.05014459043741226, 0.019337504636496305]
[0.4642857142857143, 0.5, 0.3333333333333333, 0.42424242424242425, 0.6153846153846154, 0.5869565217391305, 0.306307852268219, 0.30393582582473755, 0.3737487122843872, 0.37370427662282324, 0.5424348971811809, 0.4432064643047002, 0.28705898140157976, 0.28705898140157976, 0.8033526688814163, 0.0, 0.0, 0.0, 0.13380282148718833, 0.46429119631648064, 0.46444695070385933, 0.20064371824264526, 0.20064371824264526, 0.16547377407550812, 0.43381049036979674, 0.1814206838607788, 0.5006601574809052, 0.0529208779335022, 0.004718389245681465]
[0.4642857142857143, 0.5, 0.3333333333333333, 0.42424242424242425, 0.6153846153846154, 0.5869565217391305, 0.9639472365379333, 0.963812530040741, 0.4625150434829537, 0.4624797793009085, 0.5252386864922927, 0.47197934723670304, 0.27692182787827085, 0.27692182787827085, 0.7994464933872223, 0.0, 0.0, 0.0, 0.1291555605828762, 0.46533893793821335, 0.46569543704390526, 0.19033561646938324, 0.19033561646938324, 0.16950683295726776, 0.4321972668170929, 0.18545223772525787, 0.5315672103748765, 0.059840817004442215, 0.0]
[0.4642857142857143, 0.5, 0.3333333333333333, 0.42424242424242425, 0.6153846153846154, 0.5869565217391305, 0.30959364771842957, 0.3094605803489685, 0.3756434675840301, 0.37559928264946146, 0.5490966251201885, 0.4369588832275767, 0.2372781187295914, 0.2372781187295914, 0.8777391351759434, 0.0, 0.0, 0.0, 0.11248472779989242, 0.4760543964803219, 0.4758764263242483, 0.16823773086071014, 0.16823773086071014, 0.05840660631656647, 0.6031746031746031, 0.06867516785860062, 0.8, 0.059793803840875626, 0.047244131565093994]
[0.4642857142857143, 0.5, 0.3333333333333333, 0.42424242424242425, 0.6153846153846154, 0.5869565217391305, 0.2713683843612671, 0.2713084816932678, 0.38333686587915367, 0.3832930912251226, 0.5394593204868455, 0.44688730754491657, 0.23248971572944097, 0.23248971572944097, 0.8835267797112465, 0.0, 0.0, 0.0, 0.10992314964532851, 0.4777355082333088, 0.4779246933758259, 0.16496168076992035, 0.16496168076992035, 0.0525808222591877, 0.6031746031746031, 0.06136899068951607, 0.8, 0.059350792318582535, 0.05053441971540451]
[0.4642857142857143, 0.5, 0.3333333333333333, 0.42424242424242425, 0.6153846153846154, 0.5869565217391305, 0.14320656657218933, 0.14318011701107025, 0.4109596184973051, 0.4109166416109862, 0.5138820841709013, 0.4724913032692609, 0.2058131141322, 0.2058131141322, 0.8948043286800385, 0.0, 0.0, 0.0, 0.09430530741810798, 0.4812833685427904, 0.48213642463088036, 0.14373943209648132, 0.14373943209648132, 0.04257972165942192, 0.6031746031746031, 0.048735011368989944, 0.8, 0.05443055182695389, 0.053053232841193676]
[0.4642857142857143, 0.5, 0.3333333333333333, 0.42424242424242425, 0.6153846153846154, 0.5869565217391305, 0.13089923560619354, 0.13089430332183838, 0.41287116680728775, 0.41282757450016233, 0.49175956027571605, 0.4933374636437145, 0.19925796559878758, 0.19925796559878758, 0.8984085880219936, 0.0, 0.0, 0.0, 0.09344522431492805, 0.48207988776266575, 0.4832769110798836, 0.14279602468013763, 0.14279602468013763, 0.040260981768369675, 0.6031746031746031, 0.04595554620027542, 0.8, 0.05281298607587814, 0.054879309609532356]
[0.4642857142857143, 0.5, 0.3333333333333333, 0.42424242424242425, 0.6153846153846154, 0.5869565217391305, 0.9819291830062866, 0.9819446206092834, 0.5120607163778454, 0.5120253496256659, 0.5900380470100826, 0.40632349760486286, 0.21872963224138534, 0.21872963224138534, 0.8484911769628525, 0.0, 0.0, 0.0, 0.08159428760409354, 0.47719779051840305, 0.4794776476919651, 0.12776745855808258, -0.0, 0.040565285831689835, 0.5285315267623416, 0.05004649981856346, 0.7792352144281531, 0.04721883684396744, 0.05381882656365633]
[0.4642857142857143, 0.5, 0.3333333333333333, 0.42424242424242425, 0.6153846153846154, 0.5869565217391305, 0.9785544872283936, 0.9785693883895874, 0.5098048778781471, 0.5097693017119431, 0.592063431074241, 0.40408794733529285, 0.21933787635394505, 0.21933787635394505, 0.8463267013430595, 0.0, 0.0, 0.0, 0.08094636984169483, 0.4765989016741514, 0.4789349567145109, 0.12697382271289825, -0.0, 0.040934860706329346, 0.5274075652871812, 0.05088922381401062, 0.7796609540318334, 0.04671887308359146, 0.05324363708496094]
[0.4642857142857143, 0.5, 0.3333333333333333, 0.42424242424242425, 0.6153846153846154, 0.5869565217391305, 0.3105829656124115, 0.31024667620658875, 0.37792920883937275, 0.37788498971475926, 0.5855518287727983, 0.40133114703931905, 0.18774930387735367, 0.18774930387735367, 0.8915916755795479, 0.0, 0.0, 0.0, 0.08868557140231131, 0.4784480929374695, 0.4803255684673786, 0.1381862759590149, 0.1381862759590149, 0.041496675461530685, 0.6031746031746031, 0.051899757236242294, 0.8, 0.044774383306503296, 0.05070260725915432]
[0.4642857142857143, 0.5, 0.3333333333333333, 0.42424242424242425, 0.6153846153846154, 0.5869565217391305, 0.3113153278827667, 0.31107813119888306, 0.368371085500626, 0.3683245414529658, 0.5781754633664629, 0.40523591227964006, 0.20011321774550847, 0.20011321774550847, 0.8923361524939537, 0.0, 0.0, 0.0, 0.09117553159594535, 0.4794808626174927, 0.48131210543215275, 0.14209595322608948, 0.14209595322608948, 0.04000505059957504, 0.6031746031746031, 0.04910559579730034, 0.8, 0.04534154385328293, 0.047962889075279236]
[0.4642857142857143, 0.5, 0.3333333333333333, 0.42424242424242425, 0.6153846153846154, 0.5869565217391305, 0.9028995633125305, 0.9028940200805664, 0.4995486330451091, 0.49951199151176684, 0.5778141315762901, 0.4166605955277478, 0.20872652530670166, 0.20872652530670166, 0.8672469854354858, 0.0, 0.0, 0.0, 0.08930677846074103, 0.4794169533997774, 0.4812237937003374, 0.1391211748123169, 0.1391211748123169, 0.040505871176719666, 0.5860899109689016, 0.04973814636468887, 0.8, 0.045790255069732666, 0.04756337031722069]
[0.4642857142857143, 0.5, 0.3333333333333333, 0.42424242424242425, 0.6153846153846154, 0.5869565217391305, 0.9808154702186584, 0.9808104634284973, 0.48206874608537664, 0.48203342634450863, 0.5726400666209526, 0.42455467798919067, 0.26545738535267965, 0.26545738535267965, 0.8064746037125587, 0.0, 0.0, 0.0, 0.0747622512280941, 0.4734127148985863, 0.4755441788583994, 0.0, -0.0, 0.04302758350968361, 0.5177195162054091, 0.05298089236021042, 0.7713201169877552, 0.04318740963935852, 0.04334360361099243]
[0.4642857142857143, 0.5, 0.3333333333333333, 0.42424242424242425, 0.6153846153846154, 0.5869565217391305, 0.9706689715385437, 0.9706641435623169, 0.46913355520532873, 0.46909725962359866, 0.5690364757869714, 0.42697516221110676, 0.24534601186003005, 0.24534601186003005, 0.8081398010253906, 0.0, 0.0, 0.0, 0.075498478859663, 0.4721940588206053, 0.4740353971719742, 0.0, -0.0, 0.048493821173906326, 0.48060247153043745, 0.061041202396154404, 0.7463472622425057, 0.041110992431640625, 0.038887953851372004]
[0.4642857142857143, 0.5, 0.3333333333333333, 0.42424242424242425, 0.6153846153846154, 0.5869565217391305, 0.828620970249176, 0.828205943107605, 0.368229607095226, 0.36818921725563064, 0.5560104562037306, 0.43626501906163784, 0.21648988127708435, 0.21648988127708435, 0.8439164161682129, 0.0, 0.0, 0.0, 0.08381054326891899, 0.4728038143366575, 0.4742956105619669, 0.0, -0.0, 0.0, 0.5, 0.0, 0.6976744186046512, 0.039438169449567795, 0.03953862003982067]
[0.4642857142857143, 0.5, 0.3333333333333333, 0.42424242424242425, 0.6153846153846154, 0.5869565217391305, 0.8045163750648499, 0.8032534122467041, 0.35330696315655974, 0.3532658553260234, 0.552203206669532, 0.4393871285896634, 0.21357554410185134, 0.21357554410185134, 0.8461869582533836, 0.0, 0.0, 0.0, 0.0856783628463745, 0.47326632402837276, 0.4747303631156683, 0.0, -0.0, 0.0, 0.5, 0.0, 0.6976744186046512, 0.03972115367650986, 0.040888856165111065]
[0.4642857142857143, 0.5, 0.3333333333333333, 0.42424242424242425, 0.6153846153846154, 0.5869565217391305, 0.8111724853515625, 0.80790776014328, 0.34707448268255814, 0.3470333064719322, 0.5386332747585231, 0.45262709807660745, 0.1978196842329843, 0.1978196842329843, 0.8514277935028076, 0.0, 0.0, 0.0, 0.08904922604560851, 0.47471776977181435, 0.4757881909608841, 0.1380668580532074, -0.0, 0.0, 0.5, 0.0, 0.6976744186046512, 0.040697649121284485, 0.03665514523163438]
[0.4642857142857143, 0.5, 0.3333333333333333, 0.42424242424242425, 0.6153846153846154, 0.5869565217391305, 0.7843431234359741, 0.7808454036712646, 0.33860728389674344, 0.33856559483544546, 0.5354410015602185, 0.455199397494136, 0.1963020009653909, 0.1963020009653909, 0.8518357872962952, 0.0, 0.0, 0.0, 0.08945543058216571, 0.47489626519382, 0.47593203373253345, 0.13859649002552032, -0.0, 0.0, 0.5, 0.0, 0.6976744186046512, 0.040956005454063416, 0.03578480565920472]
[0.4642857142857143, 0.5, 0.3333333333333333, 0.42424242424242425, 0.6153846153846154, 0.5869565217391305, 0.8115293383598328, 0.8096723556518555, 0.3431347296297208, 0.34309313174187567, 0.5096639301307343, 0.4807318676447499, 0.18450750836304258, 0.18450750836304258, 0.8542985022068024, 0.0, 0.0, 0.0, 0.09205586351454258, 0.4760992303490639, 0.47716645523905754, 0.14193814992904663, -0.0, 0.0, 0.5, 0.0, 0.6976744186046512, 0.04369940608739853, 0.02508014440536499]
[0.4642857142857143, 0.5, 0.3333333333333333, 0.42424242424242425, 0.6153846153846154, 0.5869565217391305, 0.8099191784858704, 0.80767422914505, 0.339058318967801, 0.33901645895627897, 0.5009110120853434, 0.4890589385319344, 0.18458446221692223, 0.18458446221692223, 0.8530353978276253, 0.0, 0.0, 0.0, 0.09270227141678333, 0.47617375291883945, 0.47727902606129646, 0.1427118182182312, -0.0, 0.0, 0.5, 0.0, 0.6976744186046512, 0.044945668429136276, 0.020482204854488373]
[0.4642857142857143, 0.5, 0.3333333333333333, 0.42424242424242425, 0.6153846153846154, 0.5869565217391305, 0.741227388381958, 0.7381032705307007, 0.3059084037065962, 0.30586411620189313, 0.4714204760172171, 0.5154873417116209, 0.1851067479167666, 0.1851067479167666, 0.8497274592518806, 0.0, 0.0, 0.0, 0.09992367699742316, 0.47632452473044395, 0.4774104580283165, 0.15192298591136932, 0.15192298591136932, 0.2072811871767044, 0.41708752512931824, 0.2316306233406067, 0.6154193434604379, 0.049166783690452576, 0.00807650329079479]
[0.4642857142857143, 0.5, 0.3333333333333333, 0.42424242424242425, 0.6153846153846154, 0.5869565217391305, 0.7910207509994507, 0.7889487147331238, 0.3302080777133628, 0.33016539714076554, 0.461925937614295, 0.5268564832319442, 0.18444456160068512, 0.18444456160068512, 0.8483041822910309, 0.0, 0.0, 0.0, 0.09872997999191284, 0.47649908252060413, 0.47760844603180885, 0.1490727663040161, -0.0, 0.2332339733839035, 0.4067064106464386, 0.25844934582710266, 0.6024618620096251, 0.05033450573682785, 0.004811558756045997]
[0.4642857142857143, 0.5, 0.3333333333333333, 0.42424242424242425, 0.6153846153846154, 0.5869565217391305, 0.7347337603569031, 0.7337915301322937, 0.3118037931321912, 0.31175909534695045, 0.45197231523393444, 0.5340560006315298, 0.18282907349722727, 0.18282907349722727, 0.8491925373673439, 0.0, 0.0, 0.0, 0.09793668016791343, 0.4770763963460922, 0.4781647380441427, 0.14769017696380615, -0.0, 0.0, 0.5, 0.0, 0.6976744186046512, 0.05104833468794823, 0.0]
[0.4642857142857143, 0.5, 0.3333333333333333, 0.42424242424242425, 0.6153846153846154, 0.5869565217391305, 0.9614081382751465, 0.961594820022583, 0.4226429551326978, 0.42260694161883733, 0.4947393092239564, 0.5023076891620524, 0.1860965681927545, 0.1860965681927545, 0.8389601036906242, 0.0, 0.0, 0.0, 0.08007046058773994, 0.4767078198492527, 0.47774038277566433, 0.0, -0.0, 0.0, 0.5, 0.0, 0.6976744186046512, 0.043911587446928024, 0.0]
[0.4642857142857143, 0.5, 0.3333333333333333, 0.42424242424242425, 0.6153846153846154, 0.5869565217391305, 0.9652391076087952, 0.965372622013092, 0.421975195065967, 0.42193912456869853, 0.49529664292504183, 0.5016972259120727, 0.19278660948787418, 0.19278660948787418, 0.8347856774926186, 0.0, 0.0, 0.0, 0.07742022313177585, 0.4755827710032463, 0.47669933922588825, 0.0, -0.0, 0.0, 0.5, 0.0, 0.6976744186046512, 0.04160035029053688, 0.0]
[0.4642857142857143, 0.5, 0.3333333333333333, 0.42424242424242425, 0.6153846153846154, 0.5869565217391305, 0.9670631289482117, 0.9671168923377991, 0.42071276185161527, 0.42067640643730675, 0.48965148758819865, 0.5068958564146021, 0.19791647791862488, 0.19791647791862488, 0.818595327436924, 0.0, 0.0, 0.0, 0.07453025691211224, 0.47381519339978695, 0.4751098118722439, 0.0, -0.0, 0.0, 0.5, 0.0, 0.6976744186046512, 0.03890201076865196, 0.0]
[0.4642857142857143, 0.5, 0.3333333333333333, 0.42424242424242425, 0.6153846153846154, 0.5869565217391305, 0.9633998274803162, 0.9633274078369141, 0.4096026498090697, 0.40956525729673543, 0.47739105789884784, 0.517742975783343, 0.19493098769869124, 0.19493098769869124, 0.8220967277884483, 0.0, 0.0, 0.0, 0.07464558780193328, 0.4736914820969105, 0.47494992800056934, 0.0, -0.0, 0.0, 0.5, 0.0, 0.6976744186046512, 0.03769458830356598, 0.0]
[0.4642857142857143, 0.5, 0.3333333333333333, 0.42424242424242425, 0.6153846153846154, 0.5869565217391305, 0.9313064217567444, 0.9307288527488708, 0.39243092773977245, 0.39239268047631815, 0.46627349527570533, 0.5279655199611114, 0.18666095499481475, 0.18666095499481475, 0.8411558046936989, 0.0, 0.0, 0.0, 0.07445177286863326, 0.47462690994143486, 0.47581698186695576, 0.0, -0.0, 0.0, 0.5, 0.0, 0.6976744186046512, 0.037311356514692307, 0.0]
[0.4642857142857143, 0.5, 0.3333333333333333, 0.42424242424242425, 0.6153846153846154, 0.5869565217391305, 0.9240244626998901, 0.9231470227241516, 0.3900706863768014, 0.3900322795598047, 0.4633957619420885, 0.530688429375173, 0.1823558285832405, 0.1823558285832405, 0.8443511128425598, 0.0, 0.0, 0.0, 0.07403634227812289, 0.47527780942618847, 0.47649640031158924, 0.0, -0.0, 0.0, 0.5, 0.0, 0.6976744186046512, 0.03735315799713135, 0.0]
[0.4642857142857143, 0.5, 0.3333333333333333, 0.42424242424242425, 0.6153846153846154, 0.5869565217391305, 0.8866503238677979, 0.8856463432312012, 0.3667949928152402, 0.3667551158263168, 0.4409144113898049, 0.5515250927523896, 0.17775506845542363, 0.17775506845542363, 0.8460531756281853, 0.0, 0.0, 0.0, 0.0732325829565525, 0.47574878484010696, 0.4771318547427654, 0.0, -0.0, 0.0, 0.5, 0.0, 0.6976744186046512, 0.037661097943782806, 0.0]
[0.4642857142857143, 0.5, 0.3333333333333333, 0.42424242424242425, 0.6153846153846154, 0.5869565217391305, 0.885032594203949, 0.8841104507446289, 0.37261221240173104, 0.3725727912800718, 0.4409500146231278, 0.552063022890756, 0.1763977429696492, 0.1763977429696492, 0.84694654494524, 0.0, 0.0, 0.0, 0.07246657535433769, 0.47616066969931126, 0.47759818471968174, 0.0, -0.0, 0.0, 0.5, 0.0, 0.6976744186046512, 0.038076385855674744, 0.0]
[0.4642857142857143, 0.5, 0.3333333333333333, 0.42424242424242425, 0.6153846153846154, 0.5869565217391305, 0.6558781862258911, 0.6250302195549011, 0.30028441485665724, 0.3002394891377845, 0.4413011349865857, 0.5447240061907599, 0.1749429851770401, 0.1749429851770401, 0.8743668869137764, 0.0, 0.0, 0.0, 0.07232112288475036, 0.47759236209094524, 0.4789695832878351, 0.0, -0.0, 0.0, 0.5, 0.0, 0.6976744186046512, 0.039789363741874695, 0.0]
[0.4642857142857143, 0.5, 0.3333333333333333, 0.42424242424242425, 0.6153846153846154, 0.5869565217391305, 0.6681991219520569, 0.6025295257568359, 0.30688849553095454, 0.3068448006536947, 0.4471107529864484, 0.5405798002314562, 0.1711079478263855, 0.1711079478263855, 0.8838221989572048, 0.0, 0.0, 0.0, 0.07517401538789271, 0.47904025949537754, 0.4803886841982603, 0.0, -0.0, 0.0, 0.5, 0.0, 0.6976744186046512, 0.042106255888938904, 0.0]
[0.4642857142857143, 0.5, 0.3333333333333333, 0.42424242424242425, 0.6153846153846154, 0.5869565217391305, 0.6034910678863525, 0.5827701687812805, 0.3106256041882371, 0.3105821714346541, 0.4440714289535756, 0.543988722210126, 0.15633221715688705, 0.15633221715688705, 0.8950004875659943, 0.0, 0.0, 0.0, 0.07550348304212093, 0.48027018643915653, 0.4816657304763794, 0.0, -0.0, 0.0, 0.5, 0.0, 0.6976744186046512, 0.042370304465293884, 0.0]
[0.4642857142857143, 0.5, 0.3333333333333333, 0.42424242424242425, 0.6153846153846154, 0.5869565217391305, 0.6007603406906128, 0.5635761022567749, 0.31189942268750864, 0.3118561152974233, 0.44672442257518297, 0.5415668810708066, 0.15336345349039351, 0.15336345349039351, 0.8968845568597317, 0.0, 0.0, 0.0, 0.07513267025351524, 0.4809997919946909, 0.48229934833943844, 0.0, -0.0, 0.0, 0.5, 0.0, 0.6976744186046512, 0.041997142136096954, 0.0]
[0.4642857142857143, 0.5, 0.3333333333333333, 0.42424242424242425, 0.6153846153846154, 0.5869565217391305, 0.5398355722427368, 0.5107848644256592, 0.31742068184949246, 0.31737711233573024, 0.45026256226672723, 0.5374945219291961, 0.15215671488216945, 0.15215671488216945, 0.8989181034266949, 0.0, 0.0, 0.0, 0.0758077185600996, 0.4815600570291281, 0.48285903967916965, 0.0, -0.0, 0.08696231991052628, 0.4652150720357895, 0.09601902216672897, 0.7443422096413236, 0.04213060438632965, 0.0]
[0.4642857142857143, 0.5, 0.3333333333333333, 0.42424242424242425, 0.6153846153846154, 0.5869565217391305, 0.5394906997680664, 0.4939180314540863, 0.3232684331459935, 0.32322519413599776, 0.46567370786721574, 0.5223897903594136, 0.1487836561032704, 0.1487836561032704, 0.9046420305967331, 0.0, 0.0, 0.0, 0.07851595915853976, 0.4828018620610237, 0.4841993525624275, 0.1170617938041687, 0.1170617938041687, 0.08493156731128693, 0.46602737307548525, 0.09379780292510986, 0.7498271849959396, 0.0434768907725811, 0.0]
[0.4642857142857143, 0.5, 0.3333333333333333, 0.42424242424242425, 0.6153846153846154, 0.5869565217391305, 0.5068437457084656, 0.4894176125526428, 0.32205884634422755, 0.3220156187309134, 0.4663014456373328, 0.5218166170516337, 0.14616745923246657, 0.14616745923246657, 0.906765453517437, 0.0, 0.0, 0.0, 0.07821161672472954, 0.4831376876682043, 0.4846506156027317, 0.11679026484489441, 0.11679026484489441, 0.08317297697067261, 0.47225049138069153, 0.09192179888486862, 0.7559076428066853, 0.04347860813140869, 0.0]
[0.4642857142857143, 0.5, 0.3333333333333333, 0.42424242424242425, 0.6153846153846154, 0.5869565217391305, 0.49202388525009155, 0.46564915776252747, 0.33557885509148155, 0.33553559328812255, 0.4504499806956625, 0.5373303911945282, 0.1443006524017879, 0.1443006524017879, 0.9096108004450798, 0.0, 0.0, 0.0, 0.07868854217231273, 0.4837729223072529, 0.48543763905763626, 0.11770246177911758, 0.11770246177911758, 0.07104335725307465, 0.5756325835273379, 0.07712770253419876, 0.7986667137159857, 0.04614785313606262, 0.0]
[0.4642857142857143, 0.5, 0.3333333333333333, 0.42424242424242425, 0.6153846153846154, 0.5869565217391305, 0.5765120983123779, 0.5196380615234375, 0.3326405170542788, 0.33259744899450705, 0.43535067679549266, 0.5528425553780733, 0.1438157420073237, 0.1438157420073237, 0.9111019819974899, 0.0, 0.0, 0.0, 0.07875375039875507, 0.4842003397643566, 0.48594354558736086, 0.11785238236188889, 0.11785238236188889, 0.06698751449584961, 0.5573224505734822, 0.0731685534119606, 0.7896021593275458, 0.04808222874999046, 0.0]
[0.4642857142857143, 0.5, 0.3333333333333333, 0.42424242424242425, 0.6153846153846154, 0.5869565217391305, 0.545748233795166, 0.514005184173584, 0.32864220785137344, 0.32859977800577134, 0.512271379763492, 0.47721219627574063, 0.14121642602341516, 0.14121642602341516, 0.9141343608498573, 0.0, 0.0, 0.0, 0.07825756445527077, 0.48469547275453806, 0.48649683222174644, 0.11732673645019531, 0.11732673645019531, 0.06478535383939743, 0.5500262034317803, 0.07115516066551208, 0.7855659363748029, 0.05000128224492073, 0.0]
[0.4642857142857143, 0.5, 0.3333333333333333, 0.42424242424242425, 0.6153846153846154, 0.5869565217391305, 0.5037000179290771, 0.49234846234321594, 0.3317522482935831, 0.3317099210181154, 0.5142530589782941, 0.4753115260983466, 0.13699276638882502, 0.13699276638882502, 0.9184601679444313, 0.0, 0.0, 0.0, 0.07765947207808493, 0.4855622248724103, 0.4873364120721817, 0.1162366271018982, 0.1162366271018982, 0.06257369369268417, 0.5622128697614821, 0.06928271800279617, 0.7900810072761636, 0.053655195981264114, 0.0]
[0.4642857142857143, 0.5, 0.3333333333333333, 0.42424242424242425, 0.6153846153846154, 0.5869565217391305, 0.49734070897102356, 0.486421674489975, 0.33252089748419034, 0.33247772685428423, 0.5133594095592973, 0.4748784749908561, 0.13042664421456202, 0.13042664421456202, 0.9209319464862347, 0.0, 0.0, 0.0, 0.0749640718102455, 0.48635970801115036, 0.48802351392805576, 0.11073770374059677, 0.11073770374059677, 0.05987043306231499, 0.5656694069741264, 0.06711005419492722, 0.7904047817858153, 0.05663468688726425, 0.0]
[0.4642857142857143, 0.5, 0.3333333333333333, 0.42424242424242425, 0.6153846153846154, 0.5869565217391305, 0.41070881485939026, 0.40268465876579285, 0.33800486670397434, 0.33796201518115304, 0.5504447784752052, 0.4387080231263984, 0.12853769851582392, 0.12853769851582392, 0.9212215393781662, 0.0, 0.0, 0.0, 0.07383818551898003, 0.4866628013551235, 0.4882092382758856, 0.10840433090925217, 0.10840433090925217, 0.057396627962589264, 0.5589644521001785, 0.0648760050535202, 0.7836317474585633, 0.05880380794405937, 0.0]
[0.4642857142857143, 0.5, 0.3333333333333333, 0.42424242424242425, 0.6153846153846154, 0.5869565217391305, 0.3806878328323364, 0.375291645526886, 0.3411220300721849, 0.3410794292763588, 0.563617792457741, 0.4260848534444044, 0.12871193034308298, 0.12871193034308298, 0.9216533228754997, 0.0, 0.0, 0.0, 0.07391833066940307, 0.4868528628721833, 0.4883258491754532, 0.10826002806425095, 0.10826002806425095, 0.05615663528442383, 0.5592155603189317, 0.06364796310663223, 0.7843104936182499, 0.06063532084226608, 0.0]
[0.4642857142857143, 0.5, 0.3333333333333333, 0.42424242424242425, 0.6153846153846154, 0.5869565217391305, 0.36579903960227966, 0.3593754768371582, 0.34387204934260585, 0.3438294257534166, 0.5622742604571136, 0.427334852879129, 0.12948062803064075, 0.12948062803064075, 0.9224373884499073, 0.0, 0.0, 0.0, 0.07461733072996139, 0.4871484786272049, 0.48854943457990885, 0.10905797779560089, 0.10905797779560089, 0.05458514392375946, 0.561382070893333, 0.061959803104400635, 0.786831819474004, 0.06417844444513321, 0.0]
[0.4642857142857143, 0.5, 0.3333333333333333, 0.42424242424242425, 0.6153846153846154, 0.5869565217391305, 0.6202008128166199, 0.5766962170600891, 0.33219797251101435, 0.3321558389791339, 0.5046515328022536, 0.4851053442092922, 0.13103993343455453, 0.13103993343455453, 0.9223882555961609, 0.0, 0.0, 0.0, 0.07605548948049545, 0.48752916418015957, 0.4887054357677698, 0.11084184795618057, 0.11084184795618057, 0.05253782495856285, 0.5658151308695475, 0.05999043211340904, 0.787046319523523, 0.06694724410772324, 0.0]
[0.4642857142857143, 0.5, 0.3333333333333333, 0.42424242424242425, 0.6153846153846154, 0.5869565217391305, 0.9791556000709534, 0.9794723987579346, 0.4214680712264081, 0.42143240531133647, 0.48326658575758197, 0.514335783963399, 0.13733638716595514, 0.13733638716595514, 0.9002709202468395, 0.0, 0.0, 0.0, 0.074671570956707, 0.48691194504499435, 0.4880744256079197, 0.0, -0.0, 0.05379677191376686, 0.5566490718296595, 0.061983849853277206, 0.7733591767244561, 0.05570809543132782, 0.0]
[0.4642857142857143, 0.5, 0.3333333333333333, 0.42424242424242425, 0.6153846153846154, 0.5869565217391305, 0.3796718716621399, 0.3756885528564453, 0.3795209149785525, 0.37947690099420783, 0.4053795638549396, 0.5804996150350885, 0.14196086142744338, 0.14196086142744338, 0.9033243060112, 0.0, 0.0, 0.0, 0.07503445111215114, 0.486923617310822, 0.48787986021488905, 0.0, -0.0, 0.05579838529229164, 0.6031746031746031, 0.06451085209846497, 0.7989990477298582, 0.053279295563697815, 0.0]
[0.4642857142857143, 0.5, 0.3333333333333333, 0.42424242424242425, 0.6153846153846154, 0.5869565217391305, 0.15715475380420685, 0.15562503039836884, 0.43555802232220797, 0.4355134271071016, 0.4476429552238712, 0.5349791703050446, 0.1574367018682616, 0.1574367018682616, 0.9071602374315262, 0.0, 0.0, 0.0, 0.07592363096773624, 0.4868752621114254, 0.48758408427238464, 0.0, -0.0, 0.06006346270442009, 0.566952609826648, 0.0674760714173317, 0.7873314749016318, 0.05121451988816261, 0.0]
[0.4642857142857143, 0.5, 0.3333333333333333, 0.42424242424242425, 0.6153846153846154, 0.5869565217391305, 0.14238782227039337, 0.14150987565517426, 0.44311432423600733, 0.44307046410686424, 0.47096181941533866, 0.5125078929947116, 0.15465236668075835, 0.15465236668075835, 0.9089806564152241, 0.0, 0.0, 0.0, 0.08066202588379383, 0.4869191059842706, 0.48754899203777313, 0.12190110236406326, -0.0, 0.06371597945690155, 0.5140787604309264, 0.07092873007059097, 0.7625979821869108, 0.0524468831717968, 0.0]
[0.4642857142857143, 0.5, 0.3333333333333333, 0.42424242424242425, 0.6153846153846154, 0.5869565217391305, 0.1308804154396057, 0.1300647258758545, 0.4423367913320917, 0.4422927944427694, 0.4926248191362585, 0.4907461944496604, 0.151257903448173, 0.151257903448173, 0.9096619561314583, 0.0, 0.0, 0.0, 0.08264275901019573, 0.48687050864100456, 0.4875012384727597, 0.1255456507205963, 0.1255456507205963, 0.06604959815740585, 0.542114171716902, 0.07274038344621658, 0.7746820987830328, 0.05298127979040146, 0.0]
[0.4642857142857143, 0.5, 0.3333333333333333, 0.42424242424242425, 0.6153846153846154, 0.5869565217391305, 0.1259935200214386, 0.12542559206485748, 0.4440160410809927, 0.4439722322369169, 0.5042627243250324, 0.47945659037023336, 0.14928366456712996, 0.14928366456712996, 0.9098792783915997, 0.0, 0.0, 0.0, 0.08360198438167571, 0.48681097850203514, 0.4874242339283228, 0.12690475583076477, 0.12690475583076477, 0.06601569801568985, 0.5526513031550816, 0.07194411009550095, 0.7807412591957769, 0.05243885517120361, 0.0]
[0.4642857142857143, 0.5, 0.3333333333333333, 0.42424242424242425, 0.6153846153846154, 0.5869565217391305, 0.12473706156015396, 0.124219611287117, 0.4437587382004776, 0.44371526555850904, 0.5213006885284219, 0.463180539206332, 0.14443055327449528, 0.14443055327449528, 0.9107288792729378, 0.0, 0.0, 0.0, 0.08401410058140754, 0.4866993250325322, 0.4873562380671501, 0.1276840716600418, 0.1276840716600418, 0.06631328910589218, 0.5344923815083882, 0.07177015393972397, 0.7741343975067139, 0.0512479729950428, 0.0]
[0.4642857142857143, 0.5, 0.3333333333333333, 0.42424242424242425, 0.6153846153846154, 0.5869565217391305, 0.12280163913965225, 0.12239089608192444, 0.4443864389313794, 0.4443430460661821, 0.5302459410682007, 0.4544575646953368, 0.14055833220481873, 0.14055833220481873, 0.9116428270936012, 0.0, 0.0, 0.0, 0.08371390178799629, 0.4867823012173176, 0.48751206789165735, 0.1274465024471283, 0.1274465024471283, 0.06360620260238647, 0.5985190404786004, 0.06849360466003418, 0.8, 0.050354063510894775, 0.0]
[0.4642857142857143, 0.5, 0.3333333333333333, 0.42424242424242425, 0.6153846153846154, 0.5869565217391305, 0.12010800838470459, 0.11979084461927414, 0.4444224581435807, 0.4443796636041674, 0.5358545187554441, 0.44991321768354453, 0.13763320765325002, 0.13763320765325002, 0.912689559161663, 0.0, 0.0, 0.0, 0.08258852921426296, 0.4873195216059685, 0.48805831652134657, 0.12584957480430603, 0.12584957480430603, 0.060273803770542145, 0.6031746031746031, 0.06461329013109207, 0.8, 0.05019434541463852, 0.0]
[0.4642857142857143, 0.5, 0.3333333333333333, 0.42424242424242425, 0.6153846153846154, 0.5869565217391305, 0.4493506848812103, 0.4482559263706207, 0.3633047476781258, 0.3632625913528822, 0.5265802782078775, 0.4627278744098055, 0.1375162069286619, 0.1375162069286619, 0.913108579814434, 0.0, 0.0, 0.0, 0.08233294039964675, 0.4879970345646143, 0.4887144397944212, 0.12472911924123764, 0.12472911924123764, 0.05779910087585449, 0.6031746031746031, 0.062020737677812576, 0.8, 0.05036747083067894, 0.0]
[0.4642857142857143, 0.5, 0.3333333333333333, 0.42424242424242425, 0.6153846153846154, 0.5869565217391305, 0.06424285471439362, 0.06367485225200653, 0.4996455127629763, 0.49960622159019824, 0.527092111726108, 0.4620499883914718, 0.13367606060845513, 0.13367606060845513, 0.9219198673963547, 0.0, 0.0, 0.0, 0.08077966459095477, 0.4894997999072075, 0.4901796290650964, 0.1230754479765892, 0.1230754479765892, 0.05400324612855911, 0.6031746031746031, 0.05721287429332733, 0.8, 0.05172604322433472, 0.0]
[0.4642857142857143, 0.5, 0.3333333333333333, 0.42424242424242425, 0.6153846153846154, 0.5869565217391305, 0.0, 0.0, 0.5240119961206133, 0.5239734468450966, 0.5221575921967654, 0.46706908696873417, 0.12434727379253933, 0.12434727379253933, 0.9264605902135372, 0.0, 0.0, 0.0, 0.07699079178273677, 0.49069526698440313, 0.4913496933877468, 0.11947261542081833, -0.0, 0.051384150981903076, 0.6031746031746031, 0.05411123111844063, 0.8, 0.052249349653720856, 0.0]
[0.4642857142857143, 0.5, 0.3333333333333333, 0.42424242424242425, 0.6153846153846154, 0.5869565217391305, 0.0, 0.0, 0.5339527032115491, 0.5339141966735883, 0.5251679244962295, 0.4636860447171035, 0.11730957776308061, 0.11730957776308061, 0.9303204566240311, 0.0, 0.0, 0.0, 0.07267087325453758, 0.4918204080313444, 0.4924377058632672, 0.11344332247972488, -0.0, 0.048565350472927094, 0.6031746031746031, 0.050847042351961136, 0.8, 0.05253853276371956, 0.0]
[0.4642857142857143, 0.5, 0.3333333333333333, 0.42424242424242425, 0.6153846153846154, 0.5869565217391305, 0.0, 0.0, 0.5368468221241384, 0.5368085520673208, 0.5251743066379263, 0.46394859576949604, 0.11448611106191363, 0.11448611106191363, 0.9323403984308243, 0.0, 0.0, 0.0, 0.07044654674828052, 0.49243562389165163, 0.4930293723009527, 0.11031785607337952, -0.0, 0.04630871117115021, 0.6031746031746031, 0.048372186720371246, 0.8, 0.05294942110776901, 0.0]
[0.4642857142857143, 0.5, 0.3333333333333333, 0.42424242424242425, 0.6153846153846154, 0.5869565217391305, 0.0, 0.0, 0.5336892746146733, 0.5336512866257254, 0.5192157140653403, 0.4704765751023999, 0.10916079261473248, 0.10916079261473248, 0.9347532391548157, 0.0, 0.0, 0.0, 0.0663367386907339, 0.4930017702281475, 0.4936003861948848, 0.1042264923453331, -0.0, 0.043219421058893204, 0.6031746031746031, 0.044919487088918686, 0.8, 0.051851991564035416, 0.0]
[0.4642857142857143, 0.5, 0.3333333333333333, 0.42424242424242425, 0.6153846153846154, 0.5869565217391305, 0.0, 0.0, 0.5319835788661161, 0.5319454626645003, 0.5085079426348323, 0.4809227734582552, 0.10624270886182785, 0.10624270886182785, 0.9365006405860186, 0.0, 0.0, 0.0, 0.06304142065346241, 0.49322308506816626, 0.49382579093798995, 0.0, -0.0, 0.03997095301747322, 0.6031746031746031, 0.04147672653198242, 0.8, 0.05001482367515564, 0.0]
[0.4642857142857143, 0.5, 0.3333333333333333, 0.42424242424242425, 0.6153846153846154, 0.5869565217391305, 0.18436579406261444, 0.1833917647600174, 0.4312495182394753, 0.43120755565781893, 0.4957700290255975, 0.491363809117345, 0.10694411716290883, 0.10694411716290883, 0.9372598342597485, 0.0, 0.0, 0.0, 0.062281030043959615, 0.4931301889009774, 0.4937361450865865, 0.0, -0.0, 0.03840373829007149, 0.6031746031746031, 0.04011595994234085, 0.8, 0.048685625195503235, 0.0]
[0.4642857142857143, 0.5, 0.3333333333333333, 0.42424242424242425, 0.6153846153846154, 0.5869565217391305, 0.9771887063980103, 0.9771121144294739, 0.42994251260338046, 0.42990464143041895, 0.46764498333630095, 0.5261029830803556, 0.13171180550541198, 0.13171180550541198, 0.9088554605841637, 0.0, 0.0, 0.0, 0.06351765505969524, 0.49175252579152584, 0.49240746069699526, 0.0, -0.0, 0.04382748156785965, 0.6031746031746031, 0.049644261598587036, 0.8, 0.044531337916851044, 0.0]
[0.4642857142857143, 0.5, 0.3333333333333333, 0.42424242424242425, 0.6153846153846154, 0.5869565217391305, 0.21779359877109528, 0.21608899533748627, 0.3830984359033705, 0.3830549689597427, 0.5058296348465104, 0.4805377992521002, 0.12802380536283767, 0.12802380536283767, 0.9126155339181423, 0.0, 0.0, 0.0, 0.06546591706573963, 0.4906226862221956, 0.4913204926997423, 0.0, -0.0, 0.048372071236371994, 0.6031746031746031, 0.05364826321601868, 0.8, 0.04331471398472786, 0.0]
[0.4642857142857143, 0.5, 0.3333333333333333, 0.42424242424242425, 0.6153846153846154, 0.5869565217391305, 0.12011536210775375, 0.11854930967092514, 0.42994531618705445, 0.42990274958127317, 0.5215430161693128, 0.4649198380705909, 0.12402235929455077, 0.12402235929455077, 0.9194113276898861, 0.0, 0.0, 0.0, 0.06498618572950363, 0.4903454929590225, 0.4911147430539131, 0.0, -0.0, 0.053299952298402786, 0.6031746031746031, 0.057192977517843246, 0.8, 0.042818833142519, 0.0]
[0.4642857142857143, 0.5, 0.3333333333333333, 0.42424242424242425, 0.6153846153846154, 0.5869565217391305, 0.0, 0.0, 0.5379483797810046, 0.5379103319594782, 0.39586928378555564, 0.5937520838325789, 0.11486321155514037, 0.11486321155514037, 0.9309344552457333, 0.0, 0.0, 0.0, 0.06225751116871833, 0.4906019866466522, 0.49144100584089756, 0.0, -0.0, 0.05463831126689911, 0.6031746031746031, 0.05851515382528305, 0.8, 0.04239031299948692, 0.0]
[0.4642857142857143, 0.5, 0.3333333333333333, 0.42424242424242425, 0.6153846153846154, 0.5869565217391305, 0.0, 0.0, 0.5702136618229445, 0.5701771981401608, 0.3956360848866275, 0.595130122135925, 0.11003468717847552, 0.11003468717847552, 0.9354549683630466, 0.0, 0.0, 0.0, 0.05871616937220096, 0.49155483674257994, 0.4922923678532243, 0.0, -0.0, 0.053464796394109726, 0.6031746031746031, 0.05755479261279106, 0.8, 0.04372381791472435, 0.0]
[0.4642857142857143, 0.5, 0.3333333333333333, 0.42424242424242425, 0.6153846153846154, 0.5869565217391305, 0.0, 0.0, 0.5825847312095744, 0.5825501422809142, 0.4059522243120474, 0.5874107251608982, 0.10975185249532973, 0.10975185249532973, 0.9382695369422436, 0.0, 0.0, 0.0, 0.0536959521472454, 0.4926288668066263, 0.49327684147283435, 0.0, -0.0, 0.04483149200677872, 0.6031746031746031, 0.047484140843153, 0.8, 0.04566340520977974, 0.0]
[0.4642857142857143, 0.5, 0.3333333333333333, 0.42424242424242425, 0.6153846153846154, 0.5869565217391305, 0.0, 0.0, 0.5831996334670378, 0.583165403533848, 0.40931963601486177, 0.5845836586245109, 0.10945667113576617, 0.10945667113576617, 0.9402312003076077, 0.0, 0.0, 0.0, 0.05110012702643871, 0.493361484259367, 0.4939645701088011, 0.0, -0.0, 0.039907556027173996, 0.6031746031746031, 0.042323559522628784, 0.8, 0.04681255668401718, 0.0]
[0.4642857142857143, 0.5, 0.3333333333333333, 0.42424242424242425, 0.6153846153846154, 0.5869565217391305, 0.0, 0.0, 0.5864269115728813, 0.5863928810816195, 0.4128760046986275, 0.5811974879837807, 0.1086253672838211, 0.1086253672838211, 0.9415343478322029, 0.0, 0.0, 0.0, 0.04877744317054748, 0.49370786966755986, 0.49427076568827033, 0.0, -0.0, 0.0374736525118351, 0.6031746031746031, 0.03975400701165199, 0.8, 0.04657478630542755, 0.0]
[0.4642857142857143, 0.5, 0.3333333333333333, 0.42424242424242425, 0.6153846153846154, 0.5869565217391305, 0.0, 0.0, 0.5906972652639532, 0.5906634057229153, 0.41875858995244336, 0.5752784319242551, 0.10759653257472175, 0.10759653257472175, 0.94211121276021, 0.0, 0.0, 0.0, 0.04850186370313167, 0.49401463055983186, 0.49452739767730236, 0.0, -0.0, 0.034770455211400986, 0.6031746031746031, 0.036951977759599686, 0.8, 0.04750078171491623, 0.0]
[0.4642857142857143, 0.5, 0.3333333333333333, 0.42424242424242425, 0.6153846153846154, 0.5869565217391305, 0.0, 0.0, 0.5926463143547452, 0.5926124776070706, 0.42561850333532913, 0.5682766426766985, 0.10700297674962453, 0.10700297674962453, 0.9421131312847137, 0.0, 0.0, 0.0, 0.049593197926878926, 0.49424905609339476, 0.49473659694194794, 0.0, -0.0, 0.032793886959552765, 0.6031746031746031, 0.03483489528298378, 0.8, 0.04957781732082367, 0.0]
[0.4642857142857143, 0.5, 0.3333333333333333, 0.42424242424242425, 0.6153846153846154, 0.5869565217391305, 0.0, 0.0, 0.592330768732906, 0.5922968807001643, 0.4278214704922007, 0.5659931244865608, 0.10627725826842445, 0.10627725826842445, 0.9417616184800863, 0.0, 0.0, 0.0, 0.050967155024409294, 0.49432706320658326, 0.49478544760495424, 0.0, -0.0, 0.03207021579146385, 0.6031746031746031, 0.03408725932240486, 0.8, 0.051192507147789, 0.0]
[0.4642857142857143, 0.5, 0.3333333333333333, 0.42424242424242425, 0.6153846153846154, 0.5869565217391305, 0.29322975873947144, 0.2914038598537445, 0.40572156687311645, 0.40568134228540426, 0.4218372667268859, 0.5690995172783654, 0.11541317084005902, 0.11541317084005902, 0.9423743523657322, 0.0, 0.0, 0.0, 0.05677674748003483, 0.4942339616827667, 0.494704517070204, 0.0, -0.0, 0.03769645094871521, 0.6031746031746031, 0.04245247319340706, 0.8, 0.04996355250477791, 0.0]
[0.4642857142857143, 0.5, 0.3333333333333333, 0.42424242424242425, 0.6153846153846154, 0.5869565217391305, 0.1357220560312271, 0.13452774286270142, 0.44588816826931604, 0.4458497671506601, 0.30720871949059103, 0.6879458937494016, 0.13487161802394051, 0.13487161802394051, 0.9297967404127121, 0.0, 0.0, 0.0, 0.07459789291024208, 0.49337879894301295, 0.49390129558742046, 0.11143824458122253, 0.11143824458122253, 0.051891349256038666, 0.6031746031746031, 0.05847910791635513, 0.8, 0.04998195171356201, 0.0]
[0.4642857142857143, 0.5, 0.3333333333333333, 0.42424242424242425, 0.6153846153846154, 0.5869565217391305, 0.0, 0.0, 0.5256554346467524, 0.5256191988976007, 0.28365770489490283, 0.7128249636521025, 0.12238749435969762, 0.12238749435969762, 0.9381349589675665, 0.0, 0.0, 0.0, 0.07450643815100193, 0.49309985246509314, 0.49363481532782316, 0.11280599236488342, 0.11280599236488342, 0.06399215012788773, 0.4744031399488449, 0.06277720630168915, 0.7508682403280291, 0.04899907112121582, 0.0]
[0.4642857142857143, 0.5, 0.3333333333333333, 0.42424242424242425, 0.6153846153846154, 0.5869565217391305, 0.0, 0.0, 0.5191121395983614, 0.5190765947730318, 0.312881486137784, 0.6839772729020679, 0.10653314313718251, 0.10653314313718251, 0.9415204264223576, 0.0, 0.0, 0.0, 0.0698543295264244, 0.49284519255161285, 0.4938355088233948, 0.10888463258743286, -0.0, 0.0, 0.5, 0.06139541044831276, 0.737465571525485, 0.04814252629876137, 0.0092266098363325]
[0.4642857142857143, 0.5, 0.3333333333333333, 0.42424242424242425, 0.6153846153846154, 0.5869565217391305, 0.0, 0.0, 0.509228730748762, 0.5091929408947778, 0.3316055843980545, 0.6646748614306154, 0.09901642799377441, 0.09901642799377441, 0.9431266747415066, 0.0, 0.0, 0.0, 0.061388100311160085, 0.4925515791401267, 0.4940011673606932, 0.0, -0.0, 0.0, 0.5, 0.05218247324228287, 0.7493877727105174, 0.044108130037784576, 0.019744490273296833]
[0.4642857142857143, 0.5, 0.3333333333333333, 0.42424242424242425, 0.6153846153846154, 0.5869565217391305, 0.9731322526931763, 0.9731321930885315, 0.4140848792077934, 0.4140470023364911, 0.5463769666095537, 0.44843812239051045, 0.09549705045563835, 0.09549705045563835, 0.9291839636862278, 0.0, 0.0, 0.0, 0.060251389443874356, 0.49143677297979593, 0.4931402048096061, 0.0, -0.0, 0.0, 0.5, 0.049885157495737076, 0.7486045499180639, 0.03670698031783104, 0.029045091941952705]
[0.4642857142857143, 0.5, 0.3333333333333333, 0.42424242424242425, 0.6153846153846154, 0.5869565217391305, 0.9611225128173828, 0.9610863327980042, 0.39544161191178095, 0.3954029885578338, 0.5212767640445702, 0.4725814453223873, 0.0998991887484278, 0.0998991887484278, 0.9199185259640217, 0.0, 0.0, 0.0, 0.058848087862133976, 0.4895703475922346, 0.4915003962814808, 0.0, -0.0, 0.0, 0.5, 0.04919319599866867, 0.7391231870928476, 0.032248105853796005, 0.03425622824579477]
[0.4642857142857143, 0.5, 0.3333333333333333, 0.42424242424242425, 0.6153846153846154, 0.5869565217391305, 0.07395999133586884, 0.07368964701890945, 0.44886097557002225, 0.4488225516580031, 0.4940134107667675, 0.4982693833050668, 0.08417647864137377, 0.08417647864137377, 0.9345486871898174, 0.0, 0.0, 0.0, 0.0539044015109539, 0.4897394087165594, 0.49142568092793226, 0.0, -0.0, 0.0, 0.5, 0.0, 0.6976744186046512, 0.031025899574160576, 0.03432488767430186]
[0.4642857142857143, 0.5, 0.3333333333333333, 0.42424242424242425, 0.6153846153846154, 0.5869565217391305, 0.0, 0.0, 0.4558011842731308, 0.4557628144953493, 0.47847623567508235, 0.5135656759975467, 0.06120202264615468, 0.06120202264615468, 0.9482573959976435, 0.0, 0.0, 0.0, 0.03456974513828754, 0.49108581710606813, 0.4924246212467551, 0.0, -0.0, 0.0, 0.5, 0.0, 0.6976744186046512, 0.027856208384037018, 0.03080688649788499]
[0.4642857142857143, 0.5, 0.3333333333333333, 0.42424242424242425, 0.6153846153846154, 0.5869565217391305, 0.0, 0.0, 0.4297592254715258, 0.42972055083251137, 0.46893771177951965, 0.5235085541563276, 0.045894679746457515, 0.045894679746457515, 0.9558724202215672, 0.0, 0.0, 0.0, 0.027238038927316664, 0.4929834851063788, 0.4939293689094484, 0.0, -0.0, 0.0, 0.5, 0.0, 0.6976744186046512, 0.022317329421639442, 0.018472715746611357]
[0.4642857142857143, 0.5, 0.3333333333333333, 0.42424242424242425, 0.6153846153846154, 0.5869565217391305, 0.0, 0.0, 0.40647469378338263, 0.4064358766858482, 0.46309063003806267, 0.529836325134369, 0.04084422519164426, 0.04084422519164426, 0.9582914020866156, 0.0, 0.0, 0.0, 0.024044313095510004, 0.49387843860313296, 0.49463220220059156, 0.0, -0.0, 0.0, 0.5, 0.0, 0.6976744186046512, 0.018626540899276733, 0.0056630081962794065]
[0.4642857142857143, 0.5, 0.3333333333333333, 0.42424242424242425, 0.6153846153846154, 0.5869565217391305, 0.012973852455615997, 0.01236320286989212, 0.38099867709508134, 0.3809597574274125, 0.45884224629994785, 0.5346254144589664, 0.03439028880425862, 0.03439028880425862, 0.9621227774769068, 0.0, 0.0, 0.0, 0.016978998109698294, 0.4947984772734344, 0.49539047572761774, 0.0, -0.0, 0.0, 0.5, 0.0, 0.6976744186046512, 0.014956848695874214, 0.0]
[0.4642857142857143, 0.5, 0.3333333333333333, 0.42424242424242425, 0.6153846153846154, 0.5869565217391305, 0.01943178102374077, 0.018664544448256493, 0.3817903817725683, 0.3817516444518051, 0.455183375861859, 0.5385593680254538, 0.028931948223284314, 0.028931948223284314, 0.9664637241512537, 0.0, 0.0, 0.0, 0.013704701419919729, 0.4956176890991628, 0.496064436621964, 0.0, -0.0, 0.0, 0.5, 0.0, 0.6976744186046512, 0.011951576918363571, 0.0]
[0.4642857142857143, 0.5, 0.3333333333333333, 0.42424242424242425, 0.6153846153846154, 0.5869565217391305, 0.014829648658633232, 0.014518032781779766, 0.38428814689242363, 0.3842494893484316, 0.45411277159222224, 0.5397284823616827, 0.02521565849227565, 0.02521565849227565, 0.9696608167141676, 0.0, 0.0, 0.0, 0.011370372865349053, 0.49624992930330336, 0.4965964644216001, 0.0, -0.0, 0.0, 0.5, 0.0, 0.6976744186046512, 0.009857592172920704, 0.0]
[0.4642857142857143, 0.5, 0.3333333333333333, 0.42424242424242425, 0.6153846153846154, 0.5869565217391305, 0.0, 0.0, 0.3930521038704575, 0.3930135261032367, 0.45285456654674466, 0.5408541553968175, 0.02305101204131331, 0.02305101204131331, 0.9717452023178339, 0.0, 0.0, 0.0, 0.010200794506818055, 0.4966720682568848, 0.49696147348731756, 0.0, -0.0, 0.0, 0.5, 0.0, 0.6976744186046512, 0.008829193189740181, 0.0]
[0.4642857142857143, 0.5, 0.3333333333333333, 0.42424242424242425, 0.6153846153846154, 0.5869565217391305, 0.0, 0.0, 0.4140619661794338, 0.41402367332925305, 0.4552081066609341, 0.5383784129395717, 0.022553103044629097, 0.022553103044629097, 0.9727091230452061, 0.0, 0.0, 0.0, 0.010057119186967611, 0.4968926580622792, 0.4971436345949769, 0.0, -0.0, 0.0, 0.5, 0.0, 0.6976744186046512, 0.008293733932077885, 0.0]
[0.4642857142857143, 0.5, 0.3333333333333333, 0.42424242424242425, 0.6153846153846154, 0.5869565217391305, 0.0, 0.0, 0.4320466990224718, 0.43200863410592305, 0.45303658864694163, 0.5403762982356111, 0.024787047877907753, 0.024787047877907753, 0.9716909565031528, 0.0, 0.0, 0.0, 0.011639909632503985, 0.4967564472462982, 0.4970175598282367, 0.0, -0.0, 0.0, 0.5, 0.0, 0.6976744186046512, 0.0089949332177639, 0.0]
[0.4642857142857143, 0.5, 0.3333333333333333, 0.42424242424242425, 0.6153846153846154, 0.5869565217391305, 0.0, 0.0, 0.451502777650297, 0.4514651059192636, 0.4519792387180073, 0.5413870129434324, 0.02825020014175347, 0.02825020014175347, 0.9702388243749738, 0.0, 0.0, 0.0, 0.014230788592249154, 0.49648155295290053, 0.49676521634683013, 0.0, -0.0, 0.0, 0.5, 0.0, 0.6976744186046512, 0.010221870616078377, 0.0]
[0.4642857142857143, 0.5, 0.3333333333333333, 0.42424242424242425, 0.6153846153846154, 0.5869565217391305, 0.0, 0.0, 0.4657798451629697, 0.46574250108653226, 0.447274887994872, 0.546152074501751, 0.03126784360834531, 0.03126784360834531, 0.9692273857071996, 0.0, 0.0, 0.0, 0.015584112238138914, 0.49641029443591833, 0.49672007700428367, 0.0, -0.0, 0.0, 0.5, 0.0, 0.6976744186046512, 0.01146797277033329, 0.0]
[0.4642857142857143, 0.5, 0.3333333333333333, 0.42424242424242425, 0.6153846153846154, 0.5869565217391305, 0.0, 0.0, 0.4770759652951024, 0.47703887621941576, 0.442260353788591, 0.5511877563191823, 0.034285592181341994, 0.034285592181341994, 0.9683017302304506, 0.0, 0.0, 0.0, 0.01688477396965027, 0.4963155959267169, 0.4966378251556307, 0.0, -0.0, 0.0, 0.5, 0.0, 0.6976744186046512, 0.012678793631494045, 0.0]
[0.4642857142857143, 0.5, 0.3333333333333333, 0.42424242424242425, 0.6153846153846154, 0.5869565217391305, 0.0, 0.0, 0.4841563902211235, 0.4841193937434749, 0.43989131418742367, 0.5534504629222038, 0.0386820494064263, 0.0386820494064263, 0.966858634725213, 0.0, 0.0, 0.0, 0.019544002786278724, 0.4961329388897866, 0.4964478351175785, 0.0, -0.0, 0.0, 0.5, 0.0, 0.6976744186046512, 0.014405454508960247, 0.0]
[0.4642857142857143, 0.5, 0.3333333333333333, 0.42424242424242425, 0.6153846153846154, 0.5869565217391305, 0.0, 0.0, 0.4830502112098679, 0.4830131093129145, 0.44076592972356093, 0.5524409165523197, 0.04135344709668841, 0.04135344709668841, 0.9658048935234547, 0.0, 0.0, 0.0, 0.021578325517475603, 0.49595643440261483, 0.49626284069381654, 0.0, -0.0, 0.0, 0.5, 0.0, 0.6976744186046512, 0.015389764681458473, 0.0]
[0.4642857142857143, 0.5, 0.3333333333333333, 0.42424242424242425, 0.6153846153846154, 0.5869565217391305, 0.0, 0.0, 0.47880490030202993, 0.47876768016450494, 0.44379130991649446, 0.5493646245335023, 0.042663561180233955, 0.042663561180233955, 0.9650254603475332, 0.0, 0.0, 0.0, 0.022947455756366253, 0.4957674900069833, 0.4960678140632808, 0.0, -0.0, 0.0, 0.5, 0.0, 0.6976744186046512, 0.015678875148296356, 0.0]
[0.4642857142857143, 0.5, 0.3333333333333333, 0.42424242424242425, 0.6153846153846154, 0.5869565217391305, 0.0, 0.0, 0.46648572712965725, 0.46644807819198697, 0.4466656612848461, 0.5462224839129771, 0.040684404915996966, 0.040684404915996966, 0.9658427331596613, 0.0, 0.0, 0.0, 0.022141723707318303, 0.4958203458227217, 0.4961149974260479, 0.0, -0.0, 0.0, 0.5, 0.0, 0.6976744186046512, 0.015135589055716991, 0.0]
[0.4642857142857143, 0.5, 0.3333333333333333, 0.42424242424242425, 0.6153846153846154, 0.5869565217391305, 0.0, 0.0, 0.4443983655586753, 0.4443602778487634, 0.4544339870631581, 0.5385146175305606, 0.0369649739669902, 0.0369649739669902, 0.96742182970047, 0.0, 0.0, 0.0, 0.019690251909196377, 0.49606856796890497, 0.49635229515843093, 0.0, -0.0, 0.0, 0.5, 0.0, 0.6976744186046512, 0.013783259317278862, 0.0]
[0.4642857142857143, 0.5, 0.3333333333333333, 0.42424242424242425, 0.6153846153846154, 0.5869565217391305, 0.0, 0.0, 0.43952723009864414, 0.4394891708804362, 0.4510783538307788, 0.5420622079203229, 0.032278355211019516, 0.032278355211019516, 0.9699879214167595, 0.0, 0.0, 0.0, 0.015813863929361103, 0.49648938816972077, 0.49673334788531065, 0.0, -0.0, 0.0, 0.5, 0.0, 0.6976744186046512, 0.011962607502937317, 0.0]
[0.4642857142857143, 0.5, 0.3333333333333333, 0.42424242424242425, 0.6153846153846154, 0.5869565217391305, 0.0, 0.0, 0.4352346813701535, 0.43519654807351515, 0.4535457353974848, 0.5396351720310711, 0.02936395151274545, 0.02936395151274545, 0.9714396139606833, 0.0, 0.0, 0.0, 0.013943016808480023, 0.49676337046548724, 0.4969827684108168, 0.0, -0.0, 0.0, 0.5, 0.0, 0.6976744186046512, 0.010802638716995716, 0.0]
[0.4642857142857143, 0.5, 0.3333333333333333, 0.42424242424242425, 0.6153846153846154, 0.5869565217391305, 0.0, 0.0, 0.43296646821111384, 0.4329283349144755, 0.45356761417698904, 0.5396701740894395, 0.027709085760372027, 0.027709085760372027, 0.9721365477889776, 0.0, 0.0, 0.0, 0.012958758790045976, 0.49686471256427467, 0.49707626970484853, 0.0, -0.0, 0.0, 0.5, 0.0, 0.6976744186046512, 0.01005321554839611, 0.0]

程序已被终止，正在关闭套接字...
套接字已关闭。
