[-0.09280786 -0.00159081 -0.0373232 ]
[-9.49891299e-02 -4.81216484e-05 -3.62660997e-02]
[-0.07691556  0.01165504 -0.03741987]
[-0.13088933  0.00827662 -0.03310007]
[-0.12915961  0.00952352 -0.03080324]
[-0.12546489  0.01195498 -0.0222443 ]
[-0.12546489  0.01195498 -0.0222443 ]
[-0.11713045  0.01259778 -0.01552196]
[-0.10989818  0.01325496 -0.01354552]
[-0.10072428  0.01327816 -0.01150685]
[-0.09303779  0.01557063 -0.00782877]
[-0.10989551  0.02179135  0.01297534]
[-0.11317056  0.02364196  0.0155287 ]
[-0.11542754  0.0265281   0.01650294]
[-0.10430774  0.03572261  0.010343  ]
[-0.10446447  0.03549224  0.01053354]
[-0.11419553  0.03360045  0.01201303]
[-0.11598504  0.0328519   0.01157867]
[-0.12783406  0.03071563  0.00800218]
[-0.13286784  0.0301624   0.00796848]
[-0.14245863  0.03036152  0.00557813]
[-0.1461638   0.0313912   0.00369781]
[-0.14739175  0.03200503  0.00286966]
[-0.14828834  0.03249438  0.00218495]
[-1.51870034e-01  3.35814059e-02 -1.10909008e-04]
[-0.15378277  0.03352369 -0.00143594]
[-0.15785143  0.03300777 -0.00339548]
[-0.16421197  0.03194665 -0.00468905]
[-0.18922655  0.02762715 -0.00476068]
[-0.23046367  0.0269798  -0.02015872]
[-0.23764566  0.0248319  -0.0231212 ]
[-0.26138505  0.01559292 -0.03007548]
[-0.27086925  0.01325259 -0.02869226]
[-0.27695873  0.01284967 -0.02787494]
[-0.30155603  0.01261043 -0.0299153 ]
[-0.30776151  0.01302536 -0.03139758]
[-0.3159424   0.01273707 -0.0331597 ]
[-0.34725612  0.01056172 -0.03585773]
[-0.3541719   0.01016527 -0.03574169]
[-0.36011569  0.00932907 -0.03649227]
[-0.36558134  0.00853031 -0.03765983]
[-0.37092824  0.00764456 -0.03932454]
[-0.37838338  0.00581272 -0.04144976]
[-0.3846863   0.00496974 -0.04214845]
[-0.39124463  0.0045696  -0.0419836 ]
[-0.39848747  0.00492057 -0.0421293 ]
[-0.40983045  0.00716623 -0.0418227 ]
[-0.41466268  0.00814001 -0.04180667]
[-0.41720393  0.00823645 -0.04140342]
[-0.42714133  0.0071832  -0.03788433]
[-0.44251337  0.00391029 -0.03791855]
[-0.44307491  0.00393007 -0.03850438]
[-0.44168701  0.00459021 -0.03596036]
[-0.4428237   0.00378266 -0.03658092]
[-0.44526317  0.00359111 -0.03785637]
[-0.44624727  0.00423501 -0.03815514]
[-0.4467011   0.00577381 -0.03871358]
[-0.4461615   0.00818156 -0.03965639]
[-0.44440108  0.00953894 -0.03978293]
[-0.43850693  0.01379603 -0.03910115]
[-0.4168609   0.02016744 -0.03304317]
[-0.40071853  0.05513521 -0.01727136]
[-0.39746917  0.0650282  -0.01331707]
[-0.39371989  0.0687399  -0.01106428]
[-0.39134773  0.07208166 -0.01002049]
[-0.39114718  0.08474416 -0.01077654]
[-0.39280491  0.08904219 -0.01091587]
[-0.39410826  0.09370472 -0.01005971]
[-0.39361323  0.09759535 -0.00724545]
[-0.39397968  0.10298658 -0.00060308]
[-0.39256557  0.1045069   0.00344531]
[-0.3770648   0.12049159  0.03566039]
[-0.37267574  0.12190502  0.04043794]
[-0.35711456  0.12607028  0.05682338]
[-0.35139918  0.12866688  0.06353666]
[-0.35046422  0.13055982  0.06648257]
[-0.34978356  0.13199438  0.06896129]
[-0.34864435  0.1346494   0.07286849]
[-0.34835965  0.13561293  0.07439063]
[-0.34852588  0.13691448  0.07532508]
[-0.35001407  0.1419515   0.06908983]
[-0.35967957  0.14109419  0.05288007]
[-0.36058294  0.14033496  0.04971519]
[-0.3608033   0.13897188  0.04754837]
[-0.3608531   0.13390642  0.04113076]
[-0.36142754  0.13128063  0.03715989]
[-0.3613229   0.12922126  0.03341234]
[-0.35752946  0.11965512  0.01305138]
[-0.35734151  0.11868165  0.00994154]
[-0.35671614  0.11768936  0.00666601]
[-0.35490976  0.11417167  0.00074074]
[-0.3529925   0.11195888 -0.00201627]
[-0.34451439  0.10202244 -0.02173431]
[-0.34416524  0.10004904 -0.02434489]
[-0.35038934  0.08709422 -0.04517936]
[-0.35394836  0.08195481 -0.04918447]
[-0.3554103   0.07940998 -0.05101202]
[-0.35592524  0.07658634 -0.05223843]
[-0.35625277  0.07373965 -0.05328492]
[-0.35658009  0.0710932  -0.05417744]
[-0.35743245  0.06698266 -0.05607634]
[-0.35818281  0.06440255 -0.05718024]
[-0.35896068  0.06188729 -0.05849426]
[-0.36211262  0.05410635 -0.06408633]
[-0.36352881  0.0516743  -0.0658345 ]
[-0.36505798  0.04671902 -0.06790024]
[-0.36505798  0.04671902 -0.06790024]
[-0.36596619  0.04408044 -0.06824064]
[-0.36308799  0.0295855  -0.07286377]
[-0.36290909  0.02804449 -0.07430898]
[-0.36208468  0.02619807 -0.0762113 ]
[-0.36214834  0.02464657 -0.07824638]
[-0.36264163  0.02013811 -0.08319903]
[-0.36361047  0.0185305  -0.08463373]
[-0.36392202  0.01691432 -0.0856607 ]
[-0.36477719  0.0158971  -0.08553413]
[-0.36571414  0.01499892 -0.08575216]
[-0.3617746   0.00988995 -0.09101753]
[-0.35661414  0.00208661 -0.09723109]
[-0.35705931  0.00088404 -0.09908888]
[-0.35721534 -0.00054699 -0.10070673]
[-0.35301855 -0.00802078 -0.10742898]
[-0.34921413 -0.01241185 -0.11071637]
[-0.34790632 -0.01446921 -0.11222639]
[-0.34716813 -0.01847951 -0.11579259]
[-0.346964   -0.02104217 -0.11855752]
[-0.34713311 -0.02341493 -0.12055887]
[-0.34694982 -0.03418243 -0.13035727]
[-0.34710964 -0.03601838 -0.13274461]
[-0.349512   -0.04143897 -0.1390416 ]
[-0.34997813 -0.04402795 -0.14333758]
[-0.35094484 -0.0463818  -0.14739951]
[-0.35200925 -0.04866749 -0.15121068]
[-0.3535041  -0.05073916 -0.15501006]
[-0.35849539 -0.06303692 -0.17121023]
[-0.35849524 -0.06653298 -0.17370838]
[-0.35816268 -0.07311361 -0.18120152]
[-0.35763749 -0.09222118 -0.20378461]
[-0.36007554 -0.09051611 -0.20680647]
[-0.3600863  -0.09051584 -0.20712779]
[-0.3601353  -0.09030131 -0.20732078]
[-0.35867698 -0.08324964 -0.20438804]
[-0.36114142 -0.07860209 -0.20023192]
[-0.36062618 -0.06698202 -0.18420011]
[-0.35845157 -0.06541856 -0.18226492]
[-0.3565151  -0.06353401 -0.18069316]
[-0.35310068 -0.06001005 -0.17254025]
[-0.35221445 -0.04851954 -0.13766247]
[-0.34966684 -0.03776157 -0.12746049]
[-0.34782299 -0.03696461 -0.12537961]
[-0.34559628 -0.03596995 -0.12342603]
[-0.34386278 -0.02864455 -0.11524404]
[-0.3446055  -0.02760298 -0.11392625]
[-0.34632852 -0.02563501 -0.11176275]
[-0.34711494 -0.02453436 -0.11013984]
[-0.34714646 -0.02339738 -0.10821857]
[-0.34352371 -0.01472402 -0.09768564]
[-0.34341841 -0.01315673 -0.09664008]
[-0.34333896 -0.01114043 -0.09575316]
[-0.34341904 -0.011032   -0.09625329]
[-0.34522461 -0.00501646 -0.08852877]
[-0.34393867 -0.00224307 -0.07848713]
[-0.3429635  -0.00071898 -0.07550067]
[-0.34259952  0.00219661 -0.07285628]
[-0.34224551  0.0286052  -0.04889039]
[-0.34404593  0.03148653 -0.04524276]
[-0.34799316  0.0349662  -0.04049272]
[-0.35507275  0.04607698 -0.02727681]
[-0.35540048  0.0490558  -0.02562825]
[-0.36410035  0.06055296 -0.01697406]
[-0.36781047  0.06598391 -0.01312625]
[-0.36775919  0.06847306 -0.01150702]
[-0.36709332  0.07139911 -0.00915781]
[-0.36884358  0.0780702  -0.00256307]
[-3.70661655e-01  8.00159648e-02 -3.69482674e-04]
[-0.37240222  0.08263722  0.00188608]
[-0.38152217  0.09793942  0.0059545 ]
[-0.38372726  0.10088311  0.00791244]
[-0.38745102  0.10555237  0.00996926]
[-0.38935695  0.10780577  0.00836843]
[-0.39418341  0.11275872  0.00332785]
[-0.39872446  0.11427092  0.00111634]
[-0.40292522  0.11446884 -0.00055812]
[-0.40801349  0.11404785 -0.0020435 ]
[-0.41662406  0.11134782 -0.00500578]
[-0.43108999  0.11344863 -0.0043486 ]
[-0.43828508  0.12112501 -0.00629086]
[-0.43603959  0.12323192 -0.00646515]
[-0.42633774  0.12902232  0.00092127]
[-0.42779609  0.13066484  0.00462245]
[-0.4455741   0.14250606  0.04342883]
[-0.44811808  0.14654163  0.05078795]
[-0.46406233  0.17146318  0.08588356]
[-0.47175413  0.18026412  0.09789901]
[-0.47755801  0.18442123  0.10512445]
[-0.48943257  0.18945591  0.11505835]
[-0.49628984  0.19269346  0.12309393]
[-0.49943148  0.19627146  0.13231935]
[-0.49730962  0.20497112  0.14855812]
[-0.49561908  0.20832653  0.15550308]
[-0.49391162  0.21146527  0.16071311]
[-0.49578988  0.21432143  0.16936387]
[-0.5         0.22255006  0.19015007]
[-0.5         0.22286688  0.19188404]
[-0.5         0.2223697   0.19322424]
[-0.5         0.22226566  0.19488765]
[-0.5         0.22470108  0.19809468]
[-0.5         0.22700304  0.20013957]
[-0.49949964  0.22912903  0.20130403]
[-0.49319729  0.23373939  0.20605946]
[-0.49481734  0.23633657  0.20511253]
[-0.4919359   0.23444444  0.19574936]
[-0.4925779   0.23364516  0.19444107]
[-0.49221914  0.23296531  0.1935368 ]
[-0.48932421  0.22942884  0.19054791]
[-0.48892551  0.22837476  0.18960366]
[-0.48090362  0.22098453  0.18489316]
[-0.4791533   0.21764301  0.18347248]
[-0.47874644  0.2142981   0.18247108]
[-0.47971367  0.21366796  0.18129434]
[-0.48068019  0.21295179  0.18002518]
[-0.48672062  0.19574454  0.14336886]
[-0.48731455  0.19264437  0.13387214]
[-0.48225879  0.1859547   0.11982407]
[-0.47909492  0.18283457  0.11407224]
[-0.4762828   0.17977111  0.10882428]
[-0.45883458  0.13184136  0.05632205]
[-0.45770987  0.12540163  0.04974624]
[-0.45590886  0.11957265  0.04387725]
[-0.45124262  0.10052352  0.01921455]
[-0.45168834  0.09629913  0.01361303]
[-0.45253017  0.09230274  0.00767036]
[-0.45551335  0.08279593 -0.00462668]
[-0.46057993  0.07603709 -0.00988694]
[-0.46271988  0.07315022 -0.01179247]
[-0.46485736  0.0702437  -0.01394261]
[-0.46921294  0.06264959 -0.01823916]
[-0.47070693  0.06074778 -0.02015665]
[-0.47263711  0.05901876 -0.02166121]
[-0.47372344  0.05765659 -0.02445109]
[-0.47621276  0.05546293 -0.0273493 ]
[-0.48057022  0.05142038 -0.03055561]
[-0.48441341  0.04998561 -0.03179549]
[-0.48852863  0.04830056 -0.03259432]
[-0.49678456  0.0454596  -0.03467751]
[-0.49974891  0.04420248 -0.03535979]
[-0.5         0.04318681 -0.03677911]
[-0.5         0.03558588 -0.04453235]
[-0.5         0.0354661  -0.04447535]
[-0.5         0.03204227 -0.05039419]
[-0.5         0.03035835 -0.05550636]
[-0.5        -0.0079551  -0.07270416]
[-0.5        -0.0108554  -0.07594344]
[-0.5        -0.01432234 -0.08223502]
[-0.5        -0.01526374 -0.08733936]
[-0.5        -0.01680579 -0.09274215]
[-0.5        -0.04267297 -0.13174257]
[-0.5        -0.04764265 -0.13882641]
[-0.5        -0.04831414 -0.14207447]
[-0.5        -0.05092513 -0.14417973]
[-0.5        -0.05182149 -0.14542787]
[-0.5        -0.05425724 -0.14595909]
[-0.5        -0.06016308 -0.14762692]
[-0.5        -0.06411576 -0.14883508]
[-0.5       -0.0711972 -0.146649 ]
[-0.5        -0.06996217 -0.14736924]
[-0.5        -0.06931069 -0.14798944]
[-0.5        -0.06817999 -0.14782164]
[-0.5       -0.059276  -0.1460809]
[-0.5        -0.05584524 -0.1454967 ]
[-0.5        -0.05228841 -0.14354694]
[-0.5        -0.04832478 -0.1393542 ]
[-0.5        -0.03815472 -0.11701704]
[-0.5        -0.03547582 -0.1122892 ]
[-0.5        -0.03171294 -0.10967112]
[-0.5        -0.02742759 -0.10602439]
[-0.5        -0.019276   -0.10122736]
[-0.49103751 -0.01519419 -0.09510703]
[-0.44952726  0.01325244 -0.05719263]
[-0.4442529   0.01953673 -0.05183965]
[-0.43902525  0.02476776 -0.04758323]
[-0.43358138  0.03560635 -0.04148108]
[-0.43112856  0.04011235 -0.03972592]
[-0.43078893  0.04370507 -0.03728866]
[-0.41479697  0.0640808  -0.01519617]
[-0.41479697  0.0640808  -0.01519617]
[-0.41250327  0.0676806  -0.01245128]
[-0.40083745  0.08084788 -0.00241239]
[-0.39546431  0.08606056 -0.00046507]
[-3.93294492e-01  8.84306952e-02 -9.07480717e-05]
[-3.90689710e-01  9.07199308e-02  3.65952961e-04]
[-3.87579763e-01  9.18023214e-02  7.75912777e-05]
[-3.83697683e-01  9.21236053e-02 -2.58048996e-04]
[-3.80351135e-01  9.29659307e-02 -2.17722729e-04]
[-0.36960305  0.10263231  0.00335417]
[-0.37603384  0.12668538  0.05294223]
[-0.37603384  0.12668538  0.05294223]
[-0.37449733  0.12741998  0.08298317]
[-0.37779113  0.1295539   0.09833703]
[-0.38033492  0.13273847  0.1118174 ]
[-0.38410425  0.13558786  0.12498928]
[-0.38287387  0.14461365  0.16490887]
[-0.38246978  0.14437425  0.16762301]
[-0.38205128  0.14348176  0.16970292]
[-0.3810053   0.14241561  0.17089768]
[-0.37904918  0.14161479  0.17128669]
[-0.373021    0.14046845  0.17035192]
[-0.36993415  0.14009815  0.16973779]
[-0.3665406   0.13991196  0.16911015]
[-0.31757059  0.14104345  0.13690059]
[-0.31293737  0.14078948  0.12997264]
[-0.28940406  0.13595481  0.09090732]
[-0.2856456   0.13417789  0.08386297]
[-0.28165292  0.13226348  0.07550928]
[-0.27095193  0.12432045  0.05656837]
[-0.26010952  0.11788564  0.0497181 ]
[-0.2528489   0.11507468  0.04675997]
[-0.24548133  0.11269427  0.04180063]
[-0.23517501  0.10947517  0.02722471]
[-0.23097558  0.10822326  0.02068617]
[-0.19233208  0.101887   -0.00795056]
[-0.18675625  0.09901216 -0.01096419]
[-0.18235413  0.09586078 -0.0143502 ]
[-0.17530784  0.08889484 -0.02125278]
[-0.17247907  0.08477869 -0.02429167]
[-0.16974588  0.08099671 -0.02625523]
[-0.16159377  0.06764465 -0.03732084]
[-0.16119678  0.06592082 -0.03863573]
[-0.16065079  0.06457741 -0.03993618]
[-0.16006943  0.05398386 -0.04508432]
[-0.16006943  0.05398386 -0.04508432]
[-0.15827217  0.04861385 -0.04878056]
[-0.1586716   0.0484564  -0.04938366]
[-0.15946866  0.04860473 -0.05046692]
[-0.16203395  0.04879193 -0.05431769]
[-0.16228191  0.04830066 -0.05655487]
[-0.16262662  0.0484534  -0.05809813]
[-0.16312167  0.0486212  -0.05954555]
[-0.16428153  0.04926262 -0.06213058]
[-0.16468072  0.04906824 -0.06258571]
[-0.16529531  0.04851492 -0.06277595]
[-0.16651759  0.04786954 -0.06292706]
[-0.16786299  0.04716647 -0.06320638]
[-0.16885247  0.04640158 -0.06367607]
[-0.16804853  0.04451313 -0.07136929]
[-0.16955757  0.04792628 -0.0698217 ]

程序已被终止，正在关闭套接字...
套接字已关闭。
