YAML 文件验证通过
init data completed...
[0.4642857142857143, 0.5, 0.3333333333333333, 0.42424242424242425, 0.6153846153846154, 0.5869565217391305, 0.20879784226417542, 0.20844203233718872, 0.3375401442183135, 0.3375244281943852, 0.46218233445862283, 0.5323384209932328, 0.15694866755179, 0.15694866755179, 0.902123212814331, 0.0, 0.0, 0.0, 0.035333143733441826, 0.4552583508193493, 0.4504535384476185, 0.0, -0.0, 0.18204450607299805, 0.4271821975708008, 0.1876138150691986, 0.6087493342022563, 0.03128233551979065, 0.002281344495713711]
[0.4642857142857143, 0.5, 0.3333333333333333, 0.42424242424242425, 0.6153846153846154, 0.5869565217391305, 0.12479735910892487, 0.12432975322008133, 0.40143770241600607, 0.4014229665066954, 0.44980957266477506, 0.5430125016960491, 0.02064230452690806, 0.02064230452690806, 0.9579503033310175, 0.0, 0.0, 0.0, 0.0333391934633255, 0.49639015295542777, 0.48855684604495764, 0.0, -0.0, 0.0, 0.5, 0.0, 0.6976744186046512, 0.022173555567860603, 0.01206477521918714]
[0.4642857142857143, 0.5, 0.3333333333333333, 0.42424242424242425, 0.6153846153846154, 0.5869565217391305, 0.028682347387075424, 0.02820705808699131, 0.4258458614349365, 0.42583156429786756, 0.46071940227402786, 0.5315290030233668, 0.034232705033251216, 0.034232705033251216, 0.9584764316678047, 0.0, 0.0, 0.0, 0.03052483759820461, 0.4959034798666835, 0.4915805011987686, 0.0, -0.0, 0.0, 0.5, 0.0, 0.6976744186046512, 0.017473818734288216, 0.0]
[0.4642857142857143, 0.5, 0.3333333333333333, 0.42424242424242425, 0.6153846153846154, 0.5869565217391305, 0.027940861880779266, 0.02746698074042797, 0.41959447956449897, 0.4195800228738876, 0.4744134725393802, 0.5177751685596966, 0.037706763084445684, 0.037706763084445684, 0.9574484527111053, 0.0, 0.0, 0.0, 0.030571318604052065, 0.49405398592352867, 0.49164612125605345, 0.0, -0.0, 0.0, 0.5, 0.0, 0.6976744186046512, 0.016208108514547348, 0.0]
[0.4642857142857143, 0.5, 0.3333333333333333, 0.42424242424242425, 0.6153846153846154, 0.5869565217391305, 0.030361663550138474, 0.029824279248714447, 0.4134449099491477, 0.41343031080001624, 0.4833661642630743, 0.5087771066465473, 0.037423767415540564, 0.037423767415540564, 0.9576590787619352, 0.0, 0.0, 0.0, 0.029903891310095784, 0.49377514561638236, 0.49180125817656517, 0.0, -0.0, 0.0, 0.5, 0.0, 0.6976744186046512, 0.015624669380486012, 0.0]
[0.4642857142857143, 0.5, 0.3333333333333333, 0.42424242424242425, 0.6153846153846154, 0.5869565217391305, 0.04825165495276451, 0.047341231256723404, 0.3862631804172669, 0.38624805702078185, 0.5073289039258063, 0.4854648297370455, 0.0344233334596668, 0.0344233334596668, 0.9587963558733463, 0.0, 0.0, 0.0, 0.02435796894133091, 0.4929773276671767, 0.4922541263513267, 0.0, -0.0, 0.0, 0.5, 0.0, 0.6976744186046512, 0.012592412531375885, 0.0006777304952265695]
[0.4642857142857143, 0.5, 0.3333333333333333, 0.42424242424242425, 0.6153846153846154, 0.5869565217391305, 0.8143531680107117, 0.8119532465934753, 0.24780675330079993, 0.24778651279427583, 0.5008810609828389, 0.49577650166327775, 0.04773251712322235, 0.04773251712322235, 0.9238878078758717, 0.0, 0.0, 0.0, 0.04078773260116577, 0.48135886527597904, 0.4831192549318075, 0.0, -0.0, 0.0, 0.5, 0.0, 0.6976744186046512, 0.012149983085691929, 0.0015064000035636127]
[0.4642857142857143, 0.5, 0.3333333333333333, 0.42424242424242425, 0.6153846153846154, 0.5869565217391305, 0.2548168897628784, 0.2543575167655945, 0.3315633824860844, 0.3315435864501428, 0.49393797185749216, 0.500095137395954, 0.059151867670672285, 0.059151867670672285, 0.9309477284550667, 0.0, 0.0, 0.0, 0.04511453807353973, 0.47841780818998814, 0.47950316593050957, 0.0, -0.0, 0.0, 0.5, 0.0, 0.6976744186046512, 0.013313742354512215, 0.003597558825276792]
[0.4642857142857143, 0.5, 0.3333333333333333, 0.42424242424242425, 0.6153846153846154, 0.5869565217391305, 0.11785424500703812, 0.1173815056681633, 0.39488190948165397, 0.39486286562669803, 0.46635444875429055, 0.5261378084901591, 0.051109527370759425, 0.051109527370759425, 0.9473984092473984, 0.0, 0.0, 0.0, 0.03497877642512321, 0.48696829844266176, 0.4873250210657716, 0.0, -0.0, 0.0, 0.5, 0.0, 0.6976744186046512, 0.013466192409396172, 0.00329255941323936]
[0.4642857142857143, 0.5, 0.3333333333333333, 0.42424242424242425, 0.6153846153846154, 0.5869565217391305, 0.0415675975382328, 0.0411645732820034, 0.42735814979837683, 0.42733966438081933, 0.45118681035123864, 0.5407814645123933, 0.0480877554842404, 0.0480877554842404, 0.9505669586360455, 0.0, 0.0, 0.0, 0.03200928047299385, 0.4888399410992861, 0.48926230426877737, 0.0, -0.0, 0.0, 0.5, 0.0, 0.6976744186046512, 0.013592783361673355, 0.0015964671911206096]
[0.4642857142857143, 0.5, 0.3333333333333333, 0.42424242424242425, 0.6153846153846154, 0.5869565217391305, 0.0, 0.0, 0.4759396363626702, 0.4759220626796409, 0.4287577477741424, 0.5626619976810875, 0.04802050867250988, 0.04802050867250988, 0.9527099300175905, 0.0, 0.0, 0.0, 0.030914172902703284, 0.4902757639065385, 0.49071496073156595, 0.0, -0.0, 0.0, 0.5, 0.0, 0.6976744186046512, 0.014383794739842415, 0.00351584778400138]
[0.4642857142857143, 0.5, 0.3333333333333333, 0.42424242424242425, 0.6153846153846154, 0.5869565217391305, 0.22806982696056366, 0.22736887633800507, 0.44413178577933665, 0.444113676452272, 0.43675228628556084, 0.5553669557003065, 0.08105754320110595, 0.08105754320110595, 0.9438085816800594, 0.0, 0.0, 0.0, 0.04714764300733804, 0.4905623123049736, 0.4910364644601941, 0.0, -0.0, 0.05908903479576111, 0.47636438608169557, 0.05895226076245308, 0.7478903662846532, 0.018621958792209625, 0.0002572263474576175]
[0.4642857142857143, 0.5, 0.3333333333333333, 0.42424242424242425, 0.6153846153846154, 0.5869565217391305, 0.9886119961738586, 0.988527774810791, 0.3964545603691962, 0.3964368499259876, 0.46506984044671285, 0.5314969612530445, 0.144401772746018, 0.144401772746018, 0.8722477480769157, 0.0, 0.0, 0.0, 0.05349379256367683, 0.4819634407758713, 0.48372663743793964, 0.0, -0.0, 0.0, 0.5, 0.0, 0.6976744186046512, 0.02089272253215313, 0.0]
[0.4642857142857143, 0.5, 0.3333333333333333, 0.42424242424242425, 0.6153846153846154, 0.5869565217391305, 0.9747738838195801, 0.9747081398963928, 0.39473010568272315, 0.3947119165788873, 0.45910425031162355, 0.5361366472047734, 0.14870605830635344, 0.14870605830635344, 0.8655337318778038, 0.0, 0.0, 0.0, 0.056087333336472506, 0.4787486493587494, 0.48013952001929283, 0.0, -0.0, 0.0, 0.5, 0.0, 0.6976744186046512, 0.022230064496397972, 0.0]
[0.4642857142857143, 0.5, 0.3333333333333333, 0.42424242424242425, 0.6153846153846154, 0.5869565217391305, 0.6443961262702942, 0.6401338577270508, 0.29553724110240465, 0.2955160660679892, 0.4596564394794048, 0.5318763795769187, 0.13634980257068363, 0.13634980257068363, 0.8780851401388645, 0.0, 0.0, 0.0, 0.06632755175232886, 0.4787597246468067, 0.47978790663182735, 0.0, -0.0, 0.06903591752052307, 0.47238563299179076, 0.07186319679021835, 0.7357649388181609, 0.024450909346342087, 0.0]
[0.4642857142857143, 0.5, 0.3333333333333333, 0.42424242424242425, 0.6153846153846154, 0.5869565217391305, 0.5043754577636719, 0.5053674578666687, 0.3168171021952, 0.316796086714327, 0.4642328482057123, 0.5266428182452809, 0.13191564806870051, 0.13191564806870051, 0.8854765072464943, 0.0, 0.0, 0.0, 0.08388713672757148, 0.4788296986371279, 0.47949823923408985, 0.12510934472084045, 0.12510934472084045, 0.0, 0.5, 0.0, 0.6976744186046512, 0.025944974273443222, 0.0]
[0.4642857142857143, 0.5, 0.3333333333333333, 0.42424242424242425, 0.6153846153846154, 0.5869565217391305, 0.5301470756530762, 0.528968334197998, 0.31948427898706033, 0.31946351423318253, 0.46312571187320223, 0.5284676890933441, 0.12792721922908512, 0.12792721922908512, 0.8887229077517986, 0.0, 0.0, 0.0, 0.08493823148310184, 0.47905416041612625, 0.47945552691817284, 0.12672153115272522, 0.12672153115272522, 0.0, 0.5, 0.0, 0.6976744186046512, 0.026666810736060143, 0.0]
[0.4642857142857143, 0.5, 0.3333333333333333, 0.42424242424242425, 0.6153846153846154, 0.5869565217391305, 0.6481800675392151, 0.6434631943702698, 0.30130626412240313, 0.3012866846234119, 0.46128572902533566, 0.5320791108721706, 0.12308477291039059, 0.12308477291039059, 0.8917760625481606, 0.0, 0.0, 0.0, 0.08324785307049751, 0.47970609553158283, 0.48005267418920994, 0.12424133718013763, 0.12424133718013763, 0.07197101414203644, 0.47121159434318544, 0.0727839395403862, 0.7375052887513194, 0.02600940316915512, 0.0]
[0.4642857142857143, 0.5, 0.3333333333333333, 0.42424242424242425, 0.6153846153846154, 0.5869565217391305, 0.5655127763748169, 0.5651718974113464, 0.30147942530265504, 0.3014599141837534, 0.462564299940835, 0.5308453132449277, 0.11966495641640255, 0.11966495641640255, 0.891298457980156, 0.0, 0.0, 0.0, 0.0815212458372116, 0.4801258612424135, 0.4804357346147299, 0.12177769839763641, 0.12177769839763641, 0.07319647818803787, 0.5026347868972354, 0.07330138981342316, 0.7544890795509482, 0.02479793131351471, 0.0]
[0.4642857142857143, 0.5, 0.3333333333333333, 0.42424242424242425, 0.6153846153846154, 0.5869565217391305, 0.9895385503768921, 0.9895538091659546, 0.4001750526647039, 0.40015799183234657, 0.4594900080396386, 0.5346945438803902, 0.14147584991795678, 0.14147584991795678, 0.8793708644807339, 0.0, 0.0, 0.0, 0.07238659970462322, 0.4810485504567623, 0.481510853394866, 0.0, -0.0, 0.07253078371286392, 0.6031746031746031, 0.07281308621168137, 0.8, 0.024368302896618843, 0.0]
[0.4642857142857143, 0.5, 0.3333333333333333, 0.42424242424242425, 0.6153846153846154, 0.5869565217391305, 0.9884513020515442, 0.988457977771759, 0.4224568986072139, 0.4224404816873671, 0.4621481501121594, 0.5324476695830639, 0.1636639184185437, 0.1636639184185437, 0.8596450611948967, 0.0, 0.0, 0.0, 0.06391405202448368, 0.4818312395364046, 0.48259285278618336, 0.0, -0.0, 0.058891426771879196, 0.6031746031746031, 0.0632144957780838, 0.8, 0.026758801192045212, 0.0]
[0.4642857142857143, 0.5, 0.3333333333333333, 0.42424242424242425, 0.6153846153846154, 0.5869565217391305, 0.9793916940689087, 0.9793641567230225, 0.4182952179735523, 0.4182786585951854, 0.46472625613896384, 0.5296355184537225, 0.16529389790126256, 0.16529389790126256, 0.868417538702488, 0.0, 0.0, 0.0, 0.06436823047697544, 0.4832703396677971, 0.483996843919158, 0.0, -0.0, 0.053088825196027756, 0.6031746031746031, 0.05700787901878357, 0.8, 0.03221841901540756, 0.0]
[0.4642857142857143, 0.5, 0.3333333333333333, 0.42424242424242425, 0.6153846153846154, 0.5869565217391305, 0.3293853998184204, 0.3291352689266205, 0.37569192627419934, 0.37567344085664184, 0.4741906788107542, 0.517148650234511, 0.1205714898450034, 0.1205714898450034, 0.9115513451397419, 0.0, 0.0, 0.0, 0.06416573449969291, 0.4887314261868596, 0.4890273530036211, 0.0, -0.0, 0.03787928819656372, 0.6031746031746031, 0.03768315538764, 0.8, 0.04576422646641731, 0.0]
[0.4642857142857143, 0.5, 0.3333333333333333, 0.42424242424242425, 0.6153846153846154, 0.5869565217391305, 0.2088620364665985, 0.2084278166294098, 0.40729462234285546, 0.4072767694411269, 0.48165682300098994, 0.5090201066916527, 0.10196037058319365, 0.10196037058319365, 0.9243127778172493, 0.0, 0.0, 0.0, 0.06289855241775512, 0.49117639660835266, 0.49137416016310453, 0.0, -0.0, 0.03119019977748394, 0.6031746031746031, 0.030650436878204346, 0.8, 0.05016445368528366, 0.0]
[0.4642857142857143, 0.5, 0.3333333333333333, 0.42424242424242425, 0.6153846153846154, 0.5869565217391305, 0.667094349861145, 0.6640208959579468, 0.2989394696675113, 0.29892000413533604, 0.49133950850817715, 0.5025185334700193, 0.09969247238976615, 0.09969247238976615, 0.9245630279183388, 0.0, 0.0, 0.0, 0.06126688383519649, 0.49248460261151195, 0.49266472086310387, 0.0, -0.0, 0.028393251821398735, 0.6031746031746031, 0.027909254655241966, 0.8, 0.049334604293107986, 0.0]
[0.4642857142857143, 0.5, 0.3333333333333333, 0.42424242424242425, 0.6153846153846154, 0.5869565217391305, 0.9783548712730408, 0.9783481359481812, 0.4126313350396676, 0.4126145819177135, 0.5039616553379974, 0.49039977521736305, 0.11906849486487253, 0.11906849486487253, 0.8970544524490833, 0.0, 0.0, 0.0, 0.06054287068545818, 0.4924749145284295, 0.49265163531526923, 0.0, -0.0, 0.02981516532599926, 0.6031746031746031, 0.02998032607138157, 0.8, 0.04742470011115074, 0.0]
[0.4642857142857143, 0.5, 0.3333333333333333, 0.42424242424242425, 0.6153846153846154, 0.5869565217391305, 0.5030379295349121, 0.5022591352462769, 0.29651019860408045, 0.29649082424535805, 0.3709029950785591, 0.6243465582175141, 0.1239946803876332, 0.1239946803876332, 0.899207703769207, 0.0, 0.0, 0.0, 0.0604951549321413, 0.49251855723559856, 0.4926101518794894, 0.0, -0.0, 0.029294665902853012, 0.6031746031746031, 0.029604367911815643, 0.8, 0.04405210167169571, 0.0]
[0.4642857142857143, 0.5, 0.3333333333333333, 0.42424242424242425, 0.6153846153846154, 0.5869565217391305, 0.32702207565307617, 0.32667991518974304, 0.3458760646287615, 0.34585751083111443, 0.3361250068671845, 0.659204226328305, 0.10929247098309654, 0.10929247098309654, 0.9167788960039616, 0.0, 0.0, 0.0, 0.060901557654142374, 0.4931335439905524, 0.49308566469699144, 0.0, -0.0, 0.026748916134238243, 0.6031746031746031, 0.026475075632333755, 0.8, 0.04377714917063713, 0.0]
[0.4642857142857143, 0.5, 0.3333333333333333, 0.42424242424242425, 0.6153846153846154, 0.5869565217391305, 0.07794947922229767, 0.07716406881809235, 0.4783477879505085, 0.47833154340547085, 0.548900978287137, 0.44130971458577695, 0.09911971432822092, 0.09911971432822092, 0.9253633506596088, 0.0, 0.0, 0.0, 0.06009145900607109, 0.4944308055564761, 0.4943622350692749, 0.0, -0.0, 0.02345406636595726, 0.6031746031746031, 0.02272263541817665, 0.8, 0.044547926634550095, 0.002742515061981976]
[0.4642857142857143, 0.5, 0.3333333333333333, 0.42424242424242425, 0.6153846153846154, 0.5869565217391305, 0.014517806470394135, 0.014435004442930222, 0.5001816987082269, 0.5001663561370829, 0.5369037599454191, 0.4542436033949519, 0.09343900850840978, 0.09343900850840978, 0.930076003074646, 0.0, 0.0, 0.0, 0.05621496476233005, 0.49527495447546244, 0.4952715956605971, 0.0, -0.0, 0.020568370819091797, 0.6031746031746031, 0.019769400358200073, 0.8, 0.045858703553676605, 0.0]
[0.4642857142857143, 0.5, 0.3333333333333333, 0.42424242424242425, 0.6153846153846154, 0.5869565217391305, 0.0, 0.0, 0.583076395450541, 0.5830650614506884, 0.7454806468226941, 0.2598878434187089, 0.11118752083608083, 0.11118752083608083, 0.9310507662594318, 0.0, 0.0, 0.0, 0.05442136563360691, 0.49554738076403737, 0.4955591741017997, 0.0, -0.0, 0.019419539719820023, 0.6031746031746031, 0.01861739344894886, 0.8, 0.047746442258358, 0.0]
[0.4642857142857143, 0.5, 0.3333333333333333, 0.42424242424242425, 0.6153846153846154, 0.5869565217391305, 0.0, 0.0, 0.6045910851677335, 0.6045804178737546, 0.7358126138865834, 0.26945371650094463, 0.12188750186136792, 0.12188750186136792, 0.930257648229599, 0.0, 0.0, 0.0, 0.053659566864371296, 0.4957875907421112, 0.49584238417446613, 0.0, -0.0, 0.01809646189212799, 0.6031746031746031, 0.01724078133702278, 0.8, 0.05469387024641037, 0.0]
[0.4642857142857143, 0.5, 0.3333333333333333, 0.42424242424242425, 0.6153846153846154, 0.5869565217391305, 0.0, 0.0, 0.5945428190450139, 0.594531781358883, 0.6942644383665708, 0.30866985744494957, 0.12681076569216593, 0.12681076569216593, 0.9294279217720032, 0.0, 0.0, 0.0, 0.05439212545752525, 0.4960729139856994, 0.49623529962264, 0.0, -0.0, 0.016481444239616394, 0.6031746031746031, 0.015489375218749046, 0.8, 0.06412062793970108, 0.0]
[0.4642857142857143, 0.5, 0.3333333333333333, 0.42424242424242425, 0.6153846153846154, 0.5869565217391305, 0.9025057554244995, 0.9029242396354675, 0.38914172006610703, 0.3891239754328536, 0.4684417965763158, 0.5242907938897445, 0.15379903039761952, 0.15379903039761952, 0.9272944703698158, 0.0, 0.0, 0.0, 0.05676094479858875, 0.4958841782063246, 0.49613965838216245, 0.0, -0.0, 0.017407137900590897, 0.6031746031746031, 0.016675759106874466, 0.8, 0.06498594582080841, 0.0]
[0.4642857142857143, 0.5, 0.3333333333333333, 0.42424242424242425, 0.6153846153846154, 0.5869565217391305, 0.5439012050628662, 0.5430218577384949, 0.3221135618125959, 0.3220946433211376, 0.456057811900261, 0.5378918387415254, 0.1113536474960191, 0.1113536474960191, 0.9180893450975418, 0.0, 0.0, 0.0, 0.053138422593474385, 0.49390301294624805, 0.49437281023710966, 0.0, -0.0, 0.023427769541740417, 0.6031746031746031, 0.0246041901409626, 0.8, 0.0427798256278038, 0.0]
[0.4642857142857143, 0.5, 0.3333333333333333, 0.42424242424242425, 0.6153846153846154, 0.5869565217391305, 0.6844049096107483, 0.6760944724082947, 0.29133729041192546, 0.29131791605320306, 0.4423294746625036, 0.5524169888631513, 0.10715174355677197, 0.10715174355677197, 0.917897205799818, 0.0, 0.0, 0.0, 0.05255122780799865, 0.49302821746096015, 0.4935975894331932, 0.0, -0.0, 0.02496059238910675, 0.6031746031746031, 0.026253173127770424, 0.8, 0.041365619748830795, 0.0]
[0.4642857142857143, 0.5, 0.3333333333333333, 0.42424242424242425, 0.6153846153846154, 0.5869565217391305, 0.8670902252197266, 0.8650349974632263, 0.29541901192747155, 0.2953995691886595, 0.4394857347809334, 0.5547914656608449, 0.10755276573555811, 0.10755276573555811, 0.907383780926466, 0.0, 0.0, 0.0, 0.05188875384628772, 0.4918444035574794, 0.4924932108260691, 0.0, -0.0, 0.02966296300292015, 0.6031746031746031, 0.03287268802523613, 0.8, 0.03939913213253021, 0.0]
[0.4642857142857143, 0.5, 0.3333333333333333, 0.42424242424242425, 0.6153846153846154, 0.5869565217391305, 0.9029203057289124, 0.9031431078910828, 0.3530294995462917, 0.35301112809555024, 0.42871627524979483, 0.5649212907998963, 0.11224696678774698, 0.11224696678774698, 0.9007070101797581, 0.0, 0.0, 0.0, 0.05079463459551334, 0.49020337127149105, 0.4909793343394995, 0.0, -0.0, 0.038776595145463943, 0.6031746031746031, 0.043420638889074326, 0.8, 0.037609461694955826, 0.0]
[0.4642857142857143, 0.5, 0.3333333333333333, 0.42424242424242425, 0.6153846153846154, 0.5869565217391305, 0.904623806476593, 0.9030665755271912, 0.36493940791026125, 0.36492129858319666, 0.4212387301042021, 0.5723316460968153, 0.12291827372142247, 0.12291827372142247, 0.8893122002482414, 0.0, 0.0, 0.0, 0.049872154369950294, 0.4886825019493699, 0.4894804321229458, 0.0, -0.0, 0.04725433886051178, 0.6031746031746031, 0.05265725404024124, 0.8, 0.03609120845794678, 0.0]
[0.4642857142857143, 0.5, 0.3333333333333333, 0.42424242424242425, 0.6153846153846154, 0.5869565217391305, 0.8859420418739319, 0.8837679028511047, 0.35396239771213855, 0.3539438439144915, 0.4178556878525714, 0.5751751437989014, 0.12416761900697436, 0.12416761900697436, 0.8828838802874088, 0.0, 0.0, 0.0, 0.04769903533160686, 0.48631468415260315, 0.4869849942624569, 0.0, -0.0, 0.06703554838895798, 0.6031746031746031, 0.07305960357189178, 0.7942436912725138, 0.032927412539720535, 0.0]
[0.4642857142857143, 0.5, 0.3333333333333333, 0.42424242424242425, 0.6153846153846154, 0.5869565217391305, 0.8900100588798523, 0.8887904286384583, 0.37238401664602594, 0.37236591871564295, 0.4041881433636463, 0.5890835215388425, 0.131366066634655, 0.131366066634655, 0.8634213581681252, 0.0, 0.0, 0.0, 0.04985952265560627, 0.4842342045158148, 0.48503488954156637, 0.0, -0.0, 0.06454485654830933, 0.5658629328485518, 0.07044199109077454, 0.7724862030252468, 0.032127343118190765, 0.0]
[0.4642857142857143, 0.5, 0.3333333333333333, 0.42424242424242425, 0.6153846153846154, 0.5869565217391305, 0.8796952366828918, 0.8776715397834778, 0.36788816251444767, 0.36786993922056704, 0.41746190970987934, 0.5756709749515786, 0.13650447662387577, 0.13650447662387577, 0.8608146980404854, 0.0, 0.0, 0.0, 0.05344077534973621, 0.48340536467731, 0.4841390289366245, 0.0, -0.0, 0.06427843123674393, 0.5429214835166931, 0.0704050064086914, 0.7614589092689892, 0.032132916152477264, 0.0]
[0.4642857142857143, 0.5, 0.3333333333333333, 0.42424242424242425, 0.6153846153846154, 0.5869565217391305, 0.9141775965690613, 0.9141232967376709, 0.4003429599747375, 0.400325705398793, 0.4256195119416509, 0.5679718555222911, 0.14092229306697845, 0.14092229306697845, 0.8605232462286949, 0.0, 0.0, 0.0, 0.05571951679885387, 0.48327292688190937, 0.48400117829442024, 0.0, -0.0, 0.06458541750907898, 0.5379903463144151, 0.0708773136138916, 0.7595463049446428, 0.03239672631025314, 0.0]
[0.4642857142857143, 0.5, 0.3333333333333333, 0.42424242424242425, 0.6153846153846154, 0.5869565217391305, 0.9680319428443909, 0.9680284857749939, 0.45291624253840107, 0.4529008655657504, 0.4484427800369992, 0.5472115848141413, 0.14655692236764092, 0.14655692236764092, 0.8655006214976311, 0.0, 0.0, 0.0, 0.05602106377482414, 0.4824818056076765, 0.4832356907427311, 0.0, -0.0, 0.06897441297769547, 0.6031746031746031, 0.0757618322968483, 0.7956689050377801, 0.031699974089860916, 0.0]
[0.4642857142857143, 0.5, 0.3333333333333333, 0.42424242424242425, 0.6153846153846154, 0.5869565217391305, 0.877437949180603, 0.8762547373771667, 0.38972812492122616, 0.38971051704815196, 0.45708780124584075, 0.536153169543925, 0.14011716736214502, 0.14011716736214502, 0.8912925347685814, 0.0, 0.0, 0.0, 0.056157339736819266, 0.4830372352153063, 0.48377147503197193, 0.0, -0.0, 0.06834311783313751, 0.6031746031746031, 0.07515360414981842, 0.8, 0.03203766420483589, 0.0]
[0.4642857142857143, 0.5, 0.3333333333333333, 0.42424242424242425, 0.6153846153846154, 0.5869565217391305, 0.11491352319717407, 0.11425765603780746, 0.47788724092406937, 0.47787438404263777, 0.45846592787346924, 0.5337773403696936, 0.11038890374558313, 0.11038890374558313, 0.9294549040496349, 0.0, 0.0, 0.0, 0.05658043436706066, 0.48697223141789436, 0.4878349555656314, 0.0, -0.0, 0.0624624639749527, 0.6031746031746031, 0.06514741480350494, 0.8, 0.040135547518730164, 0.0]
[0.4642857142857143, 0.5, 0.3333333333333333, 0.42424242424242425, 0.6153846153846154, 0.5869565217391305, 0.10778339952230453, 0.10704082250595093, 0.4786643692457881, 0.4786515437052309, 0.4571923230619777, 0.53510627607036, 0.10487681520836695, 0.10487681520836695, 0.933044072240591, 0.0, 0.0, 0.0, 0.056973759457468985, 0.48874972481280565, 0.4896149421110749, 0.0, -0.0, 0.0612558089196682, 0.6031746031746031, 0.06364395469427109, 0.8, 0.04425304755568504, 0.0]
[0.4642857142857143, 0.5, 0.3333333333333333, 0.42424242424242425, 0.6153846153846154, 0.5869565217391305, 0.61356121301651, 0.6127257347106934, 0.4360266652663397, 0.4360129379633508, 0.45401758365831685, 0.5394356389295936, 0.11662522064788002, 0.11662522064788002, 0.9148664101958275, 0.0, 0.0, 0.0, 0.057442248985171314, 0.4894687244668603, 0.490305139683187, 0.0, -0.0, 0.0621725358068943, 0.6031746031746031, 0.06470870226621628, 0.8, 0.04514980688691139, 0.0]
[0.4642857142857143, 0.5, 0.3333333333333333, 0.42424242424242425, 0.6153846153846154, 0.5869565217391305, 0.9812910556793213, 0.9812618494033813, 0.45735998249418647, 0.4573470672047617, 0.45639338434084425, 0.5382800097168695, 0.14639197715691157, 0.14639197715691157, 0.8653800562024117, 0.0, 0.0, 0.0, 0.059112250804901116, 0.48777603823691607, 0.48859040066599846, 0.0, -0.0, 0.06910554319620132, 0.6031746031746031, 0.07549963146448135, 0.7956383723852246, 0.04302776977419853, 0.0]
[0.4642857142857143, 0.5, 0.3333333333333333, 0.42424242424242425, 0.6153846153846154, 0.5869565217391305, 0.534735918045044, 0.5347263216972351, 0.33787812420788504, 0.3378621004735535, 0.43780583542118107, 0.556359623139556, 0.12901912842478072, 0.12901912842478072, 0.8994451686739922, 0.0, 0.0, 0.0, 0.060053263977169986, 0.4876102190464735, 0.4883705722168088, 0.0, -0.0, 0.06808221340179443, 0.6031746031746031, 0.07387108355760574, 0.8, 0.041432078927755356, 0.0]
[0.4642857142857143, 0.5, 0.3333333333333333, 0.42424242424242425, 0.6153846153846154, 0.5869565217391305, 0.4584517776966095, 0.45846790075302124, 0.3524493856594166, 0.3524336810321699, 0.4253657876191586, 0.5688530084799119, 0.12304329446383885, 0.12304329446383885, 0.9075049981474876, 0.0, 0.0, 0.0, 0.059808836132287976, 0.48780185356736183, 0.48854035697877407, 0.0, -0.0, 0.06733071804046631, 0.6031746031746031, 0.07269187271595001, 0.8, 0.04130091890692711, 0.0]
[0.4642857142857143, 0.5, 0.3333333333333333, 0.42424242424242425, 0.6153846153846154, 0.5869565217391305, 0.36897218227386475, 0.3683828115463257, 0.3666885933958094, 0.3666730711154682, 0.3888360496688755, 0.6050948391858245, 0.11685369270188468, 0.11685369270188468, 0.9154753424227238, 0.0, 0.0, 0.0, 0.05806223563849926, 0.48865962866693735, 0.4892984116449952, 0.0, -0.0, 0.06453126668930054, 0.6031746031746031, 0.06781091541051865, 0.8, 0.04185270890593529, 0.0]
[0.4642857142857143, 0.5, 0.3333333333333333, 0.42424242424242425, 0.6153846153846154, 0.5869565217391305, 0.34995728731155396, 0.3494073450565338, 0.3697373766744114, 0.3697219683608863, 0.39121470806931447, 0.6029507786269803, 0.11471797845193318, 0.11471797845193318, 0.9185870811343193, 0.0, 0.0, 0.0, 0.057690291106700896, 0.48930392041802406, 0.489880139939487, 0.0, -0.0, 0.061899278312921524, 0.6031746031746031, 0.06441295892000198, 0.8, 0.04317488521337509, 0.0]
[0.4642857142857143, 0.5, 0.3333333333333333, 0.42424242424242425, 0.6153846153846154, 0.5869565217391305, 0.34664180874824524, 0.3460647463798523, 0.3734206702011721, 0.3734053872511446, 0.3983161627220606, 0.5958678407326661, 0.10988064110279085, 0.10988064110279085, 0.9216819815337658, 0.0, 0.0, 0.0, 0.05764495879411697, 0.4898573188111186, 0.49045997578650713, 0.0, -0.0, 0.06144433468580246, 0.6031746031746031, 0.06376704573631287, 0.8, 0.0437610000371933, 0.0]
[0.4642857142857143, 0.5, 0.3333333333333333, 0.42424242424242425, 0.6153846153846154, 0.5869565217391305, 0.33690252900123596, 0.3362137973308563, 0.3740273725462233, 0.3740120895961958, 0.398349805726148, 0.5957406195759495, 0.10855919548443387, 0.10855919548443387, 0.9227176904678345, 0.0, 0.0, 0.0, 0.05685671009123325, 0.48989665042608976, 0.4905169876292348, 0.0, -0.0, 0.06398995965719223, 0.6031746031746031, 0.0658431425690651, 0.8, 0.04331183806061745, 0.0]
[0.4642857142857143, 0.5, 0.3333333333333333, 0.42424242424242425, 0.6153846153846154, 0.5869565217391305, 0.3496930003166199, 0.3492516577243805, 0.37239214248000774, 0.37237680254657224, 0.40079952243637174, 0.593187677422121, 0.10472096502780914, 0.10472096502780914, 0.9238895140588284, 0.0, 0.0, 0.0, 0.05673893578350544, 0.4900527372956276, 0.4907023683190346, 0.0, -0.0, 0.06312140822410583, 0.6031746031746031, 0.06486685574054718, 0.8, 0.043176647275686264, 0.0]
[0.4642857142857143, 0.5, 0.3333333333333333, 0.42424242424242425, 0.6153846153846154, 0.5869565217391305, 0.3465734124183655, 0.34590616822242737, 0.3708399486359401, 0.37082452892573337, 0.3849572004825162, 0.609186242182391, 0.10568790137767792, 0.10568790137767792, 0.9240272380411625, 0.0, 0.0, 0.0, 0.05596897229552269, 0.49010681454092264, 0.4907521866261959, 0.0, -0.0, 0.058249663561582565, 0.6031746031746031, 0.06001193821430206, 0.8, 0.04361410439014435, 0.0]
[0.4642857142857143, 0.5, 0.3333333333333333, 0.42424242424242425, 0.6153846153846154, 0.5869565217391305, 0.9478651881217957, 0.948663055896759, 0.4080600120825248, 0.4080456465653662, 0.44785932122407407, 0.5459690843959105, 0.11414884988750731, 0.11414884988750731, 0.9157295972108841, 0.0, 0.0, 0.0, 0.05488914847373962, 0.49028038419783115, 0.4910156959667802, 0.0, -0.0, 0.05396665260195732, 0.6031746031746031, 0.05593852326273918, 0.8, 0.044173840433359146, 0.0]
[0.4642857142857143, 0.5, 0.3333333333333333, 0.42424242424242425, 0.6153846153846154, 0.5869565217391305, 0.9855369925498962, 0.9855101704597473, 0.44447372611576463, 0.44446056864685585, 0.44631697981125085, 0.548788292208041, 0.12943139565842493, 0.12943139565842493, 0.8907399587333202, 0.0, 0.0, 0.0, 0.05387515611946583, 0.48932807706296444, 0.49031620286405087, 0.0, -0.0, 0.05539082735776901, 0.6031746031746031, 0.05823306739330292, 0.8, 0.043037064373493195, 0.0]
[0.4642857142857143, 0.5, 0.3333333333333333, 0.42424242424242425, 0.6153846153846154, 0.5869565217391305, 0.9793006181716919, 0.9792575836181641, 0.444244202646653, 0.44423100528935855, 0.4465933664351075, 0.548384479287199, 0.1366120789732252, 0.1366120789732252, 0.8906449005007744, 0.0, 0.0, 0.0, 0.0540006935596466, 0.4888564944267273, 0.49004941154271364, 0.0, -0.0, 0.05527615174651146, 0.6031746031746031, 0.05840161815285683, 0.8, 0.043443985283374786, 0.0]
[0.4642857142857143, 0.5, 0.3333333333333333, 0.42424242424242425, 0.6153846153846154, 0.5869565217391305, 0.9769051671028137, 0.9768649339675903, 0.4416611903484191, 0.4416479018176719, 0.44542431762979773, 0.5494413270498503, 0.13806676226002831, 0.13806676226002831, 0.8910793289542198, 0.0, 0.0, 0.0, 0.053877954185009, 0.4887799574062228, 0.49003486707806587, 0.0, -0.0, 0.0543341338634491, 0.6031746031746031, 0.057653266936540604, 0.8, 0.04324450343847275, 0.0]
[0.4642857142857143, 0.5, 0.3333333333333333, 0.42424242424242425, 0.6153846153846154, 0.5869565217391305, 0.9752733707427979, 0.975236177444458, 0.43858793269607804, 0.4385745871819228, 0.4436827964126266, 0.5512225051575314, 0.13838311923401697, 0.13838311923401697, 0.889400839805603, 0.0, 0.0, 0.0, 0.05418114401400089, 0.4884992130100727, 0.48982289526611567, 0.0, -0.0, 0.0534624420106411, 0.6031746031746031, 0.0570659264922142, 0.8, 0.04318227991461754, 0.0]
[0.4642857142857143, 0.5, 0.3333333333333333, 0.42424242424242425, 0.6153846153846154, 0.5869565217391305, 0.8144440650939941, 0.8104066848754883, 0.31400050351086356, 0.3139839213391335, 0.4539453628870087, 0.5402022922763354, 0.13238564133644104, 0.13238564133644104, 0.9007637538015842, 0.0, 0.0, 0.0, 0.0536327987909317, 0.4889577478170395, 0.4902622727677226, 0.0, -0.0, 0.046067941933870316, 0.6031746031746031, 0.04800044000148773, 0.8, 0.04192066937685013, 0.0]
[0.4642857142857143, 0.5, 0.3333333333333333, 0.42424242424242425, 0.6153846153846154, 0.5869565217391305, 0.47746536135673523, 0.47527432441711426, 0.3379692064872435, 0.3379531143728223, 0.46441955149287706, 0.5292996468502472, 0.12389291610036578, 0.12389291610036578, 0.9070808850228786, 0.0, 0.0, 0.0, 0.05307422876358032, 0.4896409986540675, 0.4908961392939091, 0.0, -0.0, 0.034910157322883606, 0.6031746031746031, 0.035341206938028336, 0.8, 0.04212316870689392, 0.0]
[0.4642857142857143, 0.5, 0.3333333333333333, 0.42424242424242425, 0.6153846153846154, 0.5869565217391305, 0.4695882201194763, 0.4635222554206848, 0.3626508288811999, 0.3626353749809484, 0.5072695179548592, 0.4868644960929007, 0.1173943973013333, 0.1173943973013333, 0.9197716489434242, 0.0, 0.0, 0.0, 0.05131511911749839, 0.49060978181660175, 0.4917720081284642, 0.0, -0.0, 0.03118177503347397, 0.6031746031746031, 0.031379640102386475, 0.8, 0.042075805366039276, 0.0]
[0.4642857142857143, 0.5, 0.3333333333333333, 0.42424242424242425, 0.6153846153846154, 0.5869565217391305, 0.978954017162323, 0.9785956144332886, 0.41684084754601036, 0.4168268866110486, 0.4166583068968005, 0.5781705193783488, 0.14636270701885223, 0.14636270701885223, 0.8978818356990814, 0.0, 0.0, 0.0, 0.051264211535453796, 0.4903247933834791, 0.4915221622213721, 0.0, -0.0, 0.03312127664685249, 0.6031746031746031, 0.03383824601769447, 0.8, 0.042196162045001984, 0.0]
[0.4642857142857143, 0.5, 0.3333333333333333, 0.42424242424242425, 0.6153846153846154, 0.5869565217391305, 0.5036762356758118, 0.503158450126648, 0.33895318458002793, 0.33893727481251235, 0.49344607042308974, 0.5010159151909178, 0.14575278120381494, 0.14575278120381494, 0.9105626866221428, 0.0, 0.0, 0.0, 0.050908896327018734, 0.4904280807822943, 0.49156942404806614, 0.0, -0.0, 0.0318143256008625, 0.6031746031746031, 0.032488010823726654, 0.8, 0.04339384660124779, 0.0]
[0.4642857142857143, 0.5, 0.3333333333333333, 0.42424242424242425, 0.6153846153846154, 0.5869565217391305, 0.3682796359062195, 0.36500459909439087, 0.365645113228384, 0.3656298188816749, 0.5422510145727125, 0.45277724935670605, 0.13983476907014847, 0.13983476907014847, 0.9173441641032696, 0.0, 0.0, 0.0, 0.04918381981551647, 0.4910111855715513, 0.49211748596280813, 0.0, -0.0, 0.028133893385529518, 0.6031746031746031, 0.02847972698509693, 0.8, 0.04412488266825676, 0.0]
[0.4642857142857143, 0.5, 0.3333333333333333, 0.42424242424242425, 0.6153846153846154, 0.5869565217391305, 0.31476080417633057, 0.31127262115478516, 0.3644351161460804, 0.3644197876093265, 0.548857460058442, 0.44622416883257515, 0.13705330235617502, 0.13705330235617502, 0.9204479716718197, 0.0, 0.0, 0.0, 0.04942084699869156, 0.4915981534868479, 0.49266146356239915, 0.0, -0.0, 0.02542879432439804, 0.6031746031746031, 0.025558406487107277, 0.8, 0.0467219278216362, 0.0]
[0.4642857142857143, 0.5, 0.3333333333333333, 0.42424242424242425, 0.6153846153846154, 0.5869565217391305, 0.30627739429473877, 0.30292031168937683, 0.3559886251307354, 0.35597344475084236, 0.6072952213980272, 0.3902303916723682, 0.12277246053729739, 0.12277246053729739, 0.9256401173770428, 0.0, 0.0, 0.0, 0.048212030529975886, 0.4920994024723768, 0.4931702185422182, 0.0, -0.0, 0.024049200117588043, 0.6031746031746031, 0.02395932376384735, 0.8, 0.04681393876671791, 0.0]
[0.4642857142857143, 0.5, 0.3333333333333333, 0.42424242424242425, 0.6153846153846154, 0.5869565217391305, 0.2818396985530853, 0.27797606587409973, 0.35782404930596146, 0.35780910825638196, 0.6191493999889658, 0.3793652740942082, 0.11724994650908879, 0.11724994650908879, 0.9305028319358826, 0.0, 0.0, 0.0, 0.04616233929991722, 0.49253638461232185, 0.4936469681560993, 0.0, -0.0, 0.023222103714942932, 0.6031746031746031, 0.02300645411014557, 0.8, 0.047893814742565155, 0.0]
[0.4642857142857143, 0.5, 0.3333333333333333, 0.42424242424242425, 0.6153846153846154, 0.5869565217391305, 0.2596508264541626, 0.25642141699790955, 0.36504572755292086, 0.365030911866839, 0.6180049794125967, 0.3804870722575985, 0.11473061250788825, 0.11473061250788825, 0.9328409153968096, 0.0, 0.0, 0.0, 0.044697181694209574, 0.49284682143479586, 0.49401722429320216, 0.0, -0.0, 0.022097498178482056, 0.6031746031746031, 0.021954990923404694, 0.8, 0.050118159502744675, 0.0]
[0.4642857142857143, 0.5, 0.3333333333333333, 0.42424242424242425, 0.6153846153846154, 0.5869565217391305, 0.2562830448150635, 0.25317510962486267, 0.36905699478280707, 0.36904221328677, 0.5968368969729481, 0.4008788583332854, 0.1106006226369313, 0.1106006226369313, 0.9350022058933973, 0.0, 0.0, 0.0, 0.04229556657373905, 0.49295338802039623, 0.4941894859075546, 0.0, -0.0, 0.021903429180383682, 0.6031746031746031, 0.021827755495905876, 0.8, 0.04906729236245155, 0.0]
[0.4642857142857143, 0.5, 0.3333333333333333, 0.42424242424242425, 0.6153846153846154, 0.5869565217391305, 0.508156955242157, 0.5038700699806213, 0.32156826478801315, 0.3215523778138607, 0.4774268007415203, 0.5185133886104282, 0.10721318955932345, 0.10721318955932345, 0.9365285467356443, 0.0, 0.0, 0.0, 0.040547909960150716, 0.49307315377518535, 0.49431378161534667, 0.0, -0.0, 0.021586082875728607, 0.6031746031746031, 0.02164621651172638, 0.8, 0.046495627611875534, 0.0]
[0.4642857142857143, 0.5, 0.3333333333333333, 0.42424242424242425, 0.6153846153846154, 0.5869565217391305, 0.8888715505599976, 0.8853926062583923, 0.36483523084374275, 0.3648200162738049, 0.3895423248210783, 0.6059855639314053, 0.12954293617180415, 0.12954293617180415, 0.925229724496603, 0.0, 0.0, 0.0, 0.041274143569171425, 0.49269924173131585, 0.4939847490750253, 0.0, -0.0, 0.021809028461575508, 0.6031746031746031, 0.022357353940606117, 0.8, 0.04464373365044594, 0.0]
[0.4642857142857143, 0.5, 0.3333333333333333, 0.42424242424242425, 0.6153846153846154, 0.5869565217391305, 0.49599897861480713, 0.49500855803489685, 0.3255075961636312, 0.325491902933066, 0.5316253099341237, 0.4651463642124414, 0.1244722679257393, 0.1244722679257393, 0.9297222159802914, 0.0, 0.0, 0.0, 0.041646463610231874, 0.4927761391736567, 0.49402961507439613, 0.0, -0.0, 0.022061662748456, 0.6031746031746031, 0.02292831614613533, 0.8, 0.04457893967628479, 0.0]
[0.4642857142857143, 0.5, 0.3333333333333333, 0.42424242424242425, 0.6153846153846154, 0.5869565217391305, 0.3205602169036865, 0.31816565990448, 0.3480251824650664, 0.34801042376239255, 0.6390449403576823, 0.36164671644831203, 0.11695683534656252, 0.11695683534656252, 0.9333902299404144, 0.0, 0.0, 0.0, 0.04171659518033266, 0.4929648614488542, 0.4941671206615865, 0.0, -0.0, 0.022359510883688927, 0.6031746031746031, 0.023403074592351913, 0.8, 0.04427723214030266, 0.0]
[0.4642857142857143, 0.5, 0.3333333333333333, 0.42424242424242425, 0.6153846153846154, 0.5869565217391305, 0.23760762810707092, 0.236235573887825, 0.3665417129633304, 0.36652747850801015, 0.6542283061813442, 0.34731586799516223, 0.10289082037551063, 0.10289082037551063, 0.9390622526407242, 0.0, 0.0, 0.0, 0.040380494110286234, 0.4934468981809914, 0.49451217520982027, 0.0, -0.0, 0.02461220882833004, 0.6031746031746031, 0.02639855071902275, 0.8, 0.0429714135825634, 0.0]
[0.4642857142857143, 0.5, 0.3333333333333333, 0.42424242424242425, 0.6153846153846154, 0.5869565217391305, 0.24737001955509186, 0.2451583296060562, 0.3392200606730882, 0.339205427333912, 0.6840365092567459, 0.31943140198071596, 0.09057491751653808, 0.09057491751653808, 0.9449885096400976, 0.0, 0.0, 0.0, 0.03900834415107965, 0.49385713785886765, 0.4948814385570586, 0.0, -0.0, 0.026072537526488304, 0.6031746031746031, 0.028292661532759666, 0.8, 0.042966362088918686, 0.0]
[0.4642857142857143, 0.5, 0.3333333333333333, 0.42424242424242425, 0.6153846153846154, 0.5869565217391305, 0.22529888153076172, 0.22492872178554535, 0.3472153456671516, 0.347200723724657, 0.6657921657051684, 0.33636965163072663, 0.08614034791077887, 0.08614034791077887, 0.9478378612548113, 0.0, 0.0, 0.0, 0.03911120630800724, 0.49410521518439054, 0.4951281864196062, 0.0, -0.0, 0.03085389919579029, 0.6031746031746031, 0.0346837118268013, 0.8, 0.04726934805512428, 0.0]
[0.4642857142857143, 0.5, 0.3333333333333333, 0.42424242424242425, 0.6153846153846154, 0.5869565217391305, 0.21193787455558777, 0.21129226684570312, 0.35354906286381854, 0.3535343269545079, 0.6615732281431413, 0.33965640901784777, 0.0848349609545299, 0.0848349609545299, 0.9479771815240383, 0.0, 0.0, 0.0, 0.03938518725335598, 0.49393983045592904, 0.4949773633852601, 0.0, -0.0, 0.043314870446920395, 0.6031746031746031, 0.0496455617249012, 0.8, 0.04928334802389145, 0.0]
[0.4642857142857143, 0.5, 0.3333333333333333, 0.42424242424242425, 0.6153846153846154, 0.5869565217391305, 0.2104761004447937, 0.21000194549560547, 0.3550460739755722, 0.35503123549612714, 0.6541597323481485, 0.3461780233040772, 0.08618524031979698, 0.08618524031979698, 0.9462323002517223, 0.0, 0.0, 0.0, 0.04035967029631138, 0.4935179357416928, 0.49451957922428846, 0.0, -0.0, 0.0505184531211853, 0.6031746031746031, 0.05920280143618584, 0.8, 0.05103188380599022, 0.0]
[0.4642857142857143, 0.5, 0.3333333333333333, 0.42424242424242425, 0.6153846153846154, 0.5869565217391305, 0.21308045089244843, 0.21279524266719818, 0.34972573831022125, 0.3497107402772338, 0.6771997995176006, 0.32382429849070704, 0.08764025622180531, 0.08764025622180531, 0.9448167458176613, 0.0, 0.0, 0.0, 0.04191057309508323, 0.49325842317193747, 0.4942514621652663, 0.0, -0.0, 0.054620422422885895, 0.6031746031746031, 0.06330952793359756, 0.8, 0.05439162626862526, 0.0]
[0.4642857142857143, 0.5, 0.3333333333333333, 0.42424242424242425, 0.6153846153846154, 0.5869565217391305, 0.20634739100933075, 0.20628231763839722, 0.35408074085388763, 0.3540658567877162, 0.6751402140119563, 0.3259347131962935, 0.08835486003330777, 0.08835486003330777, 0.9444430451840162, 0.0, 0.0, 0.0, 0.04218726865947246, 0.49309069383889437, 0.4940743939951062, 0.0, -0.0, 0.055459219962358475, 0.6031746031746031, 0.0642484724521637, 0.8, 0.0553869903087616, 0.0]
[0.4642857142857143, 0.5, 0.3333333333333333, 0.42424242424242425, 0.6153846153846154, 0.5869565217391305, 0.20655009150505066, 0.20628711581230164, 0.34747484810721574, 0.34746019197467637, 0.6854664508972752, 0.31717777657412616, 0.08563106347407615, 0.08563106347407615, 0.9448573309928179, 0.0, 0.0, 0.0, 0.04034007471054792, 0.49301266809925437, 0.49399454751983285, 0.0, -0.0, 0.0541105754673481, 0.6031746031746031, 0.06242723390460014, 0.8, 0.052400946617126465, 0.0]
[0.4642857142857143, 0.5, 0.3333333333333333, 0.42424242424242425, 0.6153846153846154, 0.5869565217391305, 0.9776036739349365, 0.9780791997909546, 0.41604182619893526, 0.41602644067877337, 0.40078267814096485, 0.5961098749090057, 0.12137941483940398, 0.12137941483940398, 0.9109972156584263, 0.0, 0.0, 0.0, 0.046780080720782276, 0.4911971753463149, 0.49280894361436367, 0.0, -0.0, 0.04464549943804741, 0.6031746031746031, 0.050258684903383255, 0.8, 0.04875178635120392, 0.0]
[0.4642857142857143, 0.5, 0.3333333333333333, 0.42424242424242425, 0.6153846153846154, 0.5869565217391305, 0.9777678847312927, 0.978178083896637, 0.4197131589083553, 0.4196978018798974, 0.4004693605703788, 0.5961907001749229, 0.12228296271392278, 0.12228296271392278, 0.9089225865900517, 0.0, 0.0, 0.0, 0.04730793721973896, 0.49091634806245565, 0.4926085062325001, 0.0, -0.0, 0.04400216415524483, 0.6031746031746031, 0.04970323666930199, 0.8, 0.04863878712058067, 0.0]
[0.4642857142857143, 0.5, 0.3333333333333333, 0.42424242424242425, 0.6153846153846154, 0.5869565217391305, 0.9756734371185303, 0.975998044013977, 0.4299958319782527, 0.4299806857884044, 0.4130417694325201, 0.5831082556210736, 0.14454730387244907, 0.14454730387244907, 0.8813510872423649, 0.0, 0.0, 0.0, 0.05941028781235218, 0.4887229446321726, 0.4905637474730611, 0.0, -0.0, 0.04334303364157677, 0.6031746031746031, 0.04881851747632027, 0.8, 0.04781173914670944, 0.0]
[0.4642857142857143, 0.5, 0.3333333333333333, 0.42424242424242425, 0.6153846153846154, 0.5869565217391305, 0.4668784737586975, 0.46636924147605896, 0.33434430955700845, 0.33432542525559494, 0.43519001207661673, 0.5570988028264929, 0.13571318238973618, 0.13571318238973618, 0.8989990726113319, 0.0, 0.0, 0.0, 0.05859637409448623, 0.48851463478058577, 0.4898571139201522, 0.0, -0.0, 0.04292569309473038, 0.6031746031746031, 0.047429271042346954, 0.8, 0.04344863444566727, 0.0]
[0.4642857142857143, 0.5, 0.3333333333333333, 0.42424242424242425, 0.6153846153846154, 0.5869565217391305, 0.272735059261322, 0.27239856123924255, 0.3799469457301765, 0.37992921249360473, 0.40976852281143744, 0.5822327311995786, 0.12540956160851888, 0.12540956160851888, 0.9076940678060055, 0.0, 0.0, 0.0, 0.057169167697429656, 0.48911031894385815, 0.49004177935421467, 0.0, -0.0, 0.0413738451898098, 0.6031746031746031, 0.04502025246620178, 0.8, 0.04080290347337723, 0.0]
[0.4642857142857143, 0.5, 0.3333333333333333, 0.42424242424242425, 0.6153846153846154, 0.5869565217391305, 0.1986171454191208, 0.19840726256370544, 0.4115192924357281, 0.4115024367436396, 0.3916574121661214, 0.6002464258597362, 0.12165444237845285, 0.12165444237845285, 0.9162818901240826, 0.0, 0.0, 0.0, 0.055954053625464434, 0.4899334218353033, 0.4905374888330698, 0.0, -0.0, 0.03963494673371315, 0.6031746031746031, 0.041805513203144073, 0.8, 0.03852470591664314, 0.0]
[0.4642857142857143, 0.5, 0.3333333333333333, 0.42424242424242425, 0.6153846153846154, 0.5869565217391305, 0.172613263130188, 0.17203976213932037, 0.4213665096983171, 0.42135001300169905, 0.3962734329085049, 0.5957970217531949, 0.11810956256730216, 0.11810956256730216, 0.9214974232017994, 0.0, 0.0, 0.0, 0.05461275801062584, 0.4911991488188505, 0.4915653970092535, 0.0, -0.0, 0.03394293040037155, 0.6031746031746031, 0.033108361065387726, 0.8, 0.03670825436711311, 0.008460680255666375]
[0.4642857142857143, 0.5, 0.3333333333333333, 0.42424242424242425, 0.6153846153846154, 0.5869565217391305, 0.17248521745204926, 0.1719459742307663, 0.420325422834028, 0.4203089432324324, 0.39545512837616026, 0.5968541095584523, 0.11764474213123323, 0.11764474213123323, 0.9219779260456562, 0.0, 0.0, 0.0, 0.054401437565684316, 0.4914207151159644, 0.49174804892390966, 0.0, -0.0, 0.03298458084464073, 0.6031746031746031, 0.03206224367022514, 0.8, 0.036272332072257996, 0.013696672394871712]
[0.4642857142857143, 0.5, 0.3333333333333333, 0.42424242424242425, 0.6153846153846154, 0.5869565217391305, 0.16987991333007812, 0.16948169469833374, 0.41566589525963105, 0.415649455546421, 0.4083645200182329, 0.5844594689851003, 0.11716556868382863, 0.11716556868382863, 0.9208310581743717, 0.0, 0.0, 0.0, 0.05355591066181659, 0.49199093133211136, 0.4922814229503274, 0.0, -0.0, 0.02890774980187416, 0.6031746031746031, 0.02763998508453369, 0.8, 0.034730736166238785, 0.0419323006644845]
[0.4642857142857143, 0.5, 0.3333333333333333, 0.42424242424242425, 0.6153846153846154, 0.5869565217391305, 0.16298165917396545, 0.16236674785614014, 0.4222664087725871, 0.42224997475771786, 0.40566553508802305, 0.5864288526050396, 0.11658409876482828, 0.11658409876482828, 0.9210313558578491, 0.0, 0.0, 0.0, 0.052736844122409816, 0.4921220950782299, 0.49238350661471486, 0.0, -0.0, 0.027583634480834007, 0.6031746031746031, 0.02626093663275242, 0.8, 0.033792976289987564, 0.057533225044608116]
[0.4642857142857143, 0.5, 0.3333333333333333, 0.42424242424242425, 0.6153846153846154, 0.5869565217391305, 0.9754372835159302, 0.9754235148429871, 0.45070036009210473, 0.4506855045176373, 0.5786344077345518, 0.4170726767410917, 0.1732111190046583, 0.1732111190046583, 0.9021603837609291, 0.0, 0.0, 0.0, 0.052235030755400653, 0.4918752983212471, 0.4920169683173299, 0.0, -0.0, 0.025584841147065163, 0.6031746031746031, 0.024785561487078667, 0.8, 0.03264547511935234, 0.08011058904230595]
[0.4642857142857143, 0.5, 0.3333333333333333, 0.42424242424242425, 0.6153846153846154, 0.5869565217391305, 0.22062470018863678, 0.22021764516830444, 0.39955698782809607, 0.39954056520990844, 0.30083368932311894, 0.6964802417832118, 0.1461229899099895, 0.1461229899099895, 0.9160024970769882, 0.0, 0.0, 0.0, 0.05598759651184081, 0.4919178346171975, 0.4919489184394479, 0.0, -0.0, 0.023779714480042458, 0.6031746031746031, 0.02333412878215313, 0.8, 0.03518284112215042, 0.12402781285345554]
[0.4642857142857143, 0.5, 0.3333333333333333, 0.42424242424242425, 0.6153846153846154, 0.5869565217391305, 0.11824780702590942, 0.11707679182291031, 0.43732463333392463, 0.4373098632345692, 0.24962058076439125, 0.7517679831215296, 0.13452832187925068, 0.13452832187925068, 0.9233010746538639, 0.0, 0.0, 0.0, 0.05379485972225666, 0.49309429014101624, 0.49309197068214417, 0.0, -0.0, 0.021690987050533295, 0.6031746031746031, 0.020856095477938652, 0.8, 0.04008171334862709, 0.14976131729781628]
[0.4642857142857143, 0.5, 0.3333333333333333, 0.42424242424242425, 0.6153846153846154, 0.5869565217391305, 0.10578766465187073, 0.10455043613910675, 0.4395680473137996, 0.4395530549791529, 0.2796438620149747, 0.7194478602477237, 0.12862031481095723, 0.12862031481095723, 0.926560677587986, 0.0, 0.0, 0.0, 0.05118272081017494, 0.4938419284299016, 0.49379647662863135, 0.0, -0.0, 0.020099079236388206, 0.6031746031746031, 0.019051799550652504, 0.8, 0.04162835329771042, 0.15897881239652634]
[0.4642857142857143, 0.5, 0.3333333333333333, 0.42424242424242425, 0.6153846153846154, 0.5869565217391305, 0.12495969980955124, 0.12352509796619415, 0.4248906884548997, 0.42487526874469295, 0.2828668207784912, 0.7160026775896613, 0.1156122609972954, 0.1156122609972954, 0.9287098906934261, 0.0, 0.0, 0.0, 0.04504646919667721, 0.4939208938740194, 0.493865966796875, 0.0, -0.0, 0.019321005791425705, 0.6031746031746031, 0.01805412769317627, 0.8, 0.034626953303813934, 0.16147110611200333]
[0.4642857142857143, 0.5, 0.3333333333333333, 0.42424242424242425, 0.6153846153846154, 0.5869565217391305, 0.9770111441612244, 0.9770227670669556, 0.4403560024830397, 0.4403407195330122, 0.5868822944779697, 0.4085364254614541, 0.12822112334626062, 0.12822112334626062, 0.9098397269845009, 0.0, 0.0, 0.0, 0.04333764910697937, 0.492972316686064, 0.49298212211579084, 0.0, -0.0, 0.019981827586889267, 0.6031746031746031, 0.018755238503217697, 0.8, 0.030647091567516327, 0.14424312859773636]
[0.4642857142857143, 0.5, 0.3333333333333333, 0.42424242424242425, 0.6153846153846154, 0.5869565217391305, 0.5215684771537781, 0.5199496746063232, 0.33744911892236307, 0.3374305423313527, 0.5580196455833333, 0.4356750014584511, 0.12642131852252145, 0.12642131852252145, 0.9089974164962769, 0.0, 0.0, 0.0, 0.04809662662446498, 0.4923216183669865, 0.49247834738343954, 0.0, -0.0, 0.02221979759633541, 0.6031746031746031, 0.02141268365085125, 0.8, 0.028774714097380638, 0.04296711180359125]
[0.4642857142857143, 0.5, 0.3333333333333333, 0.42424242424242425, 0.6153846153846154, 0.5869565217391305, 0.2859744727611542, 0.28533124923706055, 0.37012929715800236, 0.3701114727479778, 0.5095435476952711, 0.4829397239780284, 0.12071984687021801, 0.12071984687021801, 0.9155259616672993, 0.0, 0.0, 0.0, 0.05129486508667469, 0.491786640137434, 0.4921825248748064, 0.0, -0.0, 0.025441844016313553, 0.6031746031746031, 0.025352617725729942, 0.8, 0.03098851628601551, 0.0]
[0.4642857142857143, 0.5, 0.3333333333333333, 0.42424242424242425, 0.6153846153846154, 0.5869565217391305, 0.22385597229003906, 0.2218809276819229, 0.37782375534451484, 0.3778061474714407, 0.5113320353496144, 0.4811874215000624, 0.11540142553193229, 0.11540142553193229, 0.9174308516085148, 0.0, 0.0, 0.0, 0.0498050607740879, 0.49110435880720615, 0.4916877867653966, 0.0, -0.0, 0.027664517983794212, 0.6031746031746031, 0.027805108577013016, 0.8, 0.03187112882733345, 0.0]
[0.4642857142857143, 0.5, 0.3333333333333333, 0.42424242424242425, 0.6153846153846154, 0.5869565217391305, 0.21110479533672333, 0.20721377432346344, 0.3882987303214137, 0.3882814643487876, 0.5029215329178889, 0.48971008793523113, 0.11109465999262674, 0.11109465999262674, 0.9197743684053421, 0.0, 0.0, 0.0, 0.0477137453854084, 0.4904407700523734, 0.4913515178486705, 0.0, -0.0, 0.030809668824076653, 0.6031746031746031, 0.031153138726949692, 0.8, 0.033617887645959854, 0.0]
[0.4642857142857143, 0.5, 0.3333333333333333, 0.42424242424242425, 0.6153846153846154, 0.5869565217391305, 0.19738030433654785, 0.19307070970535278, 0.3978896305164461, 0.3978725810807704, 0.522720572597438, 0.46979488259241137, 0.11188522513423647, 0.11188522513423647, 0.9208923876285553, 0.0, 0.0, 0.0, 0.04640065338462591, 0.4899514401331544, 0.49108406342566013, 0.0, -0.0, 0.03225972130894661, 0.6031746031746031, 0.03266932815313339, 0.8, 0.03459180146455765, 0.0]
[0.4642857142857143, 0.5, 0.3333333333333333, 0.42424242424242425, 0.6153846153846154, 0.5869565217391305, 0.3400307297706604, 0.33497336506843567, 0.37330733020264606, 0.3732898248997063, 0.5055889376433812, 0.48770774226293007, 0.11912114386047637, 0.11912114386047637, 0.9201972186565399, 0.0, 0.0, 0.0, 0.04613537434488535, 0.48947823606431484, 0.49074252136051655, 0.0, -0.0, 0.03323482722043991, 0.6031746031746031, 0.033768169581890106, 0.8, 0.035244304686784744, 0.0]
[0.4642857142857143, 0.5, 0.3333333333333333, 0.42424242424242425, 0.6153846153846154, 0.5869565217391305, 0.9501364231109619, 0.9493638873100281, 0.42030334176342526, 0.4202875630577481, 0.4167059450258944, 0.577975480843178, 0.15328856983355113, 0.15328856983355113, 0.9003653600811958, 0.0, 0.0, 0.0, 0.046391611173748966, 0.488712290301919, 0.490104503929615, 0.0, -0.0, 0.036279190331697464, 0.6031746031746031, 0.03905237093567848, 0.8, 0.035478971898555756, 0.0]
[0.4642857142857143, 0.5, 0.3333333333333333, 0.42424242424242425, 0.6153846153846154, 0.5869565217391305, 0.19070369005203247, 0.18930435180664062, 0.442871267207494, 0.4428556081669736, 0.42990031069141044, 0.56250311867976, 0.13037676789930888, 0.13037676789930888, 0.9266474023461342, 0.0, 0.0, 0.0, 0.04742307513952255, 0.48935328889638186, 0.4906223611906171, 0.0, -0.0, 0.03831005468964577, 0.6031746031746031, 0.04100048914551735, 0.8, 0.03697226941585541, 0.0]
[0.4642857142857143, 0.5, 0.3333333333333333, 0.42424242424242425, 0.6153846153846154, 0.5869565217391305, 0.11008338630199432, 0.10948596894741058, 0.4725357267870274, 0.47252097093352396, 0.4707379344544493, 0.5213156616659916, 0.11895960462944849, 0.11895960462944849, 0.9323529303073883, 0.0, 0.0, 0.0, 0.04743931591510772, 0.49055485613644123, 0.4916674252599478, 0.0, -0.0, 0.03780847787857056, 0.6031746031746031, 0.039714548736810684, 0.8, 0.038213081657886505, 0.0]
[0.4642857142857143, 0.5, 0.3333333333333333, 0.42424242424242425, 0.6153846153846154, 0.5869565217391305, 0.35357990860939026, 0.35314539074897766, 0.39168875304052525, 0.3916716010347151, 0.49834799757993015, 0.4943098513113103, 0.113192546580519, 0.113192546580519, 0.9331686906516552, 0.0, 0.0, 0.0, 0.04814292639493942, 0.4912956655025482, 0.4922190182842314, 0.0, -0.0, 0.037002190947532654, 0.6031746031746031, 0.038102392107248306, 0.8, 0.03777211904525757, 0.0]
[0.4642857142857143, 0.5, 0.3333333333333333, 0.42424242424242425, 0.6153846153846154, 0.5869565217391305, 0.9762328267097473, 0.9762334823608398, 0.4267841160411361, 0.42676835443048133, 0.5454172520518987, 0.4489272679648431, 0.1491445888366018, 0.1491445888366018, 0.8980341292917728, 0.0, 0.0, 0.0, 0.04887101538479328, 0.49030819069594145, 0.49122970178723335, 0.0, -0.0, 0.036737438291311264, 0.6031746031746031, 0.03797782212495804, 0.8, 0.034883156418800354, 0.0]
[0.4642857142857143, 0.5, 0.3333333333333333, 0.42424242424242425, 0.6153846153846154, 0.5869565217391305, 0.26842424273490906, 0.26828375458717346, 0.3862219814132778, 0.38620469264728846, 0.45817578830409006, 0.5343362920434201, 0.13034052082470485, 0.13034052082470485, 0.9180935360491276, 0.0, 0.0, 0.0, 0.04890235476195812, 0.49026981368660927, 0.4909869562834501, 0.0, -0.0, 0.0315876379609108, 0.6031746031746031, 0.03089260682463646, 0.8, 0.03231137618422508, 0.0635084230452776]
[0.4642857142857143, 0.5, 0.3333333333333333, 0.42424242424242425, 0.6153846153846154, 0.5869565217391305, 0.1870281845331192, 0.18639573454856873, 0.42179601643782955, 0.4217795653279379, 0.43342319022629044, 0.5583415105218704, 0.12609805911779404, 0.12609805911779404, 0.923048984259367, 0.0, 0.0, 0.0, 0.04882275462150573, 0.4911490874364972, 0.49167004879564047, 0.0, -0.0, 0.025975463911890984, 0.6031746031746031, 0.024739814922213554, 0.8, 0.031405773013830185, 0.09660759009420872]
[0.4642857142857143, 0.5, 0.3333333333333333, 0.42424242424242425, 0.6153846153846154, 0.5869565217391305, 0.49957963824272156, 0.49910759925842285, 0.3416527963277259, 0.34163463001725325, 0.5122378122624203, 0.4818696667491086, 0.12515898793935776, 0.12515898793935776, 0.9234277606010437, 0.0, 0.0, 0.0, 0.04867121316492557, 0.49160986579954624, 0.4920012978836894, 0.0, -0.0, 0.023039560765028, 0.6031746031746031, 0.02185366488993168, 0.8, 0.031194915995001793, 0.10597351938486099]
[0.4642857142857143, 0.5, 0.3333333333333333, 0.42424242424242425, 0.6153846153846154, 0.5869565217391305, 0.9917694330215454, 0.9917723536491394, 0.47068681748829655, 0.47067268275394036, 0.5662694184775562, 0.4296377119502369, 0.13856226312262673, 0.13856226312262673, 0.8831347748637199, 0.0, 0.0, 0.0, 0.048496220633387564, 0.4908941863104701, 0.4913494326174259, 0.0, -0.0, 0.023368041962385178, 0.6031746031746031, 0.0225523728877306, 0.8, 0.030688108876347542, 0.09330651722848415]
[0.4642857142857143, 0.5, 0.3333333333333333, 0.42424242424242425, 0.6153846153846154, 0.5869565217391305, 0.9847317337989807, 0.9847306609153748, 0.4568476361252838, 0.45683303982532275, 0.5405228303221854, 0.45477158886018215, 0.14257497553314483, 0.14257497553314483, 0.8792463727295399, 0.0, 0.0, 0.0, 0.0486125111579895, 0.48952443432062864, 0.49027271661907434, 0.0, -0.0, 0.026123305782675743, 0.6031746031746031, 0.025624379515647888, 0.8, 0.030414385721087456, 0.03335666377097368]
[0.4642857142857143, 0.5, 0.3333333333333333, 0.42424242424242425, 0.6153846153846154, 0.5869565217391305, 0.9808000326156616, 0.9807979464530945, 0.43814889263240603, 0.4381335982856969, 0.5264591058399207, 0.4681286706472624, 0.14472393052918572, 0.14472393052918572, 0.8802147060632706, 0.0, 0.0, 0.0, 0.049364463239908216, 0.4885497819632292, 0.4894887460395694, 0.0, -0.0, 0.029399771243333817, 0.6031746031746031, 0.029370082542300224, 0.8, 0.030980300158262253, 0.01701815170235932]
[0.4642857142857143, 0.5, 0.3333333333333333, 0.42424242424242425, 0.6153846153846154, 0.5869565217391305, 0.9780564308166504, 0.9780529737472534, 0.42209504826802824, 0.4220791954839207, 0.5124379978239194, 0.48169622635015746, 0.14701658061572484, 0.14701658061572484, 0.8780901432037354, 0.0, 0.0, 0.0, 0.04941930063068867, 0.4874954465776682, 0.4885990899056196, 0.0, -0.0, 0.03217887878417969, 0.6031746031746031, 0.03261338174343109, 0.8, 0.030288511887192726, 0.006133532151579857]
[0.4642857142857143, 0.5, 0.3333333333333333, 0.42424242424242425, 0.6153846153846154, 0.5869565217391305, 0.9757590889930725, 0.9757530689239502, 0.4178306493430931, 0.4178146427037839, 0.501198003143357, 0.49278146513510795, 0.1478816834943635, 0.1478816834943635, 0.8747382834553719, 0.0, 0.0, 0.0, 0.04954893477261066, 0.4862924190238118, 0.48757092375308275, 0.0, -0.0, 0.0391446128487587, 0.6031746031746031, 0.041502803564071655, 0.8, 0.029473578557372093, 0.0]
[0.4642857142857143, 0.5, 0.3333333333333333, 0.42424242424242425, 0.6153846153846154, 0.5869565217391305, 0.97539222240448, 0.9753857254981995, 0.41769955901297284, 0.417683540976982, 0.5003271829470437, 0.4936353899957978, 0.14810684536184585, 0.14810684536184585, 0.8743421882390976, 0.0, 0.0, 0.0, 0.049666894227266306, 0.4860996063798666, 0.4874048037454486, 0.0, -0.0, 0.04034615680575371, 0.6031746031746031, 0.04285712540149689, 0.8, 0.029410922899842262, 0.0]
[0.4642857142857143, 0.5, 0.3333333333333333, 0.42424242424242425, 0.6153846153846154, 0.5869565217391305, 0.9738103151321411, 0.97380131483078, 0.42616384594663836, 0.4261482267945036, 0.4832926912813752, 0.5111126428529769, 0.15005154801266535, 0.15005154801266535, 0.8637090623378754, 0.0, 0.0, 0.0, 0.051131296902894974, 0.4846171857789159, 0.48618193808943033, 0.0, -0.0, 0.04916322976350784, 0.6031746031746031, 0.052233241498470306, 0.8, 0.029538150876760483, 0.0]
[0.4642857142857143, 0.5, 0.3333333333333333, 0.42424242424242425, 0.6153846153846154, 0.5869565217391305, 0.9786081314086914, 0.9786015152931213, 0.4351660562518906, 0.43515087017365667, 0.457254375144127, 0.5378935339979136, 0.15990735164710454, 0.15990735164710454, 0.8470946252346039, 0.0, 0.0, 0.0, 0.05119172260165214, 0.48281182907521725, 0.48476303555071354, 0.0, -0.0, 0.056904055178165436, 0.6031746031746031, 0.060758326202631, 0.8, 0.03066622093319893, 0.0]
[0.4642857142857143, 0.5, 0.3333333333333333, 0.42424242424242425, 0.6153846153846154, 0.5869565217391305, 0.9085524082183838, 0.9066511988639832, 0.3485616698547713, 0.34854344656089065, 0.4382021208338254, 0.5549074312144131, 0.15164655234132496, 0.15164655234132496, 0.8853544779121876, 0.0, 0.0, 0.0, 0.0503357257694006, 0.48345090448856354, 0.4851400190964341, 0.0, -0.0, 0.057152241468429565, 0.6031746031746031, 0.061024926602840424, 0.8, 0.03076239302754402, 0.0]
[0.4642857142857143, 0.5, 0.3333333333333333, 0.42424242424242425, 0.6153846153846154, 0.5869565217391305, 0.9731613993644714, 0.9729251861572266, 0.42190619385721123, 0.4218904151515341, 0.4169283455690052, 0.5775920081498239, 0.15496909086193358, 0.15496909086193358, 0.8923363164067268, 0.0, 0.0, 0.0, 0.049756781756877894, 0.48535396065562963, 0.4871121924370527, 0.0, -0.0, 0.046643223613500595, 0.6031746031746031, 0.04843937233090401, 0.8, 0.03359838202595711, 0.0]
[0.4642857142857143, 0.5, 0.3333333333333333, 0.42424242424242425, 0.6153846153846154, 0.5869565217391305, 0.1791633665561676, 0.17714445292949677, 0.44515431314763787, 0.445138927627476, 0.40643887401310935, 0.5869969486911661, 0.13662527182272502, 0.13662527182272502, 0.935383066534996, 0.0, 0.0, 0.0, 0.046543496847152706, 0.48839528765529394, 0.4894417356699705, 0.0, -0.0, 0.035073552280664444, 0.6031746031746031, 0.035690173506736755, 0.8, 0.034138891845941544, 0.0]
[0.4642857142857143, 0.5, 0.3333333333333333, 0.42424242424242425, 0.6153846153846154, 0.5869565217391305, 0.0147172249853611, 0.014554392546415329, 0.4931123983791636, 0.49309844884088344, 0.4136493322270322, 0.5793320962342837, 0.11372566223144533, 0.11372566223144533, 0.9419190231710672, 0.0, 0.0, 0.0, 0.07008939050137997, 0.49053134955465794, 0.49138993956148624, 0.11382146924734116, -0.0, 0.06370539218187332, 0.47451784312725065, 0.060960374772548676, 0.7670526747959991, 0.03705747425556183, 0.0]
[0.4642857142857143, 0.5, 0.3333333333333333, 0.42424242424242425, 0.6153846153846154, 0.5869565217391305, 0.0, 0.0, 0.49446483546187725, 0.49445086882857475, 0.4211752790793862, 0.571456432234894, 0.0862688198685646, 0.0862688198685646, 0.9431264940649271, 0.0, 0.0, 0.0, 0.05978964082896709, 0.4917638814076781, 0.49272223096340895, 0.0, -0.0, 0.1472582221031189, 0.44109671115875243, 0.14080917835235596, 0.6262551248073578, 0.0477016307413578, 0.0]
[0.4642857142857143, 0.5, 0.3333333333333333, 0.42424242424242425, 0.6153846153846154, 0.5869565217391305, 0.0, 0.0, 0.47673212313743213, 0.4767175382341527, 0.43355389876757705, 0.5587506376797287, 0.06098984607628414, 0.06098984607628414, 0.9501144308596849, 0.0, 0.0, 0.0, 0.03770922813564539, 0.49301973870024085, 0.49385866336524487, 0.0, -0.0, 0.10404670983552933, 0.45838131606578825, 0.0, 0.6976744186046512, 0.03283686935901642, 0.0]
[0.4642857142857143, 0.5, 0.3333333333333333, 0.42424242424242425, 0.6153846153846154, 0.5869565217391305, 0.0, 0.0, 0.46539981996580015, 0.46538492165377676, 0.44430523757496937, 0.5481365416297899, 0.05298403756959098, 0.05298403756959098, 0.9547409806400537, 0.0, 0.0, 0.0, 0.030629754625260828, 0.4942954396829009, 0.49496509693562984, 0.0, -0.0, 0.07701171189546585, 0.4691953152418137, 0.0, 0.6976744186046512, 0.026402026414871216, 0.0]
[0.4642857142857143, 0.5, 0.3333333333333333, 0.42424242424242425, 0.6153846153846154, 0.5869565217391305, 0.0, 0.0, 0.4598603118674021, 0.45984525970017703, 0.4479448647161743, 0.5445802427506989, 0.05092448155794825, 0.05092448155794825, 0.9552917368710041, 0.0, 0.0, 0.0, 0.030694258771836756, 0.49461728520691395, 0.4952197829261422, 0.0, -0.0, 0.0733918696641922, 0.4706432521343231, 0.0, 0.6976744186046512, 0.025246404111385345, 0.0]
[0.4642857142857143, 0.5, 0.3333333333333333, 0.42424242424242425, 0.6153846153846154, 0.5869565217391305, 0.0, 0.0, 0.4396708054934587, 0.4396551920396648, 0.4604181936776433, 0.5323671976142763, 0.045708912823881426, 0.045708912823881426, 0.9569905549287796, 0.0, 0.0, 0.0, 0.029111461155116557, 0.49500345485284925, 0.49547963589429855, 0.0, -0.0, 0.0, 0.5, 0.0, 0.6976744186046512, 0.022166812792420387, 0.0]
[0.4642857142857143, 0.5, 0.3333333333333333, 0.42424242424242425, 0.6153846153846154, 0.5869565217391305, 0.0, 0.0, 0.40628497892310467, 0.40626849362316825, 0.47143392125233635, 0.5218339257618159, 0.03730069313730513, 0.03730069313730513, 0.9604465123265982, 0.0, 0.0, 0.0, 0.02062479145824909, 0.49552206648513675, 0.4958981811068952, 0.0, -0.0, 0.0, 0.5, 0.0, 0.6976744186046512, 0.017613599076867104, 0.0]
[0.4642857142857143, 0.5, 0.3333333333333333, 0.42424242424242425, 0.6153846153846154, 0.5869565217391305, 0.0, 0.0, 0.36699360278550797, 0.3669761658626578, 0.4644789908857692, 0.5294700471843812, 0.03142727805035455, 0.03142727805035455, 0.9625334348529577, 0.0, 0.0, 0.0, 0.01762755801901221, 0.4959087925963104, 0.4962478964589536, 0.0, -0.0, 0.0, 0.5, 0.0, 0.6976744186046512, 0.014586154371500015, 0.0]
[0.4642857142857143, 0.5, 0.3333333333333333, 0.42424242424242425, 0.6153846153846154, 0.5869565217391305, 0.0, 0.0, 0.35892842194318314, 0.3589121132918115, 0.46232720622596957, 0.5319672481684972, 0.025931523580636297, 0.025931523580636297, 0.9645832348614931, 0.0, 0.0, 0.0, 0.014565508812665938, 0.49638019409030676, 0.4966580008622259, 0.0, -0.0, 0.0, 0.5, 0.0, 0.6976744186046512, 0.012107697315514088, 0.0]
[0.4642857142857143, 0.5, 0.3333333333333333, 0.42424242424242425, 0.6153846153846154, 0.5869565217391305, 0.0, 0.0, 0.3563166330239057, 0.3563003243725341, 0.46153164662093094, 0.5328710520308009, 0.023394164496234486, 0.023394164496234486, 0.9647540654987097, 0.0, 0.0, 0.0, 0.013205515965819358, 0.4965467108413577, 0.49679898051545024, 0.0, -0.0, 0.0, 0.5, 0.0, 0.6976744186046512, 0.01086238119751215, 0.0]
[0.4642857142857143, 0.5, 0.3333333333333333, 0.42424242424242425, 0.6153846153846154, 0.5869565217391305, 0.008885543793439865, 0.00875117164105177, 0.35629281395935875, 0.35627648251462396, 0.45879562817385733, 0.5356443547217336, 0.02108236641756126, 0.02108236641756126, 0.9659655075520277, 0.0, 0.0, 0.0, 0.011754774721339345, 0.4967588074505329, 0.4969803923740983, 0.0, -0.0, 0.0, 0.5, 0.0, 0.6976744186046512, 0.009678013622760773, 0.0]

程序已被终止，正在关闭套接字...
套接字已关闭。
