[-0.1574946   0.05523961 -0.07289658]
[-0.19961231  0.05921546 -0.07690262]
[-0.19623503  0.05968389 -0.07346952]
[-0.1750324   0.06103489 -0.06713472]
[-0.1662049   0.06082336 -0.06822708]
[-0.15212187  0.06305251 -0.06331412]
[-0.14126484  0.06911761 -0.04974303]
[-0.13983443  0.06844252 -0.04792817]
[-0.13551659  0.06363173 -0.03115827]
[-0.13540523  0.06260431 -0.02603257]
[-0.13515479  0.06117827 -0.02246939]
[-0.13410628  0.05995454 -0.0204766 ]
[-0.13073936  0.05884901 -0.02084577]
[-0.12759951  0.05677235 -0.02241068]
[-0.12745178  0.05501481 -0.02252116]
[-0.13072896  0.05291696 -0.02043078]
[-0.14547168  0.0383637  -0.00193559]
[-1.38203750e-01  3.64104398e-02  8.38204724e-05]
[-0.13058972  0.03391448 -0.00123982]
[-0.11373419  0.03102435 -0.00508807]
[-0.11019126  0.02942477 -0.00724977]
[-0.10608569  0.02797202 -0.00906173]
[-0.09328156  0.02121758 -0.0269928 ]
[-0.09227643  0.02025392 -0.02721539]
[-0.09228781  0.02018749 -0.02650747]
[-0.09860544  0.02158723 -0.02322851]
[-0.06821327  0.0318399  -0.01033307]
[-0.06184177  0.03423413 -0.00803663]
[-0.02961947  0.05413936  0.00884171]
[-0.02091178  0.06484404  0.01479256]
[-0.01881796  0.07030391  0.01726412]
[-0.01792208  0.07565214  0.02078823]
[-0.01710833  0.08017313  0.02544426]
[0.00051021 0.10220318 0.05224267]
[0.00134332 0.10453542 0.05656613]
[0.00259144 0.10453851 0.05754298]
[0.00442215 0.10329466 0.05797708]
[0.00842161 0.09760617 0.05671671]
[0.00903783 0.09498345 0.05640805]
[0.00796836 0.09318955 0.05643917]
[0.00348701 0.09294248 0.05826157]
[0.00908511 0.09244063 0.05423985]
[0.01223492 0.0916137  0.05355103]
[0.01703025 0.08677459 0.04735173]
[0.01756715 0.08781109 0.04452968]
[0.03794671 0.09113837 0.03263893]
[0.04624721 0.0906463  0.0306669 ]
[0.05626445 0.09063186 0.0296859 ]
[0.06707511 0.09054282 0.02852377]
[0.07887826 0.09043693 0.02859286]
[0.16291693 0.08282993 0.0244079 ]
[0.17062703 0.08287181 0.02379381]
[0.17906139 0.08235134 0.02364882]
[0.18758152 0.08165653 0.02284232]
[0.1959861  0.0800861  0.02141402]
[0.21357349 0.07687179 0.0180864 ]
[0.26115651 0.07384221 0.01509625]
[0.28377063 0.06715352 0.01396863]
[0.28888938 0.06636146 0.0156821 ]
[0.31849006 0.06078767 0.02608181]
[0.32086319 0.05771751 0.02558514]
[0.32154549 0.05653435 0.02522462]
[0.32473794 0.05528416 0.02707769]
[0.32709581 0.05553967 0.02725446]
[0.32948495 0.05558131 0.02649712]
[0.3294822  0.05303602 0.02173371]
[0.32787583 0.05133282 0.02127662]
[0.3267558  0.04917989 0.02103234]
[0.32732231 0.04879843 0.02100145]
[0.32913259 0.04877431 0.02073435]
[0.33349607 0.04774738 0.01936161]
[0.33508629 0.04635281 0.01688464]
[0.33593369 0.04553569 0.01267649]
[0.33616928 0.04489512 0.00230617]
[ 0.33436373  0.04501484 -0.00303788]
[ 0.33088267  0.0427593  -0.00724813]
[ 0.34032724  0.02006908 -0.02929555]
[ 0.34269789  0.01927993 -0.0322809 ]
[ 0.36168299  0.01252246 -0.03647394]
[ 0.36494676  0.01108799 -0.03474888]
[ 0.37021796  0.01013047 -0.03259939]
[ 0.37417028  0.01209587 -0.02912755]
[ 0.37645493  0.01324176 -0.00813939]
[0.38027278 0.0198951  0.00569666]
[0.38399497 0.02546751 0.01575134]
[0.38616595 0.03091413 0.02527617]
[0.3864449  0.03484203 0.03432192]
[0.38148514 0.04077316 0.05050832]
[0.35659049 0.05645818 0.0911472 ]
[0.35246572 0.06152594 0.09440211]
[0.34741411 0.06661775 0.09680633]
[0.34209076 0.07154893 0.09718658]
[0.32914255 0.07903612 0.09661605]
[0.32154567 0.0819359  0.09517007]
[ 0.25925708  0.1065371  -0.04512054]
[ 0.24547136  0.10216401 -0.13085002]
[ 0.24270854  0.10136664 -0.14495184]
[ 0.22773174  0.10517599 -0.18035065]
[ 0.22401193  0.10688259 -0.18416543]
[ 0.22016246  0.10821168 -0.1864896 ]
[ 0.20564917  0.11211458 -0.20214757]
[ 0.20292426  0.11305068 -0.20547353]
[ 0.19633884  0.11224474 -0.20799857]
[ 0.18583897  0.10769443 -0.19597447]
[ 0.18000398  0.1043625  -0.18041573]
[ 0.17620057  0.10335904 -0.17404626]
[ 0.17250097  0.10267965 -0.16811155]
[ 0.16778279  0.10324198 -0.15703273]
[ 0.16592175  0.10338687 -0.15449978]
[ 0.15539006  0.09616892 -0.11839245]
[ 0.15264205  0.09518476 -0.10680028]
[ 0.14111499  0.08918722 -0.01313692]
[0.13804547 0.08611446 0.01632736]
[0.11570064 0.08215038 0.10688192]
[0.1130012  0.08320095 0.11929608]
[0.10942403 0.08730952 0.15078253]
[0.10858983 0.08819861 0.15310274]
[0.10805351 0.08928688 0.153717  ]
[0.11068768 0.09077165 0.15797228]
[0.11238918 0.09130291 0.16283841]
[0.11345673 0.09202553 0.16734907]
[0.11235169 0.09282117 0.17054574]
[0.10649789 0.0919874  0.17209247]
[0.10678459 0.09181323 0.17291979]
[0.10763503 0.09240357 0.17454246]
[0.10656608 0.09239309 0.17431614]
[0.10500965 0.09170295 0.17288008]
[0.11772726 0.09351956 0.15800357]
[0.12132103 0.09249857 0.15532352]
[0.13183016 0.08404414 0.14006804]
[0.13574267 0.08143356 0.13561209]
[0.14220173 0.07466339 0.10677194]
[0.1394561  0.07279793 0.09404576]
[0.12810577 0.06234532 0.05765992]
[0.12264526 0.05726614 0.04393119]
[0.1196901  0.0545518  0.03753159]
[0.11193571 0.04639905 0.01877222]
[0.10635219 0.04300249 0.00622704]
[0.1036138  0.04228013 0.00026933]
[ 0.10134733  0.04211564 -0.0050357 ]
[ 0.09886858  0.04198429 -0.01041249]
[ 0.09736376  0.04209104 -0.01530847]
[ 0.09951395  0.04406624 -0.02867763]
[ 0.09638636  0.04039007 -0.03107386]
[ 0.09638636  0.04039007 -0.03107386]
[ 0.09478549  0.03861741 -0.03238697]
[ 0.09069521  0.03347579 -0.03350676]
[ 0.09069521  0.03347579 -0.03350676]
[ 0.08956141  0.03138604 -0.03252719]
[ 0.08887779  0.02902368 -0.03115663]
[ 0.08837082  0.02147593 -0.02388077]
[ 0.08903494  0.01951668 -0.02241434]
[ 0.08015232  0.00317334 -0.00808111]
[0.07003661 0.00188295 0.01834883]
[0.06708108 0.00659606 0.02621345]
[0.06454839 0.01326174 0.03368485]
[0.06376948 0.0147877  0.03623312]
[0.0626348  0.01646333 0.03853719]
[0.05654391 0.01942682 0.04253819]
[0.04897589 0.02238911 0.04445657]
[0.0452915  0.02442908 0.04482894]
[0.03910952 0.02947642 0.04424364]
[0.03701015 0.03218686 0.04373836]
[0.03542254 0.03437913 0.04284328]
[0.03347548 0.03623151 0.04212139]
[0.03265639 0.03752789 0.04068871]
[0.04274721 0.04643403 0.02851872]
[0.04543029 0.04704461 0.02670877]
[0.05087183 0.04639777 0.02405227]
[0.05426255 0.04591193 0.02349885]
[0.05697592 0.04532635 0.02333904]
[0.05830327 0.04540131 0.02357455]
[0.05822415 0.04559245 0.02377041]
[0.05672102 0.04660562 0.02351211]
[0.04945581 0.05646834 0.01718347]
[0.04695337 0.06041645 0.01520625]
[0.04168635 0.06839657 0.01376193]
[0.0287824  0.07956076 0.01484519]
[0.02455119 0.08250083 0.01610055]
[0.02062189 0.08528315 0.01661586]
[0.00685393 0.10026075 0.01526036]
[-0.00158633  0.10558346  0.01127388]
[-0.00582432  0.10737748  0.01070973]
[-0.02115154  0.11616798  0.00683759]
[-0.02451138  0.11758854  0.00648814]
[-0.02786613  0.11875654  0.00597916]
[-0.03176856  0.11958938  0.00490206]
[-0.03449787  0.12098408  0.00352812]
[-0.03766921  0.12269241 -0.00083931]
[-0.03347534  0.11977187 -0.00940787]
[-0.0333571   0.11968247 -0.01114468]
[-0.03066447  0.11883179 -0.0124099 ]
[-0.02931756  0.11756293 -0.0127992 ]
[-0.02533205  0.11230652 -0.01446681]
[-0.03721825  0.08342176 -0.00818328]
[-0.06189771  0.06155496 -0.00182763]
[-0.06829698  0.06074938 -0.00260762]
[-0.07554479  0.04860135 -0.01107688]
[-0.07430183  0.04510213 -0.01253276]
[-0.07240319  0.04079766 -0.01341657]
[-0.06964946  0.02969262 -0.01138238]
[-0.06825268  0.02330495 -0.00915824]
[-0.07104263 -0.00615143  0.00049067]
[-0.06989005 -0.0080364   0.00163032]
[-0.06732311 -0.01411118  0.00137262]
[-0.06450589 -0.01663296  0.00163484]
[-0.06215993 -0.01837016  0.00138794]
[-6.10687375e-02 -1.88191999e-02 -4.48623905e-05]
[-0.05902109 -0.01751295 -0.00396628]
[-0.05677866 -0.01540438 -0.00919442]
[-0.05123156 -0.00699074 -0.02705559]
[-0.05180903 -0.00620138 -0.02536033]
[-0.05154199 -0.00761616 -0.02481436]
[-0.04585374 -0.01232127 -0.02111237]
[-0.04250185 -0.01115084 -0.01599661]
[-0.04065788 -0.01012042 -0.01525716]
[-0.03944519 -0.00881821 -0.01526285]
[-0.03781337 -0.00658723 -0.01521363]
[-0.03874324 -0.00529644 -0.01568205]
[-0.04018623 -0.00410364 -0.01569603]
[-0.04187612 -0.00269504 -0.01621564]
[-0.04364395 -0.00171499 -0.01729457]
[-0.04196572  0.00860711 -0.01487556]
[-0.04171591  0.0109491  -0.01424256]
[-0.04222315  0.013786   -0.01449557]
[-0.04336807  0.01627595 -0.01574165]
[-0.04322804  0.01812964 -0.01642295]
[-0.04741186  0.02090563 -0.0176996 ]
[-0.04722455  0.02077175 -0.01748405]
[-0.04720643  0.02195768 -0.0180554 ]
[-0.04709993  0.0277502  -0.02079659]
[-0.04709993  0.0277502  -0.02079659]
[-0.05088218  0.03896282 -0.03642721]

程序已被终止，正在关闭套接字...
套接字已关闭。
