[-0.1583555   0.02305271 -0.08920562]
[-0.16091867  0.02659263 -0.08393231]
[-0.16117987  0.0295981  -0.07855622]
[-0.15557827  0.03298464 -0.07447693]
[-0.14199819  0.04498257 -0.0615097 ]
[-0.13931997  0.05090409 -0.05772949]
[-0.13519481  0.05396835 -0.05173592]
[-0.13232199  0.03533948 -0.05159675]
[-0.13434243  0.03427994 -0.05414621]
[-0.13615182  0.03428274 -0.05677924]
[-0.13438443  0.03761468 -0.05545442]
[-0.13709972  0.0456173  -0.05073745]
[-0.13632032  0.04603346 -0.04965549]
[-0.13509231  0.04664151 -0.04834393]
[-0.13350418  0.04727688 -0.04620316]
[-0.13189091  0.04811686 -0.04338467]
[-0.1311811   0.05000984 -0.04032928]
[-0.13038461  0.05103594 -0.03950081]
[-0.1283708   0.05206394 -0.03876539]
[-0.12120093  0.05559844 -0.03490019]
[-0.12273954  0.05670351 -0.03159245]
[-0.09298333  0.05886381 -0.02411194]
[-0.08819749  0.05921307 -0.02270249]
[-0.06576346  0.06386948 -0.01768968]
[-0.0273536   0.07112201 -0.01605653]
[-0.02228386  0.07263411 -0.01375888]
[-0.01664675  0.07395225 -0.01112484]
[ 0.00203264  0.0792428  -0.00219421]
[0.03412919 0.10157178 0.0343606 ]
[0.03804292 0.10716215 0.04366178]
[0.04406627 0.11195384 0.05222797]
[0.06588561 0.12792991 0.07574699]
[0.08912545 0.13905026 0.09125973]
[0.09216799 0.14358677 0.09398456]
[0.09435683 0.14788315 0.09657755]
[0.09831392 0.15344955 0.10179565]
[0.10041991 0.15510665 0.10338909]
[0.10251478 0.1566228  0.10446905]
[0.10492823 0.15810402 0.10539499]
[0.12446553 0.14793316 0.12649822]
[0.12417293 0.14295989 0.12603138]
[0.12452546 0.1410673  0.1256644 ]
[0.12433276 0.13923    0.12502237]
[0.12376139 0.13301468 0.11696909]
[0.123891   0.12943932 0.11340284]
[0.12365911 0.12464246 0.10934108]
[0.12350482 0.11992567 0.10487322]
[0.12395234 0.11552127 0.09864117]
[0.12517945 0.11143097 0.09025225]
[0.14832497 0.08125287 0.02751356]
[0.15181596 0.0792582  0.02466981]
[0.15438381 0.0773358  0.02316099]
[0.15771044 0.07292272 0.01828055]
[0.16558657 0.067569   0.01653258]
[0.17005268 0.06483469 0.01790148]
[0.17476458 0.06219676 0.01945952]
[0.1842188  0.05926109 0.02235717]
[0.19241846 0.05959446 0.02631517]
[0.1946652  0.05974965 0.028837  ]
[0.19679699 0.06052449 0.03203594]
[0.20153559 0.06235234 0.0385029 ]
[0.2043781 0.0644281 0.0412168]
[0.21733744 0.07549985 0.05718144]
[0.21373487 0.07740185 0.06819862]
[0.21169872 0.07828389 0.06913771]
[0.20962239 0.07982305 0.06978939]
[0.20698658 0.0815078  0.07083936]
[0.19925669 0.0879292  0.0741764 ]
[0.19381217 0.09126423 0.07714031]
[0.19131318 0.09237092 0.07929125]
[0.18973798 0.0937461  0.08151312]
[0.18675626 0.0965284  0.08572233]
[0.18475548 0.09820724 0.08859271]
[0.18191863 0.09924389 0.09224229]
[0.17558298 0.09963305 0.10901762]
[0.17558298 0.09963305 0.10901762]
[0.17307607 0.1000413  0.11609207]
[0.14638717 0.10784328 0.1782091 ]
[0.13969944 0.1098987  0.19278629]
[0.1347676  0.11155588 0.20674819]
[0.12792609 0.11375996 0.23828313]
[0.12401865 0.11589789 0.2524519 ]
[0.12218899 0.11674302 0.26389113]
[0.12042046 0.11659409 0.28417966]
[0.12057588 0.11570831 0.29288438]
[0.12055863 0.11539625 0.29984674]
[0.11582941 0.1164064  0.30810159]
[0.11299739 0.11710578 0.30771154]
[0.10392371 0.11884127 0.30637598]
[0.09500449 0.12046879 0.29584166]
[0.0946332  0.1207461  0.29297599]
[0.09533193 0.11989515 0.28890663]
[0.09533193 0.11989515 0.28890663]
[0.09487233 0.11949612 0.28641602]
[0.09434496 0.11885196 0.28397959]
[0.09525784 0.11655487 0.27898937]
[0.09525784 0.11655487 0.27898937]
[0.09656445 0.11537022 0.27847984]
[0.09935049 0.11328097 0.27818829]
[0.10126389 0.11124592 0.27674145]
[0.10311306 0.10968077 0.2754606 ]
[0.09804434 0.11126781 0.2703096 ]
[0.09804434 0.11126781 0.2703096 ]
[0.08915331 0.10893886 0.25184235]
[0.0866437  0.10833232 0.24538061]
[0.08442379 0.10740237 0.23872992]
[0.08268932 0.10220836 0.20286261]
[0.083439   0.10253163 0.18902989]
[0.08392446 0.10240706 0.17430274]
[0.08505509 0.09560429 0.1055932 ]
[0.08996653 0.08608981 0.00146821]
[ 0.09059954  0.08458052 -0.01335868]
[ 0.09059223  0.08140356 -0.03857804]
[ 0.09502113  0.07336346 -0.06993564]
[ 0.10008985  0.06900354 -0.08878539]
[ 0.10349802  0.06810009 -0.09617115]
[ 0.10563481  0.06725953 -0.10340134]
[ 0.10755453  0.06473695 -0.11598332]
[ 0.10761431  0.06379494 -0.1231167 ]
[ 0.1072372   0.06446592 -0.1370962 ]
[ 0.10285181  0.06099583 -0.14943029]
[ 0.10227985  0.06023638 -0.14772195]
[ 0.10471279  0.05880358 -0.14534459]
[ 0.10378126  0.05687423 -0.14485927]
[ 0.10030601  0.05133043 -0.14717528]
[ 0.09934873  0.0501631  -0.14772527]
[ 0.09592572  0.0457172  -0.14802717]
[ 0.0953548   0.04534447 -0.14704379]
[ 0.09490635  0.04514354 -0.14611511]
[ 0.09436131  0.04472087 -0.1449611 ]
[ 0.09362664  0.04453518 -0.14374331]
[ 0.0932953   0.04436707 -0.14249641]
[ 0.09330804  0.04418747 -0.14001136]
[ 0.09345317  0.04430899 -0.13928337]
[ 0.09392964  0.04407154 -0.13915259]
[ 0.09393147  0.04298511 -0.13979109]
[ 0.09059008  0.04015207 -0.13526034]
[ 0.08988813  0.04240329 -0.13102596]
[ 0.08929723  0.0439789  -0.12749517]
[ 0.08815262  0.04537057 -0.12181524]
[ 0.08708828  0.04699587 -0.10463829]
[ 0.08692963  0.0478658  -0.09396416]
[ 0.08592353  0.04724628 -0.07979907]
[ 0.07801091  0.04737366 -0.01172355]
[ 0.07669262  0.04841362 -0.00407626]
[0.07126083 0.04905863 0.01295193]
[0.06952881 0.04918911 0.01256817]
[0.06666571 0.05146794 0.00472158]
[0.06671765 0.05136475 0.00360238]
[0.0679915  0.05152891 0.00256681]
[0.06881495 0.05224359 0.00420716]
[0.06965311 0.05252067 0.0039539 ]
[0.0702234  0.05330055 0.00312705]
[0.07149952 0.05331232 0.02170731]
[0.0718906  0.05319493 0.03372449]
[0.07244892 0.05301034 0.04023104]
[0.08472068 0.05073052 0.11001917]
[0.08674716 0.05232541 0.11779018]
[0.08895353 0.05473686 0.12397201]
[0.09148192 0.05751818 0.13008893]
[0.09457362 0.06099055 0.13693111]
[0.0985088  0.06445502 0.14508104]
[0.10394079 0.06734648 0.15446405]
[0.11958501 0.08723081 0.21714595]
[0.1202277  0.08945627 0.22504179]
[0.12176696 0.09191927 0.23199272]
[0.12970815 0.09807909 0.2522637 ]
[0.13120306 0.09887421 0.25764969]
[0.13214464 0.0994564  0.26192325]
[0.13244314 0.09956361 0.26699165]
[0.13316662 0.09949981 0.27208805]
[0.13246245 0.0955295  0.28805721]
[0.13269851 0.09319282 0.29781142]
[0.13319427 0.09171531 0.30800456]
[0.13391528 0.09097539 0.31722757]
[0.1344184  0.08980355 0.32471001]
[0.13701097 0.08836026 0.33495551]
[0.1371877  0.08706908 0.33855388]
[0.13713065 0.08572678 0.34285709]
[0.13538287 0.08156198 0.35044518]
[0.13492785 0.07800616 0.35564807]
[0.12913725 0.07567363 0.34828168]
[0.12862728 0.07554758 0.34439185]
[0.12756992 0.07532148 0.34097776]
[0.12608019 0.07522081 0.33823568]
[0.12415007 0.07481015 0.33359814]
[0.12219844 0.07402745 0.33088699]
[0.12070966 0.07309052 0.32850373]
[0.11481944 0.06810992 0.31841967]
[0.11415938 0.0672644  0.31637365]
[0.11452398 0.06646911 0.31454572]
[0.11456696 0.06606273 0.31273577]
[0.10712204 0.06110882 0.30686387]
[0.09279697 0.04942755 0.29699978]
[0.08909704 0.04757157 0.2911731 ]
[0.07933625 0.0452945  0.2760942 ]
[0.07775039 0.04233489 0.27077267]
[0.07640777 0.04042659 0.26862866]
[0.07367968 0.03798591 0.26056343]
[0.07523192 0.03876721 0.2533133 ]
[0.07585107 0.03767313 0.24853227]
[0.07641058 0.03558433 0.24354596]
[0.07704741 0.03309281 0.23908424]
[0.0785888  0.02875651 0.23225106]
[0.07839415 0.02673487 0.22657758]
[0.07128095 0.01911912 0.18936445]
[0.07096054 0.01717877 0.1818255 ]
[0.07553562 0.00994141 0.14736456]
[0.07529832 0.00747897 0.13822865]
[0.07386122 0.00568164 0.13299759]
[0.07254622 0.00393148 0.12777592]
[0.07098674 0.0024101  0.12328564]
[0.06997209 0.00142605 0.11834954]
[ 0.07317046 -0.00669867  0.08457865]
[ 0.07442517 -0.00843887  0.08195295]
[ 0.07467965 -0.00995649  0.08007064]
[ 0.07060117 -0.01523382  0.07400928]
[ 0.06895993 -0.01641906  0.07324418]
[ 0.06676148 -0.01723257  0.07220127]
[ 0.06404943 -0.0180423   0.07199747]
[ 0.05953989 -0.01905045  0.07115541]
[ 0.05980893 -0.01831312  0.07059464]
[ 0.06643712 -0.01387916  0.07062861]
[ 0.06628523 -0.01368844  0.07302417]
[ 0.0641107  -0.01374784  0.07769572]
[ 0.0641107  -0.01374784  0.07769572]
[ 0.061005   -0.01440323  0.08030073]
[ 0.05877811 -0.01449162  0.08121195]
[ 0.05629635 -0.01410043  0.08240636]
[ 0.05299938 -0.01332422  0.0840613 ]
[ 0.04420817 -0.00694343  0.08748584]
[ 0.0425953  -0.00466811  0.08810985]
[ 0.04052525 -0.00251161  0.0900796 ]
[0.03730207 0.00026703 0.09277407]
[0.02884432 0.00568371 0.10144351]
[0.02908236 0.00714314 0.10171352]
[0.02917968 0.00866724 0.10164711]
[0.02782091 0.01589756 0.10610084]
[0.0278551  0.01801707 0.10833448]
[0.03037145 0.02135067 0.11360878]
[0.03384345 0.02400841 0.11748195]
[0.03451072 0.02551558 0.11961892]
[0.03381713 0.02695685 0.12474061]
[0.03258354 0.02911838 0.13223819]
[0.03084262 0.03348708 0.14865579]
[0.03080257 0.03655967 0.15749317]
[0.02692111 0.04453632 0.22721721]
[0.02512451 0.0448111  0.23404773]
[0.02340474 0.04707666 0.24390188]
[0.02142808 0.04949154 0.24765773]
[0.02119136 0.04792061 0.24214743]
[0.02158593 0.04618071 0.23644315]
[0.02218655 0.04614203 0.22906138]
[0.02328554 0.04706186 0.22002476]
[0.02209312 0.04789494 0.21197674]
[0.01676506 0.05099798 0.19548626]
[0.01393967 0.05443206 0.16217709]
[0.0066737  0.04861319 0.10574353]
[0.00483938 0.04773215 0.09924184]
[0.00224099 0.04643235 0.09273089]
[0.00020506 0.04439159 0.08717149]
[-0.00543908  0.03802378  0.07059894]
[-0.00719676  0.03588521  0.06501173]
[-0.00850309  0.03383363  0.06044919]
[-0.00913061  0.03150169  0.05585663]
[-0.00956709  0.02891157  0.05172252]
[-0.01229344  0.02465986  0.04465578]
[-0.01381941  0.02275533  0.04031384]
[-0.01549379  0.02147056  0.036391  ]
[-0.01752623  0.01745209  0.02921944]
[-0.01848147  0.01499554  0.02686356]
[-0.02049417  0.01246689  0.02439442]
[-0.03575047  0.00141308  0.01086022]
[-0.03659255 -0.00027007  0.00992737]
[-0.03803319 -0.00127985  0.00911898]
[-3.96138445e-02 -7.65963268e-05  5.56224957e-03]
[-0.04031053  0.00140883  0.00309708]
[-0.03945227  0.0044997  -0.00172964]
[-0.03945227  0.0044997  -0.00172964]
[-0.03932831  0.00616447 -0.00317103]
[-0.03886219  0.00772654 -0.00557183]
[-0.04171204  0.00809106 -0.0069927 ]
[-0.04258673  0.00651614 -0.00485094]
[-0.03975357 -0.00066039  0.00014484]
[-0.03849387 -0.00394346  0.00137019]
[-0.03712738 -0.00523314  0.00159179]
[-0.03792571 -0.00439287 -0.00014916]
[-0.03738837 -0.00205941 -0.00251513]
[-0.03615042  0.00096046 -0.00538655]
[-0.03507921  0.00738584 -0.01141966]
[-0.04224135  0.0098033  -0.01627748]
[-0.04290431  0.00858783 -0.01636724]
[-0.04274332  0.00713941 -0.01750682]
[-0.0435055  -0.00288499 -0.01805736]
[-0.04933965  0.0004453  -0.01373887]
[-0.04814198 -0.00499949 -0.0080581 ]
[-0.04066398 -0.00722611 -0.00023864]
[-0.04737657  0.00019248  0.00448761]
[-0.04629868  0.00108258  0.00513903]
[-0.04513346  0.00192704  0.00613223]
[-0.04162862  0.00063494  0.00968473]
[-0.03989626 -0.00114059  0.01121324]
[-3.43317255e-02  3.30803850e-05  1.66428573e-02]
[-0.03426694  0.00166373  0.01614307]
[-0.03382274  0.00378273  0.01517329]
[-0.03158366  0.00800552  0.01281939]
[-0.02977364  0.01181212  0.01192235]
[-0.02952892  0.0124125   0.01199309]

程序已被终止，正在关闭套接字...
套接字已关闭。
