[-0.13691858  0.01269231 -0.07931384]
[-0.13521631  0.01159493 -0.08004422]
[-0.14332962  0.0095447  -0.08356846]
[-0.14581796  0.01013105 -0.08252277]
[-0.1440777   0.01013196 -0.08228444]
[-0.13956112  0.00994466 -0.08272438]
[-0.13333797  0.00914559 -0.08032268]
[-0.12910529  0.00891329 -0.07518709]
[-0.1263792   0.00899068 -0.07428821]
[-0.12317789  0.01394411 -0.07215185]
[-0.12454023  0.0155719  -0.07051057]
[-0.1262274   0.01724117 -0.06945115]
[-0.12653962  0.0186682  -0.0682822 ]
[-0.12623344  0.01954539 -0.06754796]
[-0.12438357  0.0207976  -0.06769875]
[-0.11301561  0.02471467 -0.06870905]
[-0.11069695  0.02563454 -0.06805994]
[-0.09941732  0.04010919 -0.05093332]
[-0.09941732  0.04010919 -0.05093332]
[-0.09727246  0.04540733 -0.04616518]
[-0.09635241  0.05045872 -0.04065289]
[-0.09196614  0.05796389 -0.03064719]
[-0.08955452  0.06159556 -0.02554228]
[-0.08466283  0.06502564 -0.02081777]
[-0.07513203  0.07121762  0.00233977]
[-0.07439599  0.07031558  0.00737507]
[-0.07284199  0.06917955  0.01307746]
[-0.06944078  0.06184132  0.02748034]
[-0.06757597  0.05931153  0.02980058]
[-0.04885295  0.04573751  0.03841215]
[-0.04716528  0.0426433   0.03867618]
[-0.04551811  0.03900434  0.03845955]
[-0.03883059  0.03135829  0.03418309]
[-0.03449573  0.02826299  0.03096368]
[-0.02920683  0.02571247  0.02720375]
[0.02477863 0.00529635 0.00508133]
[ 0.04414617 -0.00025801  0.00057875]
[ 0.05293085 -0.00313738 -0.00149383]
[ 0.066499   -0.00993807 -0.00491895]
[ 0.066499   -0.00993807 -0.00491895]
[ 0.07293955 -0.01408853 -0.00746069]
[ 0.07888975 -0.01912173 -0.00981307]
[ 0.10374112 -0.03329818 -0.02154219]
[ 0.11217085 -0.03459318 -0.01967592]
[ 0.1230152  -0.0345888  -0.01165635]
[ 0.11451164 -0.03192403 -0.00241125]
[ 1.11283398e-01 -3.06991972e-02 -1.07902335e-04]
[ 0.09708827 -0.02503671  0.00324698]
[ 0.08932587 -0.02287292  0.00548732]
[ 0.07881551 -0.02025851  0.0071257 ]
[ 0.04896305 -0.00922912  0.0143635 ]
[ 0.04286165 -0.00642728  0.01569254]
[ 0.03677869 -0.00347124  0.01688114]
[ 0.03137465 -0.00043686  0.01733523]
[0.02467475 0.00324474 0.01873292]
[0.01212927 0.01132938 0.01995505]
[0.00544596 0.0156806  0.0193769 ]
[-0.0006404   0.02010954  0.01897523]
[-0.01098543  0.02801788  0.01838171]
[-0.01384159  0.03088749  0.01859958]
[-0.01600363  0.03340317  0.01837803]
[-0.02054998  0.04414722  0.01158849]
[-0.01438085  0.04283439  0.00184472]
[-0.01187208  0.04101707  0.00159661]
[ 0.00292211  0.03188624 -0.00186085]
[ 0.02344713  0.02794916 -0.0058403 ]
[ 0.0271979   0.02817735 -0.00459979]
[ 3.28282475e-02  3.03556956e-02 -3.75693198e-05]
[0.04024377 0.03100402 0.00301835]
[0.04407326 0.03159906 0.00476689]
[0.04817139 0.03220866 0.00692475]
[0.05735446 0.03395892 0.01001594]
[0.06804017 0.0347916  0.01167352]
[0.076566   0.03482866 0.01323524]
[0.08104665 0.0347718  0.01392131]
[0.08472427 0.03446768 0.01457411]
[0.10648648 0.03202785 0.03251615]
[0.10934896 0.03119352 0.03710257]
[0.11277116 0.02987194 0.04107913]
[0.11902965 0.02733598 0.04854371]
[0.12141222 0.02630175 0.05270635]
[0.12368167 0.02521756 0.05865488]
[0.12536345 0.02426486 0.06645466]
[0.12536759 0.02463945 0.12269394]
[0.12517048 0.02323434 0.13257109]
[0.12470529 0.02198664 0.14192119]
[0.12096599 0.0193125  0.17391273]
[0.10741467 0.02356081 0.18916395]
[0.10545421 0.02333221 0.18942846]
[0.10325719 0.02287746 0.19026327]
[0.09924904 0.02100006 0.19471486]
[0.09791834 0.01994897 0.19755839]
[0.0915024  0.01480484 0.2073182 ]
[0.09052545 0.01285872 0.20743719]
[0.08979418 0.0106257  0.20565152]
[0.08994476 0.0088053  0.19996898]
[0.09064992 0.0059605  0.18057874]
[ 0.09261324 -0.00823291  0.06709088]
[ 0.09324499 -0.01408934  0.05295571]
[ 0.08833813 -0.04505475  0.00049224]
[ 0.08803338 -0.05606677 -0.01432292]
[ 0.0873797  -0.06349246 -0.02922887]
[ 0.08618467 -0.06626873 -0.03639641]
[ 0.08481482 -0.06899288 -0.04290885]
[ 0.08273484 -0.07849532 -0.0756285 ]
[ 0.08211175 -0.07903878 -0.0800989 ]
[ 0.08149262 -0.07353718 -0.09871927]
[ 0.09101703 -0.0726432  -0.09527792]
[ 0.0931933  -0.07190537 -0.09427797]
[ 0.09500114 -0.06904791 -0.09313139]
[ 0.09500114 -0.06904791 -0.09313139]
[ 0.09377024 -0.06710593 -0.09248159]
[ 0.0874261  -0.06391696 -0.09061759]
[ 0.08281924 -0.06279726 -0.08877465]
[ 0.07877705 -0.06136872 -0.08670793]
[ 0.0611007  -0.05225197 -0.06950376]
[ 0.05346583 -0.05377593 -0.06396528]
[ 0.00855151 -0.04738046 -0.04945834]
[ 0.00137117 -0.04520492 -0.04726071]
[-0.02712366 -0.03712072 -0.03557679]
[-0.03211037 -0.03479096 -0.03387428]
[-0.0366512  -0.03231936 -0.03290217]
[-0.04079852 -0.02997556 -0.03201555]
[-0.04454976 -0.02748808 -0.03154771]
[-0.04798153 -0.02514203 -0.03051594]
[-0.05229797 -0.01843494 -0.02830706]
[-0.05398342 -0.01441545 -0.02716166]
[-0.05593632 -0.01065384 -0.02565042]
[-0.06409095 -0.00157476 -0.01922964]
[-0.06725871  0.00147164 -0.01690471]
[-0.070702    0.00424848 -0.01515804]
[-0.07563904  0.00932514 -0.01120794]
[-0.07786449  0.01224416 -0.00872228]
[-0.11069841  0.04340852  0.01961046]
[-0.11345687  0.04440291  0.02142664]
[-0.11878978  0.04549928  0.0245693 ]
[-0.12199382  0.04598586  0.02716122]
[-0.12339531  0.04658316  0.03068348]
[-0.1229265   0.04731258  0.03501476]
[-0.12091663  0.04911112  0.04103057]
[-0.12062393  0.05995692  0.06970093]
[-0.11740935  0.06386243  0.07786337]
[-0.11350982  0.06873222  0.09992471]
[-0.11183904  0.07098616  0.10875459]
[-0.11394594  0.07393112  0.11684491]
[-0.11604373  0.07822062  0.12341928]
[-0.11671894  0.08148369  0.1275854 ]
[-0.11821886  0.08658361  0.13371083]
[-0.11773342  0.09329101  0.13749695]
[-0.11810103  0.09625237  0.1332237 ]
[-0.11241476  0.09576061  0.12227606]
[-0.11241476  0.09576061  0.12227606]
[-0.1071032   0.09393221  0.11626437]
[-0.10325468  0.09267762  0.11051174]
[-0.03014162  0.06986866  0.06657441]
[-0.0111396   0.06482495  0.05930215]
[0.00572327 0.0594794  0.05212745]
[0.01964313 0.05333368 0.0442059 ]
[0.03118547 0.04749716 0.03616574]
[0.04088559 0.04059537 0.0268827 ]
[0.04657253 0.03424203 0.01801803]
[ 0.08744527 -0.00049391 -0.02880426]
[ 0.10058445 -0.01524644 -0.04367068]
[ 0.10743333 -0.02321109 -0.05094454]
[ 0.12491874 -0.04402016 -0.07236904]
[ 0.13363392 -0.0536341  -0.08370866]
[ 0.14628381 -0.06746822 -0.10531482]
[ 0.13604984 -0.08950394 -0.14849299]
[ 0.11509964 -0.09487607 -0.19319756]
[ 0.11223439 -0.09488054 -0.19805239]
[ 0.10942224 -0.09487282 -0.20235385]
[ 0.10431123 -0.09379797 -0.20991954]
[ 0.10212646 -0.09276678 -0.21268357]
[ 0.10035864 -0.09078506 -0.21459343]
[ 0.09836819 -0.08752764 -0.21449097]
[ 0.09457152 -0.08365101 -0.21363679]
[ 0.09190353 -0.08007136 -0.21242645]
[ 0.08885323 -0.06982649 -0.20332773]
[ 0.08822418 -0.06309847 -0.19586059]
[ 0.08714718 -0.05574785 -0.18491659]
[ 0.08645392 -0.00607845 -0.01050164]
[ 0.08645392 -0.00607845 -0.01050164]
[0.08715615 0.00050993 0.03492911]
[0.0978576  0.03232124 0.18781723]
[0.08390917 0.04245082 0.28722575]
[0.07273684 0.04863629 0.31696016]
[0.06939294 0.03749585 0.31880867]
[0.06831203 0.03298193 0.31747645]
[0.06932523 0.02799153 0.32016236]
[0.07136477 0.02681211 0.31982166]
[0.07068906 0.02599356 0.31956723]
[0.0701377  0.0259073  0.31882146]
[0.07011553 0.02651516 0.31679064]
[0.0724032  0.025834   0.31529698]
[0.07557539 0.02371121 0.31367314]
[0.08198095 0.01299191 0.30623731]
[0.07989808 0.01357123 0.30672494]
[0.06580519 0.01093335 0.30375376]
[0.06342178 0.00911255 0.3024964 ]
[0.06080127 0.00748701 0.29954642]
[0.05791233 0.00575435 0.2957128 ]
[0.05442508 0.00347106 0.28477779]
[0.05438097 0.00242712 0.26830387]
[0.05706081 0.00253955 0.25631627]
[0.05819776 0.00310066 0.24143985]
[0.0586293  0.00693578 0.18063685]
[0.05736153 0.00503725 0.16106932]
[ 0.04309159 -0.00510263  0.06301764]
[ 0.03955323 -0.00558337  0.04824382]
[ 0.03669908 -0.0061323   0.03547858]
[ 0.03462212 -0.00768516  0.02327321]
[ 0.03124667 -0.01099698  0.00712558]
[ 0.03071476 -0.01229798  0.00179211]
[ 0.03127364 -0.01750778 -0.04887855]
[ 0.03127364 -0.01750778 -0.04887855]
[ 0.02646611 -0.02531381 -0.06970784]
[ 0.02640731 -0.02674555 -0.07052132]
[ 0.02655906 -0.02797295 -0.07081982]
[ 0.03405817 -0.03153249 -0.07156104]
[ 0.03489824 -0.03136221 -0.07132657]
[ 0.03489824 -0.03136221 -0.07132657]
[ 0.03666673 -0.03063236 -0.07099982]
[ 0.03724737 -0.03064872 -0.07053066]
[ 0.03826056 -0.03119774 -0.07045485]
[ 0.0380309  -0.03177073 -0.07096805]
[ 0.03741924 -0.03174417 -0.06992784]
[ 0.03885586 -0.0324512  -0.07006177]
[ 0.04067308 -0.03250448 -0.07020854]
[ 0.0360795  -0.03098245 -0.06592181]
[ 0.03814921 -0.03025274 -0.06362314]
[ 0.03757935 -0.02949776 -0.05875804]
[ 0.03575671 -0.02758708 -0.05245913]
[ 0.03751222 -0.02184379 -0.04251727]
[ 0.03751222 -0.02184379 -0.04251727]
[ 0.03724647  0.00114075 -0.00823023]
[ 0.03715617  0.01205727 -0.00010493]
[0.03660232 0.01746022 0.00197239]
[0.03500304 0.02319748 0.00406685]
[0.03022674 0.0352167  0.01066829]
[0.02764616 0.04105889 0.01565871]
[0.02550521 0.04696517 0.02019752]
[0.02172189 0.07190378 0.03320323]
[0.02067724 0.08430012 0.0354369 ]
[0.02166388 0.08946959 0.03643983]
[0.02255841 0.10830028 0.04599234]
[0.02285033 0.11197504 0.04968849]
[0.02422023 0.11514357 0.05256507]
[0.02532617 0.11798992 0.05458618]
[0.02306173 0.12597521 0.05716829]
[0.01841277 0.13379705 0.05947378]
[0.01882591 0.1437038  0.05070704]
[0.01911629 0.14485021 0.04946103]
[0.01851687 0.14593117 0.04826934]
[0.01768116 0.1472058  0.04738213]
[0.0157663  0.14907236 0.04460204]
[0.01612872 0.14903064 0.03901128]
[0.01586497 0.1482293  0.03530714]
[0.01572648 0.14723451 0.03246017]
[0.01349237 0.14473459 0.02830675]
[0.0116701  0.14270104 0.02677081]
[0.0085401  0.1401279  0.02481069]
[0.00555298 0.13768321 0.02258129]
[0.00275463 0.13523477 0.02021201]
[-0.0004238   0.12747206  0.01653342]
[-0.00173981  0.12428184  0.01628556]
[-0.00301626  0.1213998   0.01581255]
[-0.00991068  0.12037066  0.01747701]
[-0.02649156  0.12050219  0.02875799]
[-0.02957186  0.11946396  0.02893372]
[-0.0322303   0.11817636  0.02930728]
[-0.03981868  0.11514836  0.02994532]
[-0.05051094  0.11583026  0.02873106]
[-0.05663385  0.11564609  0.02681757]
[-0.06099909  0.11488551  0.02417738]
[-0.06447499  0.11359166  0.02120628]
[-0.06520409  0.09136249  0.0084574 ]
[-0.06244796  0.0828336   0.00452416]
[-0.06178361  0.07886438  0.00297189]
[-0.06281634  0.07541637  0.00014344]
[-0.06448691  0.07154528 -0.00232092]
[-0.06570426  0.06813628 -0.00501349]
[-0.06844243  0.06113849 -0.0092434 ]
[-0.07266266  0.04515511 -0.01592812]
[-0.07152669  0.0345847  -0.02108246]
[-0.07100026  0.02825017 -0.02409801]
[-0.07004374  0.02116433 -0.02498529]
[-0.06968611  0.01386256 -0.02505101]
[-0.06783296 -0.00043868 -0.02593091]
[-0.06676957 -0.00662023 -0.02627152]
[-0.06438075 -0.02795204 -0.02777564]
[-0.06164022 -0.03638643 -0.02792408]
[-0.06105177 -0.03958787 -0.0270733 ]
[-0.05476896 -0.04296713 -0.0293339 ]
[-0.05240122 -0.04099124 -0.0331553 ]
[-0.05155089 -0.03912816 -0.03748776]
[-0.05177386 -0.03746168 -0.04159336]
[-0.05148707 -0.03626528 -0.04568566]
[-0.04163394 -0.04184565 -0.04567264]
[-0.04243916 -0.03935619 -0.04588781]
[-0.04299873 -0.03621108 -0.04711048]
[-0.04320055 -0.03209766 -0.04886286]
[-0.04378873 -0.02821525 -0.05111692]
[-0.04407504 -0.01723001 -0.05777663]
[-0.05104143 -0.00399798 -0.06384356]
[-0.05165698 -0.00386799 -0.06203551]
[-0.05034846 -0.00498774 -0.05969591]
[-0.04883953 -0.00654787 -0.05754106]
[-0.0470471  -0.00875684 -0.05554184]
[-0.04415731 -0.00715196 -0.04334643]
[-0.04377212 -0.00760981 -0.04257055]
[-0.04363067 -0.00774524 -0.04227564]
[-0.04581315 -0.00509503 -0.04380464]
[-0.04702886 -0.0035543  -0.04515062]
[-0.04835779 -0.00214805 -0.04763141]

程序已被终止，正在关闭套接字...
套接字已关闭。
