[-0.18509662  0.0425484  -0.03948718]
[-0.1915231   0.04409318 -0.03722508]
[-0.1683607   0.06322925 -0.02276902]
[-0.18799137  0.04739455 -0.03490924]
[-0.19134367  0.04461657 -0.0356495 ]
[-0.18871584  0.04252305 -0.03444356]
[-0.1889595   0.04095878 -0.0274174 ]
[-0.1678797   0.07003497 -0.01450177]
[-0.1736933   0.10526918  0.00130048]
[-0.1759727   0.10997003  0.00344851]
[-0.17615797  0.1152081   0.00653811]
[-0.17385875  0.1319759   0.0194276 ]
[-0.15699685  0.14495039  0.03396183]
[-0.15211586  0.14525849  0.03610384]
[-0.14645653  0.1450703   0.03829606]
[-0.12914836  0.13612674  0.04083562]
[-0.12769923  0.13232911  0.04027225]
[-0.13740904  0.11981287  0.03859321]
[-0.09048076  0.06050685 -0.01768134]
[-0.08189157  0.04664642 -0.02920463]
[-0.07791692  0.04002424 -0.03448894]
[-0.07155738  0.03393473 -0.0394384 ]
[-0.06696002  0.02923709 -0.04421266]
[-0.06216223  0.02494777 -0.04795523]
[-0.06166861 -0.002821   -0.0601504 ]
[-0.05835156 -0.00733801 -0.06174582]
[-0.04234319 -0.02745608 -0.05985396]
[-0.03983954 -0.03088857 -0.05756063]
[-0.03209905 -0.0383104  -0.05227015]
[-0.02363961 -0.04204791 -0.05219214]
[-0.01571938 -0.04409385 -0.05174085]
[-0.00886046 -0.04529012 -0.04947862]
[ 0.00067118 -0.04797588 -0.03030359]
[ 0.00129428 -0.04885986 -0.02711829]
[ 0.00207528 -0.04976262 -0.02349887]
[ 0.00283406 -0.05138167 -0.01949088]
[ 0.00675098 -0.05372786 -0.00908441]
[ 0.00910167 -0.05429429 -0.00271481]
[ 0.01095449 -0.05488344  0.0038889 ]
[ 0.01191396 -0.05572236  0.00992478]
[ 0.01276999 -0.05672149  0.01583674]
[ 0.01808178 -0.06095147  0.03123607]
[ 0.02087778 -0.06186976  0.03631561]
[ 0.02321236 -0.06246964  0.04084422]
[ 0.02651887 -0.06211285  0.04664403]
[ 0.02969327 -0.06023387  0.05810436]
[ 0.02987116 -0.05876947  0.06399719]
[ 0.03093921 -0.05723163  0.06725073]
[ 0.03538354 -0.0464427   0.08286273]
[ 0.01962016 -0.03107738  0.09502986]
[ 0.00530297 -0.01969643  0.08926719]
[ 0.00498985 -0.01878015  0.0871442 ]
[ 0.00592179 -0.01807342  0.08491258]
[ 0.00865327 -0.0169847   0.08172472]
[ 0.01650428 -0.01158072  0.07217618]
[ 0.01798905 -0.00873603  0.06902603]
[ 0.02091948 -0.00562531  0.06520198]
[0.03385509 0.00285109 0.05288427]
[0.03423203 0.00498854 0.05095391]
[0.03365404 0.01014426 0.04684957]
[0.03381982 0.01219122 0.04508254]
[0.03411081 0.01405035 0.04304277]
[0.03434364 0.01517833 0.04144704]
[0.03460678 0.01584594 0.04014769]
[0.03523955 0.01662748 0.03840444]
[0.03787187 0.01790334 0.03335365]
[0.03963696 0.01856935 0.03104545]
[0.04251931 0.01888303 0.02779465]
[0.04207661 0.01866504 0.0265462 ]
[0.040724   0.01849597 0.02477663]
[0.040724   0.01849597 0.02477663]
[0.02998731 0.02239133 0.01722765]
[0.02737907 0.02369044 0.01761875]
[0.02604132 0.02445503 0.01799556]
[0.01805921 0.02632336 0.02372514]
[0.01146168 0.02578899 0.03540214]
[0.00965948 0.02569085 0.04172396]
[0.00900877 0.02503675 0.04891952]
[0.00833665 0.02387395 0.06868763]
[0.00834822 0.02394206 0.0820268 ]
[0.00742429 0.02490382 0.09595047]
[0.00823938 0.02546817 0.10948334]
[0.00897289 0.02733467 0.12262582]
[0.00816413 0.02839016 0.13391657]
[-0.00165717  0.03726446  0.17306668]
[-0.00423636  0.03956112  0.17238085]
[-0.00730375  0.04210576  0.17129022]
[-0.01261116  0.0461381   0.16628012]
[-0.01451249  0.04791934  0.16292307]
[-0.01612108  0.04919697  0.15807909]
[-0.01720094  0.04986104  0.15292098]
[-0.02365395  0.04756956  0.12758435]
[-0.02552611  0.04698952  0.12420884]
[-0.02569778  0.04388864  0.11214584]
[-0.02604189  0.0388428   0.08206081]
[-0.0261521   0.03693587  0.07232223]
[-0.01797084  0.01750701  0.02203182]
[-0.02897746 -0.00347935 -0.02503177]
[-0.03119677 -0.00573521 -0.03054127]
[-0.03256467 -0.0082029  -0.03526666]
[-0.03588874 -0.01880634 -0.04853272]
[-0.03560732 -0.02034957 -0.05123741]
[-0.03519289 -0.02281061 -0.05648819]
[-0.03507029 -0.02457391 -0.06114543]
[-0.03507029 -0.02457391 -0.06114543]
[-0.03513792 -0.02483616 -0.06305712]
[-0.03510446 -0.02366646 -0.06552733]
[-0.03561911 -0.02291913 -0.06563334]
[-0.04085371 -0.01829136 -0.06144517]
[-0.04251609 -0.0158302  -0.05754904]
[-0.04317655 -0.00767554 -0.05008312]
[-0.04507174 -0.00212973 -0.04738152]
[-0.04864799  0.00472366 -0.04515776]
[-0.05279296  0.01150716 -0.04257922]
[-0.06199892  0.02362257 -0.03448527]
[-0.08002937  0.0419338  -0.01490567]
[-0.09190306  0.0564567  -0.01028904]
[-0.09757722  0.06540355 -0.01007283]
[-0.10910295  0.08872084 -0.01058247]
[-0.11546551  0.10019329 -0.0119412 ]
[-0.12865209  0.11858081 -0.01629546]
[-0.1294373   0.12080546 -0.01584777]
[-0.13859284  0.12789835 -0.01209757]
[-0.14018687  0.12883931 -0.01095243]
[-0.15110646  0.12984702 -0.00898145]
[-0.15458772  0.12926786 -0.00889531]
[-0.15883339  0.12808934 -0.00858796]
[-0.16476155  0.12590814 -0.00607613]
[-0.17659398  0.12150282 -0.00181863]
[-0.18299887  0.11929746 -0.00178521]
[-0.24293512  0.11275223 -0.02883377]
[-0.24293512  0.11275223 -0.02883377]
[-0.24566805  0.1074781  -0.02888641]
[-0.24658474  0.10264672 -0.02935294]
[-0.25260178  0.09519534 -0.02957849]
[-0.25942113  0.09187745 -0.02952223]
[-0.26516867  0.08805083 -0.02971313]
[-0.26749329  0.0841525  -0.02990773]
[-0.26985162  0.07650674 -0.0316227 ]
[-0.27113231  0.07293261 -0.03252451]
[-0.27221532  0.0691916  -0.03289675]
[-0.27238055  0.0663175  -0.03374454]
[-0.27106709  0.06340136 -0.03445971]
[-0.26809728  0.05863919 -0.03478082]
[-0.26713049  0.05559471 -0.03575401]
[-0.26645775  0.05187423 -0.03797767]
[-0.26556873  0.04660243 -0.04040642]
[-0.26146092  0.00542028 -0.05870234]
[-0.26101799 -0.00213091 -0.06347311]
[-0.26396449 -0.01615668 -0.07249856]
[-0.26607265 -0.02310488 -0.07809901]
[-0.26999617 -0.0304841  -0.08575448]
[-0.27225158 -0.03868832 -0.09544202]
[-0.27125376 -0.04583994 -0.10392939]
[-0.26018271 -0.08329064 -0.15382837]
[-0.26018271 -0.08329064 -0.15382837]
[-0.19073648 -0.11141395 -0.15591364]
[-0.10095277 -0.10394748 -0.12302946]
[-0.06706626 -0.09655355 -0.10978097]
[-0.05106773 -0.09073569 -0.1021084 ]
[ 0.00381552 -0.07019244 -0.08027197]
[ 0.02456464 -0.06236869 -0.0700359 ]
[ 0.03214937 -0.0595494  -0.06596193]
[ 0.04088413 -0.05760577 -0.06140516]
[ 0.04838439 -0.05612993 -0.05755485]
[ 0.05497227 -0.05547289 -0.05428666]
[ 0.06375751 -0.05860612 -0.04937418]
[ 0.08631585 -0.05996092 -0.0383594 ]
[ 0.09052155 -0.05985725 -0.03547355]
[ 0.09416958 -0.05789619 -0.01633464]
[ 0.0944784  -0.05584603 -0.00896259]
[ 0.09492654 -0.05347152  0.00053824]
[ 0.09869877 -0.03507832  0.04553724]
[ 0.10376365 -0.0289561   0.05956886]
[ 0.12320585 -0.00180393  0.11598571]
[0.12521619 0.00479373 0.1262303 ]
[0.12811515 0.0125476  0.13604353]
[0.13629398 0.04394132 0.16453317]
[0.13769371 0.05141737 0.16809198]
[0.1389576  0.06421553 0.17437021]
[0.13941977 0.07924553 0.18472721]
[0.14056695 0.10986117 0.206496  ]
[0.13951585 0.11233913 0.20851865]
[0.13886533 0.11297674 0.2095712 ]
[0.13776395 0.11343785 0.20951563]
[0.14096764 0.11034134 0.20558874]
[0.13972784 0.1098918  0.20496452]
[0.13864354 0.11261278 0.20070185]
[0.13836671 0.11191242 0.19911441]
[0.13837982 0.11084814 0.19755834]
[0.13794765 0.10965122 0.19564195]
[0.13478944 0.10829503 0.18960094]
[0.13188616 0.10757388 0.18610497]
[0.12820349 0.10643326 0.18223032]
[0.1230833  0.10524773 0.17714337]
[0.11327828 0.10354164 0.16382141]
[0.09797644 0.09825559 0.14694519]
[0.09797644 0.09825559 0.14694519]
[0.08386554 0.09098151 0.12343178]
[0.08041026 0.08899626 0.11659051]
[0.07795027 0.08713665 0.10836893]
[0.07562687 0.0856633  0.10148147]
[0.07124584 0.08408069 0.09573668]
[0.06153532 0.08174331 0.08731617]
[0.05573246 0.08108312 0.08230812]
[0.05041324 0.0801635  0.07710751]
[0.04481532 0.07925662 0.07156483]
[0.0292364  0.07167909 0.05062043]
[0.02653069 0.06827121 0.04549572]
[0.02400071 0.06382447 0.03995541]
[0.01982281 0.05662261 0.03148368]
[0.01780221 0.05403062 0.02755279]
[0.01597366 0.05168178 0.02365509]
[0.01432212 0.04971574 0.0202396 ]
[0.01156185 0.04757888 0.01655744]
[0.00073784 0.04259915 0.0042953 ]
[-0.00063021  0.04144557  0.00233845]
[-0.00686928  0.02724922 -0.00762027]
[-0.00880414  0.02357632 -0.00855398]
[-0.01183082  0.0200454  -0.00975052]
[-0.01762488  0.00267875 -0.00882809]
[-0.01845942 -0.00024532 -0.00751185]
[-0.02513524 -0.00097546 -0.00325114]
[-0.01992343  0.0020756  -0.00069602]
[-0.02345544 -0.00483605  0.00072664]
[-0.02601691 -0.00634602  0.00291243]
[-0.02772371 -0.00721597  0.00336216]
[-0.03426339 -0.01082731  0.00374652]
[-0.03846191 -0.01272521  0.00348597]
[-0.03987207 -0.01351541  0.00298318]
[-0.04182692 -0.0137632   0.00093899]
[-0.04387189 -0.01244337 -0.00200134]
[-0.04759488 -0.01009338 -0.00499164]
[-0.0906101  -0.01645702 -0.01117962]
[-0.09694356 -0.0170531  -0.01031941]
[-0.12424464 -0.01229079 -0.02033783]
[-0.12592715 -0.01265153 -0.02178443]
[-0.12924565 -0.01311084 -0.02385441]
[-0.15061382 -0.01565346 -0.03123661]
[-0.15602661 -0.01707963 -0.03354229]
[-0.16370219 -0.01915424 -0.03523289]
[-0.1854816  -0.02629708 -0.03403818]
[-0.18995793 -0.02715441 -0.03127214]
[-0.19304565 -0.02801569 -0.02915432]
[-0.19287734 -0.02883846 -0.02673998]
[-0.19123401 -0.03023402 -0.02509574]
[-0.18733274 -0.03374644 -0.02185723]
[-0.18491186 -0.03516585 -0.0197998 ]
[-0.18264567 -0.03715008 -0.01375536]
[-0.18214752 -0.03697148 -0.01108955]
[-0.18378036 -0.03629158 -0.00745446]
[-0.18708668 -0.03086879 -0.00113191]
[-0.18708668 -0.03086879 -0.00113191]
[-0.17251787 -0.01978683  0.01024419]
[-0.1580292  -0.00786229  0.01193969]
[-0.1577716  -0.00531206  0.00996782]
[-0.15727146 -0.0020831   0.00793574]
[-0.15133867  0.00639152  0.00421133]
[-0.14998735  0.01034799  0.00330076]
[-0.14907399  0.01204387  0.00312918]
[-0.15181969  0.01932154  0.00468639]
[-0.1528619   0.02741413  0.00563413]
[-0.15073589  0.03210528  0.00655438]
[-0.14782129  0.03789812  0.00793724]
[-0.14019264  0.05246641  0.01455855]
[-0.13714486  0.05775243  0.0167791 ]
[-0.1335762   0.06408578  0.01901138]
[-0.13238696  0.07035014  0.02206077]
[-0.12939111  0.07653114  0.02515493]
[-0.12248761  0.09472173  0.03188769]
[-0.11783241  0.10724559  0.03599717]
[-0.1135987   0.11626615  0.04030888]
[-0.11071273  0.12429149  0.04163518]
[-0.10904997  0.12842748  0.04139077]
[-0.10332898  0.13630278  0.038148  ]

程序已被终止，正在关闭套接字...
套接字已关闭。
