[-0.14734914  0.04777415 -0.0438159 ]
[-0.14747637  0.04641269 -0.0445985 ]
[-0.15014741  0.04904962 -0.03611653]
[-0.17713312  0.0490813  -0.04352528]
[-0.17588118  0.05136379 -0.046181  ]
[-0.17328726  0.05413151 -0.04663603]
[-0.17137524  0.05646695 -0.04608645]
[-0.17084354  0.05859887 -0.04394381]
[-0.16995382  0.06014137 -0.04189028]
[-0.12813989  0.06577662 -0.04258086]
[-0.11825226  0.07574423 -0.03769531]
[-0.11115634  0.09734026 -0.02199356]
[-0.0930315   0.13884278  0.00898191]
[-0.08937005  0.14308242  0.01393371]
[-0.08656193  0.14659432  0.01834448]
[-0.07972086  0.15851143  0.03110238]
[-0.06755566  0.16726291  0.05190253]
[-0.06647416  0.16764484  0.05537912]
[-0.06415577  0.16866893  0.06146108]
[-0.06191215  0.16885282  0.06339919]
[-0.05620251  0.16962059  0.06672321]
[-0.05287717  0.16974171  0.06800393]
[-0.04780269  0.16938575  0.07392721]
[-0.04567894  0.1692345   0.07645331]
[-0.04352851  0.16938138  0.07859557]
[-0.04101283  0.16985925  0.07911035]
[-0.02241821  0.14669299  0.0433762 ]
[-0.02152213  0.1434615   0.03903128]
[-0.01096787  0.12892339  0.01355722]
[-0.00704638  0.12326017  0.00357971]
[-0.00466638  0.11996341 -0.00083076]
[ 0.00303819  0.10834505 -0.01280014]
[ 0.00654965  0.10145536 -0.016808  ]
[ 0.00898852  0.09856576 -0.01836615]
[ 0.01074078  0.09541003 -0.01869428]
[ 0.01126022  0.08828169 -0.01740068]
[ 0.009696    0.0864385  -0.01644269]
[ 0.00773031  0.0844561  -0.01516611]
[ 0.00756533  0.08232045 -0.01368583]
[ 0.00879169  0.0798794  -0.01171966]
[ 0.01309693  0.07472955 -0.00731699]
[ 0.01566971  0.07193011 -0.00347988]
[0.02098463 0.06736465 0.00609928]
[0.02098463 0.06736465 0.00609928]
[0.02552312 0.06401611 0.01675553]
[0.02784075 0.05982266 0.02897281]
[0.02784075 0.05982266 0.02897281]
[0.02907383 0.05717195 0.03638221]
[0.02969623 0.05470763 0.04462164]
[0.02977768 0.05066777 0.07923124]
[0.02823879 0.05280881 0.08886144]
[0.02258117 0.06074423 0.10646317]
[0.02127375 0.06533093 0.11350349]
[0.02015116 0.07118078 0.12021027]
[0.01928899 0.07868369 0.12549563]
[0.02078917 0.09884521 0.13302124]
[0.01957347 0.10973454 0.13437554]
[0.01364294 0.1537568  0.13430247]
[0.01364294 0.1537568  0.13430247]
[0.01267367 0.1650247  0.13338371]
[0.0129122  0.20959261 0.12595473]
[0.01909109 0.25464195 0.10714961]
[0.02178297 0.26162267 0.10082482]
[0.01909234 0.2651251  0.09625205]
[0.01663629 0.26461414 0.09602604]
[0.00984336 0.26327145 0.09778374]
[0.00225944 0.26119035 0.10007576]
[-0.00342628  0.259175    0.10139917]
[-0.00110097  0.25881097  0.10083784]
[0.00392767 0.25893301 0.10008255]
[0.01540091 0.24932002 0.09045546]
[0.01787773 0.2458645  0.08696276]
[0.01971135 0.24382471 0.08599427]
[0.02198698 0.24153534 0.08566265]
[0.02765506 0.23564394 0.08464967]
[0.02865199 0.23326612 0.08491058]
[0.03412775 0.22931319 0.08855961]
[0.03412775 0.22931319 0.08855961]
[0.04565669 0.22499728 0.0976054 ]
[0.05549998 0.21892618 0.10440681]
[0.05886186 0.21525498 0.10639516]
[0.1060176  0.20278853 0.1151922 ]
[0.11576129 0.20069849 0.11517939]
[0.12574554 0.19725366 0.11538557]
[0.14742441 0.18894729 0.11972562]
[0.18735466 0.18349047 0.12477988]
[0.21355031 0.18151534 0.12857996]
[0.21872852 0.18106002 0.12860036]
[0.22417349 0.18115844 0.12728609]
[0.22825224 0.1811493  0.12454001]
[0.23338846 0.18191777 0.12010729]
[0.2352804  0.18207891 0.11981495]
[0.23829955 0.18125832 0.12177143]
[0.24769366 0.1613045  0.12784767]
[0.24769366 0.1613045  0.12784767]
[0.24941519 0.15573569 0.12531117]
[0.25539357 0.12957653 0.1138567 ]
[0.25770781 0.12521727 0.10881043]
[0.26032031 0.12266854 0.10135819]
[0.25745851 0.11463464 0.08171175]
[0.25443805 0.10985852 0.07249086]
[0.2524753  0.10662135 0.06410075]
[0.25085223 0.1026322  0.05879144]
[0.24977354 0.09146416 0.04990214]
[0.24798993 0.08378678 0.04762465]
[0.24441931 0.0765751  0.04470921]
[0.24117807 0.07090373 0.04090946]
[0.23733786 0.06632421 0.036525  ]
[0.23098729 0.05914111 0.02597743]
[0.22911573 0.05559713 0.02259576]
[0.22780267 0.05224515 0.01959002]
[0.22759715 0.04899617 0.01682778]
[0.22374389 0.04169345 0.01147015]
[0.22053666 0.03741037 0.00938246]
[0.21490557 0.02793313 0.00657531]
[0.21424741 0.02234181 0.00766189]
[0.21439377 0.01633553 0.01095729]
[0.21340341 0.00771641 0.01878844]
[0.21090589 0.00515665 0.02154425]
[0.2071884  0.00406651 0.02363593]
[0.2010856  0.00328434 0.02613654]
[0.20018948 0.00389762 0.02662541]
[0.20047188 0.00479878 0.02709727]
[0.20160309 0.00647319 0.02924208]
[0.20160309 0.00647319 0.02924208]
[0.20199943 0.00588463 0.03204177]
[0.20151339 0.00405678 0.03423134]
[ 0.19956634 -0.00174098  0.03760312]
[ 0.19778386 -0.00432798  0.03901853]
[ 0.19710857 -0.00745994  0.04275157]
[ 0.19559858 -0.01087307  0.0511021 ]
[ 0.19574634 -0.01223376  0.05486239]
[ 0.19380683 -0.01204829  0.05794971]
[ 0.18908188 -0.00895583  0.05942684]
[ 0.18908188 -0.00895583  0.05942684]
[ 0.18407187 -0.00416742  0.05846537]
[ 0.18201087 -0.00030644  0.05578253]
[0.18158416 0.00026929 0.05317985]
[0.18191538 0.00043356 0.05116475]
[0.18162799 0.00105955 0.04965681]
[0.1810931  0.00215529 0.05066952]
[0.18115831 0.00284203 0.05183164]
[0.18178669 0.0046865  0.05431862]
[0.18178669 0.0046865  0.05431862]
[0.18062163 0.00653297 0.05552917]
[0.1773614  0.00941283 0.05849811]
[0.17265714 0.01761007 0.06341303]
[0.16456527 0.02999421 0.0679678 ]
[0.15887628 0.03560342 0.06985891]
[0.15348876 0.04086569 0.07128381]
[0.14632854 0.0499252  0.07318939]
[0.14441276 0.05400009 0.07505029]
[0.14404718 0.05742588 0.07662731]
[0.14175276 0.06406015 0.07929946]
[0.14175276 0.06406015 0.07929946]
[0.13781089 0.07022395 0.07961242]
[0.13889555 0.07082123 0.078725  ]
[0.13889555 0.07082123 0.078725  ]
[0.14156643 0.06918807 0.07857159]
[0.14404825 0.06809473 0.07914116]
[0.14752544 0.06825589 0.08249223]
[0.14859009 0.06980185 0.08461822]
[0.15109325 0.07154285 0.08761264]
[0.15859181 0.0751258  0.0960792 ]
[0.16254172 0.07735855 0.10032323]
[0.16634855 0.08017009 0.10505406]
[0.17104051 0.08617726 0.11179278]
[0.17104051 0.08617726 0.11179278]
[0.18034724 0.09041015 0.11914298]
[0.18494607 0.09211342 0.12300406]
[0.18906108 0.09392119 0.12607701]
[0.19240559 0.09583195 0.12872691]
[0.19514141 0.09787131 0.13100192]
[0.19840706 0.09936737 0.13296482]
[0.20167891 0.10093964 0.13534333]
[0.20502234 0.10335958 0.13742621]
[0.20761949 0.10606372 0.13999632]
[0.2094631  0.10932193 0.14269473]
[0.21034757 0.11281876 0.14568816]
[0.21059886 0.11612041 0.14833724]
[0.207797   0.12576661 0.15190461]
[0.20539314 0.1310761  0.15145482]
[0.20242221 0.13685565 0.15103194]
[0.19675747 0.14885743 0.15096104]
[0.19362537 0.15507947 0.15151685]
[0.18853501 0.16189033 0.15237033]
[0.17527885 0.17501354 0.1540457 ]
[0.16629395 0.17980038 0.15527496]
[0.15789533 0.18455644 0.15580748]
[0.13761873 0.19231951 0.15684271]
[0.12749583 0.19630103 0.15759385]
[0.11832998 0.1995699  0.158215  ]
[0.10029302 0.20539327 0.15709814]
[0.09355799 0.20686659 0.15540229]
[0.08871695 0.2078681  0.15408106]
[0.08246391 0.20851259 0.15226714]
[0.0802963  0.20814629 0.15068644]
[0.07405665 0.2058598  0.145886  ]
[0.07085017 0.20426165 0.14388478]
[0.06798776 0.20256148 0.142171  ]
[0.06601193 0.20051219 0.14003958]
[0.06277665 0.19543909 0.13632359]
[0.06165001 0.19248757 0.13501415]
[0.06089028 0.1895868  0.13418706]
[0.05955974 0.18414178 0.13234255]
[0.05834258 0.18131176 0.1303899 ]
[0.05587228 0.17850018 0.12823418]
[0.05335975 0.17612953 0.12625369]
[0.05076664 0.17388687 0.12344265]
[0.04754571 0.16907543 0.11926182]
[0.04691004 0.16257814 0.11543008]
[0.0476022  0.15835524 0.11360468]
[0.04741441 0.1537797  0.11153015]
[0.04667451 0.14548282 0.10915335]
[0.04603336 0.14146632 0.1084312 ]
[0.04504094 0.13761835 0.10754122]
[0.04445328 0.13349409 0.10691807]
[0.0449175  0.12663521 0.10601197]
[0.04609451 0.1237525  0.10549964]
[0.04491722 0.12067647 0.10388099]
[0.04491722 0.12067647 0.10388099]
[0.04463259 0.1214421  0.10262555]
[0.04485345 0.12282155 0.09997649]
[0.04535646 0.12322662 0.09370477]
[0.04410194 0.12157635 0.08988239]
[0.04120799 0.11932333 0.08671419]
[0.03741128 0.11666895 0.08343053]
[0.02856915 0.1108641  0.07416131]
[0.02410706 0.10780118 0.06801136]
[0.01948707 0.10526706 0.05835437]
[0.01432326 0.10336377 0.04450892]
[0.01009945 0.10347611 0.02564103]
[ 0.00822403  0.1085994  -0.02235065]
[ 0.00828282  0.11092873 -0.05250234]
[ 0.00933017  0.11407713 -0.08330781]
[ 0.00565673  0.1163336  -0.11100563]
[ 0.01204423  0.12423506 -0.15668917]
[ 0.01571009  0.12687436 -0.17344762]
[ 0.01873951  0.12886092 -0.185883  ]
[ 0.0187032   0.12920061 -0.19562955]
[ 0.01741072  0.12896681 -0.20278603]
[ 0.01779554  0.12799768 -0.20849104]
[ 0.01780025  0.12680545 -0.21459852]
[ 0.01981179  0.12619311 -0.22017995]
[ 0.02491958  0.12529959 -0.2281962 ]
[ 0.02998308  0.12510006 -0.23015592]
[ 0.03595695  0.12702164 -0.23915456]
[ 0.03525782  0.12740584 -0.24370269]
[ 0.03590927  0.13064356 -0.2376584 ]
[ 0.03590927  0.13064356 -0.2376584 ]
[ 0.03946207  0.13206206 -0.229985  ]
[ 0.04215003  0.13212743 -0.21666464]
[ 0.04301593  0.13217349 -0.21132748]
[ 0.04340827  0.13251628 -0.20683691]
[ 0.04399597  0.13317466 -0.20362698]
[ 0.04341691  0.13413627 -0.19771414]
[ 0.04258942  0.13428295 -0.19414982]
[ 0.04113711  0.13425091 -0.18972674]
[ 0.04032046  0.13403334 -0.18442792]
[ 0.04230928  0.13650134 -0.17223437]
[ 0.04350401  0.14306001 -0.15774027]
[ 0.04588359  0.14674358 -0.15023829]
[ 0.04885801  0.15066969 -0.14202993]
[ 0.0561433   0.16074415 -0.12397645]
[ 0.05742163  0.16831163 -0.10634442]
[ 0.05919506  0.17703161 -0.0817173 ]
[ 0.06157564  0.20298471 -0.00542934]
[0.05956933 0.21112245 0.05544022]
[0.06057861 0.21196535 0.08055013]
[0.06639015 0.21158361 0.12167305]
[0.07158366 0.21177548 0.14986973]
[0.07352679 0.21234488 0.16155913]
[0.07641861 0.21258114 0.1727652 ]
[0.080753   0.21202722 0.1845414 ]
[0.09138987 0.20941269 0.20676731]
[0.09480967 0.20792988 0.2150303 ]
[0.09625188 0.20746461 0.22281346]
[0.09556687 0.20729496 0.23001139]
[0.09440536 0.20704654 0.23783697]
[0.09179062 0.20499477 0.25810218]
[0.09656384 0.20440768 0.28227177]
[0.09656384 0.20440768 0.28227177]
[0.10085881 0.20097671 0.2933096 ]
[0.10873095 0.1950544  0.31314102]
[0.11145241 0.19331084 0.31960484]
[0.11288322 0.19281355 0.32363757]
[0.11386714 0.19208239 0.32584631]
[0.11386714 0.19208239 0.32584631]
[0.11278633 0.19083767 0.32314995]
[0.11162338 0.18958127 0.31980041]
[0.11160532 0.18872198 0.31743231]
[0.11161456 0.18779738 0.31481746]
[0.11126295 0.18293695 0.30911347]
[0.10948849 0.1813394  0.30798352]
[0.1057936  0.18004638 0.30757245]
[0.10209999 0.17921105 0.3074024 ]
[0.09791403 0.1770668  0.30721804]
[0.10164798 0.17318963 0.3066929 ]
[0.10427157 0.16854    0.30678302]
[0.1051623  0.16482331 0.30638194]
[0.10349128 0.16232933 0.30678472]
[0.10029197 0.16188946 0.30732203]
[0.09415915 0.1635855  0.30517307]
[0.08961173 0.16467895 0.30194607]
[0.08223215 0.16572306 0.29662561]
[0.07315462 0.16681011 0.28999364]
[0.05440656 0.16802861 0.27721149]
[0.04375245 0.16813658 0.27208862]
[0.02963843 0.16811909 0.26664928]
[0.01767712 0.16828108 0.26126814]
[-0.00272488  0.16585754  0.25129461]
[-0.01184318  0.16379163  0.24247536]
[-0.01985002  0.16214935  0.23370515]
[-0.02479618  0.16084552  0.22618589]
[-0.02794625  0.15865324  0.2188496 ]
[-0.03373414  0.1534173   0.2052256 ]
[-0.03606875  0.14922044  0.19728082]
[-0.03808606  0.14619     0.18698092]
[-0.03972075  0.14306769  0.17402919]
[-0.04138112  0.13953616  0.15829159]
[-0.04340863  0.1358909   0.14050575]
[-0.04599197  0.12629272  0.10423469]
[-0.04879248  0.12129427  0.08983514]
[-0.05109273  0.11589158  0.07531555]
[-0.05478877  0.11147703  0.06298395]
[-0.06050727  0.10142994  0.04304802]
[-0.06211786  0.09670835  0.03380578]
[-0.06240907  0.0921515   0.0254354 ]
[-0.0593528   0.08443801  0.0091713 ]
[-0.05761845  0.0806945   0.00161211]
[-0.05314465  0.07326373 -0.01079598]
[-0.05314465  0.07326373 -0.01079598]
[-0.05123784  0.06797799 -0.0169246 ]
[-0.04670919  0.05697323 -0.02500327]
[-0.03906863  0.04862628 -0.02798995]
[-0.03474748  0.04549558 -0.02901084]
[-0.03208421  0.04233719 -0.02986501]
[-0.02544449  0.03782992 -0.03108628]
[-0.02188539  0.03615025 -0.03052183]
[-0.01740892  0.03474234 -0.02975512]
[-0.01237712  0.03298489 -0.02816341]
[-0.00657676  0.03132223 -0.02588663]
[ 0.00440199  0.0293511  -0.02197018]
[ 0.00979919  0.02923813 -0.02002469]
[ 0.02563047  0.03056066 -0.01680169]
[ 0.02563047  0.03056066 -0.01680169]
[ 0.05202655  0.03507353 -0.01130372]
[ 0.06961534  0.03913744 -0.00951354]
[ 0.07964436  0.04263878 -0.00818161]
[ 0.08741451  0.04620532 -0.00757028]
[ 0.09391633  0.05041883 -0.00738029]
[ 0.09937008  0.05464971 -0.00579097]
[ 0.11111889  0.06210996 -0.00207651]
[0.11643467 0.06481075 0.00044716]
[0.12032739 0.06829186 0.00297651]
[0.12334657 0.07109182 0.00455648]
[0.12507517 0.07387454 0.00629841]
[0.12770916 0.07826062 0.01074293]
[0.12887931 0.08028794 0.01329589]
[0.12978033 0.08245386 0.01579279]
[0.13143895 0.08788951 0.02240442]
[0.13170851 0.09098746 0.02721976]
[0.13138331 0.09474758 0.03322835]
[0.13220978 0.09802613 0.04010303]
[0.1353516  0.10119906 0.04678492]
[0.14708177 0.10701964 0.05950695]
[0.1576227  0.114446   0.06915177]
[0.16042433 0.1194843  0.07366648]
[0.16329137 0.12589881 0.07784442]
[0.16570113 0.13880138 0.08478481]
[0.16616575 0.14466554 0.08635365]
[0.16599393 0.14848514 0.08694571]
[0.16565079 0.15157185 0.08612023]
[0.16401485 0.15339221 0.08452583]
[0.16243101 0.15392497 0.08247972]
[0.15900919 0.15399317 0.07879812]
[0.1574699  0.15236533 0.07604505]
[0.1574699  0.15236533 0.07604505]
[0.15786392 0.15056841 0.07451719]
[0.15936545 0.14819719 0.07364105]
[0.16341925 0.14415802 0.07136999]
[0.16483752 0.14231072 0.06994344]
[0.1656822  0.14080356 0.06796984]
[0.16889099 0.13678466 0.06250133]
[0.17130855 0.13539706 0.05906697]
[0.17285479 0.13405836 0.05528926]
[0.17464117 0.13263805 0.05178184]
[0.17402796 0.13092077 0.04864927]
[0.17245383 0.12914287 0.04622133]
[0.16570646 0.1231926  0.04200654]
[0.16211025 0.1191979  0.04059657]
[0.15993947 0.11501304 0.03953214]
[0.15759287 0.11132117 0.03946516]
[0.15394804 0.10573194 0.04034775]
[0.15183345 0.10298166 0.0407729 ]
[0.14977304 0.10009386 0.04034737]
[0.14841307 0.09733249 0.04000057]
[0.14772186 0.09438957 0.03929947]
[0.1469799  0.08888043 0.03567232]
[0.14765394 0.08696368 0.03354498]
[0.14713729 0.08520521 0.03142912]
[0.14658708 0.08334082 0.0302991 ]
[0.14460794 0.07739443 0.02950859]
[0.14483753 0.07357565 0.03085773]
[0.14580525 0.06986694 0.0314772 ]
[0.14651901 0.06596187 0.03076189]
[0.14885909 0.06215262 0.02866472]
[0.14858264 0.06118732 0.02820365]
[0.1485383  0.06142088 0.02901419]
[0.14737896 0.06058448 0.0304675 ]
[0.14656619 0.05979576 0.03201549]
[0.14656973 0.05714173 0.03455737]
[0.14591268 0.0545491  0.03543454]
[0.14591268 0.0545491  0.03543454]
[0.14487002 0.05317819 0.03548037]
[0.14283673 0.05173856 0.03489102]
[0.13833479 0.04914878 0.03403763]
[0.13695542 0.04811708 0.0333501 ]
[0.13553882 0.04767192 0.03232677]
[0.13401864 0.04760787 0.03158151]
[0.13204685 0.04808609 0.03118526]
[0.12892467 0.04896637 0.03103292]
[0.12843058 0.04950361 0.03116615]
[0.1280413  0.05003371 0.0308504 ]
[0.12563754 0.0528243  0.02866231]
[0.12563754 0.0528243  0.02866231]
[0.1233998  0.05590732 0.02678389]
[0.12261636 0.05791466 0.02602486]
[0.12102268 0.05947351 0.02525322]
[0.11882991 0.06125614 0.02375001]
[0.11530614 0.06270134 0.02303289]
[0.11355734 0.06306615 0.02302835]
[0.1117217  0.06346054 0.02148885]
[0.1117217  0.06346054 0.02148885]
[0.1107924  0.0642138  0.01998804]
[0.11002499 0.06455821 0.01847738]
[0.10877136 0.06489318 0.01770733]
[0.10570074 0.06492288 0.01793207]
[0.1037919  0.06538644 0.01877183]
[0.10236067 0.0659906  0.01933592]
[0.10085154 0.06811576 0.01699043]
[0.10033432 0.06929621 0.01421466]

程序已被终止，正在关闭套接字...
套接字已关闭。
