YAML 文件验证通过
init data completed...
[0.4642857142857143, 0.5, 0.3333333333333333, 0.42424242424242425, 0.6153846153846154, 0.5869565217391305, 0.0, 0.0, 0.4847499507677031, 0.48476163379092974, 0.4482750949622568, 0.5471903805757293, 0.038249491314802854, 0.038249491314802854, 0.9589755404740572, 0.0, 0.0, 0.0, 0.02192866327241063, 0.4930052305571735, 0.49299462232738733, 0.0, -0.0, 0.0, 0.5, 0.0, 0.6976744186046512, 0.014621510170400143, 0.0]
[0.4642857142857143, 0.5, 0.3333333333333333, 0.42424242424242425, 0.6153846153846154, 0.5869565217391305, 0.0, 0.0, 0.5047120890699427, 0.5047237475190747, 0.46209644621690416, 0.5340539392567452, 0.19505529531410765, 0.19505529531410765, 0.9025785997509956, 0.0, 0.0, 0.0, 0.037797870486974715, 0.46901872009038925, 0.46191951632499695, 0.0, -0.0, 0.0, 0.5, 0.0459287129342556, 0.5425844358843427, 0.03909739479422569, 0.1236362848430872]
[0.4642857142857143, 0.5, 0.3333333333333333, 0.42424242424242425, 0.6153846153846154, 0.5869565217391305, 0.0, 0.0, 0.536632159927835, 0.536636977874982, 0.47065450504678613, 0.5276240126985843, 0.05284613796642849, 0.05284613796642849, 0.9652075450867414, 0.0, 0.0, 0.0, 0.01874188696965575, 0.4967054983135313, 0.49695413699373603, 0.0, -0.0, 0.0, 0.5, 0.0, 0.6976744186046512, 0.03129185363650322, 0.0]
[0.4642857142857143, 0.5, 0.3333333333333333, 0.42424242424242425, 0.6153846153846154, 0.5869565217391305, 0.0, 0.0, 0.5252286517141426, 0.5252369399508372, 0.4707736288612249, 0.5261291783530165, 0.05209234144006457, 0.05209234144006457, 0.9658668097108603, 0.0, 0.0, 0.0, 0.018860219977796078, 0.496664275880903, 0.4969049065839499, 0.0, -0.0, 0.0, 0.5, 0.0, 0.6976744186046512, 0.029716866090893745, 0.0]
[0.4642857142857143, 0.5, 0.3333333333333333, 0.42424242424242425, 0.6153846153846154, 0.5869565217391305, 0.0, 0.0, 0.49779808436507933, 0.4978098776155858, 0.4565442308185205, 0.5387293466823684, 0.046840850263834, 0.046840850263834, 0.9659217726439238, 0.0, 0.0, 0.0, 0.02063252655789256, 0.4959334498271346, 0.49610969005152583, 0.0, -0.0, 0.0, 0.5, 0.0, 0.6976744186046512, 0.024129126220941544, 0.0]
[0.4642857142857143, 0.5, 0.3333333333333333, 0.42424242424242425, 0.6153846153846154, 0.5869565217391305, 0.0, 0.0, 0.4956078902171857, 0.49561967118064487, 0.456088135620832, 0.5391795042089427, 0.04639176119651114, 0.04639176119651114, 0.9647360928356647, 0.0, 0.0, 0.0, 0.02220757994800806, 0.4951594523154199, 0.49535105749964714, 0.0, -0.0, 0.0, 0.5, 0.0, 0.6976744186046512, 0.021789228543639183, 0.0]
[0.4642857142857143, 0.5, 0.3333333333333333, 0.42424242424242425, 0.6153846153846154, 0.5869565217391305, 0.889676570892334, 0.8878130912780762, 0.3494711478399273, 0.3494814960268214, 0.4658606732780573, 0.5315964314900616, 0.06893523569617953, 0.06893523569617953, 0.9239643774926662, 0.0, 0.0, 0.0, 0.05491418503224849, 0.48400629311800003, 0.4851051429286599, 0.0, -0.0, 0.0, 0.5, 0.047061335295438766, 0.6257480417573175, 0.021319478750228882, 0.0]
[0.4642857142857143, 0.5, 0.3333333333333333, 0.42424242424242425, 0.6153846153846154, 0.5869565217391305, 0.06167304143309593, 0.061355333775281906, 0.4370629940160602, 0.4370744248877064, 0.5003674603334448, 0.49495487499824625, 0.047856973750250685, 0.047856973750250685, 0.9515294972807169, 0.0, 0.0, 0.0, 0.028856954537332054, 0.4884893074631691, 0.48836993146687746, 0.0, -0.0, 0.0, 0.5, 0.0, 0.6976744186046512, 0.019526105374097824, 0.0]
[0.4642857142857143, 0.5, 0.3333333333333333, 0.42424242424242425, 0.6153846153846154, 0.5869565217391305, 0.0, 0.0, 0.4470678045918335, 0.44707934943029576, 0.5088612611332541, 0.4861840572178883, 0.04351794586649963, 0.04351794586649963, 0.9550182409584522, 0.0, 0.0, 0.0, 0.026662765257060527, 0.49005151726305485, 0.48993887566030025, 0.0, -0.0, 0.0, 0.5, 0.0, 0.6976744186046512, 0.018176676705479622, 0.0]
[0.4642857142857143, 0.5, 0.3333333333333333, 0.42424242424242425, 0.6153846153846154, 0.5869565217391305, 0.0, 0.0, 0.44625034911226813, 0.4462618825540488, 0.5179662930122069, 0.4771734589549775, 0.039831463779721944, 0.039831463779721944, 0.9574800729751587, 0.0, 0.0, 0.0, 0.026146991550922392, 0.49132123216986656, 0.491277065128088, 0.0, -0.0, 0.0, 0.5, 0.0, 0.6976744186046512, 0.01622091606259346, 0.0]
[0.4642857142857143, 0.5, 0.3333333333333333, 0.42424242424242425, 0.6153846153846154, 0.5869565217391305, 0.0, 0.0, 0.4441193918880951, 0.44413091393319415, 0.5204254119847518, 0.47477230920339814, 0.038094517907926014, 0.038094517907926014, 0.9584699906408787, 0.0, 0.0, 0.0, 0.025508601032197473, 0.491940819658339, 0.4919375590980053, 0.0, -0.0, 0.0, 0.5, 0.0, 0.6976744186046512, 0.015322170220315456, 0.0]
[0.4642857142857143, 0.5, 0.3333333333333333, 0.42424242424242425, 0.6153846153846154, 0.5869565217391305, 0.0, 0.0, 0.4394622576168345, 0.43947373407520707, 0.5203387501932695, 0.47485299201079534, 0.03708221417452608, 0.03708221417452608, 0.9589812811464071, 0.0, 0.0, 0.0, 0.024990399554371833, 0.4922473612241447, 0.49226471688598394, 0.0, -0.0, 0.0, 0.5, 0.0, 0.6976744186046512, 0.014806684106588364, 0.0]
[0.4642857142857143, 0.5, 0.3333333333333333, 0.42424242424242425, 0.6153846153846154, 0.5869565217391305, 0.44073352217674255, 0.43985962867736816, 0.30548891465021133, 0.3054988069698414, 0.47601611379455655, 0.5214836914903525, 0.04077237897685596, 0.04077237897685596, 0.9429049845784903, 0.0, 0.0, 0.0, 0.038793803192675114, 0.4890890512615442, 0.48942164331674576, 0.0, -0.0, 0.0, 0.5, 0.0, 0.6976744186046512, 0.01568489335477352, 0.0]
[0.4642857142857143, 0.5, 0.3333333333333333, 0.42424242424242425, 0.6153846153846154, 0.5869565217391305, 0.07627949863672256, 0.0755893886089325, 0.40160783207895195, 0.4016189438435133, 0.44793404356699373, 0.5475278676588216, 0.0372595273490463, 0.0372595273490463, 0.9576100576668978, 0.0, 0.0, 0.0, 0.02384776137769222, 0.4907325115054846, 0.490849238820374, 0.0, -0.0, 0.0, 0.5, 0.0, 0.6976744186046512, 0.015211223624646664, 0.0]
[0.4642857142857143, 0.5, 0.3333333333333333, 0.42424242424242425, 0.6153846153846154, 0.5869565217391305, 0.011828023940324783, 0.011828354559838772, 0.4205566842970839, 0.42056795561518767, 0.42951294888046, 0.565967563154314, 0.03348371812275478, 0.03348371812275478, 0.9616450536996126, 0.0, 0.0, 0.0, 0.019437192566692827, 0.49254991998896, 0.49262499902397394, 0.0, -0.0, 0.0, 0.5, 0.0, 0.6976744186046512, 0.013925682753324509, 0.0]
[0.4642857142857143, 0.5, 0.3333333333333333, 0.42424242424242425, 0.6153846153846154, 0.5869565217391305, 0.007615140173584223, 0.00762195885181427, 0.42020792304671745, 0.42021925134822924, 0.43049149075612053, 0.5647245164076589, 0.03008297644555569, 0.03008297644555569, 0.9649789296090603, 0.0, 0.0, 0.0, 0.01738443598151207, 0.4939027763903141, 0.4939512717537582, 0.0, -0.0, 0.0, 0.5, 0.0, 0.6976744186046512, 0.0132299130782485, 0.0]
[0.4642857142857143, 0.5, 0.3333333333333333, 0.42424242424242425, 0.6153846153846154, 0.5869565217391305, 0.060994021594524384, 0.060184698551893234, 0.4042351774686153, 0.4042463690099479, 0.434382574280179, 0.5609671184518091, 0.027037489094904492, 0.027037489094904492, 0.9679446928203106, 0.0, 0.0, 0.0, 0.01595496414229274, 0.4948405143804848, 0.49485701648518443, 0.0, -0.0, 0.0, 0.5, 0.0, 0.6976744186046512, 0.01257416233420372, 0.0]
[0.4642857142857143, 0.5, 0.3333333333333333, 0.42424242424242425, 0.6153846153846154, 0.5869565217391305, 0.3140448033809662, 0.3131076693534851, 0.3158204965792012, 0.3158305712457369, 0.4554228087456231, 0.541825822224302, 0.03201722167432308, 0.03201722167432308, 0.9548015967011452, 0.0, 0.0, 0.0, 0.03390609119087457, 0.49308135733008385, 0.49320388305932283, 0.0, -0.0, 0.0, 0.5, 0.0, 0.6976744186046512, 0.014848100021481514, 0.0]
[0.4642857142857143, 0.5, 0.3333333333333333, 0.42424242424242425, 0.6153846153846154, 0.5869565217391305, 0.10302721709012985, 0.10229368507862091, 0.38893787901898413, 0.3889488654200479, 0.4809835227224157, 0.5147567346441991, 0.030739759760243554, 0.030739759760243554, 0.9581237565726042, 0.0, 0.0, 0.0, 0.0246999392285943, 0.4933560430072248, 0.49346148781478405, 0.0, -0.0, 0.0, 0.5, 0.0, 0.6976744186046512, 0.014495061710476875, 0.0]
[0.4642857142857143, 0.5, 0.3333333333333333, 0.42424242424242425, 0.6153846153846154, 0.5869565217391305, 0.04783787950873375, 0.04716652259230614, 0.4020365752407971, 0.40204773259208487, 0.49521392580997875, 0.5000901171577086, 0.02687789499759674, 0.02687789499759674, 0.965559421107173, 0.0, 0.0, 0.0, 0.01811795812100172, 0.49426612025126815, 0.49432466365396976, 0.0, -0.0, 0.0, 0.5, 0.0, 0.6976744186046512, 0.012880398891866207, 0.0]
[0.4642857142857143, 0.5, 0.3333333333333333, 0.42424242424242425, 0.6153846153846154, 0.5869565217391305, 0.04291985556483269, 0.04221111536026001, 0.4107057346212704, 0.4107169432576254, 0.5026025558264487, 0.49285643820502284, 0.026639079941170558, 0.026639079941170558, 0.9662566278129816, 0.0, 0.0, 0.0, 0.018423084169626236, 0.4943621503189206, 0.49439761880785227, 0.0, -0.0, 0.0, 0.5, 0.0, 0.6976744186046512, 0.012692089192569256, 0.0]
[0.4642857142857143, 0.5, 0.3333333333333333, 0.42424242424242425, 0.6153846153846154, 0.5869565217391305, 0.0434998944401741, 0.042821675539016724, 0.4118356358252793, 0.41184685015997513, 0.5013364059583464, 0.49407020758893655, 0.027139899986130853, 0.027139899986130853, 0.9655698221176863, 0.0, 0.0, 0.0, 0.01890176199376583, 0.4942693184129894, 0.4942993316799402, 0.0, -0.0, 0.0, 0.5, 0.0, 0.6976744186046512, 0.01285699661821127, 0.0]
[0.4642857142857143, 0.5, 0.3333333333333333, 0.42424242424242425, 0.6153846153846154, 0.5869565217391305, 0.03956849128007889, 0.039009761065244675, 0.4114296917249778, 0.4114409345513776, 0.4948746280790971, 0.5004164668337059, 0.02828987182251045, 0.02828987182251045, 0.9637339357286692, 0.0, 0.0, 0.0, 0.019648236595094203, 0.4939272743649781, 0.49396749725565314, 0.0, -0.0, 0.0, 0.5, 0.0, 0.6976744186046512, 0.013189163990318775, 0.0]
[0.4642857142857143, 0.5, 0.3333333333333333, 0.42424242424242425, 0.6153846153846154, 0.5869565217391305, 0.2278752475976944, 0.2274692952632904, 0.3817434388410521, 0.38175551932354956, 0.49111775258986945, 0.5051287097588502, 0.03782156189637525, 0.03782156189637525, 0.9562527202069759, 0.0, 0.0, 0.0, 0.03338259346783161, 0.49222982954233885, 0.49242478143423796, 0.0, -0.0, 0.0, 0.5, 0.0, 0.6976744186046512, 0.01761533133685589, 0.00758546288125217]
[0.4642857142857143, 0.5, 0.3333333333333333, 0.42424242424242425, 0.6153846153846154, 0.5869565217391305, 0.7379521727561951, 0.7323189973831177, 0.27807697784832286, 0.2780876451423018, 0.48323947020288177, 0.5151701806101648, 0.09735727948801859, 0.09735727948801859, 0.9007671512663364, 0.0, 0.0, 0.0, 0.06749522909522056, 0.47491361387073994, 0.4759338013827801, 0.0, -0.0, 0.0, 0.5, 0.0, 0.6976744186046512, 0.02953692525625229, 0.01456758938729763]
[0.4642857142857143, 0.5, 0.3333333333333333, 0.42424242424242425, 0.6153846153846154, 0.5869565217391305, 0.029573628678917885, 0.02936086431145668, 0.4294581137469348, 0.42947079825355716, 0.4806864311772596, 0.5146145866837551, 0.05265167515192713, 0.05265167515192713, 0.949837127700448, 0.0, 0.0, 0.0, 0.03384570460766553, 0.48696452751755714, 0.4871635492891073, 0.0, -0.0, 0.0, 0.5, 0.0, 0.6976744186046512, 0.02846873551607132, 0.022136501502245665]
[0.4642857142857143, 0.5, 0.3333333333333333, 0.42424242424242425, 0.6153846153846154, 0.5869565217391305, 0.0, 0.0, 0.4279713824419857, 0.42798411823367527, 0.4775657676032123, 0.5174202331570726, 0.04170374545667853, 0.04170374545667853, 0.9593953397125006, 0.0, 0.0, 0.0, 0.03044231422245502, 0.4892968041822314, 0.4894132502377033, 0.0, -0.0, 0.0, 0.5, 0.0, 0.6976744186046512, 0.025259947404265404, 0.02033894881606102]
[0.7735183366707393, 0.7886171142260234, 0.3333333333333333, 0.42424242424242425, 0.03815038693256867, 0.009722293287083739, 0.501848578453064, 0.500453531742096, 0.2565769328669882, 0.25658741781406147, 0.48493846897641285, 0.5138201895402399, 0.06468000156538828, 0.06468000156538828, 0.9499386437237263, 0.0, 0.0, 0.0, 0.30090920478105543, 0.451041616499424, 0.45734137669205666, 0.4460117518901825, 0.4460117518901825, 0.0, 0.5, 0.0, 0.6976744186046512, 0.23250219225883484, 0.02499961294233799]
[0.8787919715756461, 0.8868725068039365, 0.3333333333333333, 0.42424242424242425, -0.15836039822325743, -0.18678849186874236, 0.08838949352502823, 0.08795513957738876, 0.3172239409350073, 0.317235212253111, 0.48884920963935596, 0.5083495003036919, 0.06928705477288792, 0.06928705477288792, 0.9490054938942194, 0.0, 0.0, 0.0, 0.393215274810791, 0.44914745166897774, 0.45552052929997444, 0.5771576762199402, 0.5771576762199402, 0.0, 0.5, 0.0, 0.6976744186046512, 0.3666219711303711, 0.034159820061177015]
[0.9174502137161437, 0.9229535328017341, 0.3333333333333333, 0.42424242424242425, -0.23052245021885276, -0.2589505438643377, 0.0, 0.0, 0.2699901205175921, 0.27000071943148146, 0.4934723312266698, 0.5047152438486917, 0.04783433728984424, 0.04783433728984424, 0.9442632384598255, 0.0, 0.0, 0.0, 0.4375138103961944, 0.46541714295744896, 0.4672548212110996, 0.6402275562286377, 0.6402275562286377, 0.0, 0.5, 0.0, 0.6976744186046512, 0.8113676309585571, 0.0]
[0.9016277350130535, 0.9081858860121833, 0.3333333333333333, 0.42424242424242425, -0.2009871566397512, -0.22941525028523613, 0.0, 0.0, 0.2902265926164149, 0.29023725991039384, 0.5679617288235724, 0.4317418698776242, 0.04333553037473134, 0.04333553037473134, 0.9166943393647671, 0.0, 0.0, 0.0, 0.4777344405651092, 0.4663036949932575, 0.4684586860239506, 0.7089865207672119, 0.7089865207672119, 0.05887536704540253, 0.47644985318183897, 0.058155257254838943, 0.7374978301570166, 0.85, 0.0]
[0.904592480687868, 0.9109529819753435, 0.3333333333333333, 0.42424242424242425, -0.20652134856607152, -0.23494944221155645, 0.0, 0.0, 0.27335505914049896, 0.2733656352610251, 0.5510296675716714, 0.4484299167797574, 0.043223606688635695, 0.043223606688635695, 0.9023992344737053, 0.0, 0.0, 0.0, 0.5278321534395217, 0.46454213932156563, 0.46748706325888634, 0.7764179706573486, 0.7764179706573486, 0.10033848881721497, 0.5043620443533336, 0.09950572997331619, 0.7728902623057365, 0.85, 0.0]
[0.9079987619604384, 0.9141321778297424, 0.3333333333333333, 0.42424242424242425, -0.21287974027486944, -0.24130783392035438, 0.0, 0.0, 0.27082727516130556, 0.27083782848846844, 0.5466795769977753, 0.45268525534281945, 0.04312935152224132, 0.04312935152224132, 0.9011887684464455, 0.0, 0.0, 0.0, 0.5291359633207321, 0.46451132372021675, 0.4675101675093174, 0.7783628702163696, 0.7783628702163696, 0.10310610383749008, 0.5106035849404713, 0.10211820155382156, 0.7748702558320623, 0.85, 0.0]
[0.9088280647993088, 0.9149061938126881, 0.3333333333333333, 0.42424242424242425, -0.21442777224076093, -0.24285586588624586, 0.0, 0.0, 0.26711931921555937, 0.26713153645823606, 0.5404816740557523, 0.4589004356541501, 0.04275767797870296, 0.04275767797870296, 0.8951061256229877, 0.0, 0.0, 0.0, 0.5355308026075363, 0.46141286566853523, 0.46479153260588646, 0.7862617373466492, 0.7862617373466492, 0.10785519331693649, 0.5153935513799153, 0.10747767984867096, 0.774957635981399, 0.85, 0.0]
[0.8982836128700347, 0.9050647053453658, 0.3333333333333333, 0.42424242424242425, -0.194744795306116, -0.22317288895160092, 0.0, 0.0, 0.2918077226350686, 0.2918202133981037, 0.5271094745705278, 0.47155809169467, 0.04265908284911088, 0.04265908284911088, 0.8945930078625679, 0.0, 0.0, 0.0, 0.5373732388019561, 0.4627714902162552, 0.46593787521123886, 0.7886657118797302, 0.7886657118797302, 0.11063315719366074, 0.5210213651732792, 0.11126069724559784, 0.7773288270068723, 0.85, 0.0]
[0.8912885465792246, 0.8985359768072764, 0.3333333333333333, 0.42424242424242425, -0.18168733822993732, -0.21011543187542225, 0.0, 0.0, 0.30067301890590226, 0.30068548687557417, 0.5189873060464403, 0.47973802002569865, 0.041634451065744676, 0.041634451065744676, 0.9004926085472107, 0.0, 0.0, 0.0, 0.5129516601562499, 0.4641672149300575, 0.46741777285933495, 0.7584836483001709, 0.7584836483001709, 0.09201992303133011, 0.48673920972006657, 0.0922817662358284, 0.7585228698024916, 0.85, 0.0]
[0.891541139000938, 0.8987717297342088, 0.3333333333333333, 0.42424242424242425, -0.18215884408380223, -0.21058693772928716, 0.0, 0.0, 0.3131265375855776, 0.31313919929883677, 0.5100791425823481, 0.4884532903799313, 0.04143152652042253, 0.04143152652042253, 0.9045851565897465, 0.0, 0.0, 0.0, 0.5093735367059707, 0.4648493267595768, 0.46814072877168655, 0.7531278133392334, 0.7531278133392334, 0.08577872812747955, 0.4728355866575998, 0.0857270285487175, 0.7517623650126679, 0.85, 0.0]
[0.8916404978150414, 0.8988644646273719, 0.3333333333333333, 0.42424242424242425, -0.1823443138701284, -0.21077240751561332, 0.0, 0.0, 0.3200815562764272, 0.32009426357641274, 0.4958377338618211, 0.5025589973880451, 0.04178369417786598, 0.04178369417786598, 0.9079785160720348, 0.0, 0.0, 0.0, 0.5047717541456223, 0.4666146859526634, 0.4697848726063967, 0.7484891414642334, 0.7484891414642334, 0.08319676667451859, 0.491107425992451, 0.08312440663576126, 0.758371721346711, 0.85, 0.0]
[0.8903900775171462, 0.8976974056826698, 0.3333333333333333, 0.42424242424242425, -0.1800101959807241, -0.20843828962620903, 0.0, 0.0, 0.3222793721332149, 0.32229217060665327, 0.4924165811069153, 0.5058174796081132, 0.04135860263236932, 0.04135860263236932, 0.9108604565262794, 0.0, 0.0, 0.0, 0.5023938000202178, 0.4674871005117893, 0.47054239735007286, 0.7456867694854736, 0.7456867694854736, 0.07861389219760895, 0.4878702669862717, 0.07836456596851349, 0.7553705789668616, 0.85, 0.0]
[0.8875295335338229, 0.8950275646315681, 0.3333333333333333, 0.42424242424242425, -0.17467051387852073, -0.20309860752400566, 0.0, 0.0, 0.2923892725038255, 0.29240192282040306, 0.4672331898891675, 0.5307310928527479, 0.04003548329429967, 0.04003548329429967, 0.9102641083300114, 0.0, 0.0, 0.0, 0.5018217533826828, 0.46602411568164825, 0.469164339825511, 0.7401151061058044, 0.7401151061058044, 0.07506389170885086, 0.46997444331645966, 0.07543046772480011, 0.736280916431962, 0.85, 0.0]
[0.8898558708883467, 0.8971988128291236, 0.3333333333333333, 0.42424242424242425, -0.1790130102736318, -0.20744110391911674, 0.0, 0.0, 0.30341620016736237, 0.30342885048393997, 0.469542052162309, 0.5283904965196873, 0.038528627316866605, 0.038528627316866605, 0.9118815213441849, 0.0, 0.0, 0.0, 0.5008806228637696, 0.46579789742827415, 0.46885935589671135, 0.7391952276229858, 0.7391952276229858, 0.07092370092868805, 0.47163051962852476, 0.07178235799074173, 0.736754285171628, 0.85, 0.0]
[0.8744087950104759, 0.8827815420097775, 0.3333333333333333, 0.42424242424242425, -0.15017846863493955, -0.17860656228042449, 0.0, 0.0, 0.3132629672610281, 0.31327582271787446, 0.47218868928475316, 0.5252254556920692, 0.03839593380689621, 0.03839593380689621, 0.9122198298573494, 0.0, 0.0, 0.0, 0.5042296648025513, 0.46618136763572693, 0.4694039039313793, 0.7469465732574463, 0.7469465732574463, 0.07167524844408035, 0.4879968677248273, 0.07269646227359772, 0.7565043303509091, 0.85, 0.0]
[0.8741898011593592, 0.8825771477487352, 0.3333333333333333, 0.42424242424242425, -0.14976968011285496, -0.1781977737583399, 0.0, 0.0, 0.29935647424730694, 0.2993692385307005, 0.4667694503672948, 0.5306889963600827, 0.03835436355854784, 0.03835436355854784, 0.9116640351712704, 0.0, 0.0, 0.0, 0.5154871612787246, 0.46519535034894943, 0.46854835748672485, 0.7608809471130371, 0.7608809471130371, 0.07327307760715485, 0.48219325570833116, 0.07467173784971237, 0.7522900640791239, 0.85, 0.0]
[0.8835144511290959, 0.8912801543871561, 0.3333333333333333, 0.42424242424242425, -0.16717569338969684, -0.19560378703518178, 0.0, 0.0, 0.2938538144696967, 0.29386646478627426, 0.46043110041955687, 0.5370386731847472, 0.037797581670539725, 0.037797581670539725, 0.9120719917118549, 0.0, 0.0, 0.0, 0.5147731721401214, 0.4652315266430378, 0.4684286378324032, 0.758840799331665, 0.758840799331665, 0.07303115725517273, 0.47309627419426326, 0.0748845636844635, 0.749214397700027, 0.85, 0.0]
[0.890571694288935, 0.8978669146696726, 0.3333333333333333, 0.42424242424242425, -0.1803492139547298, -0.20877730760021473, 0.0, 0.0, 0.29751932917315915, 0.2975321846300056, 0.46169762504260353, 0.5354997208601152, 0.03720828332006931, 0.03720828332006931, 0.9146817438304424, 0.0, 0.0, 0.0, 0.5221194684505462, 0.4665021449327469, 0.46946155466139317, 0.7693007588386536, 0.7693007588386536, 0.0734478086233139, 0.49725186067914207, 0.07538985460996628, 0.7599948060720466, 0.85, 0.0]
[0.8901296265068508, 0.8974543180730608, 0.3333333333333333, 0.42424242424242425, -0.1795240207615061, -0.20795211440699102, 0.0, 0.0, 0.345831161703252, 0.3458445528041336, 0.4697890011575892, 0.5266156998414104, 0.038584963019405095, 0.038584963019405095, 0.9226676598191261, 0.0, 0.0, 0.0, 0.528578519821167, 0.47337542846798897, 0.4741137120872736, 0.7774754166603088, 0.7774754166603088, 0.07468603551387787, 0.5535114785981556, 0.07631941884756088, 0.7863683335829613, 0.85, 0.0]
[0.889808985449019, 0.897155053085751, 0.3333333333333333, 0.42424242424242425, -0.17892549078688658, -0.2073535844323715, 0.0, 0.0, 0.346359067391711, 0.3463724698892743, 0.4758175779027191, 0.5205429723517566, 0.040192280762961934, 0.040192280762961934, 0.9289277419447899, 0.0, 0.0, 0.0, 0.5378098517656326, 0.4756138287484646, 0.47632845863699913, 0.7903249263763428, 0.7903249263763428, 0.0753675103187561, 0.5375191266574557, 0.0761345848441124, 0.7805476398315541, 0.85, 0.0]
[0.8898703108231227, 0.8972122901015811, 0.3333333333333333, 0.42424242424242425, -0.1790399648185469, -0.20746805846403182, 0.0, 0.0, 0.33367965508601405, 0.3336928866333533, 0.4850567423134871, 0.511534140574494, 0.04061771822827203, 0.04061771822827203, 0.9303469583392143, 0.0, 0.0, 0.0, 0.5434325397014618, 0.47516655176877975, 0.47612032666802406, 0.7980570197105408, 0.7980570197105408, 0.07598192244768143, 0.5385108344138614, 0.07632479816675186, 0.7803639821534933, 0.85, 0.0]
[0.8889003161873137, 0.896306961774826, 0.3333333333333333, 0.42424242424242425, -0.17722930816503668, -0.2056574018105216, 0.0, 0.0, 0.3189833036572254, 0.31899639844438543, 0.5033074886632467, 0.493606106222423, 0.041600785085133145, 0.041600785085133145, 0.9288742244243622, 0.0, 0.0, 0.0, 0.5448764979839325, 0.47380463778972626, 0.47510095313191414, 0.7993683218955994, 0.7993683218955994, 0.07757093757390976, 0.5320622149914029, 0.07717791944742203, 0.7789141372885815, 0.85, 0.0]
[0.8829012860854467, 0.8907078670130836, 0.3333333333333333, 0.42424242424242425, -0.16603111864155173, -0.19445921228703666, 0.0, 0.0, 0.31236615098913134, 0.3123791318094753, 0.5153590143296732, 0.48186646997991933, 0.04262638677443777, 0.04262638677443777, 0.9249480105936527, 0.0, 0.0, 0.0, 0.5406432777643203, 0.4717734269797802, 0.4732844904065132, 0.7914796471595764, 0.7914796471595764, 0.07860135287046432, 0.5127283131319379, 0.07758809626102448, 0.7712516465852427, 0.85, 0.0]
[0.8753099072547186, 0.883622580104404, 0.3333333333333333, 0.42424242424242425, -0.15186054482419264, -0.18028863846967758, 0.0, 0.0, 0.30710564790218786, 0.307118594532487, 0.5240546852407219, 0.47337881415063016, 0.04299488317753588, 0.04299488317753588, 0.9213808737695217, 0.0, 0.0, 0.0, 0.5401606231927871, 0.4675510972738266, 0.46951405704021454, 0.790162980556488, 0.790162980556488, 0.07948211580514908, 0.5043722149871644, 0.07810331881046295, 0.768489122910555, 0.85, 0.0]
[0.8727503312485558, 0.8812336424986521, 0.3333333333333333, 0.42424242424242425, -0.1470826696126888, -0.17551076325817372, 0.0, 0.0, 0.3157581225407967, 0.3157710577744143, 0.528953283854242, 0.4684911079155505, 0.04385350405105523, 0.04385350405105523, 0.9189878739416599, 0.0, 0.0, 0.0, 0.539241960644722, 0.46575282141566277, 0.4675038047134876, 0.7876502871513367, 0.7876502871513367, 0.0800122320652008, 0.5201424450155288, 0.07788025587797165, 0.7769996408633022, 0.85, 0.0]
[0.8720748828990119, 0.8806032240390778, 0.3333333333333333, 0.42424242424242425, -0.1458218326935401, -0.17424992633902503, 0.0, 0.0, 0.3361620688757523, 0.3361752890264099, 0.5393018781796924, 0.45805296701358744, 0.04545895116669792, 0.04545895116669792, 0.9177144430577755, 0.0, 0.0, 0.0, 0.5371649980545044, 0.46568065881729126, 0.4670095890760422, 0.7839612364768982, 0.7839612364768982, 0.07884984463453293, 0.5248612051918393, 0.07585855573415756, 0.778910313667946, 0.85, 0.0]
[0.8603131834949767, 0.8696256379286449, 0.3333333333333333, 0.42424242424242425, -0.12386666047267425, -0.15229475411815918, 0.0, 0.0, 0.36597216380029973, 0.3659853269675494, 0.6520906875967751, 0.34893668125915206, 0.048613167767013826, 0.048613167767013826, 0.9169403165578842, 0.0, 0.0, 0.0, 0.5164577484130859, 0.46527085453271866, 0.46634525060653687, 0.7645745873451233, 0.7645745873451233, 0.07366988807916641, 0.5008661373267098, 0.06838042289018631, 0.7666929785248845, 0.85, 0.0]
[0.850248247385025, 0.8602316975593567, 0.3333333333333333, 0.42424242424242425, -0.10507877973409796, -0.1335068733795829, 0.0, 0.0, 0.38961312100718626, 0.38962661467820237, 0.6386587068182105, 0.3612425445319995, 0.0525820255279541, 0.0525820255279541, 0.9205059036612511, 0.0, 0.0, 0.0, 0.5157801002264023, 0.4658820703625679, 0.4668555073440075, 0.7640917897224426, 0.7640917897224426, 0.06937161087989807, 0.4855153868122706, 0.06336905807256699, 0.758438992292382, 0.85, 0.0]
[0.8491602320046652, 0.8592162165376875, 0.3333333333333333, 0.42424242424242425, -0.10304781769075955, -0.13147591133624448, 0.0, 0.0, 0.4077436117095655, 0.4077572136490568, 0.6473171305246153, 0.3528821896361981, 0.05531170272401401, 0.05531170272401401, 0.9273313656449318, 0.0, 0.0, 0.0, 0.5151768445968627, 0.4683023691177368, 0.4690511878579855, 0.7643612027168274, 0.7643612027168274, 0.06571698933839798, 0.4830747540034945, 0.059793028980493546, 0.7565220124846281, 0.85, 0.0]
[0.8400095176129114, 0.8506755497720506, 0.3333333333333333, 0.42424242424242425, -0.08596648415948582, -0.11439457780497075, 0.0, 0.0, 0.4152625780944387, 0.41527624271567876, 0.6533417469228887, 0.3470581206440647, 0.05671116390398571, 0.05671116390398571, 0.9327629953622818, 0.0, 0.0, 0.0, 0.4842934608459472, 0.4698012210428715, 0.4703611470758915, 0.7264015078544617, 0.7264015078544617, 0.05954809486865997, 0.476180762052536, 0.05471578612923622, 0.7428970443474692, 0.85, 0.0]
[0.8435812549931663, 0.8540091713269551, 0.3333333333333333, 0.42424242424242425, -0.09263372726929486, -0.1210618209147798, 0.0, 0.0, 0.41298976067603205, 0.4130038640695138, 0.5514233830326146, 0.4445220402453593, 0.05587219393679074, 0.05587219393679074, 0.93711225874722, 0.0, 0.0, 0.0, 0.48496349453926085, 0.4706940669566393, 0.47102381847798824, 0.7214922308921814, 0.7214922308921814, 0.05584847554564476, 0.4776606097817421, 0.0511593259871006, 0.7384104140882576, 0.8469805121421814, 0.0]
[0.8357661636102767, 0.8467150860362582, 0.3333333333333333, 0.42424242424242425, -0.07804555668790114, -0.10647365033338607, 0.0, 0.0, 0.41145580152252664, 0.4114698536309412, 0.5423302443032055, 0.4536504403076431, 0.053161582244294035, 0.053161582244294035, 0.9402317628264427, 0.0, 0.0, 0.0, 0.48595821857452387, 0.46913077868521214, 0.46912734769284725, 0.7224424481391907, 0.7224424481391907, 0.0, 0.5, 0.0, 0.6976744186046512, 0.840464174747467, 0.0]
[0.7887238008635384, 0.8028088808059692, 0.3333333333333333, 0.42424242424242425, 0.009766853772676942, -0.01866123987280799, 0.0, 0.0, 0.4169903207235537, 0.4170044298153762, 0.5256837468530207, 0.4698872583951316, 0.05063221390758242, 0.05063221390758242, 0.942007252946496, 0.0, 0.0, 0.0, 0.4868325293064117, 0.4678567685186863, 0.4678477570414543, 0.7233672738075256, 0.7233672738075256, 0.0, 0.5, 0.0, 0.6976744186046512, 0.832625150680542, 0.0]
[0.6471168686236655, 0.6706424107154211, 0.3333333333333333, 0.42424242424242425, 0.2740997939537733, 0.2456717003082884, 0.439483106136322, 0.4376467764377594, 0.31790288684472984, 0.3179160158219346, 0.5102096623660958, 0.4864967422726455, 0.06301175536853927, 0.06301175536853927, 0.9364047609269619, 0.0, 0.0, 0.0, 0.47490600049495696, 0.4524872228503227, 0.45555412769317627, 0.6969561576843262, 0.6969561576843262, 0.0, 0.5, 0.0, 0.6976744186046512, 0.8139609098434448, 0.0]
[0.6349733447035154, 0.6593084550566144, 0.3333333333333333, 0.42424242424242425, 0.29676770527138674, 0.2683396116259018, 0.0, 0.0, 0.43301795272024823, 0.4330321928739092, 0.4782749346633714, 0.5168710299198709, 0.06735643105847496, 0.06735643105847496, 0.9329795427620411, 0.0, 0.0, 0.0, 0.46958409547805785, 0.44733696058392525, 0.44993647560477257, 0.6894932389259338, 0.6894932389259338, 0.0, 0.5, 0.0, 0.6976744186046512, 0.7947587966918945, 0.0]
[0.6616835608368828, 0.684237990114424, 0.3333333333333333, 0.42424242424242425, 0.2469086351557675, 0.21848054151028257, 0.0, 0.0, 0.4461381544802431, 0.44615249720403843, 0.4121582131996665, 0.5832075492095259, 0.06252808762448175, 0.06252808762448175, 0.9373593404889107, 0.0, 0.0, 0.0, 0.4698538154363632, 0.4503897950053215, 0.45199163630604744, 0.6907672882080078, 0.6907672882080078, 0.0, 0.5, 0.0, 0.6976744186046512, 0.7894619703292847, 0.0]
[0.6496616765147164, 0.6730175647470686, 0.3333333333333333, 0.42424242424242425, 0.2693494858904782, 0.24092139224499326, 0.0, 0.0, 0.44027418000748236, 0.4402884771445513, 0.31576792368697393, 0.6817268955497344, 0.06081944863711085, 0.06081944863711085, 0.936006136238575, 0.0, 0.0, 0.0, 0.45416885614395136, 0.4507676437497139, 0.4541626088321209, 0.6723138093948364, 0.6723138093948364, 0.0, 0.5, 0.04928526282310486, 0.7387714196256427, 0.7714072465896606, 0.0]
[0.6515955900152525, 0.6748225506809022, 0.3333333333333333, 0.42424242424242425, 0.2657395140228109, 0.23731142037732594, 0.0, 0.0, 0.4386973180460884, 0.4387116949599286, 0.2709998665074773, 0.7278280453695116, 0.05967266059347562, 0.05967266059347562, 0.9346495307981968, 0.0, 0.0, 0.0, 0.46793510913848874, 0.4493880979716778, 0.45485515892505646, 0.6826217174530029, 0.6826217174530029, 0.0, 0.5, 0.0, 0.6976744186046512, 0.747780442237854, 0.0]
[0.6411525635492235, 0.6650757259792752, 0.3333333333333333, 0.42424242424242425, 0.2852331634260651, 0.25680506978058015, 0.8037490248680115, 0.6002715826034546, 0.3194792188604293, 0.31949206292059407, 0.31152056280103285, 0.6887474337631105, 0.0856102683714458, 0.0856102683714458, 0.9324367009103298, 0.0, 0.0, 0.0, 0.4428126215934753, 0.44894852861762047, 0.45603930577635765, 0.6470719575881958, 0.6470719575881958, 0.0, 0.5, 0.0, 0.6976744186046512, 0.763613760471344, 0.0]
[0.6309402123803184, 0.6555441982216306, 0.3333333333333333, 0.42424242424242425, 0.3042962189413544, 0.27586812529586946, 0.0, 0.0, 0.4432141534684949, 0.443228416415519, 0.29146819269679924, 0.7070692975429408, 0.07583137335521835, 0.07583137335521835, 0.9329660125076771, 0.0, 0.0, 0.0, 0.44612142145633693, 0.44873620942234993, 0.45703691989183426, 0.6555975675582886, 0.6555975675582886, 0.0, 0.5, 0.0, 0.6976744186046512, 0.7625217437744141, 0.0]
[0.6404682986793064, 0.6644370787673526, 0.3333333333333333, 0.42424242424242425, 0.28651045784991014, 0.2580823642044252, 0.0, 0.0, 0.4477050272502133, 0.4477193072922599, 0.30594872516610194, 0.692150699426243, 0.06106643538389887, 0.06106643538389887, 0.9369275942444801, 0.0, 0.0, 0.0, 0.4547924309968948, 0.44948769733309746, 0.45779727026820183, 0.671014666557312, 0.671014666557312, 0.0, 0.5, 0.06275013089179993, 0.7355768493441648, 0.7628299593925476, 0.0]
[0.6483001183895838, 0.6717467771636115, 0.3333333333333333, 0.42424242424242425, 0.2718910610573924, 0.24346296741190748, 0.0, 0.0, 0.4457771417971551, 0.4457913933474976, 0.3332832443098721, 0.6640503004854947, 0.05767972873789924, 0.05767972873789924, 0.9363971184939146, 0.0, 0.0, 0.0, 0.47141130268573755, 0.4514443315565586, 0.45842768996953964, 0.6920640468597412, 0.6920640468597412, 0.0, 0.5, 0.060790054500103, 0.7359766457663026, 0.7985201478004456, 0.0]
[0.5767047486844517, 0.6049244321054883, 0.3333333333333333, 0.42424242424242425, 0.40553575117363894, 0.377107657528154, 0.5935831069946289, 0.5829871892929077, 0.3020948689024945, 0.3021076559792513, 0.40547352379640245, 0.5921715321955165, 0.07538587387119021, 0.07538587387119021, 0.9313030019402504, 0.0, 0.0, 0.0, 0.4610913068056106, 0.4468149058520794, 0.452709149569273, 0.6682307124137878, 0.6682307124137878, 0.0, 0.5, 0.0, 0.6976744186046512, 0.7909537553787231, 0.0]
[0.5857869975623631, 0.6134011977248721, 0.3333333333333333, 0.42424242424242425, 0.3885822199348711, 0.36015412628938615, 0.05015493556857109, 0.04827204346656799, 0.4103078080864755, 0.41032186019489003, 0.5151262641750831, 0.48042780987796496, 0.06969158936824117, 0.06969158936824117, 0.9299430847167969, 0.0, 0.0, 0.0, 0.4618362545967102, 0.43668360263109207, 0.4420728199183941, 0.681778073310852, 0.681778073310852, 0.0, 0.5, 0.0, 0.6976744186046512, 0.7788523435592651, 0.0]
[0.5638902245887688, 0.5929642096161842, 0.3333333333333333, 0.42424242424242425, 0.42945619615224695, 0.401028102506762, 0.0, 0.0, 0.4000213684133088, 0.400035317951589, 0.598652821425954, 0.3985100238723869, 0.06585240896259036, 0.06585240896259036, 0.9310410544276237, 0.0, 0.0, 0.0, 0.4481911867856979, 0.43889545276761055, 0.442313514649868, 0.6680957078933716, 0.6680957078933716, 0.0, 0.5, 0.0, 0.6976744186046512, 0.7598852515220642, 0.0]
[0.5580294515405383, 0.5874941547711691, 0.3333333333333333, 0.42424242424242425, 0.4403963058422774, 0.41196821219679247, 0.0, 0.0, 0.37949046304531353, 0.37950423023668806, 0.6373228333876192, 0.36115615768546083, 0.0672395873282637, 0.0672395873282637, 0.9207607321441174, 0.0, 0.0, 0.0, 0.4439505398273468, 0.4374109357595444, 0.43717577308416367, 0.6598048806190491, 0.6598048806190491, 0.0, 0.5, 0.0, 0.6976744186046512, 0.7590914964675903, 0.05584736354649067]
[0.5516538522427991, 0.5815435954266124, 0.3333333333333333, 0.42424242424242425, 0.45229742453139055, 0.4238693308859056, 0.4665658473968506, 0.46430695056915283, 0.2668505170833084, 0.26686277991271157, 0.6372467947279746, 0.3636698097794685, 0.08915358888251441, 0.08915358888251441, 0.9027413092553616, 0.0, 0.0, 0.0, 0.4275987595319748, 0.4220232516527176, 0.42111819982528687, 0.6232082843780518, 0.6232082843780518, 0.0, 0.5, 0.0, 0.6976744186046512, 0.764223039150238, 0.09784115478396416]
[0.4642857142857143, 0.5, 0.3333333333333333, 0.42424242424242425, 0.6153846153846154, 0.5869565217391305, 0.0917845144867897, 0.08576062321662903, 0.36491406169037977, 0.36492764653484866, 0.6975872320609157, 0.3033942195648394, 0.09015885580863273, 0.09015885580863273, 0.8967755697667599, 0.0, 0.0, 0.0, 0.41402447521686553, 0.4260798543691635, 0.42323847860097885, 0.6018813252449036, 0.6018813252449036, 0.0, 0.5, 0.0, 0.6976744186046512, 0.7805668711662292, 0.12809394858777523]
[0.4642857142857143, 0.5, 0.3333333333333333, 0.42424242424242425, 0.6153846153846154, 0.5869565217391305, 0.07740812748670578, 0.07255320996046066, 0.3673223172729375, 0.3673359477041328, 0.6943786103228538, 0.3065356464681794, 0.08471817576459477, 0.08471817576459477, 0.8969385884702206, 0.0, 0.0, 0.0, 0.42029739916324615, 0.42912618815898895, 0.4269511327147484, 0.6128714680671692, 0.6128714680671692, 0.0, 0.5, 0.0, 0.6976744186046512, 0.763266921043396, 0.1285509206354618]
[0.5416151084715412, 0.5721741012401051, 0.3333333333333333, 0.42424242424242425, 0.47103641290440523, 0.4426083192589203, 0.9511505961418152, 0.9501065015792847, 0.3197927643646473, 0.3198053918878617, 0.6146034232517046, 0.38591156219610473, 0.11366678135735649, 0.11366678135735649, 0.8926927372813225, 0.0, 0.0, 0.0, 0.4232778578996658, 0.3957812488079071, 0.39151129126548767, 0.6172446608543396, 0.6172446608543396, 0.0, 0.5, 0.0, 0.6976744186046512, 0.727239727973938, 0.12856896966695786]
[0.4642857142857143, 0.5, 0.3333333333333333, 0.42424242424242425, 0.6153846153846154, 0.5869565217391305, 0.14730994403362274, 0.14431080222129822, 0.3706220782737659, 0.370635685911598, 0.6773282401192484, 0.32296111382621606, 0.10378636419773102, 0.10378636419773102, 0.892304427921772, 0.0, 0.0, 0.0, 0.42208659648895264, 0.40964800864458084, 0.40995538979768753, 0.6164246797561646, 0.6164246797561646, 0.0, 0.5, 0.0, 0.6976744186046512, 0.7251254916191101, 0.1275605708360672]
[0.4642857142857143, 0.5, 0.3333333333333333, 0.42424242424242425, 0.6153846153846154, 0.5869565217391305, 0.032404616475105286, 0.031840480864048004, 0.4009097853308654, 0.40092382604259835, 0.6768460351240111, 0.32261207905549116, 0.09910581367356437, 0.09910581367356437, 0.8964926935732365, 0.0, 0.0, 0.0, 0.4294310986995697, 0.41710449010133743, 0.4179460406303406, 0.6214566230773926, 0.6214566230773926, 0.0, 0.5, 0.0, 0.6976744186046512, 0.5599037408828735, 0.13134581968188286]
[0.4642857142857143, 0.5, 0.3333333333333333, 0.42424242424242425, 0.6153846153846154, 0.5869565217391305, 0.0, 0.0, 0.4341332205850809, 0.4341475063254683, 0.657076690210667, 0.34134833757503036, 0.10263697377273015, 0.10263697377273015, 0.8967580869793892, 0.0, 0.0, 0.0, 0.4149884909391403, 0.4046020433306694, 0.41308051347732544, 0.602367103099823, 0.602367103099823, 0.0, 0.5, 0.0, 0.6976744186046512, 0.3219849765300751, 0.13759905472397804]
[0.4642857142857143, 0.5, 0.3333333333333333, 0.42424242424242425, 0.6153846153846154, 0.5869565217391305, 0.4207645654678345, 0.4196607172489166, 0.34147917928021, 0.3414924678109572, 0.6037062012214733, 0.39461770380837463, 0.11234279189791, 0.11234279189791, 0.910604402422905, 0.0, 0.0, 0.0, 0.2618797734379768, 0.41947251558303833, 0.42666495591402054, 0.3806138336658478, 0.3806138336658478, 0.09428932517766953, 0.4622842699289322, 0.08525311201810837, 0.6252995046765305, 0.12415110319852829, 0.13263111002743244]
[0.4642857142857143, 0.5, 0.3333333333333333, 0.42424242424242425, 0.6153846153846154, 0.5869565217391305, 0.114195317029953, 0.11317278444766998, 0.429684018769638, 0.429698201939891, 0.5479562275724247, 0.44794521591124936, 0.10252212839467185, 0.10252212839467185, 0.9200717471539974, 0.0, 0.0, 0.0, 0.17447683736681938, 0.4518281929194927, 0.45465492084622383, 0.25581732392311096, 0.25581732392311096, 0.09190566092729568, 0.4632377356290817, 0.08570554107427597, 0.6130046640024629, 0.05683976411819458, 0.09485255926847458]
[0.4642857142857143, 0.5, 0.3333333333333333, 0.42424242424242425, 0.6153846153846154, 0.5869565217391305, 0.012638135813176632, 0.012550211511552334, 0.4602320174870026, 0.4602465055184884, 0.49166842101294955, 0.5031605826230573, 0.0951126217842102, 0.0951126217842102, 0.9262194596230984, 0.0, 0.0, 0.0, 0.1336876444518566, 0.4648628681898117, 0.46568839251995087, 0.1980486363172531, 0.1980486363172531, 0.0868215337395668, 0.46527138650417327, 0.08204129338264465, 0.6057075740293015, 0.04758892208337784, 0.08360340259969234]
[0.4642857142857143, 0.5, 0.3333333333333333, 0.42424242424242425, 0.6153846153846154, 0.5869565217391305, 0.0, 0.0, 0.45719278177841216, 0.45720724701653476, 0.45608428069328033, 0.5387140779781929, 0.07816046210271972, 0.07816046210271972, 0.9328077584505081, 0.0, 0.0, 0.0, 0.08140805326402187, 0.4761780612170696, 0.4767323415726423, 0.11977917701005936, 0.11977917701005936, 0.0809047743678093, 0.4676380902528763, 0.07688669860363007, 0.6071538148924362, 0.036472804844379425, 0.058731227181851864]
[0.4642857142857143, 0.5, 0.3333333333333333, 0.42424242424242425, 0.6153846153846154, 0.5869565217391305, 0.0, 0.0, 0.45624740139704134, 0.45626184099263034, 0.43879185351997213, 0.5561298609188684, 0.0583503076008388, 0.0583503076008388, 0.9468036312609911, 0.0, 0.0, 0.0, 0.05143091939389705, 0.4860197938978672, 0.4861703822389245, 0.0, -0.0, 0.07377099990844727, 0.4704916000366211, 0.07028791308403015, 0.6089767189913018, 0.029323667287826538, 0.03380759619176388]
[0.4642857142857143, 0.5, 0.3333333333333333, 0.42424242424242425, 0.6153846153846154, 0.5869565217391305, 0.0, 0.0, 0.46371861568600453, 0.4637330980191495, 0.4334211502202838, 0.5615584149763593, 0.05679157695599965, 0.05679157695599965, 0.9501307401806116, 0.0, 0.0, 0.0, 0.0560361597687006, 0.4871649630367756, 0.48734526615589857, 0.0, -0.0, 0.0685114935040474, 0.47259540259838106, 0.0654681846499443, 0.6085482101107753, 0.027159947901964188, 0.022370584774762392]
[0.4642857142857143, 0.5, 0.3333333333333333, 0.42424242424242425, 0.6153846153846154, 0.5869565217391305, 0.0, 0.0, 0.4390148694838894, 0.43902919511266236, 0.4329347170561723, 0.562210948364178, 0.04944154194423131, 0.04944154194423131, 0.9545283317565918, 0.0, 0.0, 0.0, 0.04357187170535326, 0.4884882038459182, 0.48869571276009083, 0.0, -0.0, 0.059098850935697556, 0.476360459625721, 0.056772779673337936, 0.6088591696218003, 0.024147331714630127, 0.01281894976273179]
[0.4642857142857143, 0.5, 0.3333333333333333, 0.42424242424242425, 0.6153846153846154, 0.5869565217391305, 0.2431062012910843, 0.24257029592990875, 0.33699210059346474, 0.337005332140804, 0.446705578162155, 0.5501431742351046, 0.07493175832288607, 0.07493175832288607, 0.9329023621976376, 0.0, 0.0, 0.0, 0.37414701879024503, 0.4307546988129616, 0.4380889870226383, 0.5436949729919434, 0.5436949729919434, 0.0, 0.5, 0.0, 0.6976744186046512, 0.5970911979675293, 0.0]
[0.6638207687508493, 0.6862327175007926, 0.3333333333333333, 0.42424242424242425, 0.24291918038303023, 0.2144910867375453, 0.0, 0.0, 0.36323407685551545, 0.36324753633648665, 0.4551807004908531, 0.5414683339649993, 0.055169167795351574, 0.055169167795351574, 0.9326686635613441, 0.0, 0.0, 0.0, 0.3894961059093475, 0.449712660163641, 0.45391810312867165, 0.5785468220710754, 0.5785468220710754, 0.0, 0.5, 0.0, 0.6976744186046512, 0.7592639327049255, 0.0]
[0.6519293050680842, 0.6751340180635452, 0.3333333333333333, 0.42424242424242425, 0.26511657925752496, 0.23668848561204003, 0.0, 0.0, 0.3604548934768764, 0.36046837575121093, 0.4612021001757445, 0.5352423339290733, 0.04852091361369406, 0.04852091361369406, 0.9304522760212421, 0.0, 0.0, 0.0, 0.403477880358696, 0.451321255415678, 0.45579852536320686, 0.6055399179458618, 0.6055399179458618, 0.0, 0.5, 0.0, 0.6976744186046512, 0.8163676857948303, 0.0]
[0.5766242912837437, 0.6048493385314941, 0.3333333333333333, 0.42424242424242425, 0.40568593832162714, 0.3772578446761422, 0.0, 0.0, 0.35542513900231676, 0.35543860987996967, 0.485158971972037, 0.5109475362774468, 0.04581374515380179, 0.04581374515380179, 0.928819689899683, 0.0, 0.0, 0.0, 0.3788338541984558, 0.4673113711178303, 0.47124616242945194, 0.5739150047302246, 0.5739150047302246, 0.11348336935043335, 0.45460665225982666, 0.10703805834054947, 0.6245260408451391, 0.6748469471931458, 0.0]
[0.4642857142857143, 0.5, 0.3333333333333333, 0.42424242424242425, 0.6153846153846154, 0.5869565217391305, 0.0, 0.0, 0.36472855790395353, 0.3647422795086016, 0.5085077980394345, 0.4869131599233387, 0.06713001057505608, 0.06713001057505608, 0.929334495216608, 0.0, 0.0, 0.0, 0.1858673110604286, 0.4879478523507714, 0.48734760750085115, 0.27105891704559326, 0.27105891704559326, 0.3549206554889679, 0.35803173780441283, 0.36917948722839355, 0.6097501308418984, 0.3939044773578644, 0.03323075361549854]
[0.4642857142857143, 0.5, 0.3333333333333333, 0.42424242424242425, 0.6153846153846154, 0.5869565217391305, 0.0, 0.0, 0.3673439709679802, 0.36736188655145763, 0.5131691690270805, 0.4819081020578093, 0.07777648844889233, 0.07777648844889233, 0.9288283549249172, 0.0, 0.0, 0.0, 0.160225061327219, 0.49152179062366486, 0.49086903035640717, 0.23641051352024078, 0.23641051352024078, 0.42608898878097534, 0.3295644044876098, 0.43912407755851746, 0.602321118809456, 0.436283141374588, 0.015460805734619498]
[0.4642857142857143, 0.5, 0.3333333333333333, 0.42424242424242425, 0.6153846153846154, 0.5869565217391305, 0.0, 0.0, 0.36997433647826794, 0.3699922976484718, 0.5078009373827145, 0.4870485240090595, 0.07956136018037796, 0.07956136018037796, 0.9284425899386406, 0.0, 0.0, 0.0, 0.14812763929367065, 0.49321134435012937, 0.49257340282201767, 0.21971596777439117, 0.21971596777439117, 0.44597354531288147, 0.3237738498146572, 0.461651474237442, 0.5963472363560699, 0.4044730067253113, 0.0056488055270165205]
[0.4642857142857143, 0.5, 0.3333333333333333, 0.42424242424242425, 0.6153846153846154, 0.5869565217391305, 0.0, 0.0, 0.3669210970971598, 0.366939046870682, 0.4976704693105549, 0.49719114895709793, 0.08207804390362332, 0.08207804390362332, 0.925758820027113, 0.0, 0.0, 0.0, 0.17217836081981658, 0.49415968591347337, 0.49353182315826416, 0.25511300563812256, 0.25511300563812256, 0.474211186170578, 0.31106465676474193, 0.4898169934749603, 0.5736879138059394, 0.399314820766449, 0.0]
[0.4642857142857143, 0.5, 0.3333333333333333, 0.42424242424242425, 0.6153846153846154, 0.5869565217391305, 0.0, 0.0, 0.37237299605491736, 0.3723909458284396, 0.48167531126771784, 0.5132394545342174, 0.08123177236744336, 0.08123177236744336, 0.9258628413081169, 0.0, 0.0, 0.0, 0.15680021345615386, 0.49482644395902753, 0.4942240845412016, 0.23289379477500916, 0.23289379477500916, 0.4880380630493164, 0.3091778265578406, 0.5012984871864319, 0.5744248143462247, 0.3682916760444641, 0.0]
[0.4642857142857143, 0.5, 0.3333333333333333, 0.42424242424242425, 0.6153846153846154, 0.5869565217391305, 0.0, 0.0, 0.38741196592268934, 0.3874300296630276, 0.4809052317935696, 0.513893826349237, 0.0696970389357635, 0.0696970389357635, 0.9385100472718477, 0.0, 0.0, 0.0, 0.12386712804436682, 0.49587170081213117, 0.4954154365696013, 0.19451721012592316, 0.19451721012592316, 0.3095419704914093, 0.4559558705678062, 0.3285742700099945, 0.7391687974247129, 0.30598652362823486, 0.0]
[0.4642857142857143, 0.5, 0.3333333333333333, 0.42424242424242425, 0.6153846153846154, 0.5869565217391305, 0.0, 0.0, 0.39497188628289714, 0.3949899842132802, 0.4797409553486804, 0.5151554133599798, 0.06521911759461675, 0.06521911759461675, 0.943464232608676, 0.0, 0.0, 0.0, 0.10676063150167464, 0.49667550297454, 0.49640591186471283, 0.16911260783672333, -0.0, 0.3212553560733795, 0.5241318643093109, 0.3380211293697357, 0.7769575247237849, 0.28332170844078064, 0.0]
[0.4642857142857143, 0.5, 0.3333333333333333, 0.42424242424242425, 0.6153846153846154, 0.5869565217391305, 0.0, 0.0, 0.39765228322541507, 0.3976703583624349, 0.47181765037102635, 0.5231788595542802, 0.06093763879367284, 0.06093763879367284, 0.9464736767113209, 0.0, 0.0, 0.0, 0.0959756352007389, 0.49715750967152417, 0.4970257293898612, 0.1498633623123169, -0.0, 0.299728125333786, 0.48717219488961355, 0.3036523759365082, 0.7647724172403646, 0.2541397213935852, 0.0]
[0.4642857142857143, 0.5, 0.3333333333333333, 0.42424242424242425, 0.6153846153846154, 0.5869565217391305, 0.0, 0.0, 0.38898525502440123, 0.38900317060787865, 0.46427684794420493, 0.5311224406530884, 0.05960459953972272, 0.05960459953972272, 0.9415094647556543, 0.0, 0.0, 0.0, 0.08939349763095378, 0.49664521613158286, 0.49677615775726736, 0.13800030946731567, 0.13800030946731567, 0.1455528736114502, 0.44177885055541993, 0.0, 0.6976744186046512, 0.09929196536540985, 0.0]
[0.4642857142857143, 0.5, 0.3333333333333333, 0.42424242424242425, 0.6153846153846154, 0.5869565217391305, 0.0, 0.0, 0.37623469323546666, 0.37625236948863044, 0.4669822150161116, 0.5288570510219155, 0.04545093114886965, 0.04545093114886965, 0.9506864957511425, 0.0, 0.0, 0.0, 0.045589004456996915, 0.49517183005809784, 0.4956600023433566, 0.0, -0.0, 0.06307435780763626, 0.4747702568769455, 0.0, 0.6976744186046512, 0.040409673005342484, 0.0]
[0.4642857142857143, 0.5, 0.3333333333333333, 0.42424242424242425, 0.6153846153846154, 0.5869565217391305, 0.010979975573718548, 0.0, 0.37230542512970266, 0.3723230330027768, 0.46600681862457305, 0.5299974998547465, 0.03860022207455976, 0.03860022207455976, 0.9547713622450829, 0.0, 0.0, 0.0, 0.03346672970801592, 0.494251137599349, 0.49482230795547366, 0.0, -0.0, 0.05213994160294533, 0.4791440233588219, 0.0, 0.6976744186046512, 0.02822481468319893, 0.0]
[0.4642857142857143, 0.5, 0.3333333333333333, 0.42424242424242425, 0.6153846153846154, 0.5869565217391305, 0.011165485717356205, 0.010956578887999058, 0.372556858719193, 0.3725744210055408, 0.4655110173881852, 0.5306043218649545, 0.032255151974303384, 0.032255151974303384, 0.9604022242128849, 0.0, 0.0, 0.0, 0.02029181057587266, 0.49460521806031466, 0.4950359519571066, 0.0, -0.0, 0.04248061403632164, 0.48300775438547133, 0.0, 0.6976744186046512, 0.020320529118180275, 0.0]
[0.4642857142857143, 0.5, 0.3333333333333333, 0.42424242424242425, 0.6153846153846154, 0.5869565217391305, 0.0, 0.0, 0.3704787536059465, 0.37049632728897586, 0.4670914664551131, 0.5291046809689214, 0.027015410097582, 0.027015410097582, 0.9653023928403854, 0.0, 0.0, 0.0, 0.015656732209026813, 0.49530112417414784, 0.4956003106199205, 0.0, -0.0, 0.03493180871009827, 0.48602727651596067, 0.0, 0.6976744186046512, 0.016051001846790314, 0.0]
[0.4642857142857143, 0.5, 0.3333333333333333, 0.42424242424242425, 0.6153846153846154, 0.5869565217391305, 0.0, 0.0, 0.37026083765704587, 0.3702783885467121, 0.46846773827281096, 0.5277238675736055, 0.023470332712999413, 0.023470332712999413, 0.9677978679537773, 0.0, 0.0, 0.0, 0.013234188314527273, 0.49575611716136336, 0.4959630216471851, 0.0, -0.0, 0.02976568415760994, 0.488093726336956, 0.0, 0.6976744186046512, 0.012819039635360241, 0.0]
[0.4642857142857143, 0.5, 0.3333333333333333, 0.42424242424242425, 0.6153846153846154, 0.5869565217391305, 0.0, 0.0, 0.37438469270447244, 0.37440230057754664, 0.4674449744233666, 0.528696346414654, 0.022025005891919136, 0.022025005891919136, 0.968031533062458, 0.0, 0.0, 0.0, 0.012357505224645137, 0.4959223880432546, 0.49609263287857175, 0.0, -0.0, 0.028460515663027763, 0.4886157937347889, 0.027342528104782104, 0.6274599408687548, 0.010975056327879429, 0.0]
[0.4642857142857143, 0.5, 0.3333333333333333, 0.42424242424242425, 0.6153846153846154, 0.5869565217391305, 0.0, 0.0, 0.3762110337244621, 0.3762286415975363, 0.46721166440679285, 0.528925388373968, 0.020236041662948474, 0.020236041662948474, 0.9691262748092413, 0.0, 0.0, 0.0, 0.011361357383430004, 0.49613033095374703, 0.496244732523337, 0.0, -0.0, 0.026788700371980667, 0.48928451985120774, 0.025681251659989357, 0.627724024098973, 0.009576021693646908, 0.0]

程序已被终止，正在关闭套接字...
套接字已关闭。
