[-0.23213782 -0.0004262  -0.11884253]
[-0.23502799  0.00042747 -0.11522109]
[-0.1911199   0.02366039 -0.07192393]
[-0.19891133  0.0131275  -0.07567381]
[-0.20096817  0.00691956 -0.07851262]
[-0.20719728  0.00038202 -0.07576381]
[-0.20950022 -0.00305864 -0.07092734]
[-0.21316346 -0.00569048 -0.06674269]
[-0.21734062 -0.00759099 -0.0639163 ]
[-0.217474   -0.00776601 -0.06130883]
[-0.21549937 -0.00685001 -0.05925176]
[-0.21112637 -0.00565444 -0.05788538]
[-0.20446814 -0.00208065 -0.05656969]
[-0.20358341  0.00095751 -0.05702914]
[-0.20259324  0.00451934 -0.05751234]
[-0.20113781  0.01032617 -0.05591498]
[-0.20156572  0.01120966 -0.0548826 ]
[-0.21598135 -0.00251663 -0.03853596]
[-0.21635568 -0.00517697 -0.03764325]
[-0.23403376 -0.00248587 -0.03665925]
[-0.24083924 -0.00151011 -0.03917666]
[-0.27183386 -0.00135796 -0.0351146 ]
[-0.27469006 -0.0023767  -0.03268689]
[-0.266647   -0.00191374 -0.0256661 ]
[-0.266647   -0.00191374 -0.0256661 ]
[-0.26483161 -0.00463743 -0.03519876]
[-0.25772765 -0.00117648 -0.03488492]
[-0.25368011  0.00196574 -0.03491544]
[-0.24616504  0.01582679 -0.03446877]
[-0.24708203  0.01858832 -0.03285592]
[-0.24994759  0.01944053 -0.0265197 ]
[-0.24994759  0.01944053 -0.0265197 ]
[-0.24859016  0.01882032 -0.02264434]
[-0.24163929  0.01859353 -0.0203214 ]
[-0.19339179  0.03198706 -0.01206512]
[-0.15923866  0.03779052 -0.00598098]
[-0.15018224  0.03846457 -0.00544427]
[-0.14589893  0.03901457 -0.00462355]
[-0.13569065  0.04318145  0.00049557]
[-0.13433173  0.04355535  0.0008974 ]
[-0.1246263   0.04187357 -0.00393474]
[-0.12322477  0.04130163 -0.00450307]
[-0.12173328  0.04056327 -0.00467425]
[-0.11167028  0.03429364 -0.00523017]
[-0.10971366  0.03333743 -0.00645649]
[-0.11265946  0.03175931 -0.00788684]
[-0.11095439  0.02436656 -0.01240792]
[-0.10745302  0.02249445 -0.01566486]
[-0.10599292  0.02021452 -0.01909868]
[-0.10485481  0.01766357 -0.02304767]
[-0.10313898  0.0123498  -0.03012748]
[-0.10234206  0.00985316 -0.03303443]
[-0.10177711  0.00799305 -0.03493188]
[-0.10296988  0.00642551 -0.03320198]
[-0.06483019  0.01782625 -0.01213256]
[-0.04698689  0.01920291 -0.00298884]
[-0.03993547  0.01978137  0.00143646]
[-0.03272649  0.02089404  0.00587096]
[-0.02574491  0.02260366  0.01037571]
[-0.01019388  0.02671338  0.01936719]
[-0.00220027  0.02888742  0.02260854]
[0.00701954 0.03056549 0.02419033]
[0.01690549 0.0312065  0.02367652]
[0.05801213 0.02933705 0.01436832]
[0.07177188 0.0281009  0.01096833]
[0.08383653 0.02753334 0.00878449]
[0.09428561 0.02682924 0.00479545]
[ 0.12328318  0.02507402 -0.00670371]
[ 0.13096321  0.02474809 -0.0090014 ]
[ 0.13827152  0.0253541  -0.01020073]
[ 0.1656442   0.02458091 -0.01394252]
[ 0.1755139   0.02380777 -0.01599317]
[ 0.1755139   0.02380777 -0.01599317]
[ 0.17900149  0.02342212 -0.01664159]
[ 0.18594343  0.02076366 -0.01787009]
[ 0.18737174  0.02023795 -0.01753538]
[ 0.18924338  0.01941635 -0.01566335]
[ 0.19290165  0.01779754 -0.0099409 ]
[ 0.19680271  0.01657694 -0.00769336]
[ 0.20878387  0.0179222  -0.00649126]
[ 0.22546745  0.02092439 -0.00798364]
[ 0.24231658  0.02457367 -0.00999518]
[ 0.24761546  0.02566299 -0.01040423]
[ 0.26819599  0.02833457 -0.01180313]
[ 0.26924056  0.02812169 -0.0127034 ]
[ 0.26807067  0.02738037 -0.01438352]
[ 0.27127171  0.023732   -0.01602762]
[ 0.27127171  0.023732   -0.01602762]
[ 0.27403841  0.02339002 -0.01556609]
[ 0.28992072  0.02608082 -0.0107567 ]
[ 0.29396651  0.02780848 -0.00753384]
[ 0.29529554  0.02796334 -0.00477382]
[0.29714716 0.02656286 0.0063978 ]
[0.29664824 0.02507521 0.01049252]
[0.29607839 0.02021996 0.02002857]
[0.29558364 0.01715535 0.02614886]
[0.29555756 0.01454921 0.03325383]
[0.28822929 0.01906127 0.10810824]
[0.28228915 0.01941423 0.11794051]
[0.27867026 0.01990608 0.11988949]
[0.27603469 0.02126692 0.12071026]
[0.27344669 0.02252066 0.12066215]
[0.26746253 0.02811394 0.11952049]
[0.23931996 0.04350543 0.10875698]
[0.2343489  0.04452141 0.10722015]
[0.21182666 0.04751685 0.10454968]
[0.2073868  0.04781704 0.10313217]
[0.17694736 0.05841973 0.10243905]
[0.17079175 0.06057341 0.10531692]
[0.13158972 0.0695864  0.16865429]
[0.1257481  0.07109243 0.18181497]
[0.11304081 0.0763705  0.22787471]
[0.11490161 0.07247745 0.24410571]
[0.11473865 0.06979134 0.25119367]
[0.11137033 0.06601422 0.26247737]
[0.0916296  0.05792484 0.24860922]
[0.07907265 0.06984324 0.1658012 ]
[0.07752459 0.07277434 0.14020334]
[0.07344063 0.07373352 0.11500689]
[0.06904619 0.0725801  0.08898388]
[0.06439342 0.07058767 0.06008031]
[ 0.04841903  0.06501994 -0.07064767]
[ 0.03543106  0.06015979 -0.10391191]
[ 0.02932312  0.05623917 -0.10784353]
[ 0.02784335  0.05406537 -0.10818423]
[ 0.02723228  0.05187382 -0.10796604]
[ 0.02704381  0.04713592 -0.10586873]
[ 0.02553189  0.04448987 -0.10384   ]
[ 0.01207151  0.03084971 -0.08757373]
[ 0.0096788   0.02855282 -0.08420131]
[ 0.00641755  0.02484085 -0.07543323]
[ 0.00592894  0.02339712 -0.07075085]
[ 0.00150413  0.02153968 -0.06213653]
[-0.00173443  0.02051399 -0.05849807]
[-0.00677569  0.02021149 -0.0549876 ]
[-0.01819898  0.01973459 -0.05191432]
[-0.02594963  0.01886272 -0.04926278]
[-0.0308547   0.01858583 -0.04683932]
[-0.03945775  0.01581734 -0.03449816]
[-0.04454753  0.01599318 -0.0333886 ]
[-0.06588602  0.01844418 -0.02681763]
[-0.06780766  0.01878014 -0.02587065]
[-0.07067161  0.01897273 -0.02597304]
[-0.07554226  0.02059304 -0.02614112]
[-0.07755828  0.02233006 -0.02688863]
[-0.08007737  0.02809272 -0.02927828]
[-0.07997361  0.03217824 -0.03182349]
[-0.07173985  0.0660888  -0.06300162]
[-0.07173985  0.0660888  -0.06300162]
[-0.07411996  0.0855205  -0.08617579]
[-0.07307585  0.09515538 -0.0985181 ]
[-0.06994147  0.11104105 -0.11957037]
[-0.06358735  0.12607178 -0.13237363]
[-0.06013198  0.13351123 -0.13630931]
[-0.05678973  0.1400345  -0.13791464]
[-0.05372856  0.14494617 -0.13854684]
[-0.04983094  0.15143919 -0.13443044]
[-0.04545381  0.15388748 -0.13027379]
[-0.03820014  0.1560818  -0.12472545]
[-0.0016205   0.15862529 -0.10219123]
[ 0.02171496  0.15821542 -0.0825603 ]
[ 0.05923378  0.13963276 -0.03833702]
[ 0.06433732  0.13920096 -0.03375522]
[ 0.07995451  0.13757713 -0.01128334]
[ 0.0876025   0.13693367 -0.00490373]
[ 0.0876025   0.13693367 -0.00490373]
[ 0.09636719  0.13508324 -0.00249966]
[0.1052323  0.13338174 0.00025482]
[0.12150014 0.13038473 0.00602793]
[0.12717346 0.12918523 0.0083748 ]
[0.13249264 0.12703604 0.00970813]
[0.14313278 0.12223992 0.01265391]
[0.14313278 0.12223992 0.01265391]
[0.15361366 0.11627489 0.0136846 ]
[0.1594503  0.11380387 0.01452274]
[0.16472152 0.1115942  0.01618382]
[0.17377514 0.10899383 0.02425659]
[0.17377514 0.10899383 0.02425659]
[0.18152431 0.10719752 0.03665201]
[0.19833047 0.09656132 0.07110551]
[0.19999979 0.08899765 0.09701978]
[0.20040435 0.0892222  0.1059739 ]
[0.20062101 0.09116486 0.10976692]
[0.20019037 0.09398794 0.11180097]
[0.20105813 0.09602651 0.11273132]
[0.20207248 0.09954432 0.11169758]
[0.20281268 0.09967876 0.11118461]
[0.19825188 0.10440678 0.11237563]
[0.19738159 0.10606904 0.11022922]
[0.19680635 0.10786659 0.10764882]
[0.19422523 0.11197833 0.10065443]
[0.19237108 0.11397916 0.09624234]
[0.17405022 0.11790603 0.06395689]
[0.17285622 0.11737996 0.05790965]
[0.17228822 0.11465259 0.04740602]
[0.1715968  0.11227853 0.04329442]
[0.16880051 0.10921678 0.03920681]
[0.16439409 0.10575283 0.03512958]
[0.15552489 0.10003863 0.02762206]
[0.15108574 0.09726122 0.02491754]
[0.13565678 0.08791027 0.01707708]
[0.13030014 0.08465685 0.01438383]
[0.10216442 0.07637676 0.00617299]
[0.09568269 0.0761931  0.00547476]
[0.08467173 0.07553665 0.00518886]
[0.078549   0.071918   0.00533587]
[0.078549   0.071918   0.00533587]
[0.07659321 0.06937409 0.00585295]
[0.07357465 0.0663772  0.00649607]
[0.06481249 0.05991192 0.00686162]
[0.05997292 0.05677503 0.00701266]
[0.0556544  0.05427114 0.00740073]
[0.04915286 0.04943421 0.0064891 ]
[0.0466335  0.04794052 0.0053808 ]
[0.04431572 0.04638782 0.00415644]
[0.02567423 0.04566989 0.00252244]
[0.01261861 0.04567394 0.0012493 ]
[0.00673576 0.04395266 0.00063976]
[ 0.00119043  0.04168632 -0.00062881]
[-0.01025767  0.0384349  -0.00311663]
[-0.01633444  0.03835997 -0.00379096]
[-0.02271354  0.03966553 -0.0028259 ]
[-0.05602981  0.04769154 -0.00193932]
[-0.07922272  0.05247126 -0.0119575 ]
[-0.06969265  0.04675878 -0.01079184]
[-0.07178241  0.04594707 -0.01131596]
[-0.07471139  0.0451353  -0.01191346]
[-0.07651798  0.04442211 -0.01269241]
[-0.08278814  0.04030405 -0.01295061]
[-0.08801169  0.03829658 -0.01270739]
[-0.08307421  0.01599182 -0.01401499]
[-0.08307421  0.01599182 -0.01401499]
[-0.07903902  0.01192397 -0.01621449]
[-0.07648482  0.00728726 -0.01942909]
[-0.06858733 -0.00596972 -0.02883057]
[-0.0641479  -0.01016833 -0.03079789]
[-0.05507533 -0.01890716 -0.03166084]
[-0.04973934 -0.0221517  -0.0314782 ]
[-0.04269783 -0.02556805 -0.03080059]
[-0.03695808 -0.02811681 -0.0299812 ]
[-0.03273332 -0.03003064 -0.02877896]
[-0.02982471 -0.03122848 -0.02836464]
[-0.02118623 -0.02752567 -0.02672714]
[-0.02052347 -0.02457541 -0.02687253]
[-0.01378276 -0.02352744 -0.03742777]
[-0.01359081 -0.02525401 -0.03783456]
[ 0.00164417 -0.03703498 -0.03755652]
[ 0.00399438 -0.03872985 -0.03610045]
[ 0.01337229 -0.02717803 -0.03021365]
[ 0.01605604 -0.01988198 -0.02795011]
[ 0.01607261 -0.0177265  -0.02755747]
[ 0.01623779 -0.01559435 -0.02483985]
[ 0.02669241 -0.011541   -0.01603825]
[ 0.03020138 -0.01099636 -0.0145689 ]
[ 0.03377478 -0.00964185 -0.01327227]
[ 0.0383343  -0.00820062 -0.01265053]
[ 0.04187813 -0.00660129 -0.01324954]
[ 0.04889405 -0.00397595 -0.01527057]
[ 0.05030795 -0.00246034 -0.0159343 ]
[ 0.05157285 -0.00104497 -0.01655249]
[ 0.05265532  0.00054938 -0.01680975]
[ 0.05654565  0.00384644 -0.0197323 ]
[ 0.05828719  0.00560425 -0.02134323]
[ 0.05975758  0.00712597 -0.023278  ]
[ 0.06585557  0.0085755  -0.02488258]
[ 0.0661011   0.00814986 -0.02539847]
[ 0.06523629  0.00771974 -0.02493735]
[ 0.06486922  0.00727859 -0.02443135]
[ 0.06417098  0.00808022 -0.0250043 ]
[ 0.0637887   0.00826732 -0.02546687]
[ 0.06268494  0.00811633 -0.02651632]
[ 0.05669533  0.00467761 -0.02797155]
[ 0.05669533  0.00467761 -0.02797155]
[ 0.05601843  0.00453828 -0.02717564]
[ 0.05458367  0.00506676 -0.02629047]
[ 0.04604219  0.00770779 -0.02573583]
[ 0.04343771  0.00847363 -0.02593325]
[ 0.04038545  0.00933689 -0.02757831]
[ 0.03989487  0.00996435 -0.02822938]
[ 0.04012789  0.01078482 -0.0289655 ]
[ 0.0326674   0.01959088 -0.03240985]
[ 0.03113808  0.02273891 -0.03500596]
[ 0.02866625  0.02517325 -0.03700413]

程序已被终止，正在关闭套接字...
套接字已关闭。
