YAML 文件验证通过
init data completed...
[0.4642857142857143, 0.5, 0.3333333333333333, 0.42424242424242425, 0.6153846153846154, 0.5869565217391305, 0.004862056113779545, 0.0046244533732533455, 0.44271862005412466, 0.4427286719272971, 0.4549249959949326, 0.5391572664339679, 0.048130923616034646, 0.048130923616034646, 0.9539836812764406, 0.0, 0.0, 0.0, 0.06653902605175971, 0.4902543742209673, 0.49141294229775667, 0.10228468477725983, -0.0, 0.058705683797597885, 0.47651772648096086, 0.054276589304208755, 0.621926143418911, 0.022223014384508133, 0.0]
[0.4642857142857143, 0.5, 0.3333333333333333, 0.42424242424242425, 0.6153846153846154, 0.5869565217391305, 0.0, 0.0, 0.42176907468252384, 0.4217790410805843, 0.47164914188603824, 0.5224811718016642, 0.14412222164017816, 0.14412222164017816, 0.8920542486011982, 0.0, 0.0, 0.0, 0.02904620599001646, 0.4501390717923641, 0.45201490074396133, 0.0, -0.0, 0.08688114583492279, 0.4652475416660309, 0.0908856987953186, 0.5982564701590427, 0.035452987998723984, 0.09638851508498192]
[0.4642857142857143, 0.5, 0.3333333333333333, 0.42424242424242425, 0.6153846153846154, 0.5869565217391305, 0.0, 0.0, 0.4410526645343117, 0.4410626936141209, 0.4542809096850583, 0.5399240622392297, 0.041221775380628455, 0.041221775380628455, 0.9561040345579386, 0.0, 0.0, 0.0, 0.03092780206352472, 0.49200087785720825, 0.4923440353013575, 0.0, -0.0, 0.0, 0.5, 0.0, 0.6976744186046512, 0.02378193661570549, 0.0]
[0.4642857142857143, 0.5, 0.3333333333333333, 0.42424242424242425, 0.6153846153846154, 0.5869565217391305, 0.0, 0.0, 0.4455912961102808, 0.4456013707768165, 0.45884502709025865, 0.5352573647275203, 0.03765067085623741, 0.03765067085623741, 0.9585479237139225, 0.0, 0.0, 0.0, 0.029026616923511026, 0.49288042122498155, 0.49314962048083544, 0.0, -0.0, 0.0, 0.5, 0.0, 0.6976744186046512, 0.020186275243759155, 0.0]
[0.4642857142857143, 0.5, 0.3333333333333333, 0.42424242424242425, 0.6153846153846154, 0.5869565217391305, 0.0, 0.0, 0.44408491692625085, 0.4440949801961049, 0.46299647635301255, 0.5311077303863114, 0.0371275150350162, 0.0371275150350162, 0.9594268668442965, 0.0, 0.0, 0.0, 0.028226546198129653, 0.49296034406870604, 0.49317309679463506, 0.0, -0.0, 0.0, 0.5, 0.0, 0.6976744186046512, 0.018460262566804886, 0.0]
[0.4642857142857143, 0.5, 0.3333333333333333, 0.42424242424242425, 0.6153846153846154, 0.5869565217391305, 0.9503072500228882, 0.9501861333847046, 0.35651698668645854, 0.3565261040317397, 0.47396527809121186, 0.5233982513734483, 0.07905634386198862, 0.07905634386198862, 0.9207945615053177, 0.0, 0.0, 0.0, 0.06376474015414714, 0.48042209818959236, 0.48121604695916176, 0.0, -0.0, 0.056716352701187134, 0.47731345891952515, 0.053853586316108704, 0.6118616894927136, 0.019061647355556488, 0.0]
[0.4642857142857143, 0.5, 0.3333333333333333, 0.42424242424242425, 0.6153846153846154, 0.5869565217391305, 0.0, 0.0, 0.447408844590415, 0.44741883378183867, 0.47456082878331607, 0.520049407714133, 0.04691312887838909, 0.04691312887838909, 0.9595941808074713, 0.0, 0.0, 0.0, 0.027517634257674214, 0.4896720414981246, 0.48973515536636114, 0.0, -0.0, 0.0, 0.5, 0.0, 0.6976744186046512, 0.018315039575099945, 0.0]
[0.4642857142857143, 0.5, 0.3333333333333333, 0.42424242424242425, 0.6153846153846154, 0.5869565217391305, 0.0, 0.0, 0.4351698228551598, 0.43517978925322026, 0.4770257002308993, 0.517442439591173, 0.0398494050438915, 0.0398494050438915, 0.9640974085777998, 0.0, 0.0, 0.0, 0.024077934212982655, 0.4918135618790984, 0.49190359748899937, 0.0, -0.0, 0.0, 0.5, 0.0, 0.6976744186046512, 0.01596974767744541, 0.0]
[0.4642857142857143, 0.5, 0.3333333333333333, 0.42424242424242425, 0.6153846153846154, 0.5869565217391305, 0.0, 0.0, 0.416297653209183, 0.416307488545405, 0.47470862095032323, 0.5200914985084575, 0.034301284966724264, 0.034301284966724264, 0.9669594578444958, 0.0, 0.0, 0.0, 0.020037484541535377, 0.49330387776717544, 0.49339528381824493, 0.0, -0.0, 0.0, 0.5, 0.0, 0.6976744186046512, 0.013883219100534916, 0.0]
[0.4642857142857143, 0.5, 0.3333333333333333, 0.42424242424242425, 0.6153846153846154, 0.5869565217391305, 0.0, 0.0, 0.4021416526451621, 0.40215131703116014, 0.47699988532248694, 0.5182713829257926, 0.029600688389369422, 0.029600688389369422, 0.9691777043044567, 0.0, 0.0, 0.0, 0.016793061047792435, 0.494437322486192, 0.49451920855790377, 0.0, -0.0, 0.0, 0.5, 0.0, 0.6976744186046512, 0.012231468223035336, 0.0]
[0.4642857142857143, 0.5, 0.3333333333333333, 0.42424242424242425, 0.6153846153846154, 0.5869565217391305, 0.42507606744766235, 0.4241970181465149, 0.2510823875266781, 0.2510905475507047, 0.5026154789510922, 0.4965324264588771, 0.028158805466123992, 0.028158805466123992, 0.9586481023579836, 0.0, 0.0, 0.0, 0.017879244405776262, 0.49469367787241936, 0.494789669290185, 0.0, -0.0, 0.0, 0.5, 0.0, 0.6976744186046512, 0.01197533868253231, 0.0]
[0.4642857142857143, 0.5, 0.3333333333333333, 0.42424242424242425, 0.6153846153846154, 0.5869565217391305, 0.570992648601532, 0.5680521726608276, 0.22518951441544194, 0.22519730974565727, 0.5092223215399463, 0.49109913828217455, 0.030410102169428556, 0.030410102169428556, 0.9464427623897791, 0.0, 0.0, 0.0, 0.02423389051109552, 0.49255682341754436, 0.4930421682074666, 0.0, -0.0, 0.03278791904449463, 0.48688483238220215, 0.0, 0.6976744186046512, 0.012881988659501076, 0.0]
[0.4642857142857143, 0.5, 0.3333333333333333, 0.42424242424242425, 0.6153846153846154, 0.5869565217391305, 0.0757112205028534, 0.075072281062603, 0.33114448605714286, 0.3311534438488816, 0.5437500970313471, 0.4540476146614524, 0.028144272842577527, 0.028144272842577527, 0.953933821991086, 0.0, 0.0, 0.0, 0.019386030081659553, 0.49276347691193223, 0.4930163468234241, 0.0, -0.0, 0.0, 0.5, 0.0, 0.6976744186046512, 0.012684965506196022, 0.0]
[0.4642857142857143, 0.5, 0.3333333333333333, 0.42424242424242425, 0.6153846153846154, 0.5869565217391305, 0.06899867206811905, 0.06820494681596756, 0.3273489808033347, 0.327357949991755, 0.5425617393982343, 0.45510850895836474, 0.02518644157264914, 0.02518644157264914, 0.9553783088922501, 0.0, 0.0, 0.0, 0.017182367667555806, 0.493292139377445, 0.4933873312547803, 0.0, -0.0, 0.0, 0.5, 0.0, 0.6976744186046512, 0.011931613087654114, 0.0]
[0.4642857142857143, 0.5, 0.3333333333333333, 0.42424242424242425, 0.6153846153846154, 0.5869565217391305, 0.06838243454694748, 0.06758657097816467, 0.3268116500591912, 0.3268206306442932, 0.5421240441429911, 0.4555396682167094, 0.024928748607635498, 0.024928748607635498, 0.9550781659781933, 0.0, 0.0, 0.0, 0.017003662418574095, 0.493270265404135, 0.4933414850383997, 0.0, -0.0, 0.0, 0.5, 0.0, 0.6976744186046512, 0.011866495944559574, 0.0]
[0.4642857142857143, 0.5, 0.3333333333333333, 0.42424242424242425, 0.6153846153846154, 0.5869565217391305, 0.06338228285312653, 0.06260708719491959, 0.3265107890615956, 0.3265197354566527, 0.542987505177011, 0.45467062565787525, 0.02406639313059194, 0.02406639313059194, 0.9509797636419535, 0.0, 0.0, 0.0, 0.016860573831945655, 0.4926065197214484, 0.4925122275017202, 0.0, -0.0, 0.0, 0.5, 0.0, 0.6976744186046512, 0.012378333136439323, 0.0]
[0.4642857142857143, 0.5, 0.3333333333333333, 0.42424242424242425, 0.6153846153846154, 0.5869565217391305, 0.39730262756347656, 0.39589768648147583, 0.23662922988658197, 0.23663718477033974, 0.5363439350009649, 0.4639272896732422, 0.0244918345872845, 0.0244918345872845, 0.9449156820774078, 0.0, 0.0, 0.0, 0.017569942120462655, 0.4922466794960201, 0.4922276488505304, 0.0, -0.0, 0.0, 0.5, 0.0, 0.6976744186046512, 0.013397572562098503, 0.0]
[0.4642857142857143, 0.5, 0.3333333333333333, 0.42424242424242425, 0.6153846153846154, 0.5869565217391305, 0.09073412418365479, 0.09002845734357834, 0.3261453088793198, 0.3261542552743769, 0.5026868697234481, 0.4945813031720335, 0.027250865740435466, 0.027250865740435466, 0.9481510911136866, 0.0, 0.0, 0.0, 0.015086505748331546, 0.490947462618351, 0.49117203522473574, 0.0, -0.0, 0.0, 0.5, 0.0, 0.6976744186046512, 0.015806805342435837, 0.0]
[0.5495703195532163, 0.5795989649163352, 0.3333333333333333, 0.42424242424242425, 0.45618668555194497, 0.42775859190646004, 0.286126971244812, 0.2853543758392334, 0.26012713594600756, 0.2601354099368502, 0.4614055850765673, 0.5373074667694869, 0.07099728765232223, 0.07099728765232223, 0.8818266652524471, 0.0, 0.0, 0.0, 0.23951601684093474, 0.4104415029287338, 0.4186056852340698, 0.3507433533668518, 0.3507433533668518, 0.09617087990045547, 0.46153164803981783, 0.10352461040019989, 0.6219684453897698, 0.26403528451919556, 0.01701298402622342]
[0.7596869724137443, 0.7757078409194946, 0.3333333333333333, 0.42424242424242425, 0.06396893354562616, 0.03554083990014123, 0.0, 0.0, 0.2717149398978764, 0.27172339623562464, 0.4711107455521651, 0.5268722135017246, 0.055243883814130514, 0.055243883814130514, 0.9010661654174328, 0.0, 0.0, 0.0, 0.2884657353162765, 0.4242435246706009, 0.429869182407856, 0.4207805395126343, 0.4207805395126343, 0.0, 0.5, 0.0, 0.6976744186046512, 0.3787112534046173, 0.018113567493855953]
[0.7461423756820815, 0.7630662173032761, 0.3333333333333333, 0.42424242424242425, 0.0892521807780633, 0.060824087132578364, 0.0, 0.0, 0.2669271711637595, 0.266935650294871, 0.47780588143870206, 0.5200785319339655, 0.04932871354477746, 0.04932871354477746, 0.9002149030566216, 0.0, 0.0, 0.0, 0.29398127794265744, 0.42407791316509247, 0.4291795492172241, 0.42575785517692566, 0.42575785517692566, 0.0, 0.5, 0.0, 0.6976744186046512, 0.4014061987400055, 0.015144948847591877]
[0.7464550162355105, 0.7633580151531432, 0.3333333333333333, 0.42424242424242425, 0.0886685850783292, 0.06024049143284427, 0.0, 0.0, 0.26567328546060887, 0.26568171900499393, 0.47908402355405616, 0.5188027275629249, 0.048591984169823785, 0.048591984169823785, 0.8998039923608303, 0.0, 0.0, 0.0, 0.29829257279634475, 0.42409421503543854, 0.42905160784721375, 0.4282550811767578, 0.4282550811767578, 0.0, 0.5, 0.0, 0.6976744186046512, 0.44437459111213684, 0.014972399221733212]
[0.7899835521266574, 0.803984648651547, 0.3333333333333333, 0.42424242424242425, 0.007415318081521627, -0.021012775563963304, 0.0, 0.0, 0.2569144114025692, 0.2569227765668647, 0.49647062542504605, 0.5017287320383598, 0.043228540037359514, 0.043228540037359514, 0.9004794955253601, 0.0, 0.0, 0.0, 0.32411325722932816, 0.4352065175771713, 0.4365391954779625, 0.46008098125457764, 0.46008098125457764, 0.0, 0.5, 0.0, 0.6976744186046512, 0.55836421251297, 0.0021587079390883446]
[0.8155659898405982, 0.8278615905178918, 0.3333333333333333, 0.42424242424242425, -0.04033856565116811, -0.06876665929665304, 0.0, 0.0, 0.2575279175665365, 0.25753630552419515, 0.5072934809025114, 0.4907662981960053, 0.03901768608817033, 0.03901768608817033, 0.9061339721083641, 0.0, 0.0, 0.0, 0.32728640437126155, 0.4420354329049587, 0.44301190599799156, 0.4688986837863922, 0.4688986837863922, 0.0, 0.5, 0.0, 0.6976744186046512, 0.5660107731819153, 0.0]
[0.7932857204051245, 0.8070666723781161, 0.3333333333333333, 0.42424242424242425, 0.0012512706283830388, -0.027176823017101892, 0.0, 0.0, 0.2695470403302924, 0.2695519864901074, 0.5141887161631429, 0.4835335879612557, 0.0378433002957276, 0.0378433002957276, 0.9113326221704483, 0.0, 0.0, 0.0, 0.3321951866149902, 0.4434201009571552, 0.4443480670452118, 0.4767307639122009, 0.4767307639122009, 0.0, 0.5, 0.0, 0.6976744186046512, 0.5675377249717712, 0.0]
[0.7902194516999381, 0.8042048215866089, 0.3333333333333333, 0.42424242424242425, 0.006974972211397645, -0.021453121434087286, 0.0, 0.0, 0.2805179874938031, 0.2805230020337077, 0.5338588144993462, 0.4638839082047264, 0.03709055882479464, 0.03709055882479464, 0.91667265817523, 0.0, 0.0, 0.0, 0.33465393781661984, 0.44447290524840355, 0.4452042765915394, 0.4806697368621826, 0.4806697368621826, 0.0, 0.5, 0.0, 0.6976744186046512, 0.5720658898353577, 0.0]
[0.7878721285433996, 0.8020139866405063, 0.3333333333333333, 0.42424242424242425, 0.011356642103602765, -0.017071451541882166, 0.0, 0.0, 0.28446650459479195, 0.2844716103081494, 0.5462406736942824, 0.4516042231095174, 0.03703949839941093, 0.03703949839941093, 0.9183750301599503, 0.0, 0.0, 0.0, 0.3354755625128746, 0.44472769647836685, 0.44536007568240166, 0.48225417733192444, 0.48225417733192444, 0.0, 0.5, 0.0, 0.6976744186046512, 0.5738536715507507, 0.0]
[0.7524747216985339, 0.7689764069186317, 0.3333333333333333, 0.42424242424242425, 0.07743180154735207, 0.049003707901867144, 0.0, 0.0, 0.3068439572992562, 0.3068493137396089, 0.6567406248636045, 0.34336860452914963, 0.041765546692269194, 0.041765546692269194, 0.9218886271119118, 0.0, 0.0, 0.0, 0.35777496099472045, 0.4425490088760853, 0.4430661052465439, 0.5225263237953186, 0.5225263237953186, 0.0, 0.5, 0.0, 0.6976744186046512, 0.5803560614585876, 0.05844270810484886]
[0.7504500441607975, 0.7670867078834109, 0.3333333333333333, 0.42424242424242425, 0.08121119961779344, 0.05278310597230851, 0.0, 0.0, 0.30706881382725204, 0.30707426144105754, 0.6963268046625257, 0.3049865867115521, 0.04822413570114545, 0.04822413570114545, 0.920956440269947, 0.0, 0.0, 0.0, 0.3621695667505264, 0.44342953339219093, 0.4439462684094906, 0.5206846594810486, 0.5206846594810486, 0.0, 0.5, 0.0, 0.6976744186046512, 0.5937173962593079, 0.0953464861959219]
[0.7518975145760036, 0.7684376802709367, 0.3333333333333333, 0.42424242424242425, 0.07850925484274196, 0.05008116119725703, 0.0, 0.0, 0.3106518735393283, 0.3106573325498154, 0.6973703532100408, 0.30385268527230114, 0.05089096192802702, 0.05089096192802702, 0.920731108635664, 0.0, 0.0, 0.0, 0.3596452265977859, 0.4448714926838875, 0.4449656717479229, 0.5127330422401428, 0.5127330422401428, 0.0, 0.5, 0.0, 0.6976744186046512, 0.5895887017250061, 0.11347412131726742]
[0.7518667809310413, 0.7684089955356386, 0.3333333333333333, 0.42424242424242425, 0.07856662431333827, 0.05013853066785334, 0.0, 0.0, 0.31845152309702185, 0.31845706188428013, 0.6986068931637941, 0.3025782171621783, 0.05292522055762155, 0.05292522055762155, 0.9215705506503582, 0.0, 0.0, 0.0, 0.3612135827541351, 0.44627520814538, 0.44617143273353577, 0.5147543549537659, 0.5147543549537659, 0.0, 0.5, 0.0, 0.6976744186046512, 0.5785118341445923, 0.12439072132110596]
[0.7326933858650071, 0.7505138268073399, 0.3333333333333333, 0.42424242424242425, 0.11435696176993548, 0.08592886812445055, 0.0, 0.0, 0.3235382723762702, 0.32354391373366287, 0.6826251783972717, 0.3178024970727892, 0.05531733057328633, 0.05531733057328633, 0.9244036972522736, 0.0, 0.0, 0.0, 0.36928746998310086, 0.4469336271286011, 0.44695813953876495, 0.5277547240257263, 0.5277547240257263, 0.0, 0.5, 0.0, 0.6976744186046512, 0.5557863116264343, 0.1366583164781332]
[0.7294291091107187, 0.7474671685033374, 0.3333333333333333, 0.42424242424242425, 0.12045027837794053, 0.0920221847324556, 0.0, 0.0, 0.32147183746498353, 0.321477399045605, 0.6724176721408763, 0.327736870457925, 0.0555698892899922, 0.0555698892899922, 0.9255642779171467, 0.0, 0.0, 0.0, 0.3830064296722412, 0.44581114128232, 0.446133378893137, 0.5514385104179382, 0.5514385104179382, 0.0, 0.5, 0.0, 0.6976744186046512, 0.547339916229248, 0.14122933149337769]
[0.7237072051281022, 0.7421267247862287, 0.3333333333333333, 0.42424242424242425, 0.13113116581215822, 0.10270307216667329, 0.44014275074005127, 0.4397061765193939, 0.230022710322422, 0.23002704106143051, 0.6394375446421694, 0.362154780514103, 0.06954136969787734, 0.06954136969787734, 0.9244696609675884, 0.0, 0.0, 0.0, 0.35812176465988155, 0.4267989546060562, 0.4304141327738762, 0.5147128701210022, 0.5147128701210022, 0.0, 0.5, 0.0, 0.6976744186046512, 0.5379995107650757, 0.14793425798416138]
[0.7075229475185985, 0.7270214176840253, 0.3333333333333333, 0.42424242424242425, 0.16134178001656496, 0.13291368637108003, 0.03033466264605522, 0.03006417490541935, 0.32136908498366523, 0.3213746693576499, 0.6549510951251875, 0.3446712452361912, 0.06878706493547986, 0.06878706493547986, 0.925131268799305, 0.0, 0.0, 0.0, 0.3929125934839248, 0.43632103502750397, 0.43752723932266235, 0.5665361285209656, 0.5665361285209656, 0.0, 0.5, 0.0, 0.6976744186046512, 0.5380744934082031, 0.1546111609786749]
[0.7059900703884306, 0.7255907323625352, 0.3333333333333333, 0.42424242424242425, 0.16420315065954488, 0.13577505701405995, 0.0, 0.0, 0.3316106217313223, 0.3316162972787598, 0.6310472620604827, 0.3677290000554886, 0.06190822858895575, 0.06190822858895575, 0.9282909370958805, 0.0, 0.0, 0.0, 0.3892088204622268, 0.43942179530858994, 0.4412098899483681, 0.5626184940338135, 0.5626184940338135, 0.0, 0.5, 0.0, 0.6976744186046512, 0.5285307765007019, 0.14862059615552425]
[0.7115945478989965, 0.7308215780390633, 0.3333333333333333, 0.42424242424242425, 0.15374145930648875, 0.12531336566100382, 0.4526141881942749, 0.4521220326423645, 0.24923708242850368, 0.24924161830778108, 0.5438285574858321, 0.45525854627164736, 0.06582608446478844, 0.06582608446478844, 0.9318187311291695, 0.0, 0.0, 0.0, 0.3550957232713699, 0.428659163415432, 0.43703126907348633, 0.51258784532547, 0.51258784532547, 0.0, 0.5, 0.0, 0.6976744186046512, 0.4912523627281189, 0.12262634001672268]
[0.713636077940464, 0.7327270060777664, 0.3333333333333333, 0.42424242424242425, 0.14993060322908258, 0.12150250958359765, 0.11102696508169174, 0.11041975766420364, 0.336198902950688, 0.33620461268817037, 0.49442331022787733, 0.5022453550120334, 0.06543060232486043, 0.06543060232486043, 0.9340294674038887, 0.0, 0.0, 0.0, 0.3903100848197937, 0.44247525185346603, 0.44696202129125595, 0.558716893196106, 0.558716893196106, 0.0, 0.5, 0.0, 0.6976744186046512, 0.4965076148509979, 0.08933666162192822]
[0.6867802650445983, 0.7076615807082918, 0.3333333333333333, 0.42424242424242425, 0.20006145396803182, 0.1716333603225469, 0.0, 0.0, 0.3473741470285857, 0.3473799593362024, 0.4250771153725356, 0.5716266288533443, 0.05806830046432359, 0.05806830046432359, 0.9361827615648508, 0.0, 0.0, 0.0, 0.37294526398181915, 0.4469502791762352, 0.45214881375432014, 0.5254665613174438, 0.5254665613174438, 0.0, 0.5, 0.0, 0.6976744186046512, 0.49672600626945496, 0.03135232254862785]
[0.6588845728408723, 0.6816256013181474, 0.3333333333333333, 0.42424242424242425, 0.2521334127483205, 0.2237053191028356, 0.0, 0.0, 0.35592115677565506, 0.35592660438946055, 0.7254748891462104, 0.2812183741579042, 0.05635299852916173, 0.05635299852916173, 0.938285181298852, 0.0, 0.0, 0.0, 0.3511540651321411, 0.4478072002530098, 0.45437654480338097, 0.5022901892662048, 0.5022901892662048, 0.0, 0.5, 0.0, 0.6976744186046512, 0.4773102104663849, 0.007969505968503654]
[0.6882784437565577, 0.7090598808394538, 0.3333333333333333, 0.42424242424242425, 0.19726485370570784, 0.1688367600602229, 0.0, 0.0, 0.3543569394324979, 0.354362227492761, 0.7497770362328845, 0.25927194395160535, 0.05495578582797732, 0.05495578582797732, 0.9383090361952782, 0.0, 0.0, 0.0, 0.3461900100111961, 0.4469669871032238, 0.4542357474565506, 0.4942537546157837, 0.4942537546157837, 0.0, 0.5, 0.0, 0.6976744186046512, 0.4764115512371063, 0.0]
[0.6933034168822425, 0.7137498557567596, 0.3333333333333333, 0.42424242424242425, 0.18788490387109613, 0.1594568102256112, 0.0, 0.0, 0.3567845237870517, 0.35678980045063313, 0.7544737226876428, 0.25503292543659656, 0.05343402336750712, 0.05343402336750712, 0.9386818893253803, 0.0, 0.0, 0.0, 0.3354301571846008, 0.44626785814762115, 0.4542982392013073, 0.4808850586414337, 0.4808850586414337, 0.0, 0.5, 0.0, 0.6976744186046512, 0.4789365231990814, 0.0]
[0.685206294414543, 0.7061925414535735, 0.3333333333333333, 0.42424242424242425, 0.20299953247746855, 0.17457143883198362, 0.0, 0.0, 0.3558804250356116, 0.3558857472859195, 0.7469839375060101, 0.26200001321326205, 0.05219360813498497, 0.05219360813498497, 0.9384201001375914, 0.0, 0.0, 0.0, 0.3328106045722961, 0.4460883215069771, 0.45477382838726044, 0.4772695004940033, 0.4772695004940033, 0.0, 0.5, 0.0, 0.6976744186046512, 0.4845094680786133, 0.0]
[0.6820488447944324, 0.7032455884748035, 0.3333333333333333, 0.42424242424242425, 0.2088934384350084, 0.18046534478952347, 0.0, 0.0, 0.3591745674724105, 0.3591799353094447, 0.7499578559831725, 0.2592135929418061, 0.051769696708236425, 0.051769696708236425, 0.938959339633584, 0.0, 0.0, 0.0, 0.33259809762239456, 0.44681917130947113, 0.4557284899055958, 0.47704407572746277, 0.47704407572746277, 0.0, 0.5, 0.0, 0.6976744186046512, 0.48573461174964905, 0.0]
[0.6807393076873961, 0.7020233538415697, 0.3333333333333333, 0.42424242424242425, 0.21133790770147604, 0.1829098140559911, 0.0, 0.0, 0.35567305101719227, 0.355678407457545, 0.740969863038218, 0.2674783524723349, 0.051077439316681454, 0.051077439316681454, 0.9397716503590345, 0.0, 0.0, 0.0, 0.3353080123662948, 0.4477253258228302, 0.45671355724334717, 0.48071566224098206, 0.48071566224098206, 0.0, 0.5, 0.0, 0.6976744186046512, 0.4866587519645691, 0.0]
[0.6682917468604588, 0.6904056304030948, 0.3333333333333333, 0.42424242424242425, 0.23457335457842576, 0.20614526093294083, 0.0, 0.0, 0.3557714385694573, 0.35577678361312837, 0.7393408897502016, 0.26892805595876107, 0.050055238285235, 0.050055238285235, 0.9404902271926403, 0.0, 0.0, 0.0, 0.34047572910785673, 0.44803929328918457, 0.4569505862891674, 0.4878185987472534, 0.4878185987472534, 0.0, 0.5, 0.0, 0.6976744186046512, 0.4860927164554596, 0.0]
[0.6525313119803156, 0.6756958911816279, 0.3333333333333333, 0.42424242424242425, 0.2639928330213596, 0.2355647393758747, 0.0, 0.0, 0.3582697393333479, 0.35827515275710853, 0.7380855908585324, 0.2699705788049319, 0.04978650914771217, 0.04978650914771217, 0.9410056862980127, 0.0, 0.0, 0.0, 0.34088103920221324, 0.44823719188570976, 0.45700564980506897, 0.4881881773471832, 0.4881881773471832, 0.0, 0.5, 0.0, 0.6976744186046512, 0.4815763235092163, 0.0]
[0.571465150054012, 0.6000341400504112, 0.3333333333333333, 0.42424242424242425, 0.41531633528379297, 0.38688824163830804, 0.5389854907989502, 0.5367828011512756, 0.25872616467010906, 0.2587307233427496, 0.4197693331519687, 0.5802340210687084, 0.05490050784179143, 0.05490050784179143, 0.9419583734124899, 0.0, 0.0, 0.0, 0.3143677696585655, 0.4470878019928932, 0.4561859518289566, 0.45132210850715637, 0.45132210850715637, 0.0, 0.5, 0.0, 0.6976744186046512, 0.48146504163742065, 0.0]
[0.5575386667180628, 0.5870360889368587, 0.3333333333333333, 0.42424242424242425, 0.441312437510898, 0.41288434386541306, 0.12354656308889389, 0.1232265830039978, 0.3392924865846652, 0.33929783162833627, 0.24708133172350677, 0.7581953696442785, 0.062079866017614095, 0.062079866017614095, 0.9413194302469492, 0.0, 0.0, 0.0, 0.34054628312587737, 0.44725415855646133, 0.4553938917815685, 0.4819456934928894, 0.4819456934928894, 0.0, 0.5, 0.0, 0.6976744186046512, 0.491170197725296, 0.0]
[0.5697825295584542, 0.5984636942545573, 0.3333333333333333, 0.42424242424242425, 0.41845722687550085, 0.3900291332300159, 0.0, 0.0, 0.351533320392295, 0.35153871102269246, 0.20610893935136082, 0.801952677925909, 0.06078608600156648, 0.06078608600156648, 0.9434715695679188, 0.0, 0.0, 0.0, 0.34670962095260616, 0.45126403123140335, 0.4557053744792938, 0.49794983863830566, 0.49794983863830566, 0.0, 0.5, 0.0, 0.6976744186046512, 0.4881625473499298, 0.0]
[0.5613070816865989, 0.5905532762408257, 0.3333333333333333, 0.42424242424242425, 0.4342780629029641, 0.4058499692574792, 0.0, 0.0, 0.3589831146181883, 0.3589885622319938, 0.18419286990484818, 0.8253009227625447, 0.06032577050583703, 0.06032577050583703, 0.9435042794793844, 0.0, 0.0, 0.0, 0.3612191945314407, 0.4521588236093521, 0.4552913159132004, 0.5223127007484436, 0.5223127007484436, 0.0, 0.5, 0.0, 0.6976744186046512, 0.47291436791419983, 0.0]
[0.5677648325051581, 0.5965805103381475, 0.3333333333333333, 0.42424242424242425, 0.4222235947083205, 0.39379550106283556, 0.0, 0.0, 0.35904792754645554, 0.35905329538348985, 0.18410944619552583, 0.825262515945548, 0.061151946761778424, 0.061151946761778424, 0.9428763128817081, 0.0, 0.0, 0.0, 0.36990480720996854, 0.4520284868776798, 0.45443662628531456, 0.5344990491867065, 0.5344990491867065, 0.0, 0.5, 0.0, 0.6976744186046512, 0.45944976806640625, 0.004419320612214506]
[0.5694018314991679, 0.59810837606589, 0.3333333333333333, 0.42424242424242425, 0.41916786325283545, 0.3907397696073505, 0.0, 0.0, 0.35282603458966166, 0.35283143661674077, 0.21840126336646581, 0.7888908499690765, 0.06180441539202418, 0.06180441539202418, 0.9430568031966686, 0.0, 0.0, 0.0, 0.3686174988746643, 0.45208078250288963, 0.4541303291916847, 0.5320192575454712, 0.5320192575454712, 0.0, 0.5, 0.0, 0.6976744186046512, 0.4607852101325989, 0.009598881588317454]
[0.5595198914053894, 0.5888852319783635, 0.3333333333333333, 0.42424242424242425, 0.4376141514278885, 0.4091860577824036, 0.6414337754249573, 0.6403500437736511, 0.2327398387697413, 0.23274412392202343, 0.45594893370258194, 0.5436182324739938, 0.06733349125300135, 0.06733349125300135, 0.9413177836686373, 0.0, 0.0, 0.0, 0.33599623739719386, 0.4460846446454525, 0.45261645689606667, 0.4801616966724396, 0.4801616966724396, 0.0, 0.5, 0.0, 0.6976744186046512, 0.4694408178329468, 0.010410826653242111]
[0.5640481458533378, 0.5931116027964486, 0.3333333333333333, 0.42424242424242425, 0.42916140979171824, 0.4007333161462333, 0.07739770412445068, 0.07729567587375641, 0.35258631678885755, 0.3525922544599719, 0.47951041899949143, 0.5166912729101423, 0.06144861823746137, 0.06144861823746137, 0.9398684129118919, 0.0, 0.0, 0.0, 0.34920723736286163, 0.44408516585826874, 0.45038314536213875, 0.5027488470077515, 0.5027488470077515, 0.0, 0.5, 0.0, 0.6976744186046512, 0.5132428407669067, 0.017218313878402114]
[0.5584448968015966, 0.5878819036814902, 0.3333333333333333, 0.42424242424242425, 0.4396208080216351, 0.4111927143761502, 0.0, 0.0, 0.35057798216037495, 0.3505839426248525, 0.5331588246170467, 0.4632593814496506, 0.05479636202965464, 0.05479636202965464, 0.9389751441776752, 0.0, 0.0, 0.0, 0.36775674819946286, 0.4440985657274723, 0.4486911930143833, 0.5325720310211182, 0.5325720310211182, 0.0, 0.5, 0.0, 0.6976744186046512, 0.5056556463241577, 0.03536198055371642]
[0.5433576307481244, 0.5738004553649161, 0.3333333333333333, 0.42424242424242425, 0.4677837046547833, 0.4393556110092984, 0.0, 0.0, 0.33971981655799177, 0.33972558327888214, 0.5658887921054322, 0.4311827144882141, 0.05272708567125457, 0.05272708567125457, 0.936807706952095, 0.0, 0.0, 0.0, 0.3734082460403442, 0.44329508394002914, 0.4462812803685665, 0.5403650999069214, 0.5403650999069214, 0.0, 0.5, 0.0, 0.6976744186046512, 0.5086655616760254, 0.06925234571099281]
[0.5682031883015519, 0.5969896424147818, 0.3333333333333333, 0.42424242424242425, 0.42140533055505186, 0.39297723690956693, 0.0, 0.0, 0.3239691011308484, 0.3239747196948779, 0.6179434259352675, 0.3805080535484267, 0.051896635975156515, 0.051896635975156515, 0.9323025308549404, 0.0, 0.0, 0.0, 0.36798034310340877, 0.44183843955397606, 0.4431728459894657, 0.5318643450737, 0.5318643450737, 0.0, 0.5, 0.0, 0.6976744186046512, 0.5418452620506287, 0.11031080037355423]
[0.5635579863474482, 0.5926541205909517, 0.3333333333333333, 0.42424242424242425, 0.430076374202712, 0.40164828055722707, 0.0, 0.0, 0.32203807019366815, 0.3220436659643344, 0.6440082065917794, 0.35520574508109415, 0.05148617284638542, 0.05148617284638542, 0.9270378798246384, 0.0, 0.0, 0.0, 0.36275788545608517, 0.44064075872302055, 0.44134942814707756, 0.5194866061210632, 0.5194866061210632, 0.0, 0.5, 0.0, 0.6976744186046512, 0.591303288936615, 0.13247922994196415]
[0.6166055525342623, 0.6421651823653115, 0.3333333333333333, 0.42424242424242425, 0.3310542506539924, 0.3026261570085075, 0.0, 0.0, 0.3259416729724658, 0.32594728013981367, 0.5936312497687841, 0.40440443318336416, 0.051540447665112364, 0.051540447665112364, 0.9223028384149075, 0.0, 0.0, 0.0, 0.37135756909847256, 0.4406314715743065, 0.44082433730363846, 0.5288718342781067, 0.5288718342781067, 0.0, 0.5, 0.0, 0.6976744186046512, 0.6204236745834351, 0.13817253522574902]
[0.6245151953328223, 0.6495475156439675, 0.3333333333333333, 0.42424242424242425, 0.3162895840966804, 0.28786149045119547, 0.0, 0.0, 0.34153077205781956, 0.3415358093910874, 0.15749609766681155, 0.8551915694326511, 0.056272683931248534, 0.056272683931248534, 0.9168650656938553, 0.0, 0.0, 0.0, 0.3819715678691864, 0.44952230155467987, 0.44476771354675293, 0.5440933108329773, 0.5440933108329773, 0.0, 0.5, 0.0, 0.6976744186046512, 0.6256110668182373, 0.15134676359593868]
[0.5984467225415366, 0.6252169410387675, 0.3333333333333333, 0.42424242424242425, 0.36495073330708044, 0.3365226396615955, 0.0, 0.0, 0.34723846953412085, 0.3472436208342047, 0.16660418884248168, 0.8453395484687671, 0.05907526771937098, 0.05907526771937098, 0.9144364856183529, 0.0, 0.0, 0.0, 0.381885951757431, 0.45028798282146454, 0.4450621157884598, 0.542702853679657, 0.542702853679657, 0.0, 0.5, 0.0, 0.6976744186046512, 0.6231856346130371, 0.16040140762925148]
[0.6022054207112109, 0.6287250593304634, 0.3333333333333333, 0.42424242424242425, 0.3579344967236886, 0.32950640307820367, 0.0, 0.0, 0.3486308477120919, 0.34863590783872295, 0.1538054646770995, 0.8590712733701306, 0.05982610263994762, 0.05982610263994762, 0.9140749350190163, 0.0, 0.0, 0.0, 0.3835966676473617, 0.45084820315241814, 0.44561804458498955, 0.5434160828590393, 0.5434160828590393, 0.0, 0.5, 0.0, 0.6976744186046512, 0.6217231154441833, 0.16271177679300308]
[0.5982030042934985, 0.624989470673932, 0.3333333333333333, 0.42424242424242425, 0.3654056740367515, 0.3369775803912666, 0.0, 0.0, 0.354398024469671, 0.3544030504062572, 0.12487387155711538, 0.8903158230211214, 0.062278751283884055, 0.062278751283884055, 0.9134623967111111, 0.0, 0.0, 0.0, 0.3892546743154526, 0.45191599428653717, 0.4470486119389534, 0.5546086430549622, 0.5546086430549622, 0.0, 0.5, 0.0, 0.6976744186046512, 0.6040769219398499, 0.1607520878314972]
[0.6014358954770225, 0.6280068357785543, 0.3333333333333333, 0.42424242424242425, 0.35937094382750684, 0.3309428501820219, 0.0, 0.0, 0.35304820150079963, 0.3530532160407043, 0.12562830908576572, 0.8895264660600444, 0.06300827488303185, 0.06300827488303185, 0.9133451730012894, 0.0, 0.0, 0.0, 0.3911316156387329, 0.45184216648340225, 0.4470536932349205, 0.5591647028923035, 0.5591647028923035, 0.0, 0.5, 0.0, 0.6976744186046512, 0.6027570962905884, 0.15862081199884415]
[0.6026176817360378, 0.6291098362869687, 0.3333333333333333, 0.42424242424242425, 0.3571649428106781, 0.3287368491651932, 0.0, 0.0, 0.3500560939198014, 0.35006110845970606, 0.12591049092221668, 0.8893507748164771, 0.06543923701558794, 0.06543923701558794, 0.9139393828809261, 0.0, 0.0, 0.0, 0.39671990275382996, 0.4519784636795521, 0.44757361337542534, 0.5700212121009827, 0.5700212121009827, 0.0, 0.5, 0.0, 0.6976744186046512, 0.6004693508148193, 0.15211519785225391]
[0.5979688964074567, 0.6247709699802928, 0.3333333333333333, 0.42424242424242425, 0.3658426754240297, 0.3374145817785448, 0.0, 0.0, 0.34436079603308245, 0.3443658105729871, 0.14557412021702604, 0.8683189055153284, 0.06629359775355885, 0.06629359775355885, 0.9141430482268333, 0.0, 0.0, 0.0, 0.40641246438026424, 0.44977424666285515, 0.445926696062088, 0.5861260890960693, 0.5861260890960693, 0.0, 0.5, 0.0, 0.6976744186046512, 0.5841934680938721, 0.1518826186656952]
[0.5937999506436643, 0.6208799539340867, 0.3333333333333333, 0.42424242424242425, 0.37362470751644206, 0.3451966138709571, 0.0, 0.0, 0.3479645065322205, 0.3479695096754435, 0.14806835236558497, 0.8655790520848958, 0.06696753736053195, 0.06696753736053195, 0.9166911207139492, 0.0, 0.0, 0.0, 0.4265097618103027, 0.4457706920802593, 0.44246551766991615, 0.6197758316993713, 0.6197758316993713, 0.0, 0.5, 0.0, 0.6976744186046512, 0.5680995583534241, 0.1508964877575636]
[0.5940120349682513, 0.6210778993037012, 0.3333333333333333, 0.42424242424242425, 0.37322881677721303, 0.3448007231317281, 0.0, 0.0, 0.3558061984483416, 0.35581121298824625, 0.11530282438143263, 0.900744971941301, 0.06712995735662325, 0.06712995735662325, 0.9214933663606644, 0.0, 0.0, 0.0, 0.43720735311508174, 0.44464579597115517, 0.4415634758770466, 0.6362568140029907, 0.6362568140029907, 0.0, 0.5, 0.0, 0.6976744186046512, 0.5619133710861206, 0.14937318861484528]
[0.561899256493364, 0.5911059727271398, 0.3333333333333333, 0.42424242424242425, 0.4331726699303359, 0.40474457628485094, 0.3568906784057617, 0.35689640045166016, 0.2793265783991914, 0.27933163852582243, 0.601084485792521, 0.39812148820323146, 0.07100499900324005, 0.07100499900324005, 0.9259434714913368, 0.0, 0.0, 0.0, 0.39750619828701017, 0.43721555173397064, 0.43990183249115944, 0.5723852515220642, 0.5723852515220642, 0.0, 0.5, 0.0, 0.6976744186046512, 0.5671821236610413, 0.1788664609193802]
[0.550222640058824, 0.5802077973882357, 0.3333333333333333, 0.42424242424242425, 0.4549690206081439, 0.426540926962659, 0.11617520451545715, 0.11582539975643158, 0.3506970204997017, 0.35070292398077124, 0.5918123108934946, 0.4056593331911773, 0.06889719249946731, 0.06889719249946731, 0.9274669587612152, 0.0, 0.0, 0.0, 0.40419130623340604, 0.43944813311100006, 0.4413333460688591, 0.5859639644622803, 0.5859639644622803, 0.0, 0.5, 0.0, 0.6976744186046512, 0.6111918091773987, 0.17719073221087456]
[0.555680611658664, 0.585301904214753, 0.3333333333333333, 0.42424242424242425, 0.44478080695510935, 0.4163527133096244, 0.0, 0.0, 0.36761019745018925, 0.3676163288648908, 0.5637398965044186, 0.43291701590759074, 0.06068121641874314, 0.06068121641874314, 0.9329302497208118, 0.0, 0.0, 0.0, 0.41179226040840144, 0.44294287264347076, 0.4447703994810581, 0.6011033058166504, 0.6011033058166504, 0.0, 0.5, 0.0, 0.6976744186046512, 0.6354991793632507, 0.11566019617021084]
[0.5598910101467655, 0.5892316094703145, 0.3333333333333333, 0.42424242424242425, 0.43692139644398653, 0.4084933027985016, 0.0, 0.0, 0.3689793263976934, 0.3689854920024398, 0.5260640712130822, 0.46987544003631093, 0.0535340394292559, 0.0535340394292559, 0.9373171348124743, 0.0, 0.0, 0.0, 0.39463184177875515, 0.44486644119024277, 0.4468402974307537, 0.576621949672699, 0.576621949672699, 0.0, 0.5, 0.0, 0.6976744186046512, 0.6287819743156433, 0.07072313688695431]
[0.5617402043370974, 0.5909575240479575, 0.3333333333333333, 0.42424242424242425, 0.43346956728870034, 0.4050414736432154, 0.0, 0.0, 0.36869739528823764, 0.36870349251289436, 0.5113076998729323, 0.48449295492012184, 0.05134646647742817, 0.05134646647742817, 0.9389404747635126, 0.0, 0.0, 0.0, 0.39352736473083494, 0.44567709416151047, 0.4477307125926018, 0.574824333190918, 0.574824333190918, 0.0, 0.5, 0.0, 0.6976744186046512, 0.6255719065666199, 0.0629224069416523]
[0.5798619144729206, 0.6078711201747259, 0.3333333333333333, 0.42424242424242425, 0.39964237503516375, 0.3712142813896788, 0.0, 0.0, 0.3656450790383392, 0.3656512104530407, 0.48314982960374586, 0.5127146117039387, 0.04729428461619786, 0.04729428461619786, 0.941546430811286, 0.0, 0.0, 0.0, 0.37887244820594784, 0.44673411548137665, 0.4492853134870529, 0.5529657006263733, 0.5529657006263733, 0.0, 0.5, 0.0, 0.6976744186046512, 0.6159424781799316, 0.0375359901227057]
[0.5751639774867466, 0.6034863789876302, 0.3333333333333333, 0.42424242424242425, 0.40841185740935504, 0.3799837637638701, 0.0, 0.0, 0.3766835173502935, 0.37668975133512944, 0.4757985112544, 0.5200323440326053, 0.04565284986581122, 0.04565284986581122, 0.9441438149660826, 0.0, 0.0, 0.0, 0.3761513829231262, 0.44703730195760727, 0.45016758888959885, 0.5496461987495422, 0.5496461987495422, 0.0, 0.5, 0.0, 0.6976744186046512, 0.58782958984375, 0.02467226004227996]
[0.5475933833846024, 0.5777538244922956, 0.3333333333333333, 0.42424242424242425, 0.4598769664000243, 0.43144887275453936, 0.4086078405380249, 0.4082406461238861, 0.2798648664645893, 0.27986988100449395, 0.4803788147966447, 0.5174061354619317, 0.049984252878597805, 0.049984252878597805, 0.9439976159483194, 0.0, 0.0, 0.0, 0.3799658060073852, 0.4393286556005478, 0.44541917368769646, 0.5509103536605835, 0.5509103536605835, 0.0, 0.5, 0.0, 0.6976744186046512, 0.5676568746566772, 0.023489922750741243]
[0.4642857142857143, 0.5, 0.3333333333333333, 0.42424242424242425, 0.6153846153846154, 0.5869565217391305, 0.08947775512933731, 0.08922931551933289, 0.3723588755664132, 0.37236504117115965, 0.4863427196474422, 0.5095530896017652, 0.05596529160227095, 0.05596529160227095, 0.9421620480716228, 0.0, 0.0, 0.0, 0.3738485515117645, 0.4355492889881134, 0.43982795998454094, 0.5418342351913452, 0.5418342351913452, 0.0, 0.5, 0.0, 0.6976744186046512, 0.5308867692947388, 0.02165770623832941]
[0.4642857142857143, 0.5, 0.3333333333333333, 0.42424242424242425, 0.6153846153846154, 0.5869565217391305, 0.0, 0.0, 0.39088395357587824, 0.39089035851093823, 0.4976729509379736, 0.49798439218660107, 0.05354302003979683, 0.05354302003979683, 0.9427635855972767, 0.0, 0.0, 0.0, 0.37433932125568387, 0.43702541291713715, 0.4412422329187393, 0.5436937808990479, 0.5436937808990479, 0.0, 0.5, 0.0, 0.6976744186046512, 0.43454185128211975, 0.0]
[0.4642857142857143, 0.5, 0.3333333333333333, 0.42424242424242425, 0.6153846153846154, 0.5869565217391305, 0.0, 0.0, 0.3954292693056066, 0.39543571982739306, 0.5182356236655671, 0.4774404547131946, 0.05352196682776724, 0.05352196682776724, 0.9421582892537117, 0.0, 0.0, 0.0, 0.37384275197982786, 0.429559126496315, 0.4388981759548187, 0.5498369336128235, 0.5498369336128235, 0.0, 0.5, 0.0, 0.6976744186046512, 0.24423323571681976, 0.0]
[0.4642857142857143, 0.5, 0.3333333333333333, 0.42424242424242425, 0.6153846153846154, 0.5869565217391305, 0.0, 0.0, 0.39665539269237626, 0.3966618660075259, 0.5210594877344245, 0.4744314059649959, 0.055060064686196196, 0.055060064686196196, 0.9404332265257835, 0.0, 0.0, 0.0, 0.31484370678663254, 0.43202635645866394, 0.4393049068748951, 0.46819549798965454, 0.46819549798965454, 0.0796872228384018, 0.46812511086463926, 0.0, 0.6976744186046512, 0.13351935148239136, 0.0]
[0.4642857142857143, 0.5, 0.3333333333333333, 0.42424242424242425, 0.6153846153846154, 0.5869565217391305, 0.23050741851329803, 0.22992949187755585, 0.34986125625114367, 0.34986711414548677, 0.5258980699980464, 0.47095376555773266, 0.06250896091972079, 0.06250896091972079, 0.9356332663446665, 0.0, 0.0, 0.0, 0.28748804479837414, 0.43534909933805466, 0.441363412886858, 0.4268949627876282, 0.4268949627876282, 0.08142084628343582, 0.4674316614866257, 0.0850248634815216, 0.611259990999865, 0.11229366064071655, 0.0]
[0.4642857142857143, 0.5, 0.3333333333333333, 0.42424242424242425, 0.6153846153846154, 0.5869565217391305, 0.22898875176906586, 0.22798137366771698, 0.3427660241865519, 0.342771426213631, 0.28464814490615525, 0.7191392950933654, 0.08875853515097074, 0.08875853515097074, 0.9280756786465645, 0.0, 0.0, 0.0, 0.27920321524143216, 0.43692029267549515, 0.44147778674960136, 0.4199715256690979, 0.4199715256690979, 0.08759885281324387, 0.46496045887470244, 0.0912211611866951, 0.5948818665604259, 0.1121930256485939, 0.0]
[0.4642857142857143, 0.5, 0.3333333333333333, 0.42424242424242425, 0.6153846153846154, 0.5869565217391305, 0.08909691870212555, 0.08800756186246872, 0.3882386128259663, 0.3882444935136726, 0.2690983301822816, 0.7348463612299754, 0.0923375678913934, 0.0923375678913934, 0.9254346452653408, 0.0, 0.0, 0.0, 0.293605925142765, 0.4371315911412239, 0.4410366676747799, 0.4337800145149231, 0.4337800145149231, 0.08811719715595245, 0.464753121137619, 0.09119930118322372, 0.5947736009608868, 0.10803930461406708, 0.01696351100690663]
[0.4642857142857143, 0.5, 0.3333333333333333, 0.42424242424242425, 0.6153846153846154, 0.5869565217391305, 0.0, 0.0, 0.4133321682764057, 0.4133380945508384, 0.31634587220434474, 0.6844041128180857, 0.09983839201075691, 0.09983839201075691, 0.9090406335890293, 0.0, 0.0, 0.0, 0.28787136673927305, 0.4361596331000328, 0.43872447311878204, 0.4170544445514679, 0.4170544445514679, 0.08718811720609665, 0.46512475311756135, 0.08895990252494812, 0.5948106944561005, 0.0933976024389267, 0.04132681526243687]
[0.4642857142857143, 0.5, 0.3333333333333333, 0.42424242424242425, 0.6153846153846154, 0.5869565217391305, 0.35330328345298767, 0.3529498279094696, 0.3174796710734613, 0.31748479958018194, 0.45336673626708257, 0.5449742146369781, 0.10305396148136685, 0.10305396148136685, 0.9092375263571739, 0.0, 0.0, 0.0, 0.20710002332925795, 0.444917481392622, 0.4474179334938526, 0.3031419515609741, 0.3031419515609741, 0.08811620622873306, 0.4647535175085068, 0.08927244693040848, 0.5940791895223219, 0.07865095138549805, 0.05182923749089241]
[0.4642857142857143, 0.5, 0.3333333333333333, 0.42424242424242425, 0.6153846153846154, 0.5869565217391305, 0.15361934900283813, 0.15294967591762543, 0.3770490203259324, 0.3770548554269123, 0.5849535770671546, 0.4125216740672442, 0.08163186588457653, 0.08163186588457653, 0.9249523505568504, 0.0, 0.0, 0.0, 0.13889068514108657, 0.4673926346004009, 0.46861424297094345, 0.20505134761333466, 0.20505134761333466, 0.08953667432069778, 0.4641853302717209, 0.09001624584197998, 0.6027941024580667, 0.049760833382606506, 0.057006082497537136]
[0.4642857142857143, 0.5, 0.3333333333333333, 0.42424242424242425, 0.6153846153846154, 0.5869565217391305, 0.05086563155055046, 0.050194308161735535, 0.40635810573060016, 0.4063642713353465, 0.5517041003954798, 0.4446015662895739, 0.06089257342474801, 0.06089257342474801, 0.9377196040004492, 0.0, 0.0, 0.0, 0.07678909376263618, 0.48100013844668865, 0.4813755415380001, 0.11545898020267487, 0.11545898020267487, 0.08264821022748947, 0.4669407159090042, 0.08156196773052216, 0.6031926807969116, 0.033262576907873154, 0.04576005507260561]
[0.4642857142857143, 0.5, 0.3333333333333333, 0.42424242424242425, 0.6153846153846154, 0.5869565217391305, 0.011324790306389332, 0.011325529776513577, 0.4271210931227266, 0.4271274923594458, 0.5060053068581776, 0.48920299828571706, 0.04494181168930871, 0.04494181168930871, 0.9519592113792896, 0.0, 0.0, 0.0, 0.051607865095138546, 0.48834703769534826, 0.4884513635188341, 0.0, -0.0, 0.06991765648126602, 0.4720329374074936, 0.06798893958330154, 0.5924658304037049, 0.024886179715394974, 0.025303959846496582]
[0.4642857142857143, 0.5, 0.3333333333333333, 0.42424242424242425, 0.6153846153846154, 0.5869565217391305, 0.0, 0.0, 0.43096980378459104, 0.4309762600047183, 0.486149402011193, 0.5088980995167687, 0.040450352909309525, 0.040450352909309525, 0.956393975764513, 0.0, 0.0, 0.0, 0.040386616997420785, 0.49003004748374224, 0.49013846181333065, 0.0, -0.0, 0.06534719467163086, 0.4738611221313477, 0.06310877948999405, 0.5913867714793183, 0.02224544994533062, 0.018291915766894817]
[0.4642857142857143, 0.5, 0.3333333333333333, 0.42424242424242425, 0.6153846153846154, 0.5869565217391305, 0.0, 0.0, 0.43184779273848234, 0.4318542489586095, 0.4704701266826681, 0.5244759472282114, 0.03574852964707784, 0.03574852964707784, 0.9601240567862988, 0.0, 0.0, 0.0, 0.03176887892186642, 0.4918899666517973, 0.49200252536684275, 0.0, -0.0, 0.06247995048761368, 0.47500801980495455, 0.05989089980721474, 0.5784483461879021, 0.01955115981400013, 0.005579903372563422]
[0.4642857142857143, 0.5, 0.3333333333333333, 0.42424242424242425, 0.6153846153846154, 0.5869565217391305, 0.0, 0.0, 0.43802890836850633, 0.43803544436540476, 0.4623837309175422, 0.5325380210502147, 0.0342027164463486, 0.0342027164463486, 0.9611199665814638, 0.0, 0.0, 0.0, 0.030942845903337, 0.4927864037454128, 0.4929610900580883, 0.0, -0.0, 0.06485968083143234, 0.47405612766742705, 0.06188741326332092, 0.5700225296408631, 0.01847623474895954, 0.0]
[0.4642857142857143, 0.5, 0.3333333333333333, 0.42424242424242425, 0.6153846153846154, 0.5869565217391305, 0.0, 0.0, 0.4517855521141913, 0.4517921849828833, 0.4587296271415331, 0.5362284745421916, 0.03446258471480438, 0.03446258471480438, 0.9610856026411057, 0.0, 0.0, 0.0, 0.03095533549785614, 0.4935462987050414, 0.4938759827055037, 0.0, -0.0, 0.07135820388793945, 0.47145671844482423, 0.06742946803569794, 0.5711966198544169, 0.018318142741918564, 0.0]
[0.4642857142857143, 0.5, 0.3333333333333333, 0.42424242424242425, 0.6153846153846154, 0.5869565217391305, 0.0, 0.0, 0.4516253204692162, 0.45163194763956743, 0.4555590788675312, 0.5394089308062607, 0.034254780039191246, 0.034254780039191246, 0.9617230128496885, 0.0, 0.0, 0.0, 0.029991880431771277, 0.4940883289091289, 0.4944926747120917, 0.0, -0.0, 0.07410819083452225, 0.4703567236661911, 0.0697953850030899, 0.5735021968220556, 0.018123503774404526, 0.0]
[0.4642857142857143, 0.5, 0.3333333333333333, 0.42424242424242425, 0.6153846153846154, 0.5869565217391305, 0.0, 0.0, 0.4471064792308479, 0.4471130779094951, 0.46056463533788067, 0.5343739181877272, 0.033031050115823746, 0.033031050115823746, 0.9630826264619827, 0.0, 0.0, 0.0, 0.02779697012156248, 0.49456475023180246, 0.49498898768797517, 0.0, -0.0, 0.07272487133741379, 0.4709100514650345, 0.0681287944316864, 0.5831464535968248, 0.0172045286744833, 0.0]
[0.4642857142857143, 0.5, 0.3333333333333333, 0.42424242424242425, 0.6153846153846154, 0.5869565217391305, 0.0, 0.0, 0.4462336814654261, 0.4462402801440733, 0.4637693480141532, 0.5312271790061758, 0.03373522710587298, 0.03373522710587298, 0.9627634305506945, 0.0, 0.0, 0.0, 0.02789182923734188, 0.494529124815017, 0.494989019818604, 0.0, -0.0, 0.07306136935949326, 0.4707754522562027, 0.06811240315437317, 0.575408914754557, 0.017033914104104042, 0.0]
[0.4642857142857143, 0.5, 0.3333333333333333, 0.42424242424242425, 0.6153846153846154, 0.5869565217391305, 0.0, 0.0, 0.4473540208535714, 0.4473606195322186, 0.46480024339592024, 0.5302917963637398, 0.03345342885170664, 0.03345342885170664, 0.9634737819433212, 0.0, 0.0, 0.0, 0.026852272264659402, 0.49475674191489816, 0.4952296386472881, 0.0, -0.0, 0.07008364796638489, 0.471966540813446, 0.06512773782014847, 0.5884181170962578, 0.016619708389043808, 0.0]
[0.4642857142857143, 0.5, 0.3333333333333333, 0.42424242424242425, 0.6153846153846154, 0.5869565217391305, 0.0, 0.0, 0.44850772402710487, 0.4485143170074113, 0.46538088437931946, 0.5297025850757764, 0.03352741178657328, 0.03352741178657328, 0.9637867026031017, 0.0, 0.0, 0.0, 0.026964884623885153, 0.49468295462429523, 0.4951377487741411, 0.0, -0.0, 0.06760191917419434, 0.4729592323303223, 0.06279563903808594, 0.5904047295104626, 0.016286320984363556, 0.0]
[0.4642857142857143, 0.5, 0.3333333333333333, 0.42424242424242425, 0.6153846153846154, 0.5869565217391305, 0.0, 0.0, 0.4476667287016918, 0.4476733216819982, 0.4652888447787064, 0.5297304414147807, 0.032881269497530806, 0.032881269497530806, 0.9645975306630135, 0.0, 0.0, 0.0, 0.026203078031539914, 0.4947778033092618, 0.49521867698058486, 0.0, -0.0, 0.0643908753991127, 0.47424364984035494, 0.05976179242134094, 0.5979381709597832, 0.015807177871465683, 0.0]
[0.4642857142857143, 0.5, 0.3333333333333333, 0.42424242424242425, 0.6153846153846154, 0.5869565217391305, 0.0, 0.0, 0.4538097851135079, 0.4538164179821999, 0.4659835978858102, 0.5291312893712903, 0.03332486376166344, 0.03332486376166344, 0.9647288173437119, 0.0, 0.0, 0.0, 0.02545135151594877, 0.4948205011896789, 0.49524041172116995, 0.0, -0.0, 0.06499528139829636, 0.47400188744068145, 0.060317497700452805, 0.5975508620572645, 0.015799814835190773, 0.0]
[0.4642857142857143, 0.5, 0.3333333333333333, 0.42424242424242425, 0.6153846153846154, 0.5869565217391305, 0.0, 0.0, 0.44872222097152503, 0.44872880825349065, 0.4648590502729835, 0.5302288239995512, 0.03284160712999957, 0.03284160712999957, 0.9650134183466434, 0.0, 0.0, 0.0, 0.024844113923609256, 0.4949262645095587, 0.49530780175700784, 0.0, -0.0, 0.06318134814500809, 0.4747274607419968, 0.05863766744732857, 0.5988175716511039, 0.01548268087208271, 0.0]
[0.4642857142857143, 0.5, 0.3333333333333333, 0.42424242424242425, 0.6153846153846154, 0.5869565217391305, 0.0, 0.0, 0.44539354089113314, 0.4454001167764171, 0.463914333748316, 0.5311528669437938, 0.03137397978987013, 0.03137397978987013, 0.9661840219050646, 0.0, 0.0, 0.0, 0.023239899240434167, 0.49513891711831093, 0.49547253269702196, 0.0, -0.0, 0.05882770195603371, 0.4764689192175865, 0.054748862981796265, 0.6003219478352125, 0.014840965159237385, 0.0]
[0.4642857142857143, 0.5, 0.3333333333333333, 0.42424242424242425, 0.6153846153846154, 0.5869565217391305, 0.0, 0.0, 0.4426514480127659, 0.44265797261298273, 0.46633767853731406, 0.5288550452059537, 0.030566261016896794, 0.030566261016896794, 0.9666795954108238, 0.0, 0.0, 0.0, 0.022568613849580286, 0.49511131504550576, 0.49543063528835773, 0.0, -0.0, 0.0558357797563076, 0.47766568809747695, 0.05201481655240059, 0.5999019014280896, 0.014374863356351852, 0.0]
[0.4642857142857143, 0.5, 0.3333333333333333, 0.42424242424242425, 0.6153846153846154, 0.5869565217391305, 0.0, 0.0, 0.4367308833175134, 0.436737356632663, 0.46905298066640677, 0.5261650437100162, 0.02943310487483229, 0.02943310487483229, 0.9671819936484098, 0.0, 0.0, 0.0, 0.021749263070523737, 0.4951702649705112, 0.49547390174120665, 0.0, -0.0, 0.05305802822113037, 0.47877678871154783, 0.04944693669676781, 0.6008882058221241, 0.013847573660314083, 0.0]
[0.4642857142857143, 0.5, 0.3333333333333333, 0.42424242424242425, 0.6153846153846154, 0.5869565217391305, 0.0, 0.0, 0.43157761160775765, 0.43158402793949924, 0.4688265229046459, 0.5264578558012308, 0.028209472075104717, 0.028209472075104717, 0.9675438795238733, 0.0, 0.0, 0.0, 0.020498091634362933, 0.49536922900006175, 0.49568143440410495, 0.0, -0.0, 0.051620323210954666, 0.47935187071561813, 0.048055872321128845, 0.5898863458356192, 0.013533188961446285, 0.0]
[0.4642857142857143, 0.5, 0.3333333333333333, 0.42424242424242425, 0.6153846153846154, 0.5869565217391305, 0.0, 0.0, 0.4304393908261797, 0.4304458014595805, 0.47010724779296786, 0.5252017534435087, 0.02811539119907788, 0.02811539119907788, 0.9674500022083521, 0.0, 0.0, 0.0, 0.020369835663586855, 0.4953689300455153, 0.4956761784851551, 0.0, -0.0, 0.05167820304632187, 0.47932871878147126, 0.04811820015311241, 0.5865740048330884, 0.013462098315358162, 0.0]

程序已被终止，正在关闭套接字...
套接字已关闭。
