[-0.08090318  0.00195271  0.02612375]
[-0.07895716  0.00330582  0.02693287]
[-0.07647167  0.01129015  0.02300514]
[-0.06927728  0.01392361  0.01835259]
[-0.06542524  0.01633693  0.01538251]
[-0.06197052  0.01872403  0.01291752]
[-0.05018446  0.01912579  0.00642586]
[-0.04614701  0.01841285  0.00353765]
[-0.03610135  0.01942452 -0.00370374]
[-0.03610135  0.01942452 -0.00370374]
[-0.02909722  0.02252856 -0.00930544]
[-0.02422331  0.02492423 -0.01539498]
[-0.02350111  0.02441798 -0.01798178]
[-0.02309471  0.02344303 -0.01975965]
[-0.02357883  0.02133939 -0.0227146 ]
[-0.02258439  0.02164049 -0.02382833]
[-0.02098725  0.02254148 -0.02471237]
[-0.01492424  0.02434316 -0.02467515]
[-0.01266923  0.02433447 -0.02520704]
[-0.01201409  0.02401118 -0.02471943]
[-0.0113914   0.02300093 -0.024003  ]
[-0.01014484  0.02105991 -0.02280474]
[-0.007978    0.02064106 -0.02327297]
[-0.00559474  0.02052897 -0.0234304 ]
[-0.00350187  0.0201747  -0.02324403]
[ 0.00038994  0.01967098 -0.0229339 ]
[ 0.00638968  0.0210763  -0.02035382]
[0.0112352  0.02873429 0.00457022]
[0.0081165  0.03124682 0.01471214]
[0.00534198 0.03298109 0.02288128]
[0.00083444 0.03542734 0.04857266]
[0.00147986 0.03815365 0.05696883]
[0.00250278 0.04066505 0.06039013]
[0.00368769 0.04306854 0.06355453]
[0.00439308 0.04695331 0.06812759]
[0.00422513 0.05067939 0.07113054]
[0.00380737 0.05235675 0.07231846]
[0.00323736 0.05383179 0.07413012]
[0.00282831 0.05469592 0.0754973 ]
[0.00509024 0.05085051 0.06690316]
[0.00633649 0.04926743 0.05637533]
[0.00967424 0.04771013 0.04880383]
[0.00836686 0.04520733 0.04268429]
[0.00800044 0.04229285 0.03503189]
[0.00691161 0.03916712 0.02657104]
[0.00424791 0.03671343 0.01737962]
[ 0.00979104  0.02180327 -0.04361239]
[ 0.00639178  0.01346877 -0.06191429]
[ 0.00630952  0.00148927 -0.0822487 ]
[ 0.00847626 -0.00691934 -0.08530653]
[ 0.01356467 -0.02233208 -0.0915434 ]
[ 0.01654173 -0.02715511 -0.09814691]
[ 0.01952074 -0.02902577 -0.10131285]
[ 0.02311373 -0.03035318 -0.10506808]
[ 0.03527094 -0.0334188  -0.11450081]
[ 0.03789838 -0.03439305 -0.11684337]
[ 0.0414784  -0.03731374 -0.12401602]
[ 0.0414784  -0.03731374 -0.12401602]
[ 0.04149891 -0.0405113  -0.13639033]
[ 0.0432714  -0.04012898 -0.16797501]
[ 0.04182202 -0.03871416 -0.16630158]
[ 0.03892772 -0.03422669 -0.15603048]
[ 0.03810374 -0.02994204 -0.14773689]
[ 0.03849751 -0.02346487 -0.13536917]
[ 0.03845811 -0.01682688 -0.12056275]
[ 0.03932781 -0.00960974 -0.1033519 ]
[ 0.04033523 -0.00343954 -0.08732497]
[ 0.038875    0.01233277 -0.02355659]
[ 0.03741529  0.01651981 -0.01095142]
[ 0.03477233  0.01929484 -0.00142423]
[0.03083549 0.03005422 0.02526842]
[0.03123561 0.03300886 0.02981567]
[0.03168996 0.03637864 0.03286567]
[0.03241934 0.03981448 0.03442037]
[0.03445319 0.0518631  0.03415814]
[0.03004717 0.07173582 0.03890715]
[0.02921679 0.07437864 0.04017449]
[0.02590407 0.07841939 0.04152854]
[0.02083296 0.07860693 0.04103346]
[0.01111954 0.07613461 0.03765793]
[0.00638553 0.07419966 0.03206517]
[0.00377459 0.07344772 0.02837657]
[0.00157032 0.07280843 0.02417625]
[0.009899   0.06516873 0.00405837]
[0.01460712 0.06295682 0.00254849]
[0.01588245 0.06164576 0.00172381]
[0.01788395 0.06020305 0.00053575]
[ 0.01915202  0.05833897 -0.0011568 ]
[ 0.01997807  0.05619793 -0.00337916]
[ 0.02061152  0.05390838 -0.00590749]
[ 0.02832366  0.03818182 -0.02097591]
[ 0.0402515   0.03245958 -0.02834295]
[ 0.04923386  0.02962702 -0.03213158]
[ 0.05265448  0.02810417 -0.03395361]
[ 0.05584975  0.02638408 -0.03531454]
[ 0.06443276  0.01975734 -0.03798585]
[ 0.06673009  0.01639275 -0.03885788]
[ 0.06939038  0.013061   -0.04031955]
[ 0.07209014  0.01015226 -0.04215201]
[ 0.07574279  0.00678942 -0.04549054]
[ 0.07790274  0.00597781 -0.04646448]
[ 0.08008126  0.0055709  -0.04707685]
[ 0.08299418  0.00525787 -0.04784391]
[ 0.09042992  0.00346731 -0.04912088]
[ 0.09354763  0.00200098 -0.04952974]
[ 0.0965702  -0.00156341 -0.04792888]
[ 0.10877273 -0.00776483 -0.04466338]
[ 0.11309147 -0.0101089  -0.04633617]
[ 0.13036582 -0.01369654 -0.04154858]
[ 0.13608078 -0.01353324 -0.04147894]
[ 0.14129586 -0.01328058 -0.04090638]
[ 0.1441637   0.00316814 -0.04148692]
[ 0.14458621  0.00321847 -0.0424616 ]
[ 0.15099189 -0.00050033 -0.02922854]
[ 0.15426934 -0.0019769  -0.02020706]
[ 0.17587633  0.00300974 -0.02211422]
[ 0.1944069   0.0163972  -0.02704351]
[ 0.19962779  0.01701458 -0.02638088]
[ 0.22128109  0.01735035 -0.0251957 ]
[ 0.22633759  0.01867982 -0.02637556]
[ 0.23517228  0.02163719 -0.02766092]
[ 0.24599505  0.02918236 -0.02689713]
[ 0.24807543  0.03216062 -0.02434749]
[ 0.2530219   0.03701672 -0.01953302]
[ 0.25804484  0.0408512  -0.01783251]
[ 0.27494002  0.05357549 -0.01781825]
[ 0.288288    0.06110096 -0.01433477]
[ 0.29527909  0.06191906 -0.01416419]
[ 0.30162195  0.06276058 -0.01248795]
[ 0.30793378  0.06332643 -0.0096764 ]
[ 0.32633579  0.06690931 -0.00246993]
[0.3364713  0.0681624  0.00160898]
[0.37310628 0.06931879 0.02148926]
[0.39275542 0.07385061 0.03310744]
[0.4005451  0.07580353 0.03704559]
[0.41818879 0.07644477 0.05319293]
[0.42123023 0.07626452 0.05561513]
[0.43372873 0.08839366 0.05628384]
[0.43319843 0.09119213 0.05487804]
[0.43091456 0.09312982 0.05352698]
[0.42713717 0.09409494 0.05322184]
[0.42275206 0.09514297 0.05433681]
[0.37738732 0.10723374 0.06340809]
[0.36971668 0.11215059 0.06443726]
[0.36064962 0.118004   0.06504093]
[0.30289218 0.14525533 0.06902564]
[0.29109398 0.15022902 0.07319332]
[0.22835047 0.16867122 0.1237269 ]
[0.21253914 0.17328873 0.13678244]
[0.18451104 0.18295683 0.15864171]
[0.15606613 0.18843575 0.17461099]
[0.14552433 0.18835117 0.17563452]
[0.13602189 0.1879804  0.17613348]
[0.10516188 0.17417556 0.17914478]
[0.09025874 0.16848268 0.17061068]
[0.07972552 0.16379109 0.162135  ]
[0.07511151 0.16234739 0.15631886]
[0.06189052 0.1596884  0.13946816]
[0.05570582 0.1582634  0.13024287]
[0.04158866 0.14672898 0.07524795]
[0.03920276 0.14206788 0.05907651]
[0.0381751  0.13663152 0.04444399]
[0.03748176 0.13076453 0.02870334]
[0.03443137 0.12616436 0.01063074]
[ 0.03028456  0.12127439 -0.00293597]
[ 0.04223696  0.09531332 -0.07407596]
[ 0.04760807  0.07674685 -0.08156632]
[ 0.04812369  0.06734703 -0.0801133 ]
[ 0.04880922  0.06211799 -0.0768095 ]
[ 0.04959454  0.05739843 -0.07309917]
[ 0.05326182  0.04241401 -0.0618584 ]
[ 0.05331715  0.03716604 -0.05927145]
[ 0.05528492  0.01912156 -0.05081092]
[ 0.05651624  0.01257923 -0.04493778]
[ 0.05632811  0.00978204 -0.04199859]
[ 0.06267831  0.00025251 -0.02881502]
[ 0.06540904 -0.00108372 -0.0234404 ]
[0.0670592  0.00014026 0.02053366]
[0.06570924 0.0006212  0.02936956]
[0.06451718 0.00208848 0.03739513]
[0.0641023  0.00463755 0.04409792]
[0.06283454 0.01248102 0.05569511]
[0.06207508 0.04842086 0.06066534]
[0.06307206 0.0568895  0.0559964 ]
[0.0634921  0.06482118 0.05042512]
[0.06276329 0.06808031 0.04692723]
[0.06159942 0.07103454 0.04347859]
[0.0611546  0.07360614 0.03953634]
[0.06261598 0.08625534 0.01172448]
[ 0.06242097  0.09204707 -0.00674096]
[ 0.0655856   0.10183916 -0.0356002 ]
[ 0.06432936  0.10501419 -0.04326104]
[ 0.06227974  0.10793068 -0.05745485]
[ 0.06250342  0.1037422  -0.07330942]
[ 0.0624964   0.10007221 -0.07738354]
[ 0.06246748  0.09898621 -0.07821123]
[ 0.06222872  0.09816121 -0.07855262]
[ 0.06189019  0.09756568 -0.07858274]
[ 0.05994358  0.0965476  -0.07805908]
[ 0.05595987  0.09400731 -0.07971723]
[ 0.05595987  0.09400731 -0.07971723]
[ 0.0548711   0.09017006 -0.08157153]
[ 0.05712954  0.08774006 -0.07328306]
[ 0.06105395  0.08890507 -0.06263082]
[ 0.06320994  0.08931295 -0.05642532]
[ 0.06141465  0.09077364 -0.05017653]
[ 0.06317601  0.09108901 -0.04330897]
[ 0.06501619  0.09149524 -0.03881615]
[ 0.06838145  0.09125268 -0.03322919]
[ 0.07075272  0.09210112 -0.02560596]
[ 0.07220081  0.09661949 -0.01289869]
[ 0.07320731  0.09944046 -0.00968202]
[ 0.09303794  0.12407958 -0.0204126 ]
[ 0.1134936   0.13384752 -0.03553813]
[ 0.1134936   0.13384752 -0.03553813]
[ 0.12182081  0.13949184 -0.04306849]
[ 0.15377355  0.15068057 -0.06166062]
[ 0.16671372  0.15289257 -0.06471632]
[ 0.17574135  0.1552638  -0.06471927]
[ 0.18605155  0.15769193 -0.06303988]
[ 0.21152548  0.15758269 -0.05717227]
[ 0.21943704  0.15447047 -0.0544102 ]
[ 0.23419223  0.14667824 -0.04937951]
[ 0.24051479  0.14344725 -0.04697316]
[ 0.24681658  0.14092319 -0.04451059]
[ 0.25303448  0.13912392 -0.0413554 ]
[ 0.26445121  0.13699783 -0.03654836]
[ 0.27389908  0.13500996 -0.03257558]
[ 0.27778346  0.13375492 -0.03099039]
[ 0.281779    0.13139428 -0.02960962]
[ 0.2881327   0.12481699 -0.02636918]
[ 0.29120017  0.1214655  -0.02585085]
[ 0.29356334  0.11794469 -0.02545211]
[ 0.29489333  0.1152475  -0.02571232]
[ 0.29540846  0.11166984 -0.0259493 ]
[ 0.29685018  0.10464086 -0.02573603]
[ 0.29901887  0.10202345 -0.02536231]
[ 0.30578927  0.09911327 -0.02448708]
[ 0.30730886  0.09887887 -0.02422008]
[ 0.32041872  0.10209132 -0.02651981]
[ 0.3234816   0.09673367 -0.02797543]
[ 0.32591031  0.09364965 -0.02863184]
[ 0.32911903  0.09039933 -0.02915684]
[ 0.33170957  0.08814488 -0.02914062]
[ 0.33719308  0.09705301 -0.01425971]
[ 0.33878616  0.10015474 -0.01141581]
[ 0.34004638  0.1042584  -0.00823458]
[ 0.34075818  0.10898596 -0.00521242]
[ 0.34151659  0.11318745 -0.00129303]
[0.34161586 0.1164512  0.00108192]
[0.34466443 0.14823939 0.01315636]
[0.34453706 0.16355047 0.02866861]
[0.34345994 0.16444765 0.0256395 ]
[ 0.33875737  0.16673958 -0.00049689]
[ 0.33914108  0.16459075 -0.00695893]
[ 0.33935887  0.16124073 -0.01481491]
[ 0.34367201  0.14443988 -0.05302108]
[ 0.34644995  0.13803682 -0.066383  ]
[ 0.34696231  0.13109314 -0.07886884]
[ 0.3521733   0.10950542 -0.13063982]
[ 0.35300068  0.10126058 -0.15342543]
[ 0.35444889  0.09806009 -0.16385633]
[ 0.354969    0.08400241 -0.1867186 ]
[ 0.35414491  0.07742955 -0.19171357]
[ 0.35306934  0.06231998 -0.19985668]
[ 0.351562    0.05458287 -0.20281866]
[ 0.34744076  0.0386248  -0.2091354 ]
[ 0.34469379  0.03091584 -0.21202378]
[ 0.33681238  0.01491693 -0.21671745]
[ 0.33644981  0.01601739 -0.21752261]
[ 0.33585021  0.01034811 -0.20520434]
[ 0.33750851  0.01160956 -0.19075343]
[ 0.33845232  0.01421694 -0.18540667]
[ 0.33812717  0.01771293 -0.17931567]
[ 0.33759222  0.02210283 -0.17364238]
[ 0.33737296  0.0260659  -0.16623898]
[ 0.33740497  0.03106294 -0.15656351]
[ 0.34440786  0.08048581 -0.11259207]
[ 0.3490336   0.10579704 -0.10027924]
[ 0.35058895  0.11835228 -0.09423001]
[ 0.3476587   0.17583735 -0.07575089]
[ 0.34623564  0.19329682 -0.0716995 ]
[ 0.34538708  0.21270654 -0.07002983]
[ 0.3446211   0.23221478 -0.06966718]
[ 0.34006537  0.28049624 -0.07538249]
[ 0.33989218  0.29246745 -0.07690991]
[ 0.34053082  0.30494219 -0.07870646]
[ 0.34085996  0.31609181 -0.079851  ]
[ 0.33891932  0.32758573 -0.08193677]
[ 0.3346538   0.34150848 -0.08666099]
[ 0.33271793  0.34619251 -0.08904886]
[ 0.33117739  0.35002518 -0.08919951]
[ 0.32926202  0.35465539 -0.08684821]
[ 0.32801346  0.35935733 -0.08054676]
[ 0.3225903   0.36567354 -0.06798775]
[ 0.32062939  0.36861208 -0.06555012]
[ 0.30919541  0.3942413  -0.0565642 ]
[ 0.30952964  0.39947346 -0.05633514]
[ 0.30958033  0.40313482 -0.05856117]
[ 0.31037659  0.40487325 -0.06146246]
[ 0.30897409  0.40101784 -0.0609056 ]
[ 0.30848179  0.39362341 -0.0597647 ]
[ 0.30701098  0.28187221 -0.07396335]
[ 0.30722982  0.25296193 -0.07790648]
[ 0.3050581   0.22396387 -0.08147869]
[ 0.29209591  0.11221609 -0.09309377]
[ 0.26853803 -0.00612608 -0.10696303]
[ 0.26747171 -0.02137491 -0.11116018]
[ 0.26564384 -0.03493088 -0.11489197]
[ 0.26334122 -0.04952515 -0.11795692]
[ 0.2593543  -0.09098733 -0.1260085 ]
[ 0.25926421 -0.10364611 -0.1293655 ]
[ 0.25876803 -0.115329   -0.13212708]
[ 0.26134658 -0.15501894 -0.1303862 ]
[ 0.26469607 -0.16091165 -0.13435793]
[ 0.26577989 -0.16326837 -0.13716874]
[ 0.26778773 -0.16483973 -0.13859005]
[ 0.27032063 -0.1666972  -0.14047635]
[ 0.27568037 -0.17063797 -0.14170521]
[ 0.28137875 -0.17110303 -0.13982262]
[ 0.28769088 -0.16824059 -0.14033623]
[ 0.28875507 -0.16985421 -0.14256231]
[ 0.28885174 -0.17078185 -0.14383224]
[ 0.2876041  -0.17146872 -0.14513779]
[ 0.28482041 -0.17406578 -0.1517261 ]
[ 0.28579802 -0.17462376 -0.15623908]
[ 0.30520598 -0.18235262 -0.16082844]
[ 0.3127324  -0.18538521 -0.15405457]
[ 0.31635777 -0.18623289 -0.14941835]
[ 0.32087795 -0.18613422 -0.14344391]
[ 0.33669708 -0.1834987  -0.12358562]
[ 0.34076575 -0.18142684 -0.11682685]
[ 0.35913936 -0.16592918 -0.06139234]
[ 0.36181    -0.16395365 -0.04884041]
[ 0.36453626 -0.16247945 -0.03651464]
[ 0.36635265 -0.16004755 -0.02436242]
[ 0.36568633 -0.15705961 -0.0126113 ]
[ 0.35782067 -0.15121303  0.00704309]
[ 0.35342113 -0.14857826  0.01454932]
[ 0.34389732 -0.12797236  0.02564444]
[ 0.34095699 -0.12485693  0.02410563]
[ 0.32387516 -0.12093085  0.0296207 ]
[ 0.30244816 -0.12016229  0.01678017]
[ 0.29477695 -0.11873055  0.0119402 ]
[ 0.29093674 -0.11770706  0.01018668]
[ 0.27702433 -0.11013155  0.00192629]
[ 0.27255631 -0.10668433 -0.00152998]
[ 0.26368026 -0.10095251 -0.00333287]
[ 0.24640093 -0.09303331 -0.00701773]
[ 0.24028078 -0.09036111 -0.0085088 ]
[ 0.2347369  -0.0873737  -0.00927518]
[ 0.22282935 -0.07995854 -0.01000865]
[ 0.21692518 -0.07536231 -0.01105244]
[ 0.17577345 -0.04855865 -0.02489351]
[ 0.16859779 -0.04587094 -0.02802046]
[ 0.16101716 -0.04365598 -0.02932326]
[ 0.14753441 -0.03971279 -0.02641803]
[ 0.1396705  -0.04002847 -0.02140237]
[ 0.13416672 -0.04469233 -0.01285756]
[ 0.11687837 -0.05223234 -0.00190945]
[ 0.10724366 -0.05504774 -0.00162205]
[ 0.09933343 -0.05280058 -0.00279873]
[ 0.09654461 -0.04993639 -0.00482926]
[ 0.08935625 -0.05271691 -0.00409623]
[ 0.08752767 -0.05623825 -0.00360729]
[ 0.08595668 -0.05742339 -0.00482886]
[ 0.08468944 -0.05861204 -0.00679232]
[ 0.0827643  -0.05912193 -0.00781048]
[ 0.08055688 -0.05982357 -0.01032172]
[ 0.07908944 -0.06019072 -0.0099716 ]
[ 0.07601397 -0.06197638 -0.00928211]
[ 0.0746225  -0.06287289 -0.00892008]
[ 0.07300124 -0.06341256 -0.00976215]
[ 0.06889135 -0.06437463 -0.01135201]
[ 0.04920705 -0.05770377 -0.01776208]
[ 0.04920705 -0.05770377 -0.01776208]
[ 0.04721033 -0.05564794 -0.01875973]
[ 0.04533201 -0.05376155 -0.01984704]
[ 0.04324555 -0.05176099 -0.02121894]
[ 0.04068216 -0.04748222 -0.0246198 ]
[ 0.0407379  -0.0450395  -0.02609661]
[ 0.03043184 -0.02723465 -0.0274895 ]
[ 0.0265503  -0.02252061 -0.0269626 ]
[ 0.00083686  0.00203018 -0.03993656]
[-0.00534926  0.00597128 -0.04080555]
[-0.01121978  0.00886653 -0.04124434]
[-0.02328662  0.01321882 -0.04195778]
[-0.03425606  0.01617177 -0.04263364]
[-0.0384064   0.01757424 -0.04205804]
[-0.04069065  0.01800037 -0.0416871 ]
[-0.04353333  0.0190287  -0.0394011 ]
[-0.04493091  0.01927661 -0.03913145]
[-0.0459865   0.01871833 -0.03948637]
[-0.04550645  0.01852766 -0.0395353 ]
[-0.04203738  0.01806657 -0.03900667]
[-0.03988505  0.01758914 -0.03889731]
[-0.03646446  0.01702619 -0.0382538 ]
[-0.02822971  0.0178805  -0.03789288]
[-0.0258374   0.01956722 -0.03542885]
[-0.02313993  0.02198816 -0.032055  ]
[ 0.0387887   0.02173798 -0.02328072]
[ 0.10415602  0.02032436 -0.01392411]
[ 0.13689742  0.01808254 -0.01000798]
[ 0.15330589  0.01828358 -0.00850105]
[ 0.19297109  0.01588377 -0.0097783 ]
[ 0.20784316  0.01086573 -0.01684423]
[ 0.21367977  0.0088597  -0.02077109]
[ 0.21790743  0.00657223 -0.02390726]
[ 0.2303024   0.00174192 -0.0315588 ]
[ 0.2333245   0.00110821 -0.03153994]
[ 0.23932842  0.00059968 -0.02567003]
[ 0.24250499 -0.00207994 -0.02386681]
[ 0.24496711 -0.00372941 -0.02253602]
[ 0.24715752 -0.00517585 -0.02111512]
[ 0.24915311 -0.00663654 -0.01948243]
[ 0.25134007 -0.00941535 -0.0161911 ]
[ 0.25761328 -0.01601641 -0.00582671]
[ 0.26225395 -0.01589773 -0.00461936]
[ 0.26478923 -0.01577833 -0.0050607 ]
[ 0.26682863 -0.01572847 -0.00437906]
[ 0.27710364 -0.01844414 -0.00598923]
[ 0.27772231 -0.02056846 -0.00283176]
[ 0.27699766 -0.02090099 -0.00256209]
[ 0.27638385 -0.02125873 -0.00255779]
[ 0.28043974 -0.02186181 -0.01009385]
[ 0.28549725 -0.02480867 -0.01284493]
[ 0.29864744 -0.03133639 -0.01324153]
[ 0.30437655 -0.03140027 -0.01140381]
[ 0.33899326 -0.02574339  0.00785169]
[ 0.34619862 -0.02319274  0.01452331]
[ 0.34885494 -0.02143882  0.01648406]
[ 0.35013316 -0.01946761  0.01799612]
[ 0.35126874 -0.01296406  0.02245652]
[ 0.35126874 -0.01296406  0.02245652]
[ 0.35335622 -0.01112947  0.02511895]
[ 0.35889295 -0.00814029  0.02876398]
[ 0.36046795 -0.00681167  0.02899432]
[ 0.36113051 -0.00477265  0.02843155]
[0.35972867 0.00188385 0.02616813]
[0.35528157 0.00248879 0.02568478]
[0.33402172 0.01069062 0.01792726]
[0.32798172 0.01394007 0.01334211]
[0.32507322 0.01620066 0.01141053]
[0.32267947 0.01882514 0.01028222]
[0.31380055 0.02652275 0.00878545]
[0.31048525 0.02855022 0.00852601]
[0.30305032 0.03635121 0.0118956 ]
[0.31393102 0.03687353 0.01754728]
[0.32015485 0.03559655 0.01995754]
[0.32519031 0.03353026 0.02237399]
[0.34923414 0.03019442 0.03504794]
[0.35826818 0.02924763 0.03745656]
[0.37749616 0.02586983 0.03741181]
[0.37749616 0.02586983 0.03741181]
[0.38528684 0.02482974 0.03627161]
[0.39389924 0.02351267 0.03516729]
[0.44260082 0.02667601 0.04273465]
[0.4552829  0.03234983 0.02533923]
[0.46790675 0.03330912 0.0176593 ]
[0.46982781 0.0333096  0.01675533]
[0.47759888 0.03345732 0.01241169]
[0.479444   0.03337088 0.01099459]
[0.4814441  0.03330022 0.00936744]
[0.48372272 0.03314075 0.00834444]
[0.48868546 0.03238241 0.00513697]
[0.49189851 0.03122398 0.00136408]
[4.93369079e-01 3.06842010e-02 2.43043527e-04]
[ 4.94012153e-01  2.89961416e-02 -2.90006399e-04]
[4.93518209e-01 2.51226556e-02 2.24050600e-04]
[4.92247915e-01 2.35518813e-02 3.99043318e-04]
[ 4.91638219e-01  2.31034104e-02 -3.13278288e-04]
[ 0.48996112  0.02287907 -0.00158667]
[ 0.48142437  0.02083783 -0.00370935]
[ 0.47741607  0.02011738 -0.00267473]
[ 0.46929655  0.02010018 -0.00172357]
[ 0.46497527  0.02017351 -0.00261452]
[ 0.45993069  0.02000777 -0.00375242]
[ 0.45290515  0.01977043 -0.00399971]
[ 0.44573227  0.01950833 -0.00360349]
[ 0.43900535  0.01946121 -0.00310055]
[0.41604785 0.02086875 0.00192046]
[0.40281675 0.02114185 0.00236258]
[0.39588252 0.02131087 0.00136986]
[0.38858793 0.02189619 0.00090028]
[ 0.3742278   0.02293987 -0.0010284 ]
[ 0.36385474  0.02315484 -0.00250591]
[ 0.35304037  0.02357231 -0.00497471]
[ 0.31479419  0.02998676 -0.01227266]
[ 0.29933182  0.03333871 -0.01337874]
[ 0.29255391  0.03482963 -0.01412408]
[ 0.28610907  0.03637099 -0.01581245]
[ 0.2582804   0.03607941 -0.0245188 ]
[ 0.22313831  0.0338465  -0.02423921]
[ 0.21804545  0.03441336 -0.02498666]
[ 0.21210734  0.03546624 -0.02507395]
[ 0.18681342  0.04313229 -0.02267591]
[ 0.17449368  0.04605763 -0.02149802]
[ 0.17449368  0.04605763 -0.02149802]
[ 0.15364695  0.05115089 -0.02130371]
[ 0.15114919  0.05210115 -0.0206889 ]
[ 0.14760399  0.05301394 -0.02019259]
[ 0.1382421   0.05525499 -0.01987378]
[ 0.13423649  0.05666559 -0.01816741]
[ 0.13077319  0.05837512 -0.01641898]
[ 0.10291598  0.07344414 -0.01044579]
[ 0.10312647  0.07505419 -0.00942912]
[ 0.11297325  0.08884951 -0.02214921]
[ 0.11494041  0.09163231 -0.0261268 ]
[ 0.11579559  0.09996357 -0.03549059]
[ 0.10897276  0.11152985 -0.05406015]
[ 0.10727883  0.11452786 -0.06084692]
[ 0.10567204  0.11774991 -0.06774902]
[ 0.10416982  0.12644005 -0.09543116]
[ 0.10459379  0.12762891 -0.10174483]
[ 0.10589615  0.12961182 -0.11170806]
[ 0.10628608  0.13009605 -0.11470968]
[ 0.10756884  0.12965895 -0.11925313]
[ 0.1079982   0.12831587 -0.12119503]
[ 0.10885698  0.127123   -0.12342823]
[ 0.11521114  0.1251792  -0.1324677 ]
[ 0.11602399  0.12385786 -0.1382353 ]
[ 0.11815882  0.12332854 -0.15106207]
[ 0.11865974  0.12236105 -0.15631399]
[ 0.11878059  0.12146316 -0.16267401]
[ 0.11696005  0.11903387 -0.17497404]
[ 0.11696005  0.11903387 -0.17497404]
[ 0.11410681  0.11698397 -0.18739183]
[ 0.11095447  0.10967354 -0.20572531]
[ 0.10933462  0.10479625 -0.21041141]
[ 0.10542009  0.09594987 -0.21002394]
[ 0.10564903  0.09430181 -0.20809072]
[ 0.10555781  0.0854423  -0.19144642]
[ 0.10472355  0.0790679  -0.16969894]
[ 0.10210875  0.07579159 -0.1562885 ]
[ 0.09895038  0.07196436 -0.14367069]
[ 0.09129362  0.06007373 -0.10471226]
[ 0.09101077  0.05770344 -0.09187758]
[ 0.0913501   0.04590382 -0.02404831]
[0.09229741 0.03653921 0.01104999]
[0.09183951 0.03225112 0.02647243]
[0.09091737 0.02699199 0.04103646]
[0.08979051 0.01119711 0.08024446]
[0.09117772 0.00701656 0.08880845]
[0.09253346 0.0008965  0.10199208]
[0.09253346 0.0008965  0.10199208]
[ 0.09065125 -0.00235641  0.11091653]
[0.07536799 0.00063502 0.1247315 ]
[0.07377798 0.01909062 0.10796428]
[0.07314332 0.02186411 0.10476759]
[0.07128253 0.0242767  0.10175526]
[0.06378583 0.03413181 0.08694411]
[0.05023565 0.05653675 0.06484345]
[0.04596376 0.0613274  0.06017382]
[0.04128028 0.06581186 0.05488524]
[0.02818704 0.07623199 0.04145603]
[0.02278408 0.07731678 0.04077525]
[0.02102835 0.07744893 0.04025201]
[0.01844419 0.07740691 0.03887568]
[0.01382566 0.077475   0.03343099]
[0.00889351 0.07937613 0.0237579 ]
[0.0046827  0.08190329 0.01090228]
[0.00228678 0.08350091 0.00327783]
[-2.50279903e-05  8.51698667e-02 -5.29588386e-03]
[-0.00759367  0.10099622 -0.05812293]
[ 0.00098405  0.1052229  -0.07515364]
[ 0.02525303  0.10983373 -0.10488391]
[ 0.04651109  0.11121543 -0.11692328]
[ 0.0578436   0.11129811 -0.12050214]
[ 0.10797418  0.10830057 -0.13169023]
[ 0.11723886  0.10662144 -0.13391122]
[ 0.15237669  0.09834006 -0.1383473 ]
[ 0.17252944  0.09405049 -0.13496572]
[ 0.18331707  0.09178188 -0.13218193]
[ 0.1930669   0.08956881 -0.129388  ]
[ 0.21723664  0.08284173 -0.12201691]
[ 0.22302276  0.08074366 -0.12020145]
[ 0.22837857  0.07877282 -0.11798013]
[ 0.23242719  0.07668074 -0.11551737]
[ 0.23597569  0.07481559 -0.11389873]
[ 0.2386703   0.07334568 -0.11258417]
[ 0.24168856  0.07101517 -0.1140948 ]
[ 0.24922863  0.06756353 -0.11845784]
[ 0.25070599  0.06664806 -0.12060647]
[ 0.25070599  0.06664806 -0.12060647]
[ 0.25012348  0.06539754 -0.12496675]
[ 0.25539956  0.06363147 -0.13359869]
[ 0.24755055  0.06826717 -0.15183362]
[ 0.24537489  0.06851375 -0.1538201 ]
[ 0.24339074  0.06927287 -0.15523203]
[ 0.23892883  0.07167593 -0.16030821]
[ 0.23828707  0.0718309  -0.16100386]
[ 0.23614696  0.0709959  -0.16242641]
[ 0.23493001  0.07021837 -0.16281344]
[ 0.23323653  0.06921727 -0.16247237]
[ 0.23260296  0.06913241 -0.16165294]
[ 0.23242537  0.06953885 -0.16068266]
[ 0.23331985  0.07042012 -0.15958501]
[ 0.23426813  0.07053889 -0.16003036]
[ 0.23507181  0.08652423 -0.1784071 ]
[ 0.23376546  0.09229703 -0.19341147]
[ 0.23400403  0.09780824 -0.20689382]
[ 0.23530776  0.1001642  -0.21161675]
[ 0.23676432  0.10194819 -0.2153312 ]
[ 0.23565865  0.11996955 -0.2298623 ]
[ 0.23383982  0.1243474  -0.22501457]
[ 0.22256089  0.13430434 -0.20616256]
[ 0.21723313  0.14682136 -0.17393702]
[ 0.21283979  0.14656298 -0.16909441]
[ 0.20445178  0.13491116 -0.16059238]
[ 0.2021919   0.13098767 -0.15848924]
[ 0.20153258  0.13029429 -0.15755774]
[ 0.20136479  0.12985522 -0.15676479]
[ 0.20183445  0.13169554 -0.15665811]
[ 0.19767559  0.13349155 -0.15752357]
[ 0.19617299  0.13325101 -0.1579244 ]
[ 0.19545699  0.13209914 -0.15805021]
[ 0.19420088  0.12263642 -0.16343395]
[ 0.19217697  0.11011084 -0.17746608]
[ 0.19173447  0.10830749 -0.18070886]
[ 0.19063092  0.10605405 -0.18383418]
[ 0.18819175  0.0949666  -0.19298753]
[ 0.18649433  0.0915816  -0.19356227]
[ 0.18319721  0.08733171 -0.19447087]
[ 0.18467633  0.06788979 -0.20036757]
[ 0.1839026   0.06390326 -0.19922861]
[ 0.18090931  0.06022454 -0.19705991]
[ 0.17318085  0.04984662 -0.17649545]
[ 0.17236508  0.04857331 -0.17078468]
[ 0.16959713  0.04805812 -0.16602845]
[ 0.16730866  0.04866142 -0.15718332]
[ 0.16594306  0.04856766 -0.15249729]
[ 0.16487337  0.04855505 -0.14667834]
[ 0.16146663  0.06150137 -0.08274164]
[ 0.16036323  0.06764027 -0.07001702]
[ 0.15734411  0.0762256  -0.05580357]
[ 0.15272308  0.09524807 -0.02884928]
[0.1404886  0.15356979 0.02695069]
[0.13855819 0.16201353 0.0281314 ]
[0.13814128 0.18266527 0.02862323]
[0.1372639  0.19453895 0.02596948]
[0.13649953 0.20601928 0.02232417]
[0.1340578  0.21660896 0.01848955]
[0.13362402 0.22664881 0.01472794]
[0.12681717 0.27011079 0.00289268]
[0.12637923 0.27697334 0.00163463]
[ 0.1274851   0.29049736 -0.00158576]
[ 0.1280301   0.29668733 -0.00279846]
[ 0.12899024  0.308743   -0.00178829]
[ 0.12938935  0.31188294 -0.00110165]
[ 0.13069031  0.31938046 -0.00300878]
[ 0.13004855  0.32303679 -0.00570139]
[ 0.13023791  0.32565564 -0.00788269]
[ 0.12593663  0.33972523 -0.01544784]
[ 0.12560484  0.34388101 -0.01695308]
[ 0.12645835  0.34442985 -0.0185683 ]
[ 0.1281111   0.3445594  -0.02073645]
[ 0.12916342  0.34256586 -0.02372454]
[ 0.12903891  0.3315255  -0.03152057]
[ 0.12959633  0.2533145  -0.05277821]
[ 0.13205463  0.22999182 -0.0584715 ]
[ 0.13405699  0.18310174 -0.0716278 ]
[ 0.13432679  0.15991898 -0.0785222 ]
[ 0.13659254  0.13630745 -0.08433226]
[ 0.14574871  0.08787013 -0.09851785]
[ 0.15942905 -0.00559997 -0.1132906 ]
[ 0.15931297 -0.01874455 -0.11530321]
[ 0.16296399 -0.07352483 -0.12126593]
[ 0.16731847 -0.09789819 -0.12245113]
[ 0.16957012 -0.11069646 -0.12262336]
[ 0.18144686 -0.14485247 -0.12328613]
[ 0.1830369  -0.15479752 -0.11959966]
[ 0.1830369  -0.15479752 -0.11959966]
[ 0.18231187 -0.15886073 -0.11813393]
[ 0.18166432 -0.16286816 -0.11757623]
[ 0.18286816 -0.17705928 -0.11471656]
[ 0.18386233 -0.18323141 -0.11139623]
[ 0.1852198  -0.18891184 -0.10777372]
[ 0.18720216 -0.19861808 -0.09787709]
[ 0.22457663 -0.22868305  0.03051015]
[ 0.2241633  -0.22807364  0.05518465]
[ 0.24171797 -0.22532813  0.1368324 ]
[ 0.24570025 -0.22343831  0.14906637]
[ 0.24918399 -0.22135001  0.15869738]
[ 0.2562897  -0.20176716  0.1803551 ]
[ 0.25551418 -0.19666217  0.18492173]
[ 0.25511388 -0.18996088  0.19013959]
[ 0.25681267 -0.16396026  0.27441132]
[ 0.25681267 -0.16396026  0.27441132]
[ 0.25779284 -0.16231735  0.29311365]
[ 0.2574665  -0.1562975   0.30761775]
[ 0.24236271 -0.13188542  0.28748813]
[ 0.23671964 -0.12771662  0.28478095]
[ 0.23129601 -0.12384676  0.28246805]
[ 0.22643996 -0.12123174  0.28082138]
[ 0.22278163 -0.1189575   0.27869117]
[ 0.21265373 -0.11380813  0.27173331]
[ 0.16197849 -0.08945054  0.2448407 ]
[ 0.1063777  -0.06503855  0.20580661]
[ 0.07301051 -0.04991448  0.16474472]
[ 0.04859603 -0.03729049  0.14340079]
[ 0.02775019 -0.02542709  0.12102206]
[ 0.02047887 -0.02281952  0.10943305]
[ 0.01754015 -0.0233197   0.10886887]
[ 0.01655804 -0.0238457   0.10916466]
[ 0.01581501 -0.02454303  0.10966209]
[ 0.0144942  -0.02599497  0.11048708]
[ 0.0045351  -0.02859992  0.10716302]
[ 0.0045351  -0.02859992  0.10716302]
[ 0.00208109 -0.02912237  0.10601868]
[-0.02486117 -0.01123513  0.0388958 ]
[-0.02378956 -0.00955877  0.02944624]
[-0.01859646 -0.00964621  0.01545098]
[-0.01623564 -0.01076869  0.00918957]
[-0.01419126 -0.01208783  0.00317211]
[-0.01397216 -0.01271014 -0.0029386 ]
[-0.01412019 -0.01328365 -0.01319115]
[-0.01722666 -0.01322122 -0.02123278]
[-0.01918752 -0.01306516 -0.02464357]
[-0.02034708 -0.01277837 -0.02812728]
[-0.01948282 -0.01199172 -0.0315097 ]
[-0.01324689 -0.0080475  -0.03849526]
[-0.00385096  0.00339234 -0.0532761 ]
[-0.00111561  0.00551465 -0.05587857]
[ 0.00134475  0.00678371 -0.05772651]
[ 0.00929624  0.00886979 -0.05539739]
[ 0.01384791  0.01007189 -0.05147085]
[ 0.01577429  0.0104124  -0.0505879 ]
[ 0.01667129  0.01050322 -0.05004576]
[ 0.03237013  0.00506473 -0.03326334]
[ 0.03556634 -0.00925328 -0.00988583]
[ 0.03594104 -0.01228551 -0.00512818]
[ 0.03686916 -0.01720298  0.00318392]
[ 0.1125224  -0.04764856  0.0431638 ]
[ 0.12592796 -0.05177569  0.0442068 ]
[ 0.13346065 -0.05350447  0.04348813]
[ 0.14185382 -0.05502146  0.04068989]
[ 0.20861877 -0.06412899  0.00361989]
[ 0.23757229 -0.07839587 -0.02970761]
[ 0.25838724 -0.08016197 -0.0310281 ]
[ 0.27143974 -0.08181272 -0.02855696]
[ 0.28920043 -0.08450344 -0.01503395]
[ 0.31653983 -0.09751216  0.02613138]
[ 0.31633211 -0.09911025  0.03201445]
[ 0.29886467 -0.09311471  0.0662463 ]
[ 0.27317152 -0.0861873   0.0653705 ]
[ 0.23937482 -0.08225008  0.05549985]
[ 0.23354659 -0.08200978  0.05549122]
[ 0.21778527 -0.08141159  0.05615315]
[ 0.20662243 -0.07871308  0.05587726]
[ 0.18417109 -0.07162231  0.05685725]
[ 0.18353865 -0.07100288  0.05632792]
[ 0.18425859 -0.0733559   0.05525811]
[ 0.18394721 -0.07237506  0.05574369]
[ 0.18360216 -0.07138146  0.05619473]
[ 0.18359864 -0.07015458  0.05692522]
[ 0.18344039 -0.06873655  0.05706003]
[ 0.18169189 -0.06574522  0.05609879]
[ 0.17247248 -0.0601794   0.05225096]
[ 0.17066616 -0.05984013  0.05135475]
[ 0.16850576 -0.06112703  0.05114581]
[ 0.16912461 -0.06190889  0.05109161]
[ 0.1698581  -0.06230289  0.05118055]
[ 0.17086691 -0.06234549  0.05163669]
[ 0.17708284 -0.06015885  0.06317446]
[ 0.17918093 -0.05978572  0.06489138]
[ 0.1820317  -0.05972164  0.06679113]
[ 0.19041756 -0.05686793  0.07401893]
[ 0.19065086 -0.05513595  0.07419495]
[ 0.1922218  -0.05365074  0.07425205]
[ 0.19578785 -0.05243587  0.07500008]
[ 0.19923279 -0.05119332  0.07478635]
[ 0.21085123 -0.04875443  0.07346506]
[ 0.21818027 -0.04720478  0.07191691]
[ 0.22843657 -0.04579917  0.07288743]
[ 0.24061093 -0.0448494   0.07327847]
[ 0.26350847 -0.04334584  0.0710414 ]
[ 0.26736835 -0.0421615   0.06975012]
[ 0.27126814 -0.0397998   0.06745256]
[ 0.28636635 -0.03150465  0.05948624]
[ 0.32666392 -0.01985766  0.05097403]
[ 0.33435813 -0.01918796  0.05097242]
[ 0.34091795 -0.01860664  0.05125006]
[ 0.36519209 -0.01506152  0.05119422]
[ 0.48163543 -0.00781719  0.04540926]
[ 0.48445884 -0.00658679  0.04408587]
[ 0.48744366 -0.00529116  0.04319211]
[ 0.49622939 -0.00283678  0.04572076]
[ 0.49630508 -0.00279359  0.04595009]
[ 0.49621586 -0.00283425  0.04628789]
[ 0.49468378 -0.00421685  0.04437008]
[ 0.49370137 -0.00519899  0.04283675]
[ 0.49134032 -0.00602386  0.04059895]
[ 0.49054441 -0.00568027  0.04024689]
[ 0.48965255 -0.00560003  0.040365  ]
[ 0.47895679 -0.01045993  0.03369769]
[ 0.44700114 -0.01768972  0.02593194]
[ 0.44427601 -0.01760614  0.02553286]
[ 0.4080588  -0.00995081  0.02699424]
[ 0.37581394 -0.00747836  0.02063551]
[0.29915697 0.00253903 0.01174261]
[0.28646961 0.00672666 0.00955114]
[0.24437714 0.01511364 0.0026617 ]
[0.22989527 0.01712602 0.00236772]
[0.22989527 0.01712602 0.00236772]
[0.21878461 0.02055099 0.00371557]
[0.20477057 0.0296801  0.01323675]
[0.1999791  0.03467984 0.02102732]
[0.15965772 0.07272826 0.10281554]
[0.15965772 0.07272826 0.10281554]
[0.15362177 0.08055085 0.11287013]
[0.14247761 0.10681362 0.12823924]
[0.14847145 0.11568715 0.12377789]
[0.15066746 0.13663068 0.09239008]
[0.14910609 0.14218011 0.08079026]
[0.13413621 0.17548497 0.00330158]
[ 0.13144386  0.18099825 -0.01197757]
[ 0.12332941  0.19191046 -0.0766549 ]
[ 0.12388623  0.19304954 -0.08761207]
[ 0.12140415  0.19300756 -0.12836163]
[ 0.1209029   0.19167629 -0.14088331]
[ 0.12039981  0.19091043 -0.14562076]
[ 0.12058056  0.18979244 -0.14935856]
[ 0.11652956  0.17984232 -0.15943703]
[ 0.11619673  0.17742923 -0.15815698]
[ 0.11570249  0.17370372 -0.1557541 ]
[ 0.1157876   0.15575451 -0.14490023]
[ 0.11746717  0.13448714 -0.10536908]
[ 0.11592258  0.13119875 -0.1014555 ]
[ 0.11420772  0.1278045  -0.09794235]
[ 0.11168248  0.11029173 -0.08672281]
[ 0.10993642  0.10637768 -0.08417126]
[ 0.10808838  0.10276929 -0.08206925]
[ 0.1064607   0.09954303 -0.0804298 ]
[ 0.10578308  0.09596689 -0.07938891]
[ 0.11354989  0.07802398 -0.07661813]
[ 0.11605329  0.07787149 -0.07687189]
[ 0.1244852   0.0802271  -0.07812668]
[ 0.12939072  0.0816005  -0.07889788]
[ 0.13420821  0.08260861 -0.079497  ]
[ 0.13886798  0.08354507 -0.07980879]
[ 0.14314736  0.08408114 -0.08051065]
[ 0.14742721  0.08467983 -0.08164781]
[ 0.16094164  0.08736467 -0.08620435]
[ 0.16273723  0.08838081 -0.08584534]
[ 0.16392878  0.08989924 -0.08488747]
[ 0.16863073  0.09842788 -0.07054915]
[ 0.17281154  0.10471037 -0.05330298]
[ 0.17831237  0.11169086 -0.03327851]
[ 0.1798704   0.11581051 -0.02295917]
[0.17919598 0.12905607 0.00534758]
[0.17781345 0.13289216 0.01276332]
[0.17618797 0.13683935 0.01958458]
[0.1715068  0.15427822 0.04009872]
[0.17075787 0.15750477 0.04216146]
[0.17001594 0.16060391 0.04311283]
[0.16922254 0.16355209 0.04292913]
[0.16849462 0.16601582 0.04174211]
[0.16656936 0.17011073 0.03831147]
[0.16194854 0.17377183 0.02126173]
[0.16180277 0.17346771 0.0156195 ]
[0.16324229 0.1731734  0.00975582]
[0.16601587 0.17250642 0.00328151]
[ 0.16805375  0.17147173 -0.00443394]
[ 0.16099966  0.1638958  -0.07675259]
[ 0.15577928  0.15630178 -0.12179459]
[ 0.15372635  0.15669894 -0.12692975]
[ 0.14442748  0.16102412 -0.14146633]
[ 0.14178402  0.15837958 -0.1413708 ]
[ 0.14126754  0.15691958 -0.13811553]
[ 0.14088983  0.15652582 -0.13626359]
[ 0.13991821  0.15642141 -0.13466078]
[ 0.1308848   0.15987346 -0.12944919]
[ 0.1275819   0.16110079 -0.12836576]
[ 0.12497751  0.16259436 -0.12753583]
[ 0.11831228  0.16620006 -0.12585686]
[ 0.11526335  0.16829179 -0.124931  ]
[ 0.11210949  0.16997638 -0.12372538]
[ 0.10900891  0.17044562 -0.12169001]
[ 0.1053457   0.16949175 -0.11924429]
[ 0.09501753  0.16358164 -0.11249883]
[ 0.09099074  0.16096339 -0.10982134]
[ 0.08642094  0.15879735 -0.10706895]
[ 0.08086295  0.15493584 -0.10384011]
[ 0.07354315  0.14918718 -0.09948924]
[ 0.06348719  0.13890325 -0.08862858]
[ 0.05736401  0.13042369 -0.07956904]
[ 0.05384143  0.12591396 -0.07581182]
[ 0.04954833  0.12071305 -0.07381962]
[ 0.04474766  0.11017262 -0.07137235]
[ 0.04398166  0.1045885  -0.06982308]
[ 0.04350941  0.09873215 -0.06881135]
[ 0.04245896  0.09326793 -0.06868907]
[ 0.04146991  0.08830894 -0.06914391]
[ 0.04211     0.07922772 -0.07155187]
[ 0.04416305  0.07498576 -0.07267869]
[ 0.04615574  0.07028369 -0.07437652]
[ 0.06607926  0.0398453  -0.07627036]
[ 0.07955343  0.0285347  -0.07383459]
[ 0.12123311 -0.0167871  -0.06117686]
[ 0.12605733 -0.02285009 -0.0629247 ]
[ 0.13034577 -0.02846828 -0.06546877]
[ 0.13311303 -0.03277411 -0.06780908]
[ 0.1355202  -0.03689509 -0.07061023]
[ 0.15890301 -0.05504904 -0.08251502]
[ 0.16636673 -0.05776839 -0.08523882]
[ 0.17006362 -0.05898992 -0.08715367]
[ 0.17370478 -0.05999197 -0.08869763]
[ 0.17674906 -0.06088461 -0.08996589]
[ 0.18078516 -0.06411226 -0.09071837]
[ 0.18174673 -0.06617038 -0.09026181]
[ 0.18212206 -0.06790661 -0.08935085]
[ 0.18368707 -0.06968921 -0.08645234]
[ 0.17987162 -0.06446434 -0.09841906]
[ 0.1785794  -0.06341884 -0.1017365 ]
[ 0.17793298 -0.06271318 -0.10469236]
[ 0.17750043 -0.0627644  -0.10923526]
[ 0.17885551 -0.06079225 -0.10587139]
[ 0.17885551 -0.06079225 -0.10587139]
[ 0.1793314  -0.0580708  -0.10373525]
[ 0.18066952 -0.05440965 -0.10202111]
[ 0.18364731 -0.04399098 -0.09947114]
[ 0.18603901 -0.0385665  -0.09767172]
[ 0.18798373 -0.03307504 -0.09540935]
[ 0.19270188 -0.02004257 -0.08972011]
[ 0.19936011 -0.00369684 -0.08270159]
[ 0.20554826  0.01245434 -0.07355266]
[ 0.20554826  0.01245434 -0.07355266]
[ 0.21065599  0.02820384 -0.06253263]
[ 0.21142057  0.03658642 -0.05715645]
[ 0.21247674  0.04589796 -0.05191775]
[ 0.21305118  0.05502174 -0.04758277]
[ 0.21444771  0.06538582 -0.04442833]
[ 0.22330794  0.10785674 -0.03602267]
[ 0.2254068  0.1185784 -0.0346746]
[ 0.22679869  0.14402553 -0.03498082]
[ 0.22315732  0.18056026 -0.04071378]
[ 0.22156335  0.19160114 -0.04243812]
[ 0.2190255   0.22945666 -0.04799937]
[ 0.2190255   0.22945666 -0.04799937]
[ 0.21872718  0.24196975 -0.04687761]
[ 0.22201422  0.26342613 -0.04903751]
[ 0.22202597  0.26422581 -0.04880468]
[ 0.22973532  0.26203492 -0.04724978]
[ 0.25897498  0.24636723 -0.04543874]
[ 0.26414177  0.24368611 -0.04601253]
[ 0.26975904  0.24082308 -0.04632934]
[ 0.27546132  0.2382392  -0.04573881]
[ 0.28822947  0.23224899 -0.0435509 ]
[ 0.29451866  0.22824015 -0.04097635]
[ 0.33308662  0.19432573 -0.02636612]
[ 0.35169021  0.16364034 -0.00714005]
[ 0.3572304   0.16237244 -0.0057864 ]
[ 0.36411068  0.16383159 -0.00641569]
[ 0.37740383  0.16738886 -0.0088955 ]
[ 0.38095186  0.16653171 -0.0110437 ]
[ 0.38284985  0.16358048 -0.01258262]
[ 0.38645164  0.15566255 -0.01287091]
[ 0.38645164  0.15566255 -0.01287091]
[ 0.39323071  0.14961191 -0.01010017]
[ 0.39850203  0.1442551  -0.00721477]
[ 0.40011022  0.142573   -0.00608796]
[ 0.40092376  0.14146772 -0.00580707]
[ 0.39772931  0.14288442 -0.01902696]
[ 0.38929228  0.14881961 -0.03354401]
[ 0.38929228  0.14881961 -0.03354401]
[ 0.38471047  0.15916744 -0.05293798]
[ 0.38032494  0.17209823 -0.07341398]
[ 0.38108156  0.17975843 -0.08254833]
[ 0.38219599  0.18758748 -0.09258679]
[ 0.37985334  0.19925191 -0.10876661]
[ 0.37699518  0.20358302 -0.1166206 ]
[ 0.3745648   0.20636889 -0.12353674]
[ 0.36355243  0.20024239 -0.18621959]
[ 0.36182306  0.20104718 -0.18863833]
[ 0.35131786  0.19844328 -0.19582392]
[ 0.34757847  0.19235064 -0.19562972]
[ 0.34630076  0.1891166  -0.19553079]
[ 0.34524722  0.18628563 -0.19552182]
[ 0.33801082  0.17516513 -0.18999992]
[ 0.33554179  0.17013308 -0.18875517]
[ 0.33283267  0.16358821 -0.18708764]
[ 0.32884983  0.15528685 -0.18454449]
[ 0.32539425  0.14473017 -0.17877239]
[ 0.31478674  0.06198912 -0.10590269]
[ 0.31269518  0.05083752 -0.09686086]
[ 0.31079469  0.02752049 -0.07530392]
[ 0.31079469  0.02752049 -0.07530392]
[ 0.31123141  0.00834427 -0.05447803]
[ 0.30781878 -0.03792911  0.04343997]
[ 0.30795539 -0.05303961  0.08179774]
[ 0.30718417 -0.05305756  0.08524095]
[ 0.30256621 -0.05603987  0.10747281]
[ 0.30376569 -0.06655561  0.11227208]
[ 0.30449066 -0.0660861   0.10857384]
[ 0.30479357 -0.06535739  0.10416887]
[ 0.29668999 -0.0638981   0.08934018]
[ 0.29255614 -0.06505399  0.08596763]
[ 0.2911158  -0.06562501  0.08458946]
[ 0.29038832 -0.06639895  0.08393239]
[ 0.28873021 -0.06648697  0.08200376]
[ 0.28859103 -0.06579256  0.08021028]
[ 0.28897527 -0.06471349  0.07791044]
[ 0.29192332 -0.06327116  0.07371392]
[ 0.29322139 -0.06348846  0.07212153]
[ 0.29509318 -0.06361468  0.07045812]
[ 0.30485428 -0.08136763  0.05809234]
[ 0.33139709 -0.10721066  0.05997929]
[ 0.36411921 -0.11028999  0.04261787]
[ 0.36667231 -0.11215372  0.04117638]
[ 0.37509612 -0.12438434  0.04198669]
[ 0.3803911  -0.12843582  0.04157931]
[ 0.38186566 -0.12834126  0.0373514 ]
[ 0.37972156 -0.12618497  0.03625277]
[ 0.37688736 -0.12504578  0.03478974]
[ 0.37347851 -0.12359805  0.03324154]
[ 0.36079559 -0.12137553  0.02526578]
[ 0.34350432 -0.12361292  0.01766584]
[ 0.31906373 -0.12298094  0.01556718]
[ 0.31906373 -0.12298094  0.01556718]
[ 0.3056793  -0.12248404  0.01547013]
[ 0.2955902  -0.12150614  0.01626757]
[ 0.29082078 -0.1203612   0.01584839]
[ 0.26604811 -0.11169517  0.01267371]
[ 0.2410768  -0.11572737  0.00776156]
[ 0.23678029 -0.11715691  0.00765692]
[ 0.23207319 -0.11831011  0.00725883]
[ 0.21669201 -0.11930193  0.00616787]
[ 0.21365089 -0.11912151  0.00656432]
[ 0.20468408 -0.11988521  0.00728582]
[ 0.20152063 -0.12003444  0.00672516]
[ 0.19830239 -0.1200257   0.00652732]
[ 0.19557071 -0.11997114  0.00664196]
[ 0.19643355 -0.12112909  0.01160681]
[ 0.20292688 -0.12509613  0.01149089]
[ 0.20113671 -0.12340577  0.00950306]
[ 0.19632653 -0.12104782  0.00916865]
[ 0.18874899 -0.11892878  0.00483148]
[ 0.18870685 -0.11923768  0.0014908 ]
[ 0.18959544 -0.1190344  -0.0005605 ]
[ 0.19095782 -0.11809716 -0.00326104]
[ 0.19248117 -0.11660347 -0.00637702]
[ 0.19429249 -0.11531325 -0.00990657]
[ 0.19788892 -0.1145228  -0.01574107]
[ 0.19968841 -0.1149588  -0.01845497]
[ 0.1999541  -0.11493719 -0.01887942]
[ 0.19909815 -0.11551972 -0.01909302]
[ 0.18105874 -0.11328933 -0.02119678]
[ 0.1762071  -0.11237978 -0.02046481]
[ 0.17102942 -0.1117553  -0.01951312]
[ 0.164197   -0.11208303 -0.01824395]
[ 0.15696976 -0.11205857 -0.01662885]
[ 0.14762471 -0.11252902 -0.01482342]
[ 0.12200177 -0.11156258 -0.01456395]
[ 0.10861129 -0.10999785 -0.01635585]
[ 0.09933659 -0.10807958 -0.01891119]
[ 0.08638766 -0.10076717 -0.03146372]
[ 0.08720597 -0.09855095 -0.03588855]
[ 0.08914081 -0.09710115 -0.03934116]
[ 0.09095023 -0.09603127 -0.04182339]
[ 0.09339257 -0.09617741 -0.04342768]
[ 0.09591815 -0.09740027 -0.04496338]
[ 0.10124255 -0.10020196 -0.04681543]
[ 0.10355196 -0.10113563 -0.04687889]
[ 0.10582191 -0.10146946 -0.04631723]
[ 0.11044241 -0.10087434 -0.04474098]
[ 0.11306897 -0.09973493 -0.04456254]
[ 0.11586711 -0.09810967 -0.04446546]
[ 0.12243915 -0.08760885 -0.04263804]
[ 0.13879347 -0.08902966 -0.03691197]
[ 0.14395142 -0.09326686 -0.03264625]
[ 0.17065827 -0.08425394 -0.02282421]
[ 0.16998748 -0.08583097 -0.02165901]
[ 0.16859601 -0.08687255 -0.02130958]
[ 0.16777301 -0.08777909 -0.0209679 ]
[ 0.16733072 -0.08835089 -0.02060437]
[ 0.1677399  -0.087695   -0.02034731]
[ 0.16813011 -0.08714087 -0.02004303]
[ 0.17056913 -0.08311976 -0.021547  ]
[ 0.17022864 -0.0825502  -0.02250801]
[ 0.16952402 -0.08217186 -0.02287588]
[ 0.16834081 -0.08274195 -0.02087963]
[ 0.16349003 -0.08896456 -0.01836808]
[ 0.15949894 -0.08920846 -0.01910416]
[ 0.157399   -0.08897819 -0.01889377]
[ 0.1508582  -0.08765856 -0.02097201]
[ 0.14738212 -0.08418632 -0.02471834]
[ 0.14031384 -0.07458867 -0.03132865]
[ 0.1185838  -0.06821066 -0.03361332]
[ 0.11545772 -0.06490621 -0.03317494]
[ 0.1042145  -0.04790856 -0.02982593]
[ 0.10149402 -0.04310413 -0.02814004]
[ 0.10163391 -0.04160481 -0.02863176]
[ 0.10119603 -0.04054211 -0.02838285]
[ 0.09889703 -0.0384564  -0.02496165]
[ 0.097815   -0.03674587 -0.02038007]
[ 0.09674565 -0.03523806 -0.0149656 ]
[ 0.09800815 -0.04482019  0.00635565]
[ 0.11516992 -0.05980171  0.01623072]
[ 0.12492315 -0.06826361  0.00681571]
[ 0.12943048 -0.07100213  0.00577945]
[ 0.13325647 -0.073835    0.00505603]
[ 0.14095528 -0.07893559  0.00244727]
[ 0.14139099 -0.08159653  0.00215705]
[ 0.14169914 -0.08509678  0.00188356]
[ 0.14516849 -0.09370889 -0.00108726]
[ 0.15210793 -0.10146956 -0.00598588]
[ 0.15597836 -0.10445615 -0.00867803]
[ 0.15954969 -0.10713129 -0.011065  ]
[ 0.16346139 -0.11318233 -0.01420596]
[ 0.16505764 -0.11607435 -0.01502906]
[ 0.1853737  -0.12571518 -0.0233852 ]
[ 0.18804634 -0.12796274 -0.02475346]
[ 0.18856523 -0.12960424 -0.02499386]
[ 0.18858353 -0.13129637 -0.02459467]
[ 0.18801797 -0.13257338 -0.02425204]
[ 0.19648928 -0.13083638 -0.02765611]
[ 0.19807494 -0.12962642 -0.02734805]
[ 0.199617   -0.12713929 -0.02629796]
[ 0.19961674 -0.12630147 -0.02554154]
[ 0.20099083 -0.11463995 -0.01284428]
[ 0.20321707 -0.11053021 -0.00751229]
[ 0.2060898  -0.10527596 -0.00039903]
[ 0.21265561 -0.09588628  0.01797712]
[ 0.21546162 -0.09029878  0.02839154]
[ 0.2163978  -0.08026764  0.04672122]
[ 0.21782271 -0.07182058  0.0615142 ]
[ 0.2207934  -0.06543401  0.06996598]
[ 0.22257761 -0.06297725  0.07199808]
[ 0.22864017 -0.05736446  0.0745232 ]
[ 0.23158682 -0.04117696  0.08478561]
[ 0.23079372 -0.0346751   0.08682506]
[ 0.23078913 -0.03174812  0.0879634 ]
[ 0.2306895  -0.03014466  0.08998431]
[ 0.22910286 -0.02755598  0.10109093]
[ 0.22856382 -0.02509554  0.10896739]
[ 0.22299466 -0.01845438  0.13110846]
[ 0.22088764 -0.01688267  0.13612933]
[ 0.21758685 -0.01279978  0.14267164]
[ 0.2152221  -0.01108451  0.14428358]
[ 0.2126284  -0.00925985  0.14447916]
[ 0.20870248 -0.00735946  0.14126679]
[ 0.20670334 -0.0057884   0.13512427]
[ 0.2057246  -0.00483529  0.1317206 ]
[ 0.20388955 -0.00425609  0.12870246]
[ 0.20038698 -0.00791722  0.11894619]
[ 0.18952585 -0.01113415  0.1070689 ]
[ 0.18666161 -0.01133691  0.10437705]
[ 0.18454964 -0.01167916  0.10123628]
[ 0.17938737 -0.01224674  0.09099934]
[ 0.17056606 -0.01431686  0.07778841]
[ 0.16645167 -0.01712337  0.06970604]
[ 0.16366357 -0.02097079  0.06121339]
[ 0.15925447 -0.02773115  0.04312262]
[ 0.1572083  -0.03011693  0.0314476 ]
[ 0.15507678 -0.0311227   0.01798602]
[ 0.14033524 -0.02664541 -0.0627465 ]
[ 0.13725559 -0.02670031 -0.0733481 ]
[ 0.12568755 -0.02295055 -0.12433613]
[ 0.12326566 -0.02279452 -0.13274705]
[ 0.12114975 -0.02228296 -0.14073837]
[ 0.11854858 -0.02193337 -0.17076267]
[ 0.11851323 -0.02098017 -0.17632891]
[ 0.1178858  -0.01951664 -0.18188313]
[ 0.11946118 -0.01448462 -0.20189811]
[ 0.12054253 -0.01332784 -0.20549266]
[ 0.12115628 -0.01268296 -0.20619239]
[ 0.11595399 -0.00635593 -0.19954389]
[ 0.11549482 -0.00516117 -0.19970059]
[ 0.1150516  -0.00408062 -0.20043141]
[ 0.11114041  0.00418561 -0.19991507]
[ 0.11193365  0.00704615 -0.19917181]
[ 0.11383603  0.01004036 -0.1986008 ]
[ 0.11604426  0.01314992 -0.19813211]
[ 0.11764914  0.01621433 -0.19825107]
[ 0.1215559   0.03944379 -0.20513324]
[ 0.12031043  0.04214392 -0.20718284]
[ 0.11942903  0.04463529 -0.20951922]
[ 0.11902565  0.04779603 -0.21178369]
[ 0.11691228  0.05683322 -0.22010146]
[ 0.11299646  0.07160428 -0.24324431]
[ 0.10821546  0.07831722 -0.25291404]
[ 0.10806731  0.0788634  -0.25283939]
[ 0.10703982  0.07865424 -0.25204006]
[ 0.10620973  0.07771305 -0.2497078 ]
[ 0.10758243  0.07627326 -0.24995345]
[ 0.10708646  0.07571001 -0.250085  ]
[ 0.10627148  0.07573271 -0.25096023]
[ 0.10610664  0.07676925 -0.25448373]
[ 0.10658831  0.07737865 -0.25672013]
[ 0.10720385  0.07767291 -0.2587367 ]
[ 0.10832134  0.07759649 -0.26325741]
[ 0.10877216  0.07740404 -0.26511365]
[ 0.10932193  0.07732261 -0.26676312]
[ 0.11036477  0.07646175 -0.27023578]
[ 0.11166523  0.0755446  -0.27725327]
[ 0.11243007  0.07632815 -0.27878028]
[ 0.10432694  0.07785633 -0.28314805]
[ 0.10367686  0.07775339 -0.28353226]
[ 0.10296521  0.07792759 -0.28484109]
[ 0.10251478  0.07791539 -0.28563809]
[ 0.10222906  0.07744046 -0.2871246 ]
[ 0.10218379  0.07744041 -0.28708544]
[ 0.10214562  0.07752419 -0.28691152]
[ 0.10292966  0.07727559 -0.2823984 ]
[ 0.10271112  0.07696225 -0.28148463]
[ 0.09975421  0.07801    -0.26919684]
[ 0.09857815  0.0784855  -0.26306835]
[ 0.09761364  0.0793595  -0.25495654]
[ 0.09883004  0.08043084 -0.23340484]
[ 0.09817187  0.07721116 -0.18128011]
[ 0.09570194  0.07547118 -0.1393192 ]
[ 0.09653572  0.07369916 -0.10179287]
[ 0.09810469  0.0700365  -0.06266469]
[ 0.09961805  0.0693559  -0.02890342]
[0.11396707 0.04340956 0.20667401]
[0.09996492 0.02415495 0.28401831]
[0.09681708 0.02231088 0.28657722]
[0.09410221 0.02069874 0.28832313]
[0.09363045 0.01351212 0.29489401]
[0.09222194 0.01260631 0.29659396]
[0.09008918 0.01199771 0.29716599]
[0.09041465 0.0098701  0.29783726]
[0.09150871 0.00883758 0.29925534]
[0.09172264 0.0077612  0.30066535]
[0.09118231 0.00728726 0.30216756]
[0.09063192 0.00721569 0.30563584]
[0.09063192 0.00721569 0.30563584]
[0.09015667 0.00812478 0.3056547 ]
[0.08935474 0.01139543 0.30170771]
[0.08978445 0.01093064 0.29956993]
[0.09990524 0.00180978 0.27661502]
[ 0.10298807 -0.00029403  0.26884934]
[ 0.10268385 -0.00353251  0.25350574]
[ 0.10360447 -0.0064421   0.24647194]
[ 0.10451639 -0.0108347   0.23822162]
[ 0.10757864 -0.01581198  0.23014684]
[ 0.11311377 -0.02148218  0.22004737]
[ 0.14590461 -0.05256469  0.16709846]
[ 0.15380026 -0.06174856  0.15179111]
[ 0.15798116 -0.06531206  0.14316225]
[ 0.17026732 -0.07323556  0.12351104]
[ 0.18370647 -0.08063189  0.11107026]
[ 0.2112152  -0.09643489  0.09006654]
[ 0.21952987 -0.10023452  0.07765348]
[ 0.22316871 -0.10193454  0.07170521]
[ 0.22844035 -0.10661723  0.05786085]
[ 0.22953618 -0.10821442  0.05479074]
[ 0.23156697 -0.10994779  0.05194068]
[ 0.23490686 -0.11127239  0.04873062]
[ 0.24007658 -0.11161033  0.04566354]
[ 0.25148765 -0.1127682   0.0398709 ]
[ 0.25865439 -0.11363453  0.03735467]
[ 0.28633065 -0.11289512  0.02254351]
[ 0.30623246 -0.10493544  0.00901446]
[ 0.30919988 -0.10315412  0.00676729]
[ 0.31136808 -0.10206541  0.00520587]
[ 3.19330639e-01 -9.71908197e-02 -9.89958644e-05]
[ 0.3273646  -0.09399465 -0.01180827]
[ 0.32926462 -0.093593   -0.01396108]
[ 0.33054737 -0.09284482 -0.01643542]
[ 0.33092228 -0.08902473 -0.0254764 ]
[ 0.33075473 -0.08721403 -0.02797709]
[ 0.33199412 -0.08706634 -0.0286355 ]
[ 0.33418176 -0.08696125 -0.02920227]
[ 0.33656175 -0.08642494 -0.02983459]
[ 0.33873392 -0.08562488 -0.03040977]
[ 0.34558207 -0.08268119 -0.02794329]
[ 0.34471846 -0.07932851 -0.02350972]
[ 0.34399    -0.07772043 -0.02237841]
[ 0.34522594 -0.07551655 -0.0210077 ]
[ 0.34920923 -0.07307501 -0.01772662]
[ 0.35080252 -0.07173586 -0.01546011]
[ 0.35155574 -0.07071648 -0.01338847]
[ 0.35157857 -0.0702326  -0.01092684]
[ 0.35191289 -0.07034125 -0.0088443 ]
[ 0.35321072 -0.07055855 -0.00482091]
[ 0.35387049 -0.07048322 -0.00339105]
[ 0.35555068 -0.06759391  0.00087553]
[ 0.35635093 -0.06483995  0.0028911 ]
[ 0.35456262 -0.06016282  0.00687205]
[ 0.35374287 -0.05760434  0.00752314]
[ 0.3529912  -0.05697842  0.00776899]
[ 0.35243491 -0.05643304  0.00788904]
[ 0.35566286 -0.05783521  0.0064177 ]
[ 0.35671077 -0.05925656  0.00602581]
[ 0.35766695 -0.06049865  0.00515821]
[ 0.36011616 -0.06157148  0.00214692]
[ 0.3612505  -0.05463025 -0.00902939]
[ 0.36007861 -0.05380016 -0.00941137]
[ 0.35814444 -0.05267372 -0.00959323]
[ 0.35516373 -0.05141022 -0.0094593 ]
[ 0.34947467 -0.04567337 -0.00755092]
[ 0.34642965 -0.0412332  -0.0063358 ]
[ 0.34359387 -0.03710231 -0.00576622]
[ 0.34065435 -0.03422971 -0.00579129]
[ 0.32934368 -0.02958143 -0.01443896]
[ 0.32733533 -0.02914657 -0.01632611]
[ 0.32538096 -0.02861369 -0.01756712]
[ 0.31371287 -0.02309548 -0.02033402]
[ 0.30905557 -0.0199703  -0.02060867]
[ 0.30434949 -0.01569217 -0.01977098]
[ 2.84857339e-01 -2.84393056e-04 -1.45801958e-02]
[ 0.25960664  0.00931914 -0.01833773]
[ 0.25243751  0.01072252 -0.01710496]
[ 0.24922583  0.01113948 -0.01648421]
[ 0.24631927  0.01205319 -0.01621777]
[ 0.24072534  0.01468837 -0.0165791 ]
[ 0.23718259  0.01856595 -0.01680329]
[ 0.23574252  0.02070634 -0.0168648 ]
[ 0.2341123   0.02288205 -0.01736785]
[ 0.23126904  0.02546186 -0.0188929 ]
[ 0.22912753  0.0251897  -0.02383691]
[ 0.22934712  0.02508193 -0.02843924]
[ 0.2293276   0.02516569 -0.03358644]
[ 0.2312733   0.02392863 -0.04367804]
[ 0.23393638  0.01970868 -0.10180794]
[ 0.23225308  0.02179087 -0.11170291]
[ 0.22208861  0.02663446 -0.13320772]
[ 0.21951473  0.02559069 -0.13263676]
[ 0.21681333  0.02444031 -0.13114139]
[ 0.21453095  0.02250246 -0.12902158]
[ 0.21121717  0.01936094 -0.12559736]
[ 0.21017722  0.01888186 -0.12479716]
[ 0.20919601  0.01941423 -0.12505449]
[ 0.20765553  0.02056053 -0.12598571]
[ 0.20080642  0.02414924 -0.12811254]
[ 0.19859982  0.02282319 -0.12813903]
[ 0.1884667   0.00984377 -0.1122935 ]
[ 0.18560559  0.00769903 -0.10921284]
[ 0.18242014  0.00561005 -0.10668716]
[ 0.18021763  0.00398718 -0.10460908]
[ 1.76051742e-01 -6.50416914e-05 -9.95810777e-02]
[ 0.17329717 -0.00207493 -0.09578661]
[ 0.17200599 -0.00286422 -0.09324645]
[ 0.17150179 -0.00344075 -0.09031352]
[ 0.17079965 -0.00390128 -0.08725102]
[ 0.17001105 -0.00481139 -0.08322896]
[ 0.16919226 -0.00589947 -0.07790642]
[ 0.16423667 -0.01310552 -0.0466934 ]
[ 0.16305715 -0.01406984 -0.03941162]
[ 0.16664276 -0.02369702 -0.00255002]
[ 0.16860259 -0.02599729  0.01491832]
[ 0.17656601 -0.02949313  0.05432878]
[ 0.17699597 -0.03100623  0.06157706]
[ 0.17694393 -0.03225575  0.06792125]
[ 0.17153884 -0.03405503  0.08619127]
[ 0.1710164  -0.03384268  0.08687725]
[ 0.1704163  -0.03351635  0.08640984]
[ 0.17163313 -0.03297822  0.08521158]
[ 0.17718977 -0.0300346   0.05383156]
[ 0.1771406  -0.03008062  0.04426588]
[ 0.17679266 -0.02987235  0.03944783]
[ 0.17671386 -0.02954412  0.03439632]
[ 0.17668099 -0.02877898  0.02962365]
[ 0.18044466 -0.02675779  0.02140173]
[ 0.18279166 -0.02586182  0.0181342 ]
[ 0.18539    -0.02538622  0.01561743]
[ 0.18742785 -0.02555466  0.01355867]
[ 0.18993074 -0.02719813  0.00836893]
[ 0.1902721  -0.02806996  0.00517525]
[ 0.19203106 -0.02738313 -0.0102114 ]
[ 0.19295008 -0.0271719  -0.01777924]
[ 0.19832969 -0.02341133 -0.03700273]
[ 0.2065968  -0.01759718 -0.07941189]
[ 0.20769761 -0.01492031 -0.08528199]
[ 0.20898691 -0.01138422 -0.09124549]
[ 0.21275348 -0.0045772  -0.10058021]
[ 0.21407945 -0.00267118 -0.10449644]
[ 0.2283665   0.004877   -0.11496739]
[ 0.2315456   0.00610001 -0.11436123]
[ 0.2487962   0.01251135 -0.11620163]
[ 0.25626737  0.01068329 -0.11678834]
[ 0.25626737  0.01068329 -0.11678834]
[ 0.25999088  0.0083262  -0.11566087]
[ 0.26108215  0.0076723  -0.11454056]
[ 0.26256446  0.00857524 -0.11386309]
[ 0.27679524  0.0293436  -0.09928353]
[ 0.27986104  0.03706917 -0.09557024]
[ 0.28236098  0.04399027 -0.09181038]
[ 0.28768328  0.06848516 -0.080027  ]
[ 0.28784612  0.07855093 -0.07647813]
[ 0.28799347  0.0831153  -0.07490157]
[ 0.28734485  0.09309566 -0.07066657]
[ 0.28753931  0.09577048 -0.07021037]
[ 0.2893903   0.1026582  -0.07021137]
[ 0.29126308  0.10504426 -0.0700765 ]
[ 0.29578171  0.10660299 -0.06938982]
[ 0.29604781  0.10595863 -0.06881747]
[ 0.2962342   0.10497812 -0.06768245]
[ 0.29654638  0.10397945 -0.066478  ]
[ 0.29772112  0.10309558 -0.06586573]
[ 0.3095592   0.09667797 -0.0602118 ]
[ 0.31147364  0.09792317 -0.05989288]
[ 0.31301922  0.09942207 -0.05943595]
[ 0.31315375  0.10269151 -0.05863234]
[ 0.30166948  0.1089606  -0.05163782]
[ 0.29154733  0.11339708 -0.03554126]
[ 0.27667621  0.12206057 -0.02204782]
[ 0.26427416  0.12986478 -0.00867754]
[ 0.26324463  0.1338958  -0.00566373]
[ 0.25347922  0.14190407 -0.00084688]
[0.25139925 0.14285214 0.0006594 ]
[0.24787343 0.14420657 0.00380473]
[0.24562219 0.14520915 0.00612218]
[0.24125073 0.14754547 0.00894269]
[0.24037251 0.14831825 0.00919863]
[0.23965958 0.14893784 0.00905428]
[0.23168439 0.15121447 0.0125751 ]
[0.22095371 0.15063362 0.01604463]
[0.21849821 0.15051018 0.01623768]
[0.21729568 0.15127809 0.01588573]
[0.21791053 0.15282607 0.01514817]
[0.21989236 0.15431388 0.01398744]
[0.21941433 0.15610074 0.01276782]
[0.2118376  0.15650021 0.01265778]
[0.21065221 0.156468   0.0123603 ]
[0.21035827 0.15656756 0.01253955]
[0.2102514  0.15656443 0.01329987]
[0.20850859 0.15711074 0.01824142]
[0.20801461 0.15740024 0.02059012]
[0.20364872 0.15638447 0.02672341]
[0.20223487 0.15191993 0.02551818]
[0.20119092 0.14819062 0.02562236]
[0.19969372 0.14361592 0.02517862]
[0.19513223 0.1323204  0.01931065]
[0.19454265 0.13028041 0.01673745]
[0.19473884 0.12868743 0.01485488]
[0.19549218 0.12776873 0.0125898 ]
[0.19593731 0.12699832 0.01058814]
[0.19607375 0.12456148 0.0037989 ]
[ 0.19561142  0.12203787 -0.0009856 ]
[ 0.19472734  0.11914583 -0.00733096]
[ 0.19239486  0.11496901 -0.01385369]
[ 0.18902401  0.10733221 -0.02344375]
[ 0.18767438  0.10338084 -0.02692985]
[ 0.18713472  0.0996673  -0.02922619]
[ 0.18668351  0.09574543 -0.03174723]
[ 0.18658478  0.09213199 -0.03402992]
[ 0.18716062  0.08461214 -0.03743967]
[ 0.18643866  0.08080771 -0.03918159]
[ 0.18519131  0.07706881 -0.04123105]
[ 0.18396018  0.0732476  -0.04307472]
[ 0.18303192  0.07000785 -0.04490688]
[ 0.18233097  0.06706727 -0.04638316]
[ 0.17781813  0.05890473 -0.04970166]
[ 0.17658511  0.05585121 -0.05094757]
[ 0.17591441  0.05260776 -0.05210462]
[ 0.17417887  0.04003049 -0.06000518]
[ 0.17384852  0.03700624 -0.0616318 ]
[ 0.17350796  0.03361243 -0.06284779]
[ 0.16993303  0.02198513 -0.06841328]
[ 0.16872165  0.01630709 -0.07124791]
[ 0.16829453  0.01322394 -0.07327345]
[ 0.16797314  0.01039188 -0.07612793]
[ 0.16617782  0.0040169  -0.08357037]
[ 0.16296015 -0.00288389 -0.0911499 ]
[ 0.16161821 -0.00648359 -0.09385809]
[ 0.16130242 -0.00922723 -0.09643519]
[ 0.16205413 -0.01399296 -0.10064262]
[ 0.16355023 -0.01510524 -0.10263838]
[ 0.16456348 -0.01613711 -0.10365401]
[ 0.16578135 -0.01933745 -0.10006503]
[ 0.16659099 -0.02151915 -0.09290833]
[ 0.16763995 -0.0230381  -0.08823734]
[ 0.1675272  -0.02416123 -0.0843671 ]
[ 0.16717452 -0.02526904 -0.08033195]
[ 0.16630147 -0.02644014 -0.07740983]
[ 0.16315917 -0.03028498 -0.07058473]
[ 0.16174964 -0.03375093 -0.06701194]
[ 0.15406225 -0.0484485  -0.05763019]
[ 0.15217746 -0.05158633 -0.05568083]
[ 0.14577553 -0.06133892 -0.04363791]
[ 0.14307231 -0.06517555 -0.03562942]
[ 0.14150236 -0.0663767  -0.03259585]
[ 0.14009894 -0.06745993 -0.03036107]
[ 0.13732726 -0.06970663 -0.02576812]
[ 0.13648409 -0.06997463 -0.02468485]
[ 0.12767631 -0.0708897  -0.0282407 ]
[ 0.12102128 -0.07100031 -0.03325487]
[ 0.11711336 -0.07042213 -0.03464613]
[ 0.11333949 -0.06943755 -0.03566679]
[ 0.10567266 -0.06521536 -0.03708746]
[ 0.10072467 -0.06173603 -0.03819825]
[ 0.09581079 -0.05775733 -0.0391973 ]
[ 0.08735583 -0.04981205 -0.04311112]
[ 0.08735583 -0.04981205 -0.04311112]
[ 0.08237841 -0.04280233 -0.04611408]
[ 0.080073   -0.03471226 -0.04977021]
[ 0.07950259 -0.03047401 -0.05223643]
[ 0.07894269 -0.0263168  -0.05442439]
[ 0.07834967 -0.0184467  -0.05756734]
[ 0.07822265 -0.01460292 -0.05825878]
[ 0.07841163 -0.01045509 -0.05869596]
[ 8.09256345e-02 -2.17877623e-05 -5.91632612e-02]
[ 0.08208658  0.00659559 -0.05893151]
[ 0.08202306  0.01393954 -0.05806003]
[ 0.07973695  0.0295337  -0.05562133]
[ 0.07973695  0.0295337  -0.05562133]
[ 0.07813778  0.03713502 -0.05425153]
[ 0.07599737  0.04438258 -0.05335709]
[ 0.07170268  0.05820278 -0.05252557]
[ 0.0696628   0.06571969 -0.05308713]
[ 0.06817936  0.07462255 -0.05361958]
[ 0.06703157  0.08330039 -0.05448321]
[ 0.0671226   0.10003012 -0.05751828]
[ 0.06887447  0.10805969 -0.05945076]
[ 0.07327575  0.12455127 -0.06038997]
[ 0.07327575  0.12455127 -0.06038997]
[ 0.07540496  0.13115738 -0.06041081]
[ 0.07751462  0.13676114 -0.06078374]
[ 0.08226713  0.14622311 -0.06135227]
[ 0.08493312  0.15092084 -0.06081492]
[ 0.08725435  0.15604238 -0.05946786]
[ 0.0904853   0.16523565 -0.05707034]
[ 0.09196908  0.1692633  -0.05690799]
[ 0.09482761  0.17625727 -0.05659133]
[ 0.09561279  0.17938642 -0.05517292]
[ 0.09612147  0.18233526 -0.05323621]
[ 0.09595487  0.18468155 -0.05205116]
[ 0.0979182   0.18811561 -0.05229473]
[ 0.09906631  0.18858205 -0.05334402]
[ 0.10094411  0.18825352 -0.05367318]
[ 0.10323254  0.18429261 -0.05183904]
[ 0.10349262  0.18127139 -0.05060323]
[ 0.10392056  0.17810237 -0.04965271]
[ 0.10451931  0.17458695 -0.04929095]
[ 0.10562552  0.17035443 -0.0494772 ]
[ 0.1061731   0.16015418 -0.05097532]
[ 0.1057776   0.15356742 -0.05097774]
[ 0.10504681  0.14719407 -0.05007958]
[ 0.10467378  0.140808   -0.04881535]
[ 0.10549382  0.12886639 -0.0465326 ]
[ 0.1057452   0.12235317 -0.04661338]
[ 0.10598425  0.11514237 -0.04649928]
[ 0.10587603  0.10761454 -0.04628822]
[ 0.10671571  0.0991562  -0.0455083 ]
[ 0.10721824  0.08151772 -0.04418207]
[ 0.10844064  0.07234263 -0.04281338]
[ 0.10964275  0.05535381 -0.04048776]
[ 0.10964275  0.05535381 -0.04048776]
[ 0.11009706  0.0468576  -0.03906414]
[ 0.11032299  0.03128856 -0.03758936]
[ 0.11078337  0.02383954 -0.03652751]
[ 0.11192191  0.01591993 -0.03548402]
[ 0.11310578  0.00768307 -0.03425287]
[ 1.13898909e-01 -5.82363355e-05 -3.33580300e-02]
[ 0.11573518 -0.00727966 -0.03219581]
[ 0.11816663 -0.01866148 -0.03101258]
[ 0.11902226 -0.02359028 -0.03082903]
[ 0.11899895 -0.02894502 -0.03109623]
[ 0.1183596  -0.03870763 -0.03165517]
[ 0.11757514 -0.04297374 -0.0328038 ]
[ 0.11577088 -0.05106172 -0.03624413]
[ 0.11560384 -0.05606979 -0.03713504]
[ 0.11473746 -0.07006348 -0.03724154]
[ 0.11438373 -0.08585451 -0.03297535]
[ 0.11583657 -0.09260429 -0.03026208]
[ 0.12009848 -0.09871292 -0.02779063]
[ 0.13115416 -0.10901418 -0.02534232]
[ 0.13544319 -0.12120048 -0.02396455]
[ 0.13497145 -0.12775433 -0.02434407]
[ 0.13464568 -0.1334372  -0.02543218]
[ 0.13404325 -0.14218326 -0.02713893]
[ 0.13383496 -0.14524254 -0.02708033]
[ 0.13345671 -0.14782164 -0.02609722]
[ 0.13224626 -0.15236948 -0.02356774]
[ 0.13092989 -0.1548683  -0.02183272]
[ 0.12931762 -0.15738836 -0.01993353]
[ 0.12498725 -0.16169053 -0.01554538]
[ 0.12498725 -0.16169053 -0.01554538]
[ 0.1230332  -0.16341661 -0.0142321 ]
[ 0.12103785 -0.16454896 -0.01386279]
[ 0.11587793 -0.16564013 -0.01474605]
[ 0.11355508 -0.16508466 -0.01457024]
[ 0.1113157  -0.16414779 -0.01340825]
[ 0.10751033 -0.16020279 -0.00800583]
[ 0.10506148 -0.15711084 -0.00551342]
[ 0.10236726 -0.15402327 -0.00358665]
[ 0.09763763 -0.15109083 -0.00062549]
[ 0.09628042 -0.15102436  0.00113273]
[ 0.09610342 -0.15200403  0.00410553]
[ 0.10174013 -0.1554759   0.01076143]
[ 0.10629887 -0.15794942  0.01275125]
[ 0.11077047 -0.16019401  0.01325606]
[ 0.12286723 -0.16227433  0.01118868]
[ 0.12925122 -0.16230497  0.00979166]
[ 0.13650442 -0.16145876  0.00703288]
[ 0.14536816 -0.16036464  0.00421867]
[ 0.16282905 -0.15799063 -0.00199417]
[ 0.17159799 -0.15798189 -0.00440725]
[ 0.1897215  -0.15955728 -0.01072552]
[ 0.19614193 -0.16011585 -0.01334861]
[ 0.20233289 -0.16057722 -0.01554715]
[ 0.21281148 -0.16145122 -0.01919326]
[ 0.21751845 -0.16227449 -0.02034923]
[ 0.2226092  -0.16319983 -0.02162927]
[ 0.22740925 -0.16404459 -0.02246965]
[ 0.23642678 -0.16508579 -0.02601744]
[ 0.24003426 -0.16639206 -0.02814097]
[ 0.24003426 -0.16639206 -0.02814097]
[ 0.2413703  -0.16864927 -0.02831096]
[ 0.24115036 -0.16978966 -0.02826853]
[ 0.24102194 -0.17056611 -0.027883  ]
[ 0.24090174 -0.17126042 -0.02804144]
[ 0.24090174 -0.17126042 -0.02804144]
[ 0.24110082 -0.17042311 -0.02830739]
[ 0.24132595 -0.16912445 -0.02887807]
[ 0.23973299 -0.16590291 -0.02897778]
[ 0.23694161 -0.16457665 -0.02818313]
[ 0.23310236 -0.16311176 -0.02726764]
[ 0.22326476 -0.15929496 -0.02532322]
[ 0.21668673 -0.15728253 -0.02427003]
[ 0.20824019 -0.15481237 -0.02293594]
[ 0.19948266 -0.15189634 -0.02144915]
[ 0.19115961 -0.14859095 -0.0200087 ]
[ 0.17447794 -0.14199848 -0.01932672]
[ 0.16652704 -0.13923712 -0.02009635]
[ 0.15728653 -0.13702445 -0.0209718 ]
[ 0.14671159 -0.13518772 -0.0210922 ]
[ 0.1372414  -0.13357334 -0.02066713]
[ 0.12134541 -0.13096245 -0.01795901]
[ 0.11379019 -0.12973598 -0.01610954]
[ 0.10523525 -0.12922603 -0.01397392]
[ 0.09753746 -0.12905505 -0.0123002 ]
[ 0.08387027 -0.12854506 -0.01024652]
[ 0.07751743 -0.12780747 -0.0102238 ]
[ 0.07191271 -0.12722163 -0.01016443]
[ 0.06598455 -0.12672064 -0.01032919]
[ 0.06075305 -0.12633945 -0.01071891]
[ 0.05557715 -0.1260303  -0.01152053]
[ 0.04622941 -0.12534593 -0.0116024 ]
[ 0.04157785 -0.12500522 -0.01153798]
[ 0.03877468 -0.12445875 -0.01168895]
[ 0.03373667 -0.12087876 -0.01298022]
[ 0.030306   -0.11743052 -0.0149276 ]
[ 0.02663167 -0.11469774 -0.01750511]
[ 0.018607   -0.11494338 -0.02311827]
[ 0.018607   -0.11494338 -0.02311827]
[ 0.01543984 -0.11938997 -0.02424679]
[ 0.01534762 -0.12395091 -0.02310524]
[ 0.01409636 -0.12681341 -0.0227466 ]
[ 0.01198677 -0.12997162 -0.0221653 ]
[ 0.00766878 -0.13634665 -0.02062823]
[ 0.00560158 -0.13861328 -0.01941649]
[ 0.00334617 -0.14029816 -0.01724754]
[ 0.00200298 -0.14164504 -0.01411271]
[-5.02705574e-05 -1.43092021e-01 -5.25402511e-03]
[ 0.00073553 -0.14426504 -0.0005486 ]
[ 0.00390307 -0.14620639  0.01039269]
[ 0.00940382 -0.14800487  0.02499545]
[ 0.01144572 -0.14922595  0.03321122]
[ 0.01261826 -0.1512273   0.04289991]
[ 0.01447257 -0.15252678  0.05510397]
[ 0.0178438  -0.15254046  0.07008421]
[ 0.02106502 -0.15147942  0.08467527]
[ 0.02495424 -0.14911053  0.10747273]
[ 0.02732567 -0.14859043  0.11551368]
[ 0.02976376 -0.14766997  0.12211896]
[ 0.03261963 -0.14666818  0.12720637]
[ 0.03668927 -0.14454113  0.13449727]
[ 0.03768872 -0.14336446  0.13720828]
[ 0.03832412 -0.14216897  0.13932258]
[ 0.0389534  -0.14087996  0.14092012]
[ 0.03981752 -0.13968343  0.1424019 ]
[ 0.04225109 -0.13746147  0.14552529]
[ 0.04310561 -0.13662906  0.14778036]
[ 0.04421813 -0.13588323  0.15004271]
[ 0.045611   -0.13583897  0.15180357]
[ 0.04835731 -0.13631512  0.15466046]
[ 0.04901678 -0.13650933  0.15509672]
[ 0.04924366 -0.13600835  0.15504526]
[ 0.04940796 -0.13264908  0.15165807]
[ 0.04966668 -0.13085949  0.14950721]
[ 0.04973528 -0.12892044  0.14788005]
[ 0.0481242  -0.12610731  0.14632194]
[ 0.0470408  -0.12457182  0.14579523]
[ 0.04667828 -0.12295823  0.14474374]
[ 0.04730145 -0.12030219  0.14207812]
[ 0.04729485 -0.11955418  0.14045376]
[ 0.04669101 -0.11922777  0.13985275]
[ 0.04651096 -0.11967254  0.13860781]
[ 0.04651096 -0.11967254  0.13860781]
[ 0.0475702  -0.12080111  0.13394332]
[ 0.04637483 -0.120521    0.12644459]
[ 0.04565341 -0.12002187  0.12394924]
[ 0.04478127 -0.11915276  0.12322638]
[ 0.04310498 -0.11632607  0.12209164]
[ 0.04214845 -0.11435383  0.12010479]
[ 0.04101308 -0.11275314  0.11709867]
[ 0.0404005  -0.11141725  0.11365262]
[ 0.0402519  -0.11001386  0.11034755]
[ 0.03968554 -0.10686907  0.10193688]
[ 0.03963785 -0.10483713  0.09617382]
[ 0.03832129 -0.10216965  0.09069759]
[ 0.03550436 -0.09366272  0.08007713]
[ 0.03782243 -0.08793688  0.07490889]
[ 0.04231769 -0.08255037  0.06891996]
[ 0.0459478  -0.07858555  0.0636767 ]
[ 0.04802374 -0.07516442  0.05882097]
[ 0.04931933 -0.07292358  0.05350639]
[ 0.05309414 -0.07435261  0.0529632 ]
[ 0.05486142 -0.07504581  0.05339953]
[ 0.05542903 -0.07538959  0.0534496 ]
[ 0.05434192 -0.07454512  0.05403608]
[ 0.05325771 -0.07345054  0.0542765 ]
[ 0.05232058 -0.07197201  0.05401837]
[ 0.05184226 -0.07085552  0.05351798]
[ 0.05137084 -0.06978002  0.05297088]
[ 0.05121947 -0.06916542  0.05226946]
[ 0.05233536 -0.06792279  0.0520935 ]
[ 0.05360239 -0.06643519  0.05245166]
[ 0.0559869  -0.06488852  0.05336474]
[ 0.0585205  -0.06381376  0.05390431]
[ 0.06103409 -0.06267779  0.05224727]
[ 0.0718969  -0.05974323  0.04734333]
[ 0.0718969  -0.05974323  0.04734333]
[ 0.07812182 -0.05787784  0.04555985]
[ 0.0814233  -0.05698201  0.04495625]
[ 0.08220021 -0.05669418  0.04349183]
[ 0.0808328  -0.05757508  0.04203925]
[ 0.08033941 -0.05906422  0.04091591]
[ 0.08051235 -0.06287342  0.0391915 ]
[ 0.08017779 -0.06450626  0.03942503]
[ 0.07890626 -0.06610382  0.04011372]
[ 0.07781038 -0.06858046  0.04064723]
[ 0.07839171 -0.07014016  0.04099223]
[ 0.08038232 -0.0714827   0.04109174]
[ 0.08448861 -0.0738405   0.04323426]
[ 0.08631862 -0.07458254  0.04405537]
[ 0.08775963 -0.07529955  0.04430902]
[ 0.08987827 -0.07619596  0.04388615]
[ 0.09042329 -0.07663937  0.04381497]
[ 0.09074391 -0.07705013  0.04441659]
[ 0.09092571 -0.07760097  0.04526009]
[ 0.09106696 -0.0783451   0.0458955 ]
[ 0.09119195 -0.07912997  0.04653356]
[ 0.09072373 -0.07966036  0.04673528]
[ 0.09017416 -0.08023791  0.04668637]
[ 0.0897444  -0.08069676  0.04642581]
[ 0.08921667 -0.08111727  0.04598795]
[ 0.0865098  -0.08222882  0.04428446]
[ 0.08510414 -0.08269113  0.04314908]
[ 0.08429051 -0.08324713  0.04221023]
[ 0.0836504  -0.0835652   0.04169334]
[ 0.08262221 -0.08292737  0.04120874]
[ 0.08230214 -0.08244501  0.04130048]
[ 0.08201814 -0.08174039  0.04122115]
[ 0.08201814 -0.08174039  0.04122115]
[ 0.08225896 -0.08194134  0.04088356]
[ 0.08251997 -0.08195146  0.0401817 ]
[ 0.08197247 -0.08163995  0.03794623]
[ 0.08126888 -0.08123383  0.03706378]
[ 0.08041284 -0.08067077  0.03616238]
[ 0.07987467 -0.07982344  0.03526067]
[ 0.08031798 -0.07964826  0.03504702]
[ 0.08061556 -0.07983069  0.03507197]
[ 0.08089045 -0.08022418  0.03516144]
[ 0.08052245 -0.08071956  0.03494566]
[ 0.0787236 -0.0810933  0.0340945]
[ 0.07646502 -0.08100958  0.03291773]
[ 0.07549368 -0.08122512  0.03225974]
[ 0.07458754 -0.08148668  0.03148255]
[ 0.07404633 -0.08200837  0.0297317 ]
[ 0.07404633 -0.08200837  0.0297317 ]
[ 0.07429703 -0.08200407  0.02949153]
[ 0.07427808 -0.08162951  0.02906861]
[ 0.07354375 -0.08123714  0.02810573]
[ 0.07347662 -0.08111561  0.02747263]
[ 0.07306331 -0.08069713  0.0262451 ]
[ 0.07260295 -0.08006903  0.02560049]
[ 0.07079679 -0.07930562  0.02479689]
[ 0.06519649 -0.07823776  0.0222852 ]
[ 0.06437739 -0.07740393  0.02041977]
[ 0.06495862 -0.07666593  0.01907506]
[ 0.06681979 -0.07602699  0.0184807 ]
[ 0.07136465 -0.07655175  0.01953732]
[ 0.07403471 -0.07772259  0.02005234]
[ 0.07940558 -0.07979114  0.01915119]
[ 0.07940558 -0.07979114  0.01915119]
[ 0.08115587 -0.07998313  0.01678182]
[ 0.07912855 -0.07995186  0.01459146]
[ 0.07840606 -0.08029417  0.01403106]
[ 0.07763419 -0.08075046  0.01308944]
[ 0.07693257 -0.08112738  0.01260978]
[ 0.07562303 -0.08228143  0.01050672]
[ 0.07519261 -0.083137    0.00960028]
[ 0.07490776 -0.08444603  0.00884197]
[ 0.0744236  -0.08596976  0.0083134 ]
[ 0.07387825 -0.08908694  0.00674929]
[ 0.0728969  -0.09060424  0.00471503]
[ 0.07174676 -0.09059802  0.00428924]
[ 0.0701746  -0.09001341  0.00415999]
[ 0.06819252 -0.08909287  0.00431601]
[ 0.06755067 -0.08900915  0.00372911]
[ 0.06699797 -0.08943245  0.00271836]
[ 0.06587901 -0.09012426  0.00148896]
[ 0.06505897 -0.09092827  0.00051092]
[ 0.06345292 -0.09217558 -0.00158167]
[ 0.06074057 -0.09207994 -0.00454087]
[ 0.05897494 -0.09192313 -0.00565787]
[ 0.05734598 -0.09182376 -0.00608621]
[ 0.05473373 -0.09177166 -0.00704199]
[ 0.05353168 -0.09175493 -0.00700535]
[ 0.05213588 -0.09147112 -0.00694639]
[ 0.05087072 -0.09149243 -0.00653627]
[ 0.04868267 -0.09111806 -0.0072574 ]
[ 0.04766338 -0.09129263 -0.00850677]
[ 0.0456722  -0.09214109 -0.01077941]
[ 0.0456722  -0.09214109 -0.01077941]
[ 0.04467372 -0.09238172 -0.01125841]
[ 0.04383429 -0.0922372  -0.01075913]
[ 0.04235697 -0.09187679 -0.00670721]
[ 0.04177037 -0.09240755 -0.0040016 ]
[ 0.0410713  -0.09381516 -0.00144255]
[ 0.03963546 -0.09731849  0.0019514 ]
[ 0.0386487  -0.09887314  0.00355844]
[ 0.03731618 -0.09957409  0.00524169]
[ 0.03578015 -0.09996491  0.00778093]
[ 0.03391554 -0.0995014   0.00963259]
[ 0.03199308 -0.09850316  0.01061994]
[ 0.02806664 -0.09580456  0.01074326]
[ 0.0266867  -0.09425766  0.01080973]
[ 0.02607591 -0.09274586  0.01111577]
[ 0.02605434 -0.0914754   0.01151865]
[ 0.02614752 -0.09086417  0.01216002]
[ 0.02461683 -0.09194306  0.01456672]
[ 0.023987   -0.09379959  0.01686658]
[ 0.02260538 -0.09619934  0.01909976]
[ 0.02158823 -0.09790967  0.0210479 ]
[ 0.01776228 -0.09747874  0.02228765]
[ 0.0155907  -0.09589438  0.02138284]
[ 0.01186486 -0.09427588  0.01977896]
[ 0.00901737 -0.09277207  0.01764297]
[ 0.00560211 -0.09088323  0.01558039]
[ 0.00835023 -0.09031261  0.01506539]
[ 0.01043121 -0.09048223  0.01497001]
[ 0.012248   -0.09045547  0.01502264]
[ 0.01390979 -0.0899666   0.01551938]
[ 0.01372308 -0.08953421  0.01570033]
[ 0.01371734 -0.08902425  0.01563539]
[ 0.0137156  -0.08852637  0.01560485]
[ 0.01382203 -0.08797695  0.01511785]
[ 0.01339867 -0.08704486  0.01272195]
[ 0.0127475  -0.08674625  0.01114583]
[ 0.01184753 -0.08664561  0.00982163]
[ 0.01128764 -0.08682298  0.0087638 ]
[ 0.01031793 -0.0881687   0.0082869 ]
[ 0.01051279 -0.09102001  0.01060914]
[ 0.00987705 -0.09265448  0.01170539]
[ 0.00803771 -0.09412331  0.01205854]
[ 0.00606073 -0.09534203  0.01247679]
[ 0.00377557 -0.09675611  0.01490924]
[ 0.00346451 -0.09692604  0.01592084]

程序已被终止，正在关闭套接字...
套接字已关闭。
