YAML 文件验证通过
init data completed...
[0.4642857142857143, 0.5, 0.3333333333333333, 0.42424242424242425, 0.6153846153846154, 0.5869565217391305, 0.0, 0.0, 0.5038937937974018, 0.5038894131979113, 0.4527934461433163, 0.5431316169629767, 0.13470533170870372, 0.13470533170870372, 0.9171649813652039, 0.0, 0.0, 0.0, 0.028983270376920698, 0.4721688348799944, 0.46393537521362305, 0.0, -0.0, 0.0, 0.5, 0.047173336148262024, 0.6252912605224654, 0.04537351801991463, 0.08888600394129753]
[0.4642857142857143, 0.5, 0.3333333333333333, 0.42424242424242425, 0.6153846153846154, 0.5869565217391305, 0.1389404833316803, 0.1380378156900406, 0.449517071133134, 0.44951193122973176, 0.4510221169054166, 0.545535481261655, 0.04379976141665663, 0.04379976141665663, 0.964142307639122, 0.0, 0.0, 0.0, 0.021054558549076317, 0.49803129374049604, 0.49459617491811514, 0.0, -0.0, 0.0, 0.5, 0.0, 0.6976744186046512, 0.016436375677585602, 0.0]
[0.4642857142857143, 0.5, 0.3333333333333333, 0.42424242424242425, 0.6153846153846154, 0.5869565217391305, 0.07644594460725784, 0.07588788866996765, 0.44245891817213245, 0.4424536358102102, 0.44428480332485804, 0.5516563725523415, 0.05957468279770443, 0.05957468279770443, 0.9441281333565712, 0.0, 0.0, 0.0, 0.03194315694272518, 0.4904586495831609, 0.49158039409667253, 0.0, -0.0, 0.06937358528375626, 0.4722505658864975, 0.06293614208698273, 0.6260441711475683, 0.0174415186047554, 0.0]
[0.4642857142857143, 0.5, 0.3333333333333333, 0.42424242424242425, 0.6153846153846154, 0.5869565217391305, 0.0, 0.0, 0.48402848811268123, 0.48402375279147586, 0.44145019218525056, 0.5537513392340904, 0.05179223205362048, 0.05179223205362048, 0.9488120395690203, 0.0, 0.0, 0.0, 0.02783651854842901, 0.49106446746736765, 0.49189191218465567, 0.0, -0.0, 0.06605035811662674, 0.4735798567533493, 0.06112027168273926, 0.6232864912166152, 0.016871260479092598, 0.0]
[0.4642857142857143, 0.5, 0.3333333333333333, 0.42424242424242425, 0.6153846153846154, 0.5869565217391305, 0.0, 0.0, 0.49214056701208847, 0.4921359556297955, 0.4417641764617103, 0.553476982644144, 0.05037198109286172, 0.05037198109286172, 0.949835954234004, 0.0, 0.0, 0.0, 0.027237278781831263, 0.4912922289222479, 0.49202967062592506, 0.0, -0.0, 0.0651807114481926, 0.473927715420723, 0.060660384595394135, 0.623228652186172, 0.01683894731104374, 0.0]
[0.4642857142857143, 0.5, 0.3333333333333333, 0.42424242424242425, 0.6153846153846154, 0.5869565217391305, 0.0, 0.0, 0.4956754013098221, 0.49567084156874264, 0.4409714403845384, 0.5542513203815288, 0.047392605670860836, 0.047392605670860836, 0.9515327475965023, 0.0, 0.0, 0.0, 0.026174474135041235, 0.4915490532293916, 0.4920797161757946, 0.0, -0.0, 0.06222547963261604, 0.4751098081469536, 0.0, 0.6976744186046512, 0.017302844673395157, 0.0]
[0.4642857142857143, 0.5, 0.3333333333333333, 0.42424242424242425, 0.6153846153846154, 0.5869565217391305, 0.9702962636947632, 0.9702485203742981, 0.4157451819735321, 0.41573979704147546, 0.4511555948403324, 0.5477268871973344, 0.1200259742992265, 0.1200259742992265, 0.8848118744790554, 0.0, 0.0, 0.0, 0.05044732503592968, 0.4776784759014845, 0.47860937751829624, 0.0, -0.0, 0.1049325242638588, 0.4580269902944565, 0.10152538120746613, 0.5862211280090864, 0.02099229395389557, 0.0]
[0.4642857142857143, 0.5, 0.3333333333333333, 0.42424242424242425, 0.6153846153846154, 0.5869565217391305, 0.15201181173324585, 0.15115004777908325, 0.4550553398424079, 0.4550502027881761, 0.4522266293346996, 0.5432684284272609, 0.10762926191091537, 0.10762926191091537, 0.9176048263907433, 0.0, 0.0, 0.0, 0.0592307761311531, 0.4769569132477045, 0.4771994221955538, 0.0, -0.0, 0.11023314297199249, 0.455906742811203, 0.10738828033208847, 0.5870133361151052, 0.02396298199892044, 0.0]
[0.4642857142857143, 0.5, 0.3333333333333333, 0.42424242424242425, 0.6153846153846154, 0.5869565217391305, 0.0, 0.0, 0.5296863184148449, 0.5296822782912173, 0.440235989727436, 0.554943464761503, 0.09107924997806549, 0.09107924997806549, 0.9242328479886055, 0.0, 0.0, 0.0, 0.058692843466997144, 0.48240102268755436, 0.48241915740072727, 0.0, -0.0, 0.10864872485399246, 0.456540510058403, 0.10592693090438843, 0.5993991847648177, 0.027936259284615517, 0.0]
[0.4642857142857143, 0.5, 0.3333333333333333, 0.42424242424242425, 0.6153846153846154, 0.5869565217391305, 0.0, 0.0, 0.5255763986598465, 0.5255708427775658, 0.43656046303918666, 0.5584928027166413, 0.07766772327678545, 0.07766772327678545, 0.9343520365655422, 0.0, 0.0, 0.0, 0.04727251417934894, 0.485673394985497, 0.48585389740765095, 0.0, -0.0, 0.10231948643922806, 0.45907220542430877, 0.0991155132651329, 0.6113738341386928, 0.029379980638623238, 0.007292282534763217]
[0.4642857142857143, 0.5, 0.3333333333333333, 0.42424242424242425, 0.6153846153846154, 0.5869565217391305, 0.7692530155181885, 0.768536388874054, 0.3449845820038542, 0.3449765131532804, 0.45808161752401755, 0.5387828370074647, 0.07931813863771303, 0.07931813863771303, 0.9313921518623829, 0.0, 0.0, 0.0, 0.056750829517841335, 0.4858535984531045, 0.4860456380993128, 0.0, -0.0, 0.09680834412574768, 0.46127666234970094, 0.0945330560207367, 0.6016348683556845, 0.02819809317588806, 0.006117274751886725]
[0.4642857142857143, 0.5, 0.3333333333333333, 0.42424242424242425, 0.6153846153846154, 0.5869565217391305, 0.2579711675643921, 0.2568744421005249, 0.4339331575379089, 0.43392627394222166, 0.45306532822877, 0.5430936945049479, 0.10601295424359186, 0.10601295424359186, 0.9207725636661053, 0.0, 0.0, 0.0, 0.06135764755308628, 0.4832799304276705, 0.4836178682744503, 0.0, -0.0, 0.0984010323882103, 0.46063958704471586, 0.0963212102651596, 0.5995069617448852, 0.028657348826527596, 0.0047141703544184566]
[0.4642857142857143, 0.5, 0.3333333333333333, 0.42424242424242425, 0.6153846153846154, 0.5869565217391305, 0.0, 0.0, 0.5260857932882145, 0.5260803143335346, 0.4620142248574908, 0.533647023589337, 0.0593193673661777, 0.0593193673661777, 0.952418839558959, 0.0, 0.0, 0.0, 0.0344159597530961, 0.4894409226253629, 0.48947415594011545, 0.0, -0.0, 0.0, 0.5, 0.0, 0.6976744186046512, 0.026944097131490707, 0.0]
[0.4642857142857143, 0.5, 0.3333333333333333, 0.42424242424242425, 0.6153846153846154, 0.5869565217391305, 0.0, 0.0, 0.5125459073036625, 0.5125402032645209, 0.46219877132266246, 0.5333879114856177, 0.05198133577193533, 0.05198133577193533, 0.9569401983171701, 0.0, 0.0, 0.0, 0.03026253394782543, 0.4915776588022709, 0.49166559148579836, 0.0, -0.0, 0.0, 0.5, 0.0, 0.6976744186046512, 0.024038640782237053, 0.0]
[0.4642857142857143, 0.5, 0.3333333333333333, 0.42424242424242425, 0.6153846153846154, 0.5869565217391305, 0.0, 0.0, 0.5058909493496724, 0.5058851299191296, 0.46434323361453317, 0.5311958210367496, 0.047469543559210646, 0.047469543559210646, 0.9604812189936638, 0.0, 0.0, 0.0, 0.027144902199506757, 0.49279369693249464, 0.49289945140480995, 0.0, -0.0, 0.0, 0.5, 0.0, 0.6976744186046512, 0.021578028798103333, 0.0]
[0.4642857142857143, 0.5, 0.3333333333333333, 0.42424242424242425, 0.6153846153846154, 0.5869565217391305, 0.0, 0.0, 0.4998277183452952, 0.49982180237684604, 0.46212034790739276, 0.5334173676338018, 0.04438033593552453, 0.04438033593552453, 0.9626544341444969, 0.0, 0.0, 0.0, 0.024969175457954407, 0.4936006856150925, 0.493712667375803, 0.0, -0.0, 0.0, 0.5, 0.0, 0.6976744186046512, 0.019853847101330757, 0.0]
[0.4642857142857143, 0.5, 0.3333333333333333, 0.42424242424242425, 0.6153846153846154, 0.5869565217391305, 0.42137792706489563, 0.4190513789653778, 0.34032348738573703, 0.34031536155175524, 0.4584143407942004, 0.5386135763414909, 0.044396679316248217, 0.044396679316248217, 0.9553031250834465, 0.0, 0.0, 0.0, 0.02947517968714237, 0.4931036694906652, 0.4933061613701284, 0.0, -0.0, 0.0, 0.5, 0.0431477315723896, 0.6268237479204355, 0.019263217225670815, 0.0]
[0.4642857142857143, 0.5, 0.3333333333333333, 0.42424242424242425, 0.6153846153846154, 0.5869565217391305, 0.16188417375087738, 0.16096539795398712, 0.41861105990911307, 0.41860395407813455, 0.44104772977117823, 0.5552754878925782, 0.0625344126352242, 0.0625344126352242, 0.9420468639582396, 0.0, 0.0, 0.0, 0.03622632902115583, 0.4872673451900482, 0.48791247326880693, 0.0, -0.0, 0.060368385165929794, 0.4758526459336281, 0.056821029633283615, 0.615134020877439, 0.020353281870484352, 0.0]
[0.4642857142857143, 0.5, 0.3333333333333333, 0.42424242424242425, 0.6153846153846154, 0.5869565217391305, 0.006600338499993086, 0.006508324295282364, 0.4655453812323838, 0.46553890506806384, 0.42620620171381, 0.569296389254689, 0.048785081931522915, 0.048785081931522915, 0.9564855135977268, 0.0, 0.0, 0.0, 0.027243384718894956, 0.49001647904515266, 0.49013399612158537, 0.0, -0.0, 0.05594385042786598, 0.4776224598288536, 0.05289816856384277, 0.6250634286985841, 0.019663747400045395, 0.0]
[0.4642857142857143, 0.5, 0.3333333333333333, 0.42424242424242425, 0.6153846153846154, 0.5869565217391305, 0.29305046796798706, 0.29094555974006653, 0.3692874926681956, 0.36928336706945586, 0.44307300556686136, 0.5534397787112756, 0.03923153105591025, 0.03923153105591025, 0.9631132055073977, 0.0, 0.0, 0.0, 0.022380283568054438, 0.4920450709760189, 0.49214343167841434, 0.0, -0.0, 0.04883343353867531, 0.4804666265845299, 0.0, 0.6976744186046512, 0.018158359453082085, 0.0]
[0.7833629307292757, 0.7978054020139906, 0.3333333333333333, 0.42424242424242425, 0.019773811356634252, -0.008654282288850679, 0.015061384998261929, 0.0, 0.36915084645579466, 0.3691466068902389, 0.452326649461604, 0.54346786608153, 0.04304596888167518, 0.04304596888167518, 0.9553838241845369, 0.0, 0.0, 0.0, 0.07227850519120693, 0.48960544634610415, 0.4907355457544327, 0.11152613908052444, -0.0, 0.0, 0.5, 0.0, 0.6976744186046512, 0.04895631968975067, 0.0]
[0.8957822578293937, 0.9027301073074341, 0.3333333333333333, 0.42424242424242425, -0.19007559923025275, -0.21850369287573768, 0.0, 0.0, 0.3252475124928053, 0.3252429310268016, 0.4698037114243662, 0.5271945600933093, 0.04376755894294807, 0.04376755894294807, 0.9599007088690996, 0.0, 0.0, 0.0, 0.3178670674562454, 0.4737016763538122, 0.4771137237548828, 0.4850166141986847, 0.4850166141986847, 0.0, 0.5, 0.0, 0.6976744186046512, 0.30358847975730896, 0.0]
[0.9031977674790791, 0.9096512496471405, 0.3333333333333333, 0.42424242424242425, -0.2039178839096656, -0.23234597755515052, 0.0, 0.0, 0.26342066296199995, 0.2634155572486425, 0.4570691676714224, 0.5412836635609152, 0.04186896341187614, 0.04186896341187614, 0.9556373041123152, 0.0, 0.0, 0.0, 0.40522147417068477, 0.4683782160282135, 0.4720535222440958, 0.5933041572570801, 0.5933041572570801, 0.0, 0.5, 0.0, 0.6976744186046512, 0.6396245956420898, 0.0]
[0.910301576767649, 0.9162814716498057, 0.3333333333333333, 0.42424242424242425, -0.21717832791499592, -0.24560642156048085, 0.0, 0.0, 0.2464753929561228, 0.2464701504825862, 0.4445625119637805, 0.5543721857513747, 0.038967350763934004, 0.038967350763934004, 0.9337365422397852, 0.0, 0.0, 0.0, 0.4530228644609451, 0.4664298817515373, 0.47037225775420666, 0.6658174395561218, 0.6658174395561218, 0.0, 0.5, 0.0, 0.6976744186046512, 0.85, 0.0]
[0.9180230037087486, 0.923488136794832, 0.3333333333333333, 0.42424242424242425, -0.23159165820504857, -0.2600197518505335, 0.0, 0.0, 0.2358124753029351, 0.23580714165594563, 0.44374456072856544, 0.5552594089333109, 0.038329136690923145, 0.038329136690923145, 0.9110890366137028, 0.0, 0.0, 0.0, 0.505692982673645, 0.4602840803563595, 0.4658491089940071, 0.73991459608078, 0.73991459608078, 0.07514461129903793, 0.47524435936458526, 0.07832080125808716, 0.7529435146513374, 0.85, 0.0]
[0.9264991922037942, 0.9313992460568745, 0.3333333333333333, 0.42424242424242425, -0.24741387672913373, -0.27584197037461866, 0.0, 0.0, 0.2257082457752118, 0.22570286654149596, 0.44055185445635997, 0.5586982806121592, 0.03916114036525999, 0.03916114036525999, 0.8990383185446262, 0.0, 0.0, 0.0, 0.5219573318958283, 0.45895156264305115, 0.46461836621165276, 0.7641305327415466, 0.7641305327415466, 0.091995008289814, 0.4912565440412551, 0.09739388525485992, 0.76396785763114, 0.85, 0.0]
[0.9344813717263085, 0.9388492802778879, 0.3333333333333333, 0.42424242424242425, -0.26231394517116047, -0.2907420388166454, 0.0, 0.0, 0.21324791187993886, 0.21324246426613336, 0.4422013360729181, 0.5575037666341036, 0.04126097474779402, 0.04126097474779402, 0.8845699280500412, 0.0, 0.0, 0.0, 0.5362131029367446, 0.44988738372921944, 0.4592732824385166, 0.7848599553108215, 0.7848599553108215, 0.10794513672590256, 0.4655242254809727, 0.11671455204486847, 0.7592776829246864, 0.85, 0.0]
[0.9277292475813911, 0.9325472977426317, 0.3333333333333333, 0.42424242424242425, -0.24970998010064793, -0.27813807374613286, 0.0, 0.0, 0.20206366442357604, 0.20205808004959136, 0.43826676851020946, 0.5615292319923874, 0.044508082792162895, 0.044508082792162895, 0.8619234599173069, 0.0, 0.0, 0.0, 0.5558363199234009, 0.4465349055826664, 0.4569530226290226, 0.8079908490180969, 0.8079908490180969, 0.0, 0.5, 0.15215329825878143, 0.7387831551564294, 0.85, 0.0]
[0.9260205988373075, 0.9309525589148203, 0.3333333333333333, 0.42424242424242425, -0.2465205024450252, -0.27494859609051014, 0.0, 0.0, 0.19592114935413596, 0.19591554218678814, 0.4374372724365322, 0.5625515218111065, 0.04543635595057692, 0.04543635595057692, 0.8535555675625801, 0.0, 0.0, 0.0, 0.5582434177398681, 0.4383488669991493, 0.45109451562166214, 0.8109970092773438, 0.8109970092773438, 0.0, 0.5, 0.0, 0.6976744186046512, 0.85, 0.0]
[0.9244956246444157, 0.9295292496681213, 0.3333333333333333, 0.42424242424242425, -0.24367388395162726, -0.2721019775971122, 0.0, 0.0, 0.19485061346458887, 0.19484491512378815, 0.4359026009904267, 0.5641576034395411, 0.0459723174571991, 0.0459723174571991, 0.8438951596617699, 0.0, 0.0, 0.0, 0.5594558328390121, 0.43592342734336853, 0.44903140887618065, 0.8126694560050964, 0.8126694560050964, 0.0, 0.5, 0.1708173304796219, 0.7356344880319612, 0.85, 0.0]
[0.9201969057321548, 0.9255171120166779, 0.3333333333333333, 0.42424242424242425, -0.2356496086487403, -0.2640777022942252, 0.0, 0.0, 0.19235024990132843, 0.19234461994061736, 0.43260465776031376, 0.5675674684936134, 0.047497013583779335, 0.047497013583779335, 0.8323800340294838, 0.0, 0.0, 0.0, 0.5613672584295273, 0.4306924417614937, 0.4444420635700226, 0.8158519268035889, 0.8158519268035889, 0.0, 0.5, 0.0, 0.6976744186046512, 0.85, 0.0]
[0.9046719003291357, 0.91102710697386, 0.3333333333333333, 0.42424242424242425, -0.20666959856310452, -0.23509769220858945, 0.0, 0.0, 0.1921461353338471, 0.1921404597864096, 0.4433358814246796, 0.556633710393863, 0.048286640750510354, 0.048286640750510354, 0.8278570845723152, 0.0, 0.0, 0.0, 0.5594807833433151, 0.429721474647522, 0.44273996353149414, 0.8126474022865295, 0.8126474022865295, 0.0, 0.5, 0.0, 0.6976744186046512, 0.85, 0.0]
[0.9062034203892662, 0.9124565256966485, 0.3333333333333333, 0.42424242424242425, -0.20952843600868154, -0.23795652965416647, 0.0, 0.0, 0.1964799514464165, 0.19647427589897898, 0.47238360388101175, 0.5273437910913686, 0.04693953187337944, 0.04693953187337944, 0.8297917991876602, 0.0, 0.0, 0.0, 0.5507055073976517, 0.4332684278488159, 0.44342273473739624, 0.8017918467521667, 0.8017918467521667, 0.0, 0.5, 0.0, 0.6976744186046512, 0.85, 0.0]
[0.902159103325435, 0.908681829770406, 0.3333333333333333, 0.42424242424242425, -0.20197904415619672, -0.23040713780168165, 0.0, 0.0, 0.22852762524985903, 0.22852210925596395, 0.5241026909127974, 0.4750041006121485, 0.04587450729949134, 0.04587450729949134, 0.8475992232561111, 0.0, 0.0, 0.0, 0.5476821154356002, 0.4349139928817749, 0.4407144524157047, 0.797348141670227, 0.797348141670227, 0.0, 0.5, 0.0, 0.6976744186046512, 0.85, 0.0]
[0.8945730463379906, 0.9016015099154578, 0.3333333333333333, 0.42424242424242425, -0.18781840444630027, -0.2162464980917852, 0.0, 0.0, 0.23238690633390874, 0.23238148151346644, 0.5217713672048048, 0.47714751440931186, 0.045513683663947244, 0.045513683663947244, 0.8492218479514122, 0.0, 0.0, 0.0, 0.5467796623706818, 0.43567242473363876, 0.4410708472132683, 0.7961317300796509, 0.7961317300796509, 0.0, 0.5, 0.0, 0.6976744186046512, 0.85, 0.0]
[0.8857292781273524, 0.8933473262521956, 0.3333333333333333, 0.42424242424242425, -0.17131003711977566, -0.1997381307652606, 0.0, 0.0, 0.24199440009735285, 0.24198902086363694, 0.5161627638750277, 0.4824883413081821, 0.04497996398380825, 0.04497996398380825, 0.8659372925758362, 0.0, 0.0, 0.0, 0.5357038497924804, 0.4431602954864502, 0.4469112306833267, 0.7833161354064941, 0.7833161354064941, 0.0, 0.5, 0.0, 0.6976744186046512, 0.85, 0.0]
[0.885480712567057, 0.8931153317292531, 0.3333333333333333, 0.42424242424242425, -0.1708460480738908, -0.19927414171937574, 0.0, 0.0, 0.2549655332620012, 0.2549602452017381, 0.5098632196281426, 0.48835866373259473, 0.04441777377256326, 0.04441777377256326, 0.8763471134006977, 0.0, 0.0, 0.0, 0.5390717715024947, 0.4454171024262905, 0.44892044737935066, 0.7877277135848999, 0.7877277135848999, 0.0, 0.5, 0.0, 0.6976744186046512, 0.85, 0.0]
[0.8798099514983949, 0.8878226213985019, 0.3333333333333333, 0.42424242424242425, -0.16026062741238845, -0.18868872105787338, 0.0, 0.0, 0.2883759994579775, 0.2883708481578936, 0.5221073057637844, 0.4755705726711467, 0.04389085939952306, 0.04389085939952306, 0.8861708752810955, 0.0, 0.0, 0.0, 0.5401855528354644, 0.4519031457602978, 0.45323436334729195, 0.7885258197784424, 0.7885258197784424, 0.0, 0.5, 0.0, 0.6976744186046512, 0.85, 0.0]
[0.8621646172943569, 0.8713536428080665, 0.3333333333333333, 0.42424242424242425, -0.12732267023151755, -0.15575076387700248, 0.0, 0.0, 0.3199005541792335, 0.3198957333829161, 0.6006389325253139, 0.3977903348259392, 0.045752778117145815, 0.045752778117145815, 0.8944778814911842, 0.0, 0.0, 0.0, 0.5413276016712188, 0.45473791286349297, 0.454944409430027, 0.7890177965164185, 0.7890177965164185, 0.0, 0.5, 0.0, 0.6976744186046512, 0.85, 0.0]
[0.8608819466261637, 0.8701564835177528, 0.3333333333333333, 0.42424242424242425, -0.12492835165089011, -0.15335644529637504, 0.0, 0.0, 0.3316546585090302, 0.33164992888616557, 0.6570560850103316, 0.3427871002471191, 0.051340003098760335, 0.051340003098760335, 0.8966367021203041, 0.0, 0.0, 0.0, 0.5377324759960174, 0.455762654542923, 0.45479148253798485, 0.7825325131416321, 0.7825325131416321, 0.0, 0.5, 0.0, 0.6976744186046512, 0.85, 0.052867671474814415]
[0.8607563866036279, 0.8700392941633861, 0.3333333333333333, 0.42424242424242425, -0.12469397294215667, -0.1531220665876416, 0.0, 0.0, 0.3323094548504394, 0.3323047366242564, 0.658225658062995, 0.3416447652634831, 0.05189461633563042, 0.05189461633563042, 0.8969642594456673, 0.0, 0.0, 0.0, 0.5374926090240478, 0.4559684805572033, 0.45483842492103577, 0.7820831537246704, 0.7820831537246704, 0.0, 0.5, 0.0, 0.6976744186046512, 0.85, 0.05611252970993519]
[0.8603550309226626, 0.8696646955278184, 0.3333333333333333, 0.42424242424242425, -0.12394477567102147, -0.1523728693165064, 0.0, 0.0, 0.3382235918172687, 0.3382189305744937, 0.6454869488229259, 0.35397736515136746, 0.05506893353802818, 0.05506893353802818, 0.9021805599331856, 0.0, 0.0, 0.0, 0.5450102627277373, 0.4570370465517044, 0.45541197806596756, 0.7976896166801453, 0.7976896166801453, 0.0, 0.5, 0.0, 0.6976744186046512, 0.85, 0.058673261664807796]
[0.8580670463187354, 0.8675292432308197, 0.3333333333333333, 0.42424242424242425, -0.11967387107702399, -0.14810196472250892, 0.0, 0.0, 0.36182467203523183, 0.3618202501227705, 0.47912583370509615, 0.5175434056426503, 0.051431607987199514, 0.051431607987199514, 0.9298795573413372, 0.0, 0.0, 0.0, 0.5226274907588958, 0.45876770466566086, 0.45926936343312263, 0.7718104720115662, 0.7718104720115662, 0.0, 0.5, 0.0, 0.6976744186046512, 0.85, 0.0]
[0.8652732656115578, 0.8742550479041206, 0.3333333333333333, 0.42424242424242425, -0.1331254804236257, -0.16155357406911064, 0.0, 0.0, 0.3601707172211452, 0.36016626111863903, 0.4633530785203208, 0.5333473521203835, 0.05004596497331347, 0.05004596497331347, 0.9306223727762699, 0.0, 0.0, 0.0, 0.5287885963916779, 0.4608708955347538, 0.46169330924749374, 0.7796048521995544, 0.7796048521995544, 0.0, 0.5, 0.0, 0.6976744186046512, 0.85, 0.0]
[0.8716616240285692, 0.8802175157599978, 0.3333333333333333, 0.42424242424242425, -0.1450504161353804, -0.17347850978086532, 0.0, 0.0, 0.3703622909166617, 0.3703579487809715, 0.37426528967133443, 0.6231021146650702, 0.04596085952860969, 0.04596085952860969, 0.9333343282341957, 0.0, 0.0, 0.0, 0.5410981655120849, 0.4677395299077034, 0.46943703293800354, 0.7934033274650574, 0.7934033274650574, 0.06318791955709457, 0.4871343624970269, 0.0670682042837143, 0.758978899914858, 0.85, 0.0]
[0.8664672034127372, 0.875369389851888, 0.3333333333333333, 0.42424242424242425, -0.13535416431916059, -0.16378225796464552, 0.0, 0.0, 0.3748933493977067, 0.37488908703878776, 0.3697059788165995, 0.6278704349620342, 0.04592111201158592, 0.04592111201158592, 0.934284757822752, 0.0, 0.0, 0.0, 0.5451388746500014, 0.46917847730219364, 0.47092416882514954, 0.7972130179405212, 0.7972130179405212, 0.06554126739501953, 0.4737834930419922, 0.07268436998128891, 0.7474548339323942, 0.85, 0.0]
[0.863080151733898, 0.8722081416183047, 0.3333333333333333, 0.42424242424242425, -0.12903166785199416, -0.1574597614974791, 0.0, 0.0, 0.37645309924167614, 0.37644877989934916, 0.37053868875448837, 0.6269588314957596, 0.04605313763022423, 0.04605313763022423, 0.9347615726292133, 0.0, 0.0, 0.0, 0.5453900277614593, 0.46964333206415176, 0.4713584706187248, 0.7973446846008301, 0.7973446846008301, 0.06586143374443054, 0.4736554265022278, 0.07338718324899673, 0.7466130066922931, 0.85, 0.0]
[0.8286961657660348, 0.8401164213816326, 0.3333333333333333, 0.42424242424242425, -0.06484822737864959, -0.09327632102413452, 0.0, 0.0, 0.39819402448533825, 0.39818989888659856, 0.39235095722497537, 0.6040924953406395, 0.04689054563641548, 0.04689054563641548, 0.9382108338177204, 0.0, 0.0, 0.0, 0.5448114722967148, 0.47160157933831215, 0.4731026589870453, 0.7958387732505798, 0.7958387732505798, 0.0, 0.5, 0.07192031294107437, 0.7384454967930567, 0.85, 0.0]
[0.789597647530692, 0.8036244710286458, 0.3333333333333333, 0.42424242424242425, 0.008135673327323789, -0.020292420318161142, 0.3750912547111511, 0.37381279468536377, 0.34606339188424395, 0.3460588901950114, 0.413513466687321, 0.5840696568876056, 0.058103413986308236, 0.058103413986308236, 0.94004300609231, 0.0, 0.0, 0.0, 0.5076798647642136, 0.46579302847385406, 0.47012592293322086, 0.7459695935249329, 0.7459695935249329, 0.0, 0.5, 0.0, 0.6976744186046512, 0.8414356112480164, 0.0]
[0.7485182416580972, 0.7652836922142241, 0.3333333333333333, 0.42424242424242425, 0.08481723095616733, 0.0563891373106824, 0.5149574875831604, 0.5144686698913574, 0.3176268364229804, 0.31762206121338943, 0.4190465613031479, 0.579046741846592, 0.07332002211894308, 0.07332002211894308, 0.9392433557659388, 0.0, 0.0, 0.0, 0.5001102656126022, 0.4549180418252945, 0.4618650935590267, 0.7324550151824951, 0.7324550151824951, 0.0, 0.5, 0.0, 0.6976744186046512, 0.8248273730278015, 0.0]
[0.7834826722031547, 0.7979171607229445, 0.3333333333333333, 0.42424242424242425, 0.019550293938726537, -0.008877799706758394, 0.0, 0.0, 0.45062690278084283, 0.45062332422282, 0.4149451007350681, 0.580814337246682, 0.06447276632700648, 0.06447276632700648, 0.9418325182050467, 0.0, 0.0, 0.0, 0.5044961094856262, 0.4641975499689579, 0.46512800082564354, 0.7399593591690063, 0.7399593591690063, 0.0, 0.5, 0.0, 0.6976744186046512, 0.8164523839950562, 0.0]
[0.788583286461376, 0.8026777340306176, 0.3333333333333333, 0.42424242424242425, 0.010029147323380228, -0.018398946322104703, 0.0, 0.0, 0.4576940078352423, 0.45769050050647947, 0.4173332012862138, 0.5783580802658042, 0.062011669256857464, 0.062011669256857464, 0.9434079527854919, 0.0, 0.0, 0.0, 0.507106003165245, 0.46773581206798553, 0.46848994493484497, 0.7449522614479065, 0.7449522614479065, 0.0, 0.5, 0.0, 0.6976744186046512, 0.8150420784950256, 0.0]
[0.7821591120390665, 0.7966818379031287, 0.3333333333333333, 0.42424242424242425, 0.022020939578357934, -0.006407154067126997, 0.0, 0.0, 0.4596844297294179, 0.4596809537415295, 0.41402691568516864, 0.5816268693597955, 0.06217478907534055, 0.06217478907534055, 0.9443679116666317, 0.0, 0.0, 0.0, 0.5063034564256668, 0.46882086619734764, 0.46965320222079754, 0.7437123656272888, 0.7437123656272888, 0.0, 0.5, 0.0, 0.6976744186046512, 0.8033130764961243, 0.0]
[0.7524734621956235, 0.768975231382582, 0.3333333333333333, 0.42424242424242425, 0.07743415261945163, 0.049006058973966704, 0.0, 0.0, 0.4561162426868315, 0.4561127268105574, 0.37123206286311833, 0.6251576942371314, 0.08203530950205667, 0.08203530950205667, 0.9405861012637615, 0.0, 0.0, 0.0, 0.5057604908943176, 0.458786491304636, 0.4632693938910961, 0.7365574240684509, 0.7365574240684509, 0.0, 0.5, 0.0, 0.6976744186046512, 0.8055263161659241, 0.0]
[0.7789224201724643, 0.7936609254943, 0.3333333333333333, 0.42424242424242425, 0.028062764396015405, -0.00036532924946952594, 0.0, 0.0, 0.4552066421873483, 0.45520310351771104, 0.3429956331307756, 0.6540081714758175, 0.07553857352052416, 0.07553857352052416, 0.9397728070616722, 0.0, 0.0, 0.0, 0.5051970392465591, 0.4609917253255844, 0.46479518339037895, 0.7361698150634766, 0.7361698150634766, 0.0, 0.5, 0.0637565404176712, 0.7380481302564921, 0.8149290680885315, 0.0]
[0.7811103009042286, 0.7957029475106133, 0.3333333333333333, 0.42424242424242425, 0.023978720363388772, -0.0044493732820961585, 0.0, 0.0, 0.44574409142051097, 0.4457404387840577, 0.35525629716439183, 0.6411563159808096, 0.06929333188704083, 0.06929333188704083, 0.9390732832252979, 0.0, 0.0, 0.0, 0.5129192203283309, 0.46298518776893616, 0.4662981554865837, 0.7442105412483215, 0.7442105412483215, 0.0, 0.5, 0.06316865980625153, 0.7517738978183547, 0.8346288800239563, 0.0]
[0.7759616304011572, 0.7908975217077467, 0.3333333333333333, 0.42424242424242425, 0.033589571969122045, 0.005161478323637114, 0.0, 0.0, 0.4242752334583786, 0.4242713699833157, 0.38132061055695804, 0.6146303401115925, 0.06683232262730598, 0.06683232262730598, 0.9378644358366728, 0.0, 0.0, 0.0, 0.5233026146888733, 0.4647929295897484, 0.46751729398965836, 0.7585281729698181, 0.7585281729698181, 0.0, 0.5, 0.06306041777133942, 0.7506829495866632, 0.8405670523643494, 0.0]
[0.7653539017552421, 0.7809969749715593, 0.3333333333333333, 0.42424242424242425, 0.05339066544149684, 0.024962571796011912, 0.0, 0.0, 0.4113611520818269, 0.41135713475156244, 0.3936899875363702, 0.6023197158750061, 0.06281983639512743, 0.06281983639512743, 0.9344586879014969, 0.0, 0.0, 0.0, 0.5232462048530578, 0.45780353248119354, 0.45993533730506897, 0.7591280937194824, 0.7591280937194824, 0.0, 0.5, 0.06102922186255455, 0.7420214014344437, 0.8424789309501648, 0.0]
[0.7202599722714651, 0.7389093074533675, 0.3333333333333333, 0.42424242424242425, 0.13756600047788053, 0.1091379068323956, 0.0, 0.0, 0.4059901410717353, 0.40599460857092307, 0.4274675066566832, 0.5690739744657262, 0.0589291165981974, 0.0589291165981974, 0.9324703253805637, 0.0, 0.0, 0.0, 0.47361220419406885, 0.45488862320780754, 0.45722436159849167, 0.6859790682792664, 0.6859790682792664, 0.0, 0.5, 0.0, 0.6976744186046512, 0.8106346130371094, 0.022506800014525652]
[0.693920360434623, 0.7143256697389815, 0.3333333333333333, 0.42424242424242425, 0.1867332759066525, 0.15830518226116758, 0.0, 0.0, 0.3679949836110977, 0.3679990066397031, 0.44385523390359677, 0.5529104925997577, 0.05913390112774713, 0.05913390112774713, 0.932228360325098, 0.0, 0.0, 0.0, 0.4262991428375244, 0.4439910687506199, 0.44896047934889793, 0.5961001515388489, 0.5961001515388489, 0.0, 0.5, 0.0, 0.6976744186046512, 0.6251412034034729, 0.15709355473518372]
[0.6699893616494679, 0.6919900708728366, 0.3333333333333333, 0.42424242424242425, 0.23140447363894212, 0.2029763799934572, 0.0, 0.0, 0.3363874268577386, 0.3363910623991695, 0.4517572598521158, 0.5454971884114742, 0.060957340257508416, 0.060957340257508416, 0.9201928228139877, 0.0, 0.0, 0.0, 0.37775470316410065, 0.4260357990860939, 0.43229392915964127, 0.5158671140670776, 0.5158671140670776, 0.0, 0.5, 0.0, 0.6976744186046512, 0.5581067800521851, 0.2811868116259575]
[0.6722106103386197, 0.694063236316045, 0.3333333333333333, 0.42424242424242425, 0.2272581427525252, 0.19883004910704027, 0.0, 0.0, 0.31790326293522264, 0.31790663635297667, 0.4564045587871544, 0.5414780296918716, 0.06045236917478698, 0.06045236917478698, 0.908642016351223, 0.0, 0.0, 0.0, 0.37665932178497313, 0.4239724576473236, 0.4302900955080986, 0.5163633227348328, 0.5163633227348328, 0.0, 0.5, 0.0, 0.6976744186046512, 0.6410051584243774, 0.2688196860253811]
[0.6757521817371959, 0.6973687029547162, 0.3333333333333333, 0.42424242424242425, 0.22064720947518313, 0.1922191158296982, 0.0, 0.0, 0.3025849490047185, 0.3025880716954773, 0.47773747570656, 0.5202736516704929, 0.0595949829689094, 0.0595949829689094, 0.8988666534423828, 0.0, 0.0, 0.0, 0.38271244764328, 0.42287444323301315, 0.42899657040834427, 0.5293411612510681, 0.5293411612510681, 0.0, 0.5, 0.0, 0.6976744186046512, 0.6586536169052124, 0.22614678367972374]
[0.6787528942028681, 0.7001693679226769, 0.3333333333333333, 0.42424242424242425, 0.21504587953926158, 0.18661778589377664, 0.0, 0.0, 0.2963041693940901, 0.29630726929148565, 0.5044244054854486, 0.4935996898906814, 0.05699279851147107, 0.05699279851147107, 0.8965064212679863, 0.0, 0.0, 0.0, 0.39909061789512634, 0.4204109162092209, 0.4270486757159233, 0.558707594871521, 0.558707594871521, 0.09938528388738632, 0.4602458864450455, 0.0, 0.6976744186046512, 0.6676400303840637, 0.18030453473329544]
[0.5956864465205443, 0.6226406834191747, 0.3333333333333333, 0.42424242424242425, 0.3701032485462662, 0.34167515490078126, 0.33544468879699707, 0.33537161350250244, 0.266925644008425, 0.2669283108319197, 0.519300948422452, 0.4802657433672521, 0.055919561002935686, 0.055919561002935686, 0.8987646885216236, 0.0, 0.0, 0.0, 0.36374457776546476, 0.40441952645778656, 0.4129188731312752, 0.5110041499137878, 0.5110041499137878, 0.10061357170343399, 0.4597545713186264, 0.0, 0.6976744186046512, 0.5978180766105652, 0.19039545208215714]
[0.4642857142857143, 0.5, 0.3333333333333333, 0.42424242424242425, 0.6153846153846154, 0.5869565217391305, 0.258645623922348, 0.2585407495498657, 0.27718997411928487, 0.2771928460830484, 0.5247234111762183, 0.4746469855941682, 0.06667318088667734, 0.06667318088667734, 0.8960968926548958, 0.0, 0.0, 0.0, 0.3276742950081825, 0.39438170194625854, 0.402964748442173, 0.4554675817489624, 0.4554675817489624, 0.10351260751485825, 0.4585949569940567, 0.0, 0.6976744186046512, 0.47438427805900574, 0.2336784452199936]
[0.4642857142857143, 0.5, 0.3333333333333333, 0.42424242424242425, 0.6153846153846154, 0.5869565217391305, 0.10915618389844894, 0.10905097424983978, 0.31790320595181465, 0.3179065565762055, 0.523470851761889, 0.4746737051141827, 0.06880654022097588, 0.06880654022097588, 0.8858934305608273, 0.0, 0.0, 0.0, 0.371816086769104, 0.3808939456939697, 0.3863353133201599, 0.5170830488204956, 0.5170830488204956, 0.10172505676746368, 0.45930997729301454, 0.0, 0.6976744186046512, 0.4162053167819977, 0.2488909475505352]
[0.4642857142857143, 0.5, 0.3333333333333333, 0.42424242424242425, 0.6153846153846154, 0.5869565217391305, 0.09630087018013, 0.09620093554258347, 0.32243558644792547, 0.3224390054524059, 0.5134142233240445, 0.48453329347465, 0.06965036370924542, 0.06965036370924542, 0.8608416989445686, 0.0, 0.0, 0.0, 0.4015298217535019, 0.35225503146648407, 0.3561609834432602, 0.566516637802124, 0.566516637802124, 0.09936673939228058, 0.46025330424308775, 0.0, 0.6976744186046512, 0.249140202999115, 0.24560462683439255]
[0.4642857142857143, 0.5, 0.3333333333333333, 0.42424242424242425, 0.6153846153846154, 0.5869565217391305, 0.08828086405992508, 0.0881144106388092, 0.3354295699591846, 0.3354331599138891, 0.4897725887268953, 0.507942308266755, 0.07081033129777227, 0.07081033129777227, 0.8423089534044266, 0.0, 0.0, 0.0, 0.3987642377614975, 0.3450080454349518, 0.3501382917165756, 0.5664017200469971, 0.5664017200469971, 0.09750096499919891, 0.4609996140003204, 0.0, 0.6976744186046512, 0.17527906596660614, 0.212330874055624]
[0.4642857142857143, 0.5, 0.3333333333333333, 0.42424242424242425, 0.6153846153846154, 0.5869565217391305, 0.08086031675338745, 0.08062391728162766, 0.3544295248976173, 0.3544333199925906, 0.47136358663183325, 0.526428970911712, 0.07321446867925781, 0.07321446867925781, 0.8461685925722122, 0.0, 0.0, 0.0, 0.3578856527805328, 0.3732947111129761, 0.3796814903616905, 0.5078558325767517, 0.5078558325767517, 0.09594745934009552, 0.4616210162639618, 0.0, 0.6976744186046512, 0.15207365155220032, 0.19316142424941063]
[0.4642857142857143, 0.5, 0.3333333333333333, 0.42424242424242425, 0.6153846153846154, 0.5869565217391305, 0.07701459527015686, 0.07674495875835419, 0.37507526322942847, 0.3750792748613522, 0.4640284230786573, 0.533507600860381, 0.07374227579150881, 0.07374227579150881, 0.8770646378397942, 0.0, 0.0, 0.0, 0.3169512942433357, 0.39279527217149734, 0.3988080397248268, 0.4529024064540863, 0.4529024064540863, 0.09184355288743973, 0.4632625788450241, 0.0, 0.6976744186046512, 0.11587126553058624, 0.1497368048876524]
[0.4642857142857143, 0.5, 0.3333333333333333, 0.42424242424242425, 0.6153846153846154, 0.5869565217391305, 0.04912503808736801, 0.04880281910300255, 0.39315509568208945, 0.3931593238509636, 0.45912101483025924, 0.5381933578974836, 0.061268660106829236, 0.061268660106829236, 0.9317233301699162, 0.0, 0.0, 0.0, 0.1348957099020481, 0.4643624797463417, 0.46468614414334297, 0.19462494552135468, 0.19462494552135468, 0.07439699023962021, 0.4702412039041519, 0.07565520703792572, 0.6092597752116448, 0.050719790160655975, 0.09695920161902905]
[0.4642857142857143, 0.5, 0.3333333333333333, 0.42424242424242425, 0.6153846153846154, 0.5869565217391305, 0.08827826380729675, 0.08779522031545639, 0.37819148067306607, 0.37819557208176097, 0.46323441627148687, 0.5340043166804673, 0.0541018189064094, 0.0541018189064094, 0.9385961331427097, 0.0, 0.0, 0.0, 0.10027922168374061, 0.47312701493501663, 0.473746320232749, 0.14690202474594116, 0.14690202474594116, 0.07223344594240189, 0.47110662162303923, 0.0720754861831665, 0.5563009409017341, 0.03483390808105469, 0.07457107771188021]
[0.4642857142857143, 0.5, 0.3333333333333333, 0.42424242424242425, 0.6153846153846154, 0.5869565217391305, 0.08700720965862274, 0.08638081699609756, 0.385028600692749, 0.38503278327489676, 0.46248563149691085, 0.5344918353785014, 0.05071275468383517, 0.05071275468383517, 0.9391374830156565, 0.0, 0.0, 0.0, 0.0714778907597065, 0.4784824252128601, 0.4791646022349596, 0.1061740443110466, -0.0, 0.07527518272399902, 0.4698899269104004, 0.07368306815624237, 0.5520833023758822, 0.03122580610215664, 0.0602765753865242]
[0.4642857142857143, 0.5, 0.3333333333333333, 0.42424242424242425, 0.6153846153846154, 0.5869565217391305, 0.049796927720308304, 0.048848286271095276, 0.4140774428730485, 0.4140820015456891, 0.46254780609338736, 0.5338034273738792, 0.0457470358482429, 0.0457470358482429, 0.9439357277005911, 0.0, 0.0, 0.0, 0.054292464256286616, 0.4833441339433193, 0.4840806182473898, 0.0, -0.0, 0.0712355226278305, 0.4715057909488678, 0.06859344244003296, 0.5776329546473747, 0.02718549780547619, 0.04235612228512764]
[0.4642857142857143, 0.5, 0.3333333333333333, 0.42424242424242425, 0.6153846153846154, 0.5869565217391305, 0.02040557563304901, 0.02026182785630226, 0.4440149697929222, 0.44401988176269236, 0.4543401524851928, 0.541743525361873, 0.04665423184633255, 0.04665423184633255, 0.9454278014600277, 0.0, 0.0, 0.0, 0.05424444861710071, 0.48439554776996374, 0.4851375939324498, 0.0, -0.0, 0.07326091080904007, 0.47069563567638395, 0.06958127021789551, 0.5669824848341387, 0.02609851397573948, 0.03440558910369873]
[0.4642857142857143, 0.5, 0.3333333333333333, 0.42424242424242425, 0.6153846153846154, 0.5869565217391305, 0.010122586041688919, 0.010154740884900093, 0.4579147672562025, 0.4579198302320039, 0.4551016702022881, 0.5407515881115752, 0.0484287046960422, 0.0484287046960422, 0.9450893010944128, 0.0, 0.0, 0.0, 0.05714245960116386, 0.48471395019441843, 0.48543498292565346, 0.0, -0.0, 0.07649556547403336, 0.46940177381038667, 0.07247548550367355, 0.5649880337160688, 0.02631937339901924, 0.031856619752943516]
[0.4642857142857143, 0.5, 0.3333333333333333, 0.42424242424242425, 0.6153846153846154, 0.5869565217391305, 0.0, 0.0, 0.47209505129954554, 0.47210253037184646, 0.45240283912727985, 0.5431909780036829, 0.05203466596347946, 0.05203466596347946, 0.9440429117530584, 0.0, 0.0, 0.0, 0.06276691034436226, 0.48499884363263845, 0.4856726098805666, 0.0, -0.0, 0.08256293833255768, 0.46697482466697693, 0.07845510542392731, 0.5669541553009388, 0.027818677946925163, 0.03232476767152548]
[0.4642857142857143, 0.5, 0.3333333333333333, 0.42424242424242425, 0.6153846153846154, 0.5869565217391305, 0.0, 0.0, 0.4806090861729864, 0.4806166678154218, 0.45065831773367715, 0.5447787230837136, 0.05138748192361423, 0.05138748192361423, 0.945451982319355, 0.0, 0.0, 0.0, 0.04739083871245384, 0.48771872092038393, 0.48807678557932377, 0.0, -0.0, 0.08594643324613571, 0.4656214267015457, 0.08192998170852661, 0.5767302145791608, 0.02799602784216404, 0.027189773973077536]
[0.4642857142857143, 0.5, 0.3333333333333333, 0.42424242424242425, 0.6153846153846154, 0.5869565217391305, 0.0, 0.0, 0.47899470776034586, 0.4790022637602476, 0.4548306998513625, 0.540664927744678, 0.05042698234319687, 0.05042698234319687, 0.9465131089091301, 0.0, 0.0, 0.0, 0.04039976503700018, 0.48953387700021267, 0.4899315806105733, 0.0, -0.0, 0.09209233522415161, 0.46316306591033934, 0.08746572583913803, 0.5707921676857527, 0.027325283735990524, 0.01868856488727033]
[0.4642857142857143, 0.5, 0.3333333333333333, 0.42424242424242425, 0.6153846153846154, 0.5869565217391305, 0.0, 0.0, 0.5127491315053936, 0.5127569467798018, 0.4552550780841543, 0.5406282247315807, 0.050802829542330334, 0.050802829542330334, 0.9487643912434578, 0.0, 0.0, 0.0, 0.03862909022718668, 0.4904793119058013, 0.4909441666677594, 0.0, -0.0, 0.09356940537691116, 0.4625722378492355, 0.08808092027902603, 0.585242381622625, 0.026888249441981316, 0.014881127281114459]
[0.4642857142857143, 0.5, 0.3333333333333333, 0.42424242424242425, 0.6153846153846154, 0.5869565217391305, 0.0, 0.0, 0.5091952359015354, 0.5092029941925356, 0.44883764086444333, 0.5472690361983867, 0.05403926063861166, 0.05403926063861166, 0.9502325970679522, 0.0, 0.0, 0.0, 0.04113448671996593, 0.49135766457766294, 0.49198772944509983, 0.0, -0.0, 0.09927112609148026, 0.4602915495634079, 0.09254845231771469, 0.5907489359378815, 0.02804737538099289, 0.01073923660442233]
[0.4642857142857143, 0.5, 0.3333333333333333, 0.42424242424242425, 0.6153846153846154, 0.5869565217391305, 0.0, 0.0, 0.4910795466393859, 0.49108712400806565, 0.44045068041544344, 0.5558143705219649, 0.05196166357823781, 0.05196166357823781, 0.9534981865435839, 0.0, 0.0, 0.0, 0.03515782915055751, 0.49224115954712033, 0.4930629748851061, 0.0, -0.0, 0.0926448330283165, 0.4629420667886734, 0.08496331423521042, 0.5982200108295264, 0.026032067835330963, 0.0]
[0.4642857142857143, 0.5, 0.3333333333333333, 0.42424242424242425, 0.6153846153846154, 0.5869565217391305, 0.0, 0.0, 0.4811894151722268, 0.4811969084903797, 0.44035965511949293, 0.5558680034168769, 0.050280062215668817, 0.050280062215668817, 0.9545083995908499, 0.0, 0.0, 0.0, 0.0334075178951025, 0.4925104337744415, 0.49336682818830013, 0.0, -0.0, 0.08744653314352036, 0.46502138674259186, 0.0803365558385849, 0.5933453766412513, 0.024658994749188423, 0.0]
[0.4642857142857143, 0.5, 0.3333333333333333, 0.42424242424242425, 0.6153846153846154, 0.5869565217391305, 0.0, 0.0, 0.45859031125646704, 0.45859758233932874, 0.44057071596441033, 0.5557360177906062, 0.04560590322528567, 0.04560590322528567, 0.9573525730520487, 0.0, 0.0, 0.0, 0.02849644739180803, 0.49310728115960956, 0.4939880105666816, 0.0, -0.0, 0.08082786947488785, 0.46766885221004484, 0.07338467985391617, 0.5959698557853699, 0.02245612069964409, 0.0]
[0.4642857142857143, 0.5, 0.3333333333333333, 0.42424242424242425, 0.6153846153846154, 0.5869565217391305, 0.08729282021522522, 0.08553927391767502, 0.40798817879839105, 0.40799480027040147, 0.44712951762270514, 0.5501982234125561, 0.045710897871426175, 0.045710897871426175, 0.95068190805614, 0.0, 0.0, 0.0, 0.0364781953394413, 0.4923408003523946, 0.49312759609892964, 0.0, -0.0, 0.08706361800432205, 0.4651745527982712, 0.0788794755935669, 0.5884606893672499, 0.022210629656910896, 0.0]
[0.4642857142857143, 0.5, 0.3333333333333333, 0.42424242424242425, 0.6153846153846154, 0.5869565217391305, 0.0, 0.0, 0.44342497498309863, 0.4434320409256915, 0.4453304488617877, 0.5515217307313172, 0.04196980169841222, 0.04196980169841222, 0.9536165483295918, 0.0, 0.0, 0.0, 0.028044847957789897, 0.49276710022240877, 0.4934261841699481, 0.0, -0.0, 0.0760270431637764, 0.46958918273448946, 0.07048755884170532, 0.5789508549279945, 0.020112844184041023, 0.0]
[0.4642857142857143, 0.5, 0.3333333333333333, 0.42424242424242425, 0.6153846153846154, 0.5869565217391305, 0.0, 0.0, 0.4393338683002538, 0.4393460912412713, 0.44480905637686385, 0.5517466602693046, 0.035368990419166434, 0.035368990419166434, 0.9611681923270226, 0.0, 0.0, 0.0, 0.02071047471836209, 0.49386095255613327, 0.4943805164657533, 0.0, -0.0, 0.06291130930185318, 0.4748354762792587, 0.05797123163938522, 0.5883501885935318, 0.016996143385767937, 0.0]
[0.4642857142857143, 0.5, 0.3333333333333333, 0.42424242424242425, 0.6153846153846154, 0.5869565217391305, 0.0, 0.0, 0.4345578666398904, 0.43457008388256707, 0.4470167645532816, 0.5494430814265243, 0.03067751415073872, 0.03067751415073872, 0.9644870888441801, 0.0, 0.0, 0.0, 0.018234195839613675, 0.49472184386104345, 0.49515022337436676, 0.0, -0.0, 0.05632329732179642, 0.47747068107128143, 0.05133238807320595, 0.5913868442524312, 0.014901276677846909, 0.0]
[0.4642857142857143, 0.5, 0.3333333333333333, 0.42424242424242425, 0.6153846153846154, 0.5869565217391305, 0.0, 0.0, 0.4240350939803552, 0.42404717446285267, 0.4534090094083126, 0.543242603546752, 0.02727683766611985, 0.02727683766611985, 0.9660304374992847, 0.0, 0.0, 0.0, 0.016204663459211587, 0.49536707578226924, 0.4957046499475837, 0.0, -0.0, 0.05179157108068466, 0.47928337156772616, 0.04676122963428497, 0.5885518013044846, 0.012903563678264618, 0.0]
[0.4642857142857143, 0.5, 0.3333333333333333, 0.42424242424242425, 0.6153846153846154, 0.5869565217391305, 0.0, 0.0, 0.41283129551670517, 0.41284322784234184, 0.4505927754177874, 0.5463946692523669, 0.02424149907061032, 0.02424149907061032, 0.9675974752753973, 0.0, 0.0, 0.0, 0.0146215190179646, 0.4956999458372593, 0.4959342307411134, 0.0, -0.0, 0.046682488173246384, 0.48132700473070145, 0.04229048639535904, 0.5916098834470261, 0.011630414985120296, 0.0]
[0.4642857142857143, 0.5, 0.3333333333333333, 0.42424242424242425, 0.6153846153846154, 0.5869565217391305, 0.0, 0.0, 0.40405999907572, 0.4040718402279039, 0.4507780341755592, 0.546380507450892, 0.02210366672703198, 0.02210366672703198, 0.9687260435894132, 0.0, 0.0, 0.0, 0.013503162469714879, 0.4958382472395897, 0.49600143544375896, 0.0, -0.0, 0.04215637966990471, 0.4831374481320381, 0.038355112075805664, 0.594011583300524, 0.010613427497446537, 0.0]
[0.4642857142857143, 0.5, 0.3333333333333333, 0.42424242424242425, 0.6153846153846154, 0.5869565217391305, 0.0, 0.0, 0.40185307727033276, 0.4018648728357902, 0.45581521358818217, 0.5414072876400012, 0.020535066723823547, 0.020535066723823547, 0.9688727566972375, 0.0, 0.0, 0.0, 0.012505043856799602, 0.4960041050799191, 0.4961004042997956, 0.0, -0.0, 0.03860357403755188, 0.48455857038497924, 0.03532114624977112, 0.6045789670112521, 0.009863520041108131, 0.0]
[0.4642857142857143, 0.5, 0.3333333333333333, 0.42424242424242425, 0.6153846153846154, 0.5869565217391305, 0.0, 0.0, 0.39595828047218107, 0.3959700190542305, 0.4574679404098263, 0.5396903690092372, 0.019296498170920783, 0.019296498170920783, 0.9697105353698134, 0.0, 0.0, 0.0, 0.011391893913969397, 0.4960982231423259, 0.496171647682786, 0.0, -0.0, 0.03457741066813469, 0.4861690357327461, 0.031670667231082916, 0.6191522402818813, 0.009290874004364014, 0.0]
[0.4642857142857143, 0.5, 0.3333333333333333, 0.42424242424242425, 0.6153846153846154, 0.5869565217391305, 0.0, 0.0, 0.39638406049680985, 0.3963958104755409, 0.4554842909936923, 0.5417350234373983, 0.019246778850044523, 0.019246778850044523, 0.9682847391813993, 0.0, 0.0, 0.0, 0.01139444587752223, 0.4960198560729623, 0.4960989726241678, 0.0, -0.0, 0.033692941069602966, 0.4865228235721588, 0.030835149809718132, 0.601934703976609, 0.009150443598628044, 0.0]
[0.4642857142857143, 0.5, 0.3333333333333333, 0.42424242424242425, 0.6153846153846154, 0.5869565217391305, 0.0, 0.0, 0.39755446550723017, 0.3975662268826428, 0.45679101741108796, 0.5403793895854955, 0.01848373961235796, 0.01848373961235796, 0.9687711885198951, 0.0, 0.0, 0.0, 0.010886980639770626, 0.49605052499100566, 0.49609974562190473, 0.0, -0.0, 0.03206039220094681, 0.48717584311962125, 0.0294211283326149, 0.6058023766029713, 0.008741113357245922, 0.0]
[0.4642857142857143, 0.5, 0.3333333333333333, 0.42424242424242425, 0.6153846153846154, 0.5869565217391305, 0.0, 0.0, 0.3988691411100428, 0.39888090248545544, 0.4568569614600041, 0.5403194829286576, 0.018179847725800106, 0.018179847725800106, 0.9690737994387746, 0.0, 0.0, 0.0, 0.010661464184522629, 0.49612979171797633, 0.49616728187538683, 0.0, -0.0, 0.03152644261717796, 0.4873894229531288, 0.02897009253501892, 0.6058661570382673, 0.008563149720430374, 0.0]
[0.4642857142857143, 0.5, 0.3333333333333333, 0.42424242424242425, 0.6153846153846154, 0.5869565217391305, 0.0, 0.0, 0.39726574197554, 0.39727750335095263, 0.4578014415035284, 0.5393821500290825, 0.017341742558138713, 0.017341742558138713, 0.9705392504110932, 0.0, 0.0, 0.0, 0.009947886085137725, 0.49625001032836735, 0.4962537989486009, 0.0, -0.0, 0.028661562129855156, 0.48853537514805795, 0.026446372270584106, 0.6115626907625864, 0.008100012317299843, 0.0]

程序已被终止，正在关闭套接字...
套接字已关闭。
